-16066	-1854	5064	736	795	-438	-35	235	9	1	1	1	73908775	
-16192	-1876	5270	723	844	-495	-35	229	3	2	6	2	73908775	
-16351	-1789	5263	449	843	-567	-36	229	5	3	11	3	73908782	
-16328	-1562	5355	129	869	-619	-40	230	12	4	16	4	73908812	
-16302	-1294	5449	-189	985	-669	-39	231	11	5	21	5	73908812	
-16206	-1026	5479	-451	1057	-705	-35	235	9	6	26	6	73908812	
-16023	-715	5541	-619	924	-709	-35	235	10	7	31	7	73908812	
-16104	-439	5419	-598	495	-700	-35	235	13	8	36	8	73908812	
-16353	-296	5057	-469	-43	-678	-35	235	13	9	41	9	73908812	
-16671	-219	4642	-368	-361	-669	-34	236	12	10	46	10	73908814	
-16910	-209	4252	-302	-297	-694	-34	236	12	11	51	11	73908834	
-17052	-189	3808	-279	75	-731	-32	236	14	12	56	12	73908892	
-16992	-348	3375	-308	614	-781	-31	235	12	13	61	13	73908892	
-16773	-466	3083	-384	1140	-838	-28	230	6	14	66	14	73908892	
-16716	-570	2868	-443	1530	-889	-29	230	6	15	71	15	73908892	
-16526	-782	2648	-441	1757	-903	-33	231	7	16	76	16	73908892	
-16349	-892	2591	-345	1847	-909	-33	231	8	17	81	17	73908892	
-16290	-1080	2649	-107	1847	-926	-32	232	10	18	86	18	73908902	
-16385	-1236	2578	283	1793	-960	-32	233	10	19	91	19	73908940	
-16556	-1328	2484	773	1709	-1006	-32	234	8	20	96	20	73908940	
-16819	-1373	2505	1153	1690	-1042	-33	233	7	21	101	21	73908940	
-17062	-1377	2486	1470	1762	-1078	-36	230	6	22	106	22	73908940	
-17246	-1370	2405	1751	1989	-1125	-36	231	6	23	111	23	73908940	
-17280	-1360	2421	1938	2341	-1180	-34	236	4	24	116	24	73908940	
-17165	-1381	2404	2020	2709	-1264	-34	236	4	25	121	25	73908940	
-16997	-1510	2568	1965	3024	-1347	-32	234	6	26	126	26	73908940	
-16716	-1689	2868	1756	3162	-1454	-33	234	6	27	131	27	73908940	
-16515	-1837	3181	1499	3006	-1607	-37	233	7	28	136	28	73908941	
-16529	-1969	3220	1337	2636	-1721	-36	232	7	29	141	29	73908941	
-16624	-2187	3170	1262	2117	-1769	-35	231	7	30	146	30	73908941	
-16928	-2452	3107	1215	1573	-1762	-35	233	9	31	151	31	73908944	
-17263	-2690	2861	1096	1169	-1758	-34	236	12	32	156	32	73908949	
-17430	-3003	2386	846	1018	-1779	-33	236	11	33	161	33	73908949	
-17530	-3507	1819	314	1155	-1829	-29	235	7	34	166	34	73908955	
-17400	-3950	1336	-566	1387	-1928	-29	234	7	35	171	35	73908979	
-17212	-4421	840	-1666	1475	-2004	-29	229	5	36	176	36	73908979	
-17302	-4818	369	-2585	1571	-2010	-33	232	3	37	181	37	73908979	
-17548	-5231	-261	-3263	2091	-1972	-39	237	-1	38	186	38	73908980	
-17662	-5865	-934	-3581	3414	-1961	-37	235	-3	39	191	39	73908980	
-17360	-6750	-1330	-3603	5379	-2008	-33	231	-5	40	196	40	73908980	
-16623	-7584	-1363	-3525	7359	-2107	-31	232	-1	41	201	41	73908984	
-15910	-8208	-1154	-3489	8751	-2226	-29	233	5	42	206	42	73909000	
-15540	-8556	-635	-3567	9331	-2296	-31	236	3	43	211	43	73909017	
-15389	-8575	89	-3792	9320	-2280	-35	241	-1	44	216	44	73909017	
-15614	-8101	492	-4278	8999	-2169	-34	238	-1	45	221	45	73909017	
-15904	-7508	465	-4853	8945	-2107	-33	233	-1	46	226	46	73909017	
-16166	-6901	157	-5536	9269	-2090	-32	234	-2	47	231	47	73909017	
-16401	-6180	-678	-6388	9940	-2114	-30	236	-4	48	236	48	73909017	
-16652	-5560	-1927	-7542	10864	-2140	-27	240	-4	49	241	49	73909017	
-16906	-5003	-3272	-9077	11982	-2129	-22	246	-4	50	246	50	73909018	
-16905	-4427	-4566	-10913	13251	-2087	-24	244	-5	51	251	51	73909021	
-16723	-4015	-5744	-12929	14834	-2085	-26	242	-6	52	256	52	73909047	
-16512	-3832	-6594	-14681	16571	-2185	-28	240	-7	53	261	53	73909068	
-16296	-3729	-7111	-15753	18170	-2336	-29	239	-7	54	266	54	73909068	
-16052	-3505	-7351	-16362	19891	-2524	-27	242	-7	55	271	55	73909068	
-15634	-3014	-7329	-16247	21671	-2782	-24	246	-8	56	276	56	73909068	
-14925	-2306	-7049	-15166	22962	-3077	-22	247	-12	57	281	57	73909068	
-14024	-1548	-6220	-13194	23556	-3409	-19	249	-19	58	286	58	73909068	
-13013	-681	-5071	-10482	23237	-3763	-18	251	-21	59	291	59	73909080	
-12294	709	-4153	-7238	21933	-3945	-17	255	-23	60	296	60	73909102	
-12012	2534	-3594	-4487	20285	-3843	-16	254	-21	61	301	61	73909106	
-11960	4040	-2548	-2612	18967	-3578	-15	253	-19	62	306	62	73909106	
-12219	5485	-1635	-1376	17740	-3178	-16	253	-25	63	311	63	73909106	
-12412	7067	-716	-1011	17169	-2659	-17	253	-29	64	316	64	73909106	
-12162	8152	140	-1282	17581	-2203	-16	256	-33	65	321	65	73909106	
-11577	8849	828	-1971	18513	-1834	-15	259	-37	66	326	66	73909106	
-10749	9324	1587	-3289	19448	-1559	-13	260	-36	67	331	67	73909122	
-10001	9468	2916	-5041	19911	-1445	-10	262	-34	68	336	68	73909145	
-9249	9667	6309	-7083	20504	-1523	-11	261	-35	69	341	69	73909145	
-7994	9818	11500	-8416	21561	-1723	-11	259	-35	70	346	70	73909145	
-6972	8955	15029	-7551	22507	-1794	-11	255	-41	71	351	71	73909145	
-6461	6704	14580	-4030	23183	-1822	-11	253	-45	72	356	72	73909145	
-6539	3675	10155	710	23153	-1925	-13	255	-49	73	361	73	73909145	
-7305	1419	4924	4708	22075	-2035	-14	256	-52	74	366	74	73909145	
-8745	562	1332	7745	20234	-2064	-13	257	-55	75	371	75	73909145	
-10050	658	479	10046	18167	-1987	-13	257	-57	76	376	76	73909145	
-11195	683	2616	12588	15461	-1924	-14	261	-59	77	381	77	73909150	
-12223	-749	7407	16080	12123	-2007	-14	264	-60	78	386	78	73909171	
-13946	-3501	9335	19791	8773	-2205	-11	268	-65	79	391	79	73909183	
-16873	-6684	6818	23092	5503	-2343	-9	271	-69	80	396	80	73909183	
-20496	-8496	3478	26017	3305	-2575	-12	270	-67	81	401	81	73909183	
-23861	-8432	1508	28034	2541	-2961	-14	270	-66	82	406	82	73909183	
-26331	-7613	570	27004	3155	-3258	-12	266	-69	83	411	83	73909184	
-27646	-7708	681	22571	4713	-3123	-11	263	-71	84	416	84	73909184	
-28788	-9284	1988	17902	6150	-2647	-10	265	-70	85	421	85	73909188	
-29093	-11522	3634	14891	6380	-1782	-10	266	-70	86	426	86	73909220	
-27791	-11675	3101	12229	5919	-1260	-9	269	-75	87	431	87	73909229	
-26104	-9824	2001	7464	5646	-1049	-9	271	-77	88	436	88	73909229	
-24931	-7847	2785	1985	5112	-778	-12	268	-80	89	441	89	73909229	
-25131	-7017	5396	-920	3404	-177	-14	266	-82	90	446	90	73909229	
-26737	-6749	6426	-1575	552	680	-11	265	-79	91	451	91	73909230	
-29198	-6365	5085	-2351	-2229	1656	-9	265	-77	92	456	92	73909230	
-31770	-6002	3402	-3684	-4035	2625	-10	264	-78	93	461	93	73909259	
-32768	-5699	2380	-4706	-5055	3607	-10	264	-78	94	466	94	73909280	
-32768	-5676	2249	-5057	-5813	4306	-12	262	-78	95	471	95	73909281	
-32768	-5730	2339	-5096	-6785	4711	-12	262	-78	96	476	96	73909282	
-32768	-6070	2744	-4973	-7420	4830	-14	268	-75	97	481	97	73909282	
-32768	-5816	3534	-5000	-7417	4729	-14	270	-74	98	486	98	73909283	
-32768	-5165	3955	-4964	-7519	4692	-14	267	-69	99	491	99	73909284	
-32768	-4074	4353	-4410	-8276	4838	-14	266	-66	100	496	100	73909284	
-32768	-3079	5071	-2994	-9780	5144	-12	264	-67	101	501	101	73909285	
-32768	-2762	5967	-983	-12016	5630	-11	263	-67	102	506	102	73909285	
-32768	-3150	6698	-62	-14296	6161	-13	261	-67	103	511	103	73909303	
-32768	-3800	7129	-327	-16536	6632	-13	261	-67	104	516	104	73909308	
-32768	-4124	7674	-1504	-18489	7106	-15	261	-57	105	521	105	73909308	
-32768	-3989	8362	-3030	-20267	7566	-15	261	-55	106	526	106	73909308	
-32768	-3821	8838	-4158	-21844	7904	-21	263	-53	107	531	107	73909308	
-32768	-3104	8887	-4506	-23208	7964	-23	263	-53	108	536	108	73909308	
-32768	-1890	8401	-3961	-24155	7869	-21	257	-51	109	541	109	73909308	
-32504	-891	7291	-2812	-24590	7685	-20	256	-50	110	546	110	73909308	
-30518	-713	5460	-620	-24427	7374	-22	253	-43	111	551	111	73909336	
-27383	-533	3148	1668	-23720	7033	-22	252	-40	112	556	112	73909346	
-24364	-166	783	3075	-22806	6740	-23	253	-39	113	561	113	73909346	
-21558	155	-1446	3923	-21912	6535	-23	253	-39	114	566	114	73909346	
-18910	485	-3119	4609	-21274	6360	-19	254	-32	115	571	115	73909346	
-16748	971	-4292	5225	-20869	6068	-18	254	-30	116	576	116	73909346	
-14652	1230	-4639	6175	-20486	5682	-27	250	-29	117	581	117	73909346	
-12548	762	-4205	7502	-20198	5176	-29	249	-29	118	586	118	73909353	
-10130	-648	-2690	9075	-19890	4376	-27	245	-29	119	591	119	73909383	
-8500	-2018	-1234	9731	-19824	3690	-27	245	-29	120	596	120	73909383	
-7142	-3338	-506	9510	-19911	3233	-25	243	-24	121	601	121	73909384	
-5755	-4570	-566	8369	-19879	2787	-25	243	-23	122	606	122	73909384	
-4526	-5530	-1359	6085	-19348	2744	-26	241	-14	123	611	123	73909385	
-3896	-5398	-2893	2793	-18281	2815	-26	240	-12	124	616	124	73909385	
-3646	-4922	-4932	-1221	-16584	2789	-29	238	-10	125	621	125	73909385	
-3838	-3776	-7289	-5613	-14071	2681	-30	238	-10	126	626	126	73909415	
-4010	-3246	-9276	-10318	-9623	2880	-28	236	-8	127	631	127	73909423	
-2958	-3442	-10130	-13464	-5650	3190	-28	236	-8	128	636	128	73909423	
-1898	-4370	-10868	-15103	-2556	3279	-33	233	-15	129	641	129	73909424	
-1466	-4922	-12410	-14863	-659	2853	-33	233	-15	130	646	130	73909424	
-2300	-4594	-14036	-12564	918	2111	-27	235	-13	131	651	131	73909425	
-2752	-4272	-14826	-9462	2480	1412	-27	235	-13	132	656	132	73909425	
-3146	-3678	-14470	-4604	4518	394	-22	237	-8	133	661	133	73909426	
-3126	-2856	-12844	1095	6139	-675	-21	237	-7	134	666	134	73909445	
-2814	-1078	-10576	6249	6808	-1527	-26	235	-9	135	671	135	73909457	
-1760	1392	-7308	11014	6233	-1938	-27	235	-9	136	676	136	73909459	
-1060	2698	-4426	13910	5006	-2178	-25	237	-13	137	681	137	73909459	
-702	2748	-1852	15834	3408	-2180	-25	237	-13	138	686	138	73909459	
-332	2206	-218	16252	1648	-1900	-25	235	-17	139	691	139	73909460	
-246	1982	710	14920	91	-1426	-25	235	-17	140	696	140	73909460	
-360	2600	1454	12536	-1226	-666	-22	238	-18	141	701	141	73909470	
-86	3528	2410	9632	-2470	370	-22	238	-18	142	706	142	73909497	
297	4455	3643	7200	-3485	1096	-26	237	-14	143	711	143	73909498	
606	5678	5044	4605	-4576	1427	-27	237	-13	144	716	144	73909498	
424	6210	5992	3577	-4348	979	-26	236	-10	145	721	145	73909498	
192	5814	6420	3564	-2913	198	-26	236	-10	146	726	146	73909499	
288	4456	6348	4507	-871	-820	-27	239	-19	147	731	147	73909499	
66	2542	5442	6135	1077	-2122	-27	239	-19	148	736	148	73909499	
-210	12	3756	7656	2515	-3124	-26	238	-14	149	741	149	73909500	
-272	-2364	1770	8091	3506	-3530	-26	238	-14	150	746	150	73909507	
68	-4210	-122	7618	4074	-3516	-29	243	-15	151	751	151	73909556	
620	-5410	-1668	6763	4279	-3428	-29	243	-15	152	756	152	73909556	
951	-6664	-2974	6220	3720	-3498	-31	245	-25	153	761	153	73909557	
1044	-7574	-3742	6322	2865	-3551	-31	245	-25	154	766	154	73909557	
724	-8454	-4386	6872	1314	-3567	-27	239	-17	155	771	155	73909557	
-158	-8782	-4660	7402	-500	-3501	-27	239	-17	156	776	156	73909558	
-1284	-8538	-5022	7538	-2157	-3337	-29	235	-23	157	781	157	73909558	
-2552	-8000	-4792	7010	-3056	-3097	-29	235	-23	158	786	158	73909565	
-4036	-7944	-4502	5989	-2670	-2850	-28	240	-22	159	791	159	73909604	
-4966	-6846	-4040	4048	-750	-2586	-28	240	-22	160	796	160	73909604	
-4900	-6182	-3464	81	3008	-2357	-24	240	-22	161	801	161	73909604	
-4365	-5389	-3389	-3758	6231	-2326	-24	241	-22	162	806	162	73909604	
-4133	-4248	-3657	-7548	8122	-2171	-25	245	-21	163	811	163	73909604	
-5316	-3373	-4448	-10436	7957	-1582	-26	245	-20	164	816	164	73909604	
-7774	-3168	-5376	-12473	6442	-605	-29	245	-17	165	821	165	73909604	
-13424	-4852	-6424	-14549	3809	1010	-29	245	-17	166	826	166	73909604	
-24280	-6978	-5538	-16979	1377	2405	-25	239	-23	167	831	167	73909604	
-32768	-15438	-2668	-20425	-1851	4958	-25	239	-23	168	836	168	73909604	
-32768	-14987	14634	-24123	-4981	11187	-25	249	-17	169	841	169	73909605	
-32768	-4600	26524	-22981	-2898	16121	-27	248	-17	170	846	170	73909621	
-32768	6516	26943	-20513	-126	17969	-36	246	-16	171	851	171	73909660	
-32768	12082	23100	-15892	1584	16663	-36	246	-16	172	856	172	73909661	
-32768	10133	16595	-7479	7466	7831	-34	246	-18	173	861	173	73909661	
-31234	5060	13018	854	18215	-3331	-34	247	-19	174	866	174	73909661	
-23869	475	14092	6284	27422	-5677	-35	249	-21	175	871	175	73909662	
-17734	-2822	15592	8791	28513	-5807	-35	249	-21	176	876	176	73909662	
-16706	-3096	17612	6606	20934	-5799	-33	247	-29	177	881	177	73909686	
-17410	2061	19353	1460	6669	-6050	-33	246	-29	178	886	178	73909689	
-17402	3874	19045	833	-4073	-6053	-31	241	-29	179	891	179	73909689	
-18271	3519	16294	3757	-10673	-5949	-31	241	-29	180	896	180	73909690	
-22450	1798	7794	8761	-12254	-6034	-33	243	-27	181	901	181	73909690	
-30371	-1342	-7618	12034	-9669	-6169	-32	244	-27	182	906	182	73909690	
-32768	-5933	-24391	8639	-4822	-5359	-30	246	-28	183	911	183	73909690	
-32768	-10349	-27834	-2060	-541	-2404	-31	247	-28	184	916	184	73909690	
-32768	-11099	-18049	-13326	379	715	-35	251	-27	185	921	185	73909690	
-29284	-5594	-2595	-15732	6417	-2004	-33	252	-26	186	926	186	73909694	
-20106	-3168	8994	-11521	13901	-4399	-29	253	-23	187	931	187	73909707	
-10768	-2076	11865	-6133	12798	-4991	-30	253	-25	188	936	188	73909731	
-9135	-752	10160	-5828	6226	-5039	-33	255	-31	189	941	189	73909731	
-10928	3883	8844	-10043	1064	-4364	-31	254	-29	190	946	190	73909731	
-12349	7590	8877	-12632	-597	-3353	-25	251	-23	191	951	191	73909732	
-12880	5513	9389	-10873	262	-2317	-25	251	-23	192	956	192	73909732	
-13282	3506	9575	-8504	1063	-1025	-25	251	-25	193	961	193	73909732	
-14150	3029	8639	-7079	528	480	-26	250	-25	194	966	194	73909733	
-14745	2438	7698	-5988	-1438	1874	-27	247	-25	195	971	195	73909733	
-15040	1316	8418	-5114	-3737	2595	-26	251	-25	196	976	196	73909744	
-15493	-341	9820	-4101	-6247	2962	-24	256	-24	197	981	197	73909762	
-16421	-2006	10685	-3153	-8829	3208	-25	254	-24	198	986	198	73909770	
-17518	-2337	11248	-2960	-11518	3689	-28	246	-22	199	991	199	73909771	
-17920	92	12128	-3137	-12710	4231	-27	246	-21	200	996	200	73909771	
-17613	3524	12926	-972	-12256	4512	-24	248	-18	201	1001	201	73909773	
-16661	4106	13381	4911	-11201	4325	-25	249	-18	202	1006	202	73909786	
-15012	2357	13389	13422	-10656	3087	-27	251	-19	203	1011	203	73909802	
-13875	-956	11595	20624	-10382	1647	-29	249	-18	204	1016	204	73909802	
-13526	-4074	8076	25309	-9792	497	-31	247	-17	205	1021	205	73909802	
-13284	-5818	4072	26030	-8969	-9	-31	244	-18	206	1026	206	73909802	
-12712	-7122	221	23151	-8282	17	-32	240	-20	207	1031	207	73909814	
-11830	-8101	-2276	17955	-8060	255	-32	240	-19	208	1036	208	73909832	
-11141	-8168	-3039	12694	-8565	499	-31	241	-17	209	1041	209	73909833	
-10976	-7323	-2952	8318	-9694	733	-33	242	-18	210	1046	210	73909833	
-11770	-5920	-2658	4591	-11236	891	-40	246	-20	211	1051	211	73909834	
-12660	-5272	-2299	2189	-12088	899	-37	244	-17	212	1056	212	73909834	
-13230	-5049	-1327	26	-12503	898	-32	242	-12	213	1061	213	73909835	
-13426	-4980	306	-2193	-12909	983	-32	242	-10	214	1066	214	73909835	
-13502	-4805	2309	-4729	-13521	1266	-32	242	-8	215	1071	215	73909849	
-13746	-4288	4198	-7725	-14204	1761	-34	243	-7	216	1076	216	73909869	
-14331	-3465	5778	-11398	-14608	2434	-36	244	-6	217	1081	217	73909870	
-15371	-2518	6859	-15489	-14444	3202	-33	243	-4	218	1086	218	73909870	
-16860	-1295	7117	-19534	-13364	4082	-29	241	-1	219	1091	219	73909870	
-17848	-260	6704	-21954	-11429	4751	-29	240	0	220	1096	220	73909871	
-18143	682	5774	-22645	-9167	5073	-29	239	1	221	1101	221	73909871	
-17832	1769	4234	-21832	-6816	5150	-29	237	4	222	1106	222	73909871	
-17224	2625	2369	-19507	-5299	4987	-28	234	8	223	1111	223	73909885	
-16773	3190	531	-15963	-4830	4609	-31	234	10	224	1116	224	73909907	
-16800	3743	-967	-11449	-5225	4052	-36	234	12	225	1121	225	73909907	
-17390	4177	-2039	-6607	-5946	3383	-31	234	12	226	1126	226	73909907	
-18280	4053	-2863	-1792	-6410	2617	-23	235	11	227	1131	227	73909907	
-19022	3451	-3248	1589	-6142	1925	-28	234	14	228	1136	228	73909907	
-19314	3058	-2961	3187	-5394	1452	-32	234	16	229	1141	229	73909907	
-19247	2762	-2392	3980	-4456	1183	-33	233	13	230	1146	230	73909907	
-18932	2235	-1823	4518	-3550	1171	-33	233	11	231	1151	231	73909913	
-18554	1547	-1204	5058	-2608	1276	-31	235	13	232	1156	232	73909930	
-18203	1039	-544	5668	-1676	1355	-29	239	17	233	1161	233	73909947	
-17778	796	-24	6423	-1150	1373	-31	236	14	234	1166	234	73909947	
-17283	355	400	7483	-1107	1381	-35	231	9	235	1171	235	73909947	
-16828	-292	816	8391	-1443	1460	-33	234	13	236	1176	236	73909947	
-16364	-1009	1372	8894	-1937	1592	-32	236	16	237	1181	237	73909947	
-15849	-1764	1992	9131	-2619	1706	-33	237	12	238	1186	238	73909948	
-15472	-2591	2518	9123	-3580	1770	-33	237	9	239	1191	239	73909969	
-15253	-3351	3032	8901	-4838	1721	-36	230	8	240	1196	240	73909983	
-15282	-3755	3440	8721	-6161	1496	-38	226	8	241	1201	241	73909983	
-15473	-3787	3772	8789	-7054	1153	-38	226	9	242	1206	242	73909983	
-15723	-3517	4260	9057	-7458	763	-38	226	10	243	1211	243	73909983	
-15974	-2958	5157	9454	-7260	427	-38	228	11	244	1216	244	73909983	
-16123	-2544	6209	9625	-6458	344	-37	229	11	245	1221	245	73909983	
-16193	-2455	7169	9283	-5378	440	-41	228	10	246	1226	246	73909983	
-16125	-2596	8182	8257	-4205	626	-44	228	10	247	1231	247	73910000	
-15956	-2858	9088	6556	-3220	855	-42	229	9	248	1236	248	73910017	
-15723	-3114	9692	4367	-2607	1122	-41	229	9	249	1241	249	73910021	
-15446	-3292	9944	2009	-2417	1430	-41	228	13	250	1246	250	73910021	
-15152	-3464	9902	-400	-2608	1784	-41	227	15	251	1251	251	73910021	
-14832	-3753	9891	-3047	-3045	2134	-43	229	10	252	1256	252	73910021	
-14660	-3935	9949	-4666	-3345	2211	-44	230	8	253	1261	253	73910021	
-14631	-4103	9723	-5661	-3508	2101	-43	229	13	254	1266	254	73910029	
-14688	-4173	9154	-5966	-3473	1823	-42	228	16	255	1271	255	73910050	
