-8712	-13846	776	-75	136	-267	141	27	279	1100	5500	1100	75393827
-8748	-13890	714	-68	116	-254	139	23	281	1101	5505	1101	75393840
-8738	-13872	796	-64	135	-269	139	23	281	1102	5510	1102	75393845
-8722	-13824	688	-28	146	-270	127	27	289	1103	5515	1103	75393846
-8760	-13898	744	-36	152	-266	127	27	289	1104	5520	1104	75393846
-8754	-13934	760	-8	159	-292	131	25	279	1105	5525	1105	75393847
-8790	-13860	812	7	151	-287	131	25	279	1106	5530	1106	75393847
-8696	-13886	838	-8	143	-308	138	30	280	1107	5535	1107	75393847
-8738	-13884	778	1	157	-314	138	30	280	1108	5540	1108	75393848
-8784	-13962	780	-5	163	-319	135	29	279	1109	5545	1109	75393848
-8844	-13900	786	-3	156	-320	135	29	279	1110	5550	1110	75393867
-8812	-13870	934	-21	157	-313	136	26	282	1111	5555	1111	75393893
-8790	-13900	884	-40	126	-316	136	26	282	1112	5560	1112	75393894
-8808	-13896	826	-52	120	-314	140	24	280	1113	5565	1113	75393895
-8766	-13898	754	-58	110	-304	140	24	280	1114	5570	1114	75393895
-8768	-13938	828	-72	109	-312	141	25	281	1115	5575	1115	75393896
-8768	-13924	766	-75	120	-294	141	25	281	1116	5580	1116	75393897
-8788	-13946	784	-86	124	-296	129	17	285	1117	5585	1117	75393897
-8800	-13918	764	-85	103	-285	129	17	285	1118	5590	1118	75393898
-8732	-13910	776	-92	100	-286	142	28	282	1119	5595	1119	75393898
-8704	-13894	728	-78	105	-282	142	28	282	1120	5600	1120	75393899
-8708	-13868	760	-89	95	-294	145	29	279	1121	5605	1121	75393967
-8732	-13848	774	-80	74	-297	145	29	279	1122	5610	1122	75393973
-8758	-13852	874	-71	86	-291	137	27	279	1123	5615	1123	75393973
-8738	-13986	750	-61	80	-283	137	27	279	1124	5620	1124	75393974
-8748	-13876	818	-43	93	-289	137	31	281	1125	5625	1125	75393974
-8792	-13858	846	-36	86	-288	137	31	281	1126	5630	1126	75393974
-8730	-13844	724	-20	77	-285	134	24	280	1127	5635	1127	75393975
-8706	-13922	758	-22	106	-288	134	24	280	1128	5640	1128	75393975
-8730	-13954	768	-23	89	-287	139	25	281	1129	5645	1129	75393975
-8706	-13836	752	-27	83	-274	139	25	281	1130	5650	1130	75393976
-8776	-13890	858	-36	91	-270	135	29	283	1131	5655	1131	75394045
-8672	-13890	816	-37	83	-261	135	29	283	1132	5660	1132	75394048
-8662	-13850	820	-45	98	-274	137	21	283	1133	5665	1133	75394048
-8666	-13874	714	-39	99	-268	137	21	283	1134	5670	1134	75394049
-8686	-13912	780	-35	85	-271	133	29	283	1135	5675	1135	75394050
-8694	-13772	766	-48	76	-283	133	29	283	1136	5680	1136	75394051
-8726	-13840	706	-42	76	-283	139	23	283	1137	5685	1137	75394052
-8712	-13896	704	-28	73	-276	139	23	283	1138	5690	1138	75394052
-8712	-13894	772	-35	60	-282	139	31	281	1139	5695	1139	75394053
-8760	-13918	794	-46	53	-284	139	31	281	1140	5700	1140	75394054
-8722	-13918	702	-36	45	-284	135	27	285	1141	5705	1141	75394054
-8756	-13874	794	-44	53	-288	135	27	285	1142	5710	1142	75394055
-8734	-13894	708	-52	36	-289	140	32	282	1143	5715	1143	75394055
-8790	-13868	704	-67	28	-294	140	32	282	1144	5720	1144	75394071
-8778	-13896	786	-68	57	-289	139	23	279	1145	5725	1145	75394072
-8808	-13830	840	-77	56	-297	139	23	279	1146	5730	1146	75394072
-8748	-13862	842	-64	68	-290	136	24	280	1147	5735	1147	75394152
-8780	-13914	838	-73	47	-285	136	24	280	1148	5740	1148	75394152
-8804	-13830	808	-73	53	-286	138	24	282	1149	5745	1149	75394153
-8766	-13836	788	-66	62	-284	138	24	282	1150	5750	1150	75394153
-8806	-13868	868	-66	53	-285	140	26	286	1151	5755	1151	75394154
-8774	-13920	770	-52	75	-275	140	26	286	1152	5760	1152	75394154
-8802	-13952	852	-50	82	-264	137	29	285	1153	5765	1153	75394155
-8826	-13934	746	-53	96	-273	137	29	285	1154	5770	1154	75394155
-8720	-13892	818	-59	87	-267	138	28	282	1155	5775	1155	75394155
-8790	-13892	816	-62	90	-267	138	28	282	1156	5780	1156	75394156
-8766	-13894	898	-48	105	-262	139	31	285	1157	5785	1157	75394175
-8784	-13852	776	-50	107	-273	139	31	285	1158	5790	1158	75394226
-8742	-13886	744	-45	111	-280	135	19	285	1159	5795	1159	75394227
-8754	-13884	776	-46	111	-284	135	19	285	1160	5800	1160	75394227
-8756	-13868	860	-35	101	-306	137	29	287	1161	5805	1161	75394228
-8726	-13900	838	-27	100	-320	137	29	287	1162	5810	1162	75394228
-8742	-13866	798	-25	100	-339	130	24	286	1163	5815	1163	75394228
-8760	-13848	788	-44	89	-355	130	24	286	1164	5820	1164	75394229
-8814	-13944	650	-59	88	-369	135	25	279	1165	5825	1165	75394229
-8758	-13910	708	-65	85	-365	135	25	279	1166	5830	1166	75394230
-8774	-13882	718	-75	100	-367	144	24	280	1167	5835	1167	75394230
-8792	-13908	738	-64	88	-354	144	24	280	1168	5840	1168	75394308
-8750	-13838	648	-60	78	-367	136	22	282	1169	5845	1169	75394308
-8744	-13876	692	-58	82	-362	136	22	282	1170	5850	1170	75394309
-8750	-13858	792	-54	55	-358	134	26	284	1171	5855	1171	75394309
-8746	-13888	790	-55	51	-346	134	26	284	1172	5860	1172	75394310
-8764	-13958	812	-73	59	-329	130	18	290	1173	5865	1173	75394311
-8752	-13948	770	-80	51	-317	130	18	290	1174	5870	1174	75394312
-8782	-13950	710	-101	62	-302	136	24	278	1175	5875	1175	75394312
-8776	-13960	812	-120	71	-303	136	24	278	1176	5880	1176	75394313
-8836	-13928	710	-147	87	-298	137	29	281	1177	5885	1177	75394313
-8712	-13834	742	-144	82	-295	137	29	281	1178	5890	1178	75394313
-8754	-13828	780	-126	79	-291	131	19	287	1179	5895	1179	75394314
-8724	-13868	822	-107	70	-296	131	19	287	1180	5900	1180	75394314
-8750	-13818	760	-86	44	-295	131	23	283	1181	5905	1181	75394314
-8786	-13950	798	-54	65	-288	131	23	283	1182	5910	1182	75394315
-8768	-13912	774	-53	70	-280	138	26	280	1183	5915	1183	75394315
-8798	-13870	730	-65	76	-267	138	26	280	1184	5920	1184	75394315
-8756	-13918	744	-56	80	-274	138	26	284	1185	5925	1185	75394316
-8712	-13908	726	-48	80	-279	138	26	284	1186	5930	1186	75394316
-8740	-13872	732	-37	79	-274	136	28	274	1187	5935	1187	75394316
-8768	-13916	784	-24	79	-285	136	28	274	1188	5940	1188	75394317
-8688	-13788	738	-7	80	-281	135	15	281	1189	5945	1189	75394317
-8716	-13898	772	-5	78	-284	135	15	281	1190	5950	1190	75394317
-8780	-13984	772	-4	70	-286	136	28	284	1191	5955	1191	75394318
-8764	-13952	788	-4	57	-286	136	28	284	1192	5960	1192	75394318
-8730	-13944	762	-6	67	-281	139	27	281	1193	5965	1193	75394360
-8672	-13894	756	-15	72	-269	139	27	281	1194	5970	1194	75394385
-8784	-13912	760	-25	71	-274	129	31	283	1195	5975	1195	75394386
-8758	-13926	754	-41	66	-274	129	31	283	1196	5980	1196	75394386
-8766	-13894	818	-45	62	-277	138	30	288	1197	5985	1197	75394386
-8748	-13922	834	-55	51	-274	138	30	288	1198	5990	1198	75394387
-8736	-13956	782	-57	60	-275	133	25	283	1199	5995	1199	75394387
-8754	-13912	782	-42	67	-283	133	25	283	1200	6000	1200	75394388
-8774	-13882	808	-46	64	-272	139	27	281	1201	6005	1201	75394389
-8804	-13858	862	-57	65	-270	139	27	281	1202	6010	1202	75394389
-8768	-13874	730	-51	64	-262	139	25	277	1203	6015	1203	75394389
-8836	-13912	796	-69	77	-279	139	25	277	1204	6020	1204	75394390
-8726	-13940	774	-54	67	-278	135	23	279	1205	6025	1205	75394390
-8748	-13872	774	-41	70	-277	135	23	279	1206	6030	1206	75394439
-8722	-13848	858	-39	58	-273	134	28	278	1207	6035	1207	75394441
-8734	-13858	832	-46	72	-278	134	28	278	1208	6040	1208	75394442
-8634	-13910	854	-16	71	-277	136	28	284	1209	6045	1209	75394443
-8746	-13884	776	-12	76	-279	136	28	284	1210	6050	1210	75394443
-8774	-13906	856	-12	71	-281	135	29	285	1211	6055	1211	75394443
-8740	-13888	790	-15	91	-273	135	29	285	1212	6060	1212	75394444
-8790	-13924	748	-1	79	-284	138	24	280	1213	6065	1213	75394445
-8714	-13862	774	1	75	-279	138	24	280	1214	6070	1214	75394445
-8716	-13938	818	-12	87	-286	129	23	289	1215	6075	1215	75394446
-8716	-13856	800	-7	85	-279	129	23	289	1216	6080	1216	75394446
-8752	-13868	730	-9	87	-279	140	28	282	1217	6085	1217	75394447
-8792	-13928	818	0	90	-279	140	28	282	1218	6090	1218	75394448
-8806	-13868	712	-5	89	-280	140	28	280	1219	6095	1219	75394448
-8812	-13898	838	-19	85	-285	140	28	280	1220	6100	1220	75394449
-8732	-13868	832	-11	79	-289	138	24	282	1221	6105	1221	75394450
-8722	-13912	782	-13	91	-270	138	24	282	1222	6110	1222	75394450
-8792	-13890	820	-20	96	-261	140	24	282	1223	6115	1223	75394450
-8762	-13888	790	-28	84	-265	140	24	282	1224	6120	1224	75394451
-8768	-13974	774	-27	69	-277	141	25	285	1225	6125	1225	75394460
-8720	-13898	828	-32	74	-266	141	25	285	1226	6130	1226	75394464
-8750	-13862	746	-28	79	-274	136	26	280	1227	6135	1227	75394464
-8774	-13950	830	-44	75	-262	136	26	280	1228	6140	1228	75394465
-8742	-13898	822	-49	71	-280	138	24	280	1229	6145	1229	75394465
-8698	-13926	788	-43	73	-273	138	24	280	1230	6150	1230	75394466
-8774	-13904	806	-45	81	-278	134	28	286	1231	6155	1231	75394466
-8740	-13890	944	-53	79	-277	134	28	286	1232	6160	1232	75394466
-8722	-13866	726	-53	78	-284	139	19	289	1233	6165	1233	75394467
-8724	-13876	808	-40	66	-283	139	19	289	1234	6170	1234	75394467
-8782	-13894	836	-34	84	-292	143	25	277	1235	6175	1235	75394467
-8784	-13910	814	-32	76	-301	143	25	277	1236	6180	1236	75394540
-8730	-13912	786	-29	71	-286	136	22	282	1237	6185	1237	75394541
-8774	-13862	840	-27	75	-293	136	22	282	1238	6190	1238	75394541
-8802	-13808	776	-28	83	-289	139	23	281	1239	6195	1239	75394541
-8770	-13910	758	-33	94	-287	139	23	281	1240	6200	1240	75394542
-8814	-13870	816	-24	79	-294	136	26	290	1241	6205	1241	75394542
-8726	-13888	788	-20	82	-295	136	26	290	1242	6210	1242	75394542
-8776	-13872	752	-16	82	-285	139	29	283	1243	6215	1243	75394543
-8776	-13888	900	-27	86	-292	139	29	283	1244	6220	1244	75394543
-8738	-13886	906	-35	82	-280	135	21	285	1245	6225	1245	75394544
-8808	-13874	806	-36	92	-281	135	21	285	1246	6230	1246	75394571
-8730	-13888	818	-37	85	-289	131	19	279	1247	6235	1247	75394572
-8818	-13924	762	-30	86	-287	131	19	279	1248	6240	1248	75394572
-8738	-13944	840	-46	84	-297	139	23	277	1249	6245	1249	75394572
-8752	-13898	864	-61	94	-287	139	23	277	1250	6250	1250	75394623
-8748	-13946	752	-53	84	-288	140	20	288	1251	6255	1251	75394644
-8732	-13908	762	-41	84	-291	140	20	288	1252	6260	1252	75394645
-8758	-13874	766	-34	94	-292	137	25	281	1253	6265	1253	75394646
-8764	-13868	886	-30	85	-287	137	25	281	1254	6270	1254	75394647
-8724	-13916	830	-35	98	-291	140	22	282	1255	6275	1255	75394649
-8766	-13836	786	-25	97	-294	140	22	282	1256	6280	1256	75394650
-8710	-13856	788	-24	95	-288	140	22	284	1257	6285	1257	75394651
-8712	-13936	806	-20	101	-287	140	22	284	1258	6290	1258	75394652
-8726	-13906	840	-23	83	-281	138	24	282	1259	6295	1259	75394653
-8748	-13936	830	-23	97	-289	138	24	282	1260	6300	1260	75394654
-8744	-13918	768	-16	93	-279	144	28	280	1261	6305	1261	75394654
-8748	-13890	744	-26	98	-287	144	28	280	1262	6310	1262	75394656
-8764	-13872	784	-33	92	-297	135	23	281	1263	6315	1263	75394657
-8780	-13850	898	-36	80	-288	135	23	281	1264	6320	1264	75394657
-8766	-13924	820	-57	87	-273	141	27	285	1265	6325	1265	75394658
-8740	-13858	782	-48	77	-277	141	27	285	1266	6330	1266	75394669
-8798	-13870	750	-54	99	-279	141	29	283	1267	6335	1267	75394673
-8774	-13798	786	-66	80	-274	141	29	283	1268	6340	1268	75394673
-8760	-13828	802	-50	76	-284	140	24	282	1269	6345	1269	75394674
-8672	-13828	816	-49	76	-290	140	24	282	1270	6350	1270	75394674
-8732	-13936	806	-54	78	-299	135	29	281	1271	6355	1271	75394674
-8658	-13922	832	-53	80	-302	135	29	281	1272	6360	1272	75394675
-8746	-13878	774	-59	63	-288	135	25	281	1273	6365	1273	75394675
-8724	-13802	642	-49	55	-282	135	25	281	1274	6370	1274	75394675
-8704	-13778	790	-52	78	-284	141	29	277	1275	6375	1275	75394676
-8724	-13864	784	-41	74	-292	141	29	277	1276	6380	1276	75394676
-8718	-13880	806	-28	84	-300	136	32	280	1277	6385	1277	75394701
-8760	-13892	918	-34	60	-309	136	32	280	1278	6390	1278	75394748
-8732	-13860	932	-36	70	-305	136	28	280	1279	6395	1279	75394748
-8714	-13856	898	-9	85	-304	136	28	280	1280	6400	1280	75394749
-8708	-13824	872	5	86	-292	139	25	279	1281	6405	1281	75394750
-8722	-13922	778	10	84	-303	139	25	279	1282	6410	1282	75394750
-8736	-13874	802	-6	84	-286	134	24	284	1283	6415	1283	75394751
-8740	-13900	862	-3	92	-282	134	24	284	1284	6420	1284	75394751
-8826	-13874	798	-3	90	-285	143	29	287	1285	6425	1285	75394752
-8786	-13988	826	-14	99	-275	143	29	287	1286	6430	1286	75394753
-8830	-13946	848	-28	93	-256	139	25	283	1287	6435	1287	75394773
-8858	-13982	826	-28	91	-266	139	25	283	1288	6440	1288	75394798
-8774	-13904	802	-38	97	-256	135	27	283	1289	6445	1289	75394799
-8766	-13916	860	-51	125	-261	135	27	283	1290	6450	1290	75394799
-8782	-13850	850	-63	125	-264	138	26	282	1291	6455	1291	75394800
-8836	-13946	810	-65	124	-249	138	26	282	1292	6460	1292	75394800
-8812	-13888	846	-84	120	-239	134	20	286	1293	6465	1293	75394831
-8780	-13880	774	-73	117	-249	134	20	286	1294	6470	1294	75394834
-8766	-13846	740	-82	120	-252	145	25	285	1295	6475	1295	75394834
-8692	-13850	762	-74	99	-258	145	25	285	1296	6480	1296	75394835
-8726	-13946	792	-66	117	-258	140	28	284	1297	6485	1297	75394835
-8764	-13862	720	-43	121	-264	140	28	284	1298	6490	1298	75394835
-8750	-13874	740	-31	120	-279	139	23	279	1299	6495	1299	75394836
