-16062	-404	-2302	212	28	99	-79	173	65	1	1	1	76514195	
-16032	-468	-2202	207	27	94	-76	174	68	2	6	2	76514216	
-15968	-490	-2196	207	23	86	-76	174	68	3	11	3	76514243	
-15968	-482	-2280	210	24	82	-79	169	67	4	16	4	76514244	
-16032	-490	-2334	207	18	76	-79	169	67	5	21	5	76514244	
-15996	-534	-2260	199	10	68	-82	172	64	6	26	6	76514245	
-15934	-506	-2340	189	0	63	-82	172	64	7	31	7	76514245	
-15930	-464	-2360	176	-10	59	-82	176	66	8	36	8	76514246	
-15894	-506	-2420	162	-19	54	-82	176	66	9	41	9	76514246	
-15924	-510	-2428	139	-23	50	-80	174	60	10	46	10	76514273	
-15942	-482	-2466	118	-22	48	-80	174	60	11	51	11	76514285	
-15940	-512	-2504	91	-22	49	-85	169	63	12	56	12	76514285	
-15890	-476	-2496	62	-18	52	-85	169	63	13	61	13	76514285	
-15938	-518	-2546	30	-17	55	-78	170	68	14	66	14	76514286	
-15922	-416	-2514	7	-17	61	-78	170	68	15	71	15	76514286	
-15870	-382	-2366	-13	-20	67	-82	176	62	16	76	16	76514286	
-15894	-360	-2344	-33	-29	72	-82	176	62	17	81	17	76514286	
-15932	-356	-2414	-51	-38	75	-79	169	65	18	86	18	76514286	
-15956	-358	-2234	-65	-45	76	-79	169	65	19	91	19	76514286	
-16020	-334	-2228	-72	-51	79	-78	172	62	20	96	20	76514286	
-16032	-318	-2232	-74	-58	82	-78	172	62	21	101	21	76514286	
-15968	-322	-2272	-75	-61	81	-81	177	63	22	106	22	76514286	
-15990	-378	-2298	-70	-61	79	-81	177	63	23	111	23	76514303	
-15976	-404	-2282	-68	-57	72	-83	177	63	24	116	24	76514303	
-15960	-346	-2280	-69	-57	64	-83	177	63	25	121	25	76514303	
-16034	-402	-2220	-69	-65	56	-79	171	67	26	126	26	76514325	
-16034	-414	-2316	-74	-71	48	-79	171	67	27	131	27	76514325	
-16086	-474	-2234	-77	-76	45	-77	169	67	28	136	28	76514325	
-16098	-404	-2252	-85	-76	41	-77	169	67	29	141	29	76514325	
-16090	-452	-2334	-95	-76	37	-80	176	64	30	146	30	76514325	
-16170	-434	-2204	-106	-72	34	-80	176	64	31	151	31	76514325	
-16074	-468	-2154	-117	-68	37	-80	174	62	32	156	32	76514325	
-16084	-490	-2278	-132	-63	39	-80	174	62	33	161	33	76514325	
-16074	-474	-2150	-148	-65	40	-78	170	62	34	166	34	76514370	
-16060	-418	-2284	-163	-70	43	-78	170	62	35	171	35	76514371	
-16012	-368	-2256	-173	-75	44	-77	173	67	36	176	36	76514372	
-16120	-386	-2156	-175	-79	45	-77	173	67	37	181	37	76514372	
-16080	-412	-2168	-174	-81	50	-76	176	64	38	186	38	76514373	
-16078	-380	-2134	-172	-84	47	-76	176	64	39	191	39	76514373	
-16084	-368	-2154	-165	-87	48	-82	168	62	40	196	40	76514375	
-16010	-352	-2212	-150	-94	46	-82	168	62	41	201	41	76514376	
-16122	-366	-2092	-138	-102	44	-78	174	66	42	206	42	76514384	
-16138	-368	-2124	-122	-113	43	-78	174	66	43	211	43	76514402	
-16054	-330	-2098	-100	-126	43	-81	169	65	44	216	44	76514402	
-16066	-290	-2078	-79	-135	45	-81	169	65	45	221	45	76514402	
-16096	-280	-2176	-63	-139	43	-78	168	66	46	226	46	76514402	
-16136	-334	-2176	-56	-142	43	-78	168	66	47	231	47	76514402	
-16094	-338	-2192	-61	-147	46	-85	173	69	48	236	48	76514402	
-16086	-360	-2148	-79	-154	46	-85	173	69	49	241	49	76514402	
-16040	-342	-2154	-100	-164	43	-77	173	67	50	246	50	76514411	
-16120	-372	-2106	-132	-169	47	-77	173	67	51	251	51	76514446	
-16178	-404	-1968	-169	-175	48	-76	172	68	52	256	52	76514446	
-16196	-462	-2138	-199	-176	46	-76	172	68	53	261	53	76514446	
-16188	-470	-2110	-228	-164	44	-82	174	68	54	266	54	76514447	
-16116	-458	-2042	-251	-142	49	-82	174	68	55	271	55	76514447	
-16106	-366	-1970	-266	-118	46	-81	175	67	56	276	56	76514448	
-16156	-352	-2008	-272	-88	45	-81	175	67	57	281	57	76514448	
-16056	-408	-2012	-268	-63	45	-81	173	67	58	286	58	76514468	
-15962	-410	-2148	-258	-48	49	-81	173	67	59	291	59	76514477	
-15954	-368	-2142	-257	-43	49	-75	177	67	60	296	60	76514477	
-15858	-406	-2172	-256	-41	48	-75	177	67	61	301	61	76514477	
-15892	-384	-2258	-249	-41	43	-79	167	69	62	306	62	76514477	
-15882	-358	-2252	-249	-42	37	-79	167	69	63	311	63	76514477	
-15892	-284	-2252	-248	-41	35	-87	177	67	64	316	64	76514477	
-15910	-326	-2312	-259	-35	26	-87	177	67	65	321	65	76514486	
-15982	-238	-2342	-276	-22	18	-90	174	68	66	326	66	76514514	
-16002	-236	-2394	-294	-12	8	-90	174	68	67	331	67	76514515	
-15910	-142	-2310	-318	-8	2	-77	175	65	68	336	68	76514515	
-15962	-118	-2304	-336	-2	-3	-77	175	65	69	341	69	76514515	
-15984	-124	-2338	-350	-10	-14	-81	173	65	70	346	70	76514515	
-15982	-72	-2384	-356	-23	-20	-81	173	65	71	351	71	76514515	
-16002	-68	-2356	-356	-35	-27	-81	171	67	72	356	72	76514524	
-15980	8	-2300	-349	-44	-28	-81	171	67	73	361	73	76514552	
-16022	36	-2220	-335	-52	-29	-84	170	64	74	366	74	76514552	
-15942	76	-2202	-319	-55	-27	-84	170	64	75	371	75	76514553	
-15992	190	-2220	-294	-56	-24	-78	176	62	76	376	76	76514553	
-15946	342	-2226	-266	-52	-17	-78	176	62	77	381	77	76514553	
-15976	326	-2076	-233	-55	-13	-81	169	69	78	386	78	76514553	
-15952	432	-2040	-199	-60	-6	-81	169	69	79	391	79	76514554	
-15990	468	-2130	-165	-65	0	-80	176	64	80	396	80	76514562	
-15996	496	-2198	-137	-82	9	-80	176	64	81	401	81	76514591	
-15992	552	-2232	-110	-100	17	-74	178	64	82	406	82	76514591	
-16070	610	-2174	-90	-116	31	-74	178	64	83	411	83	76514592	
-16040	678	-2222	-72	-129	43	-75	175	73	84	416	84	76514592	
-16046	704	-2202	-54	-138	55	-75	175	73	85	421	85	76514592	
-16046	708	-2220	-36	-145	69	-77	177	67	86	426	86	76514593	
-16032	766	-2256	-21	-148	81	-77	177	67	87	431	87	76514593	
-16122	790	-2132	-1	-146	90	-76	174	62	88	436	88	76514623	
-16060	856	-2072	23	-143	100	-76	174	62	89	441	89	76514638	
-16066	930	-2190	53	-131	104	-76	172	68	90	446	90	76514638	
-16078	914	-2036	87	-114	112	-76	172	68	91	451	91	76514639	
-16148	930	-2098	128	-95	111	-75	169	69	92	456	92	76514639	
-16118	960	-2076	172	-80	111	-75	169	69	93	461	93	76514640	
-16190	940	-2108	212	-62	112	-78	172	68	94	466	94	76514640	
-16152	994	-2114	254	-46	109	-78	172	68	95	471	95	76514640	
-16096	1036	-2054	300	-32	107	-78	170	60	96	476	96	76514668	
-16170	1078	-2116	357	-14	107	-78	170	60	97	481	97	76514668	
-16164	1190	-2120	416	-3	110	-79	169	69	98	486	98	76514668	
-16198	1250	-2014	482	5	119	-79	169	69	99	491	99	76514668	
-16316	1390	-2046	562	17	128	-82	170	68	100	496	100	76514668	
-16294	1444	-1920	650	27	150	-82	170	68	101	501	101	76514669	
-16468	1446	-1926	736	44	170	-81	171	65	102	506	102	76514669	
-16448	1524	-1910	827	55	192	-81	171	65	103	511	103	76514669	
-16508	1524	-1798	916	70	217	-79	171	65	104	516	104	76514706	
-16524	1590	-1904	1002	83	242	-79	171	65	105	521	105	76514706	
-16450	1562	-1928	1082	93	271	-79	171	69	106	526	106	76514706	
-16418	1580	-1950	1164	103	298	-79	171	69	107	531	107	76514707	
-16338	1530	-2106	1237	113	323	-80	170	70	108	536	108	76514707	
-16316	1586	-2230	1308	119	355	-80	170	70	109	541	109	76514707	
-16270	1486	-2152	1374	118	382	-84	170	62	110	546	110	76514707	
-16120	1404	-2226	1434	110	406	-84	170	62	111	551	111	76514742	
-16080	1302	-2330	1487	95	427	-81	173	65	112	556	112	76514742	
-16104	1200	-2346	1540	79	439	-81	173	65	113	561	113	76514742	
-16040	1192	-2274	1587	66	442	-81	175	65	114	566	114	76514742	
-15942	1034	-2328	1628	46	446	-81	175	65	115	571	115	76514742	
-16008	916	-2200	1663	39	445	-89	173	67	116	576	116	76514742	
-15902	832	-2194	1694	42	441	-89	173	67	117	581	117	76514742	
-15986	724	-2076	1722	58	441	-76	170	62	118	586	118	76514753	
-15954	644	-2186	1754	74	439	-76	170	62	119	591	119	76514782	
-15884	592	-2014	1782	102	439	-89	173	63	120	596	120	76514782	
-16004	562	-2064	1819	129	442	-89	173	63	121	601	121	76514782	
-15812	404	-1916	1863	150	443	-84	172	70	122	606	122	76514782	
-15820	318	-1934	1915	176	444	-84	172	70	123	611	123	76514782	
-15844	288	-2010	1958	190	451	-86	174	62	124	616	124	76514782	
-15974	234	-1860	2010	186	460	-86	174	62	125	621	125	76514782	
-15946	252	-1960	2054	171	467	-78	172	66	126	626	126	76514819	
-16034	204	-1952	2099	154	472	-78	172	66	127	631	127	76514820	
-15978	160	-1980	2140	135	483	-90	166	64	128	636	128	76514820	
-16148	136	-2140	2183	113	492	-90	166	64	129	641	129	76514820	
-16204	124	-2082	2221	101	501	-88	176	68	130	646	130	76514820	
-16270	176	-2278	2255	94	501	-88	176	68	131	651	131	76514820	
-16282	198	-2332	2288	89	506	-86	174	60	132	656	132	76514820	
-16264	164	-2346	2319	93	509	-86	174	60	133	661	133	76514830	
-16266	270	-2378	2347	100	510	-91	175	61	134	666	134	76514857	
-16286	196	-2354	2370	101	511	-91	175	61	135	671	135	76514858	
-16274	258	-2338	2389	112	509	-92	170	60	136	676	136	76514858	
-16182	230	-2200	2407	124	510	-92	170	60	137	681	137	76514858	
-16150	220	-2206	2425	135	508	-90	172	62	138	686	138	76514858	
-16076	196	-2082	2442	150	509	-90	172	62	139	691	139	76514859	
-15948	154	-1988	2455	146	510	-93	167	61	140	696	140	76514859	
-15814	196	-2038	2474	128	511	-93	167	61	141	701	141	76514876	
-15738	130	-2074	2486	107	513	-89	171	57	142	706	142	76514895	
-15808	90	-2094	2495	81	517	-89	171	57	143	711	143	76514895	
-15740	42	-2146	2505	52	525	-93	171	57	144	716	144	76514895	
-15772	68	-2054	2513	28	527	-93	171	57	145	721	145	76514895	
-15756	36	-2050	2521	18	530	-91	171	63	146	726	146	76514896	
-15798	70	-2008	2521	24	536	-91	171	63	147	731	147	76514896	
-15876	16	-2116	2517	39	539	-96	172	58	148	736	148	76514896	
-15836	10	-2074	2513	59	549	-96	172	58	149	741	149	76514934	
-15804	-90	-2068	2504	73	560	-97	175	55	150	746	150	76514934	
-15748	-92	-2088	2495	84	565	-97	175	55	151	751	151	76514935	
-15586	-36	-2068	2491	82	576	-94	170	50	152	756	152	76514935	
-15688	-10	-2170	2491	68	583	-94	170	50	153	761	153	76514935	
-15708	2	-2148	2495	40	585	-99	169	53	154	766	154	76514935	
-15742	62	-2254	2506	5	594	-99	169	53	155	771	155	76514935	
-15818	146	-2288	2518	-29	602	-95	169	59	156	776	156	76514945	
-15878	180	-2250	2533	-59	610	-95	169	59	157	781	157	76514980	
-15896	194	-2254	2548	-83	619	-97	173	51	158	786	158	76514981	
-15952	326	-2332	2569	-98	627	-97	173	51	159	791	159	76514983	
-15900	374	-2226	2587	-109	635	-93	171	51	160	796	160	76514983	
-15978	430	-2266	2604	-117	644	-93	171	51	161	801	161	76514983	
-16042	448	-2294	2624	-122	654	-99	165	57	162	806	162	76514983	
-15936	494	-2324	2639	-123	667	-99	165	57	163	811	163	76514983	
-16066	492	-2278	2655	-121	677	-97	169	51	164	816	164	76514983	
-16036	570	-2308	2667	-117	688	-97	169	51	165	821	165	76515009	
-15868	546	-2222	2683	-107	691	-98	170	52	166	826	166	76515009	
-16014	556	-2210	2706	-98	687	-98	170	52	167	831	167	76515010	
-15864	496	-2254	2732	-86	688	-100	166	52	168	836	168	76515010	
-15910	442	-2162	2753	-85	690	-100	166	52	169	841	169	76515010	
-15886	400	-2148	2777	-90	688	-100	176	52	170	846	170	76515010	
-15960	304	-2146	2797	-87	684	-100	176	52	171	851	171	76515010	
-15878	258	-2088	2816	-76	681	-97	167	51	172	856	172	76515047	
-15850	210	-2030	2834	-68	671	-97	167	51	173	861	173	76515047	
-15826	206	-2028	2852	-70	661	-101	171	47	174	866	174	76515047	
-15892	116	-2122	2869	-75	657	-101	171	47	175	871	175	76515047	
-15818	58	-1912	2888	-87	649	-105	171	47	176	876	176	76515047	
-15930	18	-2076	2901	-106	640	-105	171	47	177	881	177	76515047	
-15840	30	-1936	2908	-131	635	-108	172	52	178	886	178	76515047	
-15950	-20	-1982	2902	-167	633	-108	172	52	179	891	179	76515059	
-15942	-20	-2016	2896	-201	637	-106	162	46	180	896	180	76515084	
-15872	-50	-2018	2884	-238	638	-106	162	46	181	901	181	76515085	
-16036	-42	-1986	2870	-270	641	-104	166	46	182	906	182	76515085	
-15966	-16	-2036	2858	-296	644	-104	166	46	183	911	183	76515085	
-16002	-10	-1970	2846	-321	648	-104	164	46	184	916	184	76515085	
-16006	54	-1874	2833	-343	648	-104	164	46	185	921	185	76515086	
-16082	72	-1882	2819	-364	646	-111	161	51	186	926	186	76515086	
-16136	142	-1796	2805	-374	642	-111	161	51	187	931	187	76515122	
-16172	206	-1758	2796	-376	640	-107	169	45	188	936	188	76515122	
-16206	286	-1694	2788	-367	635	-107	169	45	189	941	189	76515122	
-16234	362	-1572	2785	-350	630	-111	163	45	190	946	190	76515123	
-16256	448	-1508	2792	-326	622	-111	163	45	191	951	191	76515123	
-16270	536	-1524	2803	-297	615	-111	167	51	192	956	192	76515123	
-16154	612	-1404	2831	-266	611	-111	167	51	193	961	193	76515123	
-16158	544	-1386	2868	-234	607	-108	168	38	194	966	194	76515134	
-16208	552	-1434	2902	-215	605	-108	168	38	195	971	195	76515160	
-16092	538	-1422	2928	-212	605	-109	165	39	196	976	196	76515160	
-16130	474	-1464	2952	-223	603	-109	165	39	197	981	197	76515160	
-16152	428	-1562	2976	-237	604	-110	166	46	198	986	198	76515160	
-16000	432	-1646	2996	-255	603	-110	166	46	199	991	199	76515160	
-16048	382	-1608	3005	-264	602	-110	164	42	200	996	200	76515160	
-16126	250	-1476	3029	-262	590	-110	164	42	201	1001	201	76515160	
-16150	76	-1500	3052	-244	572	-110	168	36	202	1006	202	76515197	
-16130	228	-1632	3061	-217	550	-110	168	36	203	1011	203	76515197	
-16254	146	-1624	3039	-195	540	-108	168	42	204	1016	204	76515197	
-16384	74	-1542	3029	-174	537	-108	168	42	205	1021	205	76515198	
-16322	166	-1574	3012	-138	539	-108	164	42	206	1026	206	76515198	
-16322	284	-1626	2992	-91	540	-108	164	42	207	1031	207	76515198	
-16258	408	-1412	2974	-51	542	-111	167	43	208	1036	208	76515198	
-16410	408	-1320	2982	-7	541	-111	167	43	209	1041	209	76515208	
-16396	540	-1272	2999	32	552	-111	163	41	210	1046	210	76515235	
-16368	552	-1278	3019	42	572	-111	163	41	211	1051	211	76515235	
-16438	686	-1206	3038	27	590	-113	165	43	212	1056	212	76515235	
-16548	690	-1388	3090	18	610	-113	165	43	213	1061	213	76515235	
-16538	750	-1336	3105	24	627	-115	165	39	214	1066	214	76515236	
-16408	820	-1366	3092	32	648	-115	165	39	215	1071	215	76515236	
-16322	804	-1348	3061	40	675	-115	163	39	216	1076	216	76515246	
-16170	856	-1292	3067	36	694	-115	163	39	217	1081	217	76515281	
-16190	926	-1264	3063	33	706	-113	167	33	218	1086	218	76515281	
-16160	902	-1228	3080	31	717	-113	167	33	219	1091	219	76515281	
-16210	750	-1120	3084	34	726	-113	161	31	220	1096	220	76515281	
-16448	622	-1336	3115	49	731	-113	161	31	221	1101	221	76515281	
-16452	512	-1400	3155	73	731	-118	166	38	222	1106	222	76515281	
-16462	318	-1560	3178	113	727	-118	166	38	223	1111	223	76515281	
-16466	162	-1778	3137	179	721	-117	163	31	224	1116	224	76515294	
-16356	76	-1910	3099	271	711	-117	163	31	225	1121	225	76515313	
-16260	6	-2110	3088	362	698	-119	157	29	226	1126	226	76515313	
-16256	-12	-2346	3023	453	680	-119	157	29	227	1131	227	76515313	
-16160	88	-2312	2936	534	667	-116	162	28	228	1136	228	76515313	
-16164	98	-2410	2862	609	650	-116	162	28	229	1141	229	76515314	
-16154	188	-2510	2790	665	635	-119	161	25	230	1146	230	76515314	
-16170	324	-2418	2711	708	622	-119	161	25	231	1151	231	76515314	
-16296	352	-2360	2638	743	619	-120	162	26	232	1156	232	76515314	
-16286	388	-2362	2574	764	617	-120	162	26	233	1161	233	76515321	
-16224	444	-2262	2511	770	619	-113	159	23	234	1166	234	76515350	
-16180	568	-2168	2452	762	618	-113	159	23	235	1171	235	76515350	
-16188	614	-2058	2410	731	622	-122	162	28	236	1176	236	76515350	
-16288	716	-2058	2383	676	640	-122	162	28	237	1181	237	76515350	
-16224	778	-2088	2387	619	665	-119	155	19	238	1186	238	76515351	
-16334	678	-2288	2388	560	692	-119	155	19	239	1191	239	76515351	
-16390	592	-2250	2392	505	713	-116	162	20	240	1196	240	76515380	
-16344	542	-2486	2397	466	735	-116	162	20	241	1201	241	76515391	
-16298	414	-2682	2392	429	749	-119	159	19	242	1206	242	76515391	
-16246	412	-2798	2376	410	768	-119	159	19	243	1211	243	76515391	
-16186	330	-3044	2364	403	784	-119	157	17	244	1216	244	76515391	
-16114	310	-3174	2364	399	801	-119	157	17	245	1221	245	76515392	
-16028	216	-3196	2370	394	809	-122	160	18	246	1226	246	76515392	
-15808	230	-3368	2371	385	812	-122	160	18	247	1231	247	76515399	
-15738	240	-3246	2353	382	808	-119	157	21	248	1236	248	76515428	
-15562	208	-3254	2323	365	802	-119	157	21	249	1241	249	76515429	
-15646	156	-3308	2275	337	789	-121	159	15	250	1246	250	76515429	
-15596	72	-3268	2217	288	777	-121	159	15	251	1251	251	76515429	
-15366	66	-3246	2151	236	765	-120	158	18	252	1256	252	76515429	
-15348	90	-3210	2094	180	746	-120	158	18	253	1261	253	76515429	
-15374	154	-3084	2056	116	721	-119	159	11	254	1266	254	76515429	
-15458	282	-3126	2042	33	704	-119	159	11	255	1271	255	76515459	
-15584	216	-3206	2033	-49	690	-122	156	16	256	1276	256	76515514	
-15724	138	-3292	1995	-112	679	-122	156	16	257	1281	257	76515514	
-15878	124	-3308	1929	-150	666	-122	154	18	258	1286	258	76515515	
-15990	104	-3370	1850	-164	661	-122	154	18	259	1291	259	76515515	
-16022	170	-3250	1787	-156	651	-125	157	7	260	1296	260	76515515	
-16198	204	-3344	1741	-139	649	-125	157	7	261	1301	261	76515515	
-16130	272	-3342	1704	-111	646	-125	153	7	262	1306	262	76515524	
-16192	252	-3304	1680	-77	644	-125	153	7	263	1311	263	76515552	
-16078	302	-3328	1642	-51	644	-122	158	16	264	1316	264	76515552	
-16064	324	-3352	1614	-38	645	-122	158	16	265	1321	265	76515552	
-15842	304	-3308	1593	-49	638	-122	152	10	266	1326	266	76515552	
-15792	306	-3198	1582	-82	635	-122	152	10	267	1331	267	76515553	
-15852	258	-3200	1568	-135	623	-119	153	7	268	1336	268	76515553	
-15750	308	-3112	1552	-201	604	-119	153	7	269	1341	269	76515553	
-15766	268	-3096	1541	-275	590	-120	154	6	270	1346	270	76515554	
-15780	276	-3144	1518	-337	562	-120	154	6	271	1351	271	76515554	
-15792	258	-2992	1493	-372	537	-122	154	8	272	1356	272	76515554	
-15700	228	-3102	1455	-387	518	-122	154	8	273	1361	273	76515554	
-15768	230	-3266	1423	-382	498	-121	153	5	274	1366	274	76515555	
-15682	232	-3144	1387	-363	473	-121	153	5	275	1371	275	76515573	
-15588	470	-3194	1354	-339	452	-120	152	8	276	1376	276	76515574	
-15660	500	-3184	1338	-327	430	-120	152	8	277	1381	277	76515574	
-15724	520	-3112	1331	-308	418	-124	154	6	278	1386	278	76515576	
-15720	580	-3066	1325	-292	411	-124	154	6	279	1391	279	76515576	
-15880	756	-3052	1313	-270	402	-120	150	8	280	1396	280	76515577	
-16016	876	-3052	1291	-236	402	-120	150	8	281	1401	281	76515590	
-16054	920	-2954	1269	-186	406	-127	153	5	282	1406	282	76515590	
-16038	1094	-3028	1247	-131	409	-127	153	5	283	1411	283	76515590	
-15966	1096	-2920	1225	-73	418	-123	153	5	284	1416	284	76515590	
-15956	1184	-2796	1187	-18	427	-123	153	5	285	1421	285	76515590	
-16146	1170	-2724	1136	26	440	-126	154	4	286	1426	286	76515590	
-16094	1268	-2752	1102	65	443	-126	154	4	287	1431	287	76515600	
-16180	1332	-2742	1099	94	438	-122	154	0	288	1436	288	76515627	
-16258	1358	-2694	1114	104	434	-122	154	0	289	1441	289	76515627	
-16232	1356	-2612	1140	123	425	-121	151	9	290	1446	290	76515627	
-16404	1216	-2628	1168	151	412	-121	151	9	291	1451	291	76515628	
-16408	1136	-2630	1208	181	395	-121	151	3	292	1456	292	76515628	
-16220	1078	-2504	1249	212	382	-121	151	3	293	1461	293	76515628	
-16214	972	-2536	1296	247	367	-126	152	-4	294	1466	294	76515628	
-15972	860	-2624	1352	269	358	-126	152	-4	295	1471	295	76515645	
-15736	646	-2680	1414	276	359	-125	153	-1	296	1476	296	76515665	
-15530	444	-2604	1462	259	366	-125	153	-1	297	1481	297	76515665	
-15458	202	-2780	1493	201	373	-125	155	9	298	1486	298	76515665	
-15232	-72	-2720	1511	113	381	-125	155	9	299	1491	299	76515665	
-15132	-122	-2786	1517	2	393	-121	149	1	300	1496	300	76515665	
-15084	-258	-2818	1517	-123	404	-121	149	1	301	1501	301	76515665	
-15278	-346	-2810	1506	-236	423	-129	151	-1	302	1506	302	76515665	
-15498	-482	-2978	1486	-339	423	-129	151	-1	303	1511	303	76515695	
-15688	-630	-2872	1472	-421	433	-122	150	2	304	1516	304	76515711	
-15818	-784	-2922	1446	-478	438	-122	150	2	305	1521	305	76515712	
-16118	-664	-2984	1406	-518	445	-124	154	-2	306	1526	306	76515713	
-16180	-540	-3042	1350	-523	454	-124	154	-2	307	1531	307	76515714	
-16376	-470	-3004	1310	-490	473	-125	147	3	308	1536	308	76515716	
-16282	-418	-2840	1280	-435	487	-125	147	3	309	1541	309	76515717	
-16306	-396	-3002	1224	-375	496	-124	154	0	310	1546	310	76515717	
-16316	-316	-2964	1145	-322	501	-124	154	0	311	1551	311	76515740	
-16234	-152	-2758	1063	-266	494	-125	151	1	312	1556	312	76515740	
-16122	-40	-2748	985	-224	486	-125	151	1	313	1561	313	76515740	
-16000	248	-2694	919	-182	473	-120	146	2	314	1566	314	76515740	
-15908	370	-2532	879	-132	456	-120	146	2	315	1571	315	76515740	
-15700	498	-2462	858	-95	432	-121	149	-3	316	1576	316	76515740	
-15552	614	-2550	860	-70	406	-121	149	-3	317	1581	317	76515740	
-15284	758	-2636	873	-62	382	-124	146	2	318	1586	318	76515748	
-15266	706	-2656	886	-82	360	-124	146	2	319	1591	319	76515777	
-15072	740	-2630	893	-131	338	-120	150	-4	320	1596	320	76515778	
-15084	624	-2716	902	-202	315	-120	150	-4	321	1601	321	76515778	
-15158	648	-2772	904	-285	289	-123	141	-1	322	1606	322	76515778	
-15330	552	-2924	900	-358	264	-123	141	-1	323	1611	323	76515779	
-15390	524	-2980	892	-420	245	-127	149	-3	324	1616	324	76515779	
-15594	418	-2944	877	-461	228	-127	149	-3	325	1621	325	76515793	
-15974	388	-2918	859	-494	216	-119	149	-1	326	1626	326	76515816	
-16076	434	-2752	837	-510	208	-119	149	-1	327	1631	327	76515816	
-16198	290	-2730	812	-516	210	-121	151	-1	328	1636	328	76515816	
-16496	328	-2670	784	-506	217	-121	151	-1	329	1641	329	76515816	
-16478	242	-2488	766	-476	227	-123	147	5	330	1646	330	76515816	
-16536	190	-2458	759	-436	239	-123	147	5	331	1651	331	76515816	
-16684	210	-2336	749	-398	259	-123	149	-3	332	1656	332	76515816	
-16702	202	-2274	741	-367	270	-123	149	-3	333	1661	333	76515852	
-16698	212	-2152	733	-335	274	-126	154	-2	334	1666	334	76515852	
-16640	222	-1980	725	-312	272	-126	154	-2	335	1671	335	76515852	
-16672	378	-2122	719	-286	261	-126	148	-8	336	1676	336	76515852	
-16552	440	-2036	712	-261	252	-126	148	-8	337	1681	337	76515852	
-16504	460	-2084	709	-232	242	-120	146	-6	338	1686	338	76515852	
-16366	464	-2110	693	-190	231	-120	146	-6	339	1691	339	76515852	
-16342	590	-2192	680	-149	224	-122	150	0	340	1696	340	76515862	
-16310	658	-2210	665	-118	219	-122	150	0	341	1701	341	76515888	
-16088	654	-2304	659	-89	210	-128	150	-2	342	1706	342	76515889	
-16090	728	-2466	664	-77	203	-128	150	-2	343	1711	343	76515889	
-15898	794	-2572	654	-69	198	-120	152	-6	344	1716	344	76515889	
-15898	770	-2688	629	-66	193	-120	152	-6	345	1721	345	76515889	
-15966	682	-2834	586	-76	184	-119	147	5	346	1726	346	76515890	
-15866	732	-2740	538	-90	183	-119	147	5	347	1731	347	76515890	
-15908	764	-2792	484	-123	182	-125	147	-1	348	1736	348	76515926	
-15890	770	-2768	433	-167	188	-125	147	-1	349	1741	349	76515926	
-15944	734	-2636	399	-208	195	-122	150	0	350	1746	350	76515926	
-15964	572	-2510	376	-239	198	-122	150	0	351	1751	351	76515926	
-15978	506	-2474	355	-266	203	-123	147	-1	352	1756	352	76515926	
-15942	398	-2322	340	-286	210	-123	147	-1	353	1761	353	76515926	
-16040	378	-2238	334	-297	212	-121	147	-3	354	1766	354	76515926	
-16012	274	-2268	344	-285	214	-121	147	-3	355	1771	355	76515935	
-16068	94	-2284	364	-271	214	-123	147	1	356	1776	356	76515966	
-15954	-20	-2266	373	-245	209	-123	147	1	357	1781	357	76515967	
-16052	-154	-2330	377	-217	198	-123	151	-3	358	1786	358	76515967	
-16082	-242	-2420	373	-186	192	-123	151	-3	359	1791	359	76515967	
-16058	-380	-2578	362	-150	180	-122	146	-4	360	1796	360	76515968	
-16036	-354	-2610	335	-114	168	-122	146	-4	361	1801	361	76515968	
-15940	-430	-2654	288	-79	153	-123	153	-1	362	1806	362	76515968	
-16060	-502	-2760	237	-46	136	-123	153	-1	363	1811	363	76516002	
-15940	-480	-2760	174	-34	114	-126	148	0	364	1816	364	76516002	
-15954	-484	-2698	107	-35	96	-126	148	0	365	1821	365	76516002	
-15882	-404	-2582	36	-50	85	-116	148	-6	366	1826	366	76516002	
-15980	-380	-2458	-26	-85	72	-116	148	-6	367	1831	367	76516003	
-15948	-210	-2392	-70	-123	57	-121	149	-3	368	1836	368	76516003	
-15928	-106	-2304	-104	-167	51	-121	149	-3	369	1841	369	76516003	
-16014	90	-2316	-134	-212	46	-123	149	-5	370	1846	370	76516013	
-16064	238	-2162	-146	-246	38	-123	149	-5	371	1851	371	76516046	
-16020	290	-2228	-158	-267	31	-119	151	-1	372	1856	372	76516047	
-16092	454	-2272	-180	-282	24	-119	151	-1	373	1861	373	76516047	
-16002	524	-2426	-202	-278	17	-122	146	-4	374	1866	374	76516047	
-15948	608	-2608	-216	-263	10	-122	146	-4	375	1871	375	76516048	
-16032	670	-2738	-236	-240	2	-125	147	-1	376	1876	376	76516048	
-15892	792	-2718	-264	-213	-4	-125	147	-1	377	1881	377	76516048	
-15868	822	-2780	-290	-177	-9	-120	150	2	378	1886	378	76516078	
-15800	892	-2836	-312	-143	-20	-120	150	2	379	1891	379	76516078	
-15796	882	-2640	-338	-125	-25	-124	150	-4	380	1896	380	76516078	
-15722	926	-2636	-355	-115	-26	-124	150	-4	381	1901	381	76516078	
-15740	954	-2518	-366	-113	-35	-122	148	-2	382	1906	382	76516078	
-15710	936	-2512	-377	-117	-44	-122	148	-2	383	1911	383	76516079	
-15704	966	-2468	-387	-135	-51	-125	147	1	384	1916	384	76516079	
-15726	976	-2408	-394	-157	-58	-125	147	1	385	1921	385	76516079	
-15890	978	-2366	-399	-168	-68	-124	150	2	386	1926	386	76516116	
-15826	904	-2378	-398	-179	-80	-124	150	2	387	1931	387	76516116	
-15998	892	-2340	-400	-188	-94	-125	143	5	388	1936	388	76516116	
-16030	948	-2474	-406	-195	-98	-125	143	5	389	1941	389	76516116	
-16018	868	-2492	-415	-200	-103	-118	144	-2	390	1946	390	76516116	
-16114	834	-2632	-431	-200	-107	-118	144	-2	391	1951	391	76516116	
-16104	786	-2672	-453	-197	-106	-120	150	2	392	1956	392	76516116	
-16254	728	-2538	-475	-188	-103	-120	150	2	393	1961	393	76516127	
-16176	716	-2468	-493	-171	-103	-128	148	2	394	1966	394	76516156	
-16018	672	-2380	-507	-147	-100	-128	148	2	395	1971	395	76516156	
-15884	660	-2250	-515	-136	-96	-127	153	1	396	1976	396	76516156	
-15912	684	-2190	-517	-131	-90	-127	153	1	397	1981	397	76516157	
-15672	794	-2070	-502	-134	-83	-128	150	0	398	1986	398	76516157	
-15558	782	-2028	-476	-156	-79	-128	150	0	399	1991	399	76516157	
-15374	754	-1984	-450	-197	-73	-123	151	3	400	1996	400	76516157	
-15358	784	-1982	-422	-242	-65	-123	151	3	401	2001	401	76516192	
-15520	846	-1924	-398	-303	-59	-123	151	5	402	2006	402	76516192	
-15482	798	-2162	-379	-360	-54	-123	151	5	403	2011	403	76516192	
-15740	722	-2170	-374	-412	-55	-119	149	3	404	2016	404	76516192	
-15878	724	-2270	-386	-446	-57	-119	149	3	405	2021	405	76516192	
-16054	686	-2404	-419	-464	-63	-124	150	8	406	2026	406	76516192	
-16124	636	-2378	-472	-450	-69	-124	150	8	407	2031	407	76516193	
-16450	574	-2406	-528	-407	-77	-126	154	2	408	2036	408	76516201	
-16448	600	-2236	-586	-333	-85	-126	154	2	409	2041	409	76516241	
-16382	522	-2132	-632	-256	-94	-130	150	0	410	2046	410	76516242	
-16358	608	-1872	-657	-179	-99	-130	150	0	411	2051	411	76516242	
-16372	682	-1672	-652	-130	-103	-125	145	1	412	2056	412	76516243	
-16356	816	-1574	-616	-98	-103	-125	145	1	413	2061	413	76516243	
-16290	832	-1414	-557	-87	-107	-121	147	3	414	2066	414	76516243	
-16268	938	-1378	-490	-82	-103	-121	147	3	415	2071	415	76516243	
-16394	930	-1536	-426	-76	-95	-120	154	6	416	2076	416	76516281	
-16290	916	-1632	-379	-69	-85	-120	154	6	417	2081	417	76516281	
-16334	970	-1766	-353	-69	-77	-126	148	2	418	2086	418	76516281	
-16306	996	-1792	-346	-78	-68	-126	148	2	419	2091	419	76516282	
-16250	1116	-1842	-359	-92	-57	-120	150	0	420	2096	420	76516282	
-16072	1078	-1994	-379	-112	-52	-120	150	0	421	2101	421	76516282	
-15954	1204	-2072	-414	-133	-48	-122	152	6	422	2106	422	76516282	
-15980	1172	-2140	-461	-158	-47	-122	152	6	423	2111	423	76516283	
-15964	1244	-2094	-505	-169	-42	-124	144	4	424	2116	424	76516340	
-15824	1266	-2126	-532	-164	-39	-124	144	4	425	2121	425	76516340	
-15828	1298	-2026	-552	-155	-36	-125	143	9	426	2126	426	76516340	
-15692	1332	-2088	-556	-137	-34	-125	143	9	427	2131	427	76516340	
-15732	1330	-1966	-538	-122	-36	-124	150	6	428	2136	428	76516340	
-15854	1268	-1944	-510	-103	-50	-124	150	6	429	2141	429	76516340	
-15762	1352	-1956	-476	-87	-60	-117	147	5	430	2146	430	76516340	
-16018	1314	-1858	-445	-66	-70	-117	147	5	431	2151	431	76516340	
-16096	1222	-1822	-415	-42	-77	-119	151	7	432	2156	432	76516340	
-16136	1158	-1768	-389	-17	-78	-119	151	7	433	2161	433	76516340	
-16142	1142	-1820	-368	2	-76	-123	153	5	434	2166	434	76516369	
-16210	1072	-1756	-365	18	-71	-123	153	5	435	2171	435	76516372	
-16268	1140	-1762	-373	14	-64	-124	142	12	436	2176	436	76516373	
-16276	1070	-1748	-383	-3	-57	-124	142	12	437	2181	437	76516373	
-16100	1144	-1766	-392	-31	-47	-120	146	2	438	2186	438	76516373	
-16128	1220	-1778	-395	-55	-36	-120	146	2	439	2191	439	76516373	
-16086	1216	-1802	-386	-79	-30	-124	154	4	440	2196	440	76516374	
-16032	1270	-1782	-377	-104	-22	-124	154	4	441	2201	441	76516374	
-16094	1342	-1732	-361	-126	-16	-122	150	10	442	2206	442	76516374	
-16148	1256	-1902	-335	-141	-9	-122	150	10	443	2211	443	76516390	
-16028	1260	-1688	-310	-145	-10	-127	149	5	444	2216	444	76516410	
-16008	1318	-1852	-277	-133	-9	-127	149	5	445	2221	445	76516411	
-16030	1208	-1854	-245	-115	-5	-124	144	10	446	2226	446	76516411	
-16026	1194	-1916	-218	-91	-2	-124	144	10	447	2231	447	76516411	
-15904	1162	-1956	-207	-72	0	-126	152	6	448	2236	448	76516412	
-15808	1086	-1972	-204	-73	1	-126	152	6	449	2241	449	76516412	
-15878	1198	-2076	-213	-78	1	-124	144	6	450	2246	450	76516412	
-15872	1160	-2004	-226	-90	-2	-124	144	6	451	2251	451	76516412	
-16054	1130	-1996	-235	-106	-7	-125	151	7	452	2256	452	76516412	
-16050	1078	-2064	-246	-119	-9	-125	151	7	453	2261	453	76516429	
-16094	1156	-1836	-251	-129	-15	-128	158	10	454	2266	454	76516449	
-16080	1182	-1706	-254	-134	-12	-128	158	10	455	2271	455	76516449	
-16146	1172	-1666	-251	-141	-13	-120	154	8	456	2276	456	76516449	
-16230	1222	-1616	-246	-145	-12	-120	154	8	457	2281	457	76516449	
-16344	1170	-1588	-237	-142	-7	-127	149	5	458	2286	458	76516449	
-16330	1222	-1600	-231	-137	-1	-127	149	5	459	2291	459	76516459	
-16330	1214	-1600	-220	-126	10	-127	151	11	460	2296	460	76516487	
-16340	1270	-1646	-207	-113	19	-127	151	11	461	2301	461	76516487	
-16162	1266	-1508	-193	-91	25	-126	152	14	462	2306	462	76516488	
-16162	1200	-1692	-179	-71	28	-126	152	14	463	2311	463	76516488	
-16096	1228	-1656	-171	-55	29	-122	152	8	464	2316	464	76516488	
-16024	1216	-1738	-163	-50	31	-122	152	8	465	2321	465	76516488	
-16052	1182	-1746	-154	-53	29	-122	160	8	466	2326	466	76516489	
-16124	1128	-1806	-149	-54	27	-122	160	8	467	2331	467	76516527	
-16100	1240	-1798	-141	-49	26	-130	148	4	468	2336	468	76516527	
-16110	1172	-1898	-125	-36	28	-130	148	4	469	2341	469	76516528	
-16080	1156	-1910	-116	-24	28	-128	148	10	470	2346	470	76516528	
-16018	1220	-1928	-108	-15	29	-128	148	10	471	2351	471	76516528	
-16054	1200	-1858	-106	-14	29	-129	151	9	472	2356	472	76516528	
-15986	1288	-1906	-105	-18	36	-129	151	9	473	2361	473	76516528	
-15986	1314	-1814	-94	-23	38	-125	149	5	474	2366	474	76516529	
-16002	1382	-1854	-82	-29	45	-125	149	5	475	2371	475	76516564	
-16126	1368	-1992	-73	-41	48	-125	151	11	476	2376	476	76516564	
-16156	1314	-2032	-72	-50	51	-125	151	11	477	2381	477	76516565	
-16228	1486	-2014	-83	-55	49	-122	148	4	478	2386	478	76516565	
-16128	1468	-2172	-94	-53	47	-122	148	4	479	2391	479	76516565	
-16180	1510	-2116	-111	-41	45	-120	150	8	480	2396	480	76516565	
-16216	1490	-2230	-116	-25	44	-120	150	8	481	2401	481	76516565	
-16314	1470	-2134	-122	1	40	-122	152	14	482	2406	482	76516565	
-16244	1504	-2168	-130	19	42	-122	152	14	483	2411	483	76516602	
-16206	1392	-2048	-131	33	40	-129	151	5	484	2416	484	76516602	
-16188	1428	-1968	-128	39	39	-129	151	5	485	2421	485	76516602	
-16124	1374	-1938	-111	35	39	-128	152	6	486	2426	486	76516602	
-16128	1312	-1992	-86	26	36	-128	152	6	487	2431	487	76516602	
-16024	1220	-1890	-55	11	36	-123	149	11	488	2436	488	76516602	
-15938	1162	-1916	-26	-12	40	-123	149	11	489	2441	489	76516602	
-15986	1054	-1888	-8	-39	41	-118	152	8	490	2446	490	76516611	
-16036	1078	-1838	8	-67	40	-118	152	8	491	2451	491	76516639	
-16020	1010	-1804	21	-84	38	-121	151	9	492	2456	492	76516640	
-15970	1008	-1856	35	-94	39	-121	151	9	493	2461	493	76516640	
-15880	1086	-1738	48	-95	38	-124	152	12	494	2466	494	76516640	
-15938	1046	-1766	69	-89	36	-124	152	12	495	2471	495	76516640	
-15954	1004	-1826	88	-83	33	-119	155	7	496	2476	496	76516640	
-15974	1018	-1814	104	-71	34	-119	155	7	497	2481	497	76516640	
-15988	1044	-1910	121	-54	32	-117	155	7	498	2486	498	76516677	
-16092	1020	-2010	142	-39	28	-117	155	7	499	2491	499	76516677	
-16056	1058	-1984	154	-32	32	-126	154	8	500	2496	500	76516677	
-16008	1060	-2054	157	-28	32	-126	154	8	501	2501	501	76516677	
-15894	1016	-2134	158	-40	36	-124	150	4	502	2506	502	76516678	
-15820	1078	-2082	151	-60	38	-124	150	4	503	2511	503	76516678	
-15760	1056	-2132	149	-91	44	-126	150	10	504	2516	504	76516678	
-15786	1048	-2178	146	-125	43	-126	150	10	505	2521	505	76516686	
-15802	994	-2154	142	-153	44	-122	152	8	506	2526	506	76516718	
-15792	952	-2080	133	-169	48	-122	152	8	507	2531	507	76516718	
-15928	938	-2118	119	-174	50	-125	151	9	508	2536	508	76516719	
-16020	970	-1986	102	-163	52	-125	151	9	509	2541	509	76516720	
-16012	908	-1994	80	-142	52	-127	153	9	510	2546	510	76516721	
-16022	1016	-1920	75	-118	50	-127	153	9	511	2551	511	76516721	
-15958	1026	-1760	74	-96	51	-122	148	6	512	2556	512	76516756	
-15890	1054	-1728	79	-78	54	-122	148	6	513	2561	513	76516800	
-15936	1152	-1736	92	-63	51	-130	152	12	514	2566	514	76516800	
-15972	1080	-1758	114	-51	52	-130	152	12	515	2571	515	76516800	
-15966	1182	-1834	131	-45	52	-116	148	8	516	2576	516	76516800	
-15950	1198	-1924	149	-44	52	-116	148	8	517	2581	517	76516801	
-16012	1196	-1878	157	-47	51	-123	151	9	518	2586	518	76516801	
-16068	1106	-2098	163	-52	53	-123	151	9	519	2591	519	76516801	
-16084	1162	-2096	159	-57	56	-121	147	5	520	2596	520	76516809	
-16076	1178	-2056	151	-67	60	-121	147	5	521	2601	521	76516844	
-16112	1178	-2056	151	-67	60	-121	147	5	522	2606	522	76516845	
-16192	1116	-2052	126	-79	65	-121	151	7	523	2611	523	76516845	
-16170	1192	-1948	115	-81	66	-123	153	11	524	2616	524	76516845	
-16060	1194	-1914	112	-73	70	-123	153	11	525	2621	525	76516845	
-16080	1148	-1830	111	-62	73	-123	151	5	526	2626	526	76516845	
-16084	1216	-1892	115	-47	83	-123	151	5	527	2631	527	76516846	
-16058	1138	-1886	134	-38	87	-125	151	11	528	2636	528	76516846	
-15934	1084	-1994	158	-33	94	-125	151	11	529	2641	529	76516846	
-15912	1090	-1968	188	-31	99	-123	149	5	530	2646	530	76516846	
-15872	1022	-2012	212	-36	109	-123	149	5	531	2651	531	76516847	
-15984	1014	-1960	223	-41	112	-122	150	12	532	2656	532	76516847	
-16022	930	-2052	223	-40	113	-122	150	12	533	2661	533	76516849	
-16106	980	-1988	201	-29	113	-117	149	11	534	2666	534	76516849	
-16190	908	-2090	171	-11	107	-117	149	11	535	2671	535	76516849	
-16264	916	-2008	136	4	100	-126	156	8	536	2676	536	76516849	
-16236	1016	-2052	108	22	90	-126	156	8	537	2681	537	76516882	
-16186	1068	-1972	91	37	83	-120	150	12	538	2686	538	76516882	
-16136	1068	-2040	83	40	75	-120	150	12	539	2691	539	76516882	
-16178	984	-2054	78	36	71	-130	152	8	540	2696	540	76516882	
-16194	892	-2168	77	21	65	-130	152	8	541	2701	541	76516882	
-16364	704	-2218	63	13	60	-116	156	8	542	2706	542	76516882	
-16372	626	-2242	46	5	55	-116	156	8	543	2711	543	76516882	
-16370	502	-2350	23	8	46	-124	154	6	544	2716	544	76516909	
-16302	504	-2400	-11	21	36	-124	154	6	545	2721	545	76516922	
-16250	434	-2356	-54	33	30	-127	153	5	546	2726	546	76516923	
-16146	394	-2376	-91	43	21	-127	153	5	547	2731	547	76516923	
-16134	300	-2248	-125	48	18	-127	151	5	548	2736	548	76516923	
-15940	410	-2200	-151	34	17	-127	151	5	549	2741	549	76516924	
-15894	314	-2046	-166	17	16	-120	154	6	550	2746	550	76516924	
-15854	422	-1974	-171	0	13	-120	154	6	551	2751	551	76516925	
-15840	496	-1852	-166	-22	11	-125	147	9	552	2756	552	76516925	
-15838	458	-1726	-153	-44	10	-125	147	9	553	2761	553	76516931	
-15860	470	-1702	-143	-63	11	-120	152	8	554	2766	554	76516953	
-15900	394	-1702	-136	-76	12	-120	152	8	555	2771	555	76516953	
-16032	334	-1656	-135	-78	8	-124	148	0	556	2776	556	76516953	
-16052	462	-1676	-151	-80	9	-124	148	0	557	2781	557	76516953	
-16022	436	-1658	-177	-74	0	-121	151	7	558	2786	558	76516953	
-16206	418	-1724	-209	-67	0	-121	151	7	559	2791	559	76516953	
-16166	570	-1716	-248	-52	-11	-126	152	12	560	2796	560	76516964	
-16284	526	-1740	-298	-36	-21	-126	152	12	561	2801	561	76516993	
-16100	560	-1774	-339	-19	-29	-126	152	4	562	2806	562	76516993	
-16112	568	-1712	-375	-4	-36	-126	152	4	563	2811	563	76516993	
-16220	554	-1800	-401	3	-38	-121	151	3	564	2816	564	76516993	
-16064	512	-1898	-421	3	-40	-121	151	3	565	2821	565	76516993	
-16060	504	-1862	-431	-3	-40	-127	157	5	566	2826	566	76516994	
-16102	364	-1908	-430	-22	-40	-127	157	5	567	2831	567	76516994	
-16170	288	-1818	-428	-42	-40	-124	150	12	568	2836	568	76517043	
-16310	148	-1894	-415	-62	-37	-124	150	12	569	2841	569	76517043	
-16142	96	-1788	-406	-75	-36	-121	155	15	570	2846	570	76517043	
-16302	18	-1808	-408	-80	-35	-121	155	15	571	2851	571	76517044	
-16180	-64	-1682	-412	-83	-32	-118	148	6	572	2856	572	76517044	
-16220	-146	-1714	-422	-79	-37	-118	148	6	573	2861	573	76517045	
-16132	-152	-1744	-454	-75	-38	-124	154	10	574	2866	574	76517045	
-16146	-166	-1812	-494	-64	-43	-124	154	10	575	2871	575	76517046	
-16094	-168	-1736	-543	-50	-51	-121	155	7	576	2876	576	76517070	
-16178	-216	-1826	-598	-40	-55	-121	155	7	577	2881	577	76517071	
-16014	-242	-1856	-664	-27	-60	-124	146	8	578	2886	578	76517071	
-16078	-276	-1930	-733	-11	-64	-124	146	8	579	2891	579	76517071	
-15976	-168	-1896	-800	-2	-73	-123	153	11	580	2896	580	76517071	
-15926	-144	-1988	-862	9	-81	-123	153	11	581	2901	581	76517072	
-15884	-196	-1992	-910	20	-86	-121	155	13	582	2906	582	76517072	
-15910	-142	-1978	-954	28	-96	-121	155	13	583	2911	583	76517072	
-15858	-124	-1972	-989	27	-105	-123	153	9	584	2916	584	76517097	
-15770	-58	-1976	-1013	19	-108	-123	153	9	585	2921	585	76517106	
-15842	-72	-1946	-1035	3	-114	-127	147	11	586	2926	586	76517106	
-15870	-118	-1952	-1055	-13	-119	-127	147	11	587	2931	587	76517106	
-15832	-50	-1914	-1073	-17	-121	-123	153	15	588	2936	588	76517106	
-15844	-94	-1894	-1089	-11	-124	-123	153	15	589	2941	589	76517106	
-15892	-154	-1890	-1114	-1	-123	-123	149	9	590	2946	590	76517106	
-16018	-202	-1842	-1148	19	-123	-123	149	9	591	2951	591	76517116	
-15934	-164	-1796	-1184	41	-122	-123	147	13	592	2956	592	76517145	
-15846	-110	-1794	-1235	60	-122	-123	147	13	593	2961	593	76517145	
-15920	-180	-1648	-1287	82	-124	-125	151	13	594	2966	594	76517145	
-15966	-228	-1690	-1353	102	-123	-125	151	13	595	2971	595	76517145	
-15998	-164	-1700	-1419	117	-130	-127	151	15	596	2976	596	76517145	
-15976	-120	-1692	-1491	129	-140	-127	151	15	597	2981	597	76517146	
-16142	-128	-1584	-1565	136	-151	-126	154	14	598	2986	598	76517146	
-16264	-118	-1758	-1627	144	-166	-126	154	14	599	2991	599	76517182	
-16216	52	-1648	-1692	160	-181	-125	153	15	600	2996	600	76517183	
-16266	88	-1732	-1743	179	-199	-125	153	15	601	3001	601	76517183	
-16228	192	-1730	-1784	197	-214	-122	152	16	602	3006	602	76517183	
-16294	318	-1710	-1824	209	-227	-122	152	16	603	3011	603	76517184	
-16276	372	-1788	-1852	208	-237	-126	152	16	604	3016	604	76517184	
-16248	468	-1844	-1866	205	-244	-126	152	16	605	3021	605	76517184	
-16342	536	-1884	-1865	214	-251	-126	154	14	606	3026	606	76517192	
-16396	520	-1898	-1864	229	-255	-126	154	14	607	3031	607	76517219	
-16446	584	-1850	-1859	259	-256	-122	152	16	608	3036	608	76517219	
-16334	590	-1868	-1860	306	-255	-122	152	16	609	3041	609	76517220	
-16480	526	-1856	-1879	353	-257	-119	151	11	610	3046	610	76517220	
-16290	600	-1738	-1897	404	-255	-119	151	11	611	3051	611	76517220	
-16400	590	-1770	-1912	441	-258	-125	153	19	612	3056	612	76517220	
-16380	702	-1856	-1921	460	-258	-125	153	19	613	3061	613	76517220	
-16340	702	-1786	-1922	472	-254	-125	159	17	614	3066	614	76517251	
-16334	796	-1834	-1927	475	-258	-125	159	17	615	3071	615	76517257	
-16420	698	-1890	-1932	477	-260	-120	158	10	616	3076	616	76517258	
-16486	770	-1974	-1951	476	-269	-120	158	10	617	3081	617	76517258	
-16500	764	-2036	-1974	474	-273	-122	148	12	618	3086	618	76517258	
-16364	726	-1940	-1990	469	-281	-122	148	12	619	3091	619	76517259	
-16220	876	-1990	-1999	453	-293	-125	147	13	620	3096	620	76517259	
-16216	806	-2014	-1998	443	-298	-125	147	13	621	3101	621	76517260	
-16250	766	-1926	-2006	424	-305	-122	150	18	622	3106	622	76517285	
-16348	794	-1936	-2010	396	-309	-122	150	18	623	3111	623	76517294	
-16302	812	-1936	-2023	376	-314	-127	153	23	624	3116	624	76517295	
-16228	770	-2080	-2038	367	-318	-127	153	23	625	3121	625	76517295	
-16236	820	-1878	-2056	366	-314	-121	149	21	626	3126	626	76517295	
-16314	854	-2026	-2062	367	-311	-121	149	21	627	3131	627	76517295	
-16334	874	-1920	-2066	375	-303	-130	154	22	628	3136	628	76517296	
-16334	906	-1876	-2064	381	-295	-130	154	22	629	3141	629	76517311	
-16316	878	-1814	-2056	387	-285	-127	153	17	630	3146	630	76517337	
-16152	852	-1832	-2056	381	-270	-127	153	17	631	3151	631	76517337	
-16048	794	-1920	-2055	369	-251	-124	156	16	632	3156	632	76517337	
-16152	720	-1940	-2058	359	-243	-124	156	16	633	3161	633	76517337	
-16064	680	-1984	-2060	349	-236	-126	154	24	634	3166	634	76517337	
-16068	738	-2080	-2071	330	-237	-126	154	24	635	3171	635	76517337	
-15956	834	-2042	-2079	313	-238	-122	162	20	636	3176	636	76517345	
-15894	814	-2034	-2081	302	-238	-122	162	20	637	3181	637	76517379	
-15818	646	-2008	-2075	294	-250	-123	149	21	638	3186	638	76517379	
-15792	652	-2008	-2086	277	-260	-123	149	21	639	3191	639	76517379	
-15964	556	-1952	-2105	263	-269	-126	154	24	640	3196	640	76517380	
-15914	490	-1950	-2129	242	-285	-126	154	24	641	3201	641	76517380	
-15956	544	-1880	-2160	219	-306	-126	152	28	642	3206	642	76517381	
-16008	472	-1948	-2187	207	-320	-126	152	28	643	3211	643	76517381	
-15992	470	-1948	-2217	198	-341	-122	154	24	644	3216	644	76517383	
-16034	374	-1918	-2246	190	-361	-122	154	24	645	3221	645	76517407	
-15942	358	-2006	-2282	190	-378	-125	159	21	646	3226	646	76517407	
-15936	364	-1972	-2315	202	-396	-125	159	21	647	3231	647	76517407	
-15976	226	-2074	-2349	216	-411	-123	153	27	648	3236	648	76517407	
-15932	154	-2008	-2375	226	-431	-123	153	27	649	3241	649	76517407	
-16012	154	-1984	-2400	239	-444	-124	158	26	650	3246	650	76517407	
-15988	172	-2108	-2419	252	-461	-124	158	26	651	3251	651	76517407	
-16096	80	-2098	-2437	266	-475	-120	154	24	652	3256	652	76517416	
-16118	156	-2122	-2454	275	-484	-120	154	24	653	3261	653	76517443	
-16036	148	-2076	-2477	276	-498	-122	156	32	654	3266	654	76517443	
-16042	172	-1992	-2491	274	-504	-122	156	32	655	3271	655	76517443	
-16060	110	-1994	-2501	274	-504	-123	161	25	656	3276	656	76517443	
-15986	176	-2012	-2505	270	-508	-123	161	25	657	3281	657	76517443	
-15976	194	-1918	-2512	272	-516	-118	160	28	658	3286	658	76517481	
-16046	278	-1984	-2516	271	-518	-118	160	28	659	3291	659	76517481	
-15986	278	-1982	-2524	267	-518	-123	163	29	660	3296	660	76517481	
-15918	262	-1946	-2539	259	-523	-123	163	29	661	3301	661	76517481	
-15906	312	-1992	-2557	251	-525	-125	159	33	662	3306	662	76517482	
-16114	232	-1966	-2585	237	-525	-125	159	33	663	3311	663	76517482	
-16024	356	-1848	-2618	226	-526	-126	154	36	664	3316	664	76517482	
-15984	274	-1880	-2644	222	-530	-126	154	36	665	3321	665	76517482	
-16044	286	-1758	-2669	223	-537	-120	156	32	666	3326	666	76517518	
-16222	202	-1738	-2702	226	-545	-120	156	32	667	3331	667	76517518	
-16278	272	-1652	-2735	252	-555	-118	160	28	668	3336	668	76517518	
-16282	268	-1638	-2753	304	-563	-118	160	28	669	3341	669	76517518	
-16188	338	-1698	-2776	364	-571	-117	157	31	670	3346	670	76517518	
-16180	392	-1758	-2794	418	-578	-117	157	31	671	3351	671	76517518	
-16108	410	-1802	-2805	469	-582	-121	159	31	672	3356	672	76517518	
-16232	482	-2016	-2811	521	-583	-121	159	31	673	3361	673	76517527	
-16142	544	-2048	-2813	563	-590	-125	159	37	674	3366	674	76517556	
-16286	502	-2168	-2817	601	-603	-125	159	37	675	3371	675	76517556	
-16218	550	-2284	-2842	640	-607	-122	158	42	676	3376	676	76517556	
-16348	580	-2228	-2871	673	-618	-122	158	42	677	3381	677	76517556	
-16378	678	-2294	-2891	704	-629	-121	155	35	678	3386	678	76517557	
-16458	728	-2196	-2909	735	-633	-121	155	35	679	3391	679	76517557	
-16346	814	-2154	-2921	777	-637	-119	161	33	680	3396	680	76517557	
-16486	726	-2182	-2934	812	-651	-119	161	33	681	3401	681	76517593	
-16402	750	-2104	-2940	840	-661	-114	164	36	682	3406	682	76517593	
-16372	800	-2136	-2946	852	-669	-114	164	36	683	3411	683	76517593	
-16306	932	-2110	-2935	851	-678	-120	166	36	684	3416	684	76517593	
-16312	980	-2068	-2914	838	-678	-120	166	36	685	3421	685	76517593	
-16088	1004	-2158	-2877	810	-681	-117	161	35	686	3426	686	76517593	
-16062	1154	-2230	-2829	770	-679	-117	161	35	687	3431	687	76517593	
-16058	1166	-2342	-2778	732	-671	-118	164	38	688	3436	688	76517603	
-16058	1178	-2404	-2723	687	-662	-118	164	38	689	3441	689	76517631	
-16084	1160	-2422	-2670	658	-657	-113	157	35	690	3446	690	76517631	
-16094	1272	-2476	-2620	632	-646	-113	157	35	691	3451	691	76517631	
-15938	1232	-2560	-2581	600	-639	-114	164	36	692	3456	692	76517632	
-15826	1276	-2608	-2553	559	-629	-114	164	36	693	3461	693	76517632	
-15740	1364	-2732	-2530	511	-622	-118	164	36	694	3466	694	76517632	
-15742	1392	-2806	-2508	463	-609	-118	164	36	695	3471	695	76517632	
-15644	1376	-2938	-2492	420	-592	-115	161	35	696	3476	696	76517668	
-15448	1342	-3022	-2474	386	-577	-115	161	35	697	3481	697	76517668	
-15478	1304	-3014	-2449	357	-568	-114	166	38	698	3486	698	76517668	
-15384	1268	-3134	-2438	328	-559	-114	166	38	699	3491	699	76517668	
-15352	1208	-3160	-2429	295	-559	-111	165	41	700	3496	700	76517668	
-15252	1240	-3178	-2410	267	-560	-111	165	41	701	3501	701	76517668	
-15274	1156	-3132	-2387	240	-570	-111	159	35	702	3506	702	76517668	
-15204	1156	-3162	-2362	214	-581	-111	159	35	703	3511	703	76517677	
-15196	980	-3280	-2341	199	-605	-111	163	41	704	3516	704	76517709	
-15302	936	-3302	-2341	186	-627	-111	163	41	705	3521	705	76517710	
-15344	846	-3250	-2343	169	-653	-113	165	39	706	3526	706	76517710	
-15354	786	-3142	-2354	144	-683	-113	165	39	707	3531	707	76517710	
-15348	814	-3012	-2364	116	-712	-110	164	46	708	3536	708	76517710	
-15328	820	-3020	-2380	72	-740	-110	164	46	709	3541	709	76517710	
-15392	750	-2908	-2387	19	-760	-109	165	47	710	3546	710	76517711	
-15410	734	-2968	-2390	-35	-774	-109	165	47	711	3551	711	76517747	
-15654	608	-2886	-2390	-90	-787	-111	165	43	712	3556	712	76517747	
-15806	556	-2922	-2398	-135	-791	-111	165	43	713	3561	713	76517747	
-15916	632	-2860	-2405	-171	-791	-109	165	43	714	3566	714	76517747	
-15988	732	-2814	-2405	-196	-781	-109	165	43	715	3571	715	76517747	
-16186	638	-2676	-2391	-214	-774	-113	165	43	716	3576	716	76517747	
-16042	786	-2790	-2363	-220	-753	-113	165	43	717	3581	717	76517747	
-16106	708	-2754	-2337	-216	-731	-111	167	47	718	3586	718	76517752	
-15996	690	-2756	-2307	-210	-707	-111	167	47	719	3591	719	76517780	
-15968	704	-2836	-2274	-202	-682	-103	169	43	720	3596	720	76517781	
-15932	680	-2814	-2240	-195	-659	-103	169	43	721	3601	721	76517781	
-15948	802	-2614	-2209	-198	-640	-106	164	46	722	3606	722	76517781	
-15970	664	-2748	-2175	-205	-625	-106	164	46	723	3611	723	76517781	
-16026	766	-2690	-2146	-209	-617	-109	169	49	724	3616	724	76517781	
-16026	750	-2726	-2131	-201	-609	-109	169	49	725	3621	725	76517781	
-16038	738	-2642	-2121	-186	-608	-103	169	45	726	3626	726	76517822	
-16006	804	-2614	-2111	-164	-609	-103	169	45	727	3631	727	76517822	
-15806	798	-2724	-2098	-152	-613	-98	170	48	728	3636	728	76517822	
-15696	820	-2698	-2096	-140	-617	-98	170	48	729	3641	729	76517823	
-15744	746	-2852	-2097	-132	-625	-99	169	49	730	3646	730	76517823	
-15692	750	-2910	-2103	-135	-626	-99	169	49	731	3651	731	76517823	
-15650	820	-2944	-2097	-140	-630	-99	171	49	732	3656	732	76517823	
-15708	798	-2960	-2086	-152	-636	-99	171	49	733	3661	733	76517838	
-15752	698	-3026	-2074	-154	-643	-100	170	54	734	3666	734	76517859	
-15818	668	-3066	-2076	-143	-646	-100	170	54	735	3671	735	76517860	
-15846	600	-3118	-2068	-126	-649	-96	166	52	736	3676	736	76517860	
-15778	658	-3124	-2069	-113	-648	-96	166	52	737	3681	737	76517860	
-15792	646	-3104	-2064	-92	-647	-100	170	52	738	3686	738	76517860	
-15914	650	-3064	-2051	-78	-647	-100	170	52	739	3691	739	76517860	
-15892	554	-3034	-2043	-69	-645	-96	166	56	740	3696	740	76517860	
-15780	572	-3120	-2040	-63	-644	-96	166	56	741	3701	741	76517861	
-15788	466	-3052	-2045	-60	-644	-97	171	45	742	3706	742	76517897	
-15994	504	-3112	-2048	-51	-646	-97	171	45	743	3711	743	76517897	
-16052	438	-3122	-2045	-35	-652	-96	168	48	744	3716	744	76517897	
-16004	370	-3140	-2030	-27	-644	-96	168	48	745	3721	745	76517898	
-15836	368	-3098	-2031	-39	-634	-92	170	52	746	3726	746	76517898	
-15866	408	-3016	-2037	-41	-628	-92	170	52	747	3731	747	76517898	
-15950	402	-3046	-2036	-37	-621	-96	170	56	748	3736	748	76517898	
-15868	412	-3036	-2022	-31	-607	-96	170	56	749	3741	749	76517908	
-15810	388	-3030	-2004	-20	-600	-89	169	55	750	3746	750	76517939	
-15758	448	-2910	-1988	-18	-586	-89	169	55	751	3751	751	76517939	
-15672	480	-2808	-1965	-36	-569	-96	166	58	752	3756	752	76517939	
-15646	532	-2832	-1929	-73	-550	-96	166	58	753	3761	753	76517939	
-15524	562	-2760	-1894	-126	-533	-93	171	51	754	3766	754	76517940	
-15526	512	-2770	-1848	-177	-525	-93	171	51	755	3771	755	76517940	
-15526	588	-2682	-1806	-214	-519	-94	174	62	756	3776	756	76517948	
-15502	550	-2716	-1761	-239	-512	-94	174	62	757	3781	757	76517983	
-15550	584	-2626	-1719	-257	-506	-95	171	55	758	3786	758	76517984	
-15574	546	-2646	-1698	-266	-498	-95	171	55	759	3791	759	76517984	
-15748	516	-2688	-1674	-265	-492	-94	168	54	760	3796	760	76517985	
-15832	414	-2782	-1650	-262	-488	-94	168	54	761	3801	761	76517986	
-15832	440	-2812	-1632	-253	-489	-89	173	57	762	3806	762	76517986	
-16036	426	-2936	-1617	-243	-491	-89	173	57	763	3811	763	76517986	
-16086	450	-2878	-1602	-224	-493	-87	173	53	764	3816	764	76517987	
-16216	416	-2924	-1590	-201	-494	-87	173	53	765	3821	765	76518074	
-16318	388	-2990	-1585	-172	-499	-91	171	61	766	3826	766	76518085	
-16374	494	-2980	-1579	-147	-499	-91	171	61	767	3831	767	76518085	
-16338	574	-2860	-1567	-128	-497	-92	170	56	768	3836	768	76518085	
-16376	672	-2830	-1545	-117	-490	-92	170	56	769	3841	769	76518085	
-16422	830	-2844	-1523	-111	-480	-90	172	58	770	3846	770	76518085	
-16320	830	-2798	-1494	-111	-474	-90	172	58	771	3851	771	76518085	
-16320	950	-2670	-1461	-107	-459	-86	168	58	772	3856	772	76518085	
-16312	1040	-2642	-1401	-100	-435	-86	168	58	773	3861	773	76518098	
-16280	1048	-2632	-1337	-102	-414	-89	169	63	774	3866	774	76518098	
-16170	1172	-2646	-1268	-106	-391	-89	169	63	775	3871	775	76518098	
-16158	1080	-2612	-1200	-128	-375	-88	182	54	776	3876	776	76518098	
-16134	1158	-2664	-1135	-146	-357	-88	182	54	777	3881	777	76518098	
-16016	1218	-2884	-1082	-166	-344	-85	173	61	778	3886	778	76518098	
-16072	1204	-2940	-1023	-174	-335	-85	173	61	779	3891	779	76518098	
-16048	1174	-2938	-966	-176	-326	-79	175	61	780	3896	780	76518098	
-15936	1084	-3006	-919	-169	-325	-79	175	61	781	3901	781	76518098	
-15988	1004	-2992	-878	-161	-322	-80	166	64	782	3906	782	76518098	
-15864	1064	-2996	-845	-152	-318	-80	166	64	783	3911	783	76518098	
-15880	986	-3024	-818	-157	-315	-83	171	61	784	3916	784	76518098	
-15854	1022	-2872	-787	-169	-309	-83	171	61	785	3921	785	76518098	
-15764	932	-2796	-758	-197	-302	-83	175	61	786	3926	786	76518117	
-15646	1000	-2684	-725	-232	-298	-83	175	61	787	3931	787	76518138	
-15620	1022	-2486	-683	-272	-287	-86	172	62	788	3936	788	76518139	
-15786	938	-2552	-629	-310	-285	-86	172	62	789	3941	789	76518139	
-15644	920	-2410	-576	-336	-276	-86	172	58	790	3946	790	76518139	
-15744	854	-2362	-527	-350	-268	-86	172	58	791	3951	791	76518140	
-15924	814	-2352	-486	-342	-269	-85	171	61	792	3956	792	76518140	
-15974	754	-2362	-434	-314	-261	-85	171	61	793	3961	793	76518140	
-16082	754	-2284	-381	-273	-254	-81	175	65	794	3966	794	76518140	
-16132	726	-2326	-341	-222	-241	-81	175	65	795	3971	795	76518141	
-16138	572	-2480	-312	-160	-233	-80	174	64	796	3976	796	76518147	
-16070	552	-2524	-289	-109	-213	-80	174	64	797	3981	797	76518176	
-15970	522	-2644	-275	-73	-193	-81	179	61	798	3986	798	76518176	
-15890	540	-2704	-255	-52	-170	-81	179	61	799	3991	799	76518177	
-15936	382	-2662	-245	-44	-151	-84	176	68	800	3996	800	76518177	
-15986	420	-2774	-225	-48	-129	-84	176	68	801	4001	801	76518178	
-16016	346	-2746	-215	-51	-112	-82	180	62	802	4006	802	76518179	
-15958	434	-2712	-196	-58	-103	-82	180	62	803	4011	803	76518179	
-16056	366	-2774	-177	-60	-96	-78	178	62	804	4016	804	76518184	
-16264	324	-2800	-164	-55	-87	-78	178	62	805	4021	805	76518213	
-16198	250	-2762	-150	-48	-78	-79	171	63	806	4026	806	76518213	
-16272	262	-2660	-135	-39	-71	-79	171	63	807	4031	807	76518213	
-16326	260	-2610	-116	-20	-61	-81	175	65	808	4036	808	76518213	
-16258	236	-2588	-82	-5	-52	-81	175	65	809	4041	809	76518214	
-16204	302	-2532	-39	18	-46	-81	177	65	810	4046	810	76518214	
-16180	266	-2492	6	53	-42	-81	177	65	811	4051	811	76518214	
-16088	274	-2562	43	91	-35	-79	171	57	812	4056	812	76518221	
-16212	218	-2506	76	132	-27	-79	171	57	813	4061	813	76518251	
-16196	228	-2494	110	171	-21	-78	174	66	814	4066	814	76518251	
-16072	244	-2480	141	205	-11	-78	174	66	815	4071	815	76518251	
-15902	260	-2494	153	225	-3	-83	167	63	816	4076	816	76518252	
-15868	236	-2460	157	227	8	-83	167	63	817	4081	817	76518252	
-15854	118	-2450	159	214	16	-75	173	59	818	4086	818	76518252	
-15654	150	-2514	161	180	21	-75	173	59	819	4091	819	76518252	
-15738	120	-2592	155	137	32	-78	168	62	820	4096	820	76518276	
-15738	-42	-2552	159	92	38	-78	168	62	821	4101	821	76518288	
-15722	-6	-2540	157	47	41	-77	175	57	822	4106	822	76518289	
-15776	-120	-2446	150	15	41	-77	175	57	823	4111	823	76518289	
-15854	-168	-2554	143	-14	40	-81	175	57	824	4116	824	76518289	
-15942	-162	-2444	137	-22	41	-81	175	57	825	4121	825	76518290	
-16032	-268	-2424	136	-13	38	-77	173	61	826	4126	826	76518290	
-16088	-378	-2346	145	10	34	-77	173	61	827	4131	827	76518296	
-16084	-426	-2480	156	34	34	-81	173	65	828	4136	828	76518326	
-16160	-414	-2368	174	62	30	-81	173	65	829	4141	829	76518326	
-16180	-510	-2348	202	95	28	-82	176	58	830	4146	830	76518326	
-16050	-572	-2488	208	122	28	-82	176	58	831	4151	831	76518327	
-16130	-588	-2474	210	145	26	-80	174	66	832	4156	832	76518327	
-16116	-660	-2656	202	167	24	-80	174	66	833	4161	833	76518327	
-16060	-684	-2770	202	179	17	-79	173	65	834	4166	834	76518334	
-16104	-726	-2696	198	184	12	-79	173	65	835	4171	835	76518363	
-16086	-748	-2886	189	181	4	-79	175	63	836	4176	836	76518363	
-16048	-750	-2710	173	173	0	-79	175	63	837	4181	837	76518363	
-16034	-688	-2720	157	150	-6	-79	175	61	838	4186	838	76518363	
-16000	-686	-2690	138	114	-11	-79	175	61	839	4191	839	76518363	
-15870	-640	-2554	105	67	-22	-82	178	58	840	4196	840	76518363	
-15932	-556	-2458	69	14	-29	-82	178	58	841	4201	841	76518363	
-16162	-586	-2408	34	-36	-37	-77	175	65	842	4206	842	76518391	
-16270	-460	-2372	9	-78	-49	-77	175	65	843	4211	843	76518403	
-16378	-480	-2228	-3	-95	-60	-77	175	59	844	4216	844	76518403	
-16434	-432	-2214	-16	-88	-67	-77	175	59	845	4221	845	76518403	
-16472	-350	-2122	-27	-64	-76	-80	176	52	846	4226	846	76518403	
-16366	-240	-2146	-33	-23	-81	-80	176	52	847	4231	847	76518403	
-16280	-214	-2168	-31	23	-82	-81	171	61	848	4236	848	76518403	
-16312	-192	-2302	-20	69	-83	-81	171	61	849	4241	849	76518409	
-16280	-64	-2306	0	101	-84	-75	171	57	850	4246	850	76518440	
-16236	-84	-2396	20	129	-85	-75	171	57	851	4251	851	76518440	
-16242	50	-2504	39	150	-79	-77	173	65	852	4256	852	76518440	
-16080	110	-2464	64	160	-74	-77	173	65	853	4261	853	76518440	
-16052	152	-2562	82	163	-63	-80	176	56	854	4266	854	76518440	
-16150	220	-2592	95	167	-57	-80	176	56	855	4271	855	76518440	
-16216	290	-2584	103	169	-47	-78	178	60	856	4276	856	76518440	
-15982	310	-2658	106	163	-38	-78	178	60	857	4281	857	76518464	
-15972	398	-2704	104	161	-30	-78	172	64	858	4286	858	76518483	
-16012	444	-2604	97	159	-20	-78	172	64	859	4291	859	76518483	
-15908	520	-2522	90	157	-11	-81	175	63	860	4296	860	76518484	
-15914	584	-2534	85	155	-6	-81	175	63	861	4301	861	76518484	
-15702	540	-2532	80	156	-1	-74	168	62	862	4306	862	76518484	
-15720	552	-2532	82	153	5	-74	168	62	863	4311	863	76518484	
-15702	534	-2428	104	140	6	-79	177	57	864	4316	864	76518485	
-15598	496	-2504	137	115	11	-79	177	57	865	4321	865	76518515	
-15476	558	-2506	192	81	15	-82	174	62	866	4326	866	76518515	
-15584	530	-2602	248	32	17	-82	174	62	867	4331	867	76518516	
-15538	470	-2688	308	-15	25	-79	177	61	868	4336	868	76518516	
-15548	434	-2810	367	-63	39	-79	177	61	869	4341	869	76518516	
-15698	404	-2884	420	-104	53	-81	171	59	870	4346	870	76518517	
-15832	308	-2930	473	-133	67	-81	171	59	871	4351	871	76518517	
-15760	286	-2850	535	-151	87	-74	166	56	872	4356	872	76518518	
-15970	212	-2910	574	-157	109	-74	166	56	873	4361	873	76518518	
-15948	192	-2978	594	-152	132	-81	175	59	874	4366	874	76518523	
-15966	140	-2904	602	-148	158	-81	175	59	875	4371	875	76518552	
-15980	44	-2970	583	-139	180	-80	178	62	876	4376	876	76518552	
-15846	54	-2904	556	-131	198	-80	178	62	877	4381	877	76518553	
-15814	28	-2848	525	-133	220	-77	173	57	878	4386	878	76518553	
-15756	52	-2812	490	-136	228	-77	173	57	879	4391	879	76518553	
-15888	-54	-2706	459	-134	235	-75	171	61	880	4396	880	76518553	
-15978	-20	-2738	431	-128	239	-75	171	61	881	4401	881	76518554	
-15932	-110	-2734	410	-118	236	-79	175	61	882	4406	882	76518590	
-15842	-110	-2666	388	-98	228	-79	175	61	883	4411	883	76518590	
-15810	-182	-2600	373	-83	213	-80	170	58	884	4416	884	76518590	
-15754	-212	-2570	367	-74	198	-80	170	58	885	4421	885	76518590	
-15870	-278	-2482	365	-67	179	-78	178	58	886	4426	886	76518619	
-15930	-294	-2510	365	-73	163	-78	178	58	887	4431	887	76518620	
-15928	-362	-2446	371	-81	150	-78	178	56	888	4436	888	76518620	
-15928	-416	-2506	376	-95	143	-78	178	56	889	4441	889	76518620	
-16056	-342	-2550	379	-111	134	-80	172	60	890	4446	890	76518620	
-16188	-424	-2646	388	-133	133	-80	172	60	891	4451	891	76518621	
-16074	-470	-2520	389	-148	133	-76	172	52	892	4456	892	76518621	
-16210	-416	-2670	386	-160	135	-76	172	52	893	4461	893	76518629	
-16284	-378	-2640	383	-162	144	-78	170	58	894	4466	894	76518657	
-16254	-290	-2730	388	-165	152	-78	170	58	895	4471	895	76518657	
-16208	-390	-2712	390	-151	159	-79	171	55	896	4476	896	76518657	
-16280	-320	-2746	391	-135	168	-79	171	55	897	4481	897	76518657	
-16196	-314	-2720	397	-112	178	-82	176	60	898	4486	898	76518657	
-16240	-308	-2688	403	-97	187	-82	176	60	899	4491	899	76518657	
-16064	-200	-2688	406	-89	190	-78	178	58	900	4496	900	76518657	
-16132	-220	-2760	414	-92	189	-78	178	58	901	4501	901	76518666	
-16002	-226	-2604	422	-97	191	-81	175	65	902	4506	902	76518696	
-16066	-136	-2684	428	-103	190	-81	175	65	903	4511	903	76518696	
-16084	-156	-2638	430	-106	186	-81	169	63	904	4516	904	76518696	
-16066	-146	-2672	425	-106	179	-81	169	63	905	4521	905	76518696	
-16032	-178	-2650	416	-102	169	-81	169	57	906	4526	906	76518697	
-15926	-136	-2512	407	-97	161	-81	169	57	907	4531	907	76518697	
-15944	-72	-2556	395	-93	150	-81	173	55	908	4536	908	76518697	
-15840	-70	-2582	382	-90	142	-81	173	55	909	4541	909	76518749	
-15874	-74	-2516	367	-85	133	-81	179	61	910	4546	910	76518749	
-15840	-24	-2634	358	-85	129	-81	179	61	911	4551	911	76518749	
-15920	18	-2618	349	-86	123	-86	172	60	912	4556	912	76518750	
-15848	0	-2702	339	-85	122	-86	172	60	913	4561	913	76518750	
-15962	-40	-2612	335	-84	121	-87	177	55	914	4566	914	76518750	
-16126	36	-2586	332	-80	123	-87	177	55	915	4571	915	76518750	
-16062	38	-2524	329	-71	123	-80	178	62	916	4576	916	76518750	
-16160	-16	-2490	337	-58	129	-80	178	62	917	4581	917	76518769	
-16232	-98	-2470	349	-47	131	-83	175	61	918	4586	918	76518769	
-16172	-134	-2526	362	-33	139	-83	175	61	919	4591	919	76518769	
-16128	-106	-2528	371	-26	141	-86	176	60	920	4596	920	76518769	
-16110	-156	-2600	379	-14	145	-86	176	60	921	4601	921	76518769	
-16078	-164	-2584	386	-4	145	-83	179	53	922	4606	922	76518769	
-16054	-162	-2560	384	3	144	-83	179	53	923	4611	923	76518770	
-16116	-242	-2684	373	11	138	-76	172	60	924	4616	924	76518799	
-16006	-314	-2736	359	21	132	-76	172	60	925	4621	925	76518807	
-15974	-342	-2606	334	29	126	-79	175	59	926	4626	926	76518807	
-15986	-432	-2670	302	30	114	-79	175	59	927	4631	927	76518807	
-15964	-486	-2670	263	41	101	-82	174	58	928	4636	928	76518807	
-15968	-524	-2662	227	47	92	-82	174	58	929	4641	929	76518807	
-15970	-640	-2580	183	63	82	-81	177	61	930	4646	930	76518807	
-15994	-576	-2618	145	80	71	-81	177	61	931	4651	931	76518817	
-15940	-626	-2578	106	94	62	-80	176	62	932	4656	932	76518846	
-16042	-700	-2618	79	108	54	-80	176	62	933	4661	933	76518846	
-16044	-646	-2490	59	118	46	-84	172	66	934	4666	934	76518846	
-15988	-638	-2504	52	125	41	-84	172	66	935	4671	935	76518847	
-16038	-676	-2560	55	123	43	-75	177	55	936	4676	936	76518848	
-15908	-594	-2552	62	116	46	-75	177	55	937	4681	937	76518848	
-15896	-538	-2586	75	106	48	-77	177	49	938	4686	938	76518849	
-15938	-518	-2730	91	89	52	-77	177	49	939	4691	939	76518872	
-16052	-528	-2776	105	67	60	-81	175	61	940	4696	940	76518882	
-15952	-502	-2794	121	42	67	-81	175	61	941	4701	941	76518882	
-15948	-468	-2836	130	12	73	-85	177	55	942	4706	942	76518883	
-15980	-418	-2884	134	-14	80	-85	177	55	943	4711	943	76518883	
-15900	-394	-2990	128	-35	82	-84	172	58	944	4716	944	76518883	
-15960	-396	-3012	119	-48	81	-84	172	58	945	4721	945	76518883	
-16048	-422	-2848	101	-50	81	-85	175	59	946	4726	946	76518884	
-15900	-414	-2890	78	-37	76	-85	175	59	947	4731	947	76518912	
-16002	-438	-2802	47	-21	70	-81	175	63	948	4736	948	76518924	
-16002	-424	-2784	11	-8	65	-81	175	63	949	4741	949	76518924	
-15818	-384	-2782	-23	2	55	-83	171	61	950	4746	950	76518924	
-15888	-448	-2736	-58	5	46	-83	171	61	951	4751	951	76518924	
-15786	-490	-2726	-89	-2	38	-89	173	59	952	4756	952	76518924	
-15728	-480	-2722	-117	-13	31	-89	173	59	953	4761	953	76518924	
-15766	-496	-2686	-142	-27	26	-82	176	58	954	4766	954	76518962	
-15798	-584	-2810	-160	-46	19	-82	176	58	955	4771	955	76518962	
-15802	-532	-2770	-167	-57	17	-84	174	60	956	4776	956	76518963	
-15816	-488	-2758	-170	-63	21	-84	174	60	957	4781	957	76518963	
-15912	-522	-2736	-161	-71	19	-85	175	59	958	4786	958	76518963	
-15734	-554	-2666	-149	-77	21	-85	175	59	959	4791	959	76518963	
-15956	-504	-2682	-130	-79	27	-84	172	54	960	4796	960	76518964	
-15852	-476	-2674	-115	-79	30	-84	172	54	961	4801	961	76518978	
-15830	-464	-2650	-97	-80	39	-80	172	52	962	4806	962	76518998	
-15882	-374	-2756	-89	-79	49	-80	172	52	963	4811	963	76518999	
-15864	-326	-2816	-79	-82	56	-85	175	61	964	4816	964	76518999	
-15888	-408	-2880	-72	-86	64	-85	175	61	965	4821	965	76518999	
-15890	-312	-2930	-70	-93	70	-85	173	61	966	4826	966	76518999	
-15968	-240	-2952	-70	-98	76	-85	173	61	967	4831	967	76518999	
-15868	-174	-3026	-69	-107	78	-81	171	55	968	4836	968	76518999	
-15890	-148	-3024	-70	-118	79	-81	171	55	969	4841	969	76519000	
-15982	-200	-2970	-75	-125	83	-80	172	54	970	4846	970	76519038	
-15946	-136	-2982	-78	-130	84	-80	172	54	971	4851	971	76519075	
-15842	-122	-2880	-79	-132	82	-78	176	56	972	4856	972	76519076	
-15908	-186	-2878	-74	-128	75	-78	176	56	973	4861	973	76519076	
-15952	-192	-2856	-78	-127	71	-82	176	60	974	4866	974	76519076	
-15914	-116	-2848	-75	-126	68	-82	176	60	975	4871	975	76519076	
-15872	-178	-2694	-72	-124	62	-83	177	57	976	4876	976	76519077	
-15860	-244	-2830	-63	-125	59	-83	177	57	977	4881	977	76519077	
-15896	-268	-2776	-51	-129	54	-87	171	61	978	4886	978	76519077	
-15796	-252	-2844	-38	-137	52	-87	171	61	979	4891	979	76519077	
-15848	-308	-2706	-16	-151	53	-86	176	60	980	4896	980	76519077	
-15832	-338	-2770	11	-173	51	-86	176	60	981	4901	981	76519078	
-15644	-362	-2626	39	-200	49	-79	179	65	982	4906	982	76519078	
-15846	-346	-2554	65	-231	53	-79	179	65	983	4911	983	76519078	
-15922	-392	-2568	86	-260	57	-87	167	63	984	4916	984	76519078	
-15960	-414	-2558	107	-281	66	-87	167	63	985	4921	985	76519101	
-15854	-442	-2428	121	-285	73	-85	173	67	986	4926	986	76519112	
-15998	-426	-2436	132	-281	80	-85	173	67	987	4931	987	76519112	
-15910	-496	-2444	136	-276	80	-78	174	56	988	4936	988	76519112	
-15950	-410	-2376	129	-267	80	-78	174	56	989	4941	989	76519112	
-15904	-378	-2388	123	-258	78	-85	175	65	990	4946	990	76519113	
-15796	-284	-2386	106	-253	74	-85	175	65	991	4951	991	76519113	
-16000	-270	-2354	92	-243	73	-85	167	59	992	4956	992	76519123	
-16020	-264	-2430	73	-235	72	-85	167	59	993	4961	993	76519148	
-16032	-202	-2420	50	-232	69	-83	173	65	994	4966	994	76519148	
-16064	-166	-2624	38	-230	66	-83	173	65	995	4971	995	76519149	
-16166	-74	-2572	22	-228	62	-86	176	62	996	4976	996	76519149	
-16284	-74	-2566	14	-226	66	-86	176	62	997	4981	997	76519149	
