-6776	-2004	-17984	-2036	1877	-1255	-94	52	-138	921	4605	921	70339756
-6732	-2068	-17796	-1601	1969	-1312	-94	52	-138	922	4610	922	70339756
-6696	-2076	-17488	-1521	2080	-1328	-93	51	-145	923	4615	923	70339756
-6638	-1866	-16634	-1514	2558	-1306	-93	51	-145	924	4620	924	70339757
-6334	-1624	-16088	-1273	2857	-1250	-95	53	-143	925	4625	925	70339757
-6374	-1830	-16636	-774	2600	-1199	-95	53	-143	926	4630	926	70339757
-6612	-1972	-17044	-653	2484	-1177	-91	53	-143	927	4635	927	70339758
-6640	-2230	-17404	-807	2571	-1149	-91	53	-143	928	4640	928	70339781
-6530	-2304	-17138	-1274	2903	-1132	-94	54	-144	929	4645	929	70339781
-6362	-2290	-17144	-1467	3060	-1111	-94	54	-144	930	4650	930	70339782
-6018	-2352	-17584	-1809	3234	-1007	-93	47	-141	931	4655	931	70339782
-6020	-2362	-17834	-2441	3326	-873	-93	47	-141	932	4660	932	70339782
-5984	-2198	-17722	-2743	3322	-823	-96	58	-140	933	4665	933	70339783
-5760	-1942	-17346	-3204	3142	-673	-96	58	-140	934	4670	934	70339783
-5602	-1764	-16918	-3516	2873	-466	-98	58	-142	935	4675	935	70339784
-5604	-1750	-16888	-3651	2956	-302	-98	58	-142	936	4680	936	70339784
-5734	-1950	-17530	-3629	3069	-228	-95	51	-143	937	4685	937	70339784
-5912	-2342	-18646	-3684	3470	-79	-95	51	-143	938	4690	938	70339785
-6132	-2354	-18944	-4203	3966	124	-101	51	-141	939	4695	939	70339785
-6190	-2474	-19166	-4329	4133	231	-101	51	-141	940	4700	940	70339897
-6556	-2814	-19776	-4357	4311	373	-99	51	-135	941	4705	941	70339897
-7196	-2850	-20200	-4924	4781	479	-99	51	-135	942	4710	942	70339898
-7302	-2680	-20424	-5399	5095	562	-100	48	-140	943	4715	943	70339898
-7636	-2054	-20496	-6633	5755	815	-100	48	-140	944	4720	944	70339899
-7766	-1426	-20646	-7643	6601	997	-100	48	-142	945	4725	945	70339899
-7610	-1148	-20754	-8182	7067	1207	-100	48	-142	946	4730	946	70339899
-7532	-474	-21084	-8034	7086	1294	-103	47	-145	947	4735	947	70339900
-7730	-184	-21346	-7070	7040	1418	-103	47	-145	948	4740	948	70339900
-7980	480	-21638	-6141	7260	1452	-101	47	-145	949	4745	949	70339900
-7688	876	-21550	-6043	7764	1482	-101	47	-145	950	4750	950	70339901
-7062	1496	-20964	-6419	9067	1721	-111	47	-145	951	4755	951	70339901
-5876	1952	-19920	-6120	9994	1962	-111	47	-145	952	4760	952	70339926
-5520	1958	-20230	-5218	10118	1969	-105	41	-141	953	4765	953	70339926
-5616	1666	-21338	-2879	10207	1825	-105	41	-141	954	4770	954	70339927
-5340	1806	-21288	-1582	10314	1723	-104	38	-142	955	4775	955	70339927
-5226	1902	-21036	-1158	10351	1694	-104	38	-142	956	4780	956	70339927
-5146	2178	-20548	-211	10848	1561	-108	40	-144	957	4785	957	70339928
-4688	2204	-19964	750	11535	1472	-108	40	-144	958	4790	958	70339928
-4468	1988	-20178	1815	11833	1415	-103	39	-145	959	4795	959	70339929
-4578	1852	-20260	2260	12028	1398	-103	39	-145	960	4800	960	70339929
-4550	1552	-20082	2995	12500	1232	-102	36	-150	961	4805	961	70339931
-4414	1284	-20442	3053	12727	1080	-102	36	-150	962	4810	962	70339932
-4404	1316	-20554	2866	12763	1034	-103	31	-147	963	4815	963	70339932
-4206	1148	-20410	2839	12892	1017	-103	31	-147	964	4820	964	70339932
-3928	854	-20280	3390	12792	977	-103	35	-143	965	4825	965	70339953
-3798	632	-20122	3945	12702	947	-103	35	-143	966	4830	966	70339954
-3958	192	-20138	5089	12785	830	-104	28	-152	967	4835	967	70339954
-3610	492	-18486	4960	13674	628	-104	28	-152	968	4840	968	70339955
-3064	698	-17894	5277	14090	549	-102	32	-146	969	4845	969	70339955
-2926	1404	-18574	5796	14054	562	-102	32	-146	970	4850	970	70339955
-3100	1596	-19276	6773	14014	572	-96	32	-144	971	4855	971	70339956
-3006	1696	-19454	7670	14127	609	-96	32	-144	972	4860	972	70339958
-2918	1840	-19610	8087	14246	590	-96	26	-144	973	4865	973	70339958
-2238	2070	-19364	8969	14578	747	-96	26	-144	974	4870	974	70339958
-1682	176	-18344	9312	14510	800	-91	27	-147	975	4875	975	70339959
-2108	424	-18012	9034	14200	637	-91	27	-147	976	4880	976	70339960
-1902	494	-17874	9844	13773	302	-96	24	-146	977	4885	977	70339980
-1646	-676	-17656	11296	13635	74	-96	24	-146	978	4890	978	70339982
-2092	-1018	-17134	11962	13380	-627	-87	21	-149	979	4895	979	70339982
-3788	-836	-17242	12009	13078	-1210	-87	21	-149	980	4900	980	70339982
-72	-1250	-17358	11532	14011	-1700	-93	19	-147	981	4905	981	70339983
-350	-2150	-17722	11699	13593	-1103	-93	19	-147	982	4910	982	70339983
-1524	-3156	-17886	11955	13214	-756	-86	12	-142	983	4915	983	70339984
-4140	-2880	-16452	11300	13599	-1022	-86	12	-142	984	4920	984	70339984
-4144	-2772	-15900	10362	14207	-2892	-87	13	-145	985	4925	985	70339984
-3654	-1520	-14912	9394	14875	-3786	-87	13	-145	986	4930	986	70339985
-430	-3568	-15282	9515	15662	-3029	-82	12	-142	987	4935	987	70339988
-1496	-4138	-15060	9309	16239	-2156	-82	12	-142	988	4940	988	70339989
-3836	-3606	-14838	9292	16212	-2254	-76	10	-144	989	4945	989	70340033
-5874	-3558	-15422	9417	16753	-2574	-76	10	-144	990	4950	990	70340033
-6918	-3002	-14888	7971	17659	-2398	-86	2	-146	991	4955	991	70340034
-4426	-3430	-14300	7495	19262	-1924	-86	2	-146	992	4960	992	70340103
-3034	-2902	-14270	7321	19599	-1535	-74	4	-146	993	4965	993	70340135
-1232	-1624	-14198	7417	18821	-77	-74	4	-146	994	4970	994	70340135
248	-6846	-13800	8570	16988	1179	-81	-1	-145	995	4975	995	70340136
-54	-9050	-13128	7958	15962	1091	-81	-1	-145	996	4980	996	70340136
-1348	-9248	-11854	4328	15181	703	-73	-1	-147	997	4985	997	70340136
-830	-8634	-12306	3181	16508	1205	-73	-1	-147	998	4990	998	70340137
-242	-8186	-12600	2913	17143	1302	-74	-2	-146	999	4995	999	70340137
1148	-7940	-12596	2363	18390	1736	-74	-2	-146	1000	5000	1000	70340137
2774	-6360	-13450	1602	18445	1856	-75	-5	-143	1001	5005	1001	70340138
2852	-5958	-13916	835	18143	1889	-75	-5	-143	1002	5010	1002	70340138
3618	-5492	-13328	133	18162	1868	-74	-8	-142	1003	5015	1003	70340139
6230	-4838	-12998	-387	17525	1849	-74	-8	-142	1004	5020	1004	70340139
7652	-3600	-14084	-678	15632	1712	-69	-7	-143	1005	5025	1005	70340158
9534	-1560	-14714	-709	14525	1315	-69	-7	-143	1006	5030	1006	70340158
5192	-6684	-14398	1897	11324	189	-68	-10	-136	1007	5035	1007	70340158
5888	-6188	-12032	111	12123	1729	-68	-10	-136	1008	5040	1008	70340159
7882	-4986	-10946	-414	12759	2188	-68	-8	-140	1009	5045	1009	70340160
7158	-4744	-13032	1249	11844	2963	-68	-8	-140	1010	5050	1010	70340160
6890	-4020	-12342	982	10931	3402	-71	-13	-139	1011	5055	1011	70340161
6992	-3512	-12476	1738	10201	3592	-71	-13	-139	1012	5060	1012	70340161
6326	-4046	-13250	2523	10029	3558	-73	-11	-143	1013	5065	1013	70340161
7658	-4668	-12748	3493	10080	3515	-73	-11	-143	1014	5070	1014	70340162
7234	-4878	-14130	3373	9376	3541	-73	-17	-141	1015	5075	1015	70340162
7162	-5090	-14732	3377	9375	3589	-73	-17	-141	1016	5080	1016	70340163
7248	-4956	-13142	4875	10041	3549	-66	-20	-138	1017	5085	1017	70340163
8190	-5682	-12600	4865	9128	3297	-66	-20	-138	1018	5090	1018	70340181
8560	-5454	-12562	4788	8770	2975	-72	-22	-144	1019	5095	1019	70340181
8922	-5904	-12784	5183	8367	2212	-72	-22	-144	1020	5100	1020	70340182
9110	-6892	-13634	5556	7827	1551	-65	-17	-141	1021	5105	1021	70340183
9222	-7010	-13256	4605	7109	1289	-65	-17	-141	1022	5110	1022	70340211
9080	-7560	-14488	4302	6602	1193	-67	-21	-137	1023	5115	1023	70340212
7992	-8758	-15934	4353	6268	896	-67	-21	-137	1024	5120	1024	70340212
8682	-9544	-13150	4647	7379	269	-69	-23	-135	1025	5125	1025	70340213
9114	-9602	-12402	4271	7400	-24	-69	-23	-135	1026	5130	1026	70340213
8724	-9132	-12960	3879	7325	-467	-66	-30	-138	1027	5135	1027	70340214
8818	-9350	-13982	3974	7469	-1036	-66	-30	-138	1028	5140	1028	70340214
9160	-9234	-14242	3495	7397	-1197	-64	-26	-136	1029	5145	1029	70340214
9830	-8580	-13292	3308	7375	-1770	-64	-26	-136	1030	5150	1030	70340215
10178	-9234	-14374	2515	6366	-2060	-59	-29	-133	1031	5155	1031	70340215
10428	-9256	-14708	2114	6219	-2044	-59	-29	-133	1032	5160	1032	70340215
10496	-9004	-14524	2039	5880	-2309	-73	-35	-139	1033	5165	1033	70340216
10598	-8310	-13902	1905	5196	-3051	-73	-35	-139	1034	5170	1034	70340216
10736	-8084	-13662	2008	5046	-3403	-67	-27	-133	1035	5175	1035	70340287
10578	-7156	-13636	2249	5037	-3562	-67	-27	-133	1036	5180	1036	70340337
10890	-7354	-13250	2277	4922	-3995	-67	-37	-129	1037	5185	1037	70340338
10172	-7034	-13552	2220	4471	-4247	-67	-37	-129	1038	5190	1038	70340339
9754	-6986	-13498	2537	4503	-4281	-53	-37	-131	1039	5195	1039	70340339
10518	-7332	-11068	3011	4424	-4232	-53	-37	-131	1040	5200	1040	70340339
10100	-6138	-10670	1687	3765	-3983	-61	-31	-133	1041	5205	1041	70340340
10000	-5580	-10862	1398	3604	-4048	-61	-31	-133	1042	5210	1042	70340340
9756	-5238	-11672	960	3280	-4186	-63	-33	-137	1043	5215	1043	70340341
10824	-4780	-10652	844	2903	-4358	-63	-33	-137	1044	5220	1044	70340341
10898	-4678	-10890	942	1556	-4093	-62	-40	-130	1045	5225	1045	70340342
10702	-4574	-10754	965	969	-3946	-62	-40	-130	1046	5230	1046	70340342
9952	-4830	-11348	902	706	-4003	-67	-29	-133	1047	5235	1047	70340385
10190	-5024	-11074	1034	1372	-4178	-67	-29	-133	1048	5240	1048	70340388
10352	-5258	-10892	1147	1227	-4026	-67	-37	-131	1049	5245	1049	70340389
10446	-5258	-9728	1543	363	-3580	-67	-37	-131	1050	5250	1050	70340390
10478	-4698	-10080	1438	-500	-3054	-65	-39	-129	1051	5255	1051	70340390
10524	-4292	-9910	1232	-1076	-2708	-65	-39	-129	1052	5260	1052	70340390
10266	-3750	-9914	1198	-1982	-2109	-64	-36	-136	1053	5265	1053	70340391
10180	-3530	-11262	1189	-2640	-1589	-64	-36	-136	1054	5270	1054	70340391
9842	-3470	-11958	946	-3317	-1074	-71	-35	-131	1055	5275	1055	70340392
9248	-3408	-12500	850	-3288	-909	-71	-35	-131	1056	5280	1056	70340392
9424	-3604	-12012	788	-3002	-796	-67	-33	-137	1057	5285	1057	70340392
9736	-3408	-11698	854	-3682	-482	-67	-33	-137	1058	5290	1058	70340393
9934	-3302	-11492	827	-4349	-268	-60	-36	-128	1059	5295	1059	70340394
10116	-1832	-9652	811	-5453	96	-60	-36	-128	1060	5300	1060	70340438
9246	-598	-9958	1886	-6161	515	-61	-35	-133	1061	5305	1061	70340442
8476	-320	-11168	2244	-6500	847	-61	-35	-133	1062	5310	1062	70340442
7022	-576	-14334	2504	-6782	1453	-66	-32	-132	1063	5315	1063	70340443
7334	-1400	-15222	2609	-6288	1758	-66	-32	-132	1064	5320	1064	70340444
8072	-2368	-15598	2906	-6331	1865	-61	-31	-133	1065	5325	1065	70340445
8740	-3806	-16498	3490	-6802	2016	-61	-31	-133	1066	5330	1066	70340446
9592	-4596	-16992	3796	-7259	2311	-61	-35	-137	1067	5335	1067	70340447
9288	-5576	-17996	3716	-8423	2760	-61	-35	-137	1068	5340	1068	70340449
7334	-6568	-18996	3152	-8498	2890	-68	-38	-144	1069	5345	1069	70340451
5270	-6992	-17256	2019	-7446	3047	-68	-38	-144	1070	5350	1070	70340454
4808	-7152	-15168	2097	-5668	2941	-61	-31	-133	1071	5355	1071	70340455
4586	-7094	-14802	2126	-5051	2945	-61	-31	-133	1072	5360	1072	70340457
4690	-6800	-14988	1617	-4230	3137	-65	-31	-139	1073	5365	1073	70340458
5030	-6348	-15148	731	-4001	3416	-65	-31	-139	1074	5370	1074	70340460
5210	-6144	-15142	390	-4013	3535	-65	-27	-131	1075	5375	1075	70340461
5958	-5846	-15196	86	-4155	3792	-65	-27	-131	1076	5380	1076	70340463
6506	-5330	-15028	105	-4489	4063	-58	-22	-132	1077	5385	1077	70340463
6738	-5124	-14664	109	-4835	4293	-58	-22	-132	1078	5390	1078	70340469
7154	-4648	-14136	140	-5092	4423	-60	-30	-136	1079	5395	1079	70340499
7530	-4416	-13558	91	-5730	4708	-60	-30	-136	1080	5400	1080	70340499
7370	-4460	-13170	16	-6263	4960	-64	-26	-134	1081	5405	1081	70340500
7404	-4504	-12804	-36	-6396	5078	-64	-26	-134	1082	5410	1082	70340501
7794	-4532	-11954	192	-6692	5281	-61	-21	-139	1083	5415	1083	70340501
7584	-4788	-11410	909	-7208	5327	-61	-21	-139	1084	5420	1084	70340502
7288	-5110	-11420	1248	-7481	5332	-58	-26	-136	1085	5425	1085	70340502
6934	-5484	-11638	1576	-7891	5414	-58	-26	-136	1086	5430	1086	70340502
6694	-5572	-12116	1625	-8242	5496	-58	-20	-136	1087	5435	1087	70340503
6662	-5664	-12460	1695	-8707	5590	-58	-20	-136	1088	5440	1088	70340504
6402	-6074	-12842	1736	-8928	5650	-60	-18	-130	1089	5445	1089	70340504
5794	-6270	-13216	1889	-9266	5660	-60	-18	-130	1090	5450	1090	70340504
5524	-6478	-13570	2214	-9480	5710	-55	-13	-131	1091	5455	1091	70340514
5174	-6342	-13568	2315	-9611	5735	-55	-13	-131	1092	5460	1092	70340515
4588	-6520	-13752	2533	-9766	5708	-53	-17	-135	1093	5465	1093	70340517
4480	-6696	-14616	2482	-9645	5561	-53	-17	-135	1094	5470	1094	70340565
4312	-6698	-14964	2411	-9505	5500	-58	-20	-138	1095	5475	1095	70340565
4728	-6820	-15640	2482	-9144	5279	-58	-20	-138	1096	5480	1096	70340566
4752	-6838	-16292	2295	-9069	5171	-53	-13	-135	1097	5485	1097	70340569
4764	-6708	-16630	2231	-9215	5217	-53	-13	-135	1098	5490	1098	70340569
4588	-6354	-17206	2569	-9146	5314	-58	-12	-138	1099	5495	1099	70340672
4840	-6400	-17678	2800	-8984	5395	-58	-12	-138	1100	5500	1100	70340672
5218	-6806	-17372	3020	-8996	5606	-55	-13	-137	1101	5505	1101	70340673
5180	-7128	-17202	3068	-9130	5671	-55	-13	-137	1102	5510	1102	70340673
5808	-7358	-16746	3122	-9405	5868	-50	-10	-136	1103	5515	1103	70340674
5842	-6996	-16034	2761	-9776	5803	-50	-10	-136	1104	5520	1104	70340674
5378	-6808	-15676	2655	-9993	5729	-57	-7	-139	1105	5525	1105	70340674
4190	-6238	-15228	2565	-10440	5783	-57	-7	-139	1106	5530	1106	70340675
2882	-5958	-14996	2803	-10532	5938	-55	-7	-139	1107	5535	1107	70340675
2272	-5940	-15218	3086	-10367	5999	-55	-7	-139	1108	5540	1108	70340676
638	-6080	-15778	3553	-9921	5975	-56	-2	-136	1109	5545	1109	70340699
-382	-6426	-16658	3526	-9119	6014	-56	-2	-136	1110	5550	1110	70340700
-556	-6632	-16980	3272	-8057	5779	-49	3	-141	1111	5555	1111	70340701
-994	-7640	-17804	3069	-7655	5857	-49	3	-141	1112	5560	1112	70340701
-460	-8290	-18046	2480	-6825	5877	-48	2	-136	1113	5565	1113	70340702
14	-8828	-17860	2069	-6144	5611	-48	2	-136	1114	5570	1114	70340702
142	-9280	-17844	1873	-5975	5522	-53	-1	-137	1115	5575	1115	70340702
414	-9884	-17822	1276	-5867	5410	-53	-1	-137	1116	5580	1116	70340703
292	-10186	-17834	530	-5871	5209	-54	-4	-142	1117	5585	1117	70340703
116	-10276	-17908	203	-5760	5134	-54	-4	-142	1118	5590	1118	70340703
536	-10732	-17810	-269	-5232	4964	-48	2	-138	1119	5595	1119	70340704
414	-10914	-17726	-580	-5024	4733	-48	2	-138	1120	5600	1120	70340705
370	-10642	-17508	-792	-5025	4511	-48	6	-130	1121	5605	1121	70340706
-146	-10618	-17628	-843	-5094	4379	-48	6	-130	1122	5610	1122	70340706
-906	-10284	-18100	-1092	-5088	4175	-48	6	-134	1123	5615	1123	70340707
-940	-10200	-18314	-1020	-4763	3909	-48	6	-134	1124	5620	1124	70340752
-910	-10414	-18532	-845	-4595	3742	-53	5	-135	1125	5625	1125	70340753
-1364	-10592	-18862	-544	-4207	3364	-53	5	-135	1126	5630	1126	70340753
-1642	-10718	-19504	-350	-3583	3063	-45	7	-131	1127	5635	1127	70340754
-1932	-10902	-19952	-267	-3237	2859	-45	7	-131	1128	5640	1128	70340754
-1976	-10934	-20304	-182	-2469	2489	-44	6	-136	1129	5645	1129	70340754
-1752	-11010	-20416	-138	-1810	2036	-44	6	-136	1130	5650	1130	70340755
-1502	-10940	-20396	-168	-1540	1830	-47	5	-133	1131	5655	1131	70340756
-1060	-10892	-20116	-341	-1052	1398	-47	5	-133	1132	5660	1132	70340757
-614	-10732	-19798	-549	-722	907	-42	12	-130	1133	5665	1133	70340757
-406	-10404	-19440	-790	-462	431	-42	12	-130	1134	5670	1134	70340758
-318	-10270	-19306	-879	-368	214	-55	7	-129	1135	5675	1135	70340759
44	-9804	-18756	-1027	-243	-231	-55	7	-129	1136	5680	1136	70340759
136	-9570	-18412	-1029	-195	-668	-48	8	-134	1137	5685	1137	70340759
212	-9162	-18208	-1058	-165	-847	-48	8	-134	1138	5690	1138	70340760
424	-8836	-17810	-1041	-125	-1161	-48	10	-132	1139	5695	1139	70340760
1928	-9008	-14898	-2937	-814	-1296	-48	10	-132	1140	5700	1140	70340779
2238	-7438	-14236	-5137	-2228	-1413	-52	-2	-138	1141	5705	1141	70340780
1432	-6634	-14660	-6891	-4272	-1589	-52	-2	-138	1142	5710	1142	70340833
1132	-5972	-15150	-6921	-4543	-1622	-52	10	-140	1143	5715	1143	70340833
1020	-5962	-15290	-6188	-3845	-1715	-52	10	-140	1144	5720	1144	70340834
1060	-6034	-15286	-5863	-3410	-1805	-54	8	-142	1145	5725	1145	70340835
986	-6092	-15150	-5249	-2484	-2048	-54	8	-142	1146	5730	1146	70340835
1028	-5864	-15014	-4830	-1252	-2294	-55	11	-141	1147	5735	1147	70340835
1254	-5942	-15226	-4414	-706	-2421	-55	11	-141	1148	5740	1148	70340836
1494	-6090	-15662	-3765	127	-2651	-51	5	-133	1149	5745	1149	70340836
1940	-6108	-15912	-3372	868	-2780	-51	5	-133	1150	5750	1150	70340837
2132	-6202	-15978	-3228	1052	-2789	-52	10	-142	1151	5755	1151	70340854
2482	-6170	-16024	-3143	1148	-2729	-52	10	-142	1152	5760	1152	70340857
2754	-6222	-15812	-2982	1041	-2579	-56	6	-138	1153	5765	1153	70340859
2836	-6130	-15710	-2671	767	-2349	-56	6	-138	1154	5770	1154	70340859
3060	-6176	-15796	-2438	588	-2240	-50	6	-132	1155	5775	1155	70340860
3170	-6034	-15982	-1986	223	-1980	-50	6	-132	1156	5780	1156	70340860
3098	-5948	-16186	-1500	-131	-1665	-60	6	-140	1157	5785	1157	70340860
3086	-5910	-16210	-1240	-309	-1482	-60	6	-140	1158	5790	1158	70340861
3012	-5860	-16220	-649	-663	-1134	-56	6	-140	1159	5795	1159	70340861
2784	-5902	-16346	-72	-952	-796	-56	6	-140	1160	5800	1160	70340863
2602	-5904	-16368	193	-1082	-652	-56	8	-138	1161	5805	1161	70340863
