-3436	-3684	-14456	108	-16	194	70	32	-24	8054	40270	8054	70375152
-3540	-3682	-14414	66	-45	195	70	32	-24	8055	40275	8055	70375152
-3484	-3754	-14326	49	-79	200	73	37	-17	8056	40280	8056	70375153
-3504	-3710	-14410	60	-46	191	73	37	-17	8057	40285	8057	70375227
-3636	-3742	-14554	59	-47	194	69	29	-13	8058	40290	8058	70375227
-3656	-3768	-14642	100	-14	221	69	29	-13	8059	40295	8059	70375227
-3630	-3768	-14664	148	40	219	69	37	-21	8060	40300	8060	70375228
-3584	-3776	-14676	179	70	225	69	37	-21	8061	40305	8061	70375228
-3692	-3742	-14746	221	103	237	75	33	-19	8062	40310	8062	70375275
-3642	-3680	-14642	213	120	235	75	33	-19	8063	40315	8063	70375302
-3562	-3740	-14532	261	130	233	73	31	-13	8064	40320	8064	70375303
-3596	-3794	-14572	222	109	226	73	31	-13	8065	40325	8065	70375304
-3518	-3736	-14602	220	103	218	76	34	-18	8066	40330	8066	70375304
-3364	-3754	-14490	175	63	207	76	34	-18	8067	40335	8067	70375305
-3342	-3628	-14480	130	18	202	76	36	-24	8068	40340	8068	70375305
-3256	-3682	-14428	107	-26	208	76	36	-24	8069	40345	8069	70375306
-3266	-3708	-14382	35	-106	185	73	35	-23	8070	40350	8070	70375306
-3276	-3712	-14582	-74	-207	175	73	35	-23	8071	40355	8071	70375306
-3286	-3766	-14496	-129	-243	156	72	34	-18	8072	40360	8072	70375307
-3362	-3748	-14650	-221	-307	151	72	34	-18	8073	40365	8073	70375307
-3420	-3706	-14616	-268	-325	148	77	29	-17	8074	40370	8074	70375307
-3546	-3752	-14672	-281	-301	134	77	29	-17	8075	40375	8075	70375308
-3718	-3682	-14762	-225	-299	137	76	32	-22	8076	40380	8076	70375308
-3860	-3582	-14814	-219	-273	163	76	32	-22	8077	40385	8077	70375309
-3874	-3576	-14782	-186	-246	187	76	34	-20	8078	40390	8078	70375309
-3952	-3458	-14912	-117	-182	252	76	34	-20	8079	40395	8079	70375309
-3876	-3412	-14844	-31	-145	306	77	29	-17	8080	40400	8080	70375310
-3912	-3472	-14868	15	-127	328	77	29	-17	8081	40405	8081	70375310
-3716	-3356	-14908	19	-74	398	71	31	-17	8082	40410	8082	70375310
-3688	-3436	-14872	-13	-52	427	71	31	-17	8083	40415	8083	70375321
-3668	-3434	-14930	-65	-65	438	69	31	-13	8084	40420	8084	70375327
-3512	-3396	-14682	-192	-128	460	69	31	-13	8085	40425	8085	70375354
-3392	-3542	-14566	-311	-205	471	71	33	-21	8086	40430	8086	70375354
-3368	-3608	-14676	-360	-255	468	71	33	-21	8087	40435	8087	70375355
-3396	-3516	-14724	-500	-387	492	75	39	-19	8088	40440	8088	70375356
-3436	-3430	-14700	-536	-441	478	75	39	-19	8089	40445	8089	70375356
-3412	-3528	-14712	-545	-455	477	79	31	-17	8090	40450	8090	70375357
-3440	-3512	-14664	-497	-501	469	79	31	-17	8091	40455	8091	70375357
-3528	-3326	-14782	-382	-506	492	74	30	-24	8092	40460	8092	70375358
-3604	-3370	-14840	-267	-521	528	74	30	-24	8093	40465	8093	70375358
-3696	-3404	-15034	-96	-494	568	71	33	-17	8094	40470	8094	70375359
-3934	-3250	-14960	140	-504	631	71	33	-17	8095	40475	8095	70375359
-4130	-3130	-15274	265	-469	662	75	35	-21	8096	40480	8096	70375360
-4252	-3064	-15300	450	-306	679	75	35	-21	8097	40485	8097	70375360
-4244	-3014	-15262	577	-118	690	72	44	-20	8098	40490	8098	70375361
-4212	-3038	-15130	585	-51	707	72	44	-20	8099	40495	8099	70375377
-4176	-3052	-15050	515	-16	714	71	27	-21	8100	40500	8100	70375377
-4142	-3008	-14986	343	-88	778	71	27	-21	8101	40505	8101	70375377
-4146	-2952	-14712	253	-140	821	72	34	-20	8102	40510	8102	70375378
-4058	-2964	-14570	117	-225	880	72	34	-20	8103	40515	8103	70375379
-4062	-3044	-14548	1	-262	901	69	33	-23	8104	40520	8104	70375455
-4208	-2958	-14424	-225	-272	917	69	33	-23	8105	40525	8105	70375456
-4168	-3024	-14322	-389	-210	903	71	39	-21	8106	40530	8106	70375456
-4028	-3064	-14316	-450	-157	883	71	39	-21	8107	40535	8107	70375457
-3908	-3268	-14174	-459	-55	865	74	38	-18	8108	40540	8108	70375457
-3618	-3206	-14216	-316	56	851	74	38	-18	8109	40545	8109	70375457
-3564	-3078	-14140	-196	126	833	71	33	-19	8110	40550	8110	70375458
-3404	-3126	-14348	300	208	808	71	33	-19	8111	40555	8111	70375458
-3496	-3186	-14470	862	287	773	75	37	-19	8112	40560	8112	70375459
-3556	-3294	-14554	1107	267	764	75	37	-19	8113	40565	8113	70375459
-3814	-3246	-14432	1424	154	726	74	34	-12	8114	40570	8114	70375535
-4232	-3350	-14674	1549	-6	680	74	34	-12	8115	40575	8115	70375535
-4366	-3400	-14726	1487	-58	656	78	34	-16	8116	40580	8116	70375536
-4516	-3322	-14448	1165	-87	600	78	34	-16	8117	40585	8117	70375536
-4552	-3274	-14454	772	-120	574	75	35	-15	8118	40590	8118	70375537
-4558	-3218	-14448	527	-145	566	75	35	-15	8119	40595	8119	70375537
-4626	-3164	-14232	145	-210	556	75	39	-15	8120	40600	8120	70375537
-4604	-2916	-14282	-156	-273	543	75	39	-15	8121	40605	8121	70375538
-4446	-2768	-14340	-223	-247	575	75	37	-17	8122	40610	8122	70375538
-4280	-2656	-14156	-236	-154	601	75	37	-17	8123	40615	8123	70375538
-4064	-2638	-13994	-58	-139	628	73	41	-17	8124	40620	8124	70375586
-3984	-2692	-14062	47	-113	629	73	41	-17	8125	40625	8125	70375589
-3830	-2640	-13910	337	-100	598	82	36	-14	8126	40630	8126	70375589
-3688	-2662	-14012	640	-115	552	82	36	-14	8127	40635	8127	70375590
-3606	-2628	-13962	780	-80	533	75	37	-17	8128	40640	8128	70375590
-3344	-2804	-14082	1026	12	485	75	37	-17	8129	40645	8129	70375590
-3272	-2808	-13950	1119	-4	423	71	37	-19	8130	40650	8130	70375591
-3312	-2832	-14034	1120	-76	384	71	37	-19	8131	40655	8131	70375591
-3344	-3096	-14092	1053	-233	342	75	37	-21	8132	40660	8132	70375592
-3482	-3142	-14306	773	-234	251	75	37	-21	8133	40665	8133	70375592
-3536	-3256	-14270	687	-162	204	74	34	-18	8134	40670	8134	70375592
-3658	-3300	-14382	502	-42	120	74	34	-18	8135	40675	8135	70375593
-3696	-3080	-14214	470	26	81	72	38	-22	8136	40680	8136	70375593
-3828	-3026	-14276	534	39	87	72	38	-22	8137	40685	8137	70375638
-3656	-3330	-14522	866	263	123	79	35	-19	8138	40690	8138	70375638
-3552	-3424	-14496	1029	434	218	79	35	-19	8139	40695	8139	70375639
-3478	-3224	-14618	1111	450	270	73	37	-19	8140	40700	8140	70375664
-3708	-3212	-14792	1461	261	440	73	37	-19	8141	40705	8141	70375664
-3776	-3262	-14908	1644	164	600	78	32	-18	8142	40710	8142	70375665
-3808	-3044	-14994	1674	128	681	78	32	-18	8143	40715	8143	70375665
-3712	-3218	-15216	1859	207	796	76	38	-16	8144	40720	8144	70375666
-3572	-3244	-15140	1864	358	808	76	38	-16	8145	40725	8145	70375666
-3468	-3260	-15162	2087	528	801	66	30	-20	8146	40730	8146	70375667
-3010	-3484	-15204	2357	891	637	66	30	-20	8147	40735	8147	70375668
-2866	-3650	-15114	2418	961	564	72	38	-18	8148	40740	8148	70375668
-2992	-3884	-14884	2338	881	444	72	38	-18	8149	40745	8149	70375669
-3024	-3758	-14486	2065	757	356	79	35	-15	8150	40750	8150	70375669
-3062	-3646	-14350	1972	706	317	79	35	-15	8151	40755	8151	70375670
-3404	-3874	-13972	1874	504	241	79	41	-13	8152	40760	8152	70375670
-3536	-4564	-14012	1693	404	135	79	41	-13	8153	40765	8153	70375671
-3450	-4694	-13872	1488	392	77	78	34	-20	8154	40770	8154	70375671
-3180	-5032	-13904	1089	255	-3	78	34	-20	8155	40775	8155	70375685
-3608	-5204	-13828	760	66	-159	77	37	-19	8156	40780	8156	70375740
-3738	-5138	-13860	696	135	-244	77	37	-19	8157	40785	8157	70375741
-2998	-5286	-13802	733	755	-446	83	41	-15	8158	40790	8158	70375741
-2250	-5554	-13740	750	866	-615	83	41	-15	8159	40795	8159	70375742
-2142	-5658	-13818	715	670	-670	81	35	-23	8160	40800	8160	70375742
-2362	-5746	-14184	631	141	-688	81	35	-23	8161	40805	8161	70375743
-2896	-5426	-14044	757	-115	-626	78	32	-18	8162	40810	8162	70375744
-3078	-5222	-13914	1006	-152	-576	78	32	-18	8163	40815	8163	70375744
-3260	-5662	-14228	1540	-26	-442	78	34	-24	8164	40820	8164	70375745
-2880	-5572	-14516	1617	200	-579	78	34	-24	8165	40825	8165	70375745
-3066	-5556	-14430	1587	116	-684	78	40	-16	8166	40830	8166	70375746
-3744	-5354	-14386	1401	-307	-613	78	40	-16	8167	40835	8167	70375747
-3754	-5678	-14428	1344	-268	-506	78	32	-16	8168	40840	8168	70375762
-3434	-5630	-14344	1242	-226	-446	78	32	-16	8169	40845	8169	70375762
-3484	-5164	-14196	1162	-614	-360	79	35	-17	8170	40850	8170	70375763
-4000	-5110	-14460	988	-1281	-302	79	35	-17	8171	40855	8171	70375763
-4318	-5134	-14578	834	-1402	-330	71	33	-9	8172	40860	8172	70375764
-4854	-5064	-14508	243	-1385	-327	71	33	-9	8173	40865	8173	70375764
-5014	-5192	-14442	-241	-1372	-152	82	38	-12	8174	40870	8174	70375765
-4812	-4984	-14606	-380	-1221	-73	82	38	-12	8175	40875	8175	70375766
-5336	-4398	-14384	-297	-1470	-253	82	38	-14	8176	40880	8176	70375766
-5818	-4818	-14540	-442	-1603	-141	82	38	-14	8177	40885	8177	70375791
-6274	-5042	-14232	-775	-1227	-85	81	39	-15	8178	40890	8178	70375840
-5334	-4618	-13958	-1035	-104	-29	81	39	-15	8179	40895	8179	70375841
-5218	-4666	-13878	-496	-901	-153	83	39	-13	8180	40900	8180	70375841
-5664	-4910	-14098	-491	-1438	-98	83	39	-13	8181	40905	8181	70375842
-6174	-4760	-13838	-653	-1655	377	76	36	-12	8182	40910	8182	70375842
-6062	-4790	-13696	-724	-825	530	76	36	-12	8183	40915	8183	70375842
-5296	-4948	-13688	-657	-477	532	81	37	-19	8184	40920	8184	70375843
-4884	-4994	-13780	-377	-568	656	81	37	-19	8185	40925	8185	70375843
-4834	-5048	-13834	-307	-769	742	84	34	-14	8186	40930	8186	70375843
-5002	-5054	-14070	-421	-1073	985	84	34	-14	8187	40935	8187	70375844
-5036	-4880	-14204	-597	-1267	1257	77	35	-23	8188	40940	8188	70375844
-4976	-4738	-14366	-694	-1256	1326	77	35	-23	8189	40945	8189	70375845
-4906	-4364	-14394	-975	-1059	1400	78	34	-14	8190	40950	8190	70375845
-5032	-3772	-14506	-1056	-1011	1541	78	34	-14	8191	40955	8191	70375875
-5048	-3670	-14700	-1102	-1119	1645	77	35	-19	8192	40960	8192	70375925
-4782	-3482	-14786	-1161	-1092	1844	77	35	-19	8193	40965	8193	70375926
-5462	-2710	-14586	-1052	-366	1639	78	40	-16	8194	40970	8194	70375927
-5588	-2426	-14778	-929	-931	2086	78	40	-16	8195	40975	8195	70375927
-6214	-2262	-15290	-248	-1426	2610	80	38	-18	8196	40980	8196	70375927
-5880	-2306	-15258	14	-688	2776	80	38	-18	8197	40985	8197	70375928
-5698	-2264	-15006	144	-203	2758	79	37	-19	8198	40990	8198	70375928
-5112	-2448	-14936	511	348	2895	79	37	-19	8199	40995	8199	70375928
-4066	-2640	-14810	806	475	3015	78	40	-18	8200	41000	8200	70375929
-3764	-2640	-14738	1056	546	2977	78	40	-18	8201	41005	8201	70375929
-3758	-3060	-15148	1483	372	3016	75	37	-19	8202	41010	8202	70375929
-3684	-3320	-15508	1266	162	3044	75	37	-19	8203	41015	8203	70375930
-3722	-3186	-15378	1027	164	3010	74	42	-20	8204	41020	8204	70375931
-3624	-3020	-15192	851	298	2894	74	42	-20	8205	41025	8205	70375931
-3576	-2716	-14754	1044	245	2826	83	39	-21	8206	41030	8206	70375932
-3500	-2852	-14802	1253	223	2801	83	39	-21	8207	41035	8207	70375947
-3578	-2772	-14582	1258	145	2749	77	35	-21	8208	41040	8208	70375976
-3652	-2628	-14408	1079	30	2756	77	35	-21	8209	41045	8209	70375979
-3434	-2382	-14398	953	-130	2794	75	39	-17	8210	41050	8210	70375980
-3192	-2080	-14232	935	-260	2816	75	39	-17	8211	41055	8211	70375980
-3174	-2280	-14244	996	-189	2749	77	43	-15	8212	41060	8212	70375981
-2998	-2250	-14280	818	-176	2747	77	43	-15	8213	41065	8213	70375981
-2992	-2486	-14214	486	-98	2697	77	39	-15	8214	41070	8214	70375981
-2846	-2762	-14070	275	-123	2673	77	39	-15	8215	41075	8215	70375982
-2886	-2954	-14024	230	-147	2681	79	47	-21	8216	41080	8216	70375982
-2846	-3258	-14074	233	-231	2662	79	47	-21	8217	41085	8217	70375982
-2980	-3334	-14236	503	-265	2657	82	42	-14	8218	41090	8218	70375983
-3302	-3704	-14814	628	-266	2657	82	42	-14	8219	41095	8219	70375983
-3492	-3534	-14960	669	-131	2602	79	41	-15	8220	41100	8220	70375984
-3336	-3612	-14934	859	107	2519	79	41	-15	8221	41105	8221	70376027
-3216	-3592	-14680	974	152	2475	84	42	-14	8222	41110	8222	70376028
-3462	-3600	-14552	1174	-100	2424	84	42	-14	8223	41115	8223	70376028
-3472	-3682	-14520	1312	-384	2401	76	46	-14	8224	41120	8224	70376054
-3622	-4014	-14526	1361	-388	2315	76	46	-14	8225	41125	8225	70376055
-3794	-4186	-14286	1241	-256	2151	81	39	-17	8226	41130	8226	70376055
-3894	-4150	-14186	1110	-115	2064	81	39	-17	8227	41135	8227	70376055
-3812	-4206	-13668	851	73	1962	81	43	-15	8228	41140	8228	70376084
-3900	-4370	-13416	504	-14	1877	81	43	-15	8229	41145	8229	70376084
-4006	-4436	-13416	328	-144	1846	76	42	-16	8230	41150	8230	70376111
-4130	-4230	-13114	101	-276	1803	76	42	-16	8231	41155	8231	70376112
-4406	-4166	-12978	369	-331	1743	88	42	-18	8232	41160	8232	70376112
-4250	-4378	-13194	622	-298	1702	88	42	-18	8233	41165	8233	70376113
-4108	-4816	-13116	1132	-143	1647	78	40	-16	8234	41170	8234	70376113
-4026	-4952	-13674	1525	-129	1560	78	40	-16	8235	41175	8235	70376113
-4048	-5046	-13678	1731	-38	1517	77	43	-17	8236	41180	8236	70376114
-3760	-5320	-13802	2149	-67	1432	77	43	-17	8237	41185	8237	70376114
-3814	-5198	-13902	2406	-103	1293	83	41	-11	8238	41190	8238	70376114
-3812	-5238	-13958	2541	-135	1239	83	41	-11	8239	41195	8239	70376115
-3926	-5214	-14148	2700	-140	1125	82	40	-12	8240	41200	8240	70376115
-3912	-5352	-14336	2596	-54	957	82	40	-12	8241	41205	8241	70376115
-3862	-5424	-14444	2457	-81	876	86	42	-12	8242	41210	8242	70376116
-3852	-5568	-14402	2024	-77	661	86	42	-12	8243	41215	8243	70376132
-3502	-5304	-13784	1480	116	446	80	46	-18	8244	41220	8244	70376135
-3276	-5262	-13586	1284	215	351	80	46	-18	8245	41225	8245	70376136
-2844	-5368	-13266	918	370	173	85	43	-17	8246	41230	8246	70376136
-2716	-5540	-12938	462	177	41	85	43	-17	8247	41235	8247	70376136
-2758	-5524	-12924	148	-1	-25	84	46	-16	8248	41240	8248	70376137
-3220	-5560	-12942	-338	-474	-142	84	46	-16	8249	41245	8249	70376137
-3794	-5098	-13228	-660	-931	-257	84	42	-14	8250	41250	8250	70376161
-3952	-4652	-13262	-794	-1000	-303	84	42	-14	8251	41255	8251	70376161
-4254	-3978	-13592	-429	-1197	-291	86	38	-18	8252	41260	8252	70376162
-3874	-3880	-14274	-97	-1218	-154	86	38	-18	8253	41265	8253	70376162
-3458	-3546	-13890	-214	-1107	-71	82	42	-16	8254	41270	8254	70376162
-3322	-3824	-13278	-399	-1337	166	82	42	-16	8255	41275	8255	70376163
-3104	-4720	-13204	-925	-1792	269	80	44	-12	8256	41280	8256	70376164
-2940	-4468	-12776	-1444	-1784	240	80	44	-12	8257	41285	8257	70376188
-2774	-4088	-12054	-2014	-1817	186	80	42	-16	8258	41290	8258	70376188
-3052	-3966	-12470	-1374	-1623	100	80	42	-16	8259	41295	8259	70376189
-3652	-3394	-14346	-716	-995	-2	82	40	-16	8260	41300	8260	70376189
-4622	-3650	-16410	1012	1418	-427	82	40	-16	8261	41305	8261	70376189
-4814	-4352	-17086	1761	3717	-1000	79	41	-17	8262	41310	8262	70376190
-4212	-5998	-17780	1447	4454	-1392	79	41	-17	8263	41315	8263	70376191
-3066	-6604	-16880	119	4870	-2194	86	40	-22	8264	41320	8264	70376191
-2506	-6642	-16206	-866	4029	-2667	86	40	-22	8265	41325	8265	70376234
-1736	-6292	-15078	-1032	3493	-2748	82	38	-16	8266	41330	8266	70376274
-1038	-5740	-14138	-679	2682	-2622	82	38	-16	8267	41335	8267	70376297
-614	-5642	-13670	-354	2316	-2472	78	38	-18	8268	41340	8268	70376297
94	-5374	-12546	28	1176	-2018	78	38	-18	8269	41345	8269	70376298
-672	-4898	-12152	-322	-790	-1548	83	47	-13	8270	41350	8270	70376298
-1386	-4604	-12260	-687	-1674	-1327	83	47	-13	8271	41355	8271	70376298
-2876	-3876	-12706	-1532	-2467	-1079	79	41	-17	8272	41360	8272	70376299
-3698	-3372	-13254	-1912	-2164	-1019	79	41	-17	8273	41365	8273	70376299
-3920	-3306	-13344	-1951	-1902	-1023	86	42	-20	8274	41370	8274	70376299
-4350	-3246	-13770	-1745	-1520	-1065	86	42	-20	8275	41375	8275	70376300
-5092	-3458	-14150	-1206	-1351	-1098	82	46	-18	8276	41380	8276	70376361
-5472	-3570	-14284	-903	-1193	-1123	82	46	-18	8277	41385	8277	70376362
-6038	-3776	-14770	-417	-661	-1141	83	47	-19	8278	41390	8278	70376363
-6264	-4032	-15198	-232	-59	-1084	83	47	-19	8279	41395	8279	70376365
-6310	-3820	-15258	-265	370	-1094	86	40	-14	8280	41400	8280	70376366
-6386	-3790	-15292	-389	1252	-1065	86	40	-14	8281	41405	8281	70376368
-6012	-3666	-15008	-857	1969	-1045	86	44	-18	8282	41410	8282	70376370
-5786	-3566	-14674	-1095	2295	-1026	86	44	-18	8283	41415	8283	70376372
-5202	-3456	-14216	-1436	2680	-1063	80	40	-16	8284	41420	8284	70376373
-4726	-3390	-13672	-1485	2856	-1151	80	40	-16	8285	41425	8285	70376375
-4580	-3508	-13512	-1429	2827	-1200	76	40	-18	8286	41430	8286	70376376
-4326	-3534	-13262	-1297	2536	-1261	76	40	-18	8287	41435	8287	70376393
-4186	-3630	-13264	-1082	2148	-1276	79	39	-13	8288	41440	8288	70376412
-4198	-3668	-13382	-963	1943	-1262	79	39	-13	8289	41445	8289	70376426
-4360	-3932	-13808	-752	1428	-1147	83	39	-15	8290	41450	8290	70376428
-4620	-3958	-14192	-607	978	-991	83	39	-15	8291	41455	8291	70376429
-4654	-3900	-14398	-442	797	-907	78	34	-14	8292	41460	8292	70376430
-4760	-3928	-14804	-63	685	-809	78	34	-14	8293	41465	8293	70376431
-4712	-4062	-15402	283	765	-707	78	40	-16	8294	41470	8294	70376431
-4726	-3872	-15426	343	861	-743	78	40	-16	8295	41475	8295	70376432
-4660	-3666	-15596	483	924	-727	78	36	-16	8296	41480	8296	70376433
-4486	-3880	-15842	501	845	-723	78	36	-16	8297	41485	8297	70376434
-4592	-3956	-15902	379	766	-697	86	34	-18	8298	41490	8298	70376435
-4398	-3760	-15722	-40	533	-722	86	34	-18	8299	41495	8299	70376436
-4530	-3712	-15542	-283	380	-759	81	35	-19	8300	41500	8300	70376443
-4336	-4082	-15140	-432	346	-803	81	35	-19	8301	41505	8301	70376444
-4090	-4026	-14518	-838	339	-910	84	40	-18	8302	41510	8302	70376446
-4006	-3904	-14122	-1108	204	-967	84	40	-18	8303	41515	8303	70376473
-3842	-4002	-13752	-1172	172	-988	78	34	-18	8304	41520	8304	70376473
-3778	-3800	-13356	-1259	247	-1046	78	34	-18	8305	41525	8305	70376473
-3704	-3828	-13274	-1239	399	-1104	82	36	-20	8306	41530	8306	70376474
-3420	-4010	-13366	-1328	479	-1130	82	36	-20	8307	41535	8307	70376474
-3168	-3830	-13252	-1528	385	-1145	79	37	-13	8308	41540	8308	70376474
-3242	-3896	-13338	-1522	301	-1127	79	37	-13	8309	41545	8309	70376475
-3214	-3856	-13408	-1371	209	-1099	82	38	-16	8310	41550	8310	70376475
-3352	-3974	-13710	-929	226	-1052	82	38	-16	8311	41555	8311	70376476
-3398	-3944	-13816	-690	260	-1041	82	30	-16	8312	41560	8312	70376476
-3390	-4000	-14074	-225	331	-1016	82	30	-16	8313	41565	8313	70376476
-3466	-4356	-14474	55	352	-990	80	40	-26	8314	41570	8314	70376477
-3350	-4392	-14596	87	340	-1010	80	40	-26	8315	41575	8315	70376477
-3300	-4240	-14730	66	394	-1089	80	38	-16	8316	41580	8316	70376477
-3194	-4332	-14684	87	353	-1118	80	38	-16	8317	41585	8317	70376478
-3186	-4368	-14610	18	316	-1144	73	33	-23	8318	41590	8318	70376495
-3310	-4410	-14674	-207	274	-1194	73	33	-23	8319	41595	8319	70376545
-3478	-4412	-14470	-557	241	-1269	80	36	-22	8320	41600	8320	70376545
-3500	-4472	-14524	-706	256	-1293	80	36	-22	8321	41605	8321	70376546
