-2166	-15719	-4679	-1709	-186	-965	188	-24	-34	1	1	1	68518355	
-2135	-15457	-4574	-2044	-180	-923	183	-25	-35	2	6	2	68518356	
-2077	-15344	-4641	-2245	-151	-897	185	-29	-35	3	11	3	68518356	
-1984	-15370	-4630	-2346	-72	-907	188	-34	-34	4	16	4	68518356	
-1923	-15531	-4628	-2401	-25	-899	191	-31	-32	5	21	5	68518356	
-1824	-15791	-4827	-2516	-26	-888	196	-26	-30	6	26	6	68518356	
-1688	-16044	-4993	-2715	0	-932	193	-28	-32	7	31	7	68518356	
-1637	-16233	-5105	-2982	60	-988	188	-30	-36	8	36	8	68518370	
-1497	-16446	-5236	-3285	164	-1012	187	-31	-37	9	41	9	68518400	
-1327	-16710	-5328	-3603	297	-1055	186	-32	-38	10	46	10	68518411	
-1172	-16763	-5232	-3990	384	-1092	186	-33	-33	11	51	11	68518411	
-1108	-16698	-5174	-4270	417	-1136	186	-34	-30	12	56	12	68518411	
-1036	-16692	-5273	-4457	414	-1191	185	-30	-34	13	61	13	68518411	
-971	-16625	-5386	-4661	366	-1245	185	-27	-37	14	66	14	68518411	
-1080	-16582	-5534	-4873	319	-1335	186	-35	-39	15	71	15	68518411	
-1301	-16627	-5847	-5090	325	-1437	186	-40	-40	16	76	16	68518461	
-1258	-16920	-6019	-5217	377	-1466	188	-35	-38	17	81	17	68518483	
-1135	-17411	-6248	-5378	528	-1527	188	-34	-38	18	86	18	68518484	
-827	-17542	-6249	-5674	675	-1596	184	-32	-39	19	91	19	68518484	
-527	-17858	-6450	-5908	691	-1585	183	-31	-39	20	96	20	68518484	
-430	-18174	-6546	-6165	643	-1579	182	-38	-43	21	101	21	68518485	
-215	-18340	-6503	-6566	632	-1513	182	-40	-44	22	106	22	68518485	
-180	-18251	-6370	-6859	702	-1505	181	-39	-48	23	111	23	68518485	
-126	-18177	-6361	-7040	773	-1447	181	-39	-49	24	116	24	68518485	
-158	-18048	-6186	-7170	822	-1311	186	-30	-46	25	121	25	68518485	
26	-17748	-5932	-7209	773	-1148	186	-30	-46	26	126	26	68518485	
-60	-17442	-5820	-7037	677	-1050	184	-38	-44	27	131	27	68518485	
-122	-17306	-5774	-6599	541	-960	184	-38	-44	28	136	28	68518506	
-252	-17578	-6036	-6010	434	-883	180	-38	-44	29	141	29	68518515	
-548	-17952	-6440	-5601	367	-871	180	-38	-44	30	146	30	68518515	
-628	-18164	-6568	-5315	390	-832	179	-39	-51	31	151	31	68518515	
-808	-18688	-6692	-4938	385	-877	179	-39	-51	32	156	32	68518515	
-1094	-19031	-6573	-4731	289	-848	179	-43	-49	33	161	33	68518516	
-1302	-19269	-6545	-4637	222	-785	179	-43	-49	34	166	34	68518516	
-1478	-19466	-6476	-4609	252	-769	177	-43	-51	35	171	35	68518516	
-1540	-19481	-6346	-4619	249	-692	177	-43	-50	36	176	36	68518516	
-1674	-19698	-6378	-4590	190	-630	177	-41	-45	37	181	37	68518516	
-1812	-19838	-6365	-4693	122	-558	176	-42	-45	38	186	38	68518516	
-2052	-19780	-6364	-4876	8	-507	173	-45	-47	39	191	39	68518518	
-2330	-19634	-6482	-5078	-177	-389	173	-43	-48	40	196	40	68518533	
-2439	-19283	-6560	-5361	-379	-209	175	-37	-51	41	201	41	68518552	
-2445	-19016	-6827	-5651	-538	46	173	-39	-50	42	206	42	68518552	
-2403	-18642	-7054	-5907	-641	296	171	-41	-49	43	211	43	68518552	
-2267	-18292	-7254	-6032	-750	468	171	-45	-49	44	216	44	68518552	
-2137	-18183	-7562	-6014	-885	597	170	-52	-50	45	221	45	68518552	
-1954	-17898	-7766	-6072	-1052	757	169	-50	-51	46	226	46	68518553	
-1824	-17780	-7810	-6192	-1203	919	168	-48	-52	47	231	47	68518553	
-1742	-17656	-7927	-6406	-1314	1069	170	-48	-53	48	236	48	68518574	
-1556	-17455	-7987	-6705	-1465	1160	173	-47	-55	49	241	49	68518615	
-1527	-17138	-7999	-6924	-1699	1124	171	-45	-57	50	246	50	68518624	
-1458	-16850	-8078	-6924	-1930	1001	170	-44	-58	51	251	51	68518625	
-1326	-16668	-8134	-6758	-2108	818	168	-47	-53	52	256	52	68518625	
-1183	-16605	-8168	-6484	-2229	632	167	-49	-49	53	261	53	68518625	
-940	-16559	-8232	-6139	-2317	460	169	-51	-46	54	266	54	68518626	
-771	-16588	-8314	-5743	-2389	313	170	-52	-44	55	271	55	68518626	
-652	-16746	-8407	-5343	-2469	217	168	-46	-52	56	276	56	68518640	
-586	-16816	-8427	-5081	-2538	168	166	-42	-58	57	281	57	68518657	
-594	-16739	-8341	-4929	-2591	146	163	-47	-52	58	286	58	68518662	
-640	-16598	-8244	-4797	-2654	116	162	-48	-50	59	291	59	68518662	
-699	-16441	-8258	-4640	-2742	70	165	-45	-52	60	296	60	68518662	
-722	-16365	-8317	-4446	-2839	7	167	-43	-53	61	301	61	68518662	
-721	-16286	-8360	-4246	-2931	-52	165	-48	-52	62	306	62	68518662	
-697	-16245	-8364	-4095	-2991	-49	163	-51	-51	63	311	63	68518662	
-660	-16156	-8416	-3990	-3045	16	164	-53	-53	64	316	64	68518662	
-603	-16075	-8417	-3948	-3097	104	164	-54	-54	65	321	65	68518662	
-472	-16065	-8311	-3990	-3123	170	160	-52	-55	66	326	66	68518662	
-403	-15976	-8167	-4153	-3184	209	159	-51	-55	67	331	67	68518663	
-405	-15880	-8122	-4297	-3276	223	158	-50	-53	68	336	68	68518663	
-363	-15720	-8124	-4408	-3363	225	158	-50	-52	69	341	69	68518681	
-218	-15433	-7980	-4443	-3424	211	162	-51	-54	70	346	70	68518748	
-61	-15368	-8110	-4406	-3521	182	163	-51	-55	71	351	71	68518763	
-62	-15250	-8013	-4451	-3637	186	161	-48	-57	72	356	72	68518763	
-100	-15089	-8056	-4485	-3756	200	161	-47	-57	73	361	73	68518763	
-246	-14875	-8183	-4519	-3870	184	161	-55	-55	74	366	74	68518764	
-624	-14648	-8382	-4547	-3978	177	161	-57	-55	75	371	75	68518764	
-880	-14636	-8646	-4539	-4058	158	157	-51	-57	76	376	76	68518764	
-1168	-14506	-8780	-4579	-4101	95	157	-51	-57	77	381	77	68518773	
-1392	-14338	-8830	-4627	-4108	31	161	-59	-55	78	386	78	68518802	
-1452	-14340	-8832	-4631	-4111	-39	161	-59	-55	79	391	79	68518802	
-1416	-14162	-8736	-4737	-4155	-60	157	-55	-57	80	396	80	68518802	
-1442	-13916	-8870	-4848	-4247	-65	157	-55	-57	81	401	81	68518802	
-1392	-13986	-8948	-4848	-4340	-95	150	-54	-58	82	406	82	68518802	
-1491	-13838	-8995	-4916	-4486	-194	152	-54	-58	83	411	83	68518802	
-1663	-13599	-9022	-4923	-4669	-276	158	-52	-58	84	416	84	68518802	
-1751	-13414	-9095	-4829	-4887	-356	158	-53	-57	85	421	85	68518802	
-1736	-13286	-9170	-4663	-5108	-402	159	-57	-53	86	426	86	68518802	
-1774	-13077	-9391	-4510	-5297	-422	158	-56	-54	87	431	87	68518802	
-1878	-12933	-9548	-4251	-5468	-421	154	-52	-60	88	436	88	68518802	
-1885	-13056	-9615	-3891	-5590	-375	153	-54	-60	89	441	89	68518804	
-1772	-12898	-9589	-3584	-5705	-321	149	-63	-61	90	446	90	68518812	
-1853	-12964	-9572	-3213	-5812	-201	150	-61	-61	91	451	91	68518812	
-2100	-12752	-9511	-2882	-6009	-58	154	-54	-62	92	456	92	68518813	
-2528	-12624	-9393	-2607	-6189	79	154	-54	-62	93	461	93	68518813	
-3111	-12484	-9331	-2397	-6291	251	153	-55	-61	94	466	94	68518813	
-3593	-12457	-9300	-2244	-6306	475	152	-57	-63	95	471	95	68518813	
-3997	-12504	-9264	-2121	-6292	734	151	-59	-65	96	476	96	68518813	
-4352	-12804	-9180	-2047	-6300	975	150	-58	-63	97	481	97	68518817	
-4680	-13083	-9228	-2031	-6321	1189	149	-57	-61	98	486	98	68518831	
-4948	-13264	-9342	-2056	-6337	1423	149	-57	-63	99	491	99	68518842	
-5054	-13234	-9304	-2040	-6383	1698	148	-56	-64	100	496	100	68518842	
-4982	-13327	-9235	-1963	-6455	2010	149	-57	-66	101	501	101	68518842	
-4854	-13552	-9207	-1921	-6524	2349	149	-57	-67	102	506	102	68518842	
-4649	-13763	-9200	-1954	-6558	2694	144	-56	-65	103	511	103	68518843	
-4344	-13702	-9142	-2082	-6529	3020	141	-55	-63	104	516	104	68518843	
-4017	-13413	-9006	-2175	-6497	3355	148	-52	-60	105	521	105	68518849	
-3756	-13434	-8866	-2115	-6504	3661	152	-50	-58	106	526	106	68518869	
-3635	-13345	-8599	-2013	-6560	3888	151	-49	-61	107	531	107	68518880	
-3734	-13717	-8581	-1759	-6627	4053	151	-49	-63	108	536	108	68518880	
-3940	-14285	-8305	-1789	-6567	4186	153	-51	-63	109	541	109	68518880	
-4254	-14652	-8031	-2061	-6415	4262	153	-51	-63	110	546	110	68518880	
-4733	-15171	-7712	-2457	-6248	4286	147	-53	-67	111	551	111	68518880	
-5274	-15172	-7399	-2947	-6061	4279	146	-54	-68	112	556	112	68518880	
-5712	-15088	-7298	-3342	-5896	4299	151	-51	-68	113	561	113	68518897	
-6135	-14861	-7320	-3812	-5797	4417	152	-50	-68	114	566	114	68518924	
-6524	-14475	-7206	-4378	-5758	4584	146	-49	-64	115	571	115	68518930	
-7036	-13876	-7200	-5137	-5764	4804	145	-49	-63	116	576	116	68518930	
-7180	-13124	-7220	-5817	-5775	5058	144	-48	-70	117	581	117	68518930	
-7492	-12750	-7368	-6244	-5787	5326	144	-48	-70	118	586	118	68518930	
-7648	-12326	-7508	-6692	-5802	5702	149	-43	-69	119	591	119	68518930	
-7738	-11744	-7616	-7094	-5746	6087	149	-43	-69	120	596	120	68518930	
-7722	-11354	-7702	-7402	-5728	6486	145	-45	-71	121	601	121	68518939	
-7876	-10842	-7876	-7687	-5760	6800	145	-45	-71	122	606	122	68518971	
-7952	-10442	-8078	-7904	-5802	7147	144	-42	-70	123	611	123	68518971	
-8132	-10472	-8488	-8101	-5841	7439	144	-42	-70	124	616	124	68518971	
-8336	-9909	-8769	-8441	-5907	7775	144	-38	-80	125	621	125	68518971	
-8370	-9563	-8946	-8611	-6012	8095	145	-37	-79	126	626	126	68518972	
-8341	-9186	-9033	-8712	-6165	8388	147	-33	-73	127	631	127	68518972	
-8285	-8810	-9026	-8736	-6416	8682	147	-33	-73	128	636	128	68518973	
-8147	-8328	-9036	-8692	-6745	8973	145	-31	-73	129	641	129	68518976	
-8010	-8002	-9016	-8626	-7101	9267	145	-31	-72	130	646	130	68518976	
-7902	-7752	-9042	-8624	-7455	9529	146	-32	-70	131	651	131	68518987	
-7802	-7623	-9262	-8640	-7803	9751	144	-33	-72	132	656	132	68519030	
-7903	-7813	-9561	-8603	-8056	9861	139	-35	-77	133	661	133	68519030	
-8002	-8286	-9804	-8483	-8138	9800	140	-33	-80	134	666	134	68519030	
-7964	-8907	-9762	-8322	-8142	9621	142	-30	-84	135	671	135	68519030	
-7866	-9709	-9592	-8192	-8263	9460	141	-28	-83	136	676	136	68519030	
-7814	-10629	-9662	-8290	-8745	9510	140	-26	-82	137	681	137	68519030	
-7851	-11548	-10028	-8832	-9670	9875	138	-23	-84	138	686	138	68519030	
-7937	-12190	-10135	-9905	-10898	10491	136	-18	-88	139	691	139	68519045	
-8186	-12404	-9623	-11154	-12239	11233	136	-18	-84	140	696	140	68519073	
-8775	-12039	-8810	-12036	-13611	12135	137	-19	-79	141	701	141	68519080	
-9734	-11242	-8224	-12286	-14510	13133	133	-14	-83	142	706	142	68519080	
-10601	-10583	-8117	-12252	-14628	14126	131	-11	-85	143	711	143	68519080	
-11169	-10351	-8667	-12399	-14016	15125	133	-11	-90	144	716	144	68519080	
-11514	-10494	-9696	-13065	-12769	15972	135	-11	-93	145	721	145	68519080	
-11701	-10888	-10746	-14156	-11087	16561	134	-5	-95	146	726	146	68519080	
-11828	-11308	-11706	-15475	-9203	16879	133	-1	-97	147	731	147	68519080	
-11759	-11324	-12450	-16998	-7379	17001	129	-2	-96	148	736	148	68519081	
-11574	-10628	-12889	-19032	-5556	17101	127	-3	-95	149	741	149	68519081	
-11647	-9397	-13560	-20895	-4310	17371	128	1	-101	150	746	150	68519081	
-12098	-7718	-14696	-22416	-3390	17779	128	2	-102	151	751	151	68519109	
-12380	-5327	-15657	-23484	-2428	18132	123	7	-100	152	756	152	68519129	
-11973	-3008	-16802	-24173	-1560	18511	122	8	-100	153	761	153	68519132	
-11190	-1730	-18458	-25103	-876	18938	120	14	-99	154	766	154	68519133	
-10420	-1241	-20169	-26772	-202	19218	119	15	-99	155	771	155	68519133	
-9792	-1244	-20559	-29092	543	19171	113	15	-110	156	776	156	68519133	
-9477	-2054	-19687	-31552	965	18966	111	15	-113	157	781	157	68519133	
-9874	-3884	-18082	-32768	721	18665	102	18	-120	158	786	158	68519133	
-10662	-5780	-17680	-32768	79	18106	102	18	-120	159	791	159	68519133	
-11706	-7692	-17808	-32768	-696	17022	101	25	-125	160	796	160	68519133	
-12992	-9528	-18024	-32768	-1426	15511	101	25	-125	161	801	161	68519169	
-14420	-11020	-17972	-32768	-1878	13628	92	18	-136	162	806	162	68519169	
-15914	-12456	-18328	-32221	-2110	11444	92	18	-136	163	811	163	68519169	
-17204	-14074	-17736	-30110	-2130	9187	78	24	-132	164	816	164	68519169	
-17981	-14839	-16473	-28021	-1960	7475	78	24	-132	165	821	165	68519169	
-18302	-15182	-14022	-24510	-1535	5643	84	26	-140	166	826	166	68519169	
-17664	-14774	-12278	-21004	-1051	5158	84	26	-140	167	831	167	68519169	
-16032	-13918	-10952	-17517	-449	5704	71	23	-141	168	836	168	68519169	
-13804	-12360	-10018	-14629	173	6984	71	23	-141	169	841	169	68519169	
-11694	-10458	-9398	-12276	491	8642	81	23	-143	170	846	170	68519170	
-10168	-8256	-9168	-10260	427	10295	81	23	-143	171	851	171	68519179	
-9132	-5620	-9366	-8427	104	11562	67	25	-145	172	856	172	68519206	
-8440	-2788	-9912	-6582	-189	12236	67	25	-145	173	861	173	68519206	
-7834	-112	-10698	-4527	-288	12416	63	29	-143	174	866	174	68519206	
-7241	793	-12005	-1877	-200	12029	64	28	-143	175	871	175	68519206	
-6835	529	-12844	-144	-72	11313	70	26	-144	176	876	176	68519206	
-6378	-218	-13277	1127	36	10417	69	26	-144	177	881	177	68519206	
-5892	-1258	-13090	2059	7	9409	66	24	-144	178	886	178	68519216	
-5602	-2186	-12558	2617	-288	8353	66	25	-143	179	891	179	68519258	
-5766	-3054	-11922	2781	-819	7357	65	29	-137	180	896	180	68519259	
-6415	-3584	-11254	2464	-1384	6432	65	28	-138	181	901	181	68519259	
-7797	-3539	-10592	1662	-1879	5550	63	25	-141	182	906	182	68519259	
-9767	-3215	-10043	507	-2172	4911	65	26	-140	183	911	183	68519260	
-11615	-3274	-9932	-595	-2216	4726	68	28	-138	184	916	184	68519260	
-13435	-3889	-10265	-1886	-2003	4832	66	30	-139	185	921	185	68519261	
-14965	-4660	-10500	-3507	-1510	5102	64	34	-140	186	926	186	68519270	
-16038	-5356	-10435	-5282	-879	5562	62	31	-140	187	931	187	68519283	
-16619	-6058	-10399	-6824	-297	6237	59	27	-141	188	936	188	68519283	
-16922	-6598	-10650	-8133	113	7080	62	28	-140	189	941	189	68519284	
-16839	-6748	-11164	-9383	372	8061	66	30	-138	190	946	190	68519284	
-16046	-6188	-11790	-10605	472	9229	63	33	-144	191	951	191	68519284	
-14670	-4908	-12288	-11490	275	10332	60	36	-150	192	956	192	68519284	
-13182	-3219	-12837	-12007	-218	11221	56	34	-144	193	961	193	68519284	
-11829	-1340	-13480	-12306	-942	11991	54	32	-140	194	966	194	68519291	
-10787	457	-13980	-12337	-1822	12562	52	34	-141	195	971	195	68519324	
-10073	1852	-14384	-12049	-2817	12924	51	35	-141	196	976	196	68519345	
-9784	2731	-14530	-11601	-3874	13153	49	35	-140	197	981	197	68519345	
-9994	2882	-14424	-11060	-4850	13329	47	35	-139	198	986	198	68519345	
-10591	1724	-14377	-10379	-5637	13367	48	36	-143	199	991	199	68519345	
-11219	54	-13739	-9920	-6017	13147	48	36	-144	200	996	200	68519345	
-11722	-1388	-12932	-9557	-6223	12842	45	38	-147	201	1001	201	68519345	
-12032	-2751	-12730	-9507	-6373	12528	44	38	-148	202	1006	202	68519383	
-12324	-3876	-12894	-9985	-6329	12248	42	42	-142	203	1011	203	68519392	
-12702	-4588	-13068	-10874	-6003	11990	41	43	-141	204	1016	204	68519393	
-12859	-5003	-13150	-11906	-5445	11844	38	41	-146	205	1021	205	68519393	
-12891	-5180	-13272	-12858	-4687	11815	37	41	-147	206	1026	206	68519393	
-12825	-4988	-13518	-13590	-3821	11870	35	43	-145	207	1031	207	68519393	
-12610	-4508	-13662	-14021	-2828	12050	35	43	-145	208	1036	208	68519393	
-12406	-3910	-13872	-13940	-2190	12232	32	46	-148	209	1041	209	68519393	
-12166	-3036	-13844	-13670	-1763	12382	32	46	-148	210	1046	210	68519393	
-12086	-2170	-13446	-13118	-1525	12465	25	47	-149	211	1051	211	68519393	
-12022	-1378	-12960	-12225	-1537	12491	25	47	-149	212	1056	212	68519419	
-12028	-670	-12498	-11205	-1876	12428	17	45	-149	213	1061	213	68519429	
-12302	124	-12240	-10245	-2455	12296	17	45	-149	214	1066	214	68519429	
-12832	774	-12368	-9430	-3045	12132	17	45	-145	215	1071	215	68519429	
-13728	1380	-12778	-8775	-3547	11794	17	45	-144	216	1076	216	68519429	
-14464	1624	-13372	-8494	-3680	11458	17	45	-141	217	1081	217	68519429	
-15228	1490	-14077	-8465	-3513	11053	17	47	-142	218	1086	218	68519429	
-15839	1171	-14466	-8592	-3065	10576	16	54	-146	219	1091	219	68519429	
-16164	600	-14562	-8509	-2401	10065	16	53	-146	220	1096	220	68519429	
-16139	-59	-14520	-8113	-1649	9559	15	47	-145	221	1101	221	68519429	
-15938	-642	-14320	-7467	-944	9129	14	48	-145	222	1106	222	68519429	
-15514	-1180	-14008	-6658	-387	8836	10	52	-146	223	1111	223	68519438	
-14754	-1369	-13622	-5800	-44	8651	10	52	-147	224	1116	224	68519468	
-13895	-1365	-12988	-4962	-7	8577	9	53	-151	225	1121	225	68519468	
-13254	-1218	-12484	-4321	-265	8555	7	53	-147	226	1126	226	68519469	
-12833	-947	-11946	-3795	-738	8550	5	53	-141	227	1131	227	68519469	
-12521	-576	-11482	-3402	-1381	8550	4	53	-142	228	1136	228	68519469	
-12309	-165	-10953	-3123	-2113	8562	2	52	-144	229	1141	229	68519469	
-12226	220	-10525	-2878	-2828	8585	4	52	-148	230	1146	230	68519473	
-12173	538	-10125	-2574	-3485	8589	7	53	-153	231	1151	231	68519495	
-12110	980	-9743	-2227	-4035	8560	5	53	-151	232	1156	232	68519520	
-12038	1578	-9347	-1876	-4487	8522	1	53	-149	233	1161	233	68519520	
-11762	2051	-9057	-1651	-4800	8549	1	54	-153	234	1166	234	68519521	
-11594	2296	-8965	-1626	-4901	8616	1	55	-155	235	1171	235	68519521	
-11598	2315	-8834	-1715	-4823	8649	-3	53	-148	236	1176	236	68519521	
-11695	2243	-8794	-1770	-4602	8584	-5	51	-143	237	1181	237	68519522	
-11772	2156	-8724	-1740	-4294	8404	0	53	-144	238	1186	238	68519522	
-11819	2045	-8686	-1621	-3996	8180	3	55	-145	239	1191	239	68519539	
-11863	1930	-8737	-1459	-3754	7973	-1	58	-147	240	1196	240	68519557	
-11841	1870	-8746	-1329	-3524	7812	-4	60	-148	241	1201	241	68519561	
-11751	1872	-8760	-1269	-3437	7724	0	61	-147	242	1206	242	68519561	
-11774	1920	-8823	-1262	-3483	7639	1	61	-147	243	1211	243	68519561	
-11813	2020	-9056	-1286	-3535	7545	-5	59	-145	244	1216	244	68519561	
-11841	2212	-9235	-1363	-3518	7460	-6	58	-144	245	1221	245	68519561	
-11723	2392	-9212	-1471	-3493	7402	-4	57	-145	246	1226	246	68519567	
-11598	2367	-9408	-1580	-3539	7383	-3	57	-145	247	1231	247	68519593	
-11582	2346	-9588	-1623	-3689	7379	-5	55	-145	248	1236	248	68519599	
-11661	2357	-9852	-1568	-3909	7350	-5	55	-145	249	1241	249	68519599	
-11972	2466	-9976	-1445	-4225	7275	-1	59	-147	250	1246	250	68519599	
-12252	2506	-10166	-1373	-4457	7155	-1	59	-147	251	1251	251	68519599	
-12570	2628	-10246	-1447	-4523	6952	-7	63	-143	252	1256	252	68519599	
-12968	2702	-10406	-1592	-4491	6684	-7	63	-143	253	1261	253	68519599	
-13332	2710	-10514	-1762	-4362	6396	-2	66	-140	254	1266	254	68519599	
-13544	2750	-10626	-1923	-4252	6132	-2	66	-140	255	1271	255	68519600	
-13626	2674	-10596	-2044	-4218	5933	-11	71	-147	256	1276	256	68519600	
-13702	2644	-10860	-2120	-4303	5798	-11	71	-147	257	1281	257	68519600	
-13764	2547	-10923	-2344	-4459	5633	-6	68	-142	258	1286	258	68519648	
-13746	2464	-11177	-2577	-4571	5496	-7	68	-143	259	1291	259	68519657	
-13763	2393	-11364	-2793	-4689	5334	-10	68	-146	260	1296	260	68519657	
-13887	2386	-11565	-3029	-4752	5172	-10	68	-145	261	1301	261	68519657	
-13866	2499	-11584	-3306	-4755	4999	-11	69	-139	262	1306	262	68519657	
-13745	2476	-11582	-3598	-4719	4840	-11	70	-139	263	1311	263	68519657	
-13609	2490	-11730	-3913	-4620	4725	-12	74	-138	264	1316	264	68519662	
-13464	2436	-11768	-4225	-4434	4638	-12	73	-138	265	1321	265	68519687	
-13266	2357	-11966	-4469	-4206	4476	-12	70	-138	266	1326	266	68519718	
-12990	2396	-12031	-4676	-3898	4222	-14	70	-137	267	1331	267	68519724	
-12686	2323	-12126	-4873	-3595	3959	-17	69	-135	268	1336	268	68519728	
-12367	2104	-12367	-5136	-3311	3638	-15	71	-137	269	1341	269	68519729	
-12115	1793	-12575	-5445	-3040	3234	-11	75	-141	270	1346	270	68519729	
-11870	1507	-12688	-5733	-2839	2736	-13	71	-143	271	1351	271	68519729	
-11655	1249	-12793	-5989	-2721	2149	-16	66	-146	272	1356	272	68519729	
-11536	1078	-12885	-6207	-2655	1492	-17	70	-140	273	1361	273	68519729	
-11531	965	-12923	-6454	-2569	738	-18	76	-132	274	1366	274	68519729	
-11586	833	-12883	-6721	-2447	7	-17	78	-137	275	1371	275	68519729	
-11615	662	-12795	-6951	-2301	-610	-16	80	-140	276	1376	276	68519740	
-11613	478	-12652	-7188	-2161	-1192	-15	80	-141	277	1381	277	68519755	
-11585	258	-12567	-7487	-2032	-1733	-14	80	-142	278	1386	278	68519759	
-11514	-5	-12587	-7848	-1844	-2216	-17	78	-138	279	1391	279	68519759	
-11423	-207	-12554	-8220	-1608	-2644	-19	77	-135	280	1396	280	68519759	
-11311	-402	-12416	-8640	-1361	-3093	-17	78	-135	281	1401	281	68519759	
-11112	-672	-12196	-9163	-1131	-3592	-14	80	-136	282	1406	282	68519759	
-10878	-1019	-11887	-9798	-952	-4123	-18	79	-137	283	1411	283	68519759	
-10606	-1269	-11587	-10479	-869	-4669	-22	78	-138	284	1416	284	68519759	
-10398	-1333	-11299	-11115	-849	-5218	-21	79	-137	285	1421	285	68519759	
-10328	-1376	-10983	-11734	-846	-5816	-21	79	-137	286	1426	286	68519763	
-10280	-1370	-10669	-12340	-857	-6420	-23	76	-136	287	1431	287	68519784	
-10302	-1297	-10352	-12942	-881	-7084	-24	74	-136	288	1436	288	68519796	
-10422	-1159	-9980	-13501	-887	-7780	-28	75	-136	289	1441	289	68519796	
-10546	-1000	-9629	-13941	-906	-8481	-30	76	-136	290	1446	290	68519796	
-10648	-784	-9275	-14294	-948	-9316	-29	75	-136	291	1451	291	68519796	
-10862	-585	-8939	-14545	-988	-10062	-28	74	-136	292	1456	292	68519797	
-11088	-425	-8722	-14745	-1054	-10781	-31	72	-134	293	1461	293	68519797	
-11345	-301	-8431	-14851	-1062	-11467	-32	72	-134	294	1466	294	68519797	
-11425	-72	-8157	-14943	-1016	-12100	-26	77	-137	295	1471	295	68519797	
-11510	335	-7797	-14984	-1009	-12709	-24	78	-138	296	1476	296	68519797	
-11661	682	-7709	-14972	-1088	-13220	-26	83	-138	297	1481	297	68519818	
-12163	903	-7911	-14999	-1147	-13652	-26	84	-138	298	1486	298	68519832	
-12829	942	-7988	-15046	-1131	-14034	-27	77	-136	299	1491	299	68519834	
-13612	842	-7852	-15226	-1062	-14448	-27	75	-135	300	1496	300	68519834	
-13958	772	-7744	-15376	-919	-14721	-31	81	-141	301	1501	301	68519834	
-14130	764	-7668	-15277	-724	-14937	-31	81	-141	302	1506	302	68519835	
-14248	728	-7326	-15283	-619	-15036	-30	82	-136	303	1511	303	68519835	
-14180	862	-7122	-15159	-557	-15064	-30	82	-136	304	1516	304	68519841	
-14144	930	-7104	-14923	-584	-15062	-30	78	-138	305	1521	305	68519869	
-14126	1078	-6917	-14873	-613	-15095	-34	79	-140	306	1526	306	68519870	
-14108	1226	-6730	-14822	-641	-15128	-38	80	-142	307	1531	307	68519870	
-14565	1433	-6766	-14801	-740	-15268	-37	80	-140	308	1536	308	68519870	
-15209	1564	-6749	-14839	-699	-15430	-32	80	-130	309	1541	309	68519870	
-16014	1871	-6769	-14785	-546	-15622	-32	79	-130	310	1546	310	68519870	
-16765	2487	-6554	-14672	-315	-15831	-33	75	-129	311	1551	311	68519874	
-17308	3231	-6338	-14366	-94	-15983	-34	77	-130	312	1556	312	68519893	
-17814	3988	-6342	-13987	114	-16011	-39	83	-133	313	1561	313	68519908	
-18220	4636	-6576	-13780	403	-15907	-39	83	-133	314	1566	314	68519911	
-18600	5253	-6906	-13797	856	-15719	-38	82	-132	315	1571	315	68519911	
-18885	5716	-7221	-13972	1458	-15467	-36	84	-132	316	1576	316	68519911	
-18807	5900	-7335	-14168	2056	-15181	-31	89	-131	317	1581	317	68519911	
-18495	6014	-7388	-14310	2431	-14941	-33	88	-133	318	1586	318	68519911	
-18011	6081	-7331	-14447	2680	-14723	-35	87	-137	319	1591	319	68519921	
-17498	6138	-7109	-14557	2793	-14512	-35	84	-136	320	1596	320	68519939	
-17056	6258	-6830	-14564	2788	-14321	-35	79	-135	321	1601	321	68519944	
-16696	6461	-6501	-14426	2699	-14180	-33	78	-134	322	1606	322	68519945	
-16452	6788	-5984	-14146	2545	-14064	-31	77	-133	323	1611	323	68519945	
-16357	7273	-5378	-13692	2298	-13965	-33	78	-134	324	1616	324	68519945	
-16585	7807	-4848	-13149	1921	-13872	-34	78	-134	325	1621	325	68519945	
-17002	8393	-4442	-12675	1483	-13749	-33	79	-135	326	1626	326	68519949	
-17584	8947	-4180	-12249	994	-13570	-33	79	-135	327	1631	327	68519979	
-18219	9436	-4122	-11806	502	-13347	-34	83	-133	328	1636	328	68519998	
-18661	9853	-4168	-11308	98	-13095	-35	85	-131	329	1641	329	68519998	
-18811	10144	-4250	-10818	-224	-12776	-34	84	-129	330	1646	330	68519998	
-18629	10292	-4481	-10413	-482	-12335	-33	83	-127	331	1651	331	68519998	
-18176	10306	-4838	-10084	-628	-11783	-33	82	-127	332	1656	332	68519999	
-17325	10031	-5131	-9804	-633	-11025	-33	81	-127	333	1661	333	68519999	
-16328	9774	-5234	-9704	-562	-10244	-35	81	-132	334	1666	334	68520045	
-15236	9463	-5426	-9628	-490	-9453	-35	81	-133	335	1671	335	68520070	
-14118	9278	-5601	-9558	-443	-8653	-35	79	-136	336	1676	336	68520073	
-13168	9104	-5717	-9541	-409	-7895	-35	79	-137	337	1681	337	68520073	
-12516	9106	-5712	-9569	-413	-7215	-37	82	-135	338	1686	338	68520073	
-12273	9222	-5636	-9596	-406	-6672	-37	83	-135	339	1691	339	68520073	
-12205	9366	-5575	-9563	-424	-6263	-35	83	-133	340	1696	340	68520083	
-12346	9542	-5280	-9487	-463	-5983	-35	83	-133	341	1701	341	68520117	
-12562	9770	-5116	-9416	-560	-5942	-40	86	-128	342	1706	342	68520121	
-12848	9870	-4860	-9221	-650	-5998	-40	86	-128	343	1711	343	68520123	
-13178	9932	-4806	-9087	-766	-6041	-36	80	-130	344	1716	344	68520123	
-13510	9856	-4754	-9004	-901	-6052	-36	80	-130	345	1721	345	68520124	
-13788	9552	-4746	-9026	-1047	-6042	-29	83	-131	346	1726	346	68520124	
-14120	9284	-4726	-9175	-1196	-5976	-29	83	-131	347	1731	347	68520125	
-14448	8978	-4560	-9428	-1347	-5859	-42	82	-130	348	1736	348	68520126	
-14568	8730	-4322	-9709	-1454	-5682	-42	82	-130	349	1741	349	68520126	
-14638	8481	-3949	-9921	-1611	-5418	-32	82	-128	350	1746	350	68520127	
-14603	8430	-3582	-9893	-1759	-5138	-33	83	-127	351	1751	351	68520128	
-14708	8358	-3435	-9577	-1880	-4821	-38	88	-122	352	1756	352	68520129	
-14775	8329	-3236	-9042	-1958	-4515	-38	87	-124	353	1761	353	68520132	
-14879	8409	-3152	-8442	-2036	-4251	-39	83	-131	354	1766	354	68520142	
-14993	8714	-3050	-7922	-2162	-4047	-40	84	-130	355	1771	355	68520142	
-15232	9449	-2847	-7551	-2420	-3877	-43	87	-127	356	1776	356	68520142	
-15660	10705	-2822	-7308	-2834	-3565	-43	86	-126	357	1781	357	68520142	
-16070	12344	-2900	-6930	-3304	-3024	-41	81	-123	358	1786	358	68520142	
-16747	13084	-2869	-6485	-3764	-2501	-41	82	-126	359	1791	359	68520146	
-17597	13673	-2852	-6020	-4301	-1810	-41	83	-131	360	1796	360	68520159	
-18350	14327	-3042	-5211	-4666	-846	-42	83	-129	361	1801	361	68520170	
-18933	14790	-3130	-4208	-4567	281	-44	84	-126	362	1806	362	68520170	
-19060	15058	-3174	-3432	-3940	1420	-42	86	-128	363	1811	363	68520170	
-18567	15338	-3515	-3198	-3136	2431	-39	89	-131	364	1816	364	68520170	
-17769	15363	-4020	-3591	-2669	3253	-42	88	-128	365	1821	365	68520170	
-16998	14917	-4363	-4421	-2872	3959	-46	86	-124	366	1826	366	68520170	
-16614	14325	-4533	-4903	-3624	4464	-45	86	-124	367	1831	367	68520170	
-16499	13599	-4512	-4811	-4400	4679	-44	86	-124	368	1836	368	68520179	
-16266	12809	-4410	-4449	-5027	4627	-45	87	-127	369	1841	369	68520206	
-15684	12281	-4099	-3878	-5519	4358	-45	87	-129	370	1846	370	68520220	
-15438	11169	-3820	-2992	-6099	3957	-49	91	-123	371	1851	371	68520220	
-15143	10408	-3572	-2314	-6847	3765	-51	93	-119	372	1856	372	68520220	
-14542	10584	-3428	-1651	-7395	3581	-53	89	-120	373	1861	373	68520221	
-14240	10207	-3491	-555	-7897	3124	-54	86	-120	374	1866	374	68520221	
-14467	9154	-3884	180	-8406	2795	-53	93	-124	375	1871	375	68520221	
-14814	8064	-4763	885	-8699	2600	-53	95	-125	376	1876	376	68520221	
-15230	7124	-5498	1560	-8676	2345	-47	91	-119	377	1881	377	68520221	
-15532	6446	-5709	2037	-8354	1992	-46	90	-118	378	1886	378	68520221	
-15725	5656	-5776	2593	-7910	1643	-50	94	-119	379	1891	379	68520227	
-15746	4840	-5764	3273	-7504	1396	-51	95	-119	380	1896	380	68520251	
-15705	4140	-5744	4020	-7185	1222	-49	95	-124	381	1901	381	68520258	
-15571	3686	-5658	4756	-6998	1070	-49	95	-125	382	1906	382	68520258	
-15460	3052	-5272	5522	-6921	929	-50	98	-120	383	1911	383	68520258	
-15508	2848	-5024	6025	-6994	874	-50	98	-120	384	1916	384	68520258	
-15550	2612	-4990	6439	-7116	858	-44	100	-118	385	1921	385	68520258	
-15636	2664	-5044	6583	-7219	816	-44	100	-118	386	1926	386	68520258	
-15826	2684	-5290	6447	-7296	795	-48	102	-120	387	1931	387	68520258	
-16008	2904	-5502	6221	-7240	792	-48	102	-120	388	1936	388	68520266	
-16200	3016	-5832	6040	-7003	733	-48	102	-114	389	1941	389	68520295	
-16408	3170	-6060	5745	-6742	646	-48	102	-114	390	1946	390	68520295	
-16522	3376	-6340	5293	-6405	568	-47	103	-121	391	1951	391	68520295	
-16544	3531	-6453	4870	-6118	480	-47	104	-120	392	1956	392	68520296	
-16574	3748	-6526	4392	-5845	389	-49	109	-117	393	1961	393	68520296	
-16632	3823	-6690	3854	-5553	286	-49	107	-115	394	1966	394	68520296	
-16634	3817	-6770	3251	-5254	166	-47	99	-109	395	1971	395	68520296	
-16644	3840	-6772	2703	-5010	50	-47	99	-109	396	1976	396	68520297	
-16618	3872	-6740	2052	-4802	-83	-42	100	-118	397	1981	397	68520319	
-16510	3960	-6692	1432	-4667	-198	-42	100	-118	398	1986	398	68520334	
-16556	3998	-6810	795	-4571	-297	-46	112	-112	399	1991	399	68520334	
-16488	4230	-6845	-24	-4456	-384	-45	111	-113	400	1996	400	68520335	
-16372	4408	-6696	-643	-4344	-440	-43	105	-117	401	2001	401	68520335	
-16196	4610	-6570	-1122	-4202	-488	-44	106	-116	402	2006	402	68520335	
-16080	4756	-6612	-1409	-4072	-525	-46	112	-112	403	2011	403	68520335	
-16002	4950	-6591	-1603	-3922	-540	-45	112	-112	404	2016	404	68520343	
-15860	5124	-6516	-1682	-3731	-541	-40	110	-114	405	2021	405	68520375	
-15776	5243	-6488	-1626	-3517	-567	-40	110	-114	406	2026	406	68520375	
-15676	5157	-6222	-1412	-3311	-601	-40	110	-114	407	2031	407	68520375	
-15606	4950	-6066	-1041	-3059	-656	-42	109	-113	408	2036	408	68520375	
-15536	4756	-5848	-730	-2871	-744	-44	108	-112	409	2041	409	68520375	
-15505	4581	-5610	-444	-2745	-827	-43	110	-112	410	2046	410	68520375	
-15504	4392	-5366	-113	-2670	-888	-41	113	-113	411	2051	411	68520375	
-15468	4218	-5119	259	-2634	-921	-41	110	-114	412	2056	412	68520383	
-15455	4096	-4884	643	-2631	-914	-41	105	-115	413	2061	413	68520402	
-15451	4014	-4770	1002	-2651	-892	-41	107	-115	414	2066	414	68520412	
-15465	3985	-4700	1310	-2671	-867	-42	110	-116	415	2071	415	68520412	
-15487	3821	-4568	1571	-2675	-829	-44	110	-117	416	2076	416	68520412	
-15545	3659	-4475	1739	-2675	-778	-45	109	-117	417	2081	417	68520412	
-15669	3516	-4297	1852	-2650	-728	-43	111	-112	418	2086	418	68520412	
-15813	3352	-4123	1921	-2627	-706	-41	113	-109	419	2091	419	68520413	
-15894	3242	-4040	1879	-2621	-696	-39	111	-109	420	2096	420	68520440	
-16047	3178	-3987	1685	-2613	-690	-37	109	-109	421	2101	421	68520458	
-16170	3202	-3921	1348	-2582	-675	-39	113	-110	422	2106	422	68520458	
-16240	3270	-3948	936	-2526	-635	-41	115	-111	423	2111	423	68520459	
-16227	3316	-3957	430	-2439	-561	-41	112	-111	424	2116	424	68520459	
-16231	3396	-4065	33	-2356	-465	-41	111	-111	425	2121	425	68520459	
-16199	3540	-4148	-292	-2297	-367	-41	111	-111	426	2126	426	68520459	
-16142	3710	-4186	-559	-2230	-265	-41	111	-111	427	2131	427	68520459	
-16088	3715	-4256	-742	-2157	-147	-44	113	-111	428	2136	428	68520489	
