-16380	-194	-2244	72	606	-6	-83	163	41	1	1	1	73541820	
-16412	-218	-2302	79	605	-5	-88	164	32	2	6	2	73541826	
-16465	-258	-2299	75	613	-3	-88	164	32	3	11	3	73541851	
-16486	-317	-2303	70	632	2	-86	173	31	4	16	4	73541856	
-16459	-391	-2264	63	659	8	-85	175	31	5	21	5	73541856	
-16468	-361	-2228	53	693	12	-85	173	33	6	26	6	73541856	
-16390	-556	-2337	40	732	24	-85	173	33	7	31	7	73541856	
-16302	-396	-2210	-24	786	43	-87	167	35	8	36	8	73541856	
-16240	-282	-2300	-42	824	47	-87	167	35	9	41	9	73541856	
-16108	-454	-2346	-12	857	54	-84	168	34	10	46	10	73541857	
-16075	-436	-2429	-22	881	62	-84	168	34	11	51	11	73541857	
-15993	-352	-2348	-32	905	67	-82	167	30	12	56	12	73541864	
-15979	-319	-2452	-12	918	71	-81	167	29	13	61	13	73541889	
-15946	-310	-2586	18	918	74	-86	167	31	14	66	14	73541896	
-15860	-399	-2684	39	908	80	-87	167	31	15	71	15	73541896	
-15862	-294	-2758	59	878	78	-88	170	24	16	76	16	73541896	
-16010	-338	-2766	75	847	78	-88	170	24	17	81	17	73541905	
-16028	-242	-2706	90	816	72	-89	167	31	18	86	18	73541905	
-16103	-202	-2793	98	798	69	-89	167	31	19	91	19	73541905	
-16228	-204	-2768	106	777	64	-87	169	25	20	96	20	73541935	
-16294	-131	-2785	114	774	59	-87	169	23	21	101	21	73541943	
-16386	-98	-2898	114	787	56	-89	167	28	22	106	22	73541943	
-16435	-142	-2967	109	808	51	-89	167	29	23	111	23	73541943	
-16500	-130	-2940	82	844	48	-87	166	30	24	116	24	73541943	
-16736	-28	-3040	35	903	50	-86	166	30	25	121	25	73541943	
-16870	96	-3018	-11	973	60	-82	168	28	26	126	26	73541943	
-17150	256	-3064	-56	1061	73	-82	168	28	27	131	27	73541960	
-17222	301	-3246	-87	1148	92	-89	165	30	28	136	28	73541977	
-17148	339	-3495	-106	1252	121	-90	164	30	29	141	29	73541980	
-17064	247	-3735	-108	1349	149	-85	166	22	30	146	30	73541980	
-16850	209	-3790	-92	1423	178	-84	166	20	31	151	31	73541980	
-16482	147	-3856	-50	1468	207	-86	169	25	32	156	32	73541980	
-16042	30	-3998	39	1472	235	-86	170	26	33	161	33	73541980	
-15672	-120	-4048	128	1426	252	-92	166	16	34	166	34	73541980	
-15460	-172	-4010	223	1340	264	-92	166	16	35	171	35	73541980	
-15393	-235	-3975	311	1259	267	-85	171	21	36	176	36	73541980	
-15391	-362	-3931	410	1169	259	-84	172	22	37	181	37	73542025	
-15476	-446	-3988	502	1086	246	-88	170	21	38	186	38	73542037	
-15678	-522	-4223	575	1024	219	-89	169	21	39	191	39	73542037	
-15854	-519	-4483	638	985	179	-88	173	23	40	196	40	73542038	
-15884	-648	-4840	702	959	125	-88	174	24	41	201	41	73542038	
-15708	-722	-5170	731	961	64	-90	166	16	42	206	42	73542039	
-15360	-894	-5466	746	965	3	-90	166	16	43	211	43	73542039	
-15065	-1141	-5679	735	947	-45	-88	170	15	44	216	44	73542048	
-14635	-1417	-5677	700	887	-94	-87	171	15	45	221	45	73542068	
-14256	-1660	-5599	650	773	-140	-86	169	16	46	226	46	73542074	
-13989	-1823	-5507	600	598	-188	-86	168	16	47	231	47	73542074	
-13890	-1988	-5450	550	370	-232	-84	170	17	48	236	48	73542074	
-13945	-2030	-5328	490	125	-275	-83	171	17	49	241	49	73542074	
-14422	-1988	-5046	404	-133	-313	-83	163	15	50	246	50	73542074	
-14978	-1808	-4782	343	-271	-351	-83	163	15	51	251	51	73542074	
-15540	-1696	-4424	331	-327	-379	-83	167	17	52	256	52	73542074	
-15925	-1698	-4357	336	-294	-392	-83	167	17	53	261	53	73542074	
-16167	-1541	-4261	333	-209	-401	-85	168	16	54	266	54	73542074	
-16384	-1569	-4219	351	-96	-401	-86	168	16	55	271	55	73542084	
-16374	-1578	-4150	373	39	-385	-86	168	19	56	276	56	73542119	
-16245	-1427	-3944	376	175	-369	-86	168	20	57	281	57	73542127	
-16002	-1234	-3542	390	313	-344	-88	166	12	58	286	58	73542127	
-15644	-1470	-3186	395	407	-302	-88	166	12	59	291	59	73542127	
-15428	-1012	-2628	337	441	-274	-83	173	15	60	296	60	73542127	
-15336	-922	-2400	325	432	-237	-83	173	15	61	301	61	73542127	
-15326	-912	-2216	291	410	-184	-81	167	13	62	306	62	73542127	
-15440	-900	-2177	217	399	-123	-81	165	13	63	311	63	73542134	
-15620	-581	-1941	123	419	-62	-82	167	20	64	316	64	73542157	
-15703	-246	-1930	72	475	-4	-82	168	22	65	321	65	73542163	
-15836	-108	-2086	86	589	57	-83	171	17	66	326	66	73542163	
-15878	62	-2292	135	714	98	-83	171	17	67	331	67	73542163	
-15786	200	-2404	201	847	120	-84	170	16	68	336	68	73542164	
-15674	248	-2706	284	940	119	-84	170	16	69	341	69	73542164	
-15412	61	-3076	388	1032	111	-82	171	14	70	346	70	73542165	
-14864	-162	-3090	485	1094	95	-81	171	13	71	351	71	73542165	
-14481	-536	-3656	600	1051	67	-83	169	11	72	356	72	73542166	
-14286	-1018	-4532	642	967	46	-83	169	11	73	361	73	73542166	
-14190	-1283	-5068	568	905	29	-85	171	14	74	366	74	73542193	
-13918	-1420	-5298	439	840	18	-85	171	15	75	371	75	73542210	
-13798	-1628	-5398	323	769	20	-83	175	13	76	376	76	73542211	
-13788	-1752	-5454	175	685	31	-83	175	13	77	381	77	73542211	
-13860	-1702	-5397	38	615	44	-82	169	11	78	386	78	73542211	
-13957	-1676	-5325	-118	542	69	-82	168	10	79	391	79	73542211	
-14128	-1626	-5240	-260	481	99	-81	169	12	80	396	80	73542211	
-14355	-1460	-5091	-368	435	132	-81	169	13	81	401	81	73542278	
-14634	-1262	-4952	-444	398	163	-83	175	11	82	406	82	73542295	
-15138	-968	-4868	-497	364	197	-84	176	10	83	411	83	73542295	
-15474	-794	-4786	-502	357	222	-86	164	4	84	416	84	73542295	
-15798	-526	-4782	-483	358	241	-86	164	4	85	421	85	73542296	
-16106	-396	-4855	-457	367	259	-83	166	6	86	426	86	73542311	
-16290	-180	-4864	-408	381	274	-82	166	6	87	431	87	73542315	
-16339	-17	-4848	-333	397	279	-82	169	9	88	436	88	73542316	
-16328	158	-5039	-253	417	274	-82	170	10	89	441	89	73542316	
-16278	301	-5238	-177	443	267	-84	168	10	90	446	90	73542316	
-16090	484	-5516	-77	479	258	-84	168	10	91	451	91	73542349	
-15884	500	-5800	3	519	247	-86	162	8	92	456	92	73542349	
-15610	432	-6004	77	568	236	-86	162	8	93	461	93	73542349	
-15217	322	-6207	115	604	224	-87	163	4	94	466	94	73542349	
-14823	196	-6542	123	632	213	-87	163	3	95	471	95	73542350	
-14530	85	-6698	89	634	202	-85	165	-2	96	476	96	73542350	
-14375	37	-6864	30	608	192	-85	165	-3	97	481	97	73542351	
-14316	1	-6929	-37	564	180	-85	168	3	98	486	98	73542351	
-14359	26	-7002	-108	517	169	-85	169	5	99	491	99	73542351	
-14582	12	-6996	-190	465	159	-86	170	4	100	496	100	73542351	
-14804	-14	-7080	-245	436	150	-86	170	4	101	501	101	73542375	
-14937	-92	-7125	-269	422	140	-88	170	2	102	506	102	73542394	
-15178	-223	-7180	-270	420	125	-88	170	2	103	511	103	73542398	
-15266	-391	-7149	-259	442	106	-85	165	7	104	516	104	73542398	
-15338	-612	-7077	-243	481	88	-84	164	8	105	521	105	73542398	
-15296	-724	-6873	-230	528	74	-83	166	7	106	526	106	73542398	
-15132	-759	-6597	-217	572	63	-83	167	7	107	531	107	73542398	
-14822	-760	-6448	-180	608	59	-84	162	6	108	536	108	73542398	
-14710	-718	-6318	-142	607	59	-84	162	6	109	541	109	73542398	
-14586	-816	-6192	-93	580	59	-86	158	8	110	546	110	73542398	
-14608	-908	-6014	-46	545	55	-86	158	8	111	551	111	73542398	
-14612	-1025	-6036	1	507	50	-81	164	2	112	556	112	73542398	
-14652	-1247	-6160	47	479	44	-80	166	0	113	561	113	73542398	
-14740	-1467	-6207	78	461	37	-84	164	4	114	566	114	73542404	
-14904	-1612	-6258	78	454	26	-85	163	5	115	571	115	73542407	
-14928	-1700	-6228	20	451	20	-84	168	-2	116	576	116	73542407	
-14984	-1648	-6322	-57	453	17	-84	168	-2	117	581	117	73542407	
-15110	-1404	-6362	-147	444	13	-82	168	0	118	586	118	73542415	
-15130	-1232	-6427	-226	434	15	-82	168	0	119	591	119	73542440	
-15179	-1027	-6554	-313	429	21	-83	167	6	120	596	120	73542445	
-15238	-822	-6681	-397	446	36	-83	167	7	121	601	121	73542446	
-15136	-572	-6794	-454	476	58	-80	165	7	122	606	122	73542446	
-15006	-398	-6901	-480	501	84	-79	165	7	123	611	123	73542447	
-14906	-235	-6938	-487	511	110	-82	167	5	124	616	124	73542447	
-14770	-42	-6892	-470	481	132	-83	167	5	125	621	125	73542447	
-14676	2	-6824	-426	418	142	-82	168	6	126	626	126	73542448	
-14644	7	-6836	-399	346	140	-82	168	6	127	631	127	73542448	
-14734	56	-6833	-386	261	137	-84	167	4	128	636	128	73542466	
-14764	207	-6746	-368	182	134	-85	167	3	129	641	129	73542477	
-14776	300	-6513	-322	119	124	-83	165	-1	130	646	130	73542479	
-14687	164	-6282	-245	52	111	-82	164	-2	131	651	131	73542479	
-14675	-167	-6195	-166	-28	103	-88	163	-3	132	656	132	73542479	
-14606	-552	-6116	-113	-127	90	-89	163	-3	133	661	133	73542479	
-14772	-836	-6080	-88	-202	76	-84	168	2	134	666	134	73542480	
-14842	-920	-6028	-77	-270	59	-84	168	2	135	671	135	73542520	
-14879	-1000	-5901	-73	-308	52	-87	166	2	136	676	136	73542534	
-14833	-898	-5847	-78	-344	49	-88	166	2	137	681	137	73542537	
-14865	-654	-5752	-85	-373	47	-90	168	3	138	686	138	73542537	
-15039	-397	-5837	-89	-393	48	-91	169	3	139	691	139	73542537	
-15184	1	-5960	-84	-404	46	-86	164	3	140	696	140	73542537	
-15284	496	-6280	-45	-405	34	-85	163	3	141	701	141	73542538	
-15294	856	-6426	27	-411	11	-85	167	5	142	706	142	73542538	
-15258	1140	-6512	119	-415	-16	-85	167	5	143	711	143	73542538	
-15270	1258	-6542	202	-408	-49	-86	163	4	144	716	144	73542538	
-15224	1216	-6498	291	-385	-82	-86	162	4	145	721	145	73542567	
-15009	1155	-6252	362	-365	-118	-84	164	2	146	726	146	73542574	
-14734	918	-6058	433	-369	-147	-84	164	2	147	731	147	73542574	
-14368	504	-5770	513	-415	-179	-84	166	2	148	736	148	73542574	
-14151	-151	-5560	560	-498	-206	-84	166	2	149	741	149	73542574	
-13968	-962	-5258	521	-627	-217	-88	166	0	150	746	150	73542574	
-14138	-1224	-4922	420	-730	-216	-88	166	0	151	751	151	73542574	
-14281	-1484	-4705	346	-788	-202	-81	168	5	152	756	152	73542574	
-14502	-1520	-4571	261	-821	-184	-80	168	6	153	761	153	73542574	
-14796	-1399	-4492	188	-814	-160	-82	166	3	154	766	154	73542574	
-15205	-1202	-4505	146	-765	-141	-82	166	2	155	771	155	73542580	
-15564	-1059	-4706	118	-681	-128	-80	164	1	156	776	156	73542608	
-15794	-836	-5034	90	-557	-112	-79	163	1	157	781	157	73542615	
-15814	-454	-5234	23	-397	-89	-81	167	7	158	786	158	73542615	
-15548	36	-5588	-34	-301	-70	-81	167	7	159	791	159	73542615	
-15282	434	-5824	-34	-283	-63	-85	171	5	160	796	160	73542615	
-15034	642	-6036	-6	-332	-67	-85	171	5	161	801	161	73542616	
-14811	716	-6198	32	-429	-64	-79	170	6	162	806	162	73542616	
-14606	674	-6287	70	-565	-53	-78	170	6	163	811	163	73542621	
-14545	420	-6132	109	-707	-40	-84	164	8	164	816	164	73542652	
-14550	-56	-5984	139	-831	-23	-85	163	9	165	821	165	73542659	
-14666	-666	-5512	151	-936	-1	-79	167	13	166	826	166	73542659	
-14696	-1102	-5134	154	-963	12	-79	167	13	167	831	167	73542660	
-14660	-1200	-4766	157	-949	15	-87	165	11	168	836	168	73542660	
-14815	-1283	-4651	173	-926	13	-87	165	11	169	841	169	73542660	
-14958	-1294	-4612	206	-892	10	-81	169	9	170	846	170	73542660	
-15280	-1226	-4738	249	-829	8	-80	170	8	171	851	171	73542668	
-15407	-1085	-4994	291	-737	9	-84	168	9	172	856	172	73542700	
-15377	-1064	-5476	321	-636	4	-85	167	9	173	861	173	73542707	
-15233	-1124	-5888	317	-564	-5	-87	167	7	174	866	174	73542707	
-15106	-1080	-6186	270	-556	-20	-87	167	7	175	871	175	73542707	
-15132	-1188	-6432	215	-622	-33	-85	171	11	176	876	176	73542707	
-15157	-1353	-6510	150	-698	-41	-85	171	11	177	881	177	73542707	
-15372	-1509	-6438	71	-781	-46	-82	168	11	178	886	178	73542709	
-15430	-1617	-6208	-12	-833	-50	-81	167	11	179	891	179	73542767	
-15475	-1615	-5969	-98	-846	-45	-83	169	9	180	896	180	73542781	
-15420	-1672	-5733	-167	-821	-29	-84	170	8	181	901	181	73542781	
-15257	-1582	-5294	-214	-765	-12	-85	176	12	182	906	182	73542781	
-15008	-1520	-4844	-228	-693	11	-85	177	13	183	911	183	73542781	
-14794	-1412	-4508	-220	-654	32	-89	165	7	184	916	184	73542781	
-14700	-1310	-4586	-210	-636	49	-89	165	7	185	921	185	73542781	
-14713	-1220	-4533	-204	-637	59	-86	167	14	186	926	186	73542781	
-14799	-1117	-4631	-203	-634	67	-85	167	15	187	931	187	73542781	
-14993	-987	-4775	-221	-615	69	-86	165	11	188	936	188	73542788	
-15102	-1042	-4807	-251	-573	64	-86	164	10	189	941	189	73542822	
-15033	-1107	-4832	-285	-518	52	-88	172	12	190	946	190	73542830	
-14888	-1338	-4994	-343	-461	30	-88	174	12	191	951	191	73542831	
-14772	-1376	-5092	-411	-449	15	-88	170	18	192	956	192	73542831	
-14558	-1584	-5194	-465	-464	-3	-88	170	18	193	961	193	73542832	
-14530	-1614	-5246	-527	-482	-8	-91	170	11	194	966	194	73542833	
-14542	-1630	-5237	-623	-506	-5	-92	170	10	195	971	195	73542853	
-14530	-1651	-5176	-740	-534	6	-82	172	12	196	976	196	73542858	
-14608	-1704	-5119	-855	-568	18	-79	173	13	197	981	197	73542858	
-14770	-1598	-5236	-969	-591	25	-85	171	17	198	986	198	73542859	
-14956	-1371	-5270	-1071	-593	30	-86	170	18	199	991	199	73542859	
-15112	-1122	-5356	-1144	-575	29	-78	170	12	200	996	200	73542859	
-15242	-996	-5396	-1129	-556	25	-78	170	12	201	1001	201	73542859	
-15249	-889	-5243	-1076	-544	16	-82	169	18	202	1006	202	73542859	
-15149	-750	-5198	-991	-556	-3	-83	169	19	203	1011	203	73542859	
-15170	-632	-5122	-890	-600	-25	-82	170	18	204	1016	204	73542859	
-15264	-570	-4957	-795	-684	-43	-82	170	18	205	1021	205	73542866	
-15490	-499	-4754	-703	-777	-66	-83	168	20	206	1026	206	73542868	
-15816	-564	-4451	-632	-831	-95	-83	167	21	207	1031	207	73542868	
-16150	-554	-4192	-598	-820	-129	-87	167	17	208	1036	208	73542868	
-16458	-438	-3760	-637	-756	-151	-87	167	17	209	1041	209	73542869	
-16532	-232	-3430	-712	-669	-167	-82	170	22	210	1046	210	73542869	
-16600	-2	-3248	-774	-588	-180	-82	170	22	211	1051	211	73542869	
-16625	202	-3140	-821	-494	-197	-81	166	21	212	1056	212	73542869	
-16604	448	-3197	-845	-387	-221	-81	165	21	213	1061	213	73542876	
-16571	590	-3490	-851	-269	-244	-79	170	21	214	1066	214	73542912	
-16447	794	-3777	-838	-144	-260	-79	171	21	215	1071	215	73542921	
-16134	912	-4210	-768	-1	-268	-82	168	16	216	1076	216	73542921	
-15874	888	-4708	-659	90	-268	-82	168	16	217	1081	217	73542922	
-15674	646	-5184	-512	151	-261	-82	166	22	218	1086	218	73542922	
-15439	383	-5634	-377	182	-260	-82	166	22	219	1091	219	73542922	
-15154	2	-6041	-227	194	-261	-77	169	22	220	1096	220	73542922	
-14913	-354	-6424	-88	181	-272	-76	170	22	221	1101	221	73542923	
-14700	-681	-6665	17	151	-292	-78	172	22	222	1106	222	73542928	
-14509	-1013	-6716	82	115	-324	-78	172	22	223	1111	223	73542959	
-14416	-1262	-6644	103	63	-358	-77	166	23	224	1116	224	73542966	
-14456	-1426	-6546	69	-14	-399	-77	165	23	225	1121	225	73542966	
-14666	-1452	-6254	-7	-79	-428	-78	166	22	226	1126	226	73542967	
-15068	-1395	-5999	-82	-117	-448	-78	166	22	227	1131	227	73542967	
-15447	-1330	-5663	-180	-145	-463	-80	170	20	228	1136	228	73542967	
-15623	-1242	-5472	-286	-153	-467	-81	171	19	229	1141	229	73542968	
-15757	-960	-5100	-369	-148	-466	-77	170	18	230	1146	230	73542975	
-15851	-798	-4760	-392	-133	-459	-76	170	18	231	1151	231	73542999	
-15876	-798	-4520	-379	-107	-443	-75	169	20	232	1156	232	73543004	
-15720	-1006	-4308	-354	-51	-410	-75	169	21	233	1161	233	73543004	
-15472	-976	-4304	-323	11	-373	-78	166	22	234	1166	234	73543005	
-15325	-951	-4244	-284	62	-347	-78	166	22	235	1171	235	73543005	
-15099	-784	-4158	-222	100	-329	-80	170	24	236	1176	236	73543005	
-15015	-691	-4132	-138	112	-316	-81	171	25	237	1181	237	73543005	
-14968	-580	-4255	-47	94	-310	-82	170	23	238	1186	238	73543006	
-15014	-476	-4241	31	51	-317	-82	170	22	239	1191	239	73543006	
-15154	-443	-4241	95	-5	-329	-77	167	20	240	1196	240	73543006	
-15396	-494	-4062	131	-78	-355	-76	166	20	241	1201	241	73543006	
-15488	-474	-3912	110	-132	-373	-76	172	18	242	1206	242	73543012	
-15678	-464	-3564	47	-178	-386	-76	172	18	243	1211	243	73543049	
-15898	-409	-3457	-31	-204	-390	-78	172	21	244	1216	244	73543050	
-16174	-339	-3311	-137	-222	-384	-78	172	22	245	1221	245	73543050	
-16371	-201	-3238	-249	-233	-368	-75	174	20	246	1226	246	73543050	
-16529	-98	-3169	-342	-232	-339	-74	174	20	247	1231	247	73543051	
-16747	-18	-3085	-402	-217	-294	-80	169	20	248	1236	248	73543051	
-16703	-8	-2950	-410	-185	-242	-82	168	20	249	1241	249	73543064	
-16458	-180	-3054	-357	-145	-175	-75	169	21	250	1246	250	73543104	
-16208	-312	-3142	-258	-128	-128	-75	169	21	251	1251	251	73543105	
-15913	-484	-3242	-143	-138	-98	-71	170	20	252	1256	252	73543105	
-15544	-876	-3502	14	-175	-74	-70	170	20	253	1261	253	73543106	
-15348	-1214	-3893	169	-239	-68	-71	171	19	254	1266	254	73543106	
-15251	-1518	-4130	289	-327	-73	-71	171	19	255	1271	255	73543106	
-15250	-1719	-4336	356	-437	-92	-73	169	22	256	1276	256	73543107	
-15339	-1896	-4506	381	-554	-125	-73	169	23	257	1281	257	73543108	
-15634	-2018	-4672	342	-678	-180	-74	172	26	258	1286	258	73543108	
-15978	-2100	-4882	239	-745	-229	-74	172	26	259	1291	259	73543137	
-16133	-2082	-4809	104	-785	-263	-77	171	25	260	1296	260	73543137	
-16406	-2057	-4684	-84	-815	-292	-77	171	25	261	1301	261	73543137	
-16698	-1959	-4440	-305	-826	-311	-79	165	19	262	1306	262	73543137	
-16930	-1765	-4202	-554	-808	-315	-80	164	18	263	1311	263	73543137	
-17092	-1444	-3977	-794	-757	-309	-75	169	23	264	1316	264	73543137	
-17237	-1152	-3714	-987	-684	-293	-74	170	24	265	1321	265	73543137	
-17286	-1036	-3540	-1120	-576	-266	-73	175	27	266	1326	266	73543137	
-17164	-1022	-3334	-1161	-467	-235	-73	175	27	267	1331	267	73543137	
-16966	-998	-3288	-1160	-355	-197	-69	173	25	268	1336	268	73543147	
-16651	-1023	-3258	-1153	-268	-155	-69	173	25	269	1341	269	73543191	
-16177	-689	-3041	-1095	-196	-125	-75	174	21	270	1346	270	73543202	
-15674	-746	-3183	-909	-192	-102	-76	174	20	271	1351	271	73543202	
-15126	-908	-3187	-691	-252	-104	-76	174	25	272	1356	272	73543203	
-14760	-1090	-3374	-477	-353	-124	-76	174	26	273	1361	273	73543203	
-14579	-1384	-3624	-285	-458	-155	-77	168	25	274	1366	274	73543203	
-14518	-1678	-3850	-130	-573	-193	-77	167	25	275	1371	275	73543203	
-14568	-1780	-3860	-92	-672	-217	-75	173	27	276	1376	276	73543203	
-14621	-1763	-3805	-95	-769	-232	-75	173	27	277	1381	277	73543223	
-14830	-1752	-3820	-133	-890	-240	-75	173	32	278	1386	278	73543228	
-15227	-1659	-3696	-205	-1002	-235	-75	173	33	279	1391	279	73543228	
-15581	-1410	-3650	-301	-1061	-213	-67	171	30	280	1396	280	73543228	
-15914	-1151	-3436	-405	-1070	-181	-65	171	29	281	1401	281	73543228	
-16138	-822	-3243	-498	-1044	-142	-75	171	29	282	1406	282	73543228	
-16168	-500	-2778	-586	-986	-99	-77	171	29	283	1411	283	73543228	
-16130	-258	-2418	-636	-933	-67	-73	177	25	284	1416	284	73543235	
-16045	-136	-2050	-669	-881	-47	-73	177	25	285	1421	285	73543267	
-15916	13	-1706	-690	-806	-31	-71	175	31	286	1426	286	73543273	
-15829	74	-1651	-686	-720	-14	-71	175	33	287	1431	287	73543273	
-15724	154	-1484	-652	-625	2	-72	177	32	288	1436	288	73543273	
-15683	92	-1373	-590	-524	15	-72	178	32	289	1441	289	73543273	
-15571	-157	-1414	-498	-428	22	-72	173	32	290	1446	290	73543273	
-15430	-502	-1636	-373	-331	22	-72	172	32	291	1451	291	73543274	
-15354	-846	-1746	-272	-289	11	-74	176	30	292	1456	292	73543274	
-15302	-1154	-2016	-176	-283	-5	-74	176	30	293	1461	293	73543274	
-15292	-1426	-2251	-104	-303	-23	-68	172	34	294	1466	294	73543345	
-15349	-1638	-2504	-42	-342	-50	-67	171	35	295	1471	295	73543359	
-15450	-1844	-2772	0	-391	-80	-75	176	35	296	1476	296	73543359	
-15530	-1974	-2898	5	-439	-109	-77	177	35	297	1481	297	73543359	
-15512	-1970	-2996	-20	-475	-137	-71	172	35	298	1486	298	73543360	
-15630	-1905	-2986	-61	-494	-158	-69	171	35	299	1491	299	73543360	
-15746	-1698	-2994	-119	-491	-176	-70	174	36	300	1496	300	73543360	
-15816	-1514	-3130	-168	-459	-181	-70	174	36	301	1501	301	73543384	
-15859	-1354	-3197	-206	-418	-179	-70	177	36	302	1506	302	73543437	
-15834	-1162	-3093	-239	-364	-171	-70	178	36	303	1511	303	73543449	
-15852	-1047	-3035	-265	-311	-157	-69	177	34	304	1516	304	73543450	
-15844	-975	-2951	-284	-276	-140	-69	177	33	305	1521	305	73543450	
-15835	-959	-2932	-298	-264	-123	-68	175	34	306	1526	306	73543450	
-15882	-875	-2809	-307	-272	-106	-68	174	34	307	1531	307	73543451	
-16020	-886	-2764	-297	-298	-86	-72	178	34	308	1536	308	73543451	
-16168	-1080	-2562	-277	-325	-73	-72	178	34	309	1541	309	73543452	
-16350	-1153	-2465	-263	-333	-65	-75	175	37	310	1546	310	73543452	
-16564	-1280	-2400	-254	-324	-58	-76	174	38	311	1551	311	73543453	
-16750	-1279	-2244	-256	-295	-55	-70	175	34	312	1556	312	73543454	
-16855	-1294	-2154	-266	-243	-46	-69	175	33	313	1561	313	73543454	
-16877	-1345	-2129	-279	-178	-35	-69	173	35	314	1566	314	73543455	
-16947	-1314	-2179	-284	-98	-25	-69	173	35	315	1571	315	73543456	
-16892	-1262	-2430	-276	9	-5	-66	178	38	316	1576	316	73543458	
-16760	-1158	-2682	-263	88	8	-66	178	38	317	1581	317	73543459	
-16603	-1221	-3004	-241	129	12	-68	173	40	318	1586	318	73543459	
-16380	-1226	-3342	-218	163	18	-68	172	40	319	1591	319	73543459	
-16156	-1322	-3613	-204	181	22	-70	174	40	320	1596	320	73543465	
-15989	-1389	-3901	-188	189	25	-70	174	40	321	1601	321	73543502	
-15740	-1510	-3958	-179	181	27	-73	172	43	322	1606	322	73543512	
-15475	-1642	-3950	-181	157	26	-74	172	44	323	1611	323	73543522	
-15358	-1751	-3846	-186	114	31	-73	173	38	324	1616	324	73543524	
-15386	-1870	-3536	-198	40	37	-73	173	37	325	1621	325	73543524	
-15484	-1844	-3154	-218	-45	45	-73	171	35	326	1626	326	73543524	
-15604	-1777	-2694	-245	-118	58	-73	171	35	327	1631	327	73543524	
-15980	-1572	-2266	-279	-195	74	-71	169	38	328	1636	328	73543524	
-16486	-1391	-1777	-311	-238	95	-71	169	39	329	1641	329	73543525	
-16896	-1185	-1310	-339	-223	116	-68	172	36	330	1646	330	73543548	
-17255	-944	-1058	-349	-133	129	-67	173	35	331	1651	331	73543563	
-17412	-812	-845	-351	25	135	-70	175	35	332	1656	332	73543566	
-17288	-680	-862	-355	272	133	-71	175	35	333	1661	333	73543566	
-16916	-620	-1014	-364	496	123	-69	175	39	334	1666	334	73543566	
-16554	-582	-1254	-381	664	121	-69	175	39	335	1671	335	73543566	
-16085	-550	-1526	-397	825	118	-71	176	35	336	1676	336	73543566	
-15504	-493	-2060	-395	928	115	-72	176	34	337	1681	337	73543566	
-15034	-606	-2490	-369	960	111	-70	175	41	338	1686	338	73543566	
-14687	-657	-2949	-322	912	105	-69	175	43	339	1691	339	73543566	
-14518	-768	-3449	-252	797	103	-71	175	37	340	1696	340	73543566	
-14448	-1022	-3978	-150	604	98	-71	175	35	341	1701	341	73543566	
-14660	-1174	-4348	-72	420	88	-71	171	33	342	1706	342	73543566	
-14812	-1212	-4505	-14	267	72	-71	171	33	343	1711	343	73543574	
-15146	-1263	-4587	42	110	44	-69	174	31	344	1716	344	73543576	
-15582	-1266	-4512	85	-18	16	-69	175	31	345	1721	345	73543576	
-15981	-1170	-4263	105	-103	-11	-72	175	34	346	1726	346	73543600	
-16205	-1002	-4044	97	-139	-28	-73	175	35	347	1731	347	73543620	
-16344	-812	-3743	74	-130	-36	-71	170	37	348	1736	348	73543625	
-16314	-646	-3417	40	-79	-31	-71	169	37	349	1741	349	73543625	
-16322	-428	-3030	-18	21	-15	-69	169	31	350	1746	350	73543625	
-16172	-406	-2602	-68	126	4	-69	169	31	351	1751	351	73543626	
-16087	-393	-2537	-97	210	25	-69	171	33	352	1756	352	73543626	
-15908	-518	-2506	-113	289	45	-69	171	33	353	1761	353	73543626	
-15796	-667	-2496	-115	348	58	-70	172	32	354	1766	354	73543627	
-15754	-726	-2700	-111	381	67	-70	172	32	355	1771	355	73543627	
-15692	-798	-3035	-96	397	70	-72	174	30	356	1776	356	73543627	
-15660	-784	-3314	-73	394	64	-72	174	30	357	1781	357	73543628	
-15626	-826	-3516	-32	364	54	-72	170	36	358	1786	358	73543628	
-15764	-800	-3596	7	323	46	-72	170	36	359	1791	359	73543659	
-15821	-892	-3656	35	290	44	-76	176	34	360	1796	360	73543664	
-16000	-932	-3698	61	257	52	-77	177	33	361	1801	361	73543666	
-16146	-935	-3813	83	235	67	-70	175	31	362	1806	362	73543672	
-16326	-950	-3854	89	224	82	-68	174	30	363	1811	363	73543691	
-16367	-948	-3677	88	228	91	-70	172	32	364	1816	364	73543695	
-16354	-935	-3494	85	243	96	-70	172	32	365	1821	365	73543695	
-16346	-950	-3448	76	287	96	-73	169	29	366	1826	366	73543695	
-16102	-974	-3310	68	343	90	-73	169	29	367	1831	367	73543695	
-15895	-917	-3318	63	398	80	-75	169	31	368	1836	368	73543696	
-15608	-999	-3405	61	447	70	-75	169	31	369	1841	369	73543696	
-15360	-1070	-3504	63	471	63	-70	171	33	370	1846	370	73543696	
-15192	-1087	-3662	70	473	59	-69	171	33	371	1851	371	73543697	
-15130	-1117	-3685	72	459	61	-69	173	31	372	1856	372	73543697	
-15135	-1146	-3781	74	436	69	-69	173	31	373	1861	373	73543697	
-15200	-1194	-3963	77	400	78	-73	172	30	374	1866	374	73543727	
-15446	-1282	-4136	71	334	89	-74	172	30	375	1871	375	73543743	
-15582	-1322	-4212	52	279	99	-72	172	32	376	1876	376	73543743	
-15760	-1394	-4279	31	242	102	-72	172	32	377	1881	377	73543743	
-16041	-1448	-4297	0	207	107	-69	170	32	378	1886	378	73543743	
-16276	-1450	-4293	-49	196	108	-68	170	32	379	1891	379	73543743	
-16403	-1437	-4226	-114	213	105	-68	173	30	380	1896	380	73543743	
-16480	-1413	-4168	-181	256	98	-68	174	30	381	1901	381	73543743	
-16451	-1355	-3971	-250	324	90	-70	173	26	382	1906	382	73543743	
-16436	-1238	-3878	-325	422	81	-71	173	25	383	1911	383	73543744	
-16224	-1160	-3672	-373	506	83	-72	176	26	384	1916	384	73543744	
-16037	-1112	-3670	-402	561	87	-72	176	26	385	1921	385	73543744	
-15838	-1046	-3636	-422	608	95	-74	175	27	386	1926	386	73543744	
-15648	-1067	-3649	-419	630	109	-75	175	27	387	1931	387	73543749	
-15463	-1103	-3593	-401	629	117	-69	174	26	388	1936	388	73543757	
-15356	-1182	-3605	-371	610	125	-68	174	26	389	1941	389	73543794	
-15290	-1272	-3652	-324	569	128	-70	175	28	390	1946	390	73543803	
-15214	-1460	-3612	-264	493	124	-71	175	29	391	1951	391	73543804	
-15316	-1566	-3626	-211	423	117	-74	168	26	392	1956	392	73543804	
-15426	-1691	-3679	-173	374	106	-74	168	26	393	1961	393	73543804	
-15565	-1698	-3764	-136	344	98	-74	171	26	394	1966	394	73543804	
-15692	-1748	-3756	-101	339	95	-74	172	26	395	1971	395	73543804	
-15814	-1756	-3731	-68	353	93	-68	174	28	396	1976	396	73543839	
-15798	-1751	-3654	-33	369	93	-66	174	28	397	1981	397	73543857	
-15825	-1803	-3671	-5	381	95	-68	173	27	398	1986	398	73543859	
-15874	-1728	-3630	10	389	97	-69	173	27	399	1991	399	73543859	
-15824	-1564	-3682	16	401	95	-70	174	30	400	1996	400	73543859	
-15764	-1391	-3752	7	408	91	-70	174	30	401	2001	401	73543859	
-15614	-1092	-3947	-9	413	84	-69	176	24	402	2006	402	73543859	
-15546	-781	-4069	-30	410	74	-69	177	23	403	2011	403	73543859	
-15453	-627	-4290	-53	397	66	-72	172	28	404	2016	404	73543859	
-15392	-444	-4391	-78	372	62	-73	171	29	405	2021	405	73543867	
-15356	-353	-4556	-108	332	65	-73	169	24	406	2026	406	73543916	
-15331	-234	-4639	-120	278	72	-73	169	23	407	2031	407	73543928	
-15424	-272	-4748	-97	208	89	-73	177	23	408	2036	408	73543928	
-15504	-472	-4858	-63	159	108	-73	177	23	409	2041	409	73543928	
-15557	-502	-4748	-53	121	118	-69	178	22	410	2046	410	73543928	
-15555	-575	-4617	-35	80	122	-68	178	22	411	2051	411	73543928	
-15517	-731	-4489	-13	45	115	-70	173	27	412	2056	412	73543928	
-15550	-748	-4403	0	19	103	-70	172	28	413	2061	413	73543928	
-15554	-787	-4265	3	4	93	-68	173	27	414	2066	414	73543928	
-15528	-838	-4192	-3	8	84	-67	173	27	415	2071	415	73543928	
-15588	-796	-3954	-22	31	82	-71	177	23	416	2076	416	73543928	
-15666	-802	-3844	-38	58	92	-71	177	23	417	2081	417	73543928	
-15663	-729	-3816	-46	86	104	-68	175	26	418	2086	418	73543967	
-15668	-687	-3701	-46	118	118	-67	175	27	419	2091	419	73543975	
-15697	-619	-3767	-30	147	135	-68	173	26	420	2096	420	73543976	
-15778	-612	-3816	-6	170	148	-68	172	26	421	2101	421	73543976	
-15793	-603	-3900	29	187	156	-67	176	28	422	2106	422	73543977	
-15827	-603	-3987	59	203	160	-67	177	29	423	2111	423	73543977	
-15846	-654	-4100	82	220	159	-75	171	27	424	2116	424	73543978	
-15746	-614	-4302	108	243	154	-77	169	27	425	2121	425	73543978	
-15641	-739	-4450	127	260	146	-74	171	25	426	2126	426	73543979	
-15508	-846	-4544	145	265	144	-73	171	25	427	2131	427	73543979	
-15325	-951	-4648	159	251	146	-69	173	24	428	2136	428	73543979	
-15158	-1082	-4662	169	222	156	-68	174	24	429	2141	429	73543980	
-15022	-1275	-4732	174	189	173	-69	173	25	430	2146	430	73544054	
-14953	-1404	-4718	169	149	201	-69	173	25	431	2151	431	73544072	
-14936	-1533	-4702	158	102	233	-74	168	25	432	2156	432	73544072	
-14980	-1588	-4734	139	48	272	-75	167	25	433	2161	433	73544072	
-15112	-1696	-4701	117	19	299	-74	171	28	434	2166	434	73544072	
-15258	-1702	-4648	93	-13	324	-74	172	28	435	2171	435	73544072	
-15512	-1749	-4575	65	-34	354	-73	176	27	436	2176	436	73544072	
-15747	-1727	-4384	41	-37	377	-73	177	27	437	2181	437	73544072	
-15930	-1648	-4204	23	-20	398	-72	173	25	438	2186	438	73544072	
-16111	-1465	-4042	14	12	412	-72	172	24	439	2191	439	73544072	
-16169	-1344	-3868	7	51	419	-73	174	26	440	2196	440	73544072	
-16190	-1180	-3606	27	87	421	-73	175	27	441	2201	441	73544072	
-16068	-1106	-3468	63	113	417	-74	164	20	442	2206	442	73544080	
-16011	-1046	-3515	101	136	410	-74	164	20	443	2211	443	73544088	
-15872	-970	-3609	149	168	405	-71	172	22	444	2216	444	73544108	
-15658	-893	-3585	208	201	402	-70	174	22	445	2221	445	73544114	
-15431	-963	-3758	269	221	399	-77	175	20	446	2226	446	73544115	
-15295	-971	-4007	319	223	397	-79	175	19	447	2231	447	73544116	
-15126	-947	-4172	355	218	398	-73	170	27	448	2236	448	73544116	
-15109	-1011	-4405	382	221	398	-71	169	29	449	2241	449	73544130	
-15102	-1102	-4624	396	228	391	-76	168	26	450	2246	450	73544133	
-15135	-1094	-4889	389	225	379	-76	168	26	451	2251	451	73544133	
-15057	-1158	-5051	370	206	362	-75	172	24	452	2256	452	73544134	
-15042	-1172	-5326	330	179	344	-75	173	23	453	2261	453	73544134	
-15153	-1193	-5430	275	148	323	-72	176	23	454	2266	454	73544135	
-15209	-1076	-5494	209	128	301	-71	177	23	455	2271	455	73544135	
-15245	-948	-5402	143	111	281	-80	176	21	456	2276	456	73544136	
-15274	-858	-5267	94	104	262	-82	176	20	457	2281	457	73544136	
-15222	-772	-5114	53	108	246	-79	171	27	458	2286	458	73544150	
-15155	-690	-4956	51	117	243	-79	171	27	459	2291	459	73544151	
-15046	-685	-4926	59	127	251	-70	175	25	460	2296	460	73544151	
-14974	-637	-4880	72	134	267	-68	176	24	461	2301	461	73544151	
-14981	-677	-4810	106	132	286	-73	173	21	462	2306	462	73544151	
-15005	-664	-4783	156	116	308	-74	172	20	463	2311	463	73544151	
-15191	-621	-4799	215	97	320	-77	172	22	464	2316	464	73544151	
-15367	-572	-4775	282	94	320	-78	172	22	465	2321	465	73544151	
-15624	-500	-4870	353	106	299	-76	172	28	466	2326	466	73544151	
-15702	-458	-4907	391	124	286	-76	172	28	467	2331	467	73544151	
-15787	-351	-4986	429	146	275	-74	170	20	468	2336	468	73544151	
-15727	-323	-5052	462	164	268	-74	170	18	469	2341	469	73544151	
-15634	-362	-4987	489	182	261	-75	171	17	470	2346	470	73544161	
-15506	-439	-4981	500	196	260	-75	171	17	471	2351	471	73544163	
-15294	-571	-4986	491	201	257	-76	169	23	472	2356	472	73544195	
-15104	-574	-4994	463	192	254	-76	168	24	473	2361	473	73544203	
-15132	-518	-5145	422	177	253	-78	171	21	474	2366	474	73544203	
-15172	-372	-5206	374	175	255	-78	172	20	475	2371	475	73544203	
-15132	-347	-5334	348	176	257	-74	175	21	476	2376	476	73544204	
-15156	-241	-5453	327	176	257	-73	175	21	477	2381	477	73544204	
-15078	-202	-5489	305	164	262	-76	173	21	478	2386	478	73544204	
-15026	-182	-5466	290	148	267	-77	173	21	479	2391	479	73544211	
-14941	-224	-5562	283	126	271	-78	172	20	480	2396	480	73544237	
-14887	-316	-5550	282	106	274	-78	172	20	481	2401	481	73544243	
-14955	-392	-5505	284	88	273	-75	174	20	482	2406	482	73544244	
-15008	-518	-5432	283	64	270	-74	174	20	483	2411	483	73544245	
-15106	-511	-5377	274	52	264	-76	169	23	484	2416	484	73544246	
-15190	-486	-5184	258	30	258	-76	168	24	485	2421	485	73544247	
-15321	-355	-5090	229	4	254	-77	172	20	486	2426	486	73544248	
-15465	-198	-5052	199	-18	251	-77	173	19	487	2431	487	73544249	
-15659	-100	-5091	176	-28	253	-79	178	19	488	2436	488	73544283	
-15703	-23	-5075	163	-23	261	-79	179	19	489	2441	489	73544291	
-15755	67	-5028	173	6	275	-78	170	18	490	2446	490	73544291	
-15672	-32	-4980	204	51	297	-78	168	18	491	2451	491	73544291	
-15564	-90	-4905	234	74	315	-78	170	21	492	2456	492	73544291	
-15411	-198	-4997	274	81	330	-78	170	22	493	2461	493	73544292	
-15255	-294	-5037	308	63	339	-76	171	20	494	2466	494	73544292	
-15267	-301	-5021	328	24	346	-75	171	19	495	2471	495	73544292	
-15273	-271	-5064	329	-21	347	-81	170	20	496	2476	496	73544292	
-15355	-214	-5204	314	-71	343	-82	170	20	497	2481	497	73544292	
-15541	-108	-5266	287	-111	337	-78	168	18	498	2486	498	73544320	
-15614	-71	-5290	261	-132	326	-77	167	17	499	2491	499	73544327	
-15702	58	-5155	251	-139	306	-81	169	15	500	2496	500	73544327	
-15629	69	-5021	252	-129	285	-82	170	14	501	2501	501	73544327	
-15500	5	-4940	257	-118	263	-82	172	16	502	2506	502	73544328	
-15404	-82	-4892	260	-106	242	-82	172	16	503	2511	503	73544328	
-15346	-126	-4882	256	-99	224	-84	175	19	504	2516	504	73544328	
-15246	-150	-4786	249	-95	213	-84	176	20	505	2521	505	73544336	
-15147	-127	-4733	243	-96	205	-84	168	17	506	2526	506	73544361	
-15067	-136	-4672	242	-108	193	-84	166	16	507	2531	507	73544367	
-14990	-126	-4730	250	-144	174	-85	167	17	508	2536	508	73544368	
-15048	-88	-4775	268	-177	161	-85	167	17	509	2541	509	73544368	
-15138	-146	-4909	293	-203	143	-79	166	19	510	2546	510	73544368	
-15176	-208	-4871	324	-216	121	-78	166	20	511	2551	511	73544369	
-15223	-226	-4932	364	-219	95	-83	168	18	512	2556	512	73544369	
-15253	-319	-4984	400	-221	69	-84	168	18	513	2561	513	73544370	
-15346	-409	-5000	418	-220	53	-82	167	19	514	2566	514	73544370	
-15475	-520	-5156	426	-214	42	-81	167	19	515	2571	515	73544380	
-15516	-584	-5184	427	-201	40	-82	174	22	516	2576	516	73544412	
-15593	-637	-5166	425	-184	46	-82	174	22	517	2581	517	73544412	
-15587	-675	-4999	422	-166	49	-79	169	20	518	2586	518	73544412	
-15564	-735	-4886	421	-151	50	-78	168	20	519	2591	519	73544412	
-15443	-692	-4791	419	-143	50	-76	172	14	520	2596	520	73544412	
-15289	-624	-4809	419	-140	48	-75	173	13	521	2601	521	73544412	
-15253	-562	-4816	420	-146	42	-80	175	18	522	2606	522	73544418	
-15257	-440	-4970	425	-150	39	-81	175	19	523	2611	523	73544444	
-15296	-340	-5059	426	-144	35	-84	169	19	524	2616	524	73544464	
-15391	-256	-5133	431	-133	35	-85	167	19	525	2621	525	73544469	
-15420	-136	-5177	447	-126	33	-83	166	17	526	2626	526	73544469	
-15400	-43	-5216	469	-126	30	-82	166	16	527	2631	527	73544470	
-15343	128	-5187	487	-135	25	-79	166	19	528	2636	528	73544470	
-15298	152	-5231	506	-153	17	-78	166	20	529	2641	529	73544471	
-15276	146	-5257	517	-167	8	-80	167	26	530	2646	530	73544471	
-15219	162	-5289	519	-172	1	-81	167	27	531	2651	531	73544473	
-15289	68	-5222	515	-175	-7	-79	169	20	532	2656	532	73544484	
-15267	-22	-5111	512	-182	-8	-78	170	18	533	2661	533	73544487	
-15355	-163	-5074	516	-196	-9	-81	170	20	534	2666	534	73544487	
-15399	-317	-5017	517	-203	-3	-82	170	20	535	2671	535	73544487	
-15489	-460	-5012	517	-206	6	-81	166	18	536	2676	536	73544487	
-15542	-634	-4838	520	-199	18	-81	165	17	537	2681	537	73544487	
-15587	-825	-4696	543	-200	24	-83	168	19	538	2686	538	73544487	
-15567	-1021	-4427	580	-209	26	-83	169	19	539	2691	539	73544494	
-15549	-1249	-4283	611	-229	18	-83	169	21	540	2696	540	73544518	
-15584	-1532	-4212	627	-265	4	-83	169	21	541	2701	541	73544523	
-15544	-1544	-4142	626	-297	-13	-83	172	21	542	2706	542	73544524	
-15582	-1554	-4277	620	-338	-32	-83	173	21	543	2711	543	73544524	
-15653	-1476	-4498	610	-389	-52	-77	171	19	544	2716	544	73544524	
-15785	-1374	-4746	591	-424	-71	-75	171	19	545	2721	545	73544524	
-15889	-1352	-4991	561	-436	-85	-77	172	23	546	2726	546	73544524	
-15890	-1296	-5227	519	-426	-92	-78	172	24	547	2731	547	73544582	
-15804	-1176	-5314	477	-408	-95	-81	169	19	548	2736	548	73544596	
-15627	-1219	-5369	434	-401	-102	-82	168	18	549	2741	549	73544596	
-15430	-1166	-5382	380	-418	-110	-86	170	17	550	2746	550	73544596	
-15248	-1009	-5280	317	-465	-115	-87	171	17	551	2751	551	73544596	
-14994	-924	-5208	258	-539	-122	-85	176	22	552	2756	552	73544596	
-14937	-896	-5103	207	-642	-130	-85	177	23	553	2761	553	73544596	
-14870	-927	-4786	142	-757	-134	-83	172	21	554	2766	554	73544602	
-14961	-858	-4464	58	-865	-141	-83	171	21	555	2771	555	73544635	
-15170	-808	-4149	-8	-950	-141	-81	170	20	556	2776	556	73544643	
-15418	-688	-3857	-64	-1004	-141	-80	170	20	557	2781	557	73544644	
-15721	-572	-3485	-125	-1020	-139	-82	170	20	558	2786	558	73544645	
-16003	-400	-3161	-178	-996	-128	-82	170	20	559	2791	559	73544645	
-16173	-237	-2777	-217	-929	-116	-78	171	21	560	2796	560	73544646	
-16322	-145	-2584	-238	-836	-102	-77	171	21	561	2801	561	73544647	
-16430	-76	-2471	-251	-733	-84	-77	171	26	562	2806	562	73544647	
-16437	31	-2508	-257	-619	-62	-77	171	27	563	2811	563	73544648	
-16344	36	-2557	-260	-503	-34	-79	170	25	564	2816	564	73544648	
-16125	30	-2691	-242	-396	-8	-80	170	24	565	2821	565	73544648	
-15860	118	-2872	-214	-290	21	-83	173	27	566	2826	566	73544649	
-15618	136	-2992	-181	-248	41	-83	173	27	567	2831	567	73544667	
-15367	94	-3242	-116	-228	55	-81	171	25	568	2836	568	73544686	
-15143	4	-3364	-52	-237	65	-80	170	24	569	2841	569	73544690	
-14977	32	-3510	7	-276	68	-74	174	25	570	2846	570	73544691	
-14887	25	-3745	67	-345	64	-73	175	25	571	2851	571	73544691	
-14818	73	-3913	139	-429	50	-78	175	28	572	2856	572	73544691	
-14966	-29	-4041	208	-516	32	-79	175	29	573	2861	573	73544692	
-15084	-84	-4092	265	-595	8	-79	170	27	574	2866	574	73544692	
-15202	-199	-4191	313	-652	-16	-79	169	27	575	2871	575	73544692	
-15338	-252	-4344	344	-686	-34	-79	171	25	576	2876	576	73544692	
-15448	-418	-4523	365	-710	-48	-79	171	25	577	2881	577	73544693	
-15502	-493	-4626	367	-718	-61	-74	173	28	578	2886	578	73544707	
-15592	-516	-4808	357	-713	-71	-73	173	29	579	2891	579	73544725	
-15714	-600	-4909	329	-701	-78	-80	171	25	580	2896	580	73544729	
-15782	-682	-5060	293	-680	-84	-82	170	24	581	2901	581	73544729	
-15827	-714	-5097	251	-661	-88	-76	169	25	582	2906	582	73544729	
-15850	-745	-5040	201	-653	-86	-75	169	25	583	2911	583	73544729	
-15873	-734	-4880	150	-669	-87	-76	170	31	584	2916	584	73544729	
-15939	-677	-4642	98	-700	-85	-76	170	32	585	2921	585	73544729	
-16068	-630	-4352	53	-733	-81	-76	168	30	586	2926	586	73544729	
-16163	-558	-3954	21	-753	-77	-76	168	30	587	2931	587	73544729	
-16263	-561	-3654	8	-749	-70	-77	174	29	588	2936	588	73544762	
-16233	-547	-3309	11	-726	-59	-77	175	29	589	2941	589	73544770	
-16060	-513	-3106	30	-682	-44	-77	172	29	590	2946	590	73544770	
-15807	-567	-2924	68	-637	-23	-77	171	29	591	2951	591	73544771	
-15586	-644	-2854	115	-593	5	-79	171	32	592	2956	592	73544771	
-15440	-735	-2987	172	-558	26	-79	171	33	593	2961	593	73544771	
-15353	-794	-3100	238	-533	38	-77	173	34	594	2966	594	73544771	
-15375	-796	-3282	311	-518	40	-76	174	34	595	2971	595	73544772	
-15403	-789	-3456	382	-504	26	-79	172	32	596	2976	596	73544801	
-15403	-894	-3525	442	-494	0	-80	172	32	597	2981	597	73544808	
-15413	-984	-3723	487	-487	-32	-81	174	30	598	2986	598	73544808	
-15459	-1063	-3854	496	-489	-58	-81	175	29	599	2991	599	73544808	
-15552	-1109	-3976	467	-494	-85	-75	171	32	600	2996	600	73544808	
-15763	-1167	-4093	400	-506	-103	-73	169	33	601	3001	601	73544808	
-15900	-1238	-4017	309	-519	-106	-75	167	32	602	3006	602	73544809	
-15970	-1378	-3888	211	-535	-94	-76	166	32	603	3011	603	73544847	
-16017	-1471	-3782	113	-552	-70	-78	172	33	604	3016	604	73544856	
-15944	-1584	-3674	22	-557	-41	-79	173	33	605	3021	605	73544856	
-15782	-1760	-3476	-62	-548	-1	-77	174	31	606	3026	606	73544856	
-15557	-2019	-3397	-143	-543	46	-76	174	30	607	3031	607	73544856	
-15380	-2200	-3214	-215	-551	90	-78	169	33	608	3036	608	73544856	
-15191	-2358	-3197	-283	-580	123	-78	168	34	609	3041	609	73544856	
-15075	-2424	-3130	-341	-625	145	-76	172	32	610	3046	610	73544856	
-14986	-2427	-3115	-385	-673	155	-75	173	31	611	3051	611	73544856	
-14994	-2436	-3044	-424	-709	157	-72	171	34	612	3056	612	73544888	
-14997	-2272	-2904	-468	-737	149	-71	171	35	613	3061	613	73544896	
-15084	-2043	-2650	-501	-769	136	-81	168	32	614	3066	614	73544896	
-15236	-1742	-2450	-515	-805	118	-83	167	31	615	3071	615	73544896	
-15465	-1400	-2180	-505	-850	87	-81	170	33	616	3076	616	73544896	
-15792	-1072	-2055	-469	-901	47	-81	171	33	617	3081	617	73544896	
-16113	-782	-1870	-416	-942	9	-76	169	35	618	3086	618	73544896	
-16426	-448	-1490	-339	-948	-35	-75	169	35	619	3091	619	73544896	
-16710	-404	-1374	-209	-917	-63	-78	171	41	620	3096	620	73544896	
-16841	-317	-1395	-88	-841	-72	-79	171	43	621	3101	621	73544918	
-16966	-188	-1432	-3	-742	-70	-77	169	33	622	3106	622	73544938	
-16946	-71	-1458	67	-636	-50	-77	169	31	623	3111	623	73544941	
-16871	-68	-1493	119	-553	-26	-80	172	38	624	3116	624	73544941	
-16804	-38	-1675	168	-465	5	-81	173	41	625	3121	625	73544941	
-16659	-35	-1928	192	-392	34	-83	171	35	626	3126	626	73544941	
-16413	8	-2095	198	-341	62	-84	170	34	627	3131	627	73544941	
-16186	57	-2238	193	-299	79	-79	172	39	628	3136	628	73544941	
-15942	31	-2482	177	-269	84	-78	172	40	629	3141	629	73544972	
-15697	8	-2752	161	-258	79	-80	169	38	630	3146	630	73544980	
-15454	-42	-2928	148	-265	61	-80	168	38	631	3151	631	73544981	
-15366	-100	-3057	141	-298	36	-83	173	40	632	3156	632	73544981	
-15273	-166	-3301	144	-364	8	-84	174	40	633	3161	633	73544982	
-15263	-167	-3434	152	-456	-16	-76	174	40	634	3166	634	73544983	
-15397	-199	-3416	175	-558	-40	-74	174	40	635	3171	635	73544983	
-15616	-243	-3387	207	-661	-62	-76	169	34	636	3176	636	73544984	
-15777	-314	-3249	242	-752	-79	-76	168	32	637	3181	637	73544984	
-15977	-367	-3158	273	-819	-86	-81	168	35	638	3186	638	73545002	
-16207	-437	-2939	298	-870	-84	-82	168	36	639	3191	639	73545015	
-16329	-577	-2669	321	-905	-77	-80	170	37	640	3196	640	73545017	
-16425	-594	-2256	330	-926	-72	-79	171	37	641	3201	641	73545018	
-16457	-640	-1892	329	-933	-63	-78	169	43	642	3206	642	73545018	
-16465	-722	-1595	321	-937	-57	-78	168	44	643	3211	643	73545018	
-16492	-775	-1365	308	-939	-46	-80	167	40	644	3216	644	73545019	
-16496	-792	-1119	291	-926	-31	-81	167	39	645	3221	645	73545019	
-16541	-751	-943	278	-904	-10	-75	168	43	646	3226	646	73545047	
-16597	-759	-870	278	-861	8	-74	168	44	647	3231	647	73545054	
-16587	-719	-913	277	-806	31	-77	173	38	648	3236	648	73545054	
-16571	-735	-1119	277	-752	49	-78	174	36	649	3241	649	73545055	
-16596	-783	-1302	270	-686	70	-77	168	42	650	3246	650	73545055	
-16630	-778	-1354	254	-622	85	-76	166	44	651	3251	651	73545055	
-16622	-819	-1493	233	-559	93	-76	172	44	652	3256	652	73545055	
-16754	-808	-1632	199	-492	92	-76	174	44	653	3261	653	73545061	
-17042	-768	-1596	161	-405	81	-78	170	46	654	3266	654	73545093	
-17276	-792	-1602	127	-295	66	-79	169	47	655	3271	655	73545101	
-17385	-765	-1499	99	-174	45	-81	171	49	656	3276	656	73545101	
-17242	-764	-1475	78	-68	27	-81	171	49	657	3281	657	73545101	
-16981	-801	-1508	68	-7	13	-80	170	45	658	3286	658	73545101	
-16598	-866	-1513	66	-3	4	-80	170	44	659	3291	659	73545101	
-16310	-968	-1563	75	-55	4	-75	172	49	660	3296	660	73545101	
-16109	-1065	-1541	79	-146	5	-74	172	50	661	3301	661	73545141	
-15982	-1198	-1524	96	-252	10	-76	171	46	662	3306	662	73545151	
-15917	-1392	-1512	108	-349	19	-77	171	45	663	3311	663	73545151	
-15973	-1519	-1328	112	-422	34	-86	167	43	664	3316	664	73545151	
-15968	-1604	-1160	118	-473	43	-88	166	42	665	3321	665	73545152	
-16026	-1583	-1042	144	-508	53	-81	165	44	666	3326	666	73545152	
-16000	-1556	-846	188	-534	53	-79	165	45	667	3331	667	73545152	
-16017	-1573	-764	241	-560	45	-81	167	46	668	3336	668	73545162	
-16070	-1591	-540	298	-580	32	-82	168	46	669	3341	669	73545184	
-16165	-1669	-481	355	-583	16	-79	170	46	670	3346	670	73545190	
-16260	-1734	-445	405	-565	4	-78	170	46	671	3351	671	73545190	
-16356	-1805	-524	437	-528	-8	-76	172	46	672	3356	672	73545192	
-16266	-1954	-541	453	-477	-18	-76	172	46	673	3361	673	73545193	
-16049	-2036	-545	451	-424	-22	-77	171	45	674	3366	674	73545193	
