-16470	1243	-3456	0	-420	114	39	130	10	1779	8895	1779	84988526
-16474	1300	-3566	-59	-427	147	44	128	12	1780	8900	1780	84988527
-16436	1320	-3616	-108	-422	179	43	126	13	1781	8905	1781	84988527
-16439	1287	-3607	-123	-400	203	42	122	14	1782	8910	1782	84988527
-16459	1226	-3510	-7	-362	225	44	123	11	1783	8915	1783	84988546
-16436	1178	-3389	114	-320	230	46	124	8	1784	8920	1784	84988564
-16416	1105	-3378	133	-337	225	42	118	12	1785	8925	1785	84988564
-16479	1116	-3426	87	-381	213	40	114	14	1786	8930	1786	84988564
-16573	1194	-3322	40	-378	199	39	118	12	1787	8935	1787	84988564
-16599	1284	-3315	-5	-340	192	39	121	11	1788	8940	1788	84988564
-16626	1397	-3457	-80	-325	190	38	125	11	1789	8945	1789	84988564
-16646	1418	-3469	-168	-372	184	37	127	11	1790	8950	1790	84988564
-16665	1437	-3288	-183	-429	165	41	126	10	1791	8955	1791	84988564
-16735	1410	-3121	-43	-432	126	43	125	9	1792	8960	1792	84988573
-16698	1426	-3106	67	-410	84	45	127	10	1793	8965	1793	84988596
-16657	1474	-3252	49	-393	50	46	128	10	1794	8970	1794	84988601
-16669	1596	-3350	30	-379	39	38	120	15	1795	8975	1795	84988601
-16624	1654	-3432	66	-358	36	36	118	16	1796	8980	1796	84988601
-16599	1632	-3469	168	-334	44	38	126	11	1797	8985	1797	84988602
-16574	1626	-3463	305	-308	53	38	128	10	1798	8990	1798	84988602
-16504	1658	-3519	421	-300	74	40	125	8	1799	8995	1799	84988602
-16482	1474	-3440	509	-302	101	40	124	8	1800	9000	1800	84988614
-16462	1576	-3536	561	-264	141	35	119	9	1801	9005	1801	84988652
-16418	1296	-3472	643	-228	181	35	119	9	1802	9010	1802	84988652
-16402	1260	-3502	715	-277	222	35	131	15	1803	9015	1803	84988653
-16494	1152	-3496	678	-367	269	35	131	15	1804	9020	1804	84988653
-16456	1118	-3362	694	-397	301	37	125	13	1805	9025	1805	84988653
-16496	1024	-3274	690	-341	332	37	125	13	1806	9030	1806	84988653
-16420	966	-3306	684	-283	326	44	126	14	1807	9035	1807	84988653
-16372	1000	-3314	619	-288	341	44	126	14	1808	9040	1808	84988688
-16314	1004	-3364	472	-345	353	38	128	18	1809	9045	1809	84988689
-16316	1058	-3447	337	-384	366	38	127	17	1810	9050	1810	84988689
-16296	1089	-3431	265	-378	375	40	124	14	1811	9055	1811	84988689
-16264	1123	-3413	215	-378	382	41	123	12	1812	9060	1812	84988689
-16212	1152	-3397	240	-399	380	40	130	16	1813	9065	1813	84988689
-16273	1134	-3442	197	-418	382	39	128	16	1814	9070	1814	84988692
-16295	1198	-3530	148	-422	379	35	121	15	1815	9075	1815	84988706
-16294	1271	-3528	140	-411	380	37	122	14	1816	9080	1816	84988738
-16284	1284	-3614	139	-387	396	43	123	11	1817	9085	1817	84988738
-16304	1299	-3622	138	-372	406	43	123	11	1818	9090	1818	84988739
-16387	1257	-3584	155	-394	427	42	124	12	1819	9095	1819	84988739
-16470	1141	-3547	212	-446	456	39	123	12	1820	9100	1820	84988739
-16484	966	-3558	271	-462	465	35	121	11	1821	9105	1821	84988740
-16515	824	-3450	214	-437	454	35	122	13	1822	9110	1822	84988740
-16482	732	-3322	93	-436	432	35	123	15	1823	9115	1823	84988740
-16437	726	-3260	-71	-456	405	39	123	14	1824	9120	1824	84988743
-16475	855	-3257	-274	-450	371	44	124	12	1825	9125	1825	84988760
-16468	1069	-3292	-454	-447	336	44	124	11	1826	9130	1826	84988774
-16433	1262	-3306	-562	-470	328	44	124	10	1827	9135	1827	84988774
-16433	1404	-3380	-572	-498	329	38	124	9	1828	9140	1828	84988774
-16370	1461	-3403	-497	-504	326	34	124	8	1829	9145	1829	84988774
-16318	1454	-3402	-403	-506	327	38	123	9	1830	9150	1830	84988774
-16371	1388	-3411	-336	-518	328	40	122	10	1831	9155	1831	84988774
-16389	1296	-3458	-272	-516	332	38	125	12	1832	9160	1832	84988774
-16321	1208	-3395	-226	-478	322	37	127	13	1833	9165	1833	84988774
-16275	1044	-3364	-239	-456	291	39	127	11	1834	9170	1834	84988781
-16254	1008	-3337	-262	-482	268	39	127	11	1835	9175	1835	84988805
-16252	1037	-3365	-329	-539	252	44	122	13	1836	9180	1836	84988811
-16316	1031	-3409	-382	-572	242	45	121	13	1837	9185	1837	84988812
-16346	1098	-3375	-434	-553	236	39	118	10	1838	9190	1838	84988812
-16332	1186	-3329	-490	-509	232	37	117	9	1839	9195	1839	84988812
-16299	1177	-3322	-502	-497	214	38	126	13	1840	9200	1840	84988812
-16354	1175	-3354	-493	-511	196	38	128	14	1841	9205	1841	84988813
-16394	1201	-3367	-516	-515	177	39	126	14	1842	9210	1842	84988835
-16424	1232	-3374	-548	-516	158	41	123	13	1843	9215	1843	84988862
-16476	1372	-3358	-592	-503	144	43	121	7	1844	9220	1844	84988863
-16506	1384	-3326	-577	-473	136	43	121	7	1845	9225	1845	84988863
-16494	1290	-3292	-510	-459	115	43	123	17	1846	9230	1846	84988863
-16442	1330	-3266	-479	-463	107	43	123	17	1847	9235	1847	84988863
-16502	1326	-3376	-483	-482	90	44	122	12	1848	9240	1848	84988864
-16520	1296	-3372	-490	-481	87	44	122	12	1849	9245	1849	84988864
-16520	1285	-3383	-504	-477	66	40	126	16	1850	9250	1850	84988891
-16546	1339	-3337	-515	-472	56	40	126	14	1851	9255	1851	84988899
-16464	1375	-3398	-522	-456	39	39	125	7	1852	9260	1852	84988899
-16457	1320	-3385	-531	-443	21	39	125	8	1853	9265	1853	84988899
-16490	1228	-3305	-541	-432	-3	38	124	12	1854	9270	1854	84988899
-16434	1278	-3208	-589	-403	-35	39	125	11	1855	9275	1855	84988899
-16384	1332	-3275	-654	-351	-54	45	131	7	1856	9280	1856	84988899
-16312	1360	-3365	-696	-286	-58	44	130	8	1857	9285	1857	84988899
-16334	1428	-3403	-732	-233	-46	40	126	10	1858	9290	1858	84988899
-16441	1511	-3423	-784	-143	-15	40	124	11	1859	9295	1859	84988913
-16500	1610	-3614	-819	1	13	40	120	12	1860	9300	1860	84988943
-16537	1797	-3898	-878	258	81	41	121	12	1861	9305	1861	84988949
-16534	2006	-4153	-990	578	167	45	123	13	1862	9310	1862	84988950
-16436	2203	-4400	-1092	887	263	45	123	13	1863	9315	1863	84988951
-16357	2423	-4504	-1067	1100	339	45	125	11	1864	9320	1864	84988952
-16237	2649	-4490	-823	1171	397	44	126	10	1865	9325	1865	84988953
-16256	2817	-4463	-357	1153	421	38	128	6	1866	9330	1866	84988953
-16256	2918	-4357	215	1145	449	38	127	10	1867	9335	1867	84988962
-16208	2955	-4044	760	1195	473	39	125	15	1868	9340	1868	84988979
-16123	2903	-3644	1324	1279	498	39	127	15	1869	9345	1869	84988986
-16007	2883	-3215	1869	1356	524	40	130	16	1870	9350	1870	84988986
-16004	2803	-2892	2389	1367	571	42	129	16	1871	9355	1871	84988986
-16164	2581	-2716	2835	1332	613	45	127	15	1872	9360	1872	84988986
-16500	2296	-2779	3149	1335	621	43	127	13	1873	9365	1873	84988986
-16892	2003	-3118	3356	1413	584	39	127	11	1874	9370	1874	84988987
-17234	1656	-3426	3457	1600	503	38	127	16	1875	9375	1875	84988987
-17406	1329	-3647	3390	1841	386	36	126	20	1876	9380	1876	84988987
-17607	1037	-3981	3184	2110	280	35	127	16	1877	9385	1877	84989003
-17808	890	-4359	2963	2401	184	34	128	14	1878	9390	1878	84989020
-17815	766	-4691	2790	2675	117	37	129	10	1879	9395	1879	84989024
-17658	603	-4888	2616	2918	56	39	129	7	1880	9400	1880	84989024
-17496	488	-4936	2318	3097	-28	41	126	10	1881	9405	1881	84989024
-17328	453	-4929	1863	3223	-112	42	124	12	1882	9410	1882	84989025
-17103	373	-4871	1345	3356	-250	41	126	12	1883	9415	1883	84989025
-16839	263	-4942	990	3451	-419	40	126	12	1884	9420	1884	84989042
-16583	181	-5052	823	3530	-615	44	122	11	1885	9425	1885	84989105
-16471	75	-5162	814	3643	-850	45	121	11	1886	9430	1886	84989120
-16238	-97	-5160	888	3834	-1144	40	126	8	1887	9435	1887	84989120
-16117	-49	-4903	765	4024	-1424	39	127	7	1888	9440	1888	84989120
-16113	-90	-4630	504	4125	-1648	41	126	8	1889	9445	1889	84989121
-16145	-61	-4463	201	4151	-1853	42	126	8	1890	9450	1890	84989121
-16291	40	-4559	112	4148	-2062	44	128	7	1891	9455	1891	84989121
-16488	244	-5026	467	4196	-2325	45	129	7	1892	9460	1892	84989165
-16804	464	-5386	938	4314	-2447	43	127	7	1893	9465	1893	84989177
-16780	824	-5268	1285	4479	-2492	43	127	7	1894	9470	1894	84989177
-16876	1172	-5236	1425	4727	-2579	41	127	7	1895	9475	1895	84989177
-16858	1326	-5012	1531	4904	-2660	41	127	7	1896	9480	1896	84989177
-16852	1534	-5086	1753	5013	-2753	40	126	8	1897	9485	1897	84989177
-16946	1316	-5274	2170	5120	-2833	40	126	8	1898	9490	1898	84989177
-16956	1320	-5310	2729	5296	-2990	41	119	7	1899	9495	1899	84989177
-16763	1266	-5344	3454	5477	-3248	41	121	7	1900	9500	1900	84989177
-16743	1055	-5367	3957	5536	-3449	43	129	5	1901	9505	1901	84989177
-16744	830	-5377	4346	5572	-3680	43	128	4	1902	9510	1902	84989178
-16778	448	-5487	4730	5629	-3932	44	126	0	1903	9515	1903	84989178
-16865	43	-5618	5107	5760	-4257	45	126	2	1904	9520	1904	84989179
-16919	-428	-5844	5438	5915	-4634	50	126	8	1905	9525	1905	84989185
-16889	-831	-5936	5665	6080	-4994	49	126	7	1906	9530	1906	84989191
-16924	-1326	-6209	5798	6134	-5341	45	125	3	1907	9535	1907	84989215
-17113	-1754	-6521	5747	6108	-5811	46	125	3	1908	9540	1908	84989215
-17093	-1989	-6678	5469	6254	-6260	50	124	4	1909	9545	1909	84989215
-17003	-2008	-6650	5290	6385	-6540	50	123	2	1910	9550	1910	84989215
-16839	-1756	-6724	5215	6315	-6751	50	122	0	1911	9555	1911	84989216
-16742	-1526	-6686	5173	6102	-6882	51	122	1	1912	9560	1912	84989216
-16706	-1591	-6492	5067	5824	-6951	53	121	3	1913	9565	1913	84989216
-16688	-1722	-6518	4720	5614	-7116	51	119	3	1914	9570	1914	84989216
-16739	-1646	-6628	4157	5623	-7456	49	117	3	1915	9575	1915	84989216
-16754	-1417	-6725	3434	5828	-7776	50	117	3	1916	9580	1916	84989216
-16712	-1222	-6758	2808	6117	-7882	50	116	2	1917	9585	1917	84989216
-16539	-1267	-6740	2458	6395	-7936	48	115	-3	1918	9590	1918	84989216
-16419	-1325	-6805	2368	6596	-8089	47	115	-7	1919	9595	1919	84989221
-16404	-1458	-6968	2491	6768	-8237	50	117	-5	1920	9600	1920	84989225
-16387	-1673	-7067	2632	6967	-8303	52	118	-4	1921	9605	1921	84989226
-16244	-2038	-7180	2652	7125	-8325	54	116	-7	1922	9610	1922	84989230
-16282	-2477	-7428	2575	7211	-8436	55	115	-9	1923	9615	1923	84989247
-16366	-2731	-7759	2481	7299	-8616	56	114	-5	1924	9620	1924	84989256
-16251	-2805	-7994	2429	7524	-8872	57	113	-3	1925	9625	1925	84989257
-16143	-2911	-7967	2376	7851	-9239	53	115	-5	1926	9630	1926	84989258
-16081	-2978	-7742	2408	8052	-9521	52	116	-6	1927	9635	1927	84989258
-15859	-2743	-7466	2460	7942	-9630	61	112	-7	1928	9640	1928	84989258
-15835	-2380	-7357	2690	7502	-9874	63	111	-7	1929	9645	1929	84989259
-16388	-1640	-7354	3098	6980	-10193	65	110	-9	1930	9650	1930	84989264
-16815	-1389	-7252	3493	6594	-10180	66	110	-10	1931	9655	1931	84989288
-16869	-1734	-7314	3944	6492	-10077	64	112	-13	1932	9660	1932	84989294
-17002	-2462	-7412	4824	6462	-10254	64	112	-14	1933	9665	1933	84989295
-17132	-3142	-7776	5771	6470	-10777	65	107	-11	1934	9670	1934	84989296
-16998	-3590	-8064	6171	6757	-11380	65	107	-11	1935	9675	1935	84989296
-16646	-4104	-8268	5842	7311	-11270	65	107	-11	1936	9680	1936	84989296
-16370	-4590	-8242	5550	7613	-11188	65	107	-11	1937	9685	1937	84989297
-16472	-5126	-8280	5804	7526	-11311	64	108	-18	1938	9690	1938	84989297
-16280	-6080	-8568	6266	7541	-11522	64	108	-18	1939	9695	1939	84989331
-16166	-6620	-8876	6404	7965	-11844	70	104	-4	1940	9700	1940	84989331
-15810	-6624	-9184	5805	8560	-11807	70	104	-4	1941	9705	1941	84989331
-15673	-5871	-9432	5168	8891	-11761	70	96	-18	1942	9710	1942	84989332
-15623	-5118	-9670	5298	8836	-11850	71	97	-17	1943	9715	1943	84989332
-15874	-4758	-9738	5719	8792	-12214	74	100	-12	1944	9720	1944	84989332
-16101	-4932	-9708	6247	8858	-12819	75	100	-11	1945	9725	1945	84989335
-16234	-5344	-9537	6684	9018	-13153	78	98	-8	1946	9730	1946	84989350
-16519	-5242	-9321	6772	9196	-13553	79	98	-8	1947	9735	1947	84989371
-16088	-5872	-8790	6738	9417	-14018	83	97	-9	1948	9740	1948	84989371
-15526	-6436	-8178	6768	9473	-14965	83	96	-11	1949	9745	1949	84989371
-15348	-7141	-7705	6448	9132	-15575	82	94	-20	1950	9750	1950	84989371
-15320	-8046	-7332	5573	8351	-15740	84	92	-19	1951	9755	1951	84989371
-15358	-8737	-7680	4900	7691	-15980	86	90	-18	1952	9760	1952	84989371
-15308	-9129	-8310	4186	7405	-16028	86	90	-17	1953	9765	1953	84989378
-15240	-9290	-9074	3499	7573	-15962	87	89	-15	1954	9770	1954	84989398
-15398	-8862	-9423	2962	8004	-16054	88	90	-16	1955	9775	1955	84989412
-15362	-8190	-9392	2895	8370	-16153	89	91	-17	1956	9780	1956	84989412
-14907	-7482	-9320	3359	8600	-16159	90	86	-16	1957	9785	1957	84989413
-14767	-6802	-9557	4147	8610	-16128	92	78	-14	1958	9790	1958	84989414
-14796	-6234	-9503	4844	8689	-16183	93	80	-15	1959	9795	1959	84989415
-14490	-5946	-9009	5450	8811	-16202	93	81	-15	1960	9800	1960	84989415
-14244	-6077	-8653	6296	8680	-16122	97	80	-19	1961	9805	1961	84989416
-14012	-6382	-8695	7180	8374	-15999	99	79	-21	1962	9810	1962	84989440
-13770	-6836	-8550	7854	8085	-15910	96	75	-22	1963	9815	1963	84989456
-13657	-7656	-8331	8328	7433	-16003	94	72	-22	1964	9820	1964	84989456
-13723	-8394	-8251	8451	6631	-16354	100	73	-18	1965	9825	1965	84989457
-13715	-8858	-8044	8175	6183	-16634	104	74	-16	1966	9830	1966	84989457
-13484	-9448	-8157	7780	5813	-16660	106	68	-16	1967	9835	1967	84989457
-13329	-9754	-8498	7491	5508	-16540	106	66	-16	1968	9840	1968	84989457
-13261	-9818	-8639	7220	5296	-16412	105	67	-17	1969	9845	1969	84989482
-13162	-9885	-8716	6827	5023	-16281	105	67	-17	1970	9850	1970	84989494
-13338	-9572	-9015	6140	4731	-16201	107	64	-19	1971	9855	1971	84989496
-13721	-8989	-9566	5489	4609	-16188	107	63	-19	1972	9860	1972	84989496
-13630	-8458	-10204	5262	4867	-16047	107	60	-16	1973	9865	1973	84989496
-13096	-7593	-10174	5273	5452	-15913	107	59	-15	1974	9870	1974	84989496
-12630	-6276	-9538	5336	6183	-15375	105	57	-15	1975	9875	1975	84989496
-12868	-6194	-8868	5363	5943	-15101	105	57	-15	1976	9880	1976	84989496
-12906	-5486	-8608	5425	5298	-15101	114	52	-12	1977	9885	1977	84989525
-12578	-5948	-8284	5649	5405	-14703	114	52	-12	1978	9890	1978	84989534
-12378	-6258	-7550	5829	5236	-14342	106	52	-10	1979	9895	1979	84989534
-12062	-6866	-7010	5882	4704	-13981	106	52	-10	1980	9900	1980	84989534
-12062	-7824	-7428	6233	4008	-13613	109	51	-19	1981	9905	1981	84989534
-12802	-8186	-7804	6483	3386	-13407	109	51	-19	1982	9910	1982	84989534
-12978	-8408	-8258	6488	3170	-13176	119	43	-13	1983	9915	1983	84989534
-12370	-8606	-8183	6119	3433	-12934	118	43	-13	1984	9920	1984	84989534
-11727	-9088	-8113	5523	3352	-12652	116	44	-12	1985	9925	1985	84989534
-11426	-9004	-8136	4547	2965	-12372	116	43	-13	1986	9930	1986	84989536
-10972	-8795	-8342	3667	2546	-12082	117	41	-15	1987	9935	1987	84989550
-10686	-8496	-8686	3244	2221	-11792	118	42	-14	1988	9940	1988	84989572
-10679	-8314	-9092	3030	1993	-11503	120	44	-12	1989	9945	1989	84989573
-10623	-8150	-9552	2779	1872	-11123	119	43	-12	1990	9950	1990	84989573
-10515	-8018	-9511	2546	1985	-10826	117	37	-11	1991	9955	1991	84989573
-10420	-7962	-9392	2231	2317	-10519	116	36	-11	1992	9960	1992	84989573
-10236	-7665	-8998	1899	2666	-10257	114	34	-10	1993	9965	1993	84989574
-10011	-7576	-8712	1780	2811	-9913	117	36	-10	1994	9970	1994	84989588
-9995	-7673	-8289	1764	2780	-9508	122	40	-10	1995	9975	1995	84989610
-9982	-8095	-8112	1724	2576	-9069	119	37	-13	1996	9980	1996	84989610
-9802	-8587	-8117	1589	2311	-8688	115	33	-17	1997	9985	1997	84989610
-9538	-8730	-7857	1428	2025	-8413	118	32	-15	1998	9990	1998	84989610
-9722	-8536	-7685	1301	1511	-8183	122	30	-12	1999	9995	1999	84989611
-9898	-8242	-8004	1083	771	-7814	120	28	-11	2000	10000	2000	84989611
-9804	-7803	-8608	1190	405	-7328	118	26	-10	2001	10005	2001	84989611
-9974	-7861	-9230	1840	339	-6879	120	28	-12	2002	10010	2002	84989628
-10008	-8051	-9524	2147	436	-6411	121	29	-13	2003	10015	2003	84989644
-9626	-7914	-9540	1856	619	-5959	119	27	-8	2004	10020	2004	84989647
-9288	-7542	-9452	1556	917	-5583	117	25	-5	2005	10025	2005	84989647
-9198	-7681	-9504	1717	1159	-5180	117	25	-10	2006	10030	2006	84989647
-9108	-8434	-9568	2107	1263	-4808	117	25	-13	2007	10035	2007	84989647
-9006	-9102	-9081	2083	1298	-4599	120	25	-12	2008	10040	2008	84989647
-8710	-9799	-8550	1769	1149	-4389	121	25	-11	2009	10045	2009	84989668
-8704	-10342	-8359	1412	877	-4224	125	24	-12	2010	10050	2010	84989693
-8694	-10563	-8492	860	595	-4107	126	24	-12	2011	10055	2011	84989699
-8699	-10981	-8455	404	337	-3984	120	25	-8	2012	10060	2012	84989699
-8761	-11262	-8194	-114	14	-3850	119	25	-7	2013	10065	2013	84989699
-8750	-10922	-8070	-899	-438	-3672	120	24	-8	2014	10070	2014	84989699
-8696	-10484	-8374	-1676	-800	-3399	120	24	-8	2015	10075	2015	84989700
-8700	-10006	-8641	-2268	-1018	-3137	119	18	-9	2016	10080	2016	84989700
-8518	-9472	-8522	-2609	-1334	-2875	119	17	-9	2017	10085	2017	84989717
-8444	-9558	-8152	-2550	-1708	-2641	119	21	-9	2018	10090	2018	84989760
-8296	-10052	-8008	-2418	-2070	-2416	119	21	-9	2019	10095	2019	84989760
-8384	-10340	-8376	-2214	-2397	-2288	117	17	-15	2020	10100	2020	84989761
-8812	-10238	-9170	-2032	-2594	-2201	117	17	-15	2021	10105	2021	84989761
-8906	-9954	-9686	-1877	-2410	-2104	123	17	-15	2022	10110	2022	84989762
-8674	-9370	-9590	-1887	-2047	-1921	123	17	-15	2023	10115	2023	84989763
-8632	-9183	-9452	-1798	-1831	-1698	120	24	-8	2024	10120	2024	84989763
-8574	-9320	-8996	-1678	-1556	-1350	119	25	-7	2025	10125	2025	84989763
-8482	-9438	-8842	-1657	-1344	-1078	119	19	-9	2026	10130	2026	84989764
-8480	-9726	-8792	-1452	-1201	-846	119	19	-9	2027	10135	2027	84989778
-8542	-10040	-8886	-1140	-1163	-667	117	21	-13	2028	10140	2028	84989798
-8510	-10526	-8986	-970	-1116	-515	117	21	-13	2029	10145	2029	84989798
-8464	-10982	-9162	-858	-1051	-440	123	17	-7	2030	10150	2030	84989798
-8322	-11282	-9426	-741	-1006	-416	123	17	-7	2031	10155	2031	84989798
-8148	-11424	-9502	-736	-1025	-395	125	19	-15	2032	10160	2032	84989798
-8040	-11624	-9384	-922	-1115	-383	125	19	-15	2033	10165	2033	84989798
-7992	-11811	-9382	-1161	-1286	-348	125	19	-7	2034	10170	2034	84989798
-8006	-12080	-9284	-1179	-1479	-292	123	19	-8	2035	10175	2035	84989798
-7996	-12350	-9142	-1025	-1758	-259	117	19	-13	2036	10180	2036	84989798
-8052	-12515	-9234	-970	-2091	-286	118	18	-13	2037	10185	2037	84989798
-8181	-12310	-9741	-1199	-2328	-314	124	16	-14	2038	10190	2038	84989800
-8324	-11835	-10105	-1495	-2285	-259	124	18	-13	2039	10195	2039	84989812
-8478	-11602	-10166	-1639	-2050	-142	126	24	-10	2040	10200	2040	84989830
-8406	-11419	-9752	-1816	-1710	-5	125	24	-11	2041	10205	2041	84989830
-8364	-11335	-9375	-1958	-1558	109	121	23	-13	2042	10210	2042	84989830
-8517	-11324	-9382	-1956	-1553	193	120	20	-13	2043	10215	2043	84989830
-8753	-11280	-9441	-1903	-1472	290	119	15	-13	2044	10220	2044	84989830
-8776	-11357	-9558	-1833	-1294	397	121	17	-15	2045	10225	2045	84989830
-8688	-11590	-9592	-1763	-1148	478	123	19	-17	2046	10230	2046	84989833
-8677	-11839	-9504	-1731	-1132	532	123	19	-16	2047	10235	2047	84989846
-8778	-11999	-9613	-1798	-1206	555	122	20	-14	2048	10240	2048	84989857
-8806	-11965	-9832	-1904	-1218	521	122	20	-16	2049	10245	2049	84989857
-8745	-11896	-9950	-1937	-1138	461	121	21	-19	2050	10250	2050	84989857
-8736	-11939	-9960	-1956	-1080	415	120	19	-18	2051	10255	2051	84989857
-8764	-12045	-9772	-1986	-1079	373	120	18	-18	2052	10260	2052	84989857
-8820	-12083	-9746	-1981	-1048	323	124	20	-17	2053	10265	2053	84989880
-8824	-12071	-9802	-1960	-1015	269	127	21	-17	2054	10270	2054	84989896
-8833	-12034	-9746	-1916	-1065	240	123	20	-15	2055	10275	2055	84989896
-8879	-12053	-9669	-1957	-1191	233	121	19	-13	2056	10280	2056	84989896
-8961	-11996	-9646	-2135	-1269	238	120	16	-15	2057	10285	2057	84989896
-9100	-11802	-9674	-2282	-1277	263	120	14	-16	2058	10290	2058	84989896
-9118	-11572	-9600	-2296	-1240	290	119	21	-15	2059	10295	2059	84989896
-8954	-11464	-9546	-2222	-1171	309	119	23	-15	2060	10300	2060	84989906
-8792	-11478	-9469	-2083	-1128	312	120	19	-14	2061	10305	2061	84989934
-8741	-11588	-9502	-1863	-1118	272	120	18	-14	2062	10310	2062	84989942
-8770	-11724	-9716	-1651	-1095	153	116	12	-10	2063	10315	2063	84989943
-8772	-11734	-9884	-1468	-1016	23	115	11	-9	2064	10320	2064	84989944
-8756	-11832	-10010	-1328	-858	-67	117	17	-12	2065	10325	2065	84989946
-8686	-11858	-9882	-1369	-733	-121	117	19	-13	2066	10330	2066	84989948
-8536	-11890	-9768	-1587	-696	-159	129	21	-19	2067	10335	2067	84990000
-8692	-11928	-9708	-1608	-701	-206	129	21	-19	2068	10340	2068	84990000
-8606	-11972	-9762	-1545	-711	-229	121	23	-17	2069	10345	2069	84990001
-8490	-11914	-9752	-1487	-789	-245	121	23	-17	2070	10350	2070	84990001
-8546	-11996	-9468	-1381	-927	-230	121	17	-19	2071	10355	2071	84990002
-8774	-11766	-9424	-1431	-1111	-175	121	17	-19	2072	10360	2072	84990002
-9004	-11482	-9470	-1531	-1251	-109	124	18	-20	2073	10365	2073	84990002
-9030	-11250	-9596	-1512	-1227	-59	124	18	-20	2074	10370	2074	84990003
-8865	-11036	-9440	-1478	-1157	-2	124	22	-18	2075	10375	2075	84990021
-8850	-11103	-9251	-1417	-1151	30	124	20	-19	2076	10380	2076	84990030
-8903	-11270	-9324	-1252	-1183	26	122	14	-22	2077	10385	2077	84990030
-8887	-11400	-9535	-1042	-1183	-27	122	15	-21	2078	10390	2078	84990030
-8858	-11480	-9780	-866	-1132	-98	123	17	-17	2079	10395	2079	84990030
-8800	-11465	-9834	-751	-1033	-157	122	18	-18	2080	10400	2080	84990030
-8730	-11400	-9914	-694	-935	-193	120	20	-20	2081	10405	2081	84990030
-8714	-11384	-9963	-675	-881	-221	120	20	-20	2082	10410	2082	84990030
-8720	-11433	-9917	-651	-849	-246	118	22	-20	2083	10415	2083	84990031
-8711	-11532	-9836	-641	-833	-275	121	21	-19	2084	10420	2084	84990031
-8717	-11628	-9799	-617	-839	-293	125	19	-17	2085	10425	2085	84990034
-8769	-11699	-9856	-555	-841	-286	124	19	-15	2086	10430	2086	84990050
-8730	-11672	-9834	-478	-856	-273	122	20	-12	2087	10435	2087	84990067
-8697	-11632	-9834	-446	-929	-249	123	19	-14	2088	10440	2088	84990068
-8667	-11579	-9931	-499	-1013	-201	125	17	-17	2089	10445	2089	84990068
-8664	-11458	-10017	-562	-1064	-151	121	18	-18	2090	10450	2090	84990068
-8771	-11374	-10044	-566	-1064	-103	115	19	-19	2091	10455	2091	84990069
-8793	-11340	-10194	-454	-982	-77	117	21	-18	2092	10460	2092	84990069
-8793	-11354	-10223	-303	-884	-76	118	22	-18	2093	10465	2093	84990083
-8777	-11396	-10218	-220	-818	-74	118	23	-16	2094	10470	2094	84990100
-8778	-11521	-10225	-154	-777	-72	118	24	-14	2095	10475	2095	84990105
-8817	-11686	-10248	-17	-714	-80	117	21	-13	2096	10480	2096	84990105
-8839	-11754	-10306	76	-626	-87	117	19	-13	2097	10485	2097	84990105
-8879	-11747	-10374	26	-543	-93	118	23	-14	2098	10490	2098	84990106
-8863	-11649	-10353	-73	-459	-90	119	25	-15	2099	10495	2099	84990106
-8829	-11599	-10266	-169	-376	-92	120	20	-19	2100	10500	2100	84990112
-8906	-11663	-10075	-273	-354	-89	120	18	-20	2101	10505	2101	84990136
-8963	-11648	-10094	-388	-356	-84	122	20	-17	2102	10510	2102	84990142
-8942	-11637	-10078	-475	-362	-79	122	20	-16	2103	10515	2103	84990142
-8865	-11634	-10041	-546	-388	-69	117	18	-21	2104	10520	2104	84990142
-8822	-11588	-10152	-638	-415	-43	116	18	-22	2105	10525	2105	84990142
-8770	-11563	-10244	-679	-403	-35	122	20	-20	2106	10530	2106	84990143
-8723	-11574	-10310	-674	-333	-21	123	21	-19	2107	10535	2107	84990143
-8714	-11570	-10246	-731	-256	19	124	24	-12	2108	10540	2108	84990168
-8816	-11438	-10292	-899	-226	84	124	24	-12	2109	10545	2109	84990180
-8876	-11410	-10424	-950	-120	149	120	14	-16	2110	10550	2110	84990180
-8932	-11386	-10518	-919	15	241	120	14	-16	2111	10555	2111	84990180
-9032	-11342	-10456	-948	170	336	124	18	-20	2112	10560	2112	84990181
-9102	-11190	-10404	-988	327	442	124	18	-20	2113	10565	2113	84990181
-9090	-11116	-10258	-1038	446	546	120	22	-18	2114	10570	2114	84990181
-9242	-11162	-10134	-1057	499	651	120	22	-18	2115	10575	2115	84990181
-9362	-11172	-10134	-1031	512	738	119	25	-19	2116	10580	2116	84990208
-9396	-11143	-10014	-1005	550	790	120	23	-19	2117	10585	2117	84990218
-9435	-11112	-9987	-1023	572	802	125	17	-21	2118	10590	2118	84990218
-9366	-11074	-9849	-1041	593	811	124	17	-21	2119	10595	2119	84990218
-9226	-11115	-9839	-1043	601	812	121	19	-19	2120	10600	2120	84990219
-9061	-11296	-9731	-996	557	799	121	20	-19	2121	10605	2121	84990220
-9076	-11548	-9654	-955	447	750	122	24	-20	2122	10610	2122	84990221
-8986	-11651	-9774	-1026	298	680	122	23	-19	2123	10615	2123	84990234
-8928	-11640	-10075	-1110	206	590	121	17	-17	2124	10620	2124	84990265
-8796	-11578	-10194	-1176	235	484	120	18	-19	2125	10625	2125	84990265
-8662	-11440	-10138	-1302	261	385	118	22	-24	2126	10630	2126	84990265
-8645	-11389	-10166	-1391	255	320	118	23	-24	2127	10635	2127	84990265
-8661	-11376	-10202	-1398	259	268	118	24	-24	2128	10640	2128	84990266
-8556	-11314	-10212	-1360	291	217	119	23	-22	2129	10645	2129	84990266
-8557	-11209	-10220	-1327	312	189	120	22	-20	2130	10650	2130	84990276
-8598	-11158	-10224	-1264	327	191	120	23	-20	2131	10655	2131	84990295
-8572	-11088	-10107	-1167	333	196	121	25	-19	2132	10660	2132	84990301
-8596	-11050	-10018	-1043	320	214	118	19	-19	2133	10665	2133	84990301
-8643	-11049	-9957	-845	293	246	115	13	-19	2134	10670	2134	84990301
-8672	-10983	-9886	-677	235	285	116	14	-20	2135	10675	2135	84990301
-8745	-10846	-9861	-594	174	324	117	15	-21	2136	10680	2136	84990301
-8792	-10735	-9881	-493	153	373	121	18	-18	2137	10685	2137	84990302
-8727	-10771	-9901	-350	149	419	124	20	-16	2138	10690	2138	84990302
-8625	-10980	-9937	-179	134	428	123	21	-19	2139	10695	2139	84990302
-8641	-11169	-9987	0	97	392	123	21	-21	2140	10700	2140	84990324
-8687	-11355	-10109	156	41	323	121	24	-22	2141	10705	2141	84990339
-8736	-11515	-10246	328	55	241	120	26	-22	2142	10710	2142	84990339
-8635	-11516	-10383	429	137	186	119	19	-20	2143	10715	2143	84990340
-8564	-11548	-10430	453	206	153	119	17	-19	2144	10720	2144	84990341
-8544	-11665	-10381	425	221	123	118	23	-20	2145	10725	2145	84990342
-8635	-11690	-10310	356	215	95	118	24	-20	2146	10730	2146	84990342
-8663	-11791	-10389	311	230	84	115	16	-23	2147	10735	2147	84990375
-8704	-11717	-10358	245	249	77	114	14	-24	2148	10740	2148	84990413
-8711	-11642	-10306	111	251	63	117	19	-21	2149	10745	2149	84990420
-8720	-11592	-10318	-9	257	52	118	20	-20	2150	10750	2150	84990421
-8670	-11570	-10194	-68	261	50	117	19	-27	2151	10755	2151	84990422
-8696	-11610	-10004	-148	237	72	117	19	-27	2152	10760	2152	84990422
-8694	-11682	-9836	-124	161	94	125	23	-19	2153	10765	2153	84990423
-8808	-11680	-10050	-83	51	110	125	23	-19	2154	10770	2154	84990423
-8748	-11530	-10212	-133	-14	114	119	23	-23	2155	10775	2155	84990433
-8684	-11362	-10198	-212	-13	139	119	23	-23	2156	10780	2156	84990458
-8518	-11306	-10000	-277	-56	166	121	17	-15	2157	10785	2157	84990458
-8590	-11320	-9954	-332	-204	175	121	17	-15	2158	10790	2158	84990458
-8626	-11456	-10106	-247	-302	142	116	18	-18	2159	10795	2159	84990458
-8588	-11486	-10262	-184	-310	117	118	19	-19	2160	10800	2160	84990458
-8540	-11384	-10230	-193	-260	119	124	24	-24	2161	10805	2161	84990458
-8554	-11262	-10241	-241	-212	149	124	24	-24	2162	10810	2162	84990458
-8588	-11314	-10180	-219	-206	182	126	22	-24	2163	10815	2163	84990458
-8635	-11386	-10138	-159	-223	230	126	21	-24	2164	10820	2164	84990458
-8642	-11370	-9990	-175	-259	280	124	16	-22	2165	10825	2165	84990458
-8662	-11254	-9955	-263	-288	340	124	17	-23	2166	10830	2166	84990458
-8696	-11036	-10089	-285	-266	409	122	18	-26	2167	10835	2167	84990462
-8742	-10871	-10085	-270	-232	480	122	19	-25	2168	10840	2168	84990467
-8786	-10781	-10004	-247	-215	543	122	20	-24	2169	10845	2169	84990467
-8823	-10812	-9901	-178	-238	589	120	22	-24	2170	10850	2170	84990467
-8875	-10936	-9888	-61	-274	598	118	24	-24	2171	10855	2171	84990475
-8892	-11032	-9957	79	-305	576	120	24	-21	2172	10860	2172	84990492
-8832	-11119	-10102	193	-321	544	123	23	-17	2173	10865	2173	84990497
-8786	-11187	-10135	277	-305	499	122	23	-17	2174	10870	2174	84990497
-8777	-11246	-10126	330	-270	434	120	24	-18	2175	10875	2175	84990497
-8720	-11350	-10108	359	-245	360	119	21	-22	2176	10880	2176	84990497
-8726	-11470	-10041	379	-232	296	119	19	-25	2177	10885	2177	84990497
-8748	-11572	-10015	381	-245	238	121	20	-25	2178	10890	2178	84990502
-8788	-11605	-10057	330	-269	183	123	21	-25	2179	10895	2179	84990532
-8782	-11588	-10056	249	-281	130	122	20	-24	2180	10900	2180	84990551
-8707	-11552	-10037	186	-281	82	122	20	-24	2181	10905	2181	84990553
-8665	-11545	-10000	118	-297	49	118	16	-28	2182	10910	2182	84990554
-8686	-11392	-9979	33	-328	40	115	13	-31	2183	10915	2183	84990555
-8611	-11229	-9906	-24	-336	39	117	20	-24	2184	10920	2184	84990556
-8643	-11133	-9829	-64	-334	53	118	22	-22	2185	10925	2185	84990556
-8613	-11042	-9787	-83	-342	75	121	19	-19	2186	10930	2186	84990556
-8557	-10946	-9764	-81	-339	107	122	18	-18	2187	10935	2187	84990560
-8560	-10798	-9717	-70	-345	141	120	22	-20	2188	10940	2188	84990569
-8481	-10734	-9752	-53	-360	206	119	23	-21	2189	10945	2189	84990571
-8476	-10660	-9598	-12	-375	272	118	17	-23	2190	10950	2190	84990571
-8467	-10556	-9602	68	-384	349	118	16	-24	2191	10955	2191	84990571
-8410	-10504	-9552	186	-400	455	118	22	-20	2192	10960	2192	84990571
-8400	-10498	-9584	246	-427	570	118	22	-20	2193	10965	2193	84990571
-8432	-10370	-9512	298	-457	686	122	20	-22	2194	10970	2194	84990589
-8402	-10444	-9454	345	-503	803	122	20	-22	2195	10975	2195	84990620
-8326	-10458	-9372	386	-542	933	118	20	-18	2196	10980	2196	84990620
-8338	-10490	-9314	444	-600	1060	118	20	-18	2197	10985	2197	84990620
-8348	-10612	-9236	518	-631	1221	117	15	-25	2198	10990	2198	84990620
-8342	-10486	-9086	545	-640	1380	117	15	-25	2199	10995	2199	84990620
-8264	-10335	-8862	601	-676	1591	117	19	-19	2200	11000	2200	84990620
-8247	-10127	-8715	655	-713	1821	119	20	-19	2201	11005	2201	84990628
-8230	-10007	-8489	754	-748	2074	125	25	-19	2202	11010	2202	84990658
-8203	-9976	-8377	873	-780	2344	124	25	-20	2203	11015	2203	84990658
-8180	-9878	-8112	963	-817	2591	119	25	-23	2204	11020	2204	84990658
-8202	-9804	-8010	1035	-873	2905	119	25	-23	2205	11025	2205	84990658
-8204	-9696	-7926	1104	-987	3225	123	25	-19	2206	11030	2206	84990658
-8182	-9522	-7822	1131	-1135	3541	123	25	-19	2207	11035	2207	84990659
-8246	-9240	-7742	1169	-1306	3868	122	20	-18	2208	11040	2208	84990659
-8354	-8996	-7822	1263	-1479	4244	120	21	-17	2209	11045	2209	84990659
-8357	-8878	-7896	1364	-1592	4558	113	23	-15	2210	11050	2210	84990662
-8406	-8808	-7866	1430	-1690	4863	115	24	-16	2211	11055	2211	84990679
-8368	-8879	-7840	1441	-1809	5161	122	28	-22	2212	11060	2212	84990695
-8248	-8918	-7882	1402	-1958	5468	122	28	-22	2213	11065	2213	84990695
-8268	-8980	-7924	1278	-2134	5766	120	30	-22	2214	11070	2214	84990695
-8305	-9056	-7906	1069	-2357	6049	119	30	-21	2215	11075	2215	84990695
-8306	-9036	-7906	793	-2636	6318	117	29	-19	2216	11080	2216	84990695
-8465	-8975	-7806	456	-2941	6574	117	29	-20	2217	11085	2217	84990695
-8585	-8828	-7623	169	-3233	6801	116	30	-22	2218	11090	2218	84990699
-8704	-8639	-7490	-69	-3538	7028	118	29	-19	2219	11095	2219	84990717
-8866	-8419	-7390	-212	-3846	7257	120	28	-14	2220	11100	2220	84990737
-9083	-8186	-7360	-326	-4180	7502	117	27	-15	2221	11105	2221	84990737
-9380	-7990	-7248	-468	-4553	7764	113	25	-17	2222	11110	2222	84990737
-9714	-7821	-7211	-640	-4952	8055	114	28	-19	2223	11115	2223	84990737
-10029	-7677	-7261	-849	-5344	8387	115	33	-23	2224	11120	2224	84990737
-10395	-7580	-7384	-1081	-5748	8752	117	35	-19	2225	11125	2225	84990737
-10756	-7506	-7442	-1297	-6135	9110	119	37	-15	2226	11130	2226	84990751
-11040	-7484	-7521	-1454	-6497	9471	114	37	-14	2227	11135	2227	84990767
-11361	-7459	-7584	-1579	-6849	9862	111	37	-13	2228	11140	2228	84990771
-11669	-7456	-7669	-1697	-7195	10279	115	43	-12	2229	11145	2229	84990771
-12045	-7390	-7813	-1878	-7558	10672	117	47	-11	2230	11150	2230	84990771
-12478	-7334	-7948	-2065	-7926	11012	113	43	-15	2231	11155	2231	84990771
-12820	-7232	-8077	-2240	-8257	11354	111	41	-17	2232	11160	2232	84990771
-13122	-6919	-8270	-2471	-8597	11714	116	44	-16	2233	11165	2233	84990771
-13275	-6798	-8633	-2558	-8855	11959	117	45	-15	2234	11170	2234	84990828
-13216	-7002	-9002	-2533	-9014	12161	115	46	-14	2235	11175	2235	84990842
-13193	-7166	-9316	-2510	-9231	12299	114	46	-14	2236	11180	2236	84990842
-13123	-7466	-9635	-2519	-9548	12404	116	55	-16	2237	11185	2237	84990842
-13112	-7712	-9732	-2609	-9948	12516	117	57	-17	2238	11190	2238	84990842
-13384	-7903	-9716	-2811	-10545	12597	108	53	-16	2239	11195	2239	84990842
-14094	-7857	-9809	-2970	-11281	12474	106	52	-16	2240	11200	2240	84990842
-14814	-7778	-10015	-2725	-11791	12225	111	49	-13	2241	11205	2241	84990850
-15372	-7756	-10306	-1882	-11939	11848	112	48	-12	2242	11210	2242	84990887
-15496	-7566	-10482	-991	-11776	11600	113	51	-15	2243	11215	2243	84990887
-15654	-7406	-10628	-87	-11584	11444	113	51	-15	2244	11220	2244	84990888
-15650	-7234	-10762	498	-11357	11456	102	54	-24	2245	11225	2245	84990888
-15596	-7000	-10898	664	-11079	11564	102	54	-24	2246	11230	2246	84990888
-15546	-6806	-10868	469	-10714	11837	112	56	-16	2247	11235	2247	84990888
-15584	-6460	-10834	173	-10238	12201	112	56	-16	2248	11240	2248	84990888
-15454	-6224	-10654	-43	-9746	12701	103	61	-9	2249	11245	2249	84990888
-15382	-6229	-10390	-329	-9299	13373	104	61	-9	2250	11250	2250	84990888
-15360	-6426	-10138	-725	-8933	13921	107	63	-11	2251	11255	2251	84990888
-15451	-6304	-9980	-1182	-8529	14244	106	63	-9	2252	11260	2252	84990888
-15616	-6285	-9987	-1474	-8018	14279	101	63	-1	2253	11265	2253	84990888
-15586	-6136	-10115	-1514	-7279	14228	101	64	-2	2254	11270	2254	84990888
-15419	-6042	-10295	-1227	-6550	14216	102	70	-6	2255	11275	2255	84990892
-15136	-6069	-10455	-736	-6003	14294	101	69	-7	2256	11280	2256	84990901
-14792	-6513	-10388	-215	-5612	14393	99	67	-11	2257	11285	2257	84990912
-14343	-6596	-10165	137	-5197	14440	99	69	-9	2258	11290	2258	84990912
-14145	-7112	-10057	401	-5013	14435	100	76	-4	2259	11295	2259	84990912
-14226	-7524	-10134	398	-4969	14332	102	76	-7	2260	11300	2260	84990912
-14420	-7912	-10345	223	-4802	14135	104	76	-12	2261	11305	2261	84990912
-14565	-8260	-10443	96	-4531	13936	100	78	-8	2262	11310	2262	84990912
-14453	-8477	-10315	273	-4248	13784	94	82	-2	2263	11315	2263	84990925
-14352	-8820	-10242	862	-3951	13573	95	78	-2	2264	11320	2264	84990954
-14522	-9354	-10027	1439	-3659	13209	97	73	-3	2265	11325	2265	84990968
-14917	-10119	-9690	1548	-3473	12718	96	78	1	2266	11330	2266	84990969
-15247	-10980	-9062	871	-3340	12307	95	83	5	2267	11335	2267	84990969
-15334	-11520	-8611	-280	-3236	12055	90	85	-4	2268	11340	2268	84990969
-15001	-11561	-8488	-1579	-3207	11848	86	86	-10	2269	11345	2269	84990969
-14658	-11326	-8826	-2737	-3367	11502	87	90	-5	2270	11350	2270	84990975
-14538	-10798	-9022	-3937	-3628	11196	87	93	-1	2271	11355	2271	84990996
-14640	-10047	-8981	-5286	-3862	11184	86	87	0	2272	11360	2272	84991008
-14706	-9312	-8866	-6617	-4016	11388	85	83	1	2273	11365	2273	84991008
-14686	-8552	-8675	-7646	-4026	11619	83	90	-1	2274	11370	2274	84991008
-14524	-7594	-8444	-8293	-3820	11895	81	95	-3	2275	11375	2275	84991009
-14910	-6905	-8108	-8506	-3509	12028	81	95	-3	2276	11380	2276	84991009
-14697	-6071	-8002	-8448	-3040	12338	81	95	-3	2277	11385	2277	84991010
-15194	-4825	-7351	-8477	-2524	12019	81	93	-3	2278	11390	2278	84991011
-15461	-4302	-6900	-7933	-1870	11733	81	93	-3	2279	11395	2279	84991012
-15790	-4427	-6734	-6716	-1459	11352	77	95	-4	2280	11400	2280	84991018
-15902	-4847	-6432	-5336	-990	10724	76	96	-4	2281	11405	2281	84991042
-16045	-5425	-6141	-3867	-595	9896	78	100	-8	2282	11410	2282	84991047
-16100	-6502	-5946	-1942	-254	8855	79	101	-9	2283	11415	2283	84991047
-16134	-7476	-5334	-405	10	7962	76	102	-10	2284	11420	2284	84991047
-16096	-8780	-4810	547	181	7189	76	102	-10	2285	11425	2285	84991048
-16108	-9620	-4838	208	440	6589	74	100	-4	2286	11430	2286	84991048
-13874	-11932	-5626	-989	1051	6419	74	100	-4	2287	11435	2287	84991048
-12958	-12408	-6670	-2916	1600	6016	73	99	-7	2288	11440	2288	84991058
-12508	-11242	-7360	-5018	1111	5660	73	99	-7	2289	11445	2289	84991084
-11906	-10100	-7842	-6825	382	6153	73	103	-3	2290	11450	2290	84991091
-11616	-7742	-8062	-8390	-202	6487	73	103	-3	2291	11455	2291	84991093
-11394	-4711	-8626	-8777	-1153	6263	68	100	-10	2292	11460	2292	84991094
-11406	-2684	-8681	-7788	-2037	6431	69	101	-10	2293	11465	2293	84991095
-12134	-1370	-8059	-6528	-2811	6929	73	107	-9	2294	11470	2294	84991097
-13316	-674	-6954	-5483	-3597	7408	72	106	-8	2295	11475	2295	84991097
-14941	-503	-5909	-4442	-4270	7502	70	104	-6	2296	11480	2296	84991102
-16152	-798	-4851	-3363	-4637	7318	69	104	-7	2297	11485	2297	84991122
-16836	-1286	-4084	-2314	-4702	6937	65	105	-9	2298	11490	2298	84991122
-17115	-2296	-3646	-1405	-4610	6421	65	106	-9	2299	11495	2299	84991122
-16934	-3640	-3547	-695	-4386	5844	66	110	-10	2300	11500	2300	84991122
-16546	-5205	-3886	-341	-4227	5197	65	108	-9	2301	11505	2301	84991122
-16215	-6491	-4427	-518	-4294	4633	64	104	-8	2302	11510	2302	84991122
-15928	-7317	-4892	-1164	-4446	4177	67	104	-10	2303	11515	2303	84991130
-15685	-7572	-5199	-1973	-4673	3782	71	103	-13	2304	11520	2304	84991155
-15250	-7587	-5672	-2704	-4966	3439	70	106	-10	2305	11525	2305	84991173
-14790	-7065	-6057	-3719	-5384	3254	69	111	-5	2306	11530	2306	84991173
-14660	-6004	-6653	-5164	-5961	3126	67	108	-7	2307	11535	2307	84991173
-14917	-4274	-7387	-6877	-6278	3014	63	103	-11	2308	11540	2308	84991173
-15056	-2055	-7655	-8166	-6204	2967	61	110	-7	2309	11545	2309	84991173
-14935	-164	-7545	-8561	-6007	3053	60	114	-4	2310	11550	2310	84991174
-14678	1012	-7256	-8185	-5897	3331	64	111	-5	2311	11555	2311	84991200
-14593	1370	-7016	-7088	-5984	3654	67	109	-5	2312	11560	2312	84991218
-14940	1406	-6707	-5523	-6279	3695	66	111	-6	2313	11565	2313	84991218
-15584	967	-6317	-3857	-6649	3634	66	112	-6	2314	11570	2314	84991219
-15973	106	-6013	-2560	-6909	3730	66	111	-4	2315	11575	2315	84991221
-16103	-881	-5685	-1938	-6879	3879	66	110	-2	2316	11580	2316	84991222
-16051	-1875	-5697	-1705	-6769	4132	66	109	-10	2317	11585	2317	84991223
-15887	-2540	-5803	-1713	-6709	4483	66	108	-12	2318	11590	2318	84991224
-16129	-2744	-6026	-1938	-6877	4372	62	110	-2	2319	11595	2319	84991225
-16360	-3051	-6315	-2302	-7100	3936	61	111	1	2320	11600	2320	84991226
-16435	-3276	-6529	-2971	-7091	3789	60	113	-6	2321	11605	2321	84991227
-16609	-3026	-6478	-3889	-6919	3798	60	114	-8	2322	11610	2322	84991246
-16495	-2002	-6142	-4677	-6798	3779	59	115	-9	2323	11615	2323	84991266
-16651	-1026	-6147	-5162	-6767	3751	59	115	-9	2324	11620	2324	84991270
-16944	-82	-5792	-5801	-6907	3789	57	115	-7	2325	11625	2325	84991271
-17386	546	-5496	-6180	-6995	3813	57	115	-7	2326	11630	2326	84991271
-17358	1152	-5402	-6073	-7105	3839	59	115	-1	2327	11635	2327	84991271
-17550	1626	-5328	-5771	-7183	3816	59	115	-1	2328	11640	2328	84991271
-17776	1974	-5420	-5580	-7496	3899	62	108	-2	2329	11645	2329	84991280
-17814	2668	-5754	-5162	-7726	4104	62	108	-2	2330	11650	2330	84991308
-17236	2974	-4872	-4592	-7731	5179	58	112	4	2331	11655	2331	84991308
-18296	2864	-5548	-3550	-8344	5670	58	112	4	2332	11660	2332	84991308
-18880	2762	-5664	-2370	-8159	5694	52	112	-10	2333	11665	2333	84991308
-18456	2080	-5755	-1419	-7449	6108	53	114	-8	2334	11670	2334	84991309
-18203	1972	-5929	-1335	-6998	6114	58	120	-2	2335	11675	2335	84991309
-18051	1942	-5986	-1644	-6682	6174	58	120	-1	2336	11680	2336	84991309
-17956	1838	-5542	-2063	-6561	6549	56	122	4	2337	11685	2337	84991309
-17806	1713	-5014	-2253	-6545	6983	55	121	4	2338	11690	2338	84991309
-17892	2057	-4604	-2218	-6648	7261	51	119	3	2339	11695	2339	84991317
-18022	2502	-4480	-2030	-6879	7453	51	120	3	2340	11700	2340	84991353
-18216	3077	-4447	-1628	-7038	7668	52	122	4	2341	11705	2341	84991370
-18358	3025	-4526	-926	-7010	7883	52	121	4	2342	11710	2342	84991370
-18336	2678	-4680	-446	-6698	7975	51	119	3	2343	11715	2343	84991370
-18317	2274	-4885	-243	-6186	7922	51	119	3	2344	11720	2344	84991370
-18180	1740	-5137	-294	-5622	7864	52	120	2	2345	11725	2345	84991370
-17919	930	-5452	-589	-5048	7833	51	123	3	2346	11730	2346	84991370
-17760	-178	-5820	-1136	-4514	7786	49	127	5	2347	11735	2347	84991370
-17552	-1236	-6258	-2001	-4021	7715	48	123	7	2348	11740	2348	84991370
-17163	-2094	-6571	-3071	-3606	7540	46	116	10	2349	11745	2349	84991373
-16957	-2950	-6789	-4321	-3369	7089	47	118	10	2350	11750	2350	84991379
-16876	-3704	-6134	-5575	-3221	6516	47	119	9	2351	11755	2351	84991383
-16503	-3965	-4402	-6255	-3356	5978	45	118	4	2352	11760	2352	84991383
-15861	-3783	-2127	-5840	-3932	5427	43	117	1	2353	11765	2353	84991383
-15265	-2955	-457	-4543	-4781	4825	44	122	6	2354	11770	2354	84991383
-15322	-1426	-173	-3278	-5583	4220	44	126	10	2355	11775	2355	84991383
-15853	-10	-982	-2645	-5848	3748	45	124	9	2356	11780	2356	84991388
-16276	830	-2052	-2586	-5377	3396	45	123	9	2357	11785	2357	84991409
-16298	1375	-2872	-2533	-4391	2953	41	119	10	2358	11790	2358	84991421
-15934	1607	-3187	-1906	-3657	2578	40	118	10	2359	11795	2359	84991421
-15740	1598	-3490	-754	-3316	2372	42	123	8	2360	11800	2360	84991421
-15704	1409	-3951	477	-3254	2247	42	124	8	2361	11805	2361	84991421
-15924	1052	-4228	1428	-3285	2175	45	122	11	2362	11810	2362	84991421
-16012	800	-4117	2091	-3225	2105	46	122	12	2363	11815	2363	84991421
-15842	350	-3881	2711	-3087	2016	44	121	13	2364	11820	2364	84991444
-15977	-174	-3824	3211	-3131	1844	43	121	13	2365	11825	2365	84991460
-16152	-635	-4076	3391	-3120	1661	42	128	7	2366	11830	2366	84991462
-16276	-1032	-4380	2894	-2946	1355	42	130	6	2367	11835	2367	84991463
-16346	-1066	-4606	1941	-2734	1111	41	125	11	2368	11840	2368	84991463
-16248	-1076	-4510	1135	-2779	1026	41	125	11	2369	11845	2369	84991463
-16444	-954	-4092	662	-2900	963	46	130	12	2370	11850	2370	84991463
-16556	-586	-3652	392	-2911	827	46	130	12	2371	11855	2371	84991464
-16662	-350	-3544	86	-2781	683	45	123	11	2372	11860	2372	84991499
-16700	-106	-3764	-449	-2598	572	45	123	11	2373	11865	2373	84991499
-16746	278	-3852	-1145	-2368	495	38	120	16	2374	11870	2374	84991499
-16741	756	-3898	-1555	-2160	424	39	120	17	2375	11875	2375	84991500
-16810	1032	-3818	-1515	-1997	361	41	121	19	2376	11880	2376	84991500
-16803	1214	-3785	-1419	-1774	266	41	122	18	2377	11885	2377	84991500
-16774	1352	-3800	-1356	-1617	202	40	126	12	2378	11890	2378	84991502
-16720	1428	-3757	-1201	-1539	175	40	127	11	2379	11895	2379	84991515
-16670	1504	-3750	-910	-1513	168	41	129	9	2380	11900	2380	84991537
-16719	1601	-3658	-613	-1464	145	42	129	10	2381	11905	2381	84991538
-16714	1708	-3629	-394	-1373	125	44	130	12	2382	11910	2382	84991538
-16660	1737	-3656	-248	-1292	102	43	130	13	2383	11915	2383	84991539
-16736	1617	-3556	-80	-1282	111	41	129	15	2384	11920	2384	84991539
-16782	1487	-3432	189	-1265	95	42	128	14	2385	11925	2385	84991539
-16791	1273	-3388	409	-1213	53	46	124	8	2386	11930	2386	84991540
-16907	1153	-3595	467	-1130	12	46	124	8	2387	11935	2387	84991547
-17034	1052	-3924	297	-1016	-10	47	125	9	2388	11940	2388	84991574
-17169	974	-4037	7	-926	-26	46	126	10	2389	11945	2389	84991574
-17167	906	-3703	-40	-817	-51	42	130	14	2390	11950	2390	84991574
-17126	867	-3430	181	-624	-123	43	130	14	2391	11955	2391	84991574
-16969	783	-3270	334	-509	-220	47	129	15	2392	11960	2392	84991574
-16925	729	-3372	286	-482	-293	43	128	15	2393	11965	2393	84991575
-16917	794	-3465	104	-421	-352	36	126	14	2394	11970	2394	84991579
-16922	994	-3528	-101	-312	-388	37	125	14	2395	11975	2395	84991597
-16844	1224	-3529	-193	-183	-386	39	123	13	2396	11980	2396	84991617
-16774	1412	-3571	-198	-57	-365	40	124	14	2397	11985	2397	84991617
-16699	1538	-3548	-131	51	-346	41	125	15	2398	11990	2398	84991617
-16587	1563	-3552	68	165	-334	41	125	15	2399	11995	2399	84991618
-16502	1532	-3657	299	222	-321	42	124	14	2400	12000	2400	84991618
-16494	1424	-3675	370	135	-285	42	125	13	2401	12005	2401	84991618
-16555	1253	-3620	437	84	-240	42	126	12	2402	12010	2402	84991644
-16591	1123	-3426	576	146	-207	41	125	14	2403	12015	2403	84991691
-16536	1023	-3249	765	235	-188	41	125	15	2404	12020	2404	84991711
-16431	963	-3239	848	289	-171	42	125	15	2405	12025	2405	84991711
-16358	956	-3255	765	298	-158	43	125	15	2406	12030	2406	84991712
-16285	952	-3224	656	280	-150	41	127	16	2407	12035	2407	84991712
-16307	1009	-3317	560	248	-137	39	129	17	2408	12040	2408	84991712
-16374	1100	-3362	438	236	-120	43	128	18	2409	12045	2409	84991713
-16394	1147	-3353	315	265	-96	44	128	18	2410	12050	2410	84991724
-16385	1151	-3294	267	303	-66	42	128	12	2411	12055	2411	84991727
-16377	1217	-3304	295	282	-28	42	128	10	2412	12060	2412	84991728
-16430	1202	-3337	360	241	17	39	125	8	2413	12065	2413	84991728
-16463	1260	-3352	386	255	53	38	124	8	2414	12070	2414	84991728
-16471	1263	-3413	305	275	105	39	118	10	2415	12075	2415	84991728
-16661	1281	-3423	262	289	153	39	117	11	2416	12080	2416	84991728
-16800	1134	-3360	342	303	209	42	120	8	2417	12085	2417	84991728
-16816	968	-3190	568	327	235	42	120	8	2418	12090	2418	84991728
-16646	792	-3106	745	367	246	40	122	14	2419	12095	2419	84991728
-16668	606	-2902	793	343	230	40	122	14	2420	12100	2420	84991728
-16668	482	-3148	711	286	212	44	122	14	2421	12105	2421	84991728
-16722	396	-3460	384	217	182	44	122	14	2422	12110	2422	84991740
-16756	306	-3656	-54	159	176	48	128	16	2423	12115	2423	84991740
-16576	358	-3388	-225	158	160	48	128	16	2424	12120	2424	84991740
-16478	434	-3189	-182	187	107	42	116	12	2425	12125	2425	84991753
-16322	518	-3119	-176	159	69	42	117	13	2426	12130	2426	84991769
-16271	605	-3114	-237	99	40	40	122	18	2427	12135	2427	84991769
-16253	744	-3156	-354	60	22	39	122	17	2428	12140	2428	84991769
-16220	872	-3230	-483	70	20	36	120	14	2429	12145	2429	84991770
-16200	1069	-3206	-574	98	42	36	121	13	2430	12150	2430	84991770
-16219	1258	-3220	-608	129	88	36	124	10	2431	12155	2431	84991770
-16240	1354	-3193	-564	129	139	37	124	11	2432	12160	2432	84991772
-16331	1486	-3257	-463	122	192	43	123	15	2433	12165	2433	84991786
-16400	1439	-3384	-303	114	264	44	125	14	2434	12170	2434	84991808
-16450	1318	-3441	-116	102	324	45	129	13	2435	12175	2435	84991809
-16518	1138	-3480	31	89	369	46	127	13	2436	12180	2436	84991810
-16576	976	-3446	79	81	386	47	125	13	2437	12185	2437	84991811
-16614	852	-3420	52	68	374	43	126	13	2438	12190	2438	84991812
-16644	742	-3367	-21	44	353	37	127	13	2439	12195	2439	84991813
-16620	642	-3338	-100	-1	336	38	125	12	2440	12200	2440	84991815
-16559	771	-3391	-176	-58	336	39	123	11	2441	12205	2441	84991832
-16528	960	-3307	-312	-95	352	39	123	9	2442	12210	2442	84991847
-16510	1123	-3268	-486	-121	365	39	123	7	2443	12215	2443	84991848
-16504	1238	-3208	-601	-140	384	37	122	11	2444	12220	2444	84991848
-16509	1282	-3119	-593	-154	409	35	121	13	2445	12225	2445	84991848
-16493	1309	-3124	-504	-141	426	39	124	16	2446	12230	2446	84991848
-16490	1345	-3158	-424	-137	438	42	126	18	2447	12235	2447	84991849
-16436	1374	-3224	-360	-159	451	41	125	15	2448	12240	2448	84991854
-16408	1262	-3286	-329	-178	463	41	125	13	2449	12245	2449	84991873
-16378	1106	-3255	-337	-186	470	37	124	15	2450	12250	2450	84991884
-16409	1101	-3312	-244	-215	461	35	123	15	2451	12255	2451	84991884
-16458	1080	-3463	-235	-269	447	40	125	9	2452	12260	2452	84991884
-16513	967	-3640	-387	-341	447	41	125	7	2453	12265	2453	84991884
-16545	927	-3534	-445	-388	424	41	125	10	2454	12270	2454	84991884
-16512	807	-3356	-376	-385	412	41	125	11	2455	12275	2455	84991885
-16438	647	-3331	-376	-344	382	43	126	9	2456	12280	2456	84991907
-16379	537	-3321	-577	-384	348	44	126	8	2457	12285	2457	84991915
-16294	390	-3304	-913	-565	312	47	121	11	2458	12290	2458	84991916
-16376	386	-3138	-1114	-695	275	47	121	11	2459	12295	2459	84991916
-16378	490	-2876	-1203	-742	220	37	121	13	2460	12300	2460	84991917
-16356	670	-2946	-1291	-721	181	37	121	13	2461	12305	2461	84991917
-16128	898	-2996	-1427	-712	152	39	123	9	2462	12310	2462	84991917
-16244	1200	-3028	-1562	-713	133	39	123	9	2463	12315	2463	84991917
-16326	1472	-3168	-1553	-730	143	41	119	15	2464	12320	2464	84991936
-16298	1684	-3266	-1413	-709	158	41	119	15	2465	12325	2465	84991947
-16312	1762	-3342	-1228	-682	196	43	123	21	2466	12330	2466	84991947
-16269	1796	-3297	-941	-686	235	43	124	19	2467	12335	2467	84991947
-16362	1780	-3400	-705	-681	281	45	127	11	2468	12340	2468	84991947
-16399	1773	-3355	-578	-665	338	43	126	11	2469	12345	2469	84991947
-16532	1729	-3374	-497	-640	389	34	122	12	2470	12350	2470	84991948
-16599	1648	-3354	-353	-583	429	36	123	11	2471	12355	2471	84991953
-16580	1577	-3309	-242	-544	462	43	129	9	2472	12360	2472	84991979
-16576	1496	-3306	-221	-540	495	41	128	10	2473	12365	2473	84991994
-16555	1374	-3239	-227	-585	505	34	122	12	2474	12370	2474	84991994
-16580	1323	-3186	-259	-611	502	35	125	13	2475	12375	2475	84991994
-16564	1398	-3191	-313	-603	503	39	133	17	2476	12380	2476	84991994
-16533	1553	-3186	-363	-596	514	39	131	13	2477	12385	2477	84992000
-16544	1617	-3185	-425	-590	534	38	128	8	2478	12390	2478	84992019
-16563	1680	-3163	-424	-552	543	35	128	9	2479	12395	2479	84992036
-16561	1740	-3086	-331	-512	551	30	128	10	2480	12400	2480	84992036
-16494	1774	-3200	-237	-509	566	34	125	10	2481	12405	2481	84992036
-16446	1781	-3300	-242	-536	585	41	121	11	2482	12410	2482	84992040
-16466	1767	-3261	-262	-616	615	43	122	13	2483	12415	2483	84992057
-16511	1741	-3232	-89	-726	640	44	122	14	2484	12420	2484	84992066
-16531	1661	-3130	122	-745	646	42	126	13	2485	12425	2485	84992066
-16536	1587	-3137	272	-718	633	40	128	12	2486	12430	2486	84992066
-16502	1477	-3203	327	-713	615	41	126	12	2487	12435	2487	84992066
-16536	1302	-3244	255	-697	596	42	124	12	2488	12440	2488	84992066
-16540	1212	-3268	182	-660	566	39	126	13	2489	12445	2489	84992066
-16484	1174	-3164	154	-660	542	37	127	13	2490	12450	2490	84992066
-16406	1236	-3050	109	-679	522	40	124	14	2491	12455	2491	84992066
-16391	1334	-3056	39	-675	477	42	122	14	2492	12460	2492	84992073
-16409	1329	-3106	-6	-682	447	42	127	14	2493	12465	2493	84992109
-16452	1362	-3233	-91	-682	421	42	128	14	2494	12470	2494	84992118
-16449	1428	-3260	-228	-663	414	39	125	14	2495	12475	2495	84992119
-16484	1442	-3158	-271	-600	401	38	124	14	2496	12480	2496	84992119
-16411	1540	-3143	-205	-559	381	37	125	12	2497	12485	2497	84992119
-16388	1559	-3221	-138	-566	382	37	125	11	2498	12490	2498	84992119
-16415	1555	-3298	-108	-600	393	41	126	9	2499	12495	2499	84992120
-16496	1508	-3292	-80	-613	407	42	126	8	2500	12500	2500	84992129
-16462	1578	-3180	-26	-591	422	40	132	14	2501	12505	2501	84992156
-16416	1528	-3150	1	-534	429	40	132	14	2502	12510	2502	84992156
-16438	1566	-3198	-52	-488	440	40	128	22	2503	12515	2503	84992156
-16332	1768	-3336	-94	-489	445	40	128	22	2504	12520	2504	84992156
-16414	1730	-3338	-83	-497	470	42	126	14	2505	12525	2505	84992156
-16506	1758	-3438	-44	-464	469	42	126	14	2506	12530	2506	84992156
-16474	1772	-3260	1	-510	486	35	125	11	2507	12535	2507	84992156
-16532	1698	-3212	97	-574	505	35	125	11	2508	12540	2508	84992156
-16567	1576	-3254	225	-522	474	38	128	14	2509	12545	2509	84992156
-16552	1526	-3168	298	-399	434	38	127	14	2510	12550	2510	84992158
-16538	1390	-3150	388	-286	401	40	124	12	2511	12555	2511	84992171
-16517	1286	-3215	426	-252	363	40	125	13	2512	12560	2512	84992193
-16569	1230	-3383	296	-309	320	39	131	15	2513	12565	2513	84992193
