-16154	-3776	-360	34	-174	743	75	151	33	9272	46360	9272	85025975
-16115	-3815	-277	-6	-191	715	75	151	34	9273	46365	9273	85025997
-16160	-3818	-248	-45	-210	693	73	151	39	9274	46370	9274	85025997
-16214	-3734	-317	-72	-233	689	74	152	37	9275	46375	9275	85025997
-16190	-3688	-324	-79	-237	654	76	156	30	9276	46380	9276	85025998
-16221	-3685	-296	-91	-231	619	76	155	30	9277	46385	9277	85025998
-16247	-3673	-286	-129	-224	552	74	150	32	9278	46390	9278	85025999
-16328	-3666	-260	-135	-202	490	74	151	32	9279	46395	9279	85026001
-16303	-3632	-235	-131	-204	440	76	156	30	9280	46400	9280	85026015
-16367	-3515	-272	-102	-231	391	78	155	30	9281	46405	9281	85026034
-16423	-3405	-238	-29	-249	360	80	154	30	9282	46410	9282	85026034
-16462	-3376	-196	55	-236	341	75	152	29	9283	46415	9283	85026034
-16480	-3390	-168	134	-190	317	68	150	28	9284	46420	9284	85026035
-16494	-3381	-150	229	-139	292	71	151	30	9285	46425	9285	85026035
-16425	-3376	-162	329	-110	285	76	152	32	9286	46430	9286	85026035
-16345	-3463	-130	397	-98	308	76	153	32	9287	46435	9287	85026050
-16360	-3494	-76	462	-94	342	76	154	32	9288	46440	9288	85026072
-16445	-3527	-110	535	-104	368	77	153	31	9289	46445	9289	85026074
-16423	-3555	-154	568	-102	361	77	151	29	9290	46450	9290	85026075
-16384	-3546	-148	570	-83	324	76	153	31	9291	46455	9291	85026076
-16375	-3573	-108	555	-77	290	75	155	33	9292	46460	9292	85026077
-16426	-3599	6	512	-89	268	75	157	32	9293	46465	9293	85026078
-16491	-3567	48	439	-121	234	75	159	31	9294	46470	9294	85026080
-16548	-3545	28	352	-150	207	76	160	29	9295	46475	9295	85026095
-16586	-3519	29	243	-158	185	77	161	27	9296	46480	9296	85026109
-16581	-3434	34	82	-136	157	74	160	28	9297	46485	9297	85026109
-16479	-3313	4	-104	-102	162	71	159	29	9298	46490	9298	85026110
-16381	-3224	18	-263	-97	205	71	154	30	9299	46495	9299	85026110
-16300	-3231	-40	-393	-127	278	71	151	31	9300	46500	9300	85026110
-16240	-3270	-54	-511	-185	387	73	154	32	9301	46505	9301	85026110
-16194	-3353	-42	-653	-267	508	74	156	32	9302	46510	9302	85026115
-16176	-3488	-92	-812	-338	618	74	155	36	9303	46515	9303	85026136
-16143	-3535	-174	-963	-386	693	74	154	38	9304	46520	9304	85026148
-16035	-3623	-260	-1110	-427	747	75	153	37	9305	46525	9305	85026148
-15945	-3664	-217	-1197	-460	802	75	153	37	9306	46530	9306	85026148
-15972	-3741	-282	-1260	-505	861	71	151	38	9307	46535	9307	85026148
-15937	-3832	-280	-1305	-559	927	70	150	38	9308	46540	9308	85026148
-15873	-3829	-309	-1339	-613	951	75	153	35	9309	46545	9309	85026148
-15833	-3816	-225	-1356	-655	963	76	154	34	9310	46550	9310	85026178
-15796	-3804	-119	-1352	-675	974	76	156	34	9311	46555	9311	85026186
-15842	-3856	-256	-1356	-719	973	76	156	34	9312	46560	9312	85026186
-15821	-3806	-198	-1317	-747	944	77	158	36	9313	46565	9313	85026186
-15818	-3842	-74	-1205	-766	948	77	159	37	9314	46570	9314	85026186
-15862	-3956	30	-1052	-776	930	77	157	35	9315	46575	9315	85026186
-15862	-3972	92	-919	-803	923	77	157	35	9316	46580	9316	85026186
-15890	-4098	98	-717	-810	856	72	156	32	9317	46585	9317	85026226
-15874	-4112	130	-532	-782	805	72	156	32	9318	46590	9318	85026267
-15902	-4254	186	-321	-784	781	74	156	36	9319	46595	9319	85026269
-15942	-4442	188	-180	-805	796	74	156	36	9320	46600	9320	85026271
-16006	-4573	122	-42	-789	750	76	158	33	9321	46605	9321	85026273
-16030	-4652	-134	155	-731	624	76	158	32	9322	46610	9322	85026274
-16076	-4606	-220	357	-663	512	77	151	37	9323	46615	9323	85026274
-16052	-4698	-304	602	-592	418	77	151	37	9324	46620	9324	85026275
-16164	-4818	-434	894	-553	314	71	157	37	9325	46625	9325	85026299
-16180	-4836	-412	1279	-510	207	71	157	37	9326	46630	9326	85026299
-16220	-4876	-412	1748	-453	53	76	154	34	9327	46635	9327	85026299
-16234	-5004	-442	2205	-304	-113	76	154	34	9328	46640	9328	85026299
-16228	-5204	-354	2649	-148	-325	72	154	34	9329	46645	9329	85026299
-16312	-5470	-202	3123	-44	-523	72	154	34	9330	46650	9330	85026299
-16413	-5865	-95	3661	37	-705	73	155	37	9331	46655	9331	85026299
-16452	-6274	-96	3991	99	-886	73	155	37	9332	46660	9332	85026299
-16426	-6733	0	4200	183	-1100	75	155	37	9333	46665	9333	85026299
-16248	-7188	48	4339	238	-1340	76	156	37	9334	46670	9334	85026299
-16083	-7595	-104	4401	232	-1611	78	158	36	9335	46675	9335	85026299
-16044	-8025	-376	4380	188	-1948	77	157	37	9336	46680	9336	85026300
-16000	-8590	-529	4261	114	-2286	74	154	42	9337	46685	9337	85026302
-16035	-9271	-980	4007	5	-2540	75	155	40	9338	46690	9338	85026309
-16241	-9883	-1526	3574	-132	-2850	78	156	34	9339	46695	9339	85026309
-16365	-10377	-1868	3051	-290	-3083	76	154	37	9340	46700	9340	85026326
-16449	-10810	-2135	2323	-448	-3280	72	152	42	9341	46705	9341	85026352
-16502	-11150	-2430	1593	-442	-3654	73	152	40	9342	46710	9342	85026352
-16504	-11496	-2652	929	-362	-4140	74	152	36	9343	46715	9343	85026353
-16486	-11776	-2738	261	-363	-4635	75	152	37	9344	46720	9344	85026353
-16523	-12009	-2738	-287	-417	-5103	77	153	39	9345	46725	9345	85026353
-16644	-12328	-2661	-672	-454	-5563	77	152	39	9346	46730	9346	85026353
-16775	-12686	-2492	-981	-396	-6131	77	149	37	9347	46735	9347	85026355
-16842	-12898	-2432	-1272	-306	-6827	79	152	39	9348	46740	9348	85026372
-16853	-13059	-2468	-1469	-256	-7404	81	157	43	9349	46745	9349	85026390
-16870	-13154	-2473	-1602	-161	-8042	81	152	41	9350	46750	9350	85026390
-16891	-13259	-2499	-1695	-17	-8744	81	145	39	9351	46755	9351	85026390
-16942	-13464	-2561	-1756	123	-9472	79	146	38	9352	46760	9352	85026391
-17089	-13792	-2486	-1744	223	-10201	76	148	36	9353	46765	9353	85026391
-17289	-14232	-2537	-1623	298	-10897	78	147	36	9354	46770	9354	85026391
-17534	-14679	-2740	-1409	370	-11592	81	145	35	9355	46775	9355	85026392
-17807	-15125	-3056	-1214	478	-12203	83	143	37	9356	46780	9356	85026392
-18033	-15452	-3273	-1140	626	-12794	84	142	38	9357	46785	9357	85026392
-18154	-15752	-3474	-1131	782	-13446	86	141	35	9358	46790	9358	85026407
-18240	-15944	-3595	-1126	942	-14171	87	141	33	9359	46795	9359	85026427
-18425	-16035	-3705	-1035	1122	-14937	87	142	34	9360	46800	9360	85026434
-18648	-16068	-3709	-831	1348	-15696	87	143	35	9361	46805	9361	85026434
-18751	-16026	-3618	-555	1629	-16427	92	139	35	9362	46810	9362	85026435
-18785	-16021	-3453	-253	1926	-17148	95	137	35	9363	46815	9363	85026435
-18862	-16051	-3149	106	2228	-17964	90	133	37	9364	46820	9364	85026435
-18906	-16174	-2850	448	2468	-18645	88	132	38	9365	46825	9365	85026435
-19024	-16380	-2402	781	2700	-19319	90	132	38	9366	46830	9366	85026469
-19202	-16514	-2085	1091	2932	-20025	90	132	38	9367	46835	9367	85026494
-19403	-16602	-1766	1434	3219	-20729	94	128	32	9368	46840	9368	85026502
-19452	-16628	-1478	1758	3535	-21321	95	127	31	9369	46845	9369	85026503
-19517	-16691	-1190	1924	3782	-21756	97	126	30	9370	46850	9370	85026503
-19598	-16723	-904	2155	4016	-22309	98	126	30	9371	46855	9371	85026503
-19560	-16813	-706	2636	4229	-23111	100	122	34	9372	46860	9372	85026503
-20002	-16781	-420	3252	4404	-23838	101	121	35	9373	46865	9373	85026503
-19872	-17435	-796	4008	4568	-24252	101	119	35	9374	46870	9374	85026504
-19604	-17951	-751	3968	4451	-24183	101	119	35	9375	46875	9375	85026504
-19776	-18140	-626	4103	4462	-24957	101	114	32	9376	46880	9376	85026511
-19893	-18459	-1034	4491	4460	-25785	101	113	31	9377	46885	9377	85026513
-19714	-18951	-1128	4347	4230	-26105	103	110	34	9378	46890	9378	85026513
-19648	-19469	-1030	4187	4083	-26738	103	109	35	9379	46895	9379	85026513
-19782	-19994	-1011	4268	3962	-27566	106	106	37	9380	46900	9380	85026513
-20148	-20306	-946	4123	3662	-28400	107	105	37	9381	46905	9381	85026513
-20376	-20456	-914	4025	3376	-28821	108	96	34	9382	46910	9382	85026514
-20626	-20512	-732	3859	3197	-29186	108	96	34	9383	46915	9383	85026540
-20814	-20576	-566	3666	3032	-29841	109	89	35	9384	46920	9384	85026551
-20962	-20688	-336	3434	2794	-30675	109	89	35	9385	46925	9385	85026551
-20942	-20814	-196	3121	2440	-31524	107	81	29	9386	46930	9386	85026551
-20842	-21078	-136	2700	2053	-32353	107	81	29	9387	46935	9387	85026551
-20710	-21488	50	2107	1748	-32768	111	83	39	9388	46940	9388	85026551
-20780	-21953	271	1310	1411	-32768	111	82	38	9389	46945	9389	85026553
-20827	-22108	418	712	1082	-32768	110	78	34	9390	46950	9390	85026566
-20835	-22185	300	167	735	-32768	111	77	33	9391	46955	9391	85026588
-20704	-22427	215	-500	484	-32768	117	71	31	9392	46960	9392	85026589
-20450	-22737	161	-1263	299	-32768	118	69	31	9393	46965	9393	85026589
-20337	-23182	219	-1818	66	-32768	121	61	31	9394	46970	9394	85026589
-20349	-23417	117	-2178	-126	-32768	120	60	31	9395	46975	9395	85026592
-20384	-23434	114	-2509	-194	-32768	113	53	33	9396	46980	9396	85026599
-20709	-23046	344	-2940	-159	-32768	115	52	31	9397	46985	9397	85026599
-21049	-22644	490	-3094	-196	-32768	121	47	25	9398	46990	9398	85026604
-20810	-22386	622	-3063	-334	-32768	120	44	27	9399	46995	9399	85026626
-20178	-22541	753	-3053	-453	-32768	118	34	34	9400	47000	9400	85026626
-19956	-22536	849	-3316	-599	-32768	118	33	33	9401	47005	9401	85026626
-19848	-22416	891	-3671	-706	-32768	117	27	27	9402	47010	9402	85026626
-19905	-22015	852	-4069	-792	-32768	118	27	27	9403	47015	9403	85026626
-19919	-21634	837	-4428	-969	-32768	120	28	28	9404	47020	9404	85026626
-19523	-21266	675	-4584	-1143	-32768	120	25	26	9405	47025	9405	85026635
-18544	-21321	581	-4723	-1456	-32768	118	14	20	9406	47030	9406	85026663
-17548	-21853	705	-4977	-1667	-32768	114	13	20	9407	47035	9407	85026663
-16965	-22334	917	-5197	-1784	-32768	109	11	21	9408	47040	9408	85026663
-16730	-22537	927	-5413	-1901	-32768	111	4	21	9409	47045	9409	85026663
-16546	-22558	959	-5749	-1946	-32768	114	-6	20	9410	47050	9410	85026663
-16508	-22359	1046	-6055	-1786	-32768	112	-10	20	9411	47055	9411	85026663
-16198	-21911	1071	-6318	-1541	-32768	109	-17	21	9412	47060	9412	85026664
-15688	-20874	1038	-6734	-1533	-32768	109	-18	19	9413	47065	9413	85026675
-15891	-19611	968	-7328	-1692	-32768	108	-20	16	9414	47070	9414	85026696
-15071	-19050	874	-7870	-1432	-32768	104	-25	14	9415	47075	9415	85026701
-13639	-18055	767	-8573	-1112	-32768	102	-28	12	9416	47080	9416	85026701
-13014	-16845	505	-9501	-1009	-32768	102	-33	11	9417	47085	9417	85026701
-12573	-15792	306	-10573	-791	-32768	102	-36	10	9418	47090	9418	85026701
-11792	-14897	321	-11377	-551	-32768	95	-40	10	9419	47095	9419	85026701
-11092	-14632	61	-11693	-485	-32768	90	-42	10	9420	47100	9420	85026706
-10301	-14631	-350	-12035	-443	-32768	90	-46	7	9421	47105	9421	85026723
-9511	-14737	-408	-12715	-431	-32768	89	-51	3	9422	47110	9422	85026742
-8576	-15188	-369	-12938	-637	-32768	82	-53	2	9423	47115	9423	85026742
-8664	-15464	-156	-13083	-865	-32768	78	-54	2	9424	47120	9424	85026742
-9244	-15832	678	-12915	-1103	-32768	73	-62	0	9425	47125	9425	85026742
-9558	-16300	284	-11304	-1994	-32768	69	-67	-1	9426	47130	9426	85026742
-9456	-15948	-424	-10903	-2017	-32768	68	-70	2	9427	47135	9427	85026742
-9117	-14680	-156	-12724	-754	-32768	68	-72	4	9428	47140	9428	85026747
-8631	-13275	208	-13957	330	-32768	65	-75	1	9429	47145	9429	85026767
-7958	-11864	213	-14017	685	-32768	63	-77	-1	9430	47150	9430	85026778
-7852	-11128	361	-13497	521	-32768	50	-87	1	9431	47155	9431	85026779
-7542	-10664	297	-12655	271	-32768	47	-89	1	9432	47160	9432	85026779
-6995	-10738	488	-12677	426	-32768	47	-86	-5	9433	47165	9433	85026779
-6614	-10178	718	-13362	610	-32768	47	-85	-7	9434	47170	9434	85026779
-6231	-9321	898	-13446	994	-32768	41	-96	-9	9435	47175	9435	85026780
-5614	-8715	815	-12728	1270	-32768	39	-99	-9	9436	47180	9436	85026801
-4635	-8229	679	-12070	1422	-32768	29	-99	-11	9437	47185	9437	85026814
-3598	-8046	502	-11858	1521	-32768	27	-99	-11	9438	47190	9438	85026816
-2716	-8004	766	-11382	1632	-32768	22	-104	-6	9439	47195	9439	85026816
-2282	-7764	490	-9929	1642	-32768	22	-104	-6	9440	47200	9440	85026816
-1968	-7168	170	-8279	1361	-32768	18	-104	-10	9441	47205	9441	85026816
-1656	-6600	-494	-7239	1198	-32768	18	-104	-10	9442	47210	9442	85026816
-1322	-5822	-752	-6831	1349	-32768	12	-104	-12	9443	47215	9443	85026816
-872	-4950	-708	-6638	1547	-32768	12	-104	-12	9444	47220	9444	85026858
-390	-4390	-592	-6095	1691	-32768	-2	-104	-8	9445	47225	9445	85026858
-162	-4182	-432	-5470	1646	-32768	-2	-104	-8	9446	47230	9446	85026858
-142	-3982	-162	-4400	1370	-32768	-9	-107	-7	9447	47235	9447	85026858
-432	-3796	-292	-3289	1039	-32768	-9	-107	-7	9448	47240	9448	85026858
-650	-3780	-546	-2475	596	-32768	-21	-115	-11	9449	47245	9449	85026858
-654	-3954	-1004	-2354	334	-32768	-21	-115	-11	9450	47250	9450	85026858
-404	-4020	-1050	-2812	424	-32768	-27	-113	-9	9451	47255	9451	85026870
180	-3916	-792	-3399	659	-32768	-27	-113	-9	9452	47260	9452	85026895
820	-3676	-536	-3915	855	-32768	-28	-116	-16	9453	47265	9453	85026895
1602	-3172	-700	-4388	1059	-32768	-28	-116	-16	9454	47270	9454	85026895
2120	-2766	-896	-4673	1432	-32541	-33	-111	-17	9455	47275	9455	85026895
2815	-2475	-757	-4847	1985	-32112	-36	-111	-16	9456	47280	9456	85026896
3451	-2292	-890	-5103	2146	-31604	-47	-111	-11	9457	47285	9457	85026906
3948	-2229	-753	-5345	2187	-30978	-46	-111	-11	9458	47290	9458	85026944
4372	-2219	-376	-5442	1937	-30324	-44	-112	-10	9459	47295	9459	85026944
4717	-1845	-664	-5368	1424	-29675	-45	-112	-10	9460	47300	9460	85026946
4827	-1345	-1170	-5381	945	-29071	-48	-110	-8	9461	47305	9461	85026946
4791	-783	-1397	-5672	553	-28534	-50	-110	-8	9462	47310	9462	85026947
4536	-53	-1550	-5817	289	-28134	-58	-108	-10	9463	47315	9463	85026947
4367	613	-2291	-5503	124	-27808	-59	-108	-12	9464	47320	9464	85026947
4452	824	-2572	-5546	-71	-27528	-61	-109	-15	9465	47325	9465	85026948
4728	747	-2645	-5842	-117	-27262	-64	-108	-14	9466	47330	9466	85026950
5165	710	-2796	-6086	163	-26982	-69	-107	-13	9467	47335	9467	85026964
5687	701	-2753	-6308	573	-26666	-70	-106	-13	9468	47340	9468	85026981
6224	815	-2586	-6361	1026	-26397	-72	-104	-12	9469	47345	9469	85026981
6610	1143	-2351	-6261	1479	-26183	-74	-104	-12	9470	47350	9470	85026981
6960	1494	-2096	-6165	1833	-25910	-79	-105	-11	9471	47355	9471	85026981
7518	1806	-1892	-6182	2137	-25381	-81	-105	-11	9472	47360	9472	85026981
8166	1908	-1733	-6375	2376	-24659	-85	-105	-11	9473	47365	9473	85026981
8827	1983	-1810	-6526	2426	-23987	-83	-104	-9	9474	47370	9474	85026981
9455	2198	-2038	-6691	2306	-23331	-81	-103	-7	9475	47375	9475	85026981
9917	2437	-2287	-6960	2045	-22700	-84	-101	-4	9476	47380	9476	85026981
10215	2858	-2514	-7050	1710	-22112	-88	-98	0	9477	47385	9477	85026993
10340	3437	-2904	-6917	1245	-21542	-91	-99	-3	9478	47390	9478	85027014
10271	4069	-3248	-6748	591	-20844	-96	-100	-8	9479	47395	9479	85027018
10041	4795	-3518	-6262	105	-19955	-97	-99	-8	9480	47400	9480	85027018
9840	5647	-4244	-5787	-81	-19151	-98	-98	-8	9481	47405	9481	85027018
9930	6608	-4970	-5596	-61	-18600	-103	-95	-9	9482	47410	9482	85027018
10226	7480	-5148	-5523	235	-18266	-107	-93	-9	9483	47415	9483	85027018
10635	8056	-5159	-5401	644	-18029	-106	-93	-9	9484	47420	9484	85027023
11171	8164	-5223	-5059	1063	-17744	-105	-93	-9	9485	47425	9485	85027052
11754	8019	-5026	-4548	1511	-17371	-106	-87	-9	9486	47430	9486	85027069
12282	7871	-4518	-4010	1948	-16864	-107	-83	-9	9487	47435	9487	85027071
12615	7976	-3883	-3511	2305	-16291	-105	-84	-7	9488	47440	9488	85027071
12867	8348	-3241	-2921	2607	-15589	-104	-84	-6	9489	47445	9489	85027072
13042	8830	-2882	-2444	2835	-15082	-113	-85	-5	9490	47450	9490	85027072
12960	9446	-2331	-2044	2871	-14703	-115	-85	-5	9491	47455	9491	85027072
13065	9800	-1902	-1353	2729	-14069	-114	-83	-6	9492	47460	9492	85027090
13548	9680	-1812	-607	2736	-13239	-114	-82	-6	9493	47465	9493	85027096
14118	9258	-1304	-313	2613	-12561	-120	-81	-2	9494	47470	9494	85027096
14719	8771	-1437	-199	2085	-11997	-121	-81	-1	9495	47475	9495	85027096
15218	8116	-1559	-183	1120	-11311	-123	-78	-3	9496	47480	9496	85027096
15375	7261	-2100	73	-224	-10316	-124	-76	-4	9497	47485	9497	85027096
15032	7009	-2935	540	-1173	-9362	-121	-82	-1	9498	47490	9498	85027096
14374	7011	-3661	820	-1706	-8563	-120	-84	0	9499	47495	9499	85027103
13761	7264	-4450	995	-1873	-7866	-121	-78	1	9500	47500	9500	85027127
13370	7606	-5185	1157	-1676	-7264	-121	-77	1	9501	47505	9501	85027134
13310	8014	-5632	1240	-1184	-6711	-122	-75	-8	9502	47510	9502	85027138
13670	8455	-5799	1179	-639	-6164	-122	-74	-10	9503	47515	9503	85027140
14128	8646	-5667	1207	-158	-5620	-123	-76	-4	9504	47520	9504	85027140
14583	8682	-5143	1554	188	-5080	-123	-77	-3	9505	47525	9505	85027140
14990	8532	-4604	2085	337	-4441	-122	-74	-6	9506	47530	9506	85027140
15028	8392	-3984	2364	236	-3908	-122	-74	-6	9507	47535	9507	85027148
14896	8150	-3384	2611	9	-3406	-122	-76	-4	9508	47540	9508	85027170
14756	7888	-3034	2931	-256	-2969	-122	-76	-4	9509	47545	9509	85027171
14544	7898	-2916	2981	-526	-2720	-130	-80	0	9510	47550	9510	85027171
14390	7938	-2936	2782	-756	-2609	-130	-80	0	9511	47555	9511	85027171
14404	8068	-3082	2531	-902	-2508	-133	-77	1	9512	47560	9512	85027171
14386	8190	-3446	2208	-1042	-2374	-133	-77	1	9513	47565	9513	85027171
14465	7898	-3716	1637	-1295	-2152	-131	-79	-9	9514	47570	9514	85027174
14411	7619	-3888	1333	-1563	-1978	-130	-78	-7	9515	47575	9515	85027192
14339	7358	-4165	1118	-1793	-1832	-125	-75	-1	9516	47580	9516	85027208
14303	7005	-4440	602	-1971	-1725	-125	-75	-2	9517	47585	9517	85027208
14226	6672	-4628	-13	-2061	-1583	-125	-73	-5	9518	47590	9518	85027208
14132	6322	-4701	-561	-2067	-1382	-125	-73	-4	9519	47595	9519	85027208
14012	6064	-4534	-1069	-2064	-1168	-127	-73	-1	9520	47600	9520	85027208
13784	5992	-4206	-1502	-2079	-888	-127	-73	-1	9521	47605	9521	85027208
13644	6389	-4378	-1583	-1976	-607	-126	-74	-4	9522	47610	9522	85027223
13390	6972	-4951	-1530	-1669	-513	-128	-73	-4	9523	47615	9523	85027246
13196	7462	-5257	-1168	-1200	-428	-135	-71	-3	9524	47620	9524	85027246
13201	7446	-5402	-333	-776	-197	-134	-72	-4	9525	47625	9525	85027247
13432	6768	-5598	476	-513	64	-130	-78	-10	9526	47630	9526	85027247
13606	5932	-5534	894	-413	204	-130	-78	-10	9527	47635	9527	85027247
13612	5165	-5584	1239	-338	309	-130	-80	-8	9528	47640	9528	85027247
13667	4619	-5638	1452	-149	423	-128	-78	-9	9529	47645	9529	85027253
13633	4366	-5481	1247	134	513	-122	-72	-12	9530	47650	9530	85027276
13678	4259	-5330	651	357	561	-124	-74	-11	9531	47655	9531	85027283
13866	4087	-5260	25	347	599	-128	-76	-10	9532	47660	9532	85027283
14078	3936	-4977	-564	155	638	-126	-74	-9	9533	47665	9533	85027283
14250	3812	-4698	-907	-98	686	-124	-72	-8	9534	47670	9534	85027283
14346	3770	-4593	-1089	-316	710	-126	-75	-7	9535	47675	9535	85027283
14333	3867	-4521	-1316	-475	685	-128	-80	-6	9536	47680	9536	85027283
14263	4074	-4399	-1557	-595	646	-126	-78	-6	9537	47685	9537	85027294
14197	4148	-4324	-1707	-690	620	-123	-75	-7	9538	47690	9538	85027314
14156	4150	-4265	-1759	-723	556	-124	-74	-9	9539	47695	9539	85027320
14133	4166	-4275	-1781	-682	454	-124	-72	-10	9540	47700	9540	85027320
14107	4182	-4294	-1776	-615	363	-126	-74	-11	9541	47705	9541	85027320
14144	4226	-4304	-1729	-519	286	-128	-76	-12	9542	47710	9542	85027321
14200	4285	-4352	-1714	-391	205	-129	-73	-5	9543	47715	9543	85027321
14273	4298	-4322	-1758	-282	141	-129	-71	-1	9544	47720	9544	85027328
14398	4344	-4265	-1797	-188	88	-127	-73	-3	9545	47725	9545	85027341
14572	4465	-4272	-1840	-104	36	-125	-77	-7	9546	47730	9546	85027351
14719	4507	-4221	-1949	-61	-10	-128	-75	-7	9547	47735	9547	85027351
14904	4561	-4198	-1950	-82	-14	-130	-72	-6	9548	47740	9548	85027351
15095	4571	-4232	-1860	-178	33	-128	-73	-5	9549	47745	9549	85027351
15230	4538	-4345	-1776	-333	87	-126	-74	-4	9550	47750	9550	85027351
15257	4507	-4380	-1660	-520	141	-124	-72	-2	9551	47755	9551	85027351
15252	4486	-4393	-1373	-702	213	-123	-71	-1	9552	47760	9552	85027373
15152	4478	-4494	-1055	-828	281	-124	-75	-2	9553	47765	9553	85027388
15111	4517	-4444	-869	-913	329	-124	-78	-2	9554	47770	9554	85027389
15061	4646	-4398	-653	-952	360	-126	-74	-8	9555	47775	9555	85027389
14992	4877	-4462	-428	-973	345	-126	-72	-10	9556	47780	9556	85027389
14868	5126	-4386	-285	-972	302	-128	-77	-4	9557	47785	9557	85027390
14813	5214	-4318	-192	-976	266	-128	-78	-2	9558	47790	9558	85027419
14721	5115	-4293	-191	-1002	257	-127	-77	-1	9559	47795	9559	85027426
14681	5000	-4264	-205	-1041	239	-127	-77	-1	9560	47800	9560	85027426
14692	4965	-4237	-270	-1019	185	-125	-76	-2	9561	47805	9561	85027426
14629	4909	-4160	-448	-921	126	-124	-76	-2	9562	47810	9562	85027426
14646	4958	-4136	-744	-758	60	-124	-78	-7	9563	47815	9563	85027426
14730	5172	-4090	-1108	-558	0	-124	-78	-8	9564	47820	9564	85027426
14854	5262	-3940	-1330	-431	-55	-128	-72	-4	9565	47825	9565	85027435
15006	5322	-3852	-1469	-405	-101	-128	-72	-4	9566	47830	9566	85027459
15196	5268	-3794	-1543	-513	-91	-124	-78	-4	9567	47835	9567	85027460
15189	5158	-3727	-1451	-645	-32	-124	-78	-4	9568	47840	9568	85027463
15161	5110	-3810	-1318	-827	66	-127	-76	-10	9569	47845	9569	85027463
15045	5019	-3850	-1204	-981	153	-128	-76	-12	9570	47850	9570	85027463
14892	4923	-3854	-1101	-1095	237	-129	-78	-3	9571	47855	9571	85027463
14678	4794	-3988	-928	-1200	375	-129	-79	-1	9572	47860	9572	85027463
14604	4750	-3918	-796	-1277	461	-124	-78	-2	9573	47865	9573	85027491
14344	4604	-3984	-529	-1345	538	-124	-78	-2	9574	47870	9574	85027544
14238	4628	-4070	-244	-1408	558	-126	-78	-6	9575	47875	9575	85027545
14028	4608	-4142	16	-1464	583	-126	-78	-6	9576	47880	9576	85027546
14078	4590	-4244	297	-1488	612	-131	-77	-7	9577	47885	9577	85027546
13892	4594	-4200	514	-1433	622	-131	-77	-7	9578	47890	9578	85027547
13988	4440	-4208	623	-1347	591	-128	-70	-12	9579	47895	9579	85027548
14028	4504	-4078	616	-1232	559	-128	-70	-12	9580	47900	9580	85027576
14035	4452	-4022	591	-1051	530	-130	-74	-4	9581	47905	9581	85027576
14086	4474	-3918	589	-924	520	-130	-74	-4	9582	47910	9582	85027576
14062	4554	-3785	569	-835	497	-130	-72	-4	9583	47915	9583	85027576
14136	4650	-3768	524	-758	451	-129	-72	-5	9584	47920	9584	85027576
14149	4683	-3740	483	-722	412	-124	-74	-8	9585	47925	9585	85027577
14140	4678	-3752	594	-708	432	-124	-74	-7	9586	47930	9586	85027577
14170	4714	-3863	766	-680	466	-125	-75	-5	9587	47935	9587	85027577
14109	4612	-3962	786	-660	455	-127	-75	-6	9588	47940	9588	85027577
14162	4518	-3964	736	-669	456	-131	-73	-7	9589	47945	9589	85027577
14212	4466	-4036	734	-730	497	-129	-75	-8	9590	47950	9590	85027577
14190	4508	-4226	680	-812	544	-125	-77	-9	9591	47955	9591	85027577
14120	4587	-4425	590	-868	583	-125	-76	-9	9592	47960	9592	85027580
14016	4579	-4557	498	-876	620	-124	-74	-8	9593	47965	9593	85027585
13971	4506	-4627	441	-835	670	-124	-74	-9	9594	47970	9594	85027586
14000	4442	-4684	368	-729	704	-126	-76	-12	9595	47975	9595	85027586
14070	4370	-4794	273	-571	694	-127	-75	-12	9596	47980	9596	85027588
14145	4344	-4753	151	-393	650	-130	-70	-12	9597	47985	9597	85027602
14327	4424	-4636	42	-223	596	-130	-71	-9	9598	47990	9598	85027619
14416	4583	-4626	-29	-133	562	-130	-72	-4	9599	47995	9599	85027619
14536	4719	-4614	-23	-97	552	-128	-73	-6	9600	48000	9600	85027619
14642	4746	-4642	41	-68	531	-125	-75	-9	9601	48005	9601	85027619
14700	4779	-4692	117	-40	487	-126	-75	-7	9602	48010	9602	85027620
14715	4809	-4626	210	-25	462	-128	-76	-4	9603	48015	9603	85027620
14738	4811	-4628	337	-35	459	-126	-75	-4	9604	48020	9604	85027624
14747	4757	-4677	488	-44	450	-124	-74	-4	9605	48025	9605	85027644
14713	4735	-4680	548	-53	435	-129	-72	-5	9606	48030	9606	85027658
14758	4658	-4756	557	-83	425	-133	-71	-5	9607	48035	9607	85027658
14740	4590	-4791	586	-144	445	-125	-73	-7	9608	48040	9608	85027658
14700	4479	-4863	611	-214	466	-120	-74	-8	9609	48045	9609	85027666
14672	4413	-4901	571	-262	461	-125	-76	-7	9610	48050	9610	85027678
14628	4356	-4868	506	-290	443	-128	-78	-6	9611	48055	9611	85027683
14580	4323	-4856	470	-288	425	-129	-75	-4	9612	48060	9612	85027683
14524	4367	-4796	433	-239	393	-129	-73	-3	9613	48065	9613	85027683
14515	4536	-4771	363	-136	321	-126	-73	-8	9614	48070	9614	85027683
14654	4668	-4768	341	-33	223	-125	-73	-9	9615	48075	9615	85027683
14715	4764	-4731	375	36	173	-121	-74	-5	9616	48080	9616	85027684
14780	4788	-4712	398	39	151	-120	-74	-4	9617	48085	9617	85027693
14759	4862	-4695	386	-16	117	-125	-74	-8	9618	48090	9618	85027713
14741	4892	-4629	389	-103	87	-128	-74	-10	9619	48095	9619	85027722
14632	4865	-4613	416	-204	76	-128	-76	-8	9620	48100	9620	85027722
14528	4832	-4641	429	-288	92	-128	-78	-6	9621	48105	9621	85027722
14416	4694	-4598	452	-346	122	-128	-72	-9	9622	48110	9622	85027722
14354	4583	-4761	381	-357	152	-128	-70	-10	9623	48115	9623	85027722
14261	4491	-4715	272	-389	190	-126	-75	-10	9624	48120	9624	85027722
14234	4330	-4689	312	-409	258	-126	-76	-10	9625	48125	9625	85027745
14264	4235	-4645	372	-450	319	-126	-76	-8	9626	48130	9626	85027757
14339	4242	-4717	350	-478	327	-126	-76	-8	9627	48135	9627	85027759
14305	4198	-4770	306	-522	300	-127	-78	-10	9628	48140	9628	85027759
14382	4156	-4751	298	-587	288	-127	-79	-11	9629	48145	9629	85027759
14521	4028	-4757	389	-637	296	-123	-80	-7	9630	48150	9630	85027759
14608	4026	-4846	474	-650	245	-122	-80	-6	9631	48155	9631	85027760
14624	4210	-4820	447	-629	164	-118	-74	-6	9632	48160	9632	85027769
14640	4330	-4856	423	-600	84	-118	-74	-6	9633	48165	9633	85027812
14662	4558	-4838	430	-573	4	-126	-78	-8	9634	48170	9634	85027814
14670	4762	-4922	452	-569	-62	-126	-78	-8	9635	48175	9635	85027815
14638	4900	-4940	458	-575	-86	-126	-76	-12	9636	48180	9636	85027818
14612	5016	-5008	383	-641	-123	-126	-76	-12	9637	48185	9637	85027819
14584	4940	-5096	237	-680	-146	-126	-76	-10	9638	48190	9638	85027820
14558	4877	-5158	22	-730	-132	-125	-77	-11	9639	48195	9639	85027822
14516	4756	-5214	-93	-812	-51	-123	-79	-13	9640	48200	9640	85027825
14439	4638	-5351	-189	-919	56	-124	-79	-12	9641	48205	9641	85027837
14374	4616	-5568	-276	-994	119	-128	-76	-8	9642	48210	9642	85027837
14228	4522	-5716	-360	-1051	200	-128	-76	-8	9643	48215	9643	85027837
14148	4406	-5892	-414	-1074	343	-128	-74	-8	9644	48220	9644	85027837
14006	4226	-5952	-344	-1018	522	-128	-74	-8	9645	48225	9645	85027837
13826	4166	-6008	-172	-842	686	-123	-73	-11	9646	48230	9646	85027837
13617	4190	-5856	167	-398	795	-123	-72	-10	9647	48235	9647	85027839
13493	4149	-5772	326	54	862	-124	-70	-6	9648	48240	9648	85027853
13534	4063	-5614	321	493	951	-124	-71	-7	9649	48245	9649	85027874
13570	4067	-5322	307	938	1036	-126	-74	-10	9650	48250	9650	85027874
13629	4035	-5002	354	1352	1044	-125	-74	-11	9651	48255	9651	85027874
13690	4206	-4948	272	1635	971	-122	-72	-14	9652	48260	9652	85027874
13676	4457	-4802	87	1846	914	-123	-73	-13	9653	48265	9653	85027874
13720	4624	-4643	-91	2066	937	-129	-75	-9	9654	48270	9654	85027874
13739	4717	-4468	-310	2276	999	-129	-76	-10	9655	48275	9655	85027877
13830	4810	-4212	-644	2293	1079	-127	-77	-11	9656	48280	9656	85027896
13847	5010	-4102	-959	2175	1138	-129	-76	-10	9657	48285	9657	85027912
13765	5380	-4209	-1281	2064	1215	-132	-74	-8	9658	48290	9658	85027912
13641	5705	-4264	-1631	1992	1341	-129	-75	-8	9659	48295	9659	85027912
13595	5978	-4284	-1984	1923	1519	-124	-76	-8	9660	48300	9660	85027912
13538	6226	-4313	-2277	1827	1733	-126	-75	-7	9661	48305	9661	85027913
13452	6342	-4224	-2463	1702	1968	-130	-74	-6	9662	48310	9662	85027913
13379	6444	-4156	-2594	1609	2253	-126	-76	-5	9663	48315	9663	85027928
13355	6656	-4154	-2724	1610	2626	-120	-78	-4	9664	48320	9664	85027950
13235	7045	-4060	-2783	1686	2998	-123	-77	-8	9665	48325	9665	85027951
13076	7468	-4028	-2715	1764	3297	-125	-77	-11	9666	48330	9666	85027951
12945	7867	-4066	-2587	1856	3616	-125	-78	-9	9667	48335	9667	85027951
12788	8360	-4001	-2466	1997	4014	-124	-80	-6	9668	48340	9668	85027951
12634	9014	-3938	-2405	2204	4465	-123	-81	-7	9669	48345	9669	85027952
12520	9706	-3874	-2443	2494	4977	-122	-82	-8	9670	48350	9670	85027952
12464	10397	-3618	-2555	2824	5506	-122	-81	-7	9671	48355	9671	85027966
12571	11152	-3239	-2649	3125	6098	-121	-79	-5	9672	48360	9672	85027996
12556	11755	-2732	-2550	3284	6727	-125	-79	-3	9673	48365	9673	85028004
12558	12023	-2476	-2185	3254	7514	-127	-79	-1	9674	48370	9674	85028004
12833	12284	-2293	-1701	3118	8421	-122	-78	-2	9675	48375	9675	85028004
13185	12565	-2140	-1191	3038	9065	-119	-77	-3	9676	48380	9676	85028005
13472	12715	-1887	-656	2870	9448	-121	-79	-1	9677	48385	9677	85028005
13602	12634	-1447	62	2376	9968	-123	-81	1	9678	48390	9678	85028017
13645	12312	-1211	1164	1533	10866	-119	-84	0	9679	48395	9679	85028042
13497	11883	-1232	2527	555	12063	-116	-86	0	9680	48400	9680	85028054
13128	11492	-1291	3522	-23	13074	-118	-87	-1	9681	48405	9681	85028054
12765	11299	-1198	4428	-360	13986	-119	-87	-1	9682	48410	9682	85028054
12555	11294	-1478	5551	-524	14797	-118	-83	-5	9683	48415	9683	85028054
12378	11442	-1580	6691	-631	15688	-118	-82	-6	9684	48420	9684	85028054
12307	11390	-1600	7939	-786	16736	-112	-89	-5	9685	48425	9685	85028054
12312	11179	-1774	9260	-1034	17894	-111	-91	-5	9686	48430	9686	85028055
12260	10754	-1776	10468	-1327	19064	-108	-89	-2	9687	48435	9687	85028055
12152	10214	-1747	11462	-1597	20158	-107	-89	-1	9688	48440	9688	85028084
11958	9416	-1816	12357	-1919	21466	-105	-91	-7	9689	48445	9689	85028091
11562	8766	-1844	12780	-2168	22580	-105	-91	-7	9690	48450	9690	85028092
11249	8351	-1901	12998	-2309	23454	-103	-92	-10	9691	48455	9691	85028092
10949	7996	-2006	13078	-2451	24412	-102	-92	-10	9692	48460	9692	85028092
10524	7562	-2209	12996	-2580	25374	-96	-91	-8	9693	48465	9693	85028092
10229	7083	-2462	12756	-2715	26340	-95	-91	-7	9694	48470	9694	85028092
9909	6463	-2514	12355	-2824	27260	-91	-98	-9	9695	48475	9695	85028092
9527	5812	-2644	11817	-2904	28100	-90	-100	-10	9696	48480	9696	85028092
9172	5124	-2684	10951	-3018	29016	-89	-105	-11	9697	48485	9697	85028092
8902	4596	-2722	10093	-3065	29768	-89	-105	-11	9698	48490	9698	85028092
8606	4018	-2704	9156	-3166	30493	-80	-106	-16	9699	48495	9699	85028134
8388	3556	-2734	8167	-3269	31189	-80	-106	-16	9700	48500	9700	85028135
8138	3340	-2634	7304	-3274	31884	-79	-105	-13	9701	48505	9701	85028135
7780	3150	-2532	6614	-3251	32562	-79	-105	-13	9702	48510	9702	85028136
7510	3008	-2624	6063	-3263	32767	-68	-108	-12	9703	48515	9703	85028136
7100	2662	-2504	5521	-3311	32767	-68	-108	-12	9704	48520	9704	85028137
6766	2382	-2192	5391	-3302	32767	-63	-111	-11	9705	48525	9705	85028137
6366	1957	-1994	5373	-3488	32767	-63	-111	-13	9706	48530	9706	85028141
5959	1591	-1718	5373	-3708	32767	-61	-113	-19	9707	48535	9707	85028157
5517	1255	-1330	5535	-3840	32767	-59	-111	-18	9708	48540	9708	85028165
5060	859	-1005	5970	-3932	32767	-49	-105	-13	9709	48545	9709	85028165
4613	374	-868	6607	-4031	32767	-48	-105	-13	9710	48550	9710	85028166
4055	-296	-780	7182	-4125	32767	-42	-106	-14	9711	48555	9711	85028166
3482	-1080	-624	7592	-4223	32767	-41	-106	-14	9712	48560	9712	85028166
2885	-1852	-495	7948	-4268	32767	-37	-107	-13	9713	48565	9713	85028175
2305	-2528	-601	8336	-4127	32767	-35	-108	-15	9714	48570	9714	85028203
1932	-2981	-839	8580	-3863	32767	-31	-111	-19	9715	48575	9715	85028203
1576	-3430	-1158	8605	-3500	32767	-29	-112	-19	9716	48580	9716	85028203
1218	-3820	-1402	8523	-3231	32767	-23	-115	-17	9717	48585	9717	85028203
911	-4254	-1704	8558	-3139	32767	-21	-114	-17	9718	48590	9718	85028203
508	-4686	-1784	8768	-3118	32767	-15	-109	-15	9719	48595	9719	85028203
158	-4982	-1729	9143	-3038	32767	-14	-109	-16	9720	48600	9720	85028205
-300	-5155	-1684	9502	-2837	32767	-8	-110	-20	9721	48605	9721	85028217
-729	-5266	-1804	9733	-2470	32767	-5	-109	-20	9722	48610	9722	85028240
-1129	-5544	-1766	9761	-2076	32767	5	-107	-19	9723	48615	9723	85028240
-1585	-5713	-1394	9692	-1956	32767	5	-108	-16	9724	48620	9724	85028240
-2078	-5895	-707	9879	-1853	32767	6	-110	-12	9725	48625	9725	85028241
-2617	-6139	18	10341	-1601	32767	10	-108	-14	9726	48630	9726	85028241
-3251	-6126	615	10717	-1397	32767	16	-104	-16	9727	48635	9727	85028241
-3924	-5640	1617	11259	-1289	32767	19	-104	-16	9728	48640	9728	85028244
-4527	-5076	2385	12302	-1143	32767	24	-104	-16	9729	48645	9729	85028261
-5189	-4868	2899	13567	-927	32767	28	-100	-16	9730	48650	9730	85028279
-6004	-5464	3031	14467	-804	32767	31	-95	-15	9731	48655	9731	85028280
-6973	-6435	2914	15146	-906	32767	36	-92	-14	9732	48660	9732	85028281
-8054	-7678	2522	15839	-1245	32767	40	-90	-14	9733	48665	9733	85028282
-9016	-9076	2012	16118	-1752	32767	42	-89	-11	9734	48670	9734	85028283
-9750	-10442	1295	15568	-2084	32767	43	-89	-9	9735	48675	9735	85028283
-10228	-11614	437	14134	-2015	32767	50	-87	-9	9736	48680	9736	85028298
-10400	-12598	-393	12097	-1766	32767	55	-85	-9	9737	48685	9737	85028308
-10322	-13431	-1332	9784	-1664	32767	58	-80	-8	9738	48690	9738	85028308
-10189	-14165	-2124	7444	-1796	32767	60	-76	-8	9739	48695	9739	85028308
-10177	-15062	-2653	5211	-2022	32767	68	-70	-9	9740	48700	9740	85028308
-10379	-16336	-3030	3141	-2170	32767	74	-66	-10	9741	48705	9741	85028308
-10971	-17852	-3016	1386	-2219	32767	74	-66	-11	9742	48710	9742	85028308
-11974	-19256	-2739	220	-2252	32767	74	-66	-12	9743	48715	9743	85028314
-13078	-20292	-2433	-269	-2300	32767	78	-59	-7	9744	48720	9744	85028337
-14091	-20967	-1901	-438	-2405	32767	81	-55	-3	9745	48725	9745	85028351
-14874	-21336	-1237	-648	-2450	32767	82	-50	-4	9746	48730	9746	85028353
-15415	-21228	-613	-1002	-2300	32767	83	-47	-5	9747	48735	9747	85028357
-15540	-20292	-308	-1328	-2135	32767	89	-49	-3	9748	48740	9748	85028360
-15390	-18913	-68	-1518	-2116	32767	91	-49	-3	9749	48745	9749	85028361
-15016	-17444	-66	-1664	-2167	32767	90	-39	-4	9750	48750	9750	85028382
-14590	-16262	-112	-1866	-2286	32767	90	-36	-4	9751	48755	9751	85028387
-14381	-15304	-144	-1963	-2558	32767	93	-25	-9	9752	48760	9752	85028387
-14350	-14619	-380	-1923	-3037	32767	94	-22	-10	9753	48765	9753	85028387
-14531	-14083	-835	-1796	-3620	32767	101	-23	-4	9754	48770	9754	85028387
-14885	-13814	-1368	-1650	-4161	32767	103	-23	-3	9755	48775	9755	85028387
-15620	-13744	-1926	-1537	-4716	32767	106	-20	-2	9756	48780	9756	85028387
-16218	-13896	-2306	-1455	-5063	32767	106	-20	-2	9757	48785	9757	85028409
-16756	-14072	-2666	-1237	-5299	32767	110	-6	-2	9758	48790	9758	85028418
-17270	-14446	-2576	-970	-5449	32767	110	-6	-2	9759	48795	9759	85028419
-17746	-15070	-2576	-678	-5506	32767	111	3	1	9760	48800	9760	85028419
-18122	-15880	-2282	-315	-5308	32767	111	3	1	9761	48805	9761	85028419
-18638	-16954	-1686	232	-5034	32767	114	8	-2	9762	48810	9762	85028420
-19143	-18007	-1253	995	-4807	32767	114	8	-2	9763	48815	9763	85028420
-19938	-19520	-590	2449	-4589	32767	113	17	-5	9764	48820	9764	85028420
-20972	-20554	-362	3990	-4472	32767	113	17	-5	9765	48825	9765	85028430
-22044	-21204	-362	5339	-4364	32767	115	19	-1	9766	48830	9766	85028455
-22880	-21388	-702	6485	-4019	32767	115	19	-1	9767	48835	9767	85028456
-22974	-21386	-1190	7372	-3476	32767	118	30	-4	9768	48840	9768	85028456
-22760	-21084	-1750	7925	-2988	32767	118	30	-4	9769	48845	9769	85028456
-21876	-20754	-2090	8346	-2657	32767	116	34	4	9770	48850	9770	85028457
-20830	-20398	-2370	8621	-2313	32767	116	34	4	9771	48855	9771	85028457
-19860	-19703	-2334	8740	-1959	32767	119	49	7	9772	48860	9772	85028494
-19624	-19015	-2052	8903	-1749	32767	118	50	7	9773	48865	9773	85028494
-19745	-18434	-2184	9155	-1602	32767	115	55	7	9774	48870	9774	85028494
-20016	-18174	-2197	8986	-1525	32767	116	56	7	9775	48875	9775	85028494
-20556	-17840	-1939	8264	-1470	32767	118	58	8	9776	48880	9776	85028495
-21114	-17606	-1742	7227	-1358	32767	117	59	10	9777	48885	9777	85028495
-21549	-17471	-1409	5989	-1221	32679	113	65	17	9778	48890	9778	85028495
-21811	-17393	-1250	4629	-1144	32137	113	66	17	9779	48895	9779	85028501
-21938	-17565	-1218	3100	-1080	31262	115	71	15	9780	48900	9780	85028527
-21634	-17934	-1212	1467	-760	30993	112	77	16	9781	48905	9781	85028533
-19299	-18927	-910	464	-531	31336	107	85	17	9782	48910	9782	85028533
-18330	-19609	-739	117	-1091	31706	111	87	19	9783	48915	9783	85028533
-22864	-19092	-1800	130	-2264	30233	117	89	23	9784	48920	9784	85028533
-25506	-18538	-2929	-801	-2530	26749	113	89	20	9785	48925	9785	85028533
-24782	-18648	-2354	-2858	-1799	25048	108	90	16	9786	48930	9786	85028533
-22369	-19161	-1541	-3752	-1212	25362	107	90	18	9787	48935	9787	85028547
-20516	-19377	-1320	-3296	-1316	26084	105	91	21	9788	48940	9788	85028574
-20744	-18650	-1459	-2673	-2000	25821	103	97	17	9789	48945	9789	85028575
-21484	-17983	-1615	-2479	-2149	25340	99	105	11	9790	48950	9790	85028575
-22217	-17552	-1662	-2423	-2019	24877	102	106	13	9791	48955	9791	85028575
-23042	-17335	-1844	-2262	-2061	24265	107	107	15	9792	48960	9792	85028575
-23394	-17358	-2156	-2185	-2239	23801	105	108	15	9793	48965	9793	85028575
-23062	-17448	-2273	-2408	-2221	23320	101	109	15	9794	48970	9794	85028576
-22565	-17329	-2162	-2781	-2085	22533	102	110	15	9795	48975	9795	85028590
-22156	-17045	-2079	-3079	-2092	21785	104	112	14	9796	48980	9796	85028611
-21572	-16751	-2187	-3245	-2181	21408	101	112	15	9797	48985	9797	85028611
-20978	-16424	-2244	-3307	-2204	21001	98	112	16	9798	48990	9798	85028611
-20527	-16082	-2271	-3267	-2290	20339	97	119	18	9799	48995	9799	85028611
-20163	-15711	-2364	-3064	-2395	19598	97	123	19	9800	49000	9800	85028611
-19742	-15512	-2283	-2723	-2448	18902	94	125	18	9801	49005	9801	85028611
-19435	-15409	-2139	-2346	-2492	18295	92	126	18	9802	49010	9802	85028611
-19106	-15429	-2125	-1932	-2489	17804	93	125	18	9803	49015	9803	85028630
-18701	-15371	-2038	-1529	-2414	17234	94	124	18	9804	49020	9804	85028643
-18559	-15240	-1900	-1132	-2244	16364	93	132	11	9805	49025	9805	85028644
-18567	-15207	-1911	-722	-2048	15615	92	134	8	9806	49030	9806	85028644
-18757	-15001	-1896	-79	-1881	15025	94	137	13	9807	49035	9807	85028644
-18972	-14553	-1724	815	-1710	14278	94	138	14	9808	49040	9808	85028644
-19036	-13891	-1543	1760	-1497	13502	95	137	18	9809	49045	9809	85028644
-18738	-13062	-1279	2585	-1183	12742	95	137	19	9810	49050	9810	85028650
-18472	-12247	-961	3317	-804	11945	88	138	15	9811	49055	9811	85028673
-18164	-11443	-720	3989	-585	11314	86	138	14	9812	49060	9812	85028679
-17828	-10661	-511	4738	-457	10707	88	137	19	9813	49065	9813	85028679
-17431	-9934	-489	5651	-418	10029	89	137	23	9814	49070	9814	85028680
-17072	-9541	-546	6367	-444	9474	89	140	17	9815	49075	9815	85028680
-16748	-9348	-610	6914	-478	9035	89	141	15	9816	49080	9816	85028680
-16434	-9350	-576	7269	-567	8722	87	142	24	9817	49085	9817	85028710
-15970	-9542	-526	7419	-713	8500	86	142	26	9818	49090	9818	85028717
-15486	-9823	-494	7437	-845	8240	83	147	20	9819	49095	9819	85028717
-14976	-10018	-686	7401	-979	7911	82	148	18	9820	49100	9820	85028717
-14618	-10162	-901	7361	-1107	7631	82	143	24	9821	49105	9821	85028717
-14420	-10602	-1216	7160	-1307	7398	82	142	26	9822	49110	9822	85028717
-14538	-11164	-1306	6794	-1534	7347	83	145	21	9823	49115	9823	85028717
-14678	-11614	-1332	6388	-1653	7382	83	145	21	9824	49120	9824	85028726
-14914	-11850	-1494	5908	-1680	7245	83	143	23	9825	49125	9825	85028787
-15156	-11792	-1520	5237	-1646	7037	83	143	23	9826	49130	9826	85028787
-15238	-11508	-1478	4542	-1553	6891	76	144	26	9827	49135	9827	85028787
-15170	-11062	-1396	3928	-1429	6627	76	144	26	9828	49140	9828	85028787
-15188	-10662	-1294	3404	-1337	6222	77	151	27	9829	49145	9829	85028787
-15286	-10154	-1052	2973	-1283	5825	77	151	27	9830	49150	9830	85028787
-15490	-9715	-911	2672	-1202	5516	78	152	32	9831	49155	9831	85028794
-15606	-9435	-844	2417	-1135	5305	77	152	30	9832	49160	9832	85028823
-15752	-9276	-877	2107	-1076	5077	74	150	24	9833	49165	9833	85028832
-15872	-9034	-820	1810	-1056	4837	74	150	24	9834	49170	9834	85028832
-15943	-8822	-725	1564	-1076	4659	75	151	25	9835	49175	9835	85028832
-16020	-8572	-698	1435	-1094	4604	75	151	25	9836	49180	9836	85028832
-15978	-8334	-674	1347	-1078	4554	71	151	21	9837	49185	9837	85028832
-15942	-8126	-670	1246	-1066	4354	71	151	21	9838	49190	9838	85028832
-15928	-7731	-627	1262	-1040	4046	76	158	26	9839	49195	9839	85028840
-16037	-7707	-590	1390	-1076	3967	76	157	27	9840	49200	9840	85028873
-16160	-7744	-663	1529	-1183	3927	77	153	29	9841	49205	9841	85028873
-16364	-7833	-641	1669	-1283	3790	78	153	29	9842	49210	9842	85028874
-16550	-7773	-816	1877	-1261	3568	80	154	28	9843	49215	9843	85028874
-16624	-7579	-1071	2060	-1181	3322	79	154	28	9844	49220	9844	85028874
-16598	-7458	-1123	2146	-1139	3152	77	153	29	9845	49225	9845	85028874
-16441	-7468	-1111	2250	-1130	3022	77	153	29	9846	49230	9846	85028874
-16412	-7419	-1075	2451	-1129	2837	79	151	27	9847	49235	9847	85028875
-16654	-7196	-1088	2751	-1085	2614	79	155	30	9848	49240	9848	85028875
-16800	-6823	-1164	2977	-1018	2461	78	162	34	9849	49245	9849	85028875
-16750	-6526	-1106	3168	-921	2328	77	160	32	9850	49250	9850	85028875
-16603	-6352	-1004	3348	-831	2149	76	158	30	9851	49255	9851	85028875
-16515	-6260	-985	3514	-790	1919	76	158	33	9852	49260	9852	85028877
-16544	-6282	-852	3706	-776	1743	75	157	37	9853	49265	9853	85028880
-16510	-6394	-797	3930	-749	1651	77	158	34	9854	49270	9854	85028891
-16458	-6571	-919	4066	-731	1563	79	159	29	9855	49275	9855	85028908
-16390	-6636	-939	4021	-732	1415	79	158	30	9856	49280	9856	85028909
-16346	-6595	-1001	3944	-684	1221	79	157	31	9857	49285	9857	85028909
-16265	-6550	-1022	3883	-625	1013	74	156	32	9858	49290	9858	85028909
-16171	-6493	-1067	3833	-615	864	71	155	33	9859	49295	9859	85028909
-16173	-6424	-1107	3806	-653	747	72	156	31	9860	49300	9860	85028909
-16319	-6321	-1130	3829	-730	635	73	157	29	9861	49305	9861	85028913
-16406	-6080	-1183	3877	-786	544	74	157	32	9862	49310	9862	85028927
-16392	-5736	-1082	3888	-770	425	76	158	36	9863	49315	9863	85028941
-16494	-5508	-924	3857	-727	221	76	158	36	9864	49320	9864	85028942
-16546	-5266	-861	3845	-742	14	75	157	35	9865	49325	9865	85028943
-16462	-4983	-733	3861	-732	-143	74	157	39	9866	49330	9866	85028943
-16380	-4763	-709	3859	-688	-297	73	157	41	9867	49335	9867	85028943
-16381	-4661	-640	3843	-645	-418	75	160	39	9868	49340	9868	85028943
-16349	-4679	-583	3876	-592	-489	76	162	38	9869	49345	9869	85028944
-16223	-4852	-587	3898	-535	-545	74	158	39	9870	49350	9870	85028964
-16128	-5086	-642	3870	-487	-635	73	155	39	9871	49355	9871	85028978
-16002	-5391	-582	3850	-443	-740	76	157	36	9872	49360	9872	85028978
-15949	-5612	-609	3849	-416	-781	77	157	35	9873	49365	9873	85028978
-15982	-5858	-528	3772	-377	-768	73	155	34	9874	49370	9874	85028978
-15912	-5912	-542	3624	-325	-797	72	154	34	9875	49375	9875	85028978
-15900	-5942	-506	3459	-276	-881	75	152	40	9876	49380	9876	85029000
-15926	-5683	-422	3232	-194	-1055	76	152	42	9877	49385	9877	85029014
-16046	-5208	-558	3052	21	-1452	71	152	44	9878	49390	9878	85029016
-16024	-5052	-628	2853	161	-1672	70	152	44	9879	49395	9879	85029016
-15966	-5014	-522	2534	-66	-1310	73	154	44	9880	49400	9880	85029017
-15876	-4962	-514	2110	-275	-898	74	154	44	9881	49405	9881	85029017
-15994	-4462	-598	1745	-34	-1055	74	154	44	9882	49410	9882	85029017
-16206	-4206	-524	1403	226	-1310	74	154	44	9883	49415	9883	85029018
-16174	-4114	-472	1131	262	-1321	76	151	42	9884	49420	9884	85029047
-16178	-3998	-438	868	260	-1385	76	150	42	9885	49425	9885	85029053
-16154	-3947	-453	683	271	-1452	75	154	40	9886	49430	9886	85029054
-16050	-4223	-338	508	243	-1387	75	155	39	9887	49435	9887	85029054
-15989	-4579	-316	343	178	-1297	77	155	41	9888	49440	9888	85029054
-16054	-4718	-250	228	148	-1257	77	155	41	9889	49445	9889	85029054
-16030	-4758	-310	117	141	-1216	77	153	41	9890	49450	9890	85029055
-16040	-4438	-334	-37	151	-1188	77	153	41	9891	49455	9891	85029064
-16096	-4150	-374	-125	158	-1162	75	155	35	9892	49460	9892	85029100
-16112	-3908	-412	-118	172	-1129	75	155	35	9893	49465	9893	85029100
-16090	-3716	-382	-88	177	-1114	70	152	44	9894	49470	9894	85029101
-16040	-3526	-398	-55	152	-1099	70	152	44	9895	49475	9895	85029101
-16050	-3350	-382	44	145	-1064	76	152	44	9896	49480	9896	85029101
-16136	-3289	-388	140	119	-993	75	153	43	9897	49485	9897	85029101
-16132	-3221	-303	210	106	-910	73	157	39	9898	49490	9898	85029104
-16220	-3278	-276	305	77	-828	74	156	40	9899	49495	9899	85029122
-16297	-3411	-267	403	57	-756	78	154	44	9900	49500	9900	85029138
-16316	-3634	-229	469	68	-706	77	153	43	9901	49505	9901	85029138
-16276	-3797	-246	505	78	-670	73	151	41	9902	49510	9902	85029138
-16260	-3916	-214	515	93	-639	74	152	42	9903	49515	9903	85029138
-16200	-3970	-160	492	123	-600	79	155	45	9904	49520	9904	85029138
-16099	-4000	-168	455	117	-532	78	154	45	9905	49525	9905	85029138
-16058	-3974	-183	393	82	-433	75	151	45	9906	49530	9906	85029149
-16055	-3798	-236	302	65	-359	75	152	43	9907	49535	9907	85029169
-15987	-3661	-276	149	77	-308	74	154	40	9908	49540	9908	85029174
-15946	-3576	-201	-42	94	-284	75	153	40	9909	49545	9909	85029175
-16005	-3465	-44	-246	88	-260	77	151	41	9910	49550	9910	85029175
-16032	-3549	-166	-335	74	-191	77	151	39	9911	49555	9911	85029175
-16110	-3598	-184	-415	61	-142	75	151	33	9912	49560	9912	85029175
-16164	-3640	-196	-579	48	-102	75	152	36	9913	49565	9913	85029176
-16183	-3557	-113	-791	74	-46	74	156	44	9914	49570	9914	85029176
-16172	-3482	-61	-931	110	20	74	156	42	9915	49575	9915	85029180
-16168	-3472	-23	-1017	120	99	74	156	38	9916	49580	9916	85029196
-16194	-3517	-9	-1049	107	187	76	155	40	9917	49585	9917	85029212
-16240	-3564	-23	-1035	80	278	78	154	42	9918	49590	9918	85029213
-16267	-3659	-50	-1006	36	355	76	152	40	9919	49595	9919	85029214
-16298	-3810	-43	-998	1	404	74	148	38	9920	49600	9920	85029214
-16312	-3861	-47	-1008	-3	417	73	150	36	9921	49605	9921	85029214
-16230	-3791	-120	-1024	1	415	72	154	34	9922	49610	9922	85029216
-16148	-3654	-172	-1017	-3	410	74	153	42	9923	49615	9923	85029230
-16097	-3560	-119	-982	-19	421	75	153	47	9924	49620	9924	85029245
-16071	-3502	-41	-928	-57	440	74	153	43	9925	49625	9925	85029249
-16063	-3504	-32	-847	-109	453	73	153	41	9926	49630	9926	85029249
-16040	-3546	22	-749	-146	452	74	152	39	9927	49635	9927	85029249
-16001	-3564	-27	-671	-166	459	74	152	38	9928	49640	9928	85029249
-16000	-3587	-83	-640	-173	465	76	154	40	9929	49645	9929	85029249
-16005	-3578	-80	-662	-195	462	77	155	41	9930	49650	9930	85029257
-16053	-3685	34	-659	-216	480	77	157	43	9931	49655	9931	85029282
-16111	-3786	45	-618	-249	514	77	157	43	9932	49660	9932	85029287
-16130	-3791	22	-571	-276	546	76	153	45	9933	49665	9933	85029288
-16158	-3808	-14	-542	-290	571	76	150	46	9934	49670	9934	85029288
-16189	-3870	39	-532	-286	585	74	151	42	9935	49675	9935	85029288
-16261	-3880	111	-515	-263	594	73	151	39	9936	49680	9936	85029288
-16266	-3866	165	-480	-248	595	75	152	36	9937	49685	9937	85029289
-16253	-3883	162	-441	-238	583	76	152	34	9938	49690	9938	85029310
-16279	-3869	255	-398	-240	541	73	155	36	9939	49695	9939	85029324
-16327	-3906	265	-338	-228	506	72	156	36	9940	49700	9940	85029325
-16240	-3920	202	-315	-222	479	76	152	42	9941	49705	9941	85029325
-16240	-3947	257	-300	-210	437	77	151	43	9942	49710	9942	85029325
-16206	-4000	226	-267	-183	385	77	151	40	9943	49715	9943	85029326
-16129	-4001	180	-249	-191	346	77	151	39	9944	49720	9944	85029326
-16043	-3976	148	-261	-214	347	72	154	39	9945	49725	9945	85029327
-16071	-3986	51	-286	-259	367	71	155	39	9946	49730	9946	85029356
-16156	-4070	-84	-332	-340	416	72	148	38	9947	49735	9947	85029363
-16220	-4114	-108	-365	-404	469	72	148	38	9948	49740	9948	85029363
-16290	-4126	-172	-394	-459	486	71	149	41	9949	49745	9949	85029363
-16302	-4106	-342	-418	-485	501	71	149	41	9950	49750	9950	85029363
-16230	-4196	-256	-443	-518	513	74	152	40	9951	49755	9951	85029363
-16226	-4304	-344	-415	-529	582	74	152	40	9952	49760	9952	85029363
-16214	-4418	-256	-424	-588	676	74	156	40	9953	49765	9953	85029376
-16302	-4396	-178	-438	-641	667	74	156	40	9954	49770	9954	85029402
-16250	-4224	-136	-430	-645	607	75	151	39	9955	49775	9955	85029402
-16210	-4124	-50	-356	-639	577	75	151	40	9956	49780	9956	85029408
-16208	-4084	122	-294	-640	591	77	151	43	9957	49785	9957	85029408
-16164	-4136	134	-220	-662	617	77	151	43	9958	49790	9958	85029408
-16210	-4162	124	-131	-685	642	72	154	38	9959	49795	9959	85029409
-16188	-4228	100	-82	-670	638	72	154	38	9960	49800	9960	85029409
-16278	-4192	156	-76	-634	587	77	157	45	9961	49805	9961	85029421
-16190	-4256	124	-49	-609	586	77	157	45	9962	49810	9962	85029442
-16238	-4276	146	-69	-600	605	75	153	39	9963	49815	9963	85029442
-16184	-4335	54	-127	-596	608	75	153	39	9964	49820	9964	85029442
-16232	-4369	114	-179	-569	607	75	151	41	9965	49825	9965	85029442
-16129	-4301	76	-249	-537	589	75	152	41	9966	49830	9966	85029442
-16012	-4282	145	-313	-511	566	77	157	41	9967	49835	9967	85029442
-16052	-4244	98	-357	-506	581	77	157	41	9968	49840	9968	85029450
