-16875	528	1894	-3253	888	-347	10389	142	54	1	1	1	71655036	
-16792	547	1532	-3230	1366	-311	10390	149	49	2	6	2	71655044	
-16752	538	1414	-3217	1712	-281	10391	151	47	3	11	3	71655068	
-16719	444	1297	-3234	1931	-274	10392	143	53	4	16	4	71655074	
-16680	454	1264	-3280	2052	-255	10393	141	55	5	21	5	71655075	
-16742	350	1388	-3312	2066	-244	10394	143	49	6	26	6	71655075	
-16866	314	1729	-3352	2009	-213	10395	144	48	7	31	7	71655075	
-17071	339	1931	-3360	1945	-183	10396	147	48	8	36	8	71655075	
-17186	290	2261	-3225	1990	-125	10397	148	48	9	41	9	71655075	
-17152	258	2768	-2860	2148	-31	10398	147	57	10	46	10	71655112	
-17096	228	3018	-2541	2151	61	10399	147	57	11	51	11	71655112	
-16980	116	2814	-2313	2020	180	10400	146	56	12	56	12	71655112	
-16956	72	2510	-2224	1913	296	10401	146	56	13	61	13	71655112	
-16894	102	2562	-2196	1883	424	10402	145	49	14	66	14	71655112	
-16766	126	2594	-2119	1904	566	10403	145	49	15	71	15	71655112	
-16716	190	2478	-1897	2009	689	10404	155	53	16	76	16	71655112	
-16530	130	2278	-1607	2112	822	10405	155	53	17	81	17	71655120	
-16437	15	2338	-1280	2157	899	10406	151	52	18	86	18	71655144	
-16364	-168	2140	-866	2101	1005	10407	150	52	19	91	19	71655150	
-16280	-254	2024	-597	1977	1079	10408	144	58	20	96	20	71655150	
-16386	-450	1736	-406	1867	1140	10409	144	58	21	101	21	71655150	
-16376	-522	1524	-273	1799	1172	10410	149	55	22	106	22	71655150	
-16480	-734	1442	-191	1741	1182	10411	149	55	23	111	23	71655151	
-16690	-922	1416	-133	1618	1170	10412	149	49	24	116	24	71655151	
-16964	-1086	1496	-106	1499	1127	10413	149	49	25	121	25	71655157	
-17230	-1260	1650	-55	1431	1063	10414	152	52	26	126	26	71655187	
-17406	-1524	2004	129	1411	963	10415	152	52	27	131	27	71655188	
-17475	-1567	2148	284	1418	856	10416	153	53	28	136	28	71655188	
-17472	-1546	2434	290	1385	724	10417	151	53	29	141	29	71655189	
-17475	-1402	2506	71	1266	570	10418	143	53	30	146	30	71655190	
-17453	-1154	2234	-363	1118	414	10419	144	52	31	151	31	71655190	
-17414	-811	1945	-907	1084	278	10420	147	49	32	156	32	71655198	
-17285	-424	1592	-1418	1157	178	10421	148	50	33	161	33	71655224	
-17161	-119	1215	-1770	1357	116	10422	150	56	34	166	34	71655224	
-16966	126	1159	-1918	1647	86	10423	149	55	35	171	35	71655224	
-16684	205	1126	-1895	1845	70	10424	143	49	36	176	36	71655224	
-16550	223	1231	-1785	1879	65	10425	143	49	37	181	37	71655224	
-16521	185	1381	-1657	1785	78	10426	143	51	38	186	38	71655225	
-16468	154	1393	-1480	1618	113	10427	144	50	39	191	39	71655232	
-16504	57	1268	-1255	1474	145	10428	150	48	40	196	40	71655262	
-16516	-16	1177	-1049	1333	177	10429	149	48	41	201	41	71655262	
-16512	-45	1211	-881	1181	219	10430	147	49	42	206	42	71655262	
-16512	-122	1126	-744	1055	257	10431	147	49	43	211	43	71655262	
-16476	-177	1151	-653	1016	294	10432	146	50	44	216	44	71655262	
-16468	-187	1150	-610	1009	315	10433	148	48	45	221	45	71655262	
-16488	-172	1079	-620	973	328	10434	152	46	46	226	46	71655262	
-16574	-113	821	-668	903	334	10435	150	49	47	231	47	71655282	
-16703	-70	680	-715	815	357	10436	146	54	48	236	48	71655312	
-16859	-52	694	-709	709	379	10437	149	50	49	241	49	71655313	
-17068	-33	801	-615	615	394	10438	153	45	50	246	50	71655315	
-17119	-4	1091	-386	577	425	10439	153	46	51	251	51	71655316	
-16959	115	1624	16	568	470	10441	152	48	52	256	52	71655316	
-16674	168	2005	486	461	512	10442	150	52	53	261	53	71655316	
-16449	181	2148	807	279	535	10443	148	54	54	266	54	71655316	
-16208	254	2192	956	32	538	10443	148	54	55	271	55	71655322	
-15984	434	2186	871	-299	523	10444	149	53	56	276	56	71655336	
-15920	699	2089	649	-647	509	10445	148	54	57	281	57	71655342	
-15948	856	1963	510	-934	520	10446	146	56	58	286	58	71655342	
-16079	934	1854	548	-1082	547	10447	146	55	59	291	59	71655342	
-16094	901	1953	717	-1104	578	10449	147	53	60	296	60	71655342	
-15996	744	2305	855	-1176	618	10450	146	51	61	301	61	71655342	
-15936	621	2478	870	-1383	652	10451	146	50	62	306	62	71655342	
-15922	536	2626	828	-1661	689	10452	148	48	63	311	63	71655359	
-15878	472	2743	823	-1883	741	10453	149	47	64	316	64	71655391	
-15768	331	2775	894	-2056	805	10454	148	48	65	321	65	71655407	
-15664	132	2649	1027	-2244	872	10455	147	49	66	326	66	71655409	
-15694	-34	2383	1165	-2442	946	10456	149	48	67	331	67	71655409	
-15710	-198	2061	1255	-2651	1036	10457	151	47	68	336	68	71655409	
-15851	-348	1775	1291	-2847	1167	10458	148	47	69	341	69	71655410	
-16107	-454	1655	1248	-2965	1312	10459	147	47	70	346	70	71655410	
-16332	-610	1665	1172	-3059	1469	10460	153	51	71	351	71	71655410	
-16488	-768	1720	1124	-3118	1606	10461	154	52	72	356	72	71655415	
-16646	-885	1834	1082	-3178	1755	10462	152	51	73	361	73	71655417	
-16700	-1028	1910	1037	-3244	1900	10463	151	51	74	366	74	71655417	
-16716	-1147	1948	966	-3290	2011	10464	152	49	75	371	75	71655417	
-16694	-1281	1830	819	-3316	2077	10465	153	47	76	376	76	71655417	
-16596	-1312	1838	503	-3296	2104	10466	149	52	77	381	77	71655417	
-16658	-1322	1800	132	-3200	2109	10467	147	53	78	386	78	71655424	
-16714	-1315	1521	-240	-3076	2097	10468	151	47	79	391	79	71655449	
-16732	-1254	1325	-584	-2963	2096	10469	152	46	80	396	80	71655455	
-16841	-1306	1137	-864	-2878	2119	10470	144	54	81	401	81	71655456	
-17058	-1261	1053	-1103	-2792	2162	10471	142	56	82	406	82	71655456	
-17244	-1193	943	-1336	-2665	2233	10472	144	55	83	411	83	71655456	
-17356	-1057	932	-1603	-2470	2293	10473	145	55	84	416	84	71655456	
-17528	-966	906	-2020	-2166	2364	10474	149	43	85	421	85	71655456	
-17664	-846	886	-2327	-1844	2419	10475	149	43	86	426	86	71655493	
-17724	-690	746	-2508	-1467	2471	10476	148	52	87	431	87	71655493	
-17744	-644	694	-2584	-1077	2519	10477	148	52	88	436	88	71655493	
-17698	-444	560	-2569	-821	2576	10478	147	51	89	441	89	71655494	
-17652	-234	526	-2512	-672	2614	10479	147	51	90	446	90	71655494	
-17602	-166	719	-2396	-581	2642	10480	151	50	91	451	91	71655494	
-17581	-118	508	-2209	-487	2651	10481	152	50	92	456	92	71655494	
-17568	-32	366	-1990	-371	2638	10482	150	56	93	461	93	71655494	
-17592	-44	354	-1759	-208	2616	10483	149	57	94	466	94	71655530	
-17626	-52	388	-1593	-61	2590	10484	145	57	95	471	95	71655530	
-17652	-32	858	-1413	140	2566	10485	145	57	96	476	96	71655531	
-17578	-102	1012	-1272	326	2546	10486	146	46	97	481	97	71655531	
-17530	-174	1246	-1113	474	2555	10487	146	46	98	486	98	71655531	
-17414	-248	1254	-852	595	2568	10488	148	50	99	491	99	71655531	
-17352	-532	1234	-558	706	2618	10489	148	50	100	496	100	71655531	
-17316	-648	960	-337	813	2666	10490	143	51	101	501	101	71655545	
-17225	-667	1297	-212	1024	2745	10491	145	51	102	506	102	71655572	
-17112	-740	1405	-93	1181	2820	10492	153	53	103	511	103	71655572	
-17044	-776	1412	119	1298	2888	10493	152	52	104	516	104	71655572	
-16990	-873	1608	405	1348	2967	10494	150	50	105	521	105	71655572	
-16993	-976	1692	748	1328	3046	10495	151	51	106	526	106	71655572	
-16934	-1157	1619	1098	1319	3134	10496	153	53	107	531	107	71655572	
-16856	-1347	1684	1345	1363	3212	10497	152	53	108	536	108	71655579	
-16734	-1442	1702	1515	1404	3280	10498	148	50	109	541	109	71655607	
-16706	-1548	1802	1676	1420	3367	10499	148	50	110	546	110	71655607	
-16510	-1720	2000	1841	1409	3457	10500	155	49	111	551	111	71655607	
-16436	-1815	2131	1992	1347	3547	10501	156	50	112	556	112	71655607	
-16367	-1965	2196	2154	1230	3636	10502	158	52	113	561	113	71655607	
-16346	-2121	2096	2254	1082	3713	10503	157	52	114	566	114	71655607	
-16367	-2198	1988	2242	968	3777	10504	155	53	115	571	115	71655607	
-16349	-2224	1852	2093	928	3843	10505	154	52	116	576	116	71655614	
-16304	-2188	1867	1832	949	3902	10506	150	50	117	581	117	71655644	
-16236	-2149	1953	1537	968	3959	10507	151	52	118	586	118	71655644	
-16216	-2124	2094	1261	952	4045	10508	153	57	119	591	119	71655644	
-16181	-2185	2123	1082	940	4122	10509	153	57	120	596	120	71655645	
-16180	-2298	2139	920	884	4203	10510	154	56	121	601	121	71655645	
-16158	-2447	1996	740	751	4285	10511	154	53	122	606	122	71655645	
-16205	-2505	1740	546	586	4359	10512	154	48	123	611	123	71655650	
-16277	-2550	1562	323	472	4419	10513	156	48	124	616	124	71655667	
-16256	-2541	1546	47	464	4462	10514	158	48	125	621	125	71655682	
-16217	-2524	1500	-265	591	4486	10515	154	50	126	626	126	71655682	
-16080	-2520	1532	-623	777	4503	10516	149	53	127	631	127	71655682	
-15961	-2446	1681	-1022	879	4540	10517	150	50	128	636	128	71655683	
-15902	-2374	1858	-1422	841	4591	10518	152	46	129	641	129	71655683	
-15911	-2207	2069	-1763	683	4650	10519	152	46	130	646	130	71655683	
-15891	-1994	2452	-2013	441	4702	10520	153	47	131	651	131	71655700	
-15902	-1770	2777	-2151	170	4748	10521	155	47	132	656	132	71655723	
-15835	-1425	2928	-2194	-97	4770	10522	158	48	133	661	133	71655723	
-15680	-986	2939	-2224	-357	4758	10523	159	49	134	666	134	71655723	
-15518	-503	2843	-2311	-643	4699	10525	161	51	135	671	135	71655723	
-15336	46	2676	-2508	-893	4609	10526	158	50	136	676	136	71655723	
-15208	570	2386	-2761	-1058	4524	10527	156	50	137	681	137	71655724	
-15096	1140	2096	-3036	-1163	4450	10528	157	51	138	686	138	71655731	
-15066	1682	1840	-3301	-1216	4398	10529	158	52	139	691	139	71655751	
-15160	2157	1516	-3501	-1244	4377	10530	154	52	140	696	140	71655761	
-15423	2541	1286	-3583	-1267	4389	10531	152	52	141	701	141	71655761	
-15972	2778	1227	-3536	-1283	4411	10532	154	50	142	706	142	71655761	
-16570	3018	1216	-3379	-1254	4428	10533	155	49	143	711	143	71655761	
-17142	3142	1330	-3088	-1167	4424	10534	155	51	144	716	144	71655761	
-17451	3224	1341	-2785	-1036	4359	10535	155	51	145	721	145	71655761	
-17562	3367	1318	-2485	-840	4224	10536	158	52	146	726	146	71655762	
-17493	3633	1293	-2231	-556	4000	10537	160	52	147	731	147	71655768	
-17243	4024	1219	-2082	-251	3712	10538	158	52	148	736	148	71655788	
-16876	4497	1023	-2039	12	3382	10539	156	52	149	741	149	71655798	
-16576	4936	649	-2060	182	3050	10540	157	49	150	746	150	71655798	
-16352	5347	238	-2113	248	2745	10541	157	47	151	751	151	71655798	
-16245	5534	-195	-2152	229	2439	10542	160	55	152	756	152	71655798	
-16428	5937	-466	-2187	169	2192	10543	161	57	153	761	153	71655798	
-16748	6164	-515	-2199	115	1998	10544	163	55	154	766	154	71655799	
-16877	6162	-663	-2022	79	1871	10545	163	55	155	771	155	71655827	
-16998	6144	-982	-1756	172	1825	10546	159	54	156	776	156	71655835	
-17165	6104	-1236	-1405	364	1814	10547	158	54	157	781	157	71655835	
-17216	5824	-1645	-921	578	1811	10548	161	59	158	786	158	71655835	
-17281	5495	-1998	-367	831	1838	10549	162	60	159	791	159	71655835	
-17152	5042	-2478	344	1135	1881	10550	160	52	160	796	160	71655835	
-17222	4584	-2974	914	1443	1949	10551	160	52	161	801	161	71655835	
-17294	4202	-3228	1336	1684	2030	10552	163	55	162	806	162	71655846	
-17401	3917	-3311	1643	1943	2085	10553	163	55	163	811	163	71655867	
-17464	3455	-3358	2026	2323	2151	10554	167	56	164	816	164	71655871	
-17541	2967	-3323	2554	2839	2170	10555	168	56	165	821	165	71655871	
-17787	2368	-3117	3196	3359	2189	10556	162	53	166	826	166	71655871	
-17919	1988	-3042	3808	3802	2220	10557	160	52	167	831	167	71655871	
-18096	1775	-2778	4326	4229	2128	10558	166	51	168	836	168	71655871	
-18424	1336	-2462	4890	4751	1879	10559	167	51	169	841	169	71655872	
-18856	1158	-2278	5336	5223	1600	10560	170	46	170	846	170	71655908	
-19296	1252	-1450	5991	6005	1366	10561	170	46	171	851	171	71655909	
-20268	1228	-748	7023	7022	1164	10562	171	41	172	856	172	71655909	
-20708	1106	-898	8094	8271	845	10563	171	41	173	861	173	71655909	
-20576	1388	-954	8188	9958	289	10564	172	54	174	866	174	71655909	
-19558	1910	-384	7460	11333	-451	10565	172	54	175	871	175	71655909	
-19266	2302	-254	6641	11510	-1187	10566	170	46	176	876	176	71655909	
-19564	2501	-1222	5205	10447	-2269	10567	171	45	177	881	177	71655925	
-18979	2500	-1744	3406	9239	-3033	10568	173	39	178	886	178	71655950	
-19291	2608	-2272	1108	8170	-3665	10569	172	38	179	891	179	71655950	
-19869	3041	-2765	-965	7435	-4347	10570	167	33	180	896	180	71655951	
-19506	3338	-3178	-2479	7067	-4744	10571	167	33	181	901	181	71655951	
-19624	3828	-3224	-3973	6756	-5145	10572	171	39	182	906	182	71655951	
-20026	4480	-2954	-5073	6680	-5452	10573	171	39	183	911	183	71655951	
-20088	5184	-2648	-5911	6976	-5639	10574	177	37	184	916	184	71655952	
-19948	6024	-2308	-6502	7550	-5735	10575	177	37	185	921	185	71656021	
-19758	6616	-1845	-6957	8256	-5688	10576	179	39	186	926	186	71656031	
-19534	7036	-1375	-7197	8666	-5506	10577	180	39	187	931	187	71656031	
-19386	7234	-961	-7319	8847	-5226	10578	186	40	188	936	188	71656031	
-19314	7361	-687	-7340	8752	-4889	10579	185	39	189	941	189	71656032	
-19230	7373	-435	-7261	8564	-4562	10580	180	36	190	946	190	71656032	
-19169	7388	-120	-7054	8383	-4353	10581	182	37	191	951	191	71656032	
-18972	7306	35	-6764	8303	-4307	10582	191	39	192	956	192	71656034	
-18292	7156	184	-6405	8429	-4423	10583	190	38	193	961	193	71656047	
-17268	6924	189	-6019	8793	-4734	10584	187	35	194	966	194	71656068	
-16169	6628	18	-5683	9070	-5145	10585	187	37	195	971	195	71656068	
-15114	6233	-402	-5375	9073	-5656	10586	188	40	196	976	196	71656068	
-14226	5846	-1005	-5180	8727	-6204	10587	189	39	197	981	197	71656068	
-13683	5401	-1713	-5144	8160	-6724	10588	190	38	198	986	198	71656068	
-13387	4928	-2384	-5220	7565	-7205	10589	191	36	199	991	199	71656069	
-13332	4485	-3086	-5365	6963	-7739	10590	195	27	200	996	200	71656069	
-13472	4191	-3362	-5433	6586	-8264	10591	195	29	201	1001	201	71656069	
-13738	4109	-2940	-5134	6462	-8795	10592	196	34	202	1006	202	71656069	
-13973	4129	-2164	-4473	6441	-9191	10593	196	33	203	1011	203	71656069	
-14116	4316	-1132	-3512	6330	-9518	10594	195	31	204	1016	204	71656069	
-14255	4690	143	-2383	5945	-9766	10595	195	31	205	1021	205	71656073	
-14412	5292	1339	-1197	5118	-9895	10596	196	30	206	1026	206	71656079	
-14586	5968	2185	-89	3856	-9896	10597	197	29	207	1031	207	71656079	
-14907	6571	2675	818	2389	-9762	10598	199	27	208	1036	208	71656079	
-15314	7054	2789	1452	1035	-9511	10599	199	29	209	1041	209	71656092	
-15660	7519	2506	1821	-47	-9159	10601	200	32	210	1046	210	71656113	
-15804	7927	2004	1983	-597	-8761	10602	201	34	211	1051	211	71656113	
-15738	8196	1401	2071	-698	-8354	10603	202	36	212	1056	212	71656113	
-15541	8390	680	2180	-519	-7908	10604	204	33	213	1061	213	71656114	
-15206	8502	-166	2351	-185	-7432	10605	205	31	214	1066	214	71656114	
-14801	8541	-1013	2579	193	-6946	10606	207	29	215	1071	215	71656114	
-14387	8480	-1655	2792	492	-6508	10607	209	27	216	1076	216	71656118	
-13966	8262	-2116	2973	711	-6090	10607	209	27	217	1081	217	71656133	
-13602	7799	-2550	3099	828	-5653	10609	208	28	218	1086	218	71656150	
-13330	7229	-2879	3058	795	-5318	10610	207	30	219	1091	219	71656150	
-13183	6775	-3020	2982	725	-5109	10611	206	32	220	1096	220	71656150	
-13156	6334	-3079	3074	650	-4971	10612	207	31	221	1101	221	71656150	
-13210	5870	-3182	3439	573	-4875	10613	208	30	222	1106	222	71656150	
-13248	5412	-3375	4027	486	-4825	10614	213	27	223	1111	223	71656150	
-13813	5196	-3170	4681	416	-4828	10615	217	25	224	1116	224	71656150	
-13750	4732	-3202	5309	508	-4884	10616	217	26	225	1121	225	71656155	
-13556	3930	-3525	5600	375	-5017	10617	217	27	226	1126	226	71656178	
-13916	3238	-3402	5364	-134	-5234	10618	210	25	227	1131	227	71656191	
-14478	2848	-3229	4893	-538	-5521	10619	208	24	228	1136	228	71656191	
-14796	2543	-3000	4466	-639	-5845	10620	212	26	229	1141	229	71656191	
-14982	1801	-2825	4001	-421	-6153	10621	213	27	230	1146	230	71656191	
-15016	1068	-2615	3159	-240	-6416	10622	211	25	231	1151	231	71656191	
-15083	720	-2333	1996	-243	-6691	10623	211	25	232	1156	232	71656191	
-15346	274	-2012	779	-314	-6896	10624	211	22	233	1161	233	71656221	
-15547	-153	-1846	-261	-388	-6990	10625	211	21	234	1166	234	71656229	
-15723	-629	-1577	-1559	-456	-7048	10626	214	20	235	1171	235	71656229	
-15819	-1014	-1205	-2681	-618	-7025	10627	215	19	236	1176	236	71656230	
-15941	-1316	-909	-3447	-961	-6920	10628	216	26	237	1181	237	71656230	
-15963	-1804	-732	-3878	-1419	-6730	10629	216	28	238	1186	238	71656230	
-15960	-2221	-352	-4084	-1933	-6465	10630	217	24	239	1191	239	71656230	
-15776	-2548	93	-3838	-2472	-6180	10631	217	23	240	1196	240	71656231	
-15384	-2693	480	-2994	-3073	-5863	10632	219	25	241	1201	241	71656259	
-14951	-2821	770	-1775	-3822	-5556	10633	219	25	242	1206	242	71656266	
-14522	-2722	594	-436	-4706	-5195	10634	220	27	243	1211	243	71656266	
-14070	-2458	400	1091	-5809	-4776	10635	220	28	244	1216	244	71656266	
-13876	-1936	174	2178	-6674	-4435	10636	226	32	245	1221	245	71656266	
-13704	-1352	-472	3045	-7337	-4076	10637	226	32	246	1226	246	71656266	
-13638	-894	-824	3610	-7733	-3690	10638	215	33	247	1231	247	71656266	
-13496	-216	-950	3817	-7971	-3275	10639	215	33	248	1236	248	71656266	
-13598	610	-824	3872	-8214	-2793	10640	219	33	249	1241	249	71656293	
-14026	1312	-696	3948	-8462	-2234	10641	219	33	250	1246	250	71656303	
-14538	1876	-642	4085	-8589	-1633	10642	222	28	251	1251	251	71656303	
-15288	2638	-890	3982	-8524	-1014	10643	222	28	252	1256	252	71656304	
-16074	3278	-1482	3384	-8243	-362	10644	215	39	253	1261	253	71656304	
-17066	3882	-2532	2305	-7529	196	10645	215	39	254	1266	254	71656304	
-17874	4638	-3644	1121	-6193	637	10646	224	34	255	1271	255	71656304	
-18368	5262	-4406	246	-4456	1008	10647	224	34	256	1276	256	71656312	
-18804	5630	-4494	-323	-2968	1354	10648	220	38	257	1281	257	71656341	
-19684	5778	-4596	-982	-2461	1696	10649	220	38	258	1286	258	71656341	
-21432	5806	-5140	-1800	-2956	2034	10650	216	40	259	1291	259	71656341	
-23490	6088	-5914	-2862	-3809	2308	10651	216	40	260	1296	260	71656341	
-25732	6257	-6576	-4409	-4389	2535	10652	218	42	261	1301	261	71656341	
-26612	6436	-6920	-5563	-4234	2658	10653	219	41	262	1306	262	71656341	
-26569	6617	-7035	-6170	-3335	2750	10654	222	38	263	1311	263	71656346	
-25386	6811	-6970	-6019	-1971	2777	10655	221	37	264	1316	264	71656372	
-23477	6714	-6608	-5212	-622	2669	10656	219	35	265	1321	265	71656386	
-21202	6339	-5812	-3926	310	2447	10657	220	35	266	1326	266	71656386	
-18911	5661	-4754	-2317	529	2196	10658	223	35	267	1331	267	71656386	
-16771	4798	-3776	-533	-36	1973	10659	222	36	268	1336	268	71656386	
-15118	3875	-2690	1185	-1298	1830	10660	218	38	269	1341	269	71656386	
-14296	3271	-2007	2208	-2442	1818	10661	219	38	270	1346	270	71656392	
-13892	2793	-1400	2775	-3372	1885	10662	221	37	271	1351	271	71656407	
-13704	2440	-782	3025	-4089	2051	10663	220	36	272	1356	272	71656419	
-13715	2115	-92	3041	-4335	2273	10664	218	34	273	1361	273	71656419	
-13642	1686	287	2923	-4176	2505	10665	218	35	274	1366	274	71656419	
-13616	1267	624	2673	-3746	2713	10666	220	40	275	1371	275	71656419	
-13776	957	849	2354	-3178	2902	10667	220	42	276	1376	276	71656419	
-14121	716	950	2022	-2519	3034	10668	218	46	277	1381	277	71656419	
-14483	614	877	1785	-1953	3065	10669	220	44	278	1386	278	71656431	
-14856	555	846	1638	-1424	3037	10670	222	40	279	1391	279	71656453	
-15212	484	816	1587	-1013	2952	10671	222	39	280	1396	280	71656458	
-15587	370	644	1598	-788	2797	10672	222	38	281	1401	281	71656458	
-15892	323	569	1594	-709	2575	10673	220	35	282	1406	282	71656459	
-16193	266	458	1554	-694	2306	10674	218	30	283	1411	283	71656459	
-16451	205	334	1493	-715	1990	10675	220	36	284	1416	284	71656459	
-16668	206	301	1413	-809	1616	10677	224	44	285	1421	285	71656464	
-16830	91	294	1345	-912	1239	10678	223	43	286	1426	286	71656485	
-16843	-18	225	1339	-926	913	10679	222	42	287	1431	287	71656496	
-16775	-183	40	1410	-902	658	10680	221	42	288	1436	288	71656496	
-16700	-432	-304	1535	-891	439	10680	220	42	289	1441	289	71656496	
-16609	-716	-701	1684	-905	229	10681	220	44	290	1446	290	71656496	
-16514	-933	-1116	1802	-914	63	10682	219	47	291	1451	291	71656496	
-16476	-1025	-1562	1872	-924	-65	10683	217	43	292	1456	292	71656496	
-16458	-1093	-1823	1884	-1006	-186	10685	214	38	293	1461	293	71656497	
-16596	-1085	-1917	1827	-1198	-317	10686	215	36	294	1466	294	71656502	
-16818	-1076	-1980	1739	-1397	-448	10687	215	35	295	1471	295	71656524	
-17008	-1088	-2124	1619	-1507	-585	10688	215	39	296	1476	296	71656536	
-17190	-1006	-2198	1493	-1535	-713	10689	215	41	297	1481	297	71656536	
-17406	-877	-2078	1411	-1543	-825	10690	218	37	298	1486	298	71656536	
-17585	-738	-1988	1356	-1545	-914	10691	220	34	299	1491	299	71656536	
-17741	-592	-1968	1287	-1523	-978	10692	216	39	300	1496	300	71656536	
-17816	-441	-1922	1184	-1465	-1012	10693	214	42	301	1501	301	71656536	
-17891	-306	-1957	1010	-1362	-1025	10694	221	38	302	1506	302	71656571	
-18034	-178	-2032	793	-1169	-1008	10695	223	37	303	1511	303	71656582	
-18000	-24	-1875	596	-884	-955	10696	217	38	304	1516	304	71656583	
-17902	213	-1874	477	-533	-869	10697	216	38	305	1521	305	71656584	
-17806	357	-1775	441	-230	-776	10698	216	41	306	1526	306	71656585	
-17662	590	-1732	430	67	-675	10699	216	42	307	1531	307	71656585	
-17476	898	-1748	419	360	-550	10700	219	43	308	1536	308	71656586	
-17309	1223	-1734	427	624	-401	10701	221	43	309	1541	309	71656587	
-17123	1637	-1684	477	883	-221	10702	217	39	310	1546	310	71656607	
-16949	2002	-1701	574	1067	-53	10703	216	38	311	1551	311	71656614	
-16777	2288	-1729	748	1207	85	10704	218	41	312	1556	312	71656614	
-16665	2523	-1916	971	1324	215	10705	218	42	313	1561	313	71656614	
-16587	2643	-2218	1206	1433	307	10706	216	40	314	1566	314	71656614	
-16566	2766	-2506	1415	1566	354	10707	216	40	315	1571	315	71656614	
-16497	2806	-2828	1565	1706	363	10708	217	39	316	1576	316	71656614	
-16478	2804	-3009	1629	1864	329	10709	217	39	317	1581	317	71656622	
-16521	2778	-3123	1645	2051	280	10710	219	38	318	1586	318	71656647	
-16572	2752	-3218	1653	2347	201	10711	220	38	319	1591	319	71656654	
-16746	2804	-3258	1643	2663	122	10712	222	38	320	1596	320	71656654	
-16782	2806	-3158	1662	3022	31	10713	222	38	321	1601	321	71656654	
-16718	2790	-3038	1694	3326	-68	10714	224	34	322	1606	322	71656654	
-16604	2828	-3214	1697	3590	-145	10715	224	34	323	1611	323	71656654	
-16606	2855	-3207	1675	3735	-210	10716	214	37	324	1616	324	71656654	
-16587	2914	-3273	1606	3851	-254	10717	212	38	325	1621	325	71656661	
-16724	2920	-3295	1481	3940	-262	10718	214	32	326	1626	326	71656685	
-16894	2834	-3310	1265	4098	-212	10719	215	31	327	1631	327	71656691	
-17006	2704	-3324	1030	4320	-135	10720	220	32	328	1636	328	71656691	
-17178	2730	-3460	725	4579	-24	10721	220	32	329	1641	329	71656691	
-17392	2550	-3476	375	4873	121	10722	216	32	330	1646	330	71656691	
-17518	2416	-3290	32	5175	289	10723	216	32	331	1651	331	71656691	
-17592	2224	-3294	-260	5424	458	10724	216	34	332	1656	332	71656691	
-17592	2110	-3170	-485	5627	635	10725	216	34	333	1661	333	71656692	
-17558	2072	-3090	-607	5722	785	10726	214	28	334	1666	334	71656729	
-17282	2066	-3044	-613	5738	921	10727	214	28	335	1671	335	71656729	
-17087	2024	-3110	-376	5761	1024	10728	221	29	336	1676	336	71656729	
-16851	1957	-3049	-9	5826	1085	10729	220	28	337	1681	337	71656729	
-16668	1991	-2914	482	5906	1131	10730	218	26	338	1686	338	71656729	
-16578	1978	-2751	1013	5954	1173	10731	219	26	339	1691	339	71656729	
-16512	2131	-2443	1562	5996	1219	10732	224	24	340	1696	340	71656731	
-16425	2320	-2123	2116	5976	1261	10733	223	24	341	1701	341	71656743	
-16388	2122	-1830	2647	5891	1329	10734	219	23	342	1706	342	71656766	
-16448	1938	-1522	3181	5574	1431	10735	219	23	343	1711	343	71656767	
-16541	1575	-1374	3393	4896	1553	10736	213	25	344	1716	344	71656768	
-16732	1287	-1448	3316	4171	1703	10737	214	25	345	1721	345	71656768	
-16928	1320	-1718	3033	3420	1886	10738	216	24	346	1726	346	71656768	
-17055	1443	-2040	2658	2782	2119	10739	215	24	347	1731	347	71656768	
-17150	1266	-2394	2377	2268	2400	10740	210	22	348	1736	348	71656769	
-17117	1365	-2686	2219	1875	2710	10741	210	21	349	1741	349	71656781	
-16988	1332	-2928	2176	1606	3029	10742	209	15	350	1746	350	71656804	
-16657	1457	-2946	2299	1410	3375	10743	210	16	351	1751	351	71656804	
-16215	1765	-2947	2618	1253	3713	10744	214	20	352	1756	352	71656804	
-15851	1911	-2967	3028	1149	3977	10745	215	19	353	1761	353	71656804	
-15562	1980	-3049	3477	1083	4234	10746	216	18	354	1766	354	71656804	
-15279	2089	-3217	3767	1084	4487	10747	214	19	355	1771	355	71656804	
-15050	2216	-3397	3832	1099	4769	10748	212	20	356	1776	356	71656820	
-14927	2208	-3550	3696	1075	5097	10749	211	19	357	1781	357	71656845	
-14819	2250	-3684	3397	996	5450	10750	210	18	358	1786	358	71656845	
-14713	2321	-3731	3023	895	5791	10751	210	16	359	1791	359	71656845	
-14618	2395	-3654	2659	834	6140	10752	211	11	360	1796	360	71656845	
-14495	2368	-3434	2287	854	6550	10753	211	13	361	1801	361	71656846	
-14300	2425	-3158	2003	887	6864	10754	211	17	362	1806	362	71656846	
-14111	2479	-2774	1680	865	7143	10755	209	19	363	1811	363	71656848	
-13951	2564	-2424	1238	722	7382	10756	205	21	364	1816	364	71656863	
-13860	2681	-2207	614	398	7589	10757	205	20	365	1821	365	71656880	
-13814	2832	-2117	-166	-108	7774	10758	204	18	366	1826	366	71656880	
-13894	3044	-2080	-1011	-752	7943	10759	205	15	367	1831	367	71656880	
-14067	3294	-1944	-1897	-1497	8104	10761	206	10	368	1836	368	71656880	
-14306	3528	-1656	-2655	-2172	8241	10762	203	13	369	1841	369	71656880	
-14479	3697	-1460	-3148	-2712	8343	10763	201	15	370	1846	370	71656880	
-14531	3838	-1308	-3463	-3195	8417	10764	206	14	371	1851	371	71656899	
-14509	3908	-1106	-3658	-3610	8462	10765	209	13	372	1856	372	71656916	
-14554	3944	-960	-3762	-3931	8477	10766	203	14	373	1861	373	71656919	
-14563	4019	-883	-3806	-4164	8469	10767	199	15	374	1866	374	71656919	
-14498	4100	-790	-3810	-4328	8465	10768	200	18	375	1871	375	71656919	
-14449	4115	-719	-3759	-4469	8487	10769	200	20	376	1876	376	71656919	
-14430	4180	-634	-3634	-4652	8554	10770	199	22	377	1881	377	71656919	
-14413	4252	-752	-3496	-4849	8620	10771	199	23	378	1886	378	71656919	
-14434	4325	-810	-3348	-5134	8706	10772	199	19	379	1891	379	71656936	
-14489	4480	-803	-3187	-5532	8806	10773	199	17	380	1896	380	71656947	
-14652	4665	-659	-2981	-5987	8903	10774	198	21	381	1901	381	71656947	
-14810	4759	-626	-2674	-6471	8991	10775	197	23	382	1906	382	71656947	
-14955	4852	-818	-2302	-6902	9038	10776	196	22	383	1911	383	71656947	
-15137	5036	-1309	-2034	-7210	9017	10777	196	22	384	1916	384	71656948	
-15396	5290	-1816	-1939	-7343	8905	10778	191	26	385	1921	385	71656948	
-15427	5584	-1824	-1733	-7237	8744	10779	189	27	386	1926	386	71656954	
-15407	5711	-1702	-1192	-7101	8578	10780	191	24	387	1931	387	71656988	
-15354	5710	-1866	-550	-7064	8414	10781	191	23	388	1936	388	71656997	
-15356	5698	-1912	-158	-7048	8215	10782	189	27	389	1941	389	71656997	
-15448	5808	-1878	-58	-7051	7988	10783	188	28	390	1946	390	71656997	
-15483	6039	-1654	-50	-7047	7724	10784	185	23	391	1951	391	71656997	
-15454	6250	-1419	71	-7053	7464	10785	184	22	392	1956	392	71656998	
-15465	6405	-1312	236	-7179	7211	10786	185	28	393	1961	393	71656998	
-15576	6462	-1524	306	-7494	6887	10787	185	29	394	1966	394	71656998	
-15724	6634	-1834	221	-7806	6575	10788	179	29	395	1971	395	71657026	
-15952	6842	-2206	102	-8025	6276	10789	179	29	396	1976	396	71657026	
-16184	7020	-2240	20	-8215	5970	10790	181	25	397	1981	397	71657026	
-16292	7122	-2405	-1	-8379	5732	10791	181	25	398	1986	398	71657026	
-16429	7100	-2435	17	-8487	5477	10792	179	31	399	1991	399	71657027	
-16576	7096	-2349	58	-8361	5199	10793	178	32	400	1996	400	71657027	
-16553	7124	-2442	125	-7997	4875	10794	180	34	401	2001	401	71657033	
-16586	7166	-2612	370	-7406	4476	10795	180	34	402	2006	402	71657057	
-16578	7088	-2900	670	-6818	4140	10796	175	37	403	2011	403	71657057	
-16722	6894	-3220	1133	-6151	3820	10797	175	37	404	2016	404	71657057	
-16620	6762	-3382	1681	-5570	3535	10798	173	35	405	2021	405	71657069	
-16492	6402	-3276	2194	-5188	3284	10799	173	35	406	2026	406	71657086	
-16288	6088	-3286	2516	-4997	3025	10800	166	38	407	2031	407	71657086	
-16224	5896	-3072	2677	-4942	2734	10801	166	38	408	2036	408	71657086	
-16242	5676	-3020	2817	-4961	2417	10802	170	40	409	2041	409	71657086	
-16322	5406	-3112	3009	-4896	2057	10803	170	40	410	2046	410	71657086	
-16444	5094	-3133	3270	-4624	1554	10804	168	40	411	2051	411	71657086	
-16463	4806	-3108	3520	-4236	1092	10805	169	39	412	2056	412	71657086	
-16465	4601	-3054	3809	-3770	604	10806	171	35	413	2061	413	71657089	
-16278	4350	-2863	4073	-3311	114	10807	171	35	414	2066	414	71657101	
-16192	4135	-2704	4254	-2876	-364	10808	172	34	415	2071	415	71657123	
-16018	3970	-2665	4394	-2462	-828	10809	171	33	416	2076	416	71657123	
-15786	3758	-2550	4498	-2099	-1235	10810	168	30	417	2081	417	71657123	
-15664	3682	-2436	4664	-1720	-1717	10811	168	30	418	2086	418	71657123	
-15413	3496	-2219	4930	-1401	-2280	10812	169	37	419	2091	419	71657145	
-15200	3499	-2083	5109	-1219	-2730	10813	169	35	420	2096	420	71657155	
-14904	3500	-1744	5158	-1148	-3140	10814	167	29	421	2101	421	71657155	
-14766	3636	-1659	5039	-1312	-3499	10815	165	29	422	2106	422	71657155	
-14936	3850	-1935	4820	-1561	-3802	10816	159	29	423	2111	423	71657155	
-15324	3959	-1986	4540	-1696	-4051	10817	159	31	424	2116	424	71657155	
-15413	4133	-1834	4215	-1732	-4246	10818	159	37	425	2121	425	71657157	
-15466	4384	-1527	3835	-1835	-4453	10819	161	36	426	2126	426	71657170	
-15559	4616	-1731	3483	-2028	-4735	10820	165	31	427	2131	427	71657192	
-15698	4831	-1806	3192	-2251	-4996	10821	166	31	428	2136	428	71657192	
-15829	5026	-1768	2910	-2617	-5250	10822	167	31	429	2141	429	71657192	
-16051	5156	-1784	2572	-3203	-5472	10823	166	32	430	2146	430	71657192	
-16444	5357	-2026	2092	-3917	-5643	10824	165	33	431	2151	431	71657192	
-16976	5587	-2453	1503	-4491	-5759	10825	167	32	432	2156	432	71657192	
-17527	5905	-3002	925	-4628	-5814	10826	171	31	433	2161	433	71657204	
-18026	6284	-3509	514	-4227	-5791	10827	169	30	434	2166	434	71657225	
-18398	6604	-4009	348	-3319	-5630	10829	167	29	435	2171	435	71657234	
-18570	6767	-4468	433	-2266	-5341	10830	163	30	436	2176	436	71657238	
-18878	6806	-4724	575	-1496	-5022	10831	161	31	437	2181	437	71657238	
-19444	6770	-4925	711	-847	-4650	10831	163	33	438	2186	438	71657238	
-20239	6675	-5213	754	-284	-4196	10832	165	35	439	2191	439	71657239	
-21230	6508	-5553	542	94	-3729	10833	164	34	440	2196	440	71657239	
-22415	6353	-5908	22	352	-3329	10834	162	32	441	2201	441	71657266	
-23569	6533	-6242	-797	686	-3026	10835	161	33	442	2206	442	71657309	
-24572	6882	-6338	-1778	1368	-2764	10837	159	35	443	2211	443	71657314	
-25011	7027	-5938	-2428	2376	-2623	10838	162	33	444	2216	444	71657314	
-24568	6383	-5238	-2526	3454	-2679	10839	164	32	445	2221	445	71657314	
-23572	5431	-4431	-2338	4434	-2936	10840	160	28	446	2226	446	71657314	
-22389	4592	-3256	-2086	5008	-3291	10841	158	26	447	2231	447	71657314	
-21102	3790	-1814	-1677	4982	-3604	10842	160	28	448	2236	448	71657314	
-19749	2886	-138	-997	4509	-3853	10843	161	29	449	2241	449	71657337	
-18390	2006	1504	-98	3853	-4075	10844	164	30	450	2246	450	71657352	
-16989	1129	2993	947	3196	-4300	10845	166	30	451	2251	451	71657352	
-15514	234	4448	2131	2525	-4532	10846	157	29	452	2256	452	71657352	
-14641	-368	5250	2805	1744	-4770	10847	154	28	453	2261	453	71657352	
-12840	-920	5764	2881	821	-4819	10848	158	34	454	2266	454	71657352	
-12173	-926	5769	2313	-337	-4937	10849	159	35	455	2271	455	71657352	
-11902	-642	5136	1520	-1412	-4939	10850	161	30	456	2276	456	71657352	
-11357	-551	4246	627	-1938	-4905	10851	161	29	457	2281	457	71657352	
-11214	-423	3626	-375	-2190	-4896	10852	157	32	458	2286	458	71657353	
-11210	-343	3160	-1439	-2271	-4914	10853	155	33	459	2291	459	71657353	
-11325	-572	3098	-2349	-2122	-4963	10854	156	28	460	2296	460	71657353	
-11722	-1070	3254	-2681	-2211	-4961	10855	156	26	461	2301	461	71657353	
-12468	-1689	3322	-2806	-2671	-4878	10856	158	28	462	2306	462	71657358	
-13262	-2151	3153	-3038	-3344	-4749	10857	158	28	463	2311	463	71657359	
-14846	-2612	2508	-3513	-4051	-4649	10858	159	27	464	2316	464	71657359	
-16084	-2845	1808	-4439	-4246	-4597	10859	159	27	465	2321	465	71657359	
-16917	-2826	1168	-5660	-3966	-4599	10860	157	33	466	2326	466	71657384	
-17350	-2441	687	-6991	-3431	-4626	10861	157	35	467	2331	467	71657390	
-17383	-1698	310	-8260	-2886	-4678	10862	158	34	468	2336	468	71657390	
-17256	-736	-274	-9474	-2501	-4712	10863	158	34	469	2341	469	71657390	
-17226	-118	-534	-10113	-2553	-4669	10864	160	36	470	2346	470	71657390	
-17206	396	-1130	-10401	-2806	-4578	10865	160	36	471	2351	471	71657390	
-17232	672	-1244	-10317	-3132	-4478	10866	161	35	472	2356	472	71657390	
-17358	796	-1406	-9906	-3464	-4366	10867	161	35	473	2361	473	71657399	
-17454	786	-1530	-9246	-3790	-4246	10868	158	40	474	2366	474	71657428	
-17716	780	-1486	-8404	-4114	-4072	10869	158	40	475	2371	475	71657428	
-17853	692	-1501	-7606	-4385	-3874	10870	159	46	476	2376	476	71657428	
-18048	456	-1400	-6417	-4652	-3547	10871	159	47	477	2381	477	71657429	
-18122	276	-1202	-5302	-4760	-3231	10872	160	48	478	2386	478	71657429	
-18170	-42	-978	-4188	-4765	-2922	10873	160	48	479	2391	479	71657429	
-18046	-356	-838	-3111	-4678	-2623	10874	155	43	480	2396	480	71657429	
-17888	-570	-688	-2187	-4486	-2379	10875	155	43	481	2401	481	71657439	
-17718	-770	-668	-1407	-4156	-2210	10876	157	47	482	2406	482	71657466	
-17282	-720	-436	-690	-3790	-2111	10877	157	47	483	2411	483	71657466	
-16932	-834	-140	28	-3484	-2038	10878	159	49	484	2416	484	71657466	
-16630	-1082	-234	684	-3373	-1998	10879	159	49	485	2421	485	71657466	
-16390	-1369	-532	1117	-3294	-2043	10880	158	48	486	2426	486	71657466	
-16412	-1480	-609	1262	-3163	-2147	10881	158	48	487	2431	487	71657466	
-16412	-1563	-503	1386	-2992	-2303	10882	158	50	488	2436	488	71657474	
-16432	-1626	-309	1642	-2766	-2496	10883	158	48	489	2441	489	71657505	
-16283	-1700	76	2023	-2539	-2710	10884	156	42	490	2446	490	71657505	
-16261	-1863	478	2427	-2397	-2938	10885	155	42	491	2451	491	71657506	
-16231	-1948	922	2727	-2354	-3167	10886	153	43	492	2456	492	71657506	
-16126	-2035	1252	2855	-2409	-3395	10887	153	43	493	2461	493	71657506	
-16137	-2183	1523	2802	-2554	-3592	10888	152	44	494	2466	494	71657506	
-16190	-2186	1479	2629	-2695	-3724	10889	153	44	495	2471	495	71657507	
-16207	-2023	1328	2265	-2780	-3856	10890	155	45	496	2476	496	71657518	
-16242	-1739	908	1791	-2747	-3968	10891	155	44	497	2481	497	71657540	
-16338	-1493	622	1344	-2600	-4060	10892	154	40	498	2486	498	71657540	
-16411	-1248	400	1118	-2343	-4096	10893	154	41	499	2491	499	71657540	
-16583	-1042	358	1145	-2021	-4079	10894	152	46	500	2496	500	71657540	
-16749	-958	380	1382	-1682	-4004	10895	152	46	501	2501	501	71657540	
-16828	-922	597	1792	-1446	-3845	10896	151	45	502	2506	502	71657540	
-16907	-974	623	2233	-1391	-3662	10897	152	44	503	2511	503	71657548	
-16927	-930	573	2631	-1430	-3454	10898	153	43	504	2516	504	71657564	
-16938	-720	459	2862	-1482	-3228	10899	153	44	505	2521	505	71657573	
-16874	-529	216	2931	-1472	-2972	10900	153	45	506	2526	506	71657574	
-16901	-463	-34	2856	-1419	-2699	10901	153	47	507	2531	507	71657575	
-16979	-351	-301	2604	-1352	-2463	10902	153	51	508	2536	508	71657575	
-16995	-223	-577	2263	-1275	-2274	10903	151	47	509	2541	509	71657575	
-17063	-37	-857	1974	-1256	-2049	10905	149	41	510	2546	510	71657578	
-17089	125	-1294	1904	-1351	-1767	10906	154	43	511	2551	511	71657597	
-17142	172	-1528	1977	-1479	-1498	10907	157	45	512	2556	512	71657610	
-17181	131	-1458	2052	-1621	-1240	10907	154	45	513	2561	513	71657610	
-17189	46	-1059	1984	-1776	-1028	10908	150	46	514	2566	514	71657610	
-17162	22	-520	1684	-1895	-917	10909	153	44	515	2571	515	71657610	
-17102	56	-66	1244	-1968	-888	10910	157	41	516	2576	516	71657610	
-17054	109	285	804	-2004	-887	10911	154	43	517	2581	517	71657610	
-16946	46	559	344	-2066	-879	10913	149	45	518	2586	518	71657624	
-16861	41	628	-182	-2155	-863	10914	153	44	519	2591	519	71657643	
-16817	99	740	-710	-2216	-839	10915	155	43	520	2596	520	71657647	
-16829	165	961	-1204	-2219	-802	10916	157	42	521	2601	521	71657647	
-16754	276	1066	-1573	-2106	-741	10917	158	42	522	2606	522	71657647	
-16520	280	1154	-1804	-1915	-675	10918	158	41	523	2611	523	71657647	
-16286	213	1285	-1962	-1757	-598	10919	158	40	524	2616	524	71657652	
-16094	253	1444	-2108	-1722	-510	10920	153	45	525	2621	525	71657673	
-15972	406	1510	-2212	-1834	-401	10921	150	48	526	2626	526	71657685	
-15927	567	1527	-2229	-2073	-257	10922	152	46	527	2631	527	71657685	
-15928	753	1328	-2146	-2260	-136	10923	153	45	528	2636	528	71657686	
-15919	920	1287	-1997	-2376	-25	10924	149	43	529	2641	529	71657686	
-15949	967	1138	-1842	-2446	71	10925	148	42	530	2646	530	71657686	
-16072	1228	929	-1647	-2522	174	10926	146	45	531	2651	531	71657687	
-16203	1326	655	-1323	-2621	295	10927	145	47	532	2656	532	71657697	
-16365	1153	519	-852	-2719	424	10928	148	48	533	2661	533	71657715	
-16570	1202	658	-442	-2787	515	10929	150	48	534	2666	534	71657723	
-16726	1343	660	98	-2846	561	10930	148	49	535	2671	535	71657723	
-16808	1398	375	803	-2894	584	10931	147	49	536	2676	536	71657724	
-16891	1379	218	1371	-2945	589	10932	147	46	537	2681	537	71657725	
-16980	1258	66	1736	-2986	576	10933	147	45	538	2686	538	71657726	
-17129	1121	-118	1834	-2978	532	10934	148	51	539	2691	539	71657730	
-17208	1020	-130	1636	-2890	473	10935	148	52	540	2696	540	71657753	
-17321	893	-31	1274	-2699	422	10936	149	51	541	2701	541	71657760	
-17376	852	77	850	-2448	396	10937	149	51	542	2706	542	71657760	
-17414	747	184	442	-2175	371	10938	148	47	543	2711	543	71657760	
-17456	642	260	-95	-1831	328	10939	148	46	544	2716	544	71657760	
-17428	568	328	-573	-1539	254	10940	146	48	545	2721	545	71657760	
-17520	480	328	-901	-1175	184	10941	146	48	546	2726	546	71657760	
-17366	260	512	-1035	-790	119	10942	147	51	547	2731	547	71657768	
-17236	47	562	-1116	-545	45	10943	147	51	548	2736	548	71657787	
-17176	-334	666	-1254	-382	-58	10944	145	49	549	2741	549	71657791	
-17120	-688	650	-1472	-302	-205	10945	145	49	550	2746	550	71657791	
-17095	-1082	640	-1794	-291	-371	10946	149	48	551	2751	551	71657791	
-17138	-1498	742	-2213	-306	-594	10947	150	48	552	2756	552	71657791	
-17154	-1920	738	-2526	-311	-775	10948	143	51	553	2761	553	71657791	
-17380	-2262	774	-2709	-344	-998	10949	143	51	554	2766	554	71657792	
-17628	-2450	1242	-2716	-395	-1210	10950	147	55	555	2771	555	71657832	
-17806	-2486	1994	-2432	-484	-1438	10951	147	55	556	2776	556	71657832	
-18026	-2616	2670	-1837	-621	-1658	10952	145	53	557	2781	557	71657832	
-18030	-2702	3060	-1147	-837	-1889	10953	145	53	558	2786	558	71657832	
-18044	-2550	3214	-580	-1071	-2083	10954	149	53	559	2791	559	71657832	
-18124	-2440	3244	-249	-1373	-2240	10955	149	53	560	2796	560	71657832	
-17804	-2474	2989	-523	-1817	-2353	10956	149	49	561	2801	561	71657847	
