-16606	1878	696	1419	-830	516	-218	296	-4	1	1	1	67922893	
-16648	1850	572	1904	-828	617	-213	301	1	2	6	2	67922893	
-16678	1688	452	2360	-729	676	-213	301	1	3	11	3	67922893	
-16476	1396	344	2867	-526	702	-209	303	-1	4	16	4	67922900	
-16303	1147	256	3189	-355	712	-210	304	-1	5	21	5	67922922	
-16163	804	69	3378	-209	680	-213	309	1	6	26	6	67922922	
-16036	532	-178	3417	-146	634	-214	308	0	7	31	7	67922922	
-16054	180	-435	3292	-164	567	-220	302	-4	8	36	8	67922922	
-16197	-176	-679	3001	-209	470	-220	302	-3	9	41	9	67922922	
-16422	-434	-932	2523	-304	368	-219	303	-1	10	46	10	67922922	
-16732	-572	-1176	1891	-429	288	-217	303	-2	11	51	11	67922924	
-17121	-718	-1311	1134	-549	227	-211	301	-5	12	56	12	67922940	
-17623	-714	-1413	305	-638	230	-214	300	-2	13	61	13	67922959	
-17979	-539	-1247	-334	-660	270	-218	298	2	14	66	14	67922959	
-18183	-272	-978	-796	-622	352	-217	300	0	15	71	15	67922959	
-18351	56	-672	-1032	-540	476	-216	302	-2	16	76	16	67922960	
-18448	285	-362	-1015	-424	598	-219	303	-2	17	81	17	67922960	
-18463	451	-268	-808	-317	709	-223	305	-1	18	86	18	67922973	
-18410	651	-296	-526	-249	820	-223	304	-1	19	91	19	67923000	
-18254	757	-482	-140	-211	948	-221	301	-1	20	96	20	67923000	
-18122	695	-756	260	-208	1020	-221	302	-3	21	101	21	67923000	
-18011	710	-1094	522	-258	1065	-221	303	-7	22	106	22	67923001	
-17907	569	-1610	724	-330	1092	-221	301	-6	23	111	23	67923001	
-17733	372	-2168	855	-353	1086	-220	298	-4	24	116	24	67923001	
-17529	66	-2695	910	-303	1044	-220	300	-3	25	121	25	67923003	
-17312	-286	-3104	858	-171	950	-220	304	-2	26	126	26	67923016	
-17086	-557	-3371	667	25	805	-220	305	-1	27	131	27	67923032	
-16908	-850	-3676	352	251	643	-220	306	0	28	136	28	67923032	
-16664	-1149	-3853	-130	471	475	-221	306	-2	29	141	29	67923032	
-16420	-1354	-3882	-735	626	304	-221	305	-3	30	146	30	67923032	
-16214	-1450	-3868	-1375	710	169	-216	305	-3	31	151	31	67923032	
-16088	-1402	-3814	-2074	738	60	-213	305	-3	32	156	32	67923032	
-15950	-1154	-3628	-2769	707	-7	-219	304	-3	33	161	33	67923055	
-15837	-760	-3420	-3366	629	-27	-223	303	-3	34	166	34	67923070	
-15783	-384	-3187	-3821	505	-8	-221	305	-2	35	171	35	67923070	
-15779	20	-2857	-4115	320	30	-219	307	-1	36	176	36	67923070	
-15864	526	-2529	-4233	75	92	-215	303	-4	37	181	37	67923070	
-15956	953	-2172	-4211	-196	176	-212	300	-6	38	186	38	67923070	
-16139	1291	-1874	-4080	-468	279	-217	304	-5	39	191	39	67923070	
-16456	1537	-1660	-3888	-674	401	-221	307	-5	40	196	40	67923070	
-16734	1715	-1414	-3651	-765	529	-219	304	-2	41	201	41	67923096	
-16948	1832	-1201	-3381	-720	635	-218	302	0	42	206	42	67923115	
-17131	1889	-980	-3082	-541	722	-219	302	-1	43	211	43	67923116	
-17170	1835	-878	-2775	-263	805	-220	302	-2	44	216	44	67923116	
-17124	1771	-852	-2497	67	879	-219	302	-4	45	221	45	67923116	
-17090	1604	-938	-2251	476	942	-218	302	-6	46	226	46	67923116	
-16961	1434	-1076	-2112	825	981	-217	303	0	47	231	47	67923138	
-16727	1260	-1155	-2051	1136	980	-217	303	1	48	236	48	67923152	
-16522	1165	-1291	-2066	1407	958	-219	304	0	49	241	49	67923154	
-16337	1070	-1444	-2118	1621	916	-220	304	0	50	246	50	67923154	
-16118	968	-1552	-2156	1751	858	-219	303	1	51	251	51	67923154	
-15931	884	-1694	-2196	1808	783	-219	303	1	52	256	52	67923154	
-15845	798	-1857	-2239	1791	713	-221	305	-2	53	261	53	67923154	
-15762	698	-2030	-2322	1680	605	-221	305	-3	54	266	54	67923154	
-15765	720	-2175	-2407	1548	536	-215	304	0	55	271	55	67923154	
-15785	641	-2289	-2550	1380	440	-214	304	0	56	276	56	67923154	
-15825	631	-2379	-2712	1213	306	-217	304	-3	57	281	57	67923225	
-15930	680	-2503	-2873	1090	177	-218	304	-4	58	286	58	67923243	
-16085	814	-2424	-3031	1009	50	-217	306	-5	59	291	59	67923243	
-16096	906	-2350	-3164	1004	-67	-217	307	-5	60	296	60	67923243	
-16167	1015	-2205	-3256	1067	-158	-215	303	-7	61	301	61	67923244	
-16064	1116	-2022	-3290	1122	-226	-214	302	-8	62	306	62	67923244	
-16108	1170	-1972	-3243	1155	-315	-216	302	-4	63	311	63	67923244	
-16100	1214	-1878	-3167	1126	-393	-216	302	-4	64	316	64	67923254	
-16044	1220	-1842	-3066	1077	-483	-216	308	-8	65	321	65	67923283	
-15962	1138	-1826	-2995	951	-575	-216	308	-8	66	326	66	67923283	
-15916	1062	-1738	-2905	801	-669	-218	300	6	67	331	67	67923283	
-15918	956	-1858	-2852	634	-756	-218	300	6	68	336	68	67923283	
-15998	784	-1914	-2844	461	-850	-219	301	-3	69	341	69	67923283	
-16028	692	-1936	-2860	309	-937	-219	301	-3	70	346	70	67923283	
-16116	495	-1916	-2931	202	-1036	-218	304	4	71	351	71	67923283	
-16259	406	-1977	-3001	130	-1115	-217	304	3	72	356	72	67923283	
-16530	342	-2109	-3105	79	-1200	-215	303	-3	73	361	73	67923283	
-16658	250	-2076	-3212	52	-1281	-215	303	-3	74	366	74	67923283	
-16798	182	-2044	-3367	53	-1348	-213	303	-3	75	371	75	67923283	
-17028	212	-2008	-3547	75	-1426	-213	303	-3	76	376	76	67923283	
-17112	348	-1900	-3717	135	-1492	-216	302	2	77	381	77	67923293	
-17088	284	-1930	-3832	193	-1548	-216	302	2	78	386	78	67923293	
-16990	385	-1834	-3840	280	-1650	-216	302	-6	79	391	79	67923293	
-16932	439	-1751	-3790	370	-1714	-215	303	-4	80	396	80	67923293	
-16784	506	-1628	-3637	492	-1761	-209	305	3	81	401	81	67923293	
-16627	584	-1606	-3397	624	-1784	-210	306	2	82	406	82	67923301	
-16661	540	-1650	-3104	779	-1783	-215	311	-1	83	411	83	67923336	
-16590	491	-1651	-2802	949	-1748	-215	310	0	84	416	84	67923338	
-16560	441	-1702	-2519	1118	-1710	-216	306	2	85	421	85	67923338	
-16470	378	-1736	-2307	1279	-1688	-216	306	0	86	426	86	67923338	
-16362	479	-1783	-2153	1436	-1672	-214	306	-8	87	431	87	67923338	
-16373	519	-1791	-2037	1559	-1682	-212	307	-6	88	436	88	67923338	
-16331	514	-1706	-1993	1618	-1697	-210	308	-4	89	441	89	67923340	
-16420	436	-1711	-2013	1633	-1702	-211	307	-4	90	446	90	67923353	
-16478	278	-1826	-2066	1642	-1712	-213	305	-3	91	451	91	67923369	
-16502	90	-1882	-2140	1660	-1716	-214	305	-1	92	456	92	67923369	
-16548	-70	-1854	-2244	1702	-1709	-219	305	7	93	461	93	67923370	
-16619	-228	-1960	-2367	1765	-1694	-218	305	4	94	466	94	67923370	
-16652	-391	-1897	-2515	1830	-1667	-214	304	-6	95	471	95	67923370	
-16646	-446	-2042	-2680	1890	-1621	-214	305	-6	96	476	96	67923370	
-16663	-460	-2094	-2825	1943	-1580	-215	307	-7	97	481	97	67923370	
-16706	-463	-2177	-2957	1977	-1560	-214	306	-6	98	486	98	67923370	
-16706	-384	-2192	-3067	1995	-1557	-213	305	-5	99	491	99	67923385	
-16784	-249	-2193	-3138	1995	-1556	-212	304	-6	100	496	100	67923408	
-16797	-114	-2173	-3150	1969	-1568	-211	303	-7	101	501	101	67923408	
-16735	20	-2154	-3126	1911	-1567	-212	303	-7	102	506	102	67923408	
-16702	170	-2106	-3080	1853	-1541	-214	304	-6	103	511	103	67923408	
-16651	331	-1993	-3028	1808	-1505	-213	305	-4	104	516	104	67923408	
-16602	406	-1921	-3014	1763	-1469	-212	306	-2	105	521	105	67923408	
-16544	410	-1836	-3046	1709	-1423	-211	303	-5	106	526	106	67923408	
-16448	341	-1771	-3111	1629	-1387	-211	301	-7	107	531	107	67923413	
-16411	303	-1698	-3218	1509	-1345	-213	304	-6	108	536	108	67923432	
-16467	244	-1592	-3355	1364	-1288	-214	306	-6	109	541	109	67923442	
-16538	149	-1573	-3472	1235	-1232	-215	306	-6	110	546	110	67923442	
-16577	44	-1617	-3562	1132	-1168	-216	306	-6	111	551	111	67923442	
-16596	-98	-1623	-3621	1062	-1081	-214	308	-6	112	556	112	67923442	
-16599	-269	-1660	-3639	1057	-998	-211	309	-5	113	561	113	67923442	
-16573	-381	-1775	-3630	1102	-918	-212	308	-2	114	566	114	67923442	
-16549	-452	-1764	-3564	1162	-831	-212	308	0	115	571	115	67923464	
-16543	-566	-1748	-3449	1216	-748	-212	306	-4	116	576	116	67923479	
-16482	-608	-1743	-3332	1265	-668	-212	304	-6	117	581	117	67923480	
-16404	-587	-1753	-3252	1313	-602	-212	303	-6	118	586	118	67923480	
-16363	-563	-1781	-3219	1354	-566	-212	302	-6	119	591	119	67923480	
-16278	-560	-1744	-3223	1372	-555	-211	303	-8	120	596	120	67923480	
-16252	-541	-1659	-3276	1373	-541	-211	303	-9	121	601	121	67923480	
-16329	-460	-1650	-3382	1378	-555	-210	310	-7	122	606	122	67923480	
-16399	-389	-1670	-3527	1391	-579	-210	312	-6	123	611	123	67923514	
-16602	-317	-1735	-3703	1403	-640	-213	310	-9	124	616	124	67923522	
-16703	-112	-1771	-3870	1393	-684	-214	310	-10	125	621	125	67923522	
-16790	2	-1858	-4000	1384	-714	-211	305	-5	126	626	126	67923522	
-16862	50	-1894	-4085	1371	-740	-210	304	-4	127	631	127	67923522	
-16853	71	-1879	-4119	1380	-774	-207	304	-7	128	636	128	67923522	
-16809	126	-1933	-4104	1381	-811	-206	304	-8	129	641	129	67923550	
-16697	169	-1967	-4015	1384	-830	-212	308	-6	130	646	130	67923560	
-16501	53	-2013	-3889	1345	-830	-213	309	-5	131	651	131	67923560	
-16332	-192	-2074	-3768	1306	-836	-213	309	-8	132	656	132	67923560	
-16230	-379	-1998	-3681	1259	-838	-213	309	-9	133	661	133	67923560	
-16106	-502	-1976	-3607	1188	-842	-212	307	-3	134	666	134	67923560	
