-8114	-12584	-6085	-356	-41	74	6	156	-56	1	1	1	67789016	
-8052	-12584	-6046	-352	-86	46	6	156	-58	2	6	2	67789018	
-8017	-12618	-5983	-366	-153	31	7	155	-63	3	11	3	67789033	
-8005	-12676	-6018	-389	-206	21	6	155	-62	4	16	4	67789050	
-8006	-12691	-6103	-414	-264	16	4	156	-60	5	21	5	67789050	
-8041	-12708	-6081	-436	-325	19	4	157	-59	6	26	6	67789050	
-8025	-12751	-6090	-444	-356	15	5	159	-57	7	31	7	67789050	
-8060	-12769	-6119	-457	-385	3	7	157	-59	8	36	8	67789051	
-8081	-12718	-6160	-474	-415	-10	9	153	-61	9	41	9	67789051	
-8075	-12707	-6111	-476	-445	-13	9	157	-60	10	46	10	67789066	
-8102	-12719	-6108	-447	-464	-19	10	164	-58	11	51	11	67789089	
-8132	-12749	-6156	-414	-471	-40	11	161	-56	12	56	12	67789090	
-8127	-12789	-6194	-385	-487	-75	11	159	-55	13	61	13	67789090	
-8186	-12802	-6136	-348	-496	-94	13	157	-56	14	66	14	67789090	
-8223	-12787	-6071	-313	-503	-105	14	156	-56	15	71	15	67789090	
-8236	-12788	-6118	-297	-495	-110	7	152	-57	16	76	16	67789090	
-8278	-12746	-6124	-292	-466	-110	3	149	-57	17	81	17	67789090	
-8302	-12695	-6025	-291	-445	-102	7	149	-59	18	86	18	67789091	
-8342	-12656	-5996	-296	-425	-68	9	149	-61	19	91	19	67789091	
-8334	-12611	-5968	-297	-400	-13	4	153	-62	20	96	20	67789091	
-8341	-12527	-5877	-298	-381	53	2	154	-62	21	101	21	67789091	
-8327	-12506	-5847	-286	-354	134	9	155	-58	22	106	22	67789091	
-8357	-12501	-5906	-255	-314	217	11	155	-57	23	111	23	67789098	
-8398	-12455	-5869	-236	-291	310	8	158	-57	24	116	24	67789100	
-8438	-12500	-5749	-227	-287	401	7	159	-57	25	121	25	67789100	
-8488	-12504	-5842	-224	-281	502	5	158	-58	26	126	26	67789123	
-8586	-12478	-5787	-221	-263	613	4	158	-58	27	131	27	67789129	
-8710	-12414	-5788	-210	-209	738	7	155	-57	28	136	28	67789129	
-8690	-12439	-5806	-194	-157	829	7	155	-57	29	141	29	67789129	
-8632	-12473	-5824	-173	-120	928	4	152	-59	30	146	30	67789129	
-8637	-12488	-5866	-154	-81	1010	3	151	-59	31	151	31	67789129	
-8661	-12474	-5983	-140	-62	1081	4	153	-60	32	156	32	67789130	
-8653	-12507	-5973	-110	-43	1114	4	154	-60	33	161	33	67789137	
-8706	-12614	-6055	-69	-6	1127	6	156	-59	34	166	34	67789160	
-8667	-12707	-6156	-24	35	1116	7	157	-59	35	171	35	67789165	
-8638	-12828	-6064	-5	95	1092	4	152	-58	36	176	36	67789165	
-8678	-12904	-6190	-12	137	1035	4	152	-58	37	181	37	67789165	
-8608	-12896	-6146	-9	149	985	12	150	-56	38	186	38	67789165	
-8548	-12876	-6124	-3	209	914	12	150	-56	39	191	39	67789166	
-8430	-12848	-5898	77	274	825	11	153	-57	40	196	40	67789166	
-8370	-12890	-5956	137	315	747	11	153	-57	41	201	41	67789166	
-8212	-12872	-5984	130	315	690	5	153	-57	42	206	42	67789202	
-8182	-12944	-5936	28	285	652	5	153	-57	43	211	43	67789221	
-8182	-12916	-5894	-106	233	603	2	152	-58	44	216	44	67789221	
-8199	-12898	-5806	-196	134	559	4	152	-58	45	221	45	67789222	
-8165	-12861	-5875	-238	62	517	10	154	-58	46	226	46	67789223	
-8250	-12884	-5957	-268	-3	460	8	154	-59	47	231	47	67789224	
-8270	-12950	-5978	-329	-65	417	2	152	-62	48	236	48	67789224	
-8203	-13032	-6082	-441	-103	379	3	153	-62	49	241	49	67789229	
-8142	-13067	-6144	-581	-142	338	9	155	-61	50	246	50	67789245	
-8104	-13135	-6242	-753	-182	321	7	155	-59	51	251	51	67789248	
-8122	-13075	-6327	-945	-227	309	1	153	-53	52	256	52	67789248	
-8153	-12954	-6377	-1155	-285	319	2	156	-56	53	261	53	67789248	
-8219	-12798	-6404	-1317	-327	321	4	160	-60	54	266	54	67789248	
-8328	-12523	-6345	-1409	-351	328	5	160	-59	55	271	55	67789248	
-8356	-12301	-6239	-1397	-342	331	7	159	-57	56	276	56	67789248	
-8350	-12113	-6252	-1300	-302	309	6	157	-57	57	281	57	67789248	
-8296	-12091	-6311	-1128	-260	281	3	151	-59	58	286	58	67789254	
-8252	-12216	-6350	-956	-248	225	3	152	-58	59	291	59	67789274	
-8258	-12363	-6321	-825	-277	142	5	157	-55	60	296	60	67789276	
-8301	-12467	-6297	-740	-311	101	5	158	-56	61	301	61	67789276	
-8503	-12556	-6316	-697	-329	76	6	160	-58	62	306	62	67789276	
-8543	-12564	-6284	-689	-309	74	6	160	-57	63	311	63	67789277	
-8534	-12548	-6321	-695	-282	80	5	159	-55	64	316	64	67789277	
-8498	-12513	-6360	-703	-256	86	6	157	-57	65	321	65	67789277	
-8446	-12530	-6370	-708	-234	105	7	153	-59	66	326	66	67789285	
-8458	-12472	-6298	-690	-222	115	5	155	-61	67	331	67	67789308	
-8420	-12344	-6289	-648	-211	111	3	157	-63	68	336	68	67789324	
-8401	-12318	-6274	-585	-189	110	3	155	-61	69	341	69	67789324	
-8424	-12256	-6289	-506	-160	109	3	153	-59	70	346	70	67789324	
-8429	-12246	-6258	-429	-140	118	2	155	-58	71	351	71	67789324	
-8396	-12256	-6252	-350	-121	143	2	156	-58	72	356	72	67789331	
-8355	-12248	-6258	-276	-109	170	2	152	-58	73	361	73	67789353	
-8344	-12232	-6290	-221	-101	195	2	150	-58	74	366	74	67789364	
-8353	-12264	-6342	-169	-93	222	3	152	-58	75	371	75	67789364	
-8355	-12313	-6316	-121	-86	236	4	154	-58	76	376	76	67789364	
-8350	-12341	-6226	-77	-81	249	6	153	-63	77	381	77	67789364	
-8386	-12329	-6196	-31	-76	279	7	153	-67	78	386	78	67789364	
-8398	-12396	-6206	-16	-71	325	7	150	-61	79	391	79	67789364	
-8353	-12408	-6149	-3	-78	337	7	149	-59	80	396	80	67789365	
-8401	-12432	-6142	24	-85	362	8	155	-61	81	401	81	67789387	
-8376	-12430	-6059	56	-97	377	8	156	-62	82	406	82	67789398	
-8299	-12364	-6040	97	-106	391	6	157	-64	83	411	83	67789400	
-8340	-12393	-6051	142	-122	402	5	157	-65	84	416	84	67789400	
-8322	-12432	-6049	177	-137	404	6	152	-60	85	421	85	67789400	
-8329	-12452	-6070	229	-160	403	6	150	-58	86	426	86	67789400	
-8344	-12502	-6083	277	-180	396	5	156	-59	87	431	87	67789401	
-8380	-12504	-6127	310	-190	377	5	157	-59	88	436	88	67789401	
-8377	-12620	-6109	337	-216	343	6	153	-57	89	441	89	67789423	
-8396	-12656	-6168	334	-241	326	6	152	-56	90	446	90	67789435	
-8381	-12695	-6229	298	-246	310	0	158	-66	91	451	91	67789438	
-8387	-12712	-6230	263	-240	309	-1	159	-69	92	456	92	67789438	
-8363	-12730	-6116	229	-253	300	2	156	-63	93	461	93	67789438	
-8369	-12718	-6171	192	-251	269	3	155	-61	94	466	94	67789438	
-8416	-12666	-6220	145	-266	253	9	151	-59	95	471	95	67789438	
-8450	-12480	-6132	125	-275	240	9	151	-59	96	476	96	67789448	
-8504	-12450	-6100	157	-269	206	7	157	-61	97	481	97	67789475	
-8556	-12436	-5990	236	-236	182	7	157	-61	98	486	98	67789475	
-8458	-12510	-6100	325	-213	139	8	158	-58	99	491	99	67789475	
-8428	-12594	-6188	406	-191	104	8	158	-58	100	496	100	67789475	
-8390	-12690	-6180	435	-183	71	5	151	-55	101	501	101	67789476	
-8442	-12790	-6210	384	-219	60	5	151	-55	102	506	102	67789476	
-8499	-12881	-6083	254	-221	73	5	155	-65	103	511	103	67789483	
-8586	-12911	-6129	142	-216	84	5	154	-64	104	516	104	67789513	
-8680	-12830	-6169	31	-194	101	4	150	-60	105	521	105	67789513	
-8640	-12737	-6156	-67	-165	114	4	150	-60	106	526	106	67789515	
-8594	-12668	-6187	-134	-127	116	2	150	-60	107	531	107	67789516	
-8512	-12610	-6190	-137	-79	102	2	150	-59	108	536	108	67789516	
-8522	-12632	-6081	-107	-57	86	4	150	-56	109	541	109	67789517	
-8463	-12612	-6055	-64	-47	64	4	152	-56	110	546	110	67789517	
-8515	-12584	-6185	-20	-32	43	6	158	-56	111	551	111	67789526	
-8597	-12571	-6141	-2	13	30	5	157	-57	112	556	112	67789550	
-8576	-12576	-6068	13	52	26	4	154	-58	113	561	113	67789550	
-8611	-12565	-6068	53	88	36	5	155	-58	114	566	114	67789550	
-8578	-12466	-5982	82	121	41	7	157	-59	115	571	115	67789551	
-8528	-12476	-5854	107	138	62	6	157	-60	116	576	116	67789551	
-8432	-12498	-5862	122	148	63	3	155	-63	117	581	117	67789551	
-8422	-12536	-5884	116	134	83	3	154	-63	118	586	118	67789555	
-8399	-12507	-5851	77	86	127	3	149	-61	119	591	119	67789575	
-8432	-12494	-5808	59	46	168	4	150	-58	120	596	120	67789588	
-8411	-12504	-5872	56	45	206	4	150	-56	121	601	121	67789588	
-8337	-12535	-5890	56	57	239	8	152	-58	122	606	122	67789588	
-8268	-12581	-5876	53	53	277	11	153	-59	123	611	123	67789588	
-8251	-12686	-5900	52	39	325	9	155	-60	124	616	124	67789588	
-8297	-12745	-5988	48	8	376	8	156	-60	125	621	125	67789588	
-8355	-12713	-6013	37	-20	428	9	157	-61	126	626	126	67789605	
-8373	-12638	-6022	16	-3	479	9	157	-61	127	631	127	67789622	
-8378	-12618	-6023	23	62	530	2	154	-61	128	636	128	67789626	
-8398	-12587	-6021	62	108	570	-1	153	-61	129	641	129	67789626	
-8319	-12525	-5926	110	110	596	5	154	-54	130	646	130	67789626	
-8296	-12502	-5900	154	106	630	6	154	-52	131	651	131	67789626	
-8314	-12447	-5807	201	94	647	8	153	-56	132	656	132	67789626	
-8299	-12383	-5731	248	91	676	9	153	-57	133	661	133	67789635	
-8321	-12424	-5768	303	49	688	5	155	-59	134	666	134	67789659	
-8349	-12472	-5697	343	12	699	4	156	-60	135	671	135	67789664	
-8336	-12590	-5702	352	-39	701	1	149	-61	136	676	136	67789665	
-8298	-12704	-5742	336	-93	701	1	149	-61	137	681	137	67789665	
-8260	-12768	-5644	283	-147	709	8	152	-62	138	686	138	67789665	
-8156	-12936	-5752	217	-204	706	8	152	-62	139	691	139	67789666	
-8238	-12994	-5928	160	-277	695	5	155	-57	140	696	140	67789666	
-8256	-13069	-5843	106	-299	678	5	155	-57	141	701	141	67789683	
-8294	-13148	-5890	37	-317	655	7	158	-55	142	706	142	67789698	
-8344	-13178	-6018	-54	-335	620	7	159	-55	143	711	143	67789701	
-8343	-13198	-6056	-147	-338	584	7	159	-52	144	716	144	67789701	
-8406	-13134	-6160	-219	-334	509	7	159	-51	145	721	145	67789702	
-8350	-13180	-6190	-265	-330	444	4	152	-60	146	726	146	67789702	
-8324	-13120	-6204	-275	-326	382	4	152	-60	147	731	147	67789702	
-8286	-13084	-6154	-292	-319	310	2	160	-58	148	736	148	67789702	
-8250	-12988	-6066	-344	-322	265	2	160	-58	149	741	149	67789742	
-8320	-12910	-6076	-382	-334	207	2	158	-56	150	746	150	67789742	
-8244	-12714	-5924	-403	-350	168	2	158	-56	151	751	151	67789742	
-8286	-12612	-5896	-407	-372	139	3	151	-61	152	756	152	67789742	
-8262	-12462	-5848	-371	-409	116	3	152	-61	153	761	153	67789742	
-8204	-12464	-5770	-327	-447	84	1	157	-59	154	766	154	67789742	
-8237	-12528	-5810	-281	-481	53	2	157	-59	155	771	155	67789746	
-8258	-12619	-5832	-260	-521	32	7	157	-61	156	776	156	67789762	
-8300	-12649	-5849	-277	-572	23	7	156	-60	157	781	157	67789776	
-8319	-12774	-5940	-330	-601	20	8	152	-58	158	786	158	67789776	
-8378	-12854	-5962	-415	-638	21	7	152	-57	159	791	159	67789776	
-8403	-12932	-6035	-523	-665	41	3	151	-55	160	796	160	67789777	
-8360	-12935	-5968	-662	-678	76	4	152	-55	161	801	161	67789777	
-8317	-12869	-5968	-807	-673	115	5	153	-53	162	806	162	67789777	
-8328	-12805	-6016	-915	-695	148	6	153	-58	163	811	163	67789785	
-8336	-12691	-5997	-979	-729	180	7	153	-65	164	816	164	67789803	
-8378	-12649	-6001	-992	-745	193	7	154	-63	165	821	165	67789814	
-8448	-12596	-5994	-965	-748	181	7	155	-59	166	826	166	67789814	
-8424	-12550	-5988	-900	-739	150	5	155	-61	167	831	167	67789814	
-8407	-12574	-5983	-815	-727	106	2	156	-64	168	836	168	67789814	
-8434	-12617	-6081	-715	-731	39	3	154	-59	169	841	169	67789815	
-8494	-12633	-6171	-639	-742	-24	4	152	-54	170	846	170	67789815	
-8556	-12622	-6151	-590	-735	-62	6	154	-57	171	851	171	67789823	
-8600	-12620	-6058	-558	-715	-90	8	156	-62	172	856	172	67789838	
-8568	-12631	-5964	-542	-697	-114	6	154	-63	173	861	173	67789845	
-8542	-12607	-5933	-545	-689	-127	4	152	-64	174	866	174	67789845	
-8543	-12584	-5961	-570	-686	-124	4	153	-61	175	871	175	67789845	
-8545	-12574	-5964	-611	-688	-96	3	155	-57	176	876	176	67789845	
-8497	-12500	-5947	-686	-693	-39	3	154	-57	177	881	177	67789846	
-8476	-12507	-5953	-782	-681	40	3	153	-57	178	886	178	67789851	
-8443	-12576	-5991	-863	-667	117	4	153	-57	179	891	179	67789872	
-8383	-12692	-6071	-947	-656	193	5	153	-57	180	896	180	67789886	
-8377	-12827	-6181	-1064	-664	264	4	154	-55	181	901	181	67789888	
-8410	-12864	-6225	-1201	-656	345	4	154	-54	182	906	182	67789889	
-8449	-12839	-6262	-1328	-627	422	6	152	-55	183	911	183	67789889	
-8436	-12770	-6302	-1422	-586	488	7	151	-55	184	916	184	67789891	
-8494	-12577	-6352	-1460	-541	550	8	153	-56	185	921	185	67789909	
-8568	-12365	-6402	-1404	-474	602	8	154	-56	186	926	186	67789920	
-8648	-12275	-6346	-1243	-403	620	6	160	-58	187	931	187	67789920	
-8709	-12193	-6344	-1013	-329	623	5	161	-59	188	936	188	67789920	
-8664	-12088	-6375	-738	-234	593	7	157	-60	189	941	189	67789920	
-8712	-12167	-6406	-457	-160	562	8	156	-60	190	946	190	67789920	
-8782	-12274	-6321	-207	-97	517	4	150	-56	191	951	191	67789921	
-8818	-12414	-6232	16	-44	462	3	149	-55	192	956	192	67789939	
-8846	-12545	-6147	195	7	394	3	152	-60	193	961	193	67789958	
-8754	-12583	-6071	321	32	349	3	153	-61	194	966	194	67789962	
-8690	-12558	-5942	375	52	289	-1	159	-61	195	971	195	67789962	
-8572	-12612	-5886	413	49	262	-1	159	-61	196	976	196	67789962	
-8544	-12568	-5832	427	30	216	5	157	-63	197	981	197	67789962	
-8532	-12656	-5814	390	-14	200	5	157	-63	198	986	198	67789962	
-8530	-12706	-5806	328	-48	177	3	157	-61	199	991	199	67789963	
-8528	-12686	-5769	238	-77	163	3	157	-61	200	996	200	67789969	
-8392	-12748	-5738	117	-125	152	3	159	-59	201	1001	201	67789993	
-8352	-12820	-5850	-11	-178	157	3	159	-59	202	1006	202	67789999	
-8352	-12806	-6058	-150	-246	131	2	156	-54	203	1011	203	67789999	
-8482	-12872	-6164	-230	-312	113	2	156	-54	204	1016	204	67789999	
-8552	-12848	-6172	-272	-335	71	4	152	-60	205	1021	205	67789999	
-8510	-12882	-6180	-291	-336	3	4	152	-60	206	1026	206	67789999	
-8556	-12778	-6302	-257	-322	-82	7	159	-59	207	1031	207	67789999	
-8520	-12780	-6556	-175	-266	-197	7	159	-59	208	1036	208	67790008	
-8492	-12742	-6526	-49	-244	-346	10	154	-60	209	1041	209	67790036	
-8530	-12752	-6448	89	-220	-487	10	154	-60	210	1046	210	67790036	
-8571	-12736	-6373	300	-174	-672	6	150	-54	211	1051	211	67790037	
-8499	-12748	-6337	456	-135	-816	5	151	-55	212	1056	212	67790037	
-8450	-12801	-6290	565	-106	-951	3	155	-61	213	1061	213	67790037	
-8425	-12939	-6342	615	-97	-1079	4	155	-60	214	1066	214	67790037	
-8444	-13078	-6334	620	-112	-1204	9	155	-55	215	1071	215	67790045	
-8506	-13152	-6328	570	-114	-1308	8	155	-55	216	1076	216	67790077	
-8547	-13207	-6364	460	-107	-1404	3	153	-57	217	1081	217	67790077	
-8579	-13238	-6429	310	-76	-1487	4	154	-57	218	1086	218	67790077	
-8542	-13235	-6376	142	-13	-1568	9	157	-59	219	1091	219	67790077	
-8437	-13170	-6371	-44	27	-1625	7	156	-57	220	1096	220	67790077	
-8366	-13108	-6370	-197	28	-1668	5	155	-55	221	1101	221	67790077	
-8304	-13071	-6377	-325	22	-1711	7	154	-57	222	1106	222	67790080	
-8240	-13032	-6287	-439	30	-1744	9	153	-59	223	1111	223	67790095	
-8160	-12935	-6264	-534	24	-1758	8	153	-59	224	1116	224	67790112	
-8120	-12834	-6230	-616	21	-1754	6	152	-60	225	1121	225	67790113	
-8106	-12717	-6192	-664	26	-1734	5	152	-60	226	1126	226	67790113	
-8170	-12585	-6189	-674	33	-1709	2	152	-60	227	1131	227	67790113	
-8147	-12510	-6169	-664	49	-1662	5	153	-61	228	1136	228	67790113	
-8078	-12477	-6170	-620	71	-1616	10	154	-62	229	1141	229	67790113	
-8032	-12411	-6172	-548	97	-1559	9	155	-62	230	1146	230	67790120	
-8094	-12363	-6121	-461	116	-1504	8	156	-62	231	1151	231	67790138	
-8123	-12332	-6138	-346	141	-1449	9	155	-59	232	1156	232	67790152	
-8129	-12235	-6188	-187	176	-1402	11	153	-55	233	1161	233	67790156	
-8117	-12176	-6138	1	217	-1364	11	151	-57	234	1166	234	67790161	
-8104	-12198	-6117	186	268	-1325	11	149	-59	235	1171	235	67790164	
-8061	-12257	-6132	377	316	-1266	11	152	-59	236	1176	236	67790168	
-8008	-12349	-6073	556	336	-1216	10	154	-58	237	1181	237	67790170	
-7926	-12440	-6042	705	361	-1168	11	155	-60	238	1186	238	67790176	
-7821	-12513	-5977	823	358	-1118	12	156	-62	239	1191	239	67790185	
-7724	-12594	-5938	913	339	-1065	13	157	-60	240	1196	240	67790189	
-7667	-12666	-5920	983	320	-989	13	157	-59	241	1201	241	67790189	
-7644	-12774	-5849	1030	281	-909	14	158	-57	242	1206	242	67790189	
-7627	-12846	-5728	1068	238	-833	14	158	-56	243	1211	243	67790189	
-7676	-12804	-5689	1086	195	-737	11	155	-59	244	1216	244	67790190	
-7702	-12786	-5691	1076	159	-664	10	154	-60	245	1221	245	67790197	
-7730	-12808	-5709	1072	137	-592	14	153	-58	246	1226	246	67790221	
-7704	-12844	-5618	1090	111	-533	15	153	-57	247	1231	247	67790226	
-7638	-12862	-5556	1099	73	-478	8	151	-61	248	1236	248	67790227	
-7682	-12880	-5612	1080	19	-413	6	150	-62	249	1241	249	67790227	
-7781	-12879	-5644	1034	-50	-349	16	150	-62	250	1246	250	67790227	
-7853	-12904	-5592	986	-84	-267	18	150	-62	251	1251	251	67790227	
-7861	-12896	-5536	946	-103	-194	11	151	-60	252	1256	252	67790227	
-7872	-12836	-5432	901	-137	-133	9	151	-59	253	1261	253	67790227	
-7907	-12811	-5369	884	-170	-106	14	154	-59	254	1266	254	67790294	
-7892	-12844	-5334	876	-237	-58	15	155	-59	255	1271	255	67790314	
-7892	-12828	-5325	851	-290	-10	13	157	-59	256	1276	256	67790316	
-7916	-12886	-5340	832	-355	31	13	157	-59	257	1281	257	67790316	
-7936	-12931	-5355	817	-402	71	14	153	-61	258	1286	258	67790317	
-7999	-13050	-5494	778	-442	94	14	152	-62	259	1291	259	67790317	
-8049	-13257	-5582	705	-473	116	12	155	-59	260	1296	260	67790317	
-7966	-13450	-5786	572	-506	118	12	156	-58	261	1301	261	67790326	
-7872	-13628	-5748	427	-532	120	10	156	-60	262	1306	262	67790356	
-7808	-13642	-5840	217	-581	139	10	156	-60	263	1311	263	67790356	
-7830	-13660	-5852	24	-599	152	9	147	-57	264	1316	264	67790356	
-7858	-13584	-5856	-146	-612	170	9	147	-57	265	1321	265	67790356	
-7860	-13442	-5804	-258	-614	199	18	152	-56	266	1326	266	67790356	
-7802	-13292	-5784	-320	-634	178	18	152	-56	267	1331	267	67790356	
-7660	-13214	-5642	-337	-620	162	11	153	-55	268	1336	268	67790356	
-7564	-13218	-5562	-340	-619	146	11	153	-55	269	1341	269	67790356	
-7490	-13207	-5549	-369	-683	149	14	152	-60	270	1346	270	67790356	
-7544	-13184	-5597	-427	-749	158	14	151	-59	271	1351	271	67790356	
-7592	-13188	-5712	-522	-805	188	14	148	-56	272	1356	272	67790356	
-7665	-13268	-5886	-642	-828	233	14	149	-56	273	1361	273	67790356	
-7743	-13358	-5966	-745	-826	295	13	153	-55	274	1366	274	67790359	
-7813	-13343	-6089	-868	-821	349	13	153	-56	275	1371	275	67790366	
-7911	-13335	-6306	-977	-809	389	14	154	-58	276	1376	276	67790366	
-7900	-13306	-6368	-1049	-766	421	13	154	-57	277	1381	277	67790366	
-7881	-13187	-6412	-1113	-677	422	10	152	-52	278	1386	278	67790370	
-7823	-13027	-6406	-1107	-597	423	10	151	-54	279	1391	279	67790385	
-7722	-12926	-6374	-1019	-523	415	10	150	-56	280	1396	280	67790398	
-7616	-12837	-6297	-864	-467	407	8	148	-58	281	1401	281	67790398	
-7572	-12828	-6162	-695	-435	408	5	145	-61	282	1406	282	67790398	
-7554	-12792	-6135	-519	-422	413	6	147	-60	283	1411	283	67790398	
-7558	-12788	-6029	-355	-419	424	11	155	-57	284	1416	284	67790398	
-7623	-12910	-6062	-184	-414	443	11	154	-56	285	1421	285	67790398	
-7668	-13054	-6034	-24	-400	452	10	152	-52	286	1426	286	67790404	
-7694	-13090	-6060	101	-369	444	10	151	-53	287	1431	287	67790426	
-7723	-13065	-6002	189	-342	445	11	149	-55	288	1436	288	67790434	
-7782	-13019	-5988	257	-321	450	11	149	-55	289	1441	289	67790435	
-7786	-12976	-6028	307	-292	452	10	148	-54	290	1446	290	67790435	
-7760	-12921	-6004	325	-281	471	12	149	-56	291	1451	291	67790436	
-7719	-12836	-5845	324	-277	519	16	150	-58	292	1456	292	67790436	
-7605	-12812	-5758	301	-266	604	15	151	-57	293	1461	293	67790437	
-7491	-12846	-5679	231	-269	745	14	152	-56	294	1466	294	67790438	
