-16708	510	1950	-582	368	-140	-154	256	-98	1	1	1	74816817	
-16772	596	1928	-491	323	-249	-154	256	-98	2	6	2	74816845	
-16772	648	1828	-435	333	-338	-157	259	-97	3	11	3	74816845	
-16764	732	1902	-382	353	-415	-157	259	-97	4	16	4	74816845	
-16768	808	1912	-368	376	-488	-152	256	-94	5	21	5	74816845	
-16700	918	1886	-387	385	-519	-152	256	-94	6	26	6	74816846	
-16688	1086	1936	-429	389	-540	-152	256	-96	7	31	7	74816846	
-16650	1158	2018	-394	379	-561	-152	256	-96	8	36	8	74816847	
-16568	1160	2050	-321	374	-573	-155	261	-95	9	41	9	74816882	
-16488	1202	2008	-252	353	-574	-155	261	-95	10	46	10	74816883	
-16334	1302	2152	-179	288	-565	-154	260	-102	11	51	11	74816883	
-16326	1220	1984	-97	236	-540	-154	260	-102	12	56	12	74816883	
-16380	1224	2018	-8	200	-531	-154	256	-98	13	61	13	74816884	
-16278	1152	1998	64	183	-516	-154	256	-98	14	66	14	74816884	
-16300	1016	1984	130	169	-501	-150	254	-98	15	71	15	74816885	
-16364	870	1986	203	139	-474	-150	254	-98	16	76	16	74816885	
-16332	728	1934	266	109	-482	-158	258	-100	17	81	17	74816885	
-16366	506	2014	296	83	-493	-158	258	-100	18	86	18	74816899	
-16442	368	1934	301	51	-484	-148	258	-102	19	91	19	74816936	
-16418	372	1914	253	29	-486	-148	258	-102	20	96	20	74816936	
-16496	266	1818	152	44	-466	-155	261	-97	21	101	21	74816936	
-16476	306	1976	0	45	-441	-155	261	-97	22	106	22	74816936	
-16552	362	1856	-142	45	-395	-155	261	-101	23	111	23	74816936	
-16552	404	1800	-235	36	-350	-155	261	-101	24	116	24	74816936	
-16628	562	1922	-326	43	-303	-155	261	-101	25	121	25	74816936	
-16584	592	1906	-402	51	-255	-155	261	-101	26	126	26	74816965	
-16610	676	1978	-455	32	-229	-155	255	-101	27	131	27	74816973	
-16632	702	2034	-508	19	-199	-155	255	-101	28	136	28	74816974	
-16664	788	1998	-567	35	-165	-153	255	-103	29	141	29	74816974	
-16680	834	2040	-594	61	-158	-153	255	-103	30	146	30	74816974	
-16732	884	1986	-515	76	-173	-152	258	-96	31	151	31	74816974	
-16632	916	1948	-421	51	-199	-152	258	-96	32	156	32	74816975	
-16602	968	1950	-358	18	-237	-150	254	-100	33	161	33	74816983	
-16538	1072	1882	-324	-11	-261	-150	254	-100	34	166	34	74817014	
-16724	1150	1774	-319	-24	-293	-152	264	-102	35	171	35	74817014	
-16774	1194	1632	-321	-1	-358	-152	264	-102	36	176	36	74817014	
-16828	1184	1554	-263	22	-441	-153	255	-101	37	181	37	74817015	
-16934	1118	1322	8	16	-594	-153	255	-101	38	186	38	74817015	
-16860	1148	1230	395	-21	-762	-157	259	-101	39	191	39	74817015	
-16670	1280	1382	682	-97	-934	-157	259	-101	40	196	40	74817015	
-16534	1506	1620	820	-206	-1049	-152	258	-98	41	201	41	74817016	
-16598	1622	1734	916	-299	-1135	-152	258	-98	42	206	42	74817016	
-16764	1652	1744	1079	-269	-1228	-157	259	-101	43	211	43	74817016	
-16798	1600	1490	1364	-172	-1361	-157	259	-101	44	216	44	74817016	
-16934	1568	1292	1681	-109	-1543	-153	255	-97	45	221	45	74817043	
-17226	1712	1020	1861	-68	-1718	-153	255	-97	46	226	46	74817051	
-17414	1832	1086	1912	31	-1847	-148	258	-100	47	231	47	74817051	
-17600	1822	810	2037	150	-1963	-148	258	-100	48	236	48	74817052	
-17860	1754	372	2224	327	-2083	-152	258	-102	49	241	49	74817052	
-18292	1542	-138	2426	585	-2172	-152	258	-102	50	246	50	74817053	
-18920	1126	-694	2791	972	-2287	-151	255	-103	51	251	51	74817053	
-19350	604	-1522	3212	1469	-2490	-151	255	-103	52	256	52	74817054	
-19762	176	-2372	3565	2015	-2716	-145	255	-105	53	261	53	74817079	
-20256	-188	-3376	3932	2528	-2981	-145	255	-105	54	266	54	74817091	
-20824	-672	-4684	4558	3048	-3353	-142	260	-108	55	271	55	74817091	
-21498	-1070	-5966	5442	3675	-3831	-142	260	-108	56	276	56	74817091	
-22198	-1510	-7206	6282	4490	-4328	-143	265	-111	57	281	57	74817092	
-22816	-1880	-8462	7035	5461	-4874	-143	265	-111	58	286	58	74817092	
-23286	-2114	-9260	7692	6508	-5433	-142	262	-112	59	291	59	74817092	
-23462	-2206	-9484	7856	7387	-5884	-142	262	-112	60	296	60	74817092	
-23826	-2158	-9136	7212	7965	-6131	-137	255	-123	61	301	61	74817131	
-24292	-2062	-8328	6311	8396	-6318	-137	255	-123	62	306	62	74817131	
-24686	-1806	-7640	5958	8787	-6556	-134	256	-118	63	311	63	74817131	
-25156	-1794	-6928	6103	9253	-6826	-134	256	-118	64	316	64	74817131	
-25654	-1214	-6384	5853	9884	-6966	-128	254	-130	65	321	65	74817131	
-26234	-28	-6318	5223	10757	-6869	-128	254	-130	66	326	66	74817131	
-27006	704	-6638	4747	11710	-6656	-128	254	-138	67	331	67	74817131	
-27748	1170	-6786	4417	12625	-6494	-128	254	-138	68	336	68	74817142	
-28430	1258	-7136	3993	13452	-6372	-118	252	-138	69	341	69	74817192	
-28782	1416	-7484	3531	14212	-6315	-118	252	-138	70	346	70	74817192	
-28848	1286	-7726	3184	14845	-6317	-116	242	-148	71	351	71	74817192	
-28718	922	-7914	2808	15335	-6366	-116	242	-148	72	356	72	74817192	
-28618	564	-7956	2566	15729	-6481	-117	237	-153	73	361	73	74817192	
-28200	110	-8116	2673	16175	-6681	-117	237	-153	74	366	74	74817192	
-27818	-140	-8178	2790	16656	-6809	-110	230	-162	75	371	75	74817192	
-27468	-378	-8248	2696	17084	-6823	-110	230	-162	76	376	76	74817193	
-27306	-646	-8188	2509	17505	-6715	-104	224	-166	77	381	77	74817244	
-27300	-1176	-7942	2261	17914	-6565	-104	224	-166	78	386	78	74817245	
-27082	-1428	-7638	2020	18354	-6325	-99	215	-169	79	391	79	74817245	
-27106	-1750	-7236	1718	18764	-5961	-99	215	-169	80	396	80	74817245	
-27258	-1858	-6868	1078	19201	-5574	-96	204	-178	81	401	81	74817245	
-27462	-1546	-6842	215	19744	-5107	-96	204	-178	82	406	82	74817245	
-27538	-1304	-6808	-468	20323	-4606	-89	193	-183	83	411	83	74817245	
-27454	-810	-6668	-965	20841	-4220	-89	193	-183	84	416	84	74817245	
-26978	120	-6338	-1840	21352	-3745	-88	184	-184	85	421	85	74817283	
-26542	1472	-6032	-3083	21838	-3120	-88	184	-184	86	426	86	74817283	
-26024	2444	-5824	-4059	22308	-2404	-87	173	-185	87	431	87	74817283	
-25772	2856	-5874	-4630	22736	-1794	-87	173	-185	88	436	88	74817283	
-25592	3160	-6074	-5086	23172	-1277	-80	162	-184	89	441	89	74817284	
-25400	3654	-6044	-5456	23681	-817	-80	162	-184	90	446	90	74817284	
-25202	4086	-6244	-5603	24171	-364	-86	148	-192	91	451	91	74817284	
-24912	4448	-6404	-5405	24517	9	-86	148	-192	92	456	92	74817285	
-24768	4930	-6836	-4983	24741	374	-83	145	-189	93	461	93	74817285	
-24742	5480	-7146	-4510	24877	743	-83	145	-189	94	466	94	74817285	
-24590	6052	-7360	-4140	25057	1136	-80	128	-190	95	471	95	74817285	
-24418	6548	-7558	-3655	25267	1567	-80	128	-190	96	476	96	74817286	
-24338	6480	-7588	-2926	25459	1925	-81	117	-193	97	481	97	74817286	
-24034	6870	-7736	-2347	25641	2191	-81	117	-193	98	486	98	74817299	
-23956	8266	-7710	-1942	25947	2726	-74	112	-192	99	491	99	74817299	
-23640	8166	-7212	-1155	26353	3334	-74	112	-192	100	496	100	74817318	
-23274	8346	-6904	-208	26764	3785	-76	96	-192	101	501	101	74817318	
-22946	8110	-6470	846	27138	4277	-76	96	-192	102	506	102	74817318	
-22414	7914	-6082	2063	27467	4698	-70	92	-188	103	511	103	74817318	
-22060	7596	-6030	3543	27657	5045	-70	92	-188	104	516	104	74817319	
-21618	7046	-5668	4996	27817	5320	-68	78	-192	105	521	105	74817319	
-20876	6630	-5364	5934	27818	5596	-68	78	-192	106	526	106	74817319	
-20530	6498	-5202	6522	27627	5856	-66	68	-188	107	531	107	74817319	
-20320	6336	-4982	6722	27493	6190	-66	68	-188	108	536	108	74817356	
-20220	6444	-4864	6487	27514	6657	-62	62	-180	109	541	109	74817356	
-20206	6340	-4902	6523	27514	7060	-62	62	-180	110	546	110	74817356	
-19964	6302	-4472	6640	27473	7411	-61	55	-185	111	551	111	74817356	
-19492	6126	-3932	6313	27370	7893	-61	55	-185	112	556	112	74817356	
-19320	5852	-3558	5751	27251	8426	-59	51	-177	113	561	113	74817356	
-19024	5496	-3318	5192	27130	8905	-59	51	-177	114	566	114	74817356	
-18708	5324	-3016	4379	27002	9407	-59	41	-179	115	571	115	74817365	
-18270	4962	-2804	3229	26826	9955	-59	41	-179	116	576	116	74817393	
-18006	4798	-2376	1907	26601	10510	-54	34	-176	117	581	117	74817393	
-17770	4398	-2082	740	26397	11012	-54	34	-176	118	586	118	74817394	
-17266	3988	-2132	-320	26291	11447	-59	33	-175	119	591	119	74817394	
-16558	3924	-1954	-1699	26139	11954	-59	33	-175	120	596	120	74817394	
-15784	4048	-1670	-3252	25818	12378	-60	18	-178	121	601	121	74817394	
-15134	4086	-1356	-4620	25341	12911	-60	18	-178	122	606	122	74817395	
-14434	4032	-1026	-5895	24844	13424	-57	15	-171	123	611	123	74817430	
-13736	4202	-708	-7175	24363	13936	-57	15	-171	124	616	124	74817430	
-13180	4604	-686	-8327	23867	14429	-61	15	-175	125	621	125	74817430	
-12676	4866	-314	-9232	23294	14866	-61	15	-175	126	626	126	74817430	
-12022	5136	-42	-10122	22635	15280	-54	4	-166	127	631	127	74817431	
-11402	5658	328	-11231	21876	15735	-54	4	-166	128	636	128	74817431	
-11168	6544	462	-12455	21063	16287	-59	-1	-169	129	641	129	74817431	
-11042	7336	586	-13535	20299	16913	-59	-1	-169	130	646	130	74817441	
-10856	8072	394	-14354	19540	17591	-65	-7	-167	131	651	131	74817464	
-10604	8674	308	-14957	18821	18302	-65	-7	-167	132	656	132	74817464	
-10256	9356	308	-15792	18011	19097	-68	-8	-160	133	661	133	74817465	
-10208	9996	180	-16271	17010	19876	-68	-8	-160	134	666	134	74817465	
-9998	10298	160	-16299	16032	20592	-64	-14	-162	135	671	135	74817465	
-9536	10628	28	-16019	14981	21273	-64	-14	-162	136	676	136	74817465	
-9090	10696	-38	-15337	13782	21832	-70	-18	-158	137	681	137	74817465	
-8544	10852	88	-14704	12426	22383	-70	-18	-158	138	686	138	74817504	
-8028	10972	98	-14168	11138	22923	-73	-23	-159	139	691	139	74817505	
-7632	11210	-2	-13638	9914	23450	-73	-23	-159	140	696	140	74817505	
-7416	11128	-222	-13020	8785	23944	-72	-22	-154	141	701	141	74817506	
-7090	11152	-586	-12323	7767	24296	-72	-22	-154	142	706	142	74817506	
-6760	11090	-564	-11549	6715	24550	-73	-35	-153	143	711	143	74817506	
-6506	11012	-796	-10797	5658	24673	-73	-35	-153	144	716	144	74817507	
-6320	11288	-1016	-10258	4604	24716	-73	-33	-155	145	721	145	74817507	
-6364	11804	-1324	-9849	3595	24705	-73	-33	-155	146	726	146	74817534	
-6558	12272	-1706	-9269	2763	24642	-81	-35	-153	147	731	147	74817534	
-6740	12828	-2058	-8405	1982	24507	-81	-35	-153	148	736	148	74817535	
-6746	13172	-2134	-7263	1158	24355	-78	-38	-150	149	741	149	74817535	
-6816	13570	-2222	-6048	274	24183	-78	-38	-150	150	746	150	74817535	
-7080	14062	-2138	-4792	-658	24047	-76	-46	-146	151	751	151	74817535	
-7402	14198	-1998	-3375	-1554	23926	-76	-46	-146	152	756	152	74817535	
-7556	14126	-2082	-1933	-2290	23874	-72	-38	-148	153	761	153	74817572	
-7682	14050	-2310	-809	-2970	23921	-72	-38	-148	154	766	154	74817572	
-7874	13764	-2242	102	-3653	24050	-76	-46	-146	155	771	155	74817573	
-8078	13374	-2464	849	-4274	24196	-76	-46	-146	156	776	156	74817573	
-8064	13016	-2818	1231	-4801	24397	-69	-47	-151	157	781	157	74817581	
-8248	12596	-3196	1326	-5292	24663	-69	-47	-151	158	786	158	74817604	
-8558	11980	-3790	1376	-5763	24925	-72	-46	-148	159	791	159	74817605	
-8442	11348	-4148	1173	-6173	25232	-72	-46	-148	160	796	160	74817605	
-8488	11100	-4600	354	-6557	25593	-70	-48	-150	161	801	161	74817605	
-8520	10898	-5060	-752	-6900	25999	-70	-48	-150	162	806	162	74817605	
-8240	10690	-5220	-1985	-7133	26407	-67	-51	-153	163	811	163	74817605	
-7988	10722	-5142	-3439	-7427	26843	-67	-51	-153	164	816	164	74817605	
-8094	10632	-4896	-4674	-7814	27210	-63	-51	-155	165	821	165	74817616	
-8130	10356	-4580	-5359	-8129	27411	-63	-51	-155	166	826	166	74817643	
-7792	10380	-4176	-5883	-8438	27543	-61	-57	-151	167	831	167	74817644	
-7640	10448	-3612	-6451	-8860	27645	-61	-57	-151	168	836	168	74817644	
-7596	10972	-3292	-6976	-9307	27724	-65	-47	-155	169	841	169	74817644	
-7560	11614	-3100	-7321	-9714	27822	-65	-47	-155	170	846	170	74817644	
-7706	12162	-2948	-7511	-10140	27937	-57	-57	-153	171	851	171	74817645	
-8016	12598	-2942	-7351	-10568	28011	-57	-57	-153	172	856	172	74817645	
-8280	12812	-3240	-6839	-10949	28009	-66	-54	-150	173	861	173	74817645	
-8534	12808	-3560	-6256	-11326	27938	-66	-54	-150	174	866	174	74817725	
-8588	12708	-3732	-5798	-11701	27811	-63	-63	-151	175	871	175	74817725	
-8926	12524	-3898	-5340	-12061	27632	-63	-63	-151	176	876	176	74817725	
-8980	12170	-3930	-4834	-12402	27391	-66	-52	-156	177	881	177	74817725	
-9268	11768	-4080	-4299	-12777	27085	-66	-52	-156	178	886	178	74817725	
-9640	11422	-4326	-3727	-13055	26696	-60	-58	-156	179	891	179	74817725	
-10012	11804	-4802	-3265	-13232	26320	-60	-58	-156	180	896	180	74817725	
-10752	11014	-5960	-2590	-13357	25970	-55	-57	-163	181	901	181	74817734	
-11584	10714	-7044	-1732	-13357	25496	-55	-57	-163	182	906	182	74817764	
-11780	9774	-7054	-912	-13329	25043	-56	-56	-166	183	911	183	74817764	
-11176	8286	-6388	-19	-13556	24319	-56	-56	-166	184	916	184	74817765	
-10582	7114	-5898	738	-13985	23329	-55	-57	-163	185	921	185	74817765	
-9454	6668	-5640	969	-14361	22247	-55	-57	-163	186	926	186	74817765	
-8900	8090	-5312	738	-14855	21413	-55	-51	-165	187	931	187	74817765	
-8788	9880	-4888	818	-15450	21045	-55	-51	-165	188	936	188	74817766	
-8352	11096	-4496	1073	-15669	20959	-56	-54	-168	189	941	189	74817766	
-7376	11452	-3784	1357	-15798	21031	-56	-54	-168	190	946	190	74817766	
-6814	10978	-3270	1828	-15845	21024	-59	-51	-171	191	951	191	74817766	
-6486	9824	-2986	2633	-16170	20864	-59	-51	-171	192	956	192	74817767	
-6448	8026	-3310	3522	-16478	20616	-56	-50	-168	193	961	193	74817767	
-6682	6048	-3934	4175	-16619	20231	-56	-50	-168	194	966	194	74817767	
-7004	4108	-4620	4263	-16589	19753	-55	-59	-169	195	971	195	74817775	
-7688	2590	-5576	3778	-16365	19185	-55	-59	-169	196	976	196	74817776	
-8114	1164	-6116	3025	-15863	18464	-49	-55	-173	197	981	197	74817777	
-8566	300	-6556	2187	-15709	17562	-49	-55	-173	198	986	198	74817787	
-9406	146	-6602	1388	-15608	16545	-51	-51	-173	199	991	199	74817807	
-9970	1320	-6214	504	-15136	15532	-51	-51	-173	200	996	200	74817807	
-10512	2856	-5906	-23	-14678	14625	-54	-52	-178	201	1001	201	74817807	
-11552	4104	-5534	114	-14289	13717	-54	-52	-178	202	1006	202	74817807	
-12734	5250	-5708	667	-13882	12697	-49	-49	-179	203	1011	203	74817807	
-13950	6846	-5870	1483	-13564	11873	-49	-49	-179	204	1016	204	74817807	
-14438	7782	-6082	2711	-13534	11063	-51	-51	-181	205	1021	205	74817822	
-14296	8466	-6374	3765	-13865	10241	-51	-51	-181	206	1026	206	74817845	
-14044	9398	-6618	4820	-14661	9274	-48	-50	-184	207	1031	207	74817845	
-13524	10132	-6580	6159	-15604	8222	-48	-50	-184	208	1036	208	74817845	
-12664	10446	-6610	7471	-16756	7195	-37	-45	-187	209	1041	209	74817846	
-11810	10292	-6796	8675	-17882	6216	-37	-45	-187	210	1046	210	74817846	
-11574	10248	-6906	9519	-18725	5358	-42	-40	-190	211	1051	211	74817846	
-11298	10578	-7404	9992	-19293	4896	-42	-40	-190	212	1056	212	74817846	
-11312	10676	-8802	10628	-19563	4752	-38	-40	-190	213	1061	213	74817847	
-11906	10418	-11104	11717	-19347	4773	-38	-40	-190	214	1066	214	74817847	
-12468	9492	-13288	13034	-18669	4885	-35	-37	-193	215	1071	215	74817872	
-12852	7376	-15560	14311	-17708	4962	-35	-37	-193	216	1076	216	74817882	
-12854	5018	-17780	15301	-16382	4995	-35	-35	-191	217	1081	217	74817882	
-12310	2088	-19166	15867	-15156	5021	-35	-35	-191	218	1086	218	74817882	
-12240	-806	-20354	15746	-14183	4914	-29	-29	-191	219	1091	219	74817882	
-12634	-2672	-21502	14957	-13071	4701	-29	-29	-191	220	1096	220	74817882	
-12290	-3988	-21696	13967	-11744	4476	-27	-29	-193	221	1101	221	74817882	
-11704	-4674	-21486	12738	-10507	4302	-27	-29	-193	222	1106	222	74817882	
-11980	-4658	-21942	11433	-9313	4156	-19	-27	-195	223	1111	223	74817882	
-11828	-3706	-21804	10080	-7838	4022	-19	-27	-195	224	1116	224	74817911	
-11936	-2526	-21124	8472	-6393	3951	-24	-26	-196	225	1121	225	74817921	
-12060	-1500	-19960	7292	-5036	3729	-24	-26	-196	226	1126	226	74817921	
-12806	-28	-19754	6617	-3749	3404	-17	-21	-197	227	1131	227	74817921	
-13618	610	-20000	7255	-2572	2873	-17	-21	-197	228	1136	228	74817929	
-14678	190	-20402	8951	-1811	2127	-19	-21	-197	229	1141	229	74817949	
-16166	-1578	-21098	11193	-1073	1132	-19	-21	-197	230	1146	230	74817949	
-17118	-3658	-21774	12895	-241	25	-17	-21	-199	231	1151	231	74817950	
-17734	-6176	-21874	13873	443	-1102	-17	-21	-199	232	1156	232	74817950	
-17848	-8504	-21900	13931	804	-2217	-15	-27	-195	233	1161	233	74817950	
-17668	-9628	-21558	13053	981	-3293	-15	-27	-195	234	1166	234	74817950	
-17790	-9426	-21144	11998	1108	-4117	-8	-28	-196	235	1171	235	74817950	
-17618	-9638	-20516	11581	1181	-4824	-8	-28	-196	236	1176	236	74817959	
-17274	-9702	-19556	11513	1487	-5457	-6	-26	-196	237	1181	237	74817984	
-16892	-10022	-18676	11586	1882	-6147	-6	-26	-196	238	1186	238	74817985	
-16060	-9704	-17230	11182	2334	-7019	-5	-17	-195	239	1191	239	74817985	
-14772	-7394	-15160	9887	2550	-7679	-5	-17	-195	240	1196	240	74817986	
-13896	-5608	-13680	8594	2233	-8302	-6	-28	-198	241	1201	241	74817986	
-13642	-3550	-12632	7513	1712	-9016	-6	-28	-198	242	1206	242	74817986	
-13186	-272	-11760	6826	1107	-9764	2	-28	-196	243	1211	243	74817997	
-12878	1692	-10766	7428	223	-10288	2	-28	-196	244	1216	244	74818022	
-13322	908	-10438	9642	-1048	-11280	7	-25	-197	245	1221	245	74818022	
-13778	-466	-9928	11949	-2017	-12686	7	-25	-197	246	1226	246	74818022	
-13752	-824	-9950	13657	-2629	-14038	11	-27	-195	247	1231	247	74818022	
-13400	-668	-10018	15134	-3298	-15148	11	-27	-195	248	1236	248	74818022	
-12686	-224	-9918	16074	-4266	-15868	6	-24	-192	249	1241	249	74818022	
-12180	552	-9792	16102	-5429	-16185	6	-24	-192	250	1246	250	74818022	
-11980	1954	-9932	15360	-6503	-16118	11	-25	-199	251	1251	251	74818060	
-11878	3412	-10632	14206	-7376	-15756	11	-25	-199	252	1256	252	74818060	
-11990	4870	-11760	12960	-7803	-15173	11	-23	-197	253	1261	253	74818060	
-11212	6222	-12566	11281	-7654	-14445	11	-23	-197	254	1266	254	74818060	
-10566	8300	-13086	9623	-7520	-13514	18	-26	-196	255	1271	255	74818061	
-9910	8902	-13766	8951	-7556	-12599	18	-26	-196	256	1276	256	74818061	
-9700	8534	-14474	9214	-7841	-11916	22	-22	-200	257	1281	257	74818061	
-9284	7710	-15828	9225	-7753	-11160	22	-22	-200	258	1286	258	74818061	
-9116	7968	-16978	8281	-7248	-10309	20	-22	-196	259	1291	259	74818107	
-9106	8748	-18152	7040	-6604	-9300	20	-22	-196	260	1296	260	74818108	
-8900	9734	-18594	5602	-5894	-8052	24	-18	-202	261	1301	261	74818108	
-8894	10086	-19288	4273	-5265	-6906	24	-18	-202	262	1306	262	74818108	
-9336	10496	-20078	3200	-4565	-5912	18	-20	-196	263	1311	263	74818109	
-9762	10758	-20578	2173	-3641	-4996	18	-20	-196	264	1316	264	74818109	
-9986	10878	-20608	1192	-2639	-4175	23	-19	-201	265	1321	265	74818110	
-10262	10652	-20798	597	-1723	-3499	23	-19	-201	266	1326	266	74818116	
-10346	10216	-20816	191	-899	-2975	26	-18	-200	267	1331	267	74818135	
-10386	10232	-20522	-328	-138	-2499	26	-18	-200	268	1336	268	74818135	
-10204	9956	-20182	-672	442	-2077	27	-19	-193	269	1341	269	74818135	
-9780	9890	-19554	-933	917	-1740	27	-19	-193	270	1346	270	74818135	
-9396	9798	-18494	-1031	1255	-1451	22	-26	-200	271	1351	271	74818135	
-9074	9132	-17852	-707	1522	-1296	22	-26	-200	272	1356	272	74818136	
-8926	8464	-17130	-244	1808	-1320	19	-21	-197	273	1361	273	74818136	
-8614	7908	-16174	49	2088	-1425	19	-21	-197	274	1366	274	74818136	
-8476	7502	-15094	313	2368	-1589	28	-20	-202	275	1371	275	74818136	
-8392	7082	-14122	810	2557	-1836	28	-20	-202	276	1376	276	74818171	
-8428	6986	-13030	1491	2653	-2173	25	-23	-197	277	1381	277	74818182	
-8424	7038	-12074	2170	2656	-2473	25	-23	-197	278	1386	278	74818185	
-8566	7138	-11346	2947	2622	-2764	25	-17	-199	279	1391	279	74818186	
-8644	6914	-10560	3842	2517	-3083	25	-17	-199	280	1396	280	74818186	
-8818	6644	-9894	4529	2347	-3421	29	-23	-199	281	1401	281	74818186	
-8912	6196	-9552	5179	2156	-3757	29	-23	-199	282	1406	282	74818187	
-9068	5764	-9420	5939	1902	-4129	27	-21	-197	283	1411	283	74818188	
-9216	5470	-9332	6485	1585	-4457	27	-21	-197	284	1416	284	74818219	
-9198	4918	-9470	6947	1249	-4803	28	-26	-198	285	1421	285	74818219	
-9080	4488	-9836	7236	965	-5086	28	-26	-198	286	1426	286	74818219	
-8746	4180	-10046	7256	632	-5320	26	-20	-200	287	1431	287	74818219	
-8444	4092	-10206	7090	229	-5473	26	-20	-200	288	1436	288	74818270	
-8396	4430	-10574	6786	-41	-5529	29	-23	-197	289	1441	289	74818304	
-7940	5026	-10554	6500	-112	-5517	29	-23	-197	290	1446	290	74818305	
-7578	4874	-10924	6471	-164	-5426	29	-19	-197	291	1451	291	74818305	
-6986	4600	-11342	6932	-145	-5507	29	-19	-197	292	1456	292	74818306	
-6592	5100	-11714	6860	-113	-5454	34	-22	-190	293	1461	293	74818306	
-6502	4508	-12366	7186	-132	-5449	34	-22	-190	294	1466	294	74818307	
-6320	4872	-12634	7328	0	-5444	36	-20	-188	295	1471	295	74818311	
-6044	4940	-12992	7219	259	-5324	36	-20	-188	296	1476	296	74818340	
-6120	4340	-13362	7594	389	-5349	37	-17	-191	297	1481	297	74818340	
-5988	4506	-13412	7818	606	-5444	37	-17	-191	298	1486	298	74818340	
-6000	5012	-13666	7623	838	-5368	37	-19	-193	299	1491	299	74818340	
-6178	4702	-13490	7816	979	-5350	37	-19	-193	300	1496	300	74818340	
-6648	4272	-13890	8122	1146	-5441	39	-23	-193	301	1501	301	74818340	
-6524	4118	-14048	8133	1376	-5483	39	-23	-193	302	1506	302	74818340	
-6756	3496	-14178	8170	1439	-5531	41	-25	-193	303	1511	303	74818340	
-7068	2814	-14534	8199	1473	-5601	41	-25	-193	304	1516	304	74818340	
-7266	2084	-14726	7898	1609	-5617	41	-23	-197	305	1521	305	74818340	
-7450	1786	-14646	7325	1743	-5591	41	-23	-197	306	1526	306	74818340	
-7308	1602	-14508	6576	1871	-5540	42	-24	-196	307	1531	307	74818340	
-7346	1790	-14734	5794	2014	-5435	42	-24	-196	308	1536	308	74818340	
-7258	2094	-14860	5047	2172	-5296	47	-25	-195	309	1541	309	74818349	
-7340	2340	-14944	4450	2328	-5157	47	-25	-195	310	1546	310	74818349	
-7138	2490	-14946	3989	2524	-5082	47	-25	-195	311	1551	311	74818349	
-7034	2766	-14766	3714	2633	-5051	47	-25	-195	312	1556	312	74818349	
-7014	2716	-14650	3652	2668	-5029	42	-28	-190	313	1561	313	74818349	
-7100	2866	-14864	3778	2715	-5042	42	-28	-190	314	1566	314	74818349	
-7118	2772	-14830	4103	2695	-5071	42	-24	-194	315	1571	315	74818349	
-7274	2972	-14568	4252	2645	-5098	42	-24	-194	316	1576	316	74818368	
-7590	2970	-14312	4359	2647	-5149	44	-28	-192	317	1581	317	74818378	
-7822	2574	-14206	4586	2712	-5261	44	-28	-192	318	1586	318	74818378	
-8262	2570	-14482	4902	2785	-5431	45	-25	-189	319	1591	319	74818378	
-8568	2342	-14818	5134	2923	-5563	45	-25	-189	320	1596	320	74818379	
-8732	2084	-14968	5097	3050	-5664	51	-27	-185	321	1601	321	74818379	
-8674	2294	-14918	4835	3116	-5692	51	-27	-185	322	1606	322	74818379	
-8628	2086	-14886	4702	3058	-5701	54	-30	-188	323	1611	323	74818379	
-8740	1816	-14896	4681	2955	-5691	54	-30	-188	324	1616	324	74818431	
-8880	1514	-15088	4672	2911	-5718	48	-30	-190	325	1621	325	74818432	
-8848	1352	-15182	4413	2990	-5764	48	-30	-190	326	1626	326	74818432	
-8680	1450	-15356	4044	3127	-5800	54	-36	-190	327	1631	327	74818433	
-8382	1986	-15498	3692	3223	-5848	54	-36	-190	328	1636	328	74818433	
-8364	2098	-15402	3596	3175	-5913	52	-30	-188	329	1641	329	74818434	
-8490	1940	-15672	3680	3162	-6033	52	-30	-188	330	1646	330	74818434	
-8378	1386	-15812	3907	3213	-6210	51	-33	-189	331	1651	331	74818434	
-8082	1892	-15770	3780	3305	-6365	51	-33	-189	332	1656	332	74818453	
-7906	1816	-15640	3580	3304	-6460	51	-31	-195	333	1661	333	74818463	
-7660	2080	-15534	3389	3273	-6527	51	-31	-195	334	1666	334	74818463	
-7632	2708	-15508	3370	3225	-6691	57	-31	-189	335	1671	335	74818463	
-7510	2870	-15294	3567	3159	-6802	57	-31	-189	336	1676	336	74818463	
-7532	3190	-15402	3872	3114	-6923	53	-37	-187	337	1681	337	74818463	
-7514	3030	-15514	4322	3084	-7105	53	-37	-187	338	1686	338	74818463	
-7560	2752	-15548	4769	2969	-7254	53	-37	-189	339	1691	339	74818463	
-7568	2304	-15502	5113	2875	-7382	53	-37	-189	340	1696	340	74818463	
-7726	1218	-15674	5405	2718	-7533	55	-39	-187	341	1701	341	74818471	
-7916	286	-15668	5568	2580	-7681	55	-39	-187	342	1706	342	74818500	
-8006	-520	-15944	5397	2572	-7822	55	-35	-183	343	1711	343	74818500	
-8150	-1256	-15870	4857	2650	-7890	55	-35	-183	344	1716	344	74818500	
-8356	-2686	-15910	4237	2748	-7978	53	-35	-185	345	1721	345	74818500	
-9344	-4102	-16570	3397	3125	-8109	53	-35	-185	346	1726	346	74818500	
-9920	-4648	-17622	2102	4016	-8195	55	-43	-189	347	1731	347	74818500	
-9668	-4952	-18140	422	4993	-8043	55	-43	-189	348	1736	348	74818501	
-9024	-5570	-17326	-1452	5470	-7686	58	-40	-188	349	1741	349	74818508	
-8934	-5274	-16384	-3358	5491	-7258	58	-40	-188	350	1746	350	74818539	
-8866	-5288	-15226	-4757	5602	-6856	55	-47	-183	351	1751	351	74818539	
-8932	-3462	-14834	-5868	5897	-6436	55	-47	-183	352	1756	352	74818539	
-8394	-1796	-14684	-6609	6424	-6052	52	-48	-188	353	1761	353	74818539	
-7916	-314	-14182	-6937	6788	-5745	52	-48	-188	354	1766	354	74818539	
-6836	916	-13208	-7067	7098	-5516	50	-44	-186	355	1771	355	74818539	
-6422	1848	-12654	-6438	7058	-5440	50	-44	-186	356	1776	356	74818539	
-6180	2212	-12366	-5168	6932	-5473	49	-47	-183	357	1781	357	74818575	
-6390	2502	-12402	-3612	6895	-5576	49	-47	-183	358	1786	358	74818584	
-6080	3190	-12422	-2175	7000	-5625	49	-49	-189	359	1791	359	74818584	
-5904	3130	-12342	-773	7021	-5654	49	-49	-189	360	1796	360	74818585	
-5680	3252	-11920	583	6857	-5605	50	-50	-188	361	1801	361	74818585	
-5202	3850	-11602	1913	6686	-5591	50	-50	-188	362	1806	362	74818585	
-5306	3696	-11556	3521	6399	-5624	48	-56	-182	363	1811	363	74818585	
-5102	3542	-11414	5066	6273	-5610	48	-56	-182	364	1816	364	74818586	
-4972	3278	-11426	6669	6299	-5675	50	-56	-188	365	1821	365	74818603	
-4532	2706	-11424	8195	6344	-5753	50	-56	-188	366	1826	366	74818614	
-4502	452	-11742	9554	6355	-5958	49	-51	-185	367	1831	367	74818614	
-4820	878	-13038	10247	6623	-6384	49	-51	-185	368	1836	368	74818614	
-4992	-4	-14714	10809	7318	-6668	51	-53	-187	369	1841	369	74818614	
-5190	-502	-16948	11791	7951	-7209	51	-53	-187	370	1846	370	74818614	
-3938	-1112	-16880	12281	8312	-7691	57	-59	-185	371	1851	371	74818614	
-3434	-1642	-15858	12179	7720	-7936	57	-59	-185	372	1856	372	74818640	
-3562	-1814	-14232	11920	6919	-8071	56	-60	-176	373	1861	373	74818655	
-3966	-1624	-12922	11805	6414	-8150	56	-60	-176	374	1866	374	74818655	
-4670	-932	-12478	12066	6141	-8242	54	-64	-182	375	1871	375	74818655	
-4976	-792	-12914	12768	6335	-8355	54	-64	-182	376	1876	376	74818655	
-4870	-1438	-13540	13339	6714	-8363	63	-65	-175	377	1881	377	74818655	
-4806	-2266	-14172	13388	6885	-8402	63	-65	-175	378	1886	378	74818655	
-4610	-2966	-14566	12883	6807	-8257	60	-70	-178	379	1891	379	74818655	
-4354	-3740	-14982	11955	6635	-7878	60	-70	-178	380	1896	380	74818707	
-4338	-3496	-15378	10755	6249	-7500	66	-68	-176	381	1901	381	74818707	
-4192	-3408	-15556	9620	5912	-7033	66	-68	-176	382	1906	382	74818707	
-3868	-3320	-15664	8799	5732	-6661	65	-67	-175	383	1911	383	74818708	
-3366	-3610	-15924	8428	5698	-6321	65	-67	-175	384	1916	384	74818708	
-2812	-4184	-16108	8265	5623	-6067	62	-72	-170	385	1921	385	74818708	
-2494	-4392	-16422	7965	5418	-5803	62	-72	-170	386	1926	386	74818708	
-2268	-4738	-16892	7749	5242	-5542	64	-76	-172	387	1931	387	74818723	
-1968	-4770	-17454	7666	5055	-5311	64	-76	-172	388	1936	388	74818752	
-1978	-5682	-17782	7711	4722	-5094	72	-70	-170	389	1941	389	74818752	
-2122	-6004	-18228	7549	4287	-5041	72	-70	-170	390	1946	390	74818752	
-2284	-5810	-18334	7092	3969	-4804	71	-75	-171	391	1951	391	74818752	
-2514	-6072	-18496	6883	3675	-4525	71	-75	-171	392	1956	392	74818753	
-2786	-6450	-18936	6812	3339	-4287	70	-70	-170	393	1961	393	74818753	
-3132	-6962	-19342	6848	3108	-4035	70	-70	-170	394	1966	394	74818753	
-3154	-7500	-19348	6834	2857	-3757	75	-73	-165	395	1971	395	74818753	
-2894	-7976	-18640	6493	2410	-3413	75	-73	-165	396	1976	396	74818808	
-2620	-8018	-18182	5894	1808	-2990	68	-76	-168	397	1981	397	74818809	
-2290	-7800	-17696	5330	1273	-2584	68	-76	-168	398	1986	398	74818809	
-1914	-7392	-17348	4728	812	-2157	69	-73	-165	399	1991	399	74818809	
-1534	-7162	-17154	4082	465	-1716	69	-73	-165	400	1996	400	74818809	
-1406	-7400	-17104	3573	180	-1294	76	-80	-166	401	2001	401	74818810	
-1262	-7640	-17016	3152	-152	-966	76	-80	-166	402	2006	402	74818810	
-1308	-8038	-16910	2768	-562	-709	77	-77	-169	403	2011	403	74818810	
-1680	-8488	-16808	2301	-1033	-523	77	-77	-169	404	2016	404	74818810	
-1936	-8548	-16492	1719	-1410	-366	73	-79	-163	405	2021	405	74818811	
-2222	-8438	-16222	1201	-1697	-249	73	-79	-163	406	2026	406	74818811	
-2498	-8472	-15954	817	-1873	-175	74	-72	-170	407	2031	407	74818811	
-2768	-8372	-15596	490	-1940	-147	74	-72	-170	408	2036	408	74818816	
-3062	-8432	-15260	297	-1978	-174	72	-76	-170	409	2041	409	74818849	
-3486	-8296	-15140	78	-1963	-242	72	-76	-170	410	2046	410	74818852	
-3882	-7892	-14956	-238	-1894	-319	74	-74	-164	411	2051	411	74818853	
-3924	-7226	-14588	-663	-1844	-418	74	-74	-164	412	2056	412	74818853	
-3830	-6882	-14148	-1033	-1845	-572	77	-71	-169	413	2061	413	74818854	
-3864	-6488	-14090	-1235	-1849	-765	77	-71	-169	414	2066	414	74818856	
-3824	-6224	-13970	-1254	-1703	-986	77	-73	-167	415	2071	415	74818857	
-3598	-5910	-14086	-1075	-1530	-1240	77	-73	-167	416	2076	416	74818857	
-3416	-5600	-14186	-856	-1352	-1446	69	-75	-165	417	2081	417	74818858	
-3144	-5500	-14260	-598	-1228	-1585	69	-75	-165	418	2086	418	74818887	
-2882	-5248	-14090	-366	-1118	-1625	75	-75	-159	419	2091	419	74818887	
-2712	-5102	-13960	-234	-1022	-1558	75	-75	-159	420	2096	420	74818887	
-2752	-4710	-14054	-345	-1006	-1379	77	-71	-169	421	2101	421	74818887	
-3000	-4326	-14086	-523	-938	-1125	77	-71	-169	422	2106	422	74818887	
-3152	-4168	-14370	-718	-872	-835	75	-73	-167	423	2111	423	74818887	
-3324	-3982	-14574	-1056	-812	-537	75	-73	-167	424	2116	424	74818887	
-3458	-3684	-14876	-1580	-731	-246	70	-74	-166	425	2121	425	74818887	
-3666	-3182	-15012	-2103	-656	36	70	-74	-166	426	2126	426	74818888	
-3862	-2688	-15222	-2437	-638	245	76	-74	-168	427	2131	427	74818963	
-4110	-2150	-15524	-2545	-665	389	76	-74	-168	428	2136	428	74818963	
-4480	-1654	-15974	-2459	-685	461	75	-75	-167	429	2141	429	74818963	
-4716	-1218	-16320	-2209	-669	415	75	-75	-167	430	2146	430	74818963	
-4822	-956	-16598	-1739	-667	301	71	-71	-167	431	2151	431	74818964	
-4932	-1070	-16922	-1014	-660	116	71	-71	-167	432	2156	432	74818964	
-4912	-1372	-17124	-138	-655	-95	79	-73	-163	433	2161	433	74818964	
-4844	-1578	-17212	729	-621	-315	79	-73	-163	434	2166	434	74818965	
-4732	-1998	-17234	1529	-606	-502	72	-66	-162	435	2171	435	74819016	
-4758	-2298	-17236	2238	-565	-634	72	-66	-162	436	2176	436	74819017	
-4696	-2718	-17124	2876	-537	-718	68	-72	-164	437	2181	437	74819017	
-4728	-2874	-16684	3347	-522	-734	68	-72	-164	438	2186	438	74819017	
-4854	-3146	-16198	3746	-498	-759	77	-71	-165	439	2191	439	74819018	
-5108	-3460	-15810	4173	-418	-800	77	-71	-165	440	2196	440	74819018	
-5246	-3774	-15506	4633	-278	-865	73	-75	-167	441	2201	441	74819018	
-5358	-4236	-15178	4977	-201	-950	73	-75	-167	442	2206	442	74819018	
-5550	-4482	-14866	5152	-139	-994	79	-75	-167	443	2211	443	74819050	
-5556	-4916	-14354	5220	-87	-1032	79	-75	-167	444	2216	444	74819050	
-5550	-5214	-14068	5311	-60	-1101	76	-76	-162	445	2221	445	74819050	
-5352	-5336	-13744	5373	-12	-1164	76	-76	-162	446	2226	446	74819050	
-5124	-5300	-13646	5459	43	-1212	79	-71	-161	447	2231	447	74819051	
-4924	-5354	-13472	5737	33	-1247	79	-71	-161	448	2236	448	74819051	
-4582	-5532	-13116	5922	44	-1245	84	-76	-166	449	2241	449	74819051	
-4256	-5600	-12754	5861	59	-1170	84	-76	-166	450	2246	450	74819052	
-3972	-5710	-12598	5760	49	-1114	80	-72	-164	451	2251	451	74819052	
-3950	-5710	-12632	5582	92	-1046	80	-72	-164	452	2256	452	74819052	
-3996	-5868	-12896	5337	208	-1001	78	-80	-164	453	2261	453	74819052	
-4052	-5642	-12674	5014	334	-950	78	-80	-164	454	2266	454	74819052	
-3882	-5754	-12570	4620	435	-914	86	-72	-162	455	2271	455	74819053	
-3782	-5598	-12406	4136	493	-855	86	-72	-162	456	2276	456	74819061	
-3898	-5440	-12102	3759	507	-791	80	-68	-158	457	2281	457	74819061	
-3934	-5238	-11956	3384	572	-719	80	-68	-158	458	2286	458	74819061	
-3860	-5000	-11820	3017	608	-682	84	-80	-164	459	2291	459	74819062	
-3832	-4808	-11604	2714	603	-635	84	-80	-164	460	2296	460	74819062	
-3664	-4826	-11538	2549	547	-610	81	-73	-163	461	2301	461	74819062	
-3604	-5096	-11670	2480	494	-612	81	-73	-163	462	2306	462	74819062	
-3512	-5538	-11920	2395	443	-649	88	-78	-160	463	2311	463	74819071	
-3502	-6198	-12044	2303	355	-711	88	-78	-160	464	2316	464	74819095	
-3460	-6720	-12246	2021	269	-768	86	-72	-162	465	2321	465	74819095	
-3238	-7082	-12310	1521	172	-767	86	-72	-162	466	2326	466	74819095	
-3226	-7258	-12296	1051	89	-749	85	-73	-163	467	2331	467	74819095	
-3206	-7440	-12504	671	62	-745	85	-73	-163	468	2336	468	74819112	
-3230	-7284	-12614	179	112	-682	86	-78	-158	469	2341	469	74819142	
-3228	-7016	-12762	-445	236	-549	86	-78	-158	470	2346	470	74819142	
-3284	-6810	-12962	-1124	367	-429	82	-78	-162	471	2351	471	74819142	
-3530	-6472	-13392	-1795	461	-342	82	-78	-162	472	2356	472	74819142	
-3848	-6230	-13966	-2347	557	-321	85	-71	-161	473	2361	473	74819142	
-4310	-5928	-14490	-2731	693	-331	85	-71	-161	474	2366	474	74819143	
-4638	-5788	-15008	-2971	829	-372	83	-75	-161	475	2371	475	74819143	
-4822	-5576	-15256	-3084	892	-396	83	-75	-161	476	2376	476	74819143	
-4878	-5656	-15506	-2985	912	-402	82	-70	-158	477	2381	477	74819149	
-4938	-5906	-15914	-2718	876	-395	82	-70	-158	478	2386	478	74819192	
-4870	-6352	-16304	-2352	793	-343	82	-72	-164	479	2391	479	74819194	
-4696	-6954	-16744	-2087	696	-267	82	-72	-164	480	2396	480	74819194	
-4294	-7478	-17196	-2089	561	-145	81	-79	-163	481	2401	481	74819194	
-4042	-7852	-17798	-2299	416	-6	81	-79	-163	482	2406	482	74819194	
-3786	-7814	-18296	-2701	301	160	84	-72	-166	483	2411	483	74819196	
-3564	-7638	-18572	-3222	234	324	84	-72	-166	484	2416	484	74819196	
-3286	-7472	-18844	-3637	234	434	82	-74	-164	485	2421	485	74819196	
-3118	-7108	-18934	-3917	277	429	82	-74	-164	486	2426	486	74819196	
-3006	-6758	-19058	-4050	347	281	80	-74	-160	487	2431	487	74819196	
-3342	-6086	-18986	-4026	462	54	80	-74	-160	488	2436	488	74819224	
-3810	-5626	-18632	-3769	601	-274	83	-73	-165	489	2441	489	74819224	
-4294	-5244	-18190	-3271	708	-642	83	-73	-165	490	2446	490	74819224	
-4764	-4984	-17762	-2586	776	-1071	82	-78	-162	491	2451	491	74819224	
-4996	-4684	-17398	-1882	893	-1425	82	-78	-162	492	2456	492	74819224	
-5004	-4336	-17182	-1296	1052	-1692	86	-74	-164	493	2461	493	74819224	
-4994	-3936	-17054	-852	1129	-1902	86	-74	-164	494	2466	494	74819224	
-4910	-3600	-16732	-499	1084	-2074	78	-74	-164	495	2471	495	74819231	
-4746	-3460	-16596	-204	980	-2209	78	-74	-164	496	2476	496	74819260	
-4522	-3306	-16492	11	872	-2325	77	-77	-163	497	2481	497	74819260	
-4124	-3026	-16252	152	837	-2392	77	-77	-163	498	2486	498	74819260	
-3584	-2784	-15906	270	770	-2377	82	-78	-160	499	2491	499	74819260	
-3076	-2658	-15614	539	656	-2332	82	-78	-160	500	2496	500	74819260	
-2672	-2834	-15238	1019	556	-2240	82	-72	-164	501	2501	501	74819260	
-2294	-3160	-14924	1601	468	-2169	82	-72	-164	502	2506	502	74819261	
-2134	-3588	-14722	2147	379	-2079	78	-78	-162	503	2511	503	74819261	
-2174	-3848	-14432	2389	341	-1943	78	-78	-162	504	2516	504	74819314	
-2212	-3888	-14212	2351	344	-1796	81	-75	-157	505	2521	505	74819314	
-2360	-3654	-13956	2152	356	-1621	81	-75	-157	506	2526	506	74819314	
-2582	-3402	-13668	1954	389	-1464	81	-79	-159	507	2531	507	74819314	
-2842	-3204	-13482	1924	456	-1311	81	-79	-159	508	2536	508	74819314	
-3034	-3196	-13244	2157	529	-1210	79	-77	-163	509	2541	509	74819314	
-3142	-3194	-13126	2569	569	-1172	79	-77	-163	510	2546	510	74819314	
-3064	-3246	-12992	3031	535	-1171	83	-75	-161	511	2551	511	74819337	
-2952	-3090	-12964	3392	436	-1122	83	-75	-161	512	2556	512	74819364	
-2882	-3126	-12940	3753	300	-1062	86	-76	-160	513	2561	513	74819364	
-2718	-3342	-13008	4184	181	-1029	86	-76	-160	514	2566	514	74819364	
-2682	-3544	-13176	4614	41	-998	85	-81	-159	515	2571	515	74819365	
-2558	-3874	-13422	5036	-88	-994	85	-81	-159	516	2576	516	74819365	
-2430	-4290	-13512	5389	-224	-973	82	-76	-160	517	2581	517	74819370	
-2424	-4702	-13568	5640	-386	-937	82	-76	-160	518	2586	518	74819370	
-2510	-5272	-13574	5846	-568	-903	86	-80	-154	519	2591	519	74819374	
-2620	-5760	-13756	6014	-745	-868	86	-80	-154	520	2596	520	74819411	
-2862	-6386	-13872	6141	-893	-839	84	-76	-160	521	2601	521	74819411	
-3218	-6696	-13950	6149	-966	-817	84	-76	-160	522	2606	522	74819411	
-3648	-7098	-14140	6079	-947	-799	86	-78	-158	523	2611	523	74819411	
-4056	-7436	-14422	5955	-870	-789	86	-78	-158	524	2616	524	74819411	
-4458	-7716	-14590	5829	-755	-812	88	-80	-158	525	2621	525	74819412	
-4768	-8096	-14732	5754	-620	-853	88	-80	-158	526	2626	526	74819412	
-4852	-8236	-14944	5621	-475	-912	88	-78	-158	527	2631	527	74819412	
-4910	-8352	-15182	5369	-314	-939	88	-78	-158	528	2636	528	74819412	
-4968	-8590	-15344	5073	-161	-972	90	-76	-154	529	2641	529	74819412	
-4988	-8762	-15524	4719	-17	-1006	90	-76	-154	530	2646	530	74819412	
-5044	-8972	-15678	4447	92	-1060	95	-75	-155	531	2651	531	74819412	
-4932	-9222	-15758	4180	177	-1106	95	-75	-155	532	2656	532	74819422	
-4766	-9372	-15802	3896	248	-1124	91	-77	-153	533	2661	533	74819439	
-4600	-9554	-15730	3635	269	-1126	91	-77	-153	534	2666	534	74819451	
-4354	-9714	-15442	3308	252	-1075	95	-77	-153	535	2671	535	74819451	
-4146	-9950	-15176	2920	216	-996	95	-77	-153	536	2676	536	74819452	
-4078	-10084	-15136	2561	165	-932	90	-76	-152	537	2681	537	74819453	
-3932	-10120	-15112	2167	132	-874	90	-76	-152	538	2686	538	74819453	
-3920	-10034	-15120	1767	141	-821	97	-75	-153	539	2691	539	74819453	
-3880	-9870	-15054	1382	187	-775	97	-75	-153	540	2696	540	74819453	
-3816	-9456	-14892	920	246	-708	95	-79	-151	541	2701	541	74819477	
-3810	-9088	-14680	524	281	-641	95	-79	-151	542	2706	542	74819486	
-3894	-8720	-14558	253	335	-607	95	-81	-157	543	2711	543	74819487	
-3812	-8386	-14372	67	376	-570	95	-81	-157	544	2716	544	74819487	
-3678	-8038	-14186	-51	399	-530	96	-78	-152	545	2721	545	74819487	
-3698	-7782	-14194	-126	416	-505	96	-78	-152	546	2726	546	74819487	
-3570	-7624	-14082	-192	444	-478	99	-81	-151	547	2731	547	74819487	
-3494	-7584	-14024	-294	457	-458	99	-81	-151	548	2736	548	74819487	
-3404	-7438	-13850	-428	439	-454	93	-73	-155	549	2741	549	74819487	
-3380	-7264	-13714	-649	431	-494	93	-73	-155	550	2746	550	74819487	
-3350	-6962	-13678	-818	413	-529	97	-81	-161	551	2751	551	74819525	
-3276	-6610	-13534	-918	393	-581	97	-81	-161	552	2756	552	74819526	
-3236	-6230	-13466	-973	391	-647	94	-80	-156	553	2761	553	74819526	
-3230	-5964	-13454	-961	376	-705	94	-80	-156	554	2766	554	74819526	
-3242	-5974	-13420	-884	340	-783	93	-77	-159	555	2771	555	74819526	
-3142	-5922	-13360	-826	290	-850	93	-77	-159	556	2776	556	74819526	
-3138	-5964	-13254	-776	247	-900	97	-75	-155	557	2781	557	74819527	
-3172	-5996	-13286	-720	208	-936	97	-75	-155	558	2786	558	74819534	
-3126	-6116	-13356	-688	173	-935	91	-83	-151	559	2791	559	74819560	
-3126	-6276	-13440	-692	145	-932	91	-83	-151	560	2796	560	74819560	
-3130	-6358	-13658	-766	130	-928	95	-79	-153	561	2801	561	74819560	
-3092	-6416	-13762	-906	111	-881	95	-79	-153	562	2806	562	74819560	
-3000	-6348	-13804	-1004	112	-839	94	-76	-150	563	2811	563	74819560	
-2880	-6302	-14010	-1024	129	-801	94	-76	-150	564	2816	564	74819560	
-2796	-6264	-14112	-989	122	-760	93	-79	-151	565	2821	565	74819560	
-2846	-6250	-14352	-926	110	-741	93	-79	-151	566	2826	566	74819598	
-2834	-6186	-14532	-806	126	-704	92	-80	-154	567	2831	567	74819598	
-2822	-6150	-14738	-658	134	-673	92	-80	-154	568	2836	568	74819598	
-2856	-6096	-14830	-465	120	-666	91	-81	-155	569	2841	569	74819598	
-2838	-6180	-14960	-245	72	-660	91	-81	-155	570	2846	570	74819598	
-2896	-6176	-15006	-22	29	-657	94	-86	-156	571	2851	571	74819598	
-2986	-6216	-15050	246	-24	-676	94	-86	-156	572	2856	572	74819598	
-3052	-6276	-15022	537	-55	-698	98	-78	-156	573	2861	573	74819626	
-3150	-6370	-15148	790	-87	-728	98	-78	-156	574	2866	574	74819644	
-3278	-6500	-15268	1052	-111	-754	94	-76	-154	575	2871	575	74819644	
-3494	-6538	-15392	1270	-102	-781	94	-76	-154	576	2876	576	74819644	
-3554	-6656	-15428	1459	-104	-794	94	-82	-152	577	2881	577	74819644	
-3574	-6698	-15470	1590	-107	-787	94	-82	-152	578	2886	578	74819644	
-3638	-6754	-15380	1694	-141	-789	99	-75	-151	579	2891	579	74819644	
-3734	-6906	-15342	1792	-167	-781	99	-75	-151	580	2896	580	74819644	
-3754	-7014	-15334	1877	-170	-781	95	-83	-157	581	2901	581	74819679	
-3850	-7102	-15426	1926	-152	-788	95	-83	-157	582	2906	582	74819680	
-3810	-7186	-15288	1977	-153	-774	93	-85	-151	583	2911	583	74819680	
-3882	-7318	-15188	2085	-149	-787	93	-85	-151	584	2916	584	74819680	
-3766	-7408	-15032	2134	-154	-770	98	-82	-152	585	2921	585	74819680	
-3630	-7484	-14874	2149	-181	-762	98	-82	-152	586	2926	586	74819681	
-3618	-7614	-14786	2189	-220	-732	98	-78	-154	587	2931	587	74819681	
-3684	-7660	-14760	2198	-210	-710	98	-78	-154	588	2936	588	74819681	
-3642	-7666	-14804	2209	-188	-705	96	-76	-150	589	2941	589	74819682	
-3720	-7662	-14774	2234	-161	-688	96	-76	-150	590	2946	590	74819682	
-3686	-7610	-14728	2249	-129	-686	97	-83	-151	591	2951	591	74819688	
-3736	-7504	-14602	2281	-135	-696	97	-83	-151	592	2956	592	74819727	
-3632	-7328	-14398	2296	-134	-707	99	-81	-151	593	2961	593	74819728	
-3668	-7298	-14224	2350	-132	-708	99	-81	-151	594	2966	594	74819728	
-3732	-7242	-14074	2460	-135	-725	97	-79	-153	595	2971	595	74819728	
-3644	-7190	-13976	2560	-123	-734	97	-79	-153	596	2976	596	74819728	
-3710	-7306	-13900	2659	-115	-735	100	-80	-148	597	2981	597	74819741	
-3748	-7372	-13982	2704	-111	-738	100	-80	-148	598	2986	598	74819778	
-3662	-7502	-13946	2757	-103	-733	102	-80	-154	599	2991	599	74819778	
-3718	-7594	-13788	2787	-142	-724	102	-80	-154	600	2996	600	74819779	
-3676	-7688	-13736	2756	-148	-728	106	-80	-148	601	3001	601	74819780	
-3670	-7790	-13590	2688	-133	-715	106	-80	-148	602	3006	602	74819781	
