-3096	-3474	-17546	-74	-565	-235	-67	35	-161	10953	54765	10953	74204533
-2994	-3466	-17478	-93	-527	-221	-67	35	-161	10954	54770	10954	74204534
-3014	-3508	-17360	-133	-536	-221	-61	33	-163	10955	54775	10955	74204534
-2956	-3552	-17452	-164	-591	-218	-61	33	-163	10956	54780	10956	74204535
-2944	-3498	-17414	-162	-639	-200	-62	34	-164	10957	54785	10957	74204536
-2992	-3440	-17514	-131	-673	-193	-62	34	-164	10958	54790	10958	74204536
-3008	-3518	-17548	-124	-613	-185	-65	41	-161	10959	54795	10959	74204561
-3090	-3488	-17468	-145	-574	-166	-65	41	-161	10960	54800	10960	74204561
-3086	-3414	-17568	-242	-529	-140	-66	40	-166	10961	54805	10961	74204561
-3098	-3330	-17536	-407	-509	-91	-66	40	-166	10962	54810	10962	74204562
-3132	-3284	-17546	-494	-500	-64	-65	39	-165	10963	54815	10963	74204562
-3152	-3310	-17502	-650	-492	-18	-65	39	-165	10964	54820	10964	74204563
-3144	-3204	-17494	-722	-436	2	-66	36	-162	10965	54825	10965	74204563
-3214	-3212	-17528	-712	-434	45	-66	36	-162	10966	54830	10966	74204563
-3218	-3300	-17594	-683	-427	55	-69	35	-165	10967	54835	10967	74204564
-3128	-3324	-17524	-655	-454	78	-69	35	-165	10968	54840	10968	74204565
-3224	-3354	-17420	-640	-499	112	-67	37	-169	10969	54845	10969	74204565
-3204	-3414	-17446	-573	-506	128	-67	37	-169	10970	54850	10970	74204565
-3234	-3426	-17436	-460	-489	146	-60	38	-164	10971	54855	10971	74204567
-3216	-3512	-17418	-318	-456	161	-60	38	-164	10972	54860	10972	74204606
-3146	-3524	-17476	-286	-448	164	-63	37	-167	10973	54865	10973	74204608
-3206	-3518	-17480	-224	-411	182	-63	37	-167	10974	54870	10974	74204656
-3122	-3540	-17504	-206	-415	190	-69	33	-167	10975	54875	10975	74204657
-3026	-3540	-17398	-206	-433	201	-69	33	-167	10976	54880	10976	74204658
-3132	-3578	-17412	-208	-429	201	-64	38	-166	10977	54885	10977	74204658
-3156	-3608	-17472	-225	-436	194	-64	38	-166	10978	54890	10978	74204659
-3106	-3608	-17520	-250	-432	189	-72	42	-166	10979	54895	10979	74204660
-3144	-3654	-17400	-264	-429	193	-72	42	-166	10980	54900	10980	74204660
-3146	-3596	-17494	-349	-416	189	-62	38	-164	10981	54905	10981	74204661
-3216	-3586	-17498	-391	-405	173	-62	38	-164	10982	54910	10982	74204662
-3140	-3558	-17462	-438	-408	183	-64	34	-168	10983	54915	10983	74204662
-3192	-3564	-17532	-476	-424	182	-64	34	-168	10984	54920	10984	74204678
-3252	-3546	-17426	-493	-375	195	-74	42	-160	10985	54925	10985	74204681
-3236	-3562	-17544	-492	-356	203	-74	42	-160	10986	54930	10986	74204682
-3220	-3608	-17466	-569	-323	194	-64	36	-170	10987	54935	10987	74204682
-3278	-3642	-17428	-637	-338	206	-64	36	-170	10988	54940	10988	74204682
-3296	-3566	-17384	-641	-349	221	-68	40	-166	10989	54945	10989	74204683
-3254	-3638	-17280	-619	-353	244	-68	40	-166	10990	54950	10990	74204683
-3226	-3686	-17256	-559	-385	235	-62	36	-162	10991	54955	10991	74204684
-3260	-3636	-17198	-450	-397	247	-62	36	-162	10992	54960	10992	74204684
-3254	-3690	-17230	-408	-401	237	-64	38	-166	10993	54965	10993	74204684
-3336	-3664	-17248	-276	-388	241	-64	38	-166	10994	54970	10994	74204685
-3286	-3850	-17328	-158	-362	224	-67	39	-161	10995	54975	10995	74204757
-3242	-3828	-17306	-165	-348	226	-67	39	-161	10996	54980	10996	74204758
-3188	-3864	-17420	-247	-297	180	-61	43	-165	10997	54985	10997	74204759
-3154	-3836	-17340	-401	-271	155	-61	43	-165	10998	54990	10998	74204760
-3166	-3746	-17322	-456	-301	145	-64	38	-164	10999	54995	10999	74204761
-3152	-3814	-17362	-504	-324	122	-64	38	-164	11000	55000	11000	74204761
-3158	-3726	-17374	-526	-363	108	-63	35	-163	11001	55005	11001	74204763
-3108	-3756	-17324	-528	-383	90	-63	35	-163	11002	55010	11002	74204763
-3180	-3756	-17384	-540	-398	83	-66	44	-164	11003	55015	11003	74204765
-3272	-3696	-17346	-535	-412	83	-66	44	-164	11004	55020	11004	74204766
-3124	-3652	-17462	-502	-380	97	-69	37	-165	11005	55025	11005	74204768
-3132	-3646	-17454	-497	-355	99	-69	37	-165	11006	55030	11006	74204769
-3196	-3640	-17408	-459	-388	111	-63	39	-167	11007	55035	11007	74204772
-3240	-3580	-17366	-438	-416	122	-63	39	-167	11008	55040	11008	74204835
-3256	-3544	-17484	-435	-455	131	-69	37	-167	11009	55045	11009	74204840
-3160	-3670	-17318	-433	-488	156	-69	37	-167	11010	55050	11010	74204841
-3192	-3576	-17438	-392	-539	160	-60	36	-168	11011	55055	11011	74204842
-3168	-3548	-17490	-238	-491	157	-60	36	-168	11012	55060	11012	74204842
-3116	-3582	-17528	-141	-452	140	-63	39	-165	11013	55065	11013	74204843
-3278	-3634	-17570	9	-394	116	-63	39	-165	11014	55070	11014	74204843
-3264	-3670	-17494	4	-410	129	-72	36	-166	11015	55075	11015	74204843
-3244	-3686	-17462	-28	-408	125	-72	36	-166	11016	55080	11016	74204844
-3206	-3600	-17260	-143	-442	144	-64	38	-164	11017	55085	11017	74204845
-3220	-3468	-17240	-230	-531	156	-64	38	-164	11018	55090	11018	74204845
-3296	-3446	-17326	-258	-553	155	-66	42	-168	11019	55095	11019	74204857
-3290	-3422	-17406	-281	-503	158	-66	42	-168	11020	55100	11020	74204895
-3278	-3402	-17568	-327	-406	156	-66	40	-164	11021	55105	11021	74204896
-3282	-3464	-17490	-368	-346	156	-66	40	-164	11022	55110	11022	74204896
-3308	-3450	-17492	-432	-297	135	-66	40	-162	11023	55115	11023	74204896
-3268	-3400	-17436	-467	-311	136	-66	40	-162	11024	55120	11024	74204897
-3326	-3474	-17460	-462	-374	127	-73	39	-159	11025	55125	11025	74204897
-3324	-3474	-17508	-413	-389	140	-73	39	-159	11026	55130	11026	74204898
-3516	-3434	-17466	-317	-403	124	-62	38	-166	11027	55135	11027	74204899
-3536	-3456	-17656	-239	-404	126	-62	38	-166	11028	55140	11028	74204900
-3540	-3388	-17700	-201	-397	144	-65	39	-163	11029	55145	11029	74204901
-3580	-3360	-17816	-134	-376	146	-65	39	-163	11030	55150	11030	74204901
-3646	-3380	-17864	-138	-327	177	-63	39	-167	11031	55155	11031	74204902
-3652	-3348	-17820	-157	-300	205	-63	39	-167	11032	55160	11032	74204912
-3574	-3278	-17728	-230	-245	228	-59	39	-163	11033	55165	11033	74204913
-3558	-3224	-17616	-250	-202	251	-59	39	-163	11034	55170	11034	74204913
-3604	-3196	-17564	-224	-174	299	-68	38	-160	11035	55175	11035	74204915
-3506	-3212	-17594	-215	-157	315	-68	38	-160	11036	55180	11036	74204916
-3586	-3208	-17664	-164	-106	344	-62	38	-158	11037	55185	11037	74204916
-3520	-3164	-17682	-161	-17	386	-62	38	-158	11038	55190	11038	74204917
-3534	-3082	-17662	-184	1	404	-66	34	-164	11039	55195	11039	74204917
-3572	-3020	-17576	-243	-51	461	-66	34	-164	11040	55200	11040	74204918
-3628	-2910	-17466	-287	-171	511	-69	39	-165	11041	55205	11041	74204940
-3630	-2966	-17478	-304	-190	537	-69	39	-165	11042	55210	11042	74204940
-3776	-2970	-17526	-280	-234	582	-62	34	-162	11043	55215	11043	74204940
-3840	-2974	-17464	-237	-215	629	-62	34	-162	11044	55220	11044	74205013
-3778	-3002	-17424	-235	-214	651	-68	42	-162	11045	55225	11045	74205014
-3840	-3056	-17374	-302	-320	706	-68	42	-162	11046	55230	11046	74205014
-3898	-2966	-17290	-302	-421	780	-68	36	-172	11047	55235	11047	74205019
-3656	-3086	-17196	-285	-418	780	-68	36	-172	11048	55240	11048	74205021
-3464	-3070	-17286	-236	-457	804	-67	37	-163	11049	55245	11049	74205021
-3320	-3180	-17270	-258	-400	758	-67	37	-163	11050	55250	11050	74205021
-3372	-3250	-17264	-251	-452	701	-65	37	-167	11051	55255	11051	74205022
-3234	-3240	-17264	-245	-467	689	-65	37	-167	11052	55260	11052	74205022
-3146	-3476	-17222	-285	-431	628	-66	40	-166	11053	55265	11053	74205023
-3126	-3418	-17444	-444	-479	619	-66	40	-166	11054	55270	11054	74205023
-3046	-3408	-17430	-545	-495	638	-66	42	-164	11055	55275	11055	74205023
-3148	-3436	-17300	-733	-512	656	-66	42	-164	11056	55280	11056	74205024
-3288	-3276	-17270	-869	-587	697	-71	33	-169	11057	55285	11057	74205024
-3356	-3256	-17238	-747	-618	711	-71	33	-169	11058	55290	11058	74205025
-3336	-3204	-17334	-603	-632	682	-68	42	-166	11059	55295	11059	74205025
-3052	-3750	-17314	-254	-674	654	-68	42	-166	11060	55300	11060	74205073
-3088	-3886	-17474	-96	-661	608	-65	39	-163	11061	55305	11061	74205094
-3112	-3978	-17494	14	-599	582	-65	39	-163	11062	55310	11062	74205122
-2796	-4088	-17600	231	-422	580	-68	34	-166	11063	55315	11063	74205123
-2708	-4128	-17770	349	-305	564	-68	34	-166	11064	55320	11064	74205123
-2654	-4176	-17850	303	-281	563	-60	34	-166	11065	55325	11065	74205124
-2530	-4216	-17728	54	-311	557	-60	34	-166	11066	55330	11066	74205124
-2416	-4240	-17636	-214	-551	578	-65	35	-163	11067	55335	11067	74205124
-2452	-4144	-17550	-411	-653	592	-65	35	-163	11068	55340	11068	74205125
-2480	-3856	-17384	-758	-787	645	-69	37	-177	11069	55345	11069	74205125
-2460	-3846	-17188	-1039	-883	685	-69	37	-177	11070	55350	11070	74205126
-2574	-3692	-17172	-1414	-1080	692	-70	38	-168	11071	55355	11071	74205126
-2638	-3660	-16838	-1586	-1144	691	-70	38	-168	11072	55360	11072	74205127
-2748	-3470	-16802	-1762	-1319	671	-68	42	-166	11073	55365	11073	74205127
-2792	-3282	-16956	-1532	-1279	634	-68	42	-166	11074	55370	11074	74205127
-2772	-3146	-17186	-1208	-1141	629	-68	38	-164	11075	55375	11075	74205128
-2470	-3524	-17268	123	-685	645	-68	38	-164	11076	55380	11076	74205128
-2312	-3728	-17156	317	-939	658	-72	44	-168	11077	55385	11077	74205129
-2332	-3858	-17234	455	-1141	647	-72	44	-168	11078	55390	11078	74205129
-2556	-3494	-17510	1035	-1226	619	-71	39	-169	11079	55395	11079	74205129
-2606	-3564	-17732	2071	-1117	665	-71	39	-169	11080	55400	11080	74205130
-2640	-3538	-17724	2792	-1009	737	-64	36	-168	11081	55405	11081	74205130
-2788	-3604	-17676	2991	-988	797	-64	36	-168	11082	55410	11082	74205131
-2892	-3650	-17308	3217	-1171	855	-68	40	-164	11083	55415	11083	74205132
-3142	-3880	-17282	3086	-1378	915	-68	40	-164	11084	55420	11084	74205133
-3234	-3662	-17188	2795	-1496	951	-67	37	-167	11085	55425	11085	74205133
-3252	-3534	-17108	2514	-1557	1051	-67	37	-167	11086	55430	11086	74205134
-3648	-3862	-17314	2193	-1483	1146	-65	41	-159	11087	55435	11087	74205135
-3528	-3932	-17312	1858	-1278	1147	-65	41	-159	11088	55440	11088	74205135
-3422	-4444	-17486	1086	-831	904	-70	32	-166	11089	55445	11089	74205176
-3176	-3240	-17514	316	-408	819	-70	32	-166	11090	55450	11090	74205178
-3280	-2182	-17234	55	-327	913	-64	42	-168	11091	55455	11091	74205179
-3816	-4078	-17760	653	-38	899	-64	42	-168	11092	55460	11092	74205180
-3374	-4380	-17138	272	67	773	-69	39	-163	11093	55465	11093	74205181
-3670	-4106	-16992	-336	-628	813	-69	39	-163	11094	55470	11094	74205181
-3754	-3852	-16932	-384	-737	874	-60	42	-164	11095	55475	11095	74205182
-3600	-3766	-16876	-187	-684	897	-60	42	-164	11096	55480	11096	74205182
-3682	-3660	-16846	35	-517	876	-62	42	-164	11097	55485	11097	74205183
-3776	-3702	-16898	44	-504	925	-62	42	-164	11098	55490	11098	74205229
-3234	-3648	-17116	1	-201	904	-72	36	-168	11099	55495	11099	74205232
-3108	-3752	-17134	46	-120	867	-72	36	-168	11100	55500	11100	74205236
-3162	-3580	-17092	52	-113	827	-58	44	-166	11101	55505	11101	74205238
-3032	-3662	-17276	223	-118	832	-58	44	-166	11102	55510	11102	74205252
-3188	-3500	-17286	292	-23	829	-65	37	-161	11103	55515	11103	74205282
-3268	-3674	-17360	455	-23	769	-65	37	-161	11104	55520	11104	74205283
-3398	-3424	-17562	452	15	758	-63	43	-165	11105	55525	11105	74205284
-3202	-3530	-17654	499	223	795	-63	43	-165	11106	55530	11106	74205285
-3570	-3408	-17666	331	128	832	-57	45	-161	11107	55535	11107	74205287
-3462	-3492	-17790	271	57	841	-57	45	-161	11108	55540	11108	74205288
-3698	-3476	-17678	-4	34	942	-71	37	-155	11109	55545	11109	74205288
-3548	-3604	-17682	-206	22	1032	-71	37	-155	11110	55550	11110	74205290
-3554	-3368	-17524	-367	-61	1069	-72	36	-170	11111	55555	11111	74205291
-3754	-3700	-17428	-412	-280	1201	-72	36	-170	11112	55560	11112	74205292
-3534	-3682	-17208	-689	-197	1284	-66	40	-162	11113	55565	11113	74205294
-3482	-3758	-17128	-713	-219	1291	-66	40	-162	11114	55570	11114	74205295
-3158	-3718	-17056	-888	-158	1361	-61	41	-163	11115	55575	11115	74205299
-2964	-3766	-17062	-1065	-36	1458	-61	41	-163	11116	55580	11116	74205300
-3064	-3598	-17116	-1176	-4	1502	-63	45	-161	11117	55585	11117	74205300
-3416	-3626	-17414	-1150	40	1500	-63	45	-161	11118	55590	11118	74205301
-3254	-3782	-17668	-1224	174	1367	-66	40	-160	11119	55595	11119	74205308
-2274	-4044	-17596	-1363	592	1559	-66	40	-160	11120	55600	11120	74205309
-2058	-3602	-17188	-1736	488	1716	-64	42	-162	11121	55605	11121	74205310
-2802	-2858	-17076	-1755	-398	1969	-64	42	-162	11122	55610	11122	74205310
-4350	-2492	-17898	-1060	-932	1730	-61	41	-165	11123	55615	11123	74205332
-4760	-2504	-18184	-715	-776	1558	-61	41	-165	11124	55620	11124	74205332
-5090	-2564	-18186	-583	-317	1176	-68	38	-166	11125	55625	11125	74205362
-5102	-2742	-17948	-807	-216	917	-68	38	-166	11126	55630	11126	74205363
-4916	-2934	-17870	-1044	-244	779	-61	43	-165	11127	55635	11127	74205365
-4410	-3332	-17448	-1146	-307	753	-61	43	-165	11128	55640	11128	74205366
-4060	-3456	-17256	-1267	-567	747	-63	37	-165	11129	55645	11129	74205366
-3904	-3556	-17322	-1160	-736	770	-63	37	-165	11130	55650	11130	74205368
-3832	-3638	-17452	-1093	-713	779	-70	40	-162	11131	55655	11131	74205368
-3764	-3602	-17516	-1045	-591	806	-70	40	-162	11132	55660	11132	74205369
-3736	-3628	-17524	-1088	-500	766	-70	40	-158	11133	55665	11133	74205371
-3732	-3658	-17526	-1148	-451	752	-70	40	-158	11134	55670	11134	74205432
-3778	-3642	-17376	-1292	-349	694	-65	43	-161	11135	55675	11135	74205468
-3916	-3634	-17188	-1390	-359	592	-65	43	-161	11136	55680	11136	74205468
-3770	-3662	-17222	-1432	-335	557	-71	45	-163	11137	55685	11137	74205469
-3620	-3714	-17444	-1350	-225	427	-71	45	-163	11138	55690	11138	74205469
-3762	-3324	-17416	-1456	-102	410	-71	45	-163	11139	55695	11139	74205470
-3950	-3288	-17462	-1261	-57	428	-71	45	-163	11140	55700	11140	74205484
-4118	-3382	-17628	-1207	-23	433	-69	37	-167	11141	55705	11141	74205487
-3848	-3312	-17342	-1432	-126	461	-69	37	-167	11142	55710	11142	74205489
-3550	-3166	-17272	-1634	-399	484	-60	44	-166	11143	55715	11143	74205490
-3562	-3238	-17352	-1624	-493	492	-60	44	-166	11144	55720	11144	74205492
-3560	-3508	-17408	-1506	-628	470	-67	47	-165	11145	55725	11145	74205494
-3286	-3508	-17362	-1579	-669	486	-67	47	-165	11146	55730	11146	74205495
-3068	-3424	-17336	-1658	-661	507	-68	38	-162	11147	55735	11147	74205496
-2974	-3342	-17428	-1632	-672	591	-68	38	-162	11148	55740	11148	74205496
-2426	-3408	-17390	-1580	-532	585	-69	43	-159	11149	55745	11149	74205497
-3038	-3238	-17124	-1417	-857	649	-69	43	-159	11150	55750	11150	74205497
-3422	-2968	-17544	-1284	-885	723	-69	41	-163	11151	55755	11151	74205497
-4002	-2302	-17590	-1027	-661	790	-69	41	-163	11152	55760	11152	74205498
-3836	-3742	-17990	-280	-512	797	-68	42	-166	11153	55765	11153	74205510
-3192	-3684	-17580	-497	-341	795	-68	42	-166	11154	55770	11154	74205511
-3120	-2918	-17226	-1257	-691	890	-72	36	-166	11155	55775	11155	74205511
-3340	-2758	-17476	-809	-788	976	-72	36	-166	11156	55780	11156	74205512
-3292	-3052	-17672	-662	-779	986	-67	41	-159	11157	55785	11157	74205513
-3566	-2622	-17490	-554	-629	1071	-67	41	-159	11158	55790	11158	74205513
-3792	-2460	-17780	-267	-687	1133	-66	42	-160	11159	55795	11159	74205514
-3880	-2842	-17778	-130	-597	1188	-66	42	-160	11160	55800	11160	74205537
-3980	-2520	-17386	-354	-652	1229	-77	45	-167	11161	55805	11161	74205538
-4188	-2626	-17526	-234	-884	1237	-77	45	-167	11162	55810	11162	74205564
-4064	-2552	-17334	-254	-878	1336	-71	43	-163	11163	55815	11163	74205565
-4124	-2320	-17174	-204	-983	1368	-71	43	-163	11164	55820	11164	74205565
-4544	-2216	-17644	356	-1073	1407	-65	39	-161	11165	55825	11165	74205566
-5012	-2840	-17964	948	-862	1303	-65	39	-161	11166	55830	11166	74205566
-4486	-3600	-17912	1130	-713	1161	-76	42	-168	11167	55835	11167	74205566
-3752	-3136	-17908	525	-588	1046	-76	42	-168	11168	55840	11168	74205567
-2812	-3604	-17570	-7	-336	1182	-67	41	-167	11169	55845	11169	74205567
-2822	-2956	-17336	-362	-434	1255	-67	41	-167	11170	55850	11170	74205568
-2954	-3014	-18000	-228	-598	1273	-78	44	-164	11171	55855	11171	74205617
-2914	-2630	-17980	-397	-357	1397	-78	44	-164	11172	55860	11172	74205666
-2890	-2676	-17782	-614	-358	1517	-69	41	-171	11173	55865	11173	74205666
-3062	-2336	-17788	-673	-452	1562	-69	41	-171	11174	55870	11174	74205667
-3242	-2384	-17944	-613	-570	1649	-68	38	-164	11175	55875	11175	74205667
-3532	-2142	-17692	-683	-515	1728	-68	38	-164	11176	55880	11176	74205668
-3528	-2578	-17822	-670	-577	1720	-73	43	-171	11177	55885	11177	74205668
-3650	-2308	-17644	-659	-511	1800	-73	43	-171	11178	55890	11178	74205669
-3518	-2200	-17656	-508	-436	1909	-69	43	-163	11179	55895	11179	74205669
-3392	-2312	-17474	-564	-459	2006	-69	43	-163	11180	55900	11180	74205670
-3102	-2812	-17368	-570	-522	2119	-73	45	-167	11181	55905	11181	74205670
-3320	-2926	-17298	-755	-794	2169	-73	45	-167	11182	55910	11182	74205672
-3398	-3168	-17416	-727	-879	2155	-69	45	-167	11183	55915	11183	74205672
-3586	-3182	-17530	-967	-918	2055	-69	45	-167	11184	55920	11184	74205673
-3512	-3014	-17736	-1177	-699	2002	-74	44	-164	11185	55925	11185	74205674
-3478	-2944	-17938	-1410	-338	1938	-74	44	-164	11186	55930	11186	74205714
-3150	-2864	-17766	-1536	-237	1919	-80	44	-162	11187	55935	11187	74205718
-2908	-2548	-17722	-1809	-227	1902	-80	44	-162	11188	55940	11188	74205742
-3022	-2360	-17958	-1824	-337	1867	-71	43	-165	11189	55945	11189	74205744
-3072	-2262	-17846	-1804	-318	1831	-71	43	-165	11190	55950	11190	74205745
-3098	-2428	-17652	-1886	-326	1746	-72	42	-162	11191	55955	11191	74205746
-2930	-2496	-17354	-2111	-531	1695	-72	42	-162	11192	55960	11192	74205747
-2958	-2348	-17170	-2256	-730	1666	-79	43	-165	11193	55965	11193	74205748
-3412	-2174	-17476	-2282	-1212	1685	-79	43	-165	11194	55970	11194	74205749
-3144	-1690	-17802	-2242	-1363	1788	-73	41	-163	11195	55975	11195	74205751
-2916	-1664	-18056	-1678	-1048	1889	-73	41	-163	11196	55980	11196	74205752
-2140	-1962	-18180	-1452	-743	1902	-78	44	-164	11197	55985	11197	74205753
-1566	-2108	-17518	-1522	-446	1890	-78	44	-164	11198	55990	11198	74205754
-1244	-2166	-17394	-1563	-886	1808	-77	47	-165	11199	55995	11199	74205754
-1216	-2208	-17432	-1432	-1073	1735	-77	47	-165	11200	56000	11200	74205755
-926	-2318	-17656	-1298	-1292	1566	-74	42	-162	11201	56005	11201	74205755
-850	-2302	-17884	-1316	-1708	1368	-74	42	-162	11202	56010	11202	74205756
-1010	-2338	-17938	-1254	-1920	1253	-67	47	-159	11203	56015	11203	74205757
-1274	-2592	-18056	-1058	-2387	1059	-67	47	-159	11204	56020	11204	74205757
-1386	-2636	-17898	-944	-2917	915	-77	47	-161	11205	56025	11205	74205758
-1686	-2512	-18018	-799	-3169	874	-77	47	-161	11206	56030	11206	74205766
-2328	-2468	-18284	-398	-3428	800	-74	46	-162	11207	56035	11207	74205793
-2684	-2120	-17900	-222	-3422	796	-74	46	-162	11208	56040	11208	74205794
-2776	-1892	-17710	215	-3495	956	-70	46	-164	11209	56045	11209	74205794
-2710	-1836	-17176	480	-3602	1023	-70	46	-164	11210	56050	11210	74205795
-3034	-1712	-17426	1142	-3839	1164	-71	49	-163	11211	56055	11211	74205796
-2928	-1582	-17906	2013	-3535	1346	-71	49	-163	11212	56060	11212	74205796
-2758	-1518	-18112	2177	-3357	1456	-79	45	-165	11213	56065	11213	74205797
-2532	-1652	-17914	2086	-3576	1646	-79	45	-165	11214	56070	11214	74205797
-2808	-2048	-17422	1972	-3978	1832	-74	50	-166	11215	56075	11215	74205798
-3062	-2046	-16926	2145	-4038	1852	-74	50	-166	11216	56080	11216	74205798
-3554	-1982	-16408	2581	-3954	1993	-77	53	-161	11217	56085	11217	74205798
-3864	-2536	-16792	2614	-4122	2284	-77	53	-161	11218	56090	11218	74205820
-4044	-2830	-17186	2431	-4217	2398	-75	49	-159	11219	56095	11219	74205845
-4310	-2828	-17622	2001	-4217	2601	-75	49	-159	11220	56100	11220	74205846
-3960	-2606	-17020	1571	-4456	3139	-72	52	-160	11221	56105	11221	74205846
-4508	-2026	-17054	1969	-5063	3599	-72	52	-160	11222	56110	11222	74205847
-4848	-1670	-17432	2466	-5179	3824	-81	45	-167	11223	56115	11223	74205847
-5206	-1660	-18046	3181	-4996	4179	-81	45	-167	11224	56120	11224	74205848
-5092	-1630	-18324	3584	-4998	4602	-74	54	-160	11225	56125	11225	74205848
-5062	-1870	-18408	3723	-5177	4833	-74	54	-160	11226	56130	11226	74205849
-5188	-2416	-18770	3652	-5632	5231	-74	54	-162	11227	56135	11227	74205896
-4708	-2910	-18280	3397	-5778	5646	-74	54	-162	11228	56140	11228	74205901
-4438	-2896	-17486	3304	-5992	5857	-73	55	-163	11229	56145	11229	74205902
-4512	-3068	-17228	3388	-6436	6337	-73	55	-163	11230	56150	11230	74205902
-4890	-3178	-17790	3175	-6570	6663	-73	59	-161	11231	56155	11231	74205905
-4760	-3252	-17886	2661	-6611	7174	-73	59	-161	11232	56160	11232	74205907
-4536	-3540	-17586	2422	-6634	7256	-71	59	-159	11233	56165	11233	74205908
-4854	-3198	-17126	2173	-6936	7646	-71	59	-159	11234	56170	11234	74205910
-5744	-2872	-16896	2283	-7260	7752	-72	60	-160	11235	56175	11235	74205911
-5976	-3000	-16754	2248	-7457	7602	-72	60	-160	11236	56180	11236	74205913
-4084	-4600	-16922	2714	-6650	7208	-65	63	-155	11237	56185	11237	74205913
-3498	-5144	-16562	2299	-6825	7328	-65	63	-155	11238	56190	11238	74205914
-3798	-4770	-16314	1982	-7148	7283	-77	63	-157	11239	56195	11239	74205915
-3862	-4666	-16718	2034	-6902	6899	-77	63	-157	11240	56200	11240	74205915
-3394	-4182	-16528	1606	-6808	6302	-72	70	-160	11241	56205	11241	74205921
-3452	-3984	-16392	1635	-7021	6004	-72	70	-160	11242	56210	11242	74205922
-4024	-3838	-16966	1808	-7419	5476	-73	69	-147	11243	56215	11243	74205924
-4212	-3690	-16978	1709	-7423	4962	-73	69	-147	11244	56220	11244	74205973
-4552	-4212	-17074	1531	-7611	4696	-65	67	-157	11245	56225	11245	74206043
-4654	-4166	-17130	1401	-7726	4655	-65	67	-157	11246	56230	11246	74206044
-4792	-4784	-16802	1362	-7812	4653	-71	73	-151	11247	56235	11247	74206044
-5106	-4830	-16444	682	-8011	4753	-71	73	-151	11248	56240	11248	74206045
-5204	-4902	-16454	473	-8014	4829	-71	77	-151	11249	56245	11249	74206045
-5522	-4132	-16408	-222	-8002	4956	-71	77	-151	11250	56250	11250	74206046
-5584	-3802	-16590	-351	-8017	5063	-74	78	-146	11251	56255	11251	74206046
-5710	-3456	-16434	-499	-8064	5089	-74	78	-146	11252	56260	11252	74206047
-5884	-3214	-16258	-714	-8160	5082	-74	78	-150	11253	56265	11253	74206047
-6290	-2442	-16338	-834	-8366	5055	-74	78	-150	11254	56270	11254	74206048
-6562	-2214	-16342	-566	-8547	4951	-82	74	-152	11255	56275	11255	74206048
-7442	-2012	-16650	-393	-8534	4851	-82	74	-152	11256	56280	11256	74206048
-7908	-1874	-16830	-169	-8461	4672	-79	77	-147	11257	56285	11257	74206050
-8284	-1934	-16276	45	-8453	4483	-79	77	-147	11258	56290	11258	74206103
-8506	-2026	-16130	113	-8462	4391	-77	79	-151	11259	56295	11259	74206104
-8928	-2346	-16238	227	-8448	4227	-77	79	-151	11260	56300	11260	74206104
-9184	-2414	-16414	223	-8350	4117	-74	80	-144	11261	56305	11261	74206105
-9222	-2426	-16490	173	-8371	4081	-74	80	-144	11262	56310	11262	74206106
-9304	-2254	-15992	49	-8471	4087	-80	88	-146	11263	56315	11263	74206107
-9212	-2200	-15744	295	-8683	4199	-80	88	-146	11264	56320	11264	74206108
-9194	-2136	-15660	414	-8796	4261	-79	87	-141	11265	56325	11265	74206108
-9032	-2204	-15624	530	-8858	4329	-79	87	-141	11266	56330	11266	74206110
-8740	-2484	-15616	422	-8909	4396	-77	87	-145	11267	56335	11267	74206110
-8704	-2508	-15724	295	-9189	4551	-77	87	-145	11268	56340	11268	74206133
-8548	-2388	-15652	302	-9306	4630	-80	92	-142	11269	56345	11269	74206154
-8494	-2312	-15732	279	-9436	4791	-80	92	-142	11270	56350	11270	74206217
-8814	-2206	-15498	331	-9688	4885	-76	90	-140	11271	56355	11271	74206224
-8946	-2086	-15258	405	-9759	4912	-76	90	-140	11272	56360	11272	74206227
-9376	-2200	-15392	574	-9895	4921	-73	93	-141	11273	56365	11273	74206228
-9864	-2460	-15386	572	-9892	4801	-73	93	-141	11274	56370	11274	74206230
-9904	-2696	-15352	508	-9895	4734	-75	97	-141	11275	56375	11275	74206231
-10362	-3162	-15358	236	-10007	4591	-75	97	-141	11276	56380	11276	74206232
-10896	-3360	-15052	-68	-10265	4384	-89	95	-139	11277	56385	11277	74206233
-10544	-3328	-15048	-256	-10036	4300	-89	95	-139	11278	56390	11278	74206234
-10164	-3066	-14648	-408	-10063	4308	-82	104	-136	11279	56395	11279	74206235
-10596	-3078	-14664	-483	-10385	4288	-82	104	-136	11280	56400	11280	74206236
-11106	-3000	-14428	-854	-10411	4124	-81	101	-139	11281	56405	11281	74206237
-11228	-2866	-14330	-1000	-10339	4034	-81	101	-139	11282	56410	11282	74206238
-11554	-2682	-14108	-1079	-10429	3892	-83	105	-135	11283	56415	11283	74206241
-11830	-2622	-14226	-938	-10635	3843	-83	105	-135	11284	56420	11284	74206242
-11958	-2598	-14068	-909	-10698	3803	-85	107	-137	11285	56425	11285	74206244
-12060	-2746	-14000	-919	-10789	3763	-85	107	-137	11286	56430	11286	74206247
-12134	-2698	-14082	-979	-10767	3738	-83	109	-137	11287	56435	11287	74206250
-12156	-2620	-14244	-1005	-10743	3737	-83	109	-137	11288	56440	11288	74206258
-12316	-2630	-14158	-1017	-10795	3720	-83	109	-133	11289	56445	11289	74206261
-12544	-2592	-13720	-732	-10986	3690	-83	109	-133	11290	56450	11290	74206263
-12634	-2616	-13626	-358	-11110	3609	-86	106	-138	11291	56455	11291	74206265
-12782	-2790	-13544	-311	-11061	3553	-86	106	-138	11292	56460	11292	74206266
-12774	-2970	-13292	-442	-11045	3388	-79	115	-133	11293	56465	11293	74206268
-12834	-3040	-13210	-428	-11257	3218	-79	115	-133	11294	56470	11294	74206270
-12936	-3054	-13118	-449	-11395	3143	-86	118	-130	11295	56475	11295	74206272
-13126	-2952	-13098	-429	-11642	2922	-86	118	-130	11296	56480	11296	74206283
-13150	-3022	-13320	-494	-11856	2588	-90	112	-132	11297	56485	11297	74206285
-13078	-2914	-13342	-654	-11819	2432	-90	112	-132	11298	56490	11298	74206288
-12912	-2792	-13156	-853	-11810	2204	-88	114	-124	11299	56495	11299	74206291
-12870	-2742	-13236	-844	-12083	2042	-88	114	-124	11300	56500	11300	74206295
-13000	-2750	-13220	-1075	-12236	1842	-86	118	-126	11301	56505	11301	74206298
-12980	-2810	-13024	-1260	-12313	1727	-86	118	-126	11302	56510	11302	74206299
-13114	-2666	-12252	-1751	-12415	1402	-88	124	-124	11303	56515	11303	74206301
-13510	-2626	-12000	-1858	-12488	1130	-88	124	-124	11304	56520	11304	74206304
-13540	-2688	-12210	-1916	-12596	898	-89	127	-125	11305	56525	11305	74206306
-13292	-2376	-12260	-2242	-12520	665	-89	127	-125	11306	56530	11306	74206307
-13442	-2572	-12230	-2318	-12700	419	-86	124	-118	11307	56535	11307	74206309
-13510	-2640	-12196	-2442	-12785	252	-86	124	-118	11308	56540	11308	74206311
-13492	-2746	-11884	-2858	-12755	-99	-88	128	-120	11309	56545	11309	74206314
-13126	-2734	-11542	-3075	-12686	-350	-88	128	-120	11310	56550	11310	74206316
-12936	-2702	-11616	-3245	-12657	-473	-92	130	-122	11311	56555	11311	74206322
-12560	-2602	-11806	-3478	-12703	-590	-92	130	-122	11312	56560	11312	74206323
-12346	-2542	-11610	-3807	-12763	-632	-91	135	-119	11313	56565	11313	74206323
-12338	-2540	-11570	-3925	-12815	-692	-91	135	-119	11314	56570	11314	74206324
-12374	-2456	-11528	-4066	-12819	-805	-85	129	-117	11315	56575	11315	74206325
-12594	-2320	-11290	-4379	-12852	-1104	-85	129	-117	11316	56580	11316	74206327
-12786	-2222	-11110	-4552	-12790	-1441	-95	129	-119	11317	56585	11317	74206327
-12846	-2176	-11200	-4656	-12745	-1618	-95	129	-119	11318	56590	11318	74206328
-12916	-2006	-11286	-4894	-12672	-2070	-94	132	-116	11319	56595	11319	74206329
-13256	-1866	-11212	-5149	-12649	-2647	-94	132	-116	11320	56600	11320	74206329
-13482	-1744	-11220	-5211	-12650	-2869	-95	135	-109	11321	56605	11321	74206330
-13780	-1226	-11172	-5274	-12694	-3438	-95	135	-109	11322	56610	11322	74206337
-13860	-934	-11094	-5192	-12571	-3928	-94	138	-108	11323	56615	11323	74206337
-14046	-754	-10796	-5214	-12544	-4444	-94	138	-108	11324	56620	11324	74206338
-14604	-284	-10406	-5150	-12564	-4644	-89	141	-101	11325	56625	11325	74206339
-14546	-296	-10268	-4934	-12588	-4940	-89	141	-101	11326	56630	11326	74206339
-13884	-578	-10196	-4612	-12443	-5076	-94	134	-108	11327	56635	11327	74206340
-13298	-844	-10162	-4503	-12426	-4919	-94	134	-108	11328	56640	11328	74206340
-12830	-942	-10236	-4226	-12385	-4007	-93	141	-99	11329	56645	11329	74206341
-13408	-156	-10094	-4079	-12414	-2805	-93	141	-99	11330	56650	11330	74206342
-13358	-280	-10122	-4070	-12229	-1806	-93	147	-99	11331	56655	11331	74206365
-13474	-386	-10658	-3475	-11602	-839	-93	147	-99	11332	56660	11332	74206441
-13100	-422	-10616	-3539	-11003	-238	-89	143	-99	11333	56665	11333	74206442
-13058	164	-10538	-3582	-10828	17	-89	143	-99	11334	56670	11334	74206444
-13298	966	-10472	-3244	-10772	806	-87	145	-101	11335	56675	11335	74206445
-12994	1558	-10670	-3052	-10636	1878	-87	145	-101	11336	56680	11336	74206445
-12836	1486	-10616	-2564	-10127	2799	-99	149	-95	11337	56685	11337	74206446
-11384	2784	-10314	-2232	-9994	3312	-99	149	-95	11338	56690	11338	74206447
-11258	854	-9558	-801	-9529	3625	-95	141	-95	11339	56695	11339	74206447
-12330	-232	-10212	-171	-10001	3414	-95	141	-95	11340	56700	11340	74206448
-12666	-502	-10172	-315	-10024	3325	-94	154	-94	11341	56705	11341	74206467
-12712	-384	-9680	-565	-9653	2959	-94	154	-94	11342	56710	11342	74206496
-12822	208	-9954	-582	-9526	2912	-86	152	-88	11343	56715	11343	74206497
-13222	264	-9964	-649	-9586	2994	-86	152	-88	11344	56720	11344	74206497
-13706	420	-9954	-876	-9664	3009	-94	154	-96	11345	56725	11345	74206498
-15028	1344	-9528	-863	-9510	2926	-94	154	-96	11346	56730	11346	74206499
-14062	1444	-9794	-660	-9412	2756	-95	155	-95	11347	56735	11347	74206499
-13720	134	-9262	-116	-9197	2665	-95	155	-95	11348	56740	11348	74206500
-13304	88	-9778	191	-9664	2787	-99	155	-81	11349	56745	11349	74206501
-13630	-100	-9386	10	-9924	2789	-99	155	-81	11350	56750	11350	74206501
-13708	-184	-9214	-17	-9913	2755	-95	157	-89	11351	56755	11351	74206502
-14036	-96	-8876	-135	-9806	2551	-95	157	-89	11352	56760	11352	74206503
-14758	552	-8404	-199	-9810	2353	-95	155	-89	11353	56765	11353	74206504
-15560	1238	-8496	-115	-10064	2470	-95	155	-89	11354	56770	11354	74206504
-15500	1198	-8830	210	-10264	2867	-97	159	-85	11355	56775	11355	74206504
-14948	706	-8564	491	-9819	2781	-97	159	-85	11356	56780	11356	74206505
-14948	740	-8392	557	-9776	2685	-93	153	-81	11357	56785	11357	74206506
-15114	1074	-7976	720	-10222	2846	-93	153	-81	11358	56790	11358	74206506
-15210	824	-7828	1114	-10696	3088	-97	153	-83	11359	56795	11359	74206507
-15264	780	-7668	1433	-10873	3168	-97	153	-83	11360	56800	11360	74206507
-15098	530	-7500	1608	-10923	3214	-99	161	-79	11361	56805	11361	74206520
-15060	190	-7598	1863	-11013	3156	-99	161	-79	11362	56810	11362	74206547
-15428	-132	-7404	1904	-11141	3200	-104	156	-82	11363	56815	11363	74206548
-15506	-154	-7226	1820	-11086	3211	-104	156	-82	11364	56820	11364	74206548
-15326	-72	-6846	1695	-10906	3195	-97	161	-79	11365	56825	11365	74206549
-15430	-164	-6640	1907	-10960	3117	-97	161	-79	11366	56830	11366	74206549
-15516	-158	-6712	2015	-11048	3118	-101	157	-67	11367	56835	11367	74206570
-15678	-248	-6830	2047	-11097	3085	-101	157	-67	11368	56840	11368	74206571
-15828	-202	-6794	1739	-10885	3000	-108	158	-72	11369	56845	11369	74206627
-15796	-290	-6464	1548	-10745	2927	-108	158	-72	11370	56850	11370	74206627
-15838	-238	-5994	1610	-10721	2921	-97	163	-75	11371	56855	11371	74206628
-16040	-548	-5808	1673	-10760	2894	-97	163	-75	11372	56860	11372	74206628
-15894	-706	-5674	1702	-10880	2847	-100	166	-70	11373	56865	11373	74206629
-15858	-738	-5600	1671	-10893	2786	-100	166	-70	11374	56870	11374	74206630
-15886	-736	-5434	1677	-10946	2719	-100	162	-72	11375	56875	11375	74206630
-16216	-682	-5152	1697	-11096	2841	-100	162	-72	11376	56880	11376	74206631
-16138	-508	-4926	1600	-11153	2911	-98	164	-70	11377	56885	11377	74206631
-16242	-384	-4666	1377	-11025	2894	-98	164	-70	11378	56890	11378	74206632
-16578	-430	-4290	1182	-10980	2937	-100	168	-64	11379	56895	11379	74206633
-16580	-434	-4348	1173	-11000	2983	-100	168	-64	11380	56900	11380	74206633
-16384	-702	-4586	1032	-10923	2985	-98	172	-64	11381	56905	11381	74206634
-16200	-628	-4528	787	-10707	2906	-98	172	-64	11382	56910	11382	74206635
-16160	-754	-4492	595	-10628	2871	-100	172	-60	11383	56915	11383	74206698
-16394	-640	-4254	402	-10609	2871	-100	172	-60	11384	56920	11384	74206698
-16412	-742	-4256	110	-10491	2848	-97	167	-59	11385	56925	11385	74206732
-16258	-948	-4066	51	-10356	2745	-97	167	-59	11386	56930	11386	74206806
-16268	-946	-4076	118	-10393	2762	-104	164	-58	11387	56935	11387	74206806
-16324	-858	-4336	122	-10512	2741	-104	164	-58	11388	56940	11388	74206807
-16390	-794	-4150	-37	-10652	2692	-103	167	-55	11389	56945	11389	74206808
-16420	-794	-4024	-70	-10728	2652	-103	167	-55	11390	56950	11390	74206808
-16588	-732	-3814	-61	-10848	2571	-108	168	-54	11391	56955	11391	74206808
-16726	-564	-3904	-106	-11074	2691	-108	168	-54	11392	56960	11392	74206809
-16676	-502	-3938	-251	-11094	2704	-102	170	-52	11393	56965	11393	74206809
-16610	-396	-3878	-628	-11065	2656	-102	170	-52	11394	56970	11394	74206810
-16586	-302	-3794	-1003	-11000	2524	-101	165	-51	11395	56975	11395	74206810
-16492	-402	-3358	-1352	-10959	2519	-101	165	-51	11396	56980	11396	74206811
-16616	-382	-3224	-1503	-10896	2489	-103	173	-47	11397	56985	11397	74206812
-16220	-248	-3320	-1636	-10741	2584	-103	173	-47	11398	56990	11398	74206812
-15800	112	-3514	-1608	-10624	2518	-109	173	-49	11399	56995	11399	74206812
-15738	210	-3666	-1587	-10683	2512	-109	173	-49	11400	57000	11400	74206813
-15986	696	-3948	-1592	-10909	2496	-107	175	-45	11401	57005	11401	74206813
