-3174	-14782	-5298	254	-319	-404	181	-73	-3	1	1	1	74649656	
-3161	-14797	-5298	266	-323	-403	182	-66	-2	2	6	2	74649657	
-3235	-14848	-5207	254	-324	-412	182	-64	-2	3	11	3	74649657	
-3212	-14796	-5222	256	-323	-409	180	-62	-2	4	16	4	74649657	
-3224	-14832	-5296	264	-337	-421	180	-62	-2	5	21	5	74649657	
-3282	-14800	-5242	262	-324	-411	184	-64	2	6	26	6	74649658	
-3222	-14826	-5238	260	-328	-417	184	-64	2	7	31	7	74649658	
-3254	-14808	-5324	237	-320	-409	177	-73	-7	8	36	8	74649658	
-3290	-14862	-5176	245	-329	-407	177	-73	-7	9	41	9	74649708	
-3230	-14846	-5216	239	-321	-413	180	-64	-2	10	46	10	74649708	
-3264	-14818	-5240	243	-328	-414	180	-64	-2	11	51	11	74649708	
-3320	-14870	-5270	235	-315	-422	178	-72	0	12	56	12	74649726	
-3236	-14898	-5228	212	-314	-421	178	-72	0	13	61	13	74649808	
-3236	-14862	-5194	235	-309	-412	176	-64	-2	14	66	14	74649808	
-3196	-14938	-5198	226	-315	-414	176	-64	-2	15	71	15	74649808	
-3222	-14872	-5286	214	-316	-414	183	-65	3	16	76	16	74649808	
-3210	-14932	-5308	211	-310	-423	183	-65	3	17	81	17	74649809	
-3326	-14926	-5288	216	-301	-405	172	-66	-2	18	86	18	74649809	
-3144	-14996	-5346	221	-300	-400	172	-66	-2	19	91	19	74649809	
-3206	-14970	-5292	214	-300	-403	185	-65	-3	20	96	20	74649809	
-3167	-14958	-5274	193	-315	-396	185	-65	-3	21	101	21	74649810	
-3206	-14916	-5308	181	-320	-385	183	-63	-3	22	106	22	74649810	
-3225	-14903	-5390	169	-324	-383	181	-63	-1	23	111	23	74649810	
-3231	-14958	-5325	168	-320	-383	173	-61	7	24	116	24	74649811	
-3204	-14886	-5280	175	-322	-371	173	-61	7	25	121	25	74649811	
-3262	-14904	-5246	179	-319	-371	179	-63	-3	26	126	26	74649811	
-3186	-14948	-5302	176	-325	-380	179	-63	-3	27	131	27	74649811	
-3226	-14948	-5256	186	-324	-370	182	-64	-6	28	136	28	74649812	
-3164	-14884	-5240	176	-320	-365	182	-64	-6	29	141	29	74649812	
-3234	-14907	-5316	178	-329	-362	180	-62	-2	30	146	30	74649813	
-3202	-14887	-5241	183	-322	-372	181	-63	-3	31	151	31	74649813	
-3203	-14859	-5249	197	-332	-374	183	-67	-5	32	156	32	74649814	
-3182	-14890	-5304	205	-325	-374	182	-67	-3	33	161	33	74649814	
-3130	-14890	-5260	213	-325	-372	176	-66	4	34	166	34	74649815	
-3177	-14835	-5391	217	-327	-378	177	-66	4	35	171	35	74649815	
-3214	-14770	-5216	219	-325	-380	181	-67	1	36	176	36	74649815	
-3204	-14806	-5274	231	-321	-391	181	-67	1	37	181	37	74649815	
-3181	-14781	-5244	232	-320	-379	182	-64	-2	38	186	38	74649862	
-3174	-14772	-5198	244	-335	-390	182	-64	-2	39	191	39	74649862	
-3243	-14740	-5288	249	-342	-391	180	-66	0	40	196	40	74649863	
-3183	-14795	-5246	248	-343	-388	180	-66	0	41	201	41	74649863	
-3230	-14754	-5216	259	-340	-383	182	-66	-2	42	206	42	74649867	
-3264	-14765	-5260	267	-338	-388	182	-66	-2	43	211	43	74649883	
-3239	-14738	-5214	280	-340	-384	184	-68	-2	44	216	44	74649885	
-3258	-14740	-5301	276	-348	-386	185	-67	-2	45	221	45	74649886	
-3266	-14746	-5252	282	-350	-382	187	-65	-3	46	226	46	74649886	
-3289	-14746	-5322	284	-349	-388	186	-64	-4	47	231	47	74649886	
-3258	-14783	-5269	288	-339	-382	180	-62	-6	48	236	48	74649886	
-3245	-14813	-5190	287	-346	-387	178	-64	-3	49	241	49	74649887	
-3239	-14857	-5142	287	-334	-385	171	-71	11	50	246	50	74649887	
-3318	-14890	-5273	286	-341	-384	173	-68	8	51	251	51	74649887	
-3301	-14908	-5237	282	-339	-387	180	-58	-2	52	256	52	74649887	
-3278	-14905	-5195	271	-337	-389	180	-60	-1	53	261	53	74649888	
-3220	-14904	-5270	269	-332	-385	178	-66	2	54	266	54	74649888	
-3282	-14939	-5257	273	-333	-391	177	-62	1	55	271	55	74649898	
-3288	-14990	-5223	277	-333	-393	176	-56	0	56	276	56	74649914	
-3270	-15008	-5251	263	-338	-400	180	-57	0	57	281	57	74649914	
-3283	-15009	-5281	248	-335	-398	185	-59	1	58	286	58	74649914	
-3276	-15025	-5295	238	-326	-392	183	-60	3	59	291	59	74649915	
-3235	-14999	-5306	237	-323	-403	177	-63	9	60	296	60	74649915	
-3237	-15007	-5322	224	-321	-405	177	-63	7	61	301	61	74649915	
-3229	-15004	-5246	211	-318	-404	176	-62	-2	62	306	62	74649915	
-3256	-14951	-5290	196	-312	-404	180	-63	0	63	311	63	74649916	
-3269	-14948	-5366	185	-307	-409	185	-65	3	64	316	64	74649916	
-3264	-14908	-5342	177	-307	-412	184	-65	2	65	321	65	74649916	
-3278	-14908	-5291	165	-305	-411	182	-64	0	66	326	66	74649916	
-3294	-14926	-5235	161	-310	-414	181	-66	0	67	331	67	74649917	
-3270	-14907	-5208	162	-309	-411	179	-69	-1	68	336	68	74649924	
-3195	-14867	-5196	161	-300	-406	178	-67	0	69	341	69	74649934	
-3170	-14849	-5246	160	-296	-404	177	-63	1	70	346	70	74649934	
-3188	-14862	-5234	159	-296	-405	178	-63	1	71	351	71	74649935	
-3204	-14838	-5232	160	-295	-408	180	-64	0	72	356	72	74649935	
-3208	-14803	-5255	162	-300	-410	179	-64	0	73	361	73	74649935	
-3186	-14784	-5287	167	-300	-409	177	-65	-1	74	366	74	74649968	
-3209	-14763	-5265	174	-305	-409	177	-65	-1	75	371	75	74650015	
-3211	-14763	-5227	179	-304	-406	178	-66	0	76	376	76	74650015	
-3217	-14749	-5242	174	-305	-394	178	-66	-2	77	381	77	74650016	
-3236	-14761	-5238	180	-308	-392	178	-66	-6	78	386	78	74650016	
-3187	-14792	-5262	172	-307	-386	178	-65	-3	79	391	79	74650016	
-3172	-14789	-5315	168	-307	-387	178	-64	0	80	396	80	74650017	
-3207	-14771	-5299	169	-309	-386	178	-64	0	81	401	81	74650017	
-3216	-14770	-5256	169	-314	-381	178	-64	0	82	406	82	74650017	
-3192	-14814	-5256	178	-321	-377	180	-65	0	83	411	83	74650017	
-3164	-14853	-5267	191	-326	-377	183	-67	-1	84	416	84	74650017	
-3167	-14890	-5287	201	-320	-374	181	-67	-1	85	421	85	74650017	
-3168	-14870	-5329	205	-317	-369	179	-67	-1	86	426	86	74650018	
-3197	-14880	-5260	217	-323	-373	180	-67	-2	87	431	87	74650042	
-3215	-14887	-5350	237	-334	-373	181	-67	-3	88	436	88	74650065	
-3246	-14872	-5349	251	-339	-380	179	-70	-2	89	441	89	74650066	
-3254	-14870	-5272	253	-339	-385	178	-72	-2	90	446	90	74650066	
-3206	-14900	-5290	261	-345	-387	179	-68	-3	91	451	91	74650066	
-3208	-14913	-5305	267	-343	-385	179	-65	-3	92	456	92	74650066	
-3241	-14922	-5291	271	-339	-385	179	-66	-1	93	461	93	74650066	
-3244	-14921	-5268	279	-344	-392	179	-67	1	94	466	94	74650067	
-3230	-14892	-5268	274	-343	-400	177	-66	0	95	471	95	74650067	
-3239	-14889	-5285	277	-342	-402	173	-65	-1	96	476	96	74650067	
-3281	-14916	-5292	285	-341	-402	177	-67	-1	97	481	97	74650067	
-3262	-14908	-5286	289	-345	-400	179	-69	-1	98	486	98	74650068	
-3271	-14866	-5293	291	-346	-398	184	-67	0	99	491	99	74650068	
-3292	-14874	-5310	279	-340	-394	188	-66	0	100	496	100	74650081	
-3238	-14882	-5315	277	-338	-387	181	-64	-2	101	501	101	74650091	
-3251	-14877	-5291	275	-338	-391	176	-62	-4	102	506	102	74650091	
-3299	-14846	-5243	274	-334	-389	180	-62	-4	103	511	103	74650091	
-3274	-14839	-5244	265	-328	-381	184	-62	-4	104	516	104	74650148	
-3231	-14861	-5255	248	-331	-381	175	-66	5	105	521	105	74650205	
-3273	-14907	-5286	242	-329	-380	169	-69	11	106	526	106	74650205	
-3308	-14874	-5273	225	-325	-382	176	-65	4	107	531	107	74650206	
-3299	-14861	-5321	208	-328	-385	181	-63	-1	108	536	108	74650206	
-3327	-14891	-5356	206	-323	-383	182	-65	-2	109	541	109	74650206	
-3328	-14892	-5334	195	-325	-382	183	-67	-3	110	546	110	74650206	
-3284	-14887	-5302	184	-318	-381	178	-65	2	111	551	111	74650207	
-3225	-14890	-5209	185	-313	-378	175	-63	5	112	556	112	74650207	
-3269	-14904	-5191	178	-308	-385	178	-66	1	113	561	113	74650208	
-3282	-14922	-5279	177	-312	-385	179	-67	-1	114	566	114	74650226	
-3272	-14917	-5253	181	-303	-385	179	-68	6	115	571	115	74650231	
-3273	-14866	-5249	171	-297	-390	179	-69	9	116	576	116	74650231	
-3281	-14872	-5249	157	-300	-396	178	-66	6	117	581	117	74650323	
-3268	-14853	-5296	149	-306	-398	178	-64	4	118	586	118	74650384	
-3270	-14860	-5291	157	-309	-400	180	-66	1	119	591	119	74650384	
-3285	-14871	-5262	163	-307	-406	181	-67	-1	120	596	120	74650385	
-3269	-14841	-5270	156	-304	-407	183	-63	-3	121	601	121	74650385	
-3204	-14866	-5250	145	-305	-413	184	-62	-4	122	606	122	74650385	
-3252	-14949	-5228	146	-295	-405	178	-64	0	123	611	123	74650385	
-3214	-14901	-5251	141	-294	-408	177	-65	1	124	616	124	74650386	
-3218	-14834	-5296	145	-292	-411	181	-67	-5	125	621	125	74650386	
-3249	-14915	-5295	156	-297	-415	182	-68	-6	126	626	126	74650386	
-3204	-14879	-5233	157	-299	-416	181	-68	-5	127	631	127	74650387	
-3167	-14855	-5268	163	-298	-412	180	-68	-4	128	636	128	74650387	
-3178	-14843	-5328	172	-301	-415	182	-63	-6	129	641	129	74650387	
-3219	-14828	-5270	168	-302	-420	183	-61	-7	130	646	130	74650405	
-3175	-14912	-5289	173	-300	-419	177	-72	7	131	651	131	74650410	
-3231	-14856	-5292	178	-305	-419	175	-75	11	132	656	132	74650411	
-3178	-14777	-5224	205	-308	-416	180	-65	0	133	661	133	74650411	
-3150	-14804	-5274	205	-314	-420	181	-63	-3	134	666	134	74650411	
-3223	-14835	-5322	208	-314	-417	182	-65	3	135	671	135	74650412	
-3143	-14803	-5293	219	-315	-411	182	-66	4	136	676	136	74650412	
-3198	-14885	-5263	221	-313	-404	179	-68	-2	137	681	137	74650412	
-3173	-14863	-5205	215	-315	-410	178	-68	-4	138	686	138	74650413	
-3164	-14825	-5242	236	-321	-409	182	-64	-2	139	691	139	74650413	
-3114	-14842	-5249	248	-321	-410	183	-63	-1	140	696	140	74650413	
-3142	-14861	-5224	251	-326	-406	173	-73	5	141	701	141	74650413	
-3179	-14832	-5276	263	-331	-410	171	-75	7	142	706	142	74650413	
-3176	-14918	-5272	261	-333	-402	177	-62	1	143	711	143	74650414	
-3217	-14860	-5258	272	-337	-399	179	-59	-1	144	716	144	74650414	
-3190	-14894	-5285	271	-340	-395	184	-61	-1	145	721	145	74650414	
-3256	-14906	-5274	277	-338	-390	185	-61	-1	146	726	146	74650438	
-3216	-14902	-5194	278	-341	-399	178	-68	0	147	731	147	74650438	
-3198	-14878	-5228	290	-330	-403	178	-68	0	148	736	148	74650439	
-3230	-14873	-5188	293	-345	-395	181	-66	-3	149	741	149	74650439	
-3263	-14949	-5257	279	-345	-387	181	-65	-3	150	746	150	74650439	
-3228	-14958	-5278	275	-348	-378	179	-63	3	151	751	151	74650439	
-3272	-14938	-5286	264	-347	-376	178	-62	4	152	756	152	74650439	
-3268	-14952	-5270	253	-342	-369	179	-63	0	153	761	153	74650440	
-3298	-14944	-5222	247	-326	-354	179	-63	-1	154	766	154	74650440	
-3282	-14916	-5292	229	-338	-364	183	-67	-3	155	771	155	74650440	
-3240	-14914	-5310	216	-330	-363	183	-67	-3	156	776	156	74650441	
-3250	-14948	-5350	210	-328	-360	179	-71	-1	157	781	157	74650441	
-3280	-14988	-5244	206	-336	-362	179	-71	-1	158	786	158	74650442	
-3280	-15006	-5312	204	-324	-373	180	-66	0	159	791	159	74650515	
-3264	-14974	-5352	202	-322	-365	180	-66	0	160	796	160	74650515	
-3307	-14919	-5254	206	-321	-369	178	-68	-2	161	801	161	74650516	
-3284	-14910	-5296	209	-326	-376	178	-68	-2	162	806	162	74650516	
-3296	-14882	-5376	201	-331	-374	181	-65	-5	163	811	163	74650516	
-3282	-14894	-5246	204	-322	-380	181	-65	-5	164	816	164	74650516	
-3230	-14828	-5358	205	-320	-386	180	-72	0	165	821	165	74650517	
-3196	-14854	-5308	201	-332	-394	180	-72	0	166	826	166	74650517	
-3260	-14846	-5220	208	-316	-394	180	-60	-6	167	831	167	74650518	
-3232	-14830	-5208	190	-311	-394	180	-60	-6	168	836	168	74650518	
-3238	-14826	-5314	188	-317	-400	177	-61	7	169	841	169	74650518	
-3260	-14766	-5334	193	-314	-399	177	-61	7	170	846	170	74650519	
-3251	-14801	-5259	197	-312	-398	180	-62	-4	171	851	171	74650524	
-3318	-14776	-5224	194	-307	-405	180	-62	-4	172	856	172	74650547	
-3288	-14820	-5162	198	-300	-398	180	-62	-8	173	861	173	74650547	
-3308	-14810	-5164	186	-302	-402	180	-62	-8	174	866	174	74650547	
-3272	-14866	-5258	185	-301	-408	181	-63	3	175	871	175	74650547	
-3332	-14838	-5324	167	-301	-415	181	-63	3	176	876	176	74650548	
-3312	-14826	-5192	174	-301	-411	179	-61	-3	177	881	177	74650548	
-3272	-14860	-5256	162	-286	-420	179	-61	-3	178	886	178	74650548	
-3274	-14806	-5178	160	-297	-422	179	-63	-5	179	891	179	74650548	
-3203	-14787	-5260	169	-298	-420	178	-62	-4	180	896	180	74650549	
-3204	-14814	-5309	154	-299	-424	176	-58	-2	181	901	181	74650549	
-3236	-14808	-5289	160	-292	-422	177	-58	-2	182	906	182	74650549	
-3262	-14832	-5283	163	-290	-416	180	-60	-4	183	911	183	74650549	
-3224	-14884	-5266	168	-295	-422	180	-60	-4	184	916	184	74650550	
-3174	-14884	-5326	170	-307	-427	178	-66	0	185	921	185	74650598	
-3186	-14986	-5354	161	-296	-415	178	-66	0	186	926	186	74650598	
-3202	-14898	-5304	161	-297	-412	183	-63	-1	187	931	187	74650599	
-3208	-14884	-5293	158	-293	-409	182	-64	-1	188	936	188	74650599	
-3191	-14909	-5297	155	-294	-402	179	-69	-3	189	941	189	74650599	
-3190	-14993	-5398	150	-300	-397	180	-70	-2	190	946	190	74650600	
-3164	-14944	-5286	154	-315	-391	184	-72	0	191	951	191	74650600	
-3159	-14979	-5318	160	-321	-384	183	-71	0	192	956	192	74650600	
-3181	-14935	-5339	165	-320	-382	177	-67	1	193	961	193	74650601	
-3181	-14925	-5274	175	-317	-387	176	-67	2	194	966	194	74650601	
-3164	-14888	-5362	176	-312	-379	173	-69	5	195	971	195	74650601	
-3198	-14922	-5292	178	-325	-376	175	-69	4	196	976	196	74650606	
-3255	-14975	-5303	194	-323	-374	181	-69	-1	197	981	197	74650623	
-3224	-14944	-5332	210	-323	-376	182	-69	-1	198	986	198	74650623	
-3205	-14884	-5308	222	-330	-373	187	-69	-1	199	991	199	74650624	
-3196	-14847	-5330	232	-330	-380	185	-68	-2	200	996	200	74650624	
