-16065	-1152	2396	-168	-415	27	-109	135	69	1	1	1	82920273	
-16026	-1139	2424	-170	-438	33	-118	132	69	2	6	2	82920300	
-15999	-1136	2447	-166	-473	45	-127	129	69	3	11	3	82920328	
-15988	-1182	2424	-170	-500	51	-116	130	75	4	16	4	82920328	
-15976	-1183	2310	-184	-523	55	-109	131	79	5	21	5	82920328	
-16027	-1183	2293	-219	-546	66	-110	132	77	6	26	6	82920329	
-16032	-1182	2271	-268	-558	69	-111	133	75	7	31	7	82920329	
-16041	-1145	2230	-324	-562	71	-113	129	76	8	36	8	82920330	
-16020	-1132	2139	-389	-571	71	-114	126	76	9	41	9	82920330	
-16044	-1142	2147	-451	-567	65	-110	130	77	10	46	10	82920330	
-16074	-1182	2160	-507	-545	69	-108	132	78	11	51	11	82920331	
-16117	-1151	2004	-551	-531	84	-116	134	75	12	56	12	82920345	
-16147	-1121	1974	-589	-517	89	-118	134	74	13	61	13	82920372	
-16133	-1049	1931	-615	-501	95	-116	128	73	14	66	14	82920400	
-16208	-1059	1981	-633	-484	96	-115	127	73	15	71	15	82920407	
-16212	-1036	1969	-643	-458	109	-111	131	75	16	76	16	82920408	
-16192	-1022	1996	-642	-442	105	-110	132	76	17	81	17	82920408	
-16233	-1060	2066	-641	-429	113	-108	134	77	18	86	18	82920409	
-16194	-1038	2004	-621	-405	121	-107	135	77	19	91	19	82920409	
-16262	-1068	2088	-591	-399	116	-107	127	73	20	96	20	82920409	
-16168	-1114	2164	-556	-388	120	-107	127	73	21	101	21	82920411	
-16262	-1152	2138	-515	-372	109	-112	136	76	22	106	22	82920411	
-16284	-1158	2270	-495	-386	113	-112	136	76	23	111	23	82920412	
-16236	-1122	2202	-488	-385	104	-119	135	79	24	116	24	82920412	
-16190	-1176	2216	-464	-406	96	-119	135	79	25	121	25	82920412	
-16172	-1172	2356	-451	-400	94	-106	134	78	26	126	26	82920455	
-16102	-1186	2234	-407	-420	86	-106	134	78	27	131	27	82920455	
-16114	-1150	2258	-385	-437	76	-116	134	72	28	136	28	82920456	
-16106	-1112	2184	-369	-444	70	-116	135	71	29	141	29	82920456	
-16134	-1121	2166	-351	-459	69	-117	137	69	30	146	30	82920457	
-16124	-1140	2041	-367	-466	72	-115	135	71	31	151	31	82920461	
-16158	-1106	2055	-372	-469	69	-109	125	77	32	156	32	82920478	
-16184	-1104	1978	-386	-473	76	-110	127	76	33	161	33	82920488	
-16218	-1132	2002	-404	-479	65	-114	136	72	34	166	34	82920535	
-16207	-1163	1999	-406	-462	60	-113	134	72	35	171	35	82920555	
-16110	-1112	1948	-420	-434	59	-111	129	73	36	176	36	82920556	
-16081	-1124	1978	-423	-414	60	-110	132	74	37	181	37	82920556	
-16066	-1127	2043	-427	-404	58	-108	136	76	38	186	38	82920557	
-16077	-1072	2061	-420	-403	58	-111	135	77	39	191	39	82920557	
-16085	-1025	2095	-389	-403	59	-115	133	79	40	196	40	82920558	
-16061	-971	2131	-355	-412	65	-113	130	77	41	201	41	82920559	
-16084	-932	2193	-324	-421	70	-109	125	75	42	206	42	82920559	
-16162	-902	2249	-289	-430	71	-112	128	78	43	211	43	82920568	
-16157	-877	2298	-243	-436	78	-116	132	82	44	216	44	82920595	
-16122	-854	2302	-212	-446	73	-115	134	80	45	221	45	82920608	
-16133	-855	2340	-198	-455	73	-115	135	79	46	226	46	82920608	
-16156	-832	2344	-190	-464	70	-111	131	79	47	231	47	82920609	
-16121	-858	2335	-180	-459	64	-109	129	79	48	236	48	82920609	
-16140	-913	2352	-164	-451	56	-110	130	77	49	241	49	82920609	
-16126	-950	2318	-149	-452	44	-111	131	75	50	246	50	82920610	
-16092	-988	2300	-133	-451	31	-109	132	75	51	251	51	82920610	
-16086	-996	2253	-107	-440	21	-107	133	75	52	256	52	82920610	
-16105	-986	2228	-84	-424	9	-112	133	80	53	261	53	82920611	
-16099	-1005	2282	-78	-418	9	-113	133	81	54	266	54	82920611	
-16059	-1042	2238	-71	-407	4	-111	136	75	55	271	55	82920612	
-16077	-1120	2248	-77	-403	5	-111	137	73	56	276	56	82920612	
-16108	-1085	2214	-83	-408	9	-109	134	76	57	281	57	82920612	
-16069	-1171	2188	-97	-416	2	-109	133	77	58	286	58	82920613	
-16032	-1191	2278	-100	-420	2	-112	127	74	59	291	59	82920613	
-16101	-1179	2308	-96	-438	8	-113	125	73	60	296	60	82920613	
-16150	-1178	2268	-89	-470	14	-117	133	81	61	301	61	82920614	
-16154	-1220	2284	-84	-474	8	-117	133	81	62	306	62	82920614	
-16082	-1200	2366	-82	-481	3	-107	131	75	63	311	63	82920615	
-16130	-1164	2396	-92	-465	3	-107	131	75	64	316	64	82920615	
-16078	-1130	2420	-84	-473	5	-113	131	79	65	321	65	82920616	
-16088	-1164	2356	-89	-489	-6	-113	131	79	66	326	66	82920616	
-16014	-1044	2344	-76	-492	-3	-105	131	77	67	331	67	82920616	
-16032	-1004	2396	-61	-498	7	-105	131	77	68	336	68	82920631	
-16068	-982	2378	-24	-514	10	-118	138	78	69	341	69	82920659	
-16102	-954	2386	42	-521	17	-116	137	79	70	346	70	82920660	
-16123	-974	2304	88	-520	19	-109	133	83	71	351	71	82920661	
-16076	-969	2340	118	-509	21	-110	132	82	72	356	72	82920663	
-16064	-981	2256	123	-503	18	-112	130	78	73	361	73	82920664	
-16087	-1007	2200	119	-488	15	-112	130	78	74	366	74	82920665	
-16114	-965	2194	91	-484	20	-112	132	78	75	371	75	82920666	
-16090	-980	2187	81	-475	16	-113	131	77	76	376	76	82920670	
-16130	-1016	2168	63	-470	13	-115	127	71	77	381	77	82920683	
-16193	-1022	2174	74	-453	11	-113	130	75	78	386	78	82920683	
-16187	-1086	2160	93	-440	6	-110	134	80	79	391	79	82920684	
-16162	-1130	2132	114	-434	3	-108	136	78	80	396	80	82920684	
-16198	-1112	2163	122	-438	4	-106	138	76	81	401	81	82920685	
-16222	-1132	2209	119	-430	1	-106	134	76	82	406	82	82920685	
-16217	-1180	2180	105	-420	3	-105	129	75	83	411	83	82920685	
-16207	-1194	2178	78	-413	4	-111	131	79	84	416	84	82920696	
-16156	-1242	2194	47	-405	3	-121	135	85	85	421	85	82920722	
-16095	-1244	2247	8	-391	6	-116	135	82	86	426	86	82920737	
-16095	-1236	2274	-27	-375	4	-111	135	79	87	431	87	82920737	
-16048	-1264	2320	-61	-360	5	-112	134	77	88	436	88	82920738	
-16022	-1266	2338	-93	-355	12	-113	133	75	89	441	89	82920738	
-16037	-1223	2416	-120	-360	13	-117	129	75	90	446	90	82920739	
-15997	-1289	2512	-130	-370	14	-119	127	75	91	451	91	82920740	
-15994	-1264	2527	-131	-383	24	-115	127	79	92	456	92	82920740	
-16037	-1234	2496	-137	-401	31	-113	127	81	93	461	93	82920741	
-16057	-1206	2568	-169	-416	43	-116	132	78	94	466	94	82920742	
-16032	-1161	2561	-206	-427	67	-117	133	77	95	471	95	82920780	
-16004	-1127	2467	-243	-445	79	-111	132	71	96	476	96	82920793	
-16017	-1216	2548	-273	-453	87	-110	132	70	97	481	97	82920795	
-16051	-1261	2492	-291	-455	95	-115	129	75	98	486	98	82920796	
-16052	-1221	2458	-300	-450	114	-116	128	76	99	491	99	82920797	
-16109	-1213	2430	-303	-448	127	-117	132	72	100	496	100	82920798	
-16137	-1225	2328	-298	-440	131	-117	133	71	101	501	101	82920799	
-16118	-1262	2338	-315	-433	130	-107	131	77	102	506	102	82920800	
-16136	-1260	2334	-333	-416	146	-105	131	79	103	511	103	82920801	
-16162	-1304	2262	-367	-403	143	-116	132	78	104	516	104	82920803	
-16152	-1372	2170	-413	-389	147	-116	132	78	105	521	105	82920840	
-16118	-1410	2206	-474	-387	145	-111	133	79	106	526	106	82920841	
-16152	-1354	2210	-539	-395	145	-111	133	79	107	531	107	82920842	
-16158	-1374	2156	-600	-384	142	-116	130	80	108	536	108	82920842	
-16114	-1350	2252	-648	-394	138	-116	130	80	109	541	109	82920843	
-16134	-1320	2308	-683	-406	141	-117	133	79	110	546	110	82920843	
-16131	-1264	2227	-704	-410	153	-115	132	79	111	551	111	82920844	
-16147	-1276	2215	-708	-425	161	-109	129	79	112	556	112	82920844	
-16138	-1285	2199	-695	-427	168	-110	130	80	113	561	113	82920845	
-16145	-1238	2268	-670	-425	175	-112	134	82	114	566	114	82920845	
-16110	-1175	2230	-659	-426	176	-112	134	81	115	571	115	82920850	
-16088	-1200	2202	-669	-417	177	-111	135	77	116	576	116	82920867	
-16121	-1152	2214	-693	-404	189	-113	134	77	117	581	117	82920868	
-16102	-1166	2231	-728	-391	190	-119	131	77	118	586	118	82920868	
-16108	-1214	2229	-730	-380	194	-117	133	76	119	591	119	82920869	
-16136	-1193	2250	-724	-370	192	-111	137	71	120	596	120	82920869	
-16148	-1171	2265	-708	-371	183	-111	135	72	121	601	121	82920870	
-16128	-1139	2276	-697	-369	187	-112	132	74	122	606	122	82920871	
-16148	-1140	2330	-690	-369	190	-112	135	76	123	611	123	82920871	
-16115	-1097	2308	-672	-369	187	-111	139	79	124	616	124	82920872	
-16137	-1064	2257	-649	-367	188	-113	136	80	125	621	125	82920900	
-16135	-1098	2279	-627	-368	197	-117	131	81	126	626	126	82920942	
-16049	-1052	2321	-612	-373	199	-117	130	82	127	631	127	82920942	
-16054	-1038	2270	-608	-387	196	-116	128	82	128	636	128	82920943	
-16065	-1046	2213	-614	-402	197	-114	130	83	129	641	129	82920943	
-16020	-1042	2183	-618	-417	190	-113	131	83	130	646	130	82920944	
-16019	-1028	2259	-616	-432	182	-114	129	82	131	651	131	82920960	
-16072	-998	2231	-606	-451	178	-115	127	81	132	656	132	82920972	
-16112	-951	2168	-592	-471	178	-110	133	79	133	661	133	82920972	
-16123	-950	2161	-565	-483	176	-107	137	77	134	666	134	82920972	
-16093	-917	2129	-532	-478	175	-109	135	73	135	671	135	82920973	
-16086	-873	2064	-509	-470	173	-111	133	71	136	676	136	82920973	
-16128	-882	2056	-478	-463	172	-111	129	76	137	681	137	82920974	
-16119	-886	2082	-423	-455	167	-111	127	79	138	686	138	82920974	
-16114	-873	2050	-357	-447	156	-115	127	74	139	691	139	82920974	
-16118	-900	1953	-283	-431	145	-117	127	71	140	696	140	82920975	
-16139	-933	1935	-219	-419	126	-115	128	76	141	701	141	82920975	
-16127	-916	2019	-164	-411	109	-113	129	79	142	706	142	82920976	
-16150	-904	1991	-114	-411	99	-111	133	79	143	711	143	82920976	
-16186	-921	1973	-55	-410	95	-109	135	79	144	716	144	82920977	
-16247	-932	2006	12	-411	86	-111	131	80	145	721	145	82920990	
-16168	-872	2079	62	-414	65	-112	130	80	146	726	146	82920993	
-16130	-854	2107	133	-425	60	-114	130	78	147	731	147	82921016	
-16177	-827	2120	188	-434	52	-114	130	78	148	736	148	82921040	
-16272	-833	2096	245	-445	36	-112	131	77	149	741	149	82921046	
-16303	-902	2016	299	-442	34	-111	131	77	150	746	150	82921046	
-16261	-892	2064	340	-444	23	-114	129	82	151	751	151	82921046	
-16191	-873	2037	387	-426	9	-115	129	83	152	756	152	82921047	
-16204	-1008	2088	409	-402	-7	-110	134	78	153	761	153	82921047	
-16178	-956	2124	446	-390	-14	-110	134	78	154	766	154	82921048	
-16120	-1078	2202	463	-376	-30	-115	131	79	155	771	155	82921048	
-16098	-1058	2186	452	-348	-38	-115	131	79	156	776	156	82921048	
-16040	-1082	2192	445	-323	-37	-122	134	92	157	781	157	82921073	
-16014	-1122	2218	432	-306	-39	-122	134	92	158	786	158	82921124	
-16054	-1188	2274	396	-308	-52	-108	130	78	159	791	159	82921124	
-16044	-1194	2404	371	-302	-54	-108	130	78	160	796	160	82921125	
-16058	-1184	2462	357	-320	-53	-118	130	74	161	801	161	82921125	
-16060	-1184	2533	336	-336	-53	-116	130	75	162	806	162	82921126	
-16064	-1204	2622	326	-349	-50	-108	132	78	163	811	163	82921126	
-16046	-1256	2641	326	-362	-34	-108	132	77	164	816	164	82921127	
-16034	-1277	2620	308	-375	-25	-109	131	75	165	821	165	82921127	
-16090	-1266	2511	284	-394	-13	-110	131	76	166	826	166	82921132	
-16015	-1234	2585	255	-395	5	-116	130	78	167	831	167	82921150	
-16010	-1235	2620	206	-391	21	-115	132	77	168	836	168	82921151	
-16002	-1233	2636	157	-402	27	-111	139	75	169	841	169	82921151	
-15997	-1227	2623	111	-406	40	-110	135	77	170	846	170	82921151	
-15995	-1227	2659	68	-407	51	-109	129	79	171	851	171	82921152	
-15990	-1254	2614	28	-401	60	-111	128	77	172	856	172	82921162	
-15979	-1256	2618	-25	-404	70	-113	127	73	173	861	173	82921178	
-15990	-1205	2674	-80	-418	77	-112	129	74	174	866	174	82921178	
-16025	-1192	2648	-124	-423	77	-111	133	75	175	871	175	82921179	
-16039	-1244	2648	-167	-422	81	-109	132	77	176	876	176	82921180	
-16026	-1263	2671	-207	-430	83	-107	131	81	177	881	177	82921181	
-16037	-1223	2692	-244	-439	89	-117	130	81	178	886	178	82921182	
-16030	-1173	2610	-289	-440	91	-123	129	81	179	891	179	82921182	
-16015	-1181	2492	-342	-436	95	-116	128	80	180	896	180	82921183	
-16047	-1188	2444	-381	-428	99	-112	128	80	181	901	181	82921184	
-16052	-1152	2439	-420	-417	99	-111	132	78	182	906	182	82921185	
-16062	-1137	2402	-457	-411	101	-110	134	76	183	911	183	82921185	
-16051	-1150	2383	-492	-407	107	-108	132	76	184	916	184	82921195	
-16045	-1131	2360	-526	-406	120	-106	130	76	185	921	185	82921201	
-16095	-1104	2363	-552	-404	129	-108	129	77	186	926	186	82921202	
-16076	-1097	2311	-558	-405	132	-109	129	77	187	931	187	82921203	
-16114	-1115	2339	-563	-403	124	-115	131	76	188	936	188	82921222	
-16134	-1066	2355	-542	-398	137	-116	132	76	189	941	189	82921228	
-16146	-1082	2274	-520	-393	143	-110	131	77	190	946	190	82921228	
-16127	-1087	2227	-510	-392	133	-109	131	77	191	951	191	82921229	
-16156	-1158	2254	-506	-390	132	-110	132	83	192	956	192	82921229	
-16142	-1109	2276	-497	-387	130	-110	132	84	193	961	193	82921229	
-16192	-1074	2250	-487	-383	131	-112	130	78	194	966	194	82921230	
-16160	-1122	2222	-480	-375	130	-112	130	78	195	971	195	82921230	
-16170	-1088	2220	-463	-362	114	-111	131	77	196	976	196	82921231	
-16174	-1076	2168	-452	-347	112	-111	131	77	197	981	197	82921231	
-16142	-1054	2238	-419	-327	98	-116	136	80	198	986	198	82921277	
-16032	-1112	2234	-390	-312	86	-116	136	80	199	991	199	82921280	
-16010	-1118	2208	-376	-305	82	-107	133	79	200	996	200	82921280	
-16026	-1050	2252	-359	-309	72	-107	133	79	201	1001	201	82921281	
-16060	-1082	2234	-362	-307	70	-111	133	85	202	1006	202	82921281	
-16114	-1022	2203	-318	-320	71	-111	133	84	203	1011	203	82921282	
-16142	-996	2252	-274	-338	72	-112	132	80	204	1016	204	82921282	
-16115	-1034	2243	-236	-344	75	-111	131	79	205	1021	205	82921283	
-16203	-996	2175	-198	-342	72	-107	129	77	206	1026	206	82921283	
-16210	-1036	2281	-169	-334	69	-108	130	77	207	1031	207	82921283	
-16162	-1036	2277	-134	-325	65	-110	136	76	208	1036	208	82921293	
-16184	-1033	2193	-104	-327	70	-110	136	76	209	1041	209	82921331	
-16137	-1058	2240	-91	-319	66	-111	135	77	210	1046	210	82921332	
-16098	-1072	2264	-80	-310	63	-111	136	77	211	1051	211	82921332	
-16080	-1029	2268	-74	-306	61	-111	137	77	212	1056	212	82921333	
-16070	-1034	2264	-78	-317	61	-114	138	77	213	1061	213	82921352	
-16041	-1079	2255	-89	-329	60	-119	139	77	214	1066	214	82921382	
-16050	-1077	2285	-97	-338	60	-117	135	77	215	1071	215	82921384	
-16023	-1084	2291	-106	-349	59	-114	130	78	216	1076	216	82921384	
-16050	-1122	2322	-117	-352	59	-113	131	78	217	1081	217	82921384	
-16048	-1096	2355	-137	-361	57	-112	132	78	218	1086	218	82921385	
-16020	-1114	2370	-165	-377	45	-113	129	76	219	1091	219	82921386	
-16023	-1167	2424	-181	-382	47	-114	126	74	220	1096	220	82921386	
-16045	-1141	2389	-189	-382	48	-113	133	78	221	1101	221	82921386	
-16054	-1139	2409	-193	-386	57	-113	137	81	222	1106	222	82921387	
-16047	-1156	2384	-175	-388	66	-112	132	80	223	1111	223	82921387	
-16056	-1158	2336	-149	-386	57	-111	129	79	224	1116	224	82921387	
-16094	-1174	2354	-127	-378	53	-109	127	78	225	1121	225	82921388	
-16090	-1140	2334	-107	-377	57	-108	126	78	226	1126	226	82921388	
-16104	-1169	2300	-90	-372	69	-107	131	77	227	1131	227	82921389	
-16162	-1150	2259	-62	-355	61	-106	132	76	228	1136	228	82921425	
-16147	-1156	2303	-44	-349	53	-119	126	76	229	1141	229	82921434	
-16126	-1181	2226	-32	-346	59	-122	124	76	230	1146	230	82921435	
-16148	-1141	2198	-31	-342	52	-114	132	79	231	1151	231	82921435	
-16077	-1189	2228	-27	-339	51	-112	134	80	232	1156	232	82921435	
-16119	-1118	2262	-22	-344	50	-110	130	76	233	1161	233	82921436	
-16182	-1176	2150	-24	-346	54	-109	129	75	234	1166	234	82921436	
-16117	-1175	2198	-28	-352	51	-113	128	81	235	1171	235	82921457	
-16130	-1122	2184	-26	-364	49	-114	128	82	236	1176	236	82921463	
-16118	-1132	2208	-22	-377	59	-108	132	76	237	1181	237	82921464	
-16086	-1178	2292	-39	-383	64	-108	132	76	238	1186	238	82921464	
-16080	-1172	2194	-47	-399	65	-114	132	72	239	1191	239	82921465	
-16088	-1130	2228	-39	-391	62	-114	132	72	240	1196	240	82921465	
-16120	-1110	2204	-44	-396	60	-107	133	77	241	1201	241	82921466	
-16146	-1068	2200	-59	-387	48	-107	133	77	242	1206	242	82921466	
-16134	-1048	2210	-55	-381	55	-114	136	76	243	1211	243	82921466	
-16122	-1064	2266	-57	-365	51	-114	136	76	244	1216	244	82921467	
-16138	-1079	2206	-58	-350	51	-115	133	83	245	1221	245	82921543	
-16137	-1106	2233	-56	-333	50	-113	132	83	246	1226	246	82921544	
-16142	-1084	2280	-56	-323	52	-103	127	81	247	1231	247	82921544	
-16130	-1138	2264	-63	-308	50	-104	128	80	248	1236	248	82921545	
-16087	-1184	2286	-55	-283	55	-110	130	78	249	1241	249	82921545	
-16062	-1162	2217	-53	-283	59	-111	131	77	250	1246	250	82921550	
-16011	-1138	2288	-54	-289	58	-115	133	73	251	1251	251	82921564	
-15990	-1139	2383	-51	-292	58	-113	133	74	252	1256	252	82921564	
-16009	-1121	2325	-62	-295	58	-106	132	76	253	1261	253	82921565	
-16036	-1120	2328	-67	-304	58	-109	134	76	254	1266	254	82921565	
-16027	-1124	2327	-69	-311	58	-113	137	75	255	1271	255	82921565	
-16064	-1145	2302	-64	-312	57	-113	136	76	256	1276	256	82921566	
-16086	-1141	2315	-57	-323	60	-114	134	78	257	1281	257	82921566	
-16036	-1144	2378	-49	-335	53	-112	133	78	258	1286	258	82921566	
-16053	-1166	2374	-44	-342	49	-108	132	78	259	1291	259	82921567	
-16110	-1134	2364	-35	-346	48	-108	130	78	260	1296	260	82921567	
-16077	-1092	2394	-25	-360	48	-109	127	77	261	1301	261	82921568	
-16081	-1139	2416	0	-361	47	-111	129	76	262	1306	262	82921568	
-16122	-1122	2389	5	-357	40	-113	131	75	263	1311	263	82921568	
-16135	-1118	2366	0	-358	42	-118	131	73	264	1316	264	82921588	
-16108	-1088	2352	0	-354	43	-121	131	71	265	1321	265	82921603	
-16076	-1070	2352	2	-346	49	-113	132	77	266	1326	266	82921609	
-16078	-1081	2389	6	-345	50	-107	133	81	267	1331	267	82921614	
