-16720	1	-339	-2148	196	-88	-372	254	13	1	1	1	82937710	
-16748	3	-425	-2171	168	-105	-373	255	11	2	6	2	82937724	
-16778	-44	-434	-2197	154	-119	-365	252	11	3	11	3	82937725	
-16771	-10	-406	-2209	138	-118	-363	251	11	4	16	4	82937725	
-16818	-48	-429	-2209	121	-127	-357	249	15	5	21	5	82937725	
-16808	-23	-436	-2202	116	-133	-356	248	16	6	26	6	82937726	
-16839	-36	-378	-2181	137	-131	-359	245	18	7	31	7	82937726	
-16819	-2	-407	-2170	154	-137	-360	244	18	8	36	8	82937726	
-16796	-61	-349	-2135	163	-126	-361	251	16	9	41	9	82937727	
-16808	-74	-390	-2100	186	-119	-361	253	15	10	46	10	82937749	
-16686	-59	-428	-2098	205	-127	-368	248	12	11	51	11	82937772	
-16652	-11	-446	-2086	211	-141	-369	247	11	12	56	12	82937776	
-16684	-32	-334	-2087	197	-134	-368	251	20	13	61	13	82937777	
-16671	-80	-375	-2082	182	-141	-368	252	22	14	66	14	82937777	
-16655	-114	-366	-2075	181	-148	-367	250	16	15	71	15	82937777	
-16695	-72	-414	-2068	165	-144	-367	249	15	16	76	16	82937778	
-16693	-84	-468	-2074	156	-151	-365	249	15	17	81	17	82937779	
-16738	-66	-474	-2108	145	-153	-365	249	15	18	86	18	82937779	
-16790	-62	-344	-2135	164	-151	-359	249	17	19	91	19	82937781	
-16820	-66	-406	-2154	182	-147	-359	249	17	20	96	20	82937781	
-16818	40	-324	-2178	186	-143	-366	248	12	21	101	21	82937781	
-16812	-6	-320	-2172	206	-122	-366	248	12	22	106	22	82937782	
-16790	-44	-352	-2182	221	-146	-365	251	13	23	111	23	82937800	
-16834	-38	-328	-2183	219	-131	-365	251	13	24	116	24	82937801	
-16856	14	-232	-2193	218	-105	-363	251	19	25	121	25	82937801	
-16753	17	-274	-2192	203	-107	-363	251	18	26	126	26	82937802	
-16730	34	-318	-2178	193	-92	-363	251	13	27	131	27	82937802	
-16725	69	-311	-2174	172	-100	-364	251	13	28	136	28	82937803	
-16753	22	-352	-2166	145	-106	-367	251	15	29	141	29	82937803	
-16718	4	-384	-2156	109	-104	-367	251	15	30	146	30	82937804	
-16780	38	-452	-2145	80	-101	-371	249	15	31	151	31	82937833	
-16826	38	-342	-2136	76	-115	-371	249	15	32	156	32	82937833	
-16850	-16	-412	-2143	103	-127	-364	252	16	33	161	33	82937833	
-16862	-40	-432	-2134	118	-127	-364	252	16	34	166	34	82937834	
-16883	-5	-368	-2145	151	-129	-365	247	13	35	171	35	82937850	
-16890	-52	-369	-2152	181	-122	-366	246	12	36	176	36	82937851	
-16866	2	-349	-2145	220	-118	-368	242	10	37	181	37	82937856	
-16831	-17	-376	-2150	257	-114	-367	244	11	38	186	38	82937879	
-16835	-18	-476	-2122	267	-111	-364	250	14	39	191	39	82937881	
-16788	24	-381	-2101	264	-114	-364	250	14	40	196	40	82937881	
-16743	11	-336	-2091	263	-126	-362	248	16	41	201	41	82937882	
-16729	6	-384	-2078	277	-122	-363	249	15	42	206	42	82937882	
-16693	-18	-462	-2086	281	-131	-366	250	12	43	211	43	82937882	
-16749	28	-484	-2095	274	-126	-365	250	14	44	216	44	82937883	
-16798	-8	-427	-2099	274	-108	-363	249	17	45	221	45	82937883	
-16817	2	-385	-2105	286	-106	-363	249	17	46	226	46	82937883	
-16806	-32	-358	-2111	300	-112	-364	248	18	47	231	47	82937884	
-16819	-34	-322	-2119	306	-102	-364	247	17	48	236	48	82937884	
-16840	-22	-356	-2116	312	-97	-364	246	14	49	241	49	82937885	
-16833	-19	-456	-2103	310	-91	-363	247	14	50	246	50	82937885	
-16855	-8	-475	-2096	314	-88	-361	249	15	51	251	51	82937904	
-16764	-18	-403	-2093	321	-96	-363	249	14	52	256	52	82937959	
-16728	22	-376	-2098	315	-99	-367	249	13	53	261	53	82937960	
-16694	9	-332	-2103	305	-95	-365	251	13	54	266	54	82937961	
-16652	-13	-346	-2121	295	-103	-362	254	14	55	271	55	82937961	
-16668	-5	-352	-2144	292	-102	-362	254	13	56	276	56	82937961	
-16680	-20	-388	-2155	293	-99	-363	253	11	57	281	57	82937962	
-16715	4	-342	-2158	297	-99	-363	251	12	58	286	58	82937962	
-16719	9	-347	-2131	301	-91	-363	249	13	59	291	59	82937963	
-16726	11	-387	-2094	277	-70	-363	251	17	60	296	60	82937963	
-16746	-8	-421	-2055	241	-54	-363	253	19	61	301	61	82937963	
-16832	-33	-445	-2029	206	-54	-370	253	14	62	306	62	82938007	
-16864	-2	-408	-2028	187	-54	-375	253	11	63	311	63	82938037	
-16892	12	-423	-2028	191	-45	-368	251	12	64	316	64	82938038	
-16889	-6	-445	-2029	227	-48	-363	249	13	65	321	65	82938038	
-16853	5	-410	-2028	279	-57	-365	249	15	66	326	66	82938038	
-16833	-5	-385	-2022	339	-68	-367	249	17	67	331	67	82938039	
-16784	-14	-397	-2027	382	-71	-366	248	15	68	336	68	82938039	
-16747	18	-380	-2045	401	-79	-366	248	14	69	341	69	82938039	
-16797	-23	-312	-2072	412	-86	-365	250	13	70	346	70	82938040	
-16767	-49	-312	-2102	410	-78	-365	251	13	71	351	71	82938040	
-16727	20	-338	-2130	401	-79	-366	252	12	72	356	72	82938041	
-16682	46	-339	-2155	387	-85	-366	252	12	73	361	73	82938087	
-16696	16	-388	-2167	370	-82	-370	250	14	74	366	74	82938117	
-16719	38	-434	-2176	352	-71	-372	248	16	75	371	75	82938118	
-16680	55	-451	-2176	343	-76	-365	249	15	76	376	76	82938118	
-16689	54	-467	-2174	333	-81	-363	249	15	77	381	77	82938119	
-16729	14	-416	-2175	328	-84	-366	246	21	78	386	78	82938119	
-16704	-25	-450	-2176	313	-85	-367	245	23	79	391	79	82938119	
-16736	-54	-408	-2184	286	-92	-364	250	18	80	396	80	82938120	
-16727	-10	-372	-2178	253	-100	-363	251	17	81	401	81	82938120	
-16736	5	-340	-2179	233	-91	-366	253	15	82	406	82	82938120	
-16764	-39	-404	-2176	220	-86	-367	253	15	83	411	83	82938158	
-16781	-34	-508	-2157	223	-93	-370	248	17	84	416	84	82938167	
-16814	-17	-474	-2148	250	-91	-371	247	17	85	421	85	82938168	
-16812	-6	-494	-2116	294	-85	-366	242	17	86	426	86	82938168	
-16759	31	-467	-2096	334	-81	-365	241	17	87	431	87	82938168	
-16730	61	-388	-2064	380	-83	-367	247	15	88	436	88	82938169	
-16796	40	-365	-2036	417	-88	-368	248	14	89	441	89	82938169	
-16769	60	-316	-2024	446	-107	-364	249	15	90	446	90	82938170	
-16793	0	-267	-2012	466	-100	-363	249	15	91	451	91	82938170	
-16789	-19	-333	-1997	472	-99	-359	247	16	92	456	92	82938170	
-16714	-12	-418	-2009	476	-103	-358	246	16	93	461	93	82938171	
-16750	32	-260	-1988	470	-102	-371	245	17	94	466	94	82938171	
-16790	2	-466	-1991	438	-101	-371	245	17	95	471	95	82938171	
