-21704	-1774	-6983	-1685	8155	2133	13860	265	22	1	1	1	15852372	
-21482	-1544	-6599	-692	9061	2396	13861	270	20	2	6	2	15852372	
-21213	-1171	-6082	498	10136	2687	13862	268	19	3	11	3	15852372	
-20765	-686	-5444	1992	11408	3068	13863	266	18	4	16	4	15852381	
-20271	-123	-4713	3390	12588	3376	13864	264	14	5	21	5	15852395	
-19784	194	-4099	4650	13674	3626	13865	263	13	6	26	6	15852398	
-19291	606	-3825	5531	14646	3831	13866	260	10	7	31	7	15852398	
-18784	1118	-3762	5867	15520	4022	13867	259	9	8	36	8	15852398	
-18309	1478	-3495	5754	16107	4207	13868	265	12	9	41	9	15852398	
-17626	1912	-3454	5393	16237	4422	13869	267	13	10	46	10	15852398	
-16782	2124	-3410	4906	15947	4648	13870	263	7	11	51	11	15852413	
-16058	2624	-3554	4243	15477	4969	13871	262	6	12	56	12	15852430	
-15270	3248	-3362	3713	15239	5454	13872	270	4	13	61	13	15852431	
-14432	3220	-3152	3286	14935	6117	13873	270	4	14	66	14	15852431	
-14059	3225	-2924	3034	14544	6640	13874	266	7	15	71	15	15852431	
-13832	3184	-2782	2963	14084	7247	13875	265	7	16	76	16	15852432	
-13797	3028	-2633	3305	13715	7894	13876	261	3	17	81	17	15852432	
-13891	2600	-2437	4037	13512	8506	13877	260	2	18	86	18	15852454	
-14148	1977	-2119	4953	13403	9036	13878	262	-1	19	91	19	15852459	
-14438	1409	-1986	5776	13308	9399	13879	262	-2	20	96	20	15852459	
-14774	1012	-2008	6526	13115	9645	13880	265	-3	21	101	21	15852459	
-15020	630	-1888	6922	12863	9814	13881	265	-3	22	106	22	15852459	
-15206	278	-1748	7184	12497	9943	13882	261	-9	23	111	23	15852459	
-15350	-10	-1498	7329	11994	10025	13883	261	-9	24	116	24	15852459	
-15566	-328	-1238	7402	11490	10039	13884	261	-9	25	121	25	15852468	
-15778	-424	-1040	7473	11055	9996	13885	261	-9	26	126	26	15852545	
-15852	-494	-826	7620	10738	9984	13886	259	-15	27	131	27	15852545	
-15928	-576	-616	7809	10501	9997	13887	259	-15	28	136	28	15852546	
-15937	-756	-479	8078	10293	10017	13888	260	-16	29	141	29	15852547	
-15926	-782	-425	8339	10146	10035	13889	260	-17	30	146	30	15852548	
-15738	-740	-342	8574	10053	10055	13890	260	-22	31	151	31	15852552	
-15678	-620	-294	8924	9957	10063	13891	260	-22	32	156	32	15852579	
-15378	-518	-238	9262	9857	10048	13892	260	-20	33	161	33	15852579	
-15200	-538	-270	9628	9743	9996	13893	260	-20	34	166	34	15852579	
-14784	-388	-156	9966	9559	9948	13894	260	-22	35	171	35	15852579	
-14454	-356	14	10345	9162	9927	13895	260	-22	36	176	36	15852579	
-14262	-336	74	10977	8362	9948	13896	257	-17	37	181	37	15852580	
-14082	-358	212	11623	7547	9976	13897	258	-17	38	186	38	15852580	
-13824	-387	246	12370	6688	10038	13898	264	-18	39	191	39	15852580	
-13625	-456	300	13108	5842	10154	13899	262	-20	40	196	40	15852580	
-13500	-491	224	13741	5021	10298	13900	256	-26	41	201	41	15852582	
-13470	-465	55	14236	4258	10464	13901	256	-25	42	206	42	15852593	
-13530	-408	-300	14611	3586	10637	13902	255	-21	43	211	43	15852612	
-13698	-396	-780	14914	3057	10812	13903	255	-22	44	216	44	15852612	
-13956	-247	-1263	15202	2693	10979	13904	255	-27	45	221	45	15852613	
-14192	-95	-1703	15476	2451	11122	13905	256	-26	46	226	46	15852613	
-14321	-18	-2055	15663	2309	11215	13906	259	-25	47	231	47	15852613	
-14510	20	-2430	15862	2155	11306	13907	260	-25	48	236	48	15852615	
-14630	15	-2764	16123	1977	11392	13908	262	-26	49	241	49	15852619	
-14721	-119	-3081	16458	1811	11464	13909	261	-26	50	246	50	15852620	
-14840	-346	-3375	16869	1663	11516	13910	255	-27	51	251	51	15852620	
-14925	-589	-3655	17269	1537	11550	13911	255	-27	52	256	52	15852620	
-15001	-757	-3890	17664	1428	11579	13912	257	-29	53	261	53	15852620	
-15176	-1005	-4140	18033	1315	11619	13913	257	-29	54	266	54	15852630	
-15364	-1231	-4347	18282	1207	11648	13914	256	-28	55	271	55	15852647	
-15500	-1493	-4596	18448	1101	11683	13915	259	-28	56	276	56	15852653	
-15566	-1769	-4732	18505	1014	11736	13916	263	-29	57	281	57	15852653	
-15629	-2019	-4886	18432	965	11782	13917	260	-29	58	286	58	15852653	
-15725	-2284	-5007	18221	944	11796	13918	256	-28	59	291	59	15852653	
-15812	-2530	-4998	17876	955	11780	13919	256	-28	60	296	60	15852661	
-15880	-2730	-5045	17456	989	11722	13920	257	-29	61	301	61	15852679	
-15986	-2842	-4998	17026	1020	11645	13921	256	-29	62	306	62	15852690	
-16054	-2948	-4980	16629	1052	11556	13922	255	-29	63	311	63	15852690	
-16008	-3066	-5045	16261	1113	11470	13923	254	-32	64	316	64	15852690	
-15958	-3254	-5212	15931	1196	11398	13924	252	-36	65	321	65	15852690	
-15977	-3522	-5488	15654	1263	11328	13925	250	-34	66	326	66	15852691	
-15994	-3735	-5667	15414	1288	11273	13926	248	-32	67	331	67	15852691	
-15919	-3891	-5785	15219	1275	11227	13927	251	-30	68	336	68	15852691	
-15775	-4028	-5904	15099	1256	11174	13928	255	-27	69	341	69	15852703	
-15567	-4178	-6017	15057	1229	11115	13930	254	-26	70	346	70	15852721	
-15335	-4345	-6219	15068	1170	11054	13931	253	-25	71	351	71	15852721	
-15133	-4495	-6424	15069	1053	11008	13932	251	-30	72	356	72	15852721	
-14901	-4544	-6680	14990	872	10980	13933	249	-33	73	361	73	15852721	
-14676	-4536	-6857	14828	634	10974	13934	251	-35	74	366	74	15852722	
-14480	-4472	-6981	14613	336	10993	13935	253	-37	75	371	75	15852722	
-14270	-4408	-7170	14367	-25	11014	13936	252	-33	76	376	76	15852728	
-14087	-4310	-7238	14114	-446	11031	13937	251	-31	77	381	77	15852748	
-13936	-4248	-7274	13853	-883	11051	13938	249	-35	78	386	78	15852758	
-13892	-4208	-7358	13590	-1309	11070	13939	248	-38	79	391	79	15852759	
-13909	-4225	-7334	13290	-1743	11091	13940	247	-34	80	396	80	15852760	
-13889	-4265	-7278	12899	-2234	11098	13941	246	-32	81	401	81	15852760	
-13878	-4326	-7165	12407	-2773	11065	13942	245	-31	82	406	82	15852761	
-13838	-4353	-6991	11833	-3303	10998	13943	244	-30	83	411	83	15852761	
-13837	-4385	-6788	11236	-3783	10900	13944	244	-29	84	416	84	15852766	
-13794	-4364	-6456	10706	-4207	10776	13945	244	-28	85	421	85	15852796	
-13769	-4414	-6080	10313	-4573	10662	13946	243	-33	86	426	86	15852815	
-13770	-4465	-5736	10018	-4936	10538	13947	243	-37	87	431	87	15852815	
-13758	-4488	-5374	9853	-5248	10435	13948	238	-34	88	436	88	15852816	
-13778	-4524	-5150	9751	-5531	10346	13949	237	-33	89	441	89	15852816	
-13971	-4506	-4986	9658	-5813	10255	13950	241	-31	90	446	90	15852816	
-14124	-4487	-4850	9540	-6120	10175	13951	242	-30	91	451	91	15852817	
-14478	-4311	-4720	9416	-6433	10101	13952	240	-35	92	456	92	15852838	
-14789	-4105	-4681	9273	-6762	10048	13953	240	-36	93	461	93	15852843	
-15126	-3955	-4714	9161	-7016	9994	13954	243	-33	94	466	94	15852843	
-15511	-3650	-4774	8976	-7239	9918	13955	244	-32	95	471	95	15852843	
-15762	-3312	-4662	8756	-7450	9848	13956	240	-34	96	476	96	15852843	
-15962	-3011	-4636	8575	-7758	9805	13957	239	-35	97	481	97	15852843	
-16005	-2707	-4635	8442	-8131	9752	13958	239	-30	98	486	98	15852843	
-15924	-2304	-4778	8276	-8505	9682	13959	239	-29	99	491	99	15852851	
-15870	-1949	-4812	7990	-8805	9589	13960	240	-28	100	496	100	15852875	
-15697	-1597	-4897	7559	-8964	9491	13961	240	-28	101	501	101	15852880	
-15488	-1374	-5116	7005	-8901	9362	13962	240	-28	102	506	102	15852880	
-15124	-1139	-5297	6433	-8722	9220	13963	240	-28	103	511	103	15852880	
-14752	-900	-5442	5908	-8649	9058	13964	235	-33	104	516	104	15852880	
-14522	-770	-5486	5675	-9034	8930	13965	235	-33	105	521	105	15852880	
-14596	-630	-5732	5346	-9791	8855	13966	235	-31	106	526	106	15852881	
-15038	-370	-5466	4713	-10529	8780	13967	235	-31	107	531	107	15852917	
-15446	-14	-5226	3816	-10812	8647	13968	233	-25	108	536	108	15852918	
-15894	412	-4786	2791	-10593	8418	13969	233	-25	109	541	109	15852918	
-16012	684	-3964	2099	-10296	8217	13970	230	-20	110	546	110	15852918	
-15950	810	-2938	1755	-10400	7985	13971	229	-19	111	551	111	15852918	
-15740	428	-1862	2135	-11335	7665	13972	234	-24	112	556	112	15852918	
-15840	-28	-1348	2724	-12495	7334	13973	234	-24	113	561	113	15852918	
-15900	-280	-1010	3109	-13306	6935	13974	235	-23	114	566	114	15852927	
-15822	-330	-512	3362	-13676	6465	13975	235	-23	115	571	115	15852947	
-15456	-158	-330	3669	-13959	6068	13976	235	-15	116	576	116	15852947	
-15172	56	-132	3967	-14373	5854	13977	235	-15	117	581	117	15852948	
-15206	344	168	4338	-14738	5683	13978	233	-19	118	586	118	15852948	
-15418	778	1086	5031	-14815	5428	13979	233	-19	119	591	119	15852948	
-15718	1074	2076	5943	-14534	5111	13980	231	-21	120	596	120	15852948	
-15948	1448	2906	6964	-13802	4790	13981	232	-20	121	601	121	15852954	
-15982	1483	2973	7649	-13238	4588	13982	236	-16	122	606	122	15852979	
-15783	1175	2627	8121	-12960	4464	13983	236	-14	123	611	123	15852985	
-15578	688	2046	8319	-13111	4373	13984	236	-8	124	616	124	15852985	
-15378	188	1220	8302	-13540	4339	13985	235	-10	125	621	125	15852985	
-15346	-194	652	8161	-13987	4319	13986	229	-17	126	626	126	15852985	
-15252	-712	544	7932	-14410	4276	13987	229	-17	127	631	127	15852985	
-15284	-1100	818	7776	-14810	4235	13988	234	-10	128	636	128	15852986	
-15299	-1456	1106	7677	-15262	4178	13989	234	-10	129	641	129	15852993	
-15376	-1602	1270	7730	-15488	4093	13990	235	-9	130	646	130	15853023	
-15436	-1620	1724	7984	-15597	3949	13991	234	-9	131	651	131	15853028	
-15515	-1544	2290	8472	-15735	3722	13992	231	-7	132	656	132	15853028	
-15544	-1467	2644	9078	-15972	3457	13993	231	-6	133	661	133	15853029	
-15614	-1364	2641	9532	-16208	3251	13994	230	-4	134	666	134	15853029	
-15843	-1356	2568	9690	-16297	2998	13995	230	-3	135	671	135	15853030	
-16172	-1207	2577	9657	-16394	2687	13996	231	1	136	676	136	15853042	
-16466	-877	2754	9486	-16750	2404	13997	230	-2	137	681	137	15853066	
-16866	-230	3013	9228	-17403	2208	13998	227	-9	138	686	138	15853067	
-17393	400	3040	8980	-18004	2132	13999	230	-6	139	691	139	15853067	
-18034	930	2868	8606	-18626	2074	14000	234	-2	140	696	140	15853068	
-18447	1558	2529	8129	-19125	2041	14001	234	-2	141	701	141	15853068	
-18637	2228	1956	7738	-19417	2121	14002	234	-2	142	706	142	15853069	
-18829	2687	1093	7712	-19489	2299	14003	233	-1	143	711	143	15853069	
-19045	2302	479	8376	-19381	2446	14004	230	4	144	716	144	15853076	
-19356	1454	-78	9454	-19215	2546	14005	230	5	145	721	145	15853105	
-19633	185	-478	10488	-19038	2565	14006	231	9	146	726	146	15853106	
-20076	-932	-862	11031	-18991	2408	14007	229	6	147	731	147	15853106	
-20723	-2112	-1796	11366	-19062	2098	14008	227	1	148	736	148	15853106	
-21576	-3386	-3151	11455	-19040	1786	14009	230	5	149	741	149	15853106	
-22401	-5052	-4443	11147	-18671	1538	14010	234	10	150	746	150	15853106	
-22984	-6928	-5882	10408	-18056	1136	14011	233	10	151	751	151	15853106	
-23277	-8354	-6837	9171	-17266	464	14012	232	10	152	756	152	15853117	
-23602	-9502	-7084	7356	-16164	-238	14014	234	10	153	761	153	15853149	
-24462	-10046	-7290	5181	-15401	-704	14015	235	9	154	766	154	15853165	
-25569	-9911	-7413	2811	-15239	-821	14016	232	11	155	771	155	15853165	
-26406	-9198	-7318	108	-15237	-778	14017	230	12	156	776	156	15853165	
-26455	-8061	-7045	-2033	-14780	-881	14018	231	15	157	781	157	15853165	
-25683	-6791	-6455	-3271	-13534	-1238	14018	232	18	158	786	158	15853165	
-23898	-5553	-5494	-3269	-11427	-1891	14019	233	17	159	791	159	15853168	
-21445	-4422	-4700	-2340	-9376	-2573	14020	235	15	160	796	160	15853191	
-18968	-3324	-4367	-1438	-8050	-2964	14021	236	16	161	801	161	15853218	
-17018	-1985	-4546	-987	-7598	-2994	14023	238	18	162	806	162	15853219	
-15934	-449	-5139	-932	-7756	-2773	14024	236	18	163	811	163	15853220	
-15254	1166	-5626	-883	-8057	-2464	14025	234	18	164	816	164	15853220	
-14610	2596	-5705	-556	-8352	-2066	14026	235	21	165	821	165	15853221	
-14218	3669	-5383	-68	-8720	-1590	14027	235	23	166	826	166	15853221	
-14205	4395	-4894	343	-9267	-1064	14028	237	23	167	831	167	15853232	
-14660	4784	-4390	601	-9896	-479	14029	239	23	168	836	168	15853246	
-15408	4803	-3776	675	-10413	178	14030	238	22	169	841	169	15853250	
-16461	4453	-3167	548	-10693	919	14031	238	22	170	846	170	15853250	
-17548	3770	-2582	217	-10582	1419	14032	234	26	171	851	171	15853250	
-18564	3014	-1773	-432	-10097	1620	14033	233	27	172	856	172	15853250	
-19347	2340	-856	-1500	-9230	1555	14034	235	27	173	861	173	15853250	
-19663	1951	222	-2786	-8226	1349	14035	235	27	174	866	174	15853250	
-19692	1667	1400	-4453	-7067	1040	14036	234	26	175	871	175	15853250	
-19540	1406	2433	-6315	-5945	660	14037	233	25	176	876	176	15853250	
-19238	1150	3227	-7982	-5007	305	14038	235	27	177	881	177	15853250	
-18915	808	3725	-9280	-4227	44	14039	237	29	178	886	178	15853250	
-18655	331	4040	-10157	-3502	-157	14040	236	32	179	891	179	15853250	
-18523	-80	4108	-10380	-2917	-282	14041	235	33	180	896	180	15853256	
-18340	-369	4118	-10231	-2433	-364	14042	239	37	181	901	181	15853257	
-18036	-408	4152	-9808	-2096	-425	14043	240	38	182	906	182	15853266	
-17744	-174	4131	-9099	-1961	-481	14044	233	40	183	911	183	15853295	
-17462	90	4145	-8164	-2031	-505	14045	231	41	184	916	184	15853302	
-17238	409	3867	-7099	-2199	-481	14046	240	43	185	921	185	15853302	
-17146	674	3361	-6014	-2369	-420	14047	242	44	186	926	186	15853302	
-17028	934	2944	-4826	-2445	-358	14048	242	34	187	931	187	15853302	
