-16832	736	-276	187	-482	-453	-86	250	-104	2148	10740	2148	70134867
-16794	784	-44	138	-419	-464	-85	245	-93	2149	10745	2149	70134868
-16848	914	104	151	-383	-478	-85	245	-93	2150	10750	2150	70134868
-16814	914	46	151	-371	-476	-88	250	-100	2151	10755	2151	70134868
-16826	830	-84	128	-364	-478	-88	250	-100	2152	10760	2152	70134869
-16792	782	6	25	-360	-485	-87	255	-95	2153	10765	2153	70134869
-16832	780	2	-1	-343	-515	-87	255	-95	2154	10770	2154	70134870
-16752	742	-68	-45	-340	-525	-87	249	-101	2155	10775	2155	70134870
-16732	792	-80	-23	-335	-520	-87	249	-101	2156	10780	2156	70134870
-16694	850	-30	-12	-342	-505	-89	249	-99	2157	10785	2157	70134871
-16644	898	-134	55	-328	-492	-89	249	-99	2158	10790	2158	70134896
-16626	736	-192	122	-320	-464	-85	251	-99	2159	10795	2159	70134944
-16622	782	-148	134	-306	-468	-85	251	-99	2160	10800	2160	70134948
-16622	756	-182	203	-279	-456	-87	249	-91	2161	10805	2161	70134948
-16746	752	-198	261	-299	-426	-87	249	-91	2162	10810	2162	70134948
-16778	676	-262	266	-304	-406	-88	252	-92	2163	10815	2163	70134949
-16840	616	-204	291	-297	-398	-88	252	-92	2164	10820	2164	70134949
-16820	664	-184	287	-305	-389	-82	254	-92	2165	10825	2165	70134949
-16804	652	-102	284	-299	-384	-82	254	-92	2166	10830	2166	70134950
-16720	678	-188	293	-300	-371	-86	252	-96	2167	10835	2167	70134950
-16770	742	-144	318	-281	-359	-86	252	-96	2168	10840	2168	70134950
-16778	824	-166	336	-283	-355	-82	258	-98	2169	10845	2169	70134951
-16830	812	-70	330	-278	-333	-82	258	-98	2170	10850	2170	70134951
-16876	658	-42	312	-269	-336	-89	253	-101	2171	10855	2171	70134952
-16810	612	-64	297	-255	-338	-89	253	-101	2172	10860	2172	70134974
-16832	752	-172	256	-270	-343	-82	250	-96	2173	10865	2173	70134975
-16714	768	-170	220	-265	-356	-82	250	-96	2174	10870	2174	70134976
-16650	806	-182	199	-257	-342	-84	250	-98	2175	10875	2175	70134977
-16638	726	-130	157	-251	-339	-84	250	-98	2176	10880	2176	70134978
-16676	742	-204	176	-226	-342	-81	255	-93	2177	10885	2177	70134978
-16672	802	-196	174	-221	-342	-81	255	-93	2178	10890	2178	70134978
-16772	764	-194	166	-203	-350	-87	255	-95	2179	10895	2179	70134979
-16836	748	-126	173	-209	-359	-87	255	-95	2180	10900	2180	70134979
-16814	682	-214	162	-221	-359	-87	251	-97	2181	10905	2181	70134980
-16774	752	-182	139	-218	-362	-87	251	-97	2182	10910	2182	70134980
-16686	744	-218	128	-223	-367	-84	258	-92	2183	10915	2183	70134980
-16678	802	-140	144	-219	-369	-84	258	-92	2184	10920	2184	70135001
-16610	860	-280	194	-215	-361	-97	247	-99	2185	10925	2185	70135001
-16636	854	-146	233	-213	-362	-97	247	-99	2186	10930	2186	70135002
-16612	838	-288	238	-207	-356	-85	255	-101	2187	10935	2187	70135002
-16652	756	-190	235	-218	-363	-85	255	-101	2188	10940	2188	70135002
-16764	752	-256	204	-242	-356	-91	253	-91	2189	10945	2189	70135003
-16764	836	-234	193	-241	-369	-91	253	-91	2190	10950	2190	70135003
-16788	748	-222	188	-242	-374	-91	247	-97	2191	10955	2191	70135004
-16768	816	-238	176	-239	-367	-91	247	-97	2192	10960	2192	70135004
-16732	800	-288	185	-235	-363	-86	252	-94	2193	10965	2193	70135004
-16730	810	-166	202	-250	-361	-86	252	-94	2194	10970	2194	70135050
-16682	734	-132	226	-243	-367	-91	249	-95	2195	10975	2195	70135051
-16704	742	-246	221	-255	-377	-91	249	-95	2196	10980	2196	70135055
-16814	714	-192	198	-243	-382	-92	250	-96	2197	10985	2197	70135077
-16824	792	-228	224	-227	-348	-92	250	-96	2198	10990	2198	70135081
-16836	730	-186	221	-234	-345	-88	252	-98	2199	10995	2199	70135084
-16864	730	-140	232	-240	-358	-88	252	-98	2200	11000	2200	70135084
-16814	790	-176	223	-225	-342	-97	253	-93	2201	11005	2201	70135085
-16764	784	-20	216	-222	-348	-97	253	-93	2202	11010	2202	70135085
-16722	744	-166	215	-238	-350	-84	252	-98	2203	11015	2203	70135086
-16762	742	-174	222	-245	-357	-84	252	-98	2204	11020	2204	70135087
-16740	766	-174	235	-248	-346	-88	248	-100	2205	11025	2205	70135087
-16758	756	-296	226	-221	-321	-88	248	-100	2206	11030	2206	70135088
-16728	790	-356	241	-224	-305	-95	249	-95	2207	11035	2207	70135088
-16722	752	-246	263	-228	-306	-95	249	-95	2208	11040	2208	70135089
-16652	802	-260	237	-211	-332	-85	253	-101	2209	11045	2209	70135090
-16652	948	-294	216	-225	-335	-85	253	-101	2210	11050	2210	70135090
-16708	872	-340	205	-225	-344	-95	251	-97	2211	11055	2211	70135132
-16704	678	-242	244	-229	-350	-95	251	-97	2212	11060	2212	70135132
-16782	842	-340	185	-220	-354	-89	251	-93	2213	11065	2213	70135133
-16774	794	-336	191	-213	-347	-89	251	-93	2214	11070	2214	70135133
-16676	742	-240	181	-238	-341	-87	253	-93	2215	11075	2215	70135134
-16842	710	-242	167	-240	-344	-87	253	-93	2216	11080	2216	70135134
-16866	748	-294	147	-251	-343	-85	253	-97	2217	11085	2217	70135135
-16718	806	-308	121	-259	-341	-85	253	-97	2218	11090	2218	70135135
-16790	796	-246	103	-272	-333	-84	252	-92	2219	11095	2219	70135135
-16802	850	-222	107	-269	-321	-84	252	-92	2220	11100	2220	70135136
-16752	790	-250	99	-282	-319	-92	254	-102	2221	11105	2221	70135152
-16716	734	-284	77	-293	-321	-92	254	-102	2222	11110	2222	70135184
-16732	862	-306	102	-304	-308	-89	249	-93	2223	11115	2223	70135185
-16700	902	-272	103	-307	-312	-89	249	-93	2224	11120	2224	70135185
-16702	826	-284	127	-308	-328	-87	255	-95	2225	11125	2225	70135186
-16670	814	-288	165	-333	-316	-87	255	-95	2226	11130	2226	70135186
-16716	796	-266	175	-334	-327	-91	255	-91	2227	11135	2227	70135260
-16668	732	-378	167	-350	-336	-91	255	-91	2228	11140	2228	70135260
-16662	820	-304	172	-358	-350	-85	255	-95	2229	11145	2229	70135261
-16636	998	-386	180	-372	-348	-85	255	-95	2230	11150	2230	70135261
-16652	874	-286	210	-385	-351	-86	248	-90	2231	11155	2231	70135261
-16618	816	-334	219	-408	-364	-86	248	-90	2232	11160	2232	70135262
-16672	830	-290	229	-416	-362	-88	254	-96	2233	11165	2233	70135263
-16736	780	-358	219	-416	-373	-88	254	-96	2234	11170	2234	70135263
-16750	844	-226	228	-439	-376	-89	251	-97	2235	11175	2235	70135264
-16752	844	-284	236	-429	-375	-89	251	-97	2236	11180	2236	70135264
-16656	828	-288	269	-405	-370	-90	254	-96	2237	11185	2237	70135265
-16662	870	-252	260	-413	-382	-90	254	-96	2238	11190	2238	70135266
-16780	794	-266	272	-401	-376	-88	250	-92	2239	11195	2239	70135267
-16780	740	-298	250	-401	-367	-88	250	-92	2240	11200	2240	70135282
-16788	764	-298	230	-399	-382	-84	250	-94	2241	11205	2241	70135283
-16812	822	-280	209	-402	-396	-84	250	-94	2242	11210	2242	70135310
-16794	798	-172	193	-393	-394	-88	246	-100	2243	11215	2243	70135311
-16794	806	-142	182	-394	-388	-88	246	-100	2244	11220	2244	70135311
-16814	882	-262	180	-383	-388	-86	248	-106	2245	11225	2245	70135312
-16800	816	-202	159	-363	-401	-86	248	-106	2246	11230	2246	70135312
-16754	862	-162	145	-355	-387	-85	255	-97	2247	11235	2247	70135313
-16778	822	-120	162	-340	-394	-85	255	-97	2248	11240	2248	70135314
-16708	840	-62	194	-353	-383	-89	245	-101	2249	11245	2249	70135314
-16812	774	-172	195	-344	-385	-89	245	-101	2250	11250	2250	70135315
-16708	806	-234	204	-349	-377	-83	251	-97	2251	11255	2251	70135315
-16690	792	-66	247	-343	-378	-83	251	-97	2252	11260	2252	70135316
-16700	820	-192	220	-341	-353	-84	252	-100	2253	11265	2253	70135316
-16780	746	-184	223	-354	-360	-84	252	-100	2254	11270	2254	70135317
-16722	814	-258	216	-348	-353	-87	251	-95	2255	11275	2255	70135317
-16704	844	-212	233	-352	-341	-87	251	-95	2256	11280	2256	70135318
-16704	786	-304	256	-362	-344	-89	257	-91	2257	11285	2257	70135332
-16722	740	-300	290	-348	-323	-89	257	-91	2258	11290	2258	70135336
-16734	808	-242	321	-342	-308	-90	250	-96	2259	11295	2259	70135336
-16698	788	-316	325	-356	-303	-90	250	-96	2260	11300	2260	70135337
-16750	768	-256	378	-363	-304	-88	252	-96	2261	11305	2261	70135337
-16842	684	-270	377	-359	-289	-88	252	-96	2262	11310	2262	70135338
-16760	810	-274	382	-365	-293	-91	251	-93	2263	11315	2263	70135338
-16718	818	-224	339	-359	-291	-91	251	-93	2264	11320	2264	70135338
-16674	758	-214	326	-358	-281	-87	259	-95	2265	11325	2265	70135339
-16708	834	-174	312	-353	-288	-87	259	-95	2266	11330	2266	70135339
-16722	748	-312	265	-359	-307	-86	254	-102	2267	11335	2267	70135361
-16774	784	-248	219	-378	-310	-86	254	-102	2268	11340	2268	70135361
-16806	848	-268	180	-378	-330	-87	253	-95	2269	11345	2269	70135362
-16748	856	-306	122	-340	-343	-87	253	-95	2270	11350	2270	70135387
-16786	930	-242	101	-347	-346	-79	249	-99	2271	11355	2271	70135387
-16754	896	-236	76	-348	-355	-79	249	-99	2272	11360	2272	70135387
-16806	870	-222	70	-325	-377	-92	252	-98	2273	11365	2273	70135388
-16818	854	-226	23	-329	-387	-92	252	-98	2274	11370	2274	70135388
-16854	920	-242	25	-333	-380	-85	255	-97	2275	11375	2275	70135389
-16704	938	-234	33	-327	-398	-85	255	-97	2276	11380	2276	70135389
-16778	890	-258	81	-322	-383	-84	252	-94	2277	11385	2277	70135390
-16686	888	-234	100	-325	-395	-84	252	-94	2278	11390	2278	70135490
-16696	850	-252	137	-328	-415	-97	247	-89	2279	11395	2279	70135533
-16700	746	-184	166	-330	-401	-97	247	-89	2280	11400	2280	70135534
-16692	774	-268	183	-332	-399	-91	253	-97	2281	11405	2281	70135536
-16672	790	-226	192	-372	-409	-91	253	-97	2282	11410	2282	70135537
-16722	792	-280	226	-386	-396	-88	254	-100	2283	11415	2283	70135539
-16736	802	-240	240	-394	-396	-88	254	-100	2284	11420	2284	70135540
-16772	872	-296	238	-395	-393	-90	252	-100	2285	11425	2285	70135541
-16690	908	-240	266	-378	-373	-90	252	-100	2286	11430	2286	70135542
-16736	924	-226	267	-387	-372	-92	246	-92	2287	11435	2287	70135543
-16682	764	-280	261	-393	-386	-92	246	-92	2288	11440	2288	70135544
-16674	760	-248	273	-398	-376	-89	249	-97	2289	11445	2289	70135597
-16700	862	-100	253	-390	-370	-89	249	-97	2290	11450	2290	70135597
-16748	786	-218	257	-365	-379	-83	251	-95	2291	11455	2291	70135597
-16740	860	-184	263	-365	-387	-83	251	-95	2292	11460	2292	70135598
-16784	868	-146	268	-357	-390	-86	250	-96	2293	11465	2293	70135598
-16822	832	-150	267	-317	-365	-86	250	-96	2294	11470	2294	70135599
-16804	854	-144	233	-325	-380	-96	250	-98	2295	11475	2295	70135600
-16784	888	-120	223	-312	-384	-96	250	-98	2296	11480	2296	70135600
-16754	906	-264	205	-302	-389	-83	251	-97	2297	11485	2297	70135600
-16800	832	-180	207	-302	-409	-83	251	-97	2298	11490	2298	70135601
-16764	836	-182	224	-292	-407	-92	250	-96	2299	11495	2299	70135601
-16716	746	-336	219	-272	-398	-92	250	-96	2300	11500	2300	70135602
-16774	764	-288	245	-263	-394	-87	249	-101	2301	11505	2301	70135602
-16702	698	-156	236	-258	-384	-87	249	-101	2302	11510	2302	70135602
-16722	714	-276	249	-258	-391	-86	250	-92	2303	11515	2303	70135603
-16696	718	-224	234	-262	-383	-86	250	-92	2304	11520	2304	70135603
-16742	860	-216	248	-256	-388	-84	250	-94	2305	11525	2305	70135603
-16704	722	-222	255	-276	-407	-84	250	-94	2306	11530	2306	70135604
-16678	856	-216	251	-276	-390	-81	251	-97	2307	11535	2307	70135604
-16602	910	-238	266	-279	-392	-81	251	-97	2308	11540	2308	70135605
-16662	948	-210	270	-266	-417	-86	256	-96	2309	11545	2309	70135648
-16696	918	-152	281	-271	-414	-86	256	-96	2310	11550	2310	70135648
-16740	894	-232	275	-267	-415	-89	251	-93	2311	11555	2311	70135649
-16756	826	-186	236	-275	-431	-89	251	-93	2312	11560	2312	70135649
-16726	848	-116	226	-276	-432	-84	254	-94	2313	11565	2313	70135650
-16690	830	-284	221	-284	-434	-84	254	-94	2314	11570	2314	70135650
-16718	892	-222	210	-290	-457	-95	257	-93	2315	11575	2315	70135651
-16698	906	-212	229	-259	-451	-95	257	-93	2316	11580	2316	70135652
-16776	818	-242	235	-266	-451	-83	249	-99	2317	11585	2317	70135653
-16726	808	-304	198	-278	-461	-83	249	-99	2318	11590	2318	70135654
-16806	784	-336	158	-262	-450	-82	248	-96	2319	11595	2319	70135697
-16750	760	-294	158	-265	-449	-82	248	-96	2320	11600	2320	70135698
-16830	792	-288	175	-262	-457	-94	252	-98	2321	11605	2321	70135724
-16816	758	-290	201	-256	-431	-94	252	-98	2322	11610	2322	70135724
-16774	836	-242	216	-261	-420	-88	248	-100	2323	11615	2323	70135725
-16714	836	-174	240	-263	-410	-88	248	-100	2324	11620	2324	70135725
-16734	672	-252	248	-276	-399	-82	254	-94	2325	11625	2325	70135725
-16728	610	-362	254	-280	-382	-82	254	-94	2326	11630	2326	70135726
-16660	710	-356	256	-268	-375	-85	255	-95	2327	11635	2327	70135726
-16666	698	-374	284	-268	-381	-85	255	-95	2328	11640	2328	70135726
-16740	734	-278	278	-283	-368	-86	250	-96	2329	11645	2329	70135727
-16728	774	-256	266	-289	-370	-86	250	-96	2330	11650	2330	70135727
-16750	780	-314	237	-316	-391	-93	249	-97	2331	11655	2331	70135727
-16668	824	-150	224	-312	-387	-93	249	-97	2332	11660	2332	70135728
-16596	856	-238	214	-311	-391	-91	249	-95	2333	11665	2333	70135728
-16650	870	-188	193	-316	-405	-91	249	-95	2334	11670	2334	70135749
-16630	816	-202	188	-320	-426	-87	255	-97	2335	11675	2335	70135750
-16676	844	-276	168	-328	-427	-87	255	-97	2336	11680	2336	70135750
-16690	832	-208	136	-324	-450	-90	250	-98	2337	11685	2337	70135751
-16728	886	-96	148	-328	-450	-90	250	-98	2338	11690	2338	70135751
-16788	884	-206	144	-325	-463	-84	248	-98	2339	11695	2339	70135753
-16784	902	-238	164	-335	-476	-84	248	-98	2340	11700	2340	70135753
-16820	824	-244	145	-320	-469	-92	254	-102	2341	11705	2341	70135827
-16798	776	-180	128	-310	-458	-92	254	-102	2342	11710	2342	70135828
-16848	830	-236	120	-318	-448	-88	252	-102	2343	11715	2343	70135828
-16740	834	-246	142	-331	-437	-88	252	-102	2344	11720	2344	70135829
-16740	776	-362	167	-332	-437	-89	255	-97	2345	11725	2345	70135829
-16772	730	-264	212	-320	-431	-89	255	-97	2346	11730	2346	70135829
-16720	738	-268	213	-325	-436	-86	250	-98	2347	11735	2347	70135830
-16724	658	-184	213	-321	-414	-86	250	-98	2348	11740	2348	70135830
-16758	648	-312	206	-327	-397	-90	252	-96	2349	11745	2349	70135830
-16670	732	-148	205	-324	-392	-90	252	-96	2350	11750	2350	70135831
-16756	834	-280	209	-322	-363	-86	252	-98	2351	11755	2351	70135831
-16720	792	-210	229	-303	-357	-86	252	-98	2352	11760	2352	70135831
-16808	768	-162	239	-290	-330	-88	258	-92	2353	11765	2353	70135878
-16698	780	-208	255	-281	-331	-88	258	-92	2354	11770	2354	70135879
-16718	744	-236	283	-311	-300	-85	257	-101	2355	11775	2355	70135880
-16752	808	-194	268	-315	-308	-85	257	-101	2356	11780	2356	70135880
-16762	902	-206	250	-286	-334	-92	252	-96	2357	11785	2357	70135880
-16682	864	-238	297	-269	-326	-92	252	-96	2358	11790	2358	70135881
-16642	898	-294	316	-271	-313	-88	256	-94	2359	11795	2359	70135881
-16632	834	-208	352	-264	-316	-88	256	-94	2360	11800	2360	70135881
-16628	842	-262	356	-272	-332	-89	251	-97	2361	11805	2361	70135882
-16676	872	-162	370	-267	-330	-89	251	-97	2362	11810	2362	70135882
-16766	770	-248	357	-257	-325	-90	250	-96	2363	11815	2363	70135882
-16768	766	-178	333	-241	-310	-90	250	-96	2364	11820	2364	70135883
-16820	868	-206	328	-242	-321	-80	252	-94	2365	11825	2365	70135883
-16840	822	-294	335	-217	-328	-80	252	-94	2366	11830	2366	70135905
-16812	782	-226	361	-208	-326	-95	251	-95	2367	11835	2367	70135956
-16778	866	-172	353	-190	-325	-95	251	-95	2368	11840	2368	70135957
-16934	874	-290	352	-162	-333	-86	248	-94	2369	11845	2369	70135957
-16872	856	-324	333	-151	-329	-86	248	-94	2370	11850	2370	70135957
-16790	828	-160	345	-118	-327	-89	251	-99	2371	11855	2371	70135958
-16698	922	-190	273	-106	-327	-89	251	-99	2372	11860	2372	70135958
-16752	932	-210	255	-103	-323	-83	257	-93	2373	11865	2373	70135959
-16738	784	-108	254	-96	-336	-83	257	-93	2374	11870	2374	70135959
-16622	876	-236	217	-127	-321	-87	251	-99	2375	11875	2375	70135959
-16616	966	-254	207	-150	-342	-87	251	-99	2376	11880	2376	70135960
-16656	872	-294	200	-159	-359	-88	248	-98	2377	11885	2377	70135960
-16706	754	-310	237	-127	-380	-88	248	-98	2378	11890	2378	70135960
-16754	784	-362	246	-144	-370	-84	252	-98	2379	11895	2379	70135988
-16724	792	-310	267	-157	-362	-84	252	-98	2380	11900	2380	70135989
-16874	696	-372	244	-177	-373	-83	251	-97	2381	11905	2381	70135989
-16800	670	-400	254	-202	-364	-83	251	-97	2382	11910	2382	70135991
-16820	886	-308	237	-197	-346	-90	252	-96	2383	11915	2383	70136037
-16720	1008	-378	282	-198	-365	-90	252	-96	2384	11920	2384	70136038
-16676	1044	-326	370	-224	-344	-89	251	-97	2385	11925	2385	70136038
-16724	1056	-412	412	-238	-352	-89	251	-97	2386	11930	2386	70136039
-16606	910	-346	460	-240	-371	-89	251	-97	2387	11935	2387	70136039
-16648	850	-302	422	-254	-409	-89	251	-97	2388	11940	2388	70136039
