-15330	-1922	6850	294	-312	-382	-2	-134	-156	1	1	1	67386838	
-15348	-1922	6868	291	-308	-379	-2	-134	-156	2	6	2	67386838	
-15328	-1890	6928	296	-302	-388	5	-139	-155	3	11	3	67386868	
-15352	-1896	6766	270	-294	-406	5	-139	-155	4	16	4	67386878	
-15360	-1926	6724	278	-297	-412	-1	-139	-153	5	21	5	67386879	
-15316	-1818	6776	261	-289	-413	-1	-139	-153	6	26	6	67386879	
-15330	-1862	6792	240	-284	-421	-4	-138	-158	7	31	7	67386880	
-15350	-1738	6736	264	-282	-435	-4	-138	-157	8	36	8	67386881	
-15316	-1723	6782	285	-268	-437	-2	-138	-154	9	41	9	67386881	
-15344	-1756	6707	303	-272	-435	-2	-138	-155	10	46	10	67386882	
-15388	-1830	6782	322	-266	-448	-1	-137	-157	11	51	11	67386887	
-15370	-1808	6753	312	-259	-457	-2	-137	-156	12	56	12	67386911	
-15364	-1855	6869	317	-266	-459	-4	-138	-150	13	61	13	67386919	
-15346	-1880	6782	337	-273	-467	-4	-138	-150	14	66	14	67386919	
-15356	-1800	6800	346	-273	-476	-5	-135	-157	15	71	15	67386920	
-15368	-1786	6803	344	-269	-488	-4	-135	-157	16	76	16	67386920	
-15380	-1770	6826	330	-266	-492	-1	-137	-155	17	81	17	67386920	
-15401	-1798	6803	343	-257	-500	-1	-137	-154	18	86	18	67386920	
-15332	-1760	6804	350	-244	-496	-1	-137	-149	19	91	19	67386920	
-15378	-1760	6779	361	-246	-510	-2	-138	-150	20	96	20	67386920	
-15320	-1784	6744	357	-264	-497	-4	-142	-152	21	101	21	67386920	
-15376	-1838	6778	356	-264	-502	-5	-141	-153	22	106	22	67386922	
-15376	-1837	6852	370	-264	-523	-7	-135	-155	23	111	23	67386942	
-15379	-1821	6793	374	-260	-530	-6	-136	-155	24	116	24	67386982	
-15371	-1787	6840	377	-255	-548	-4	-138	-154	25	121	25	67386982	
-15394	-1805	6813	369	-258	-573	-5	-138	-156	26	126	26	67386982	
-15364	-1820	6770	368	-259	-586	-8	-138	-164	27	131	27	67386982	
-15375	-1831	6754	370	-265	-600	-7	-137	-163	28	136	28	67386982	
-15341	-1808	6705	366	-263	-600	-4	-134	-158	29	141	29	67386982	
-15320	-1786	6731	361	-265	-608	-4	-134	-158	30	146	30	67386982	
-15353	-1774	6759	386	-281	-616	-6	-136	-156	31	151	31	67386992	
-15377	-1806	6796	395	-278	-619	-7	-136	-155	32	156	32	67387033	
-15370	-1825	6794	418	-286	-628	-10	-134	-152	33	161	33	67387039	
-15362	-1854	6774	427	-286	-630	-6	-135	-155	34	166	34	67387039	
-15322	-1906	6787	421	-294	-636	-1	-137	-159	35	171	35	67387039	
-15308	-1915	6764	407	-307	-641	-3	-138	-157	36	176	36	67387040	
-15319	-1963	6782	384	-318	-644	-7	-139	-153	37	181	37	67387040	
-15300	-1945	6812	373	-323	-648	-8	-140	-154	38	186	38	67387040	
-15348	-1922	6755	372	-330	-653	-13	-145	-159	39	191	39	67387045	
-15365	-1940	6808	364	-330	-659	-10	-142	-157	40	196	40	67387067	
-15424	-1945	6751	343	-328	-654	-1	-133	-149	41	201	41	67387067	
-15431	-1970	6750	327	-329	-650	-1	-137	-150	42	206	42	67387067	
-15394	-1972	6802	323	-335	-646	-2	-142	-152	43	211	43	67387067	
-15380	-1945	6848	314	-341	-639	-5	-139	-152	44	216	44	67387067	
-15382	-1912	6822	308	-330	-636	-9	-135	-153	45	221	45	67387067	
-15378	-1884	6778	303	-318	-632	-8	-135	-153	46	226	46	67387068	
-15379	-1906	6768	284	-312	-620	-6	-134	-152	47	231	47	67387068	
-15377	-1915	6776	289	-316	-607	-5	-134	-152	48	236	48	67387068	
-15379	-1960	6738	295	-319	-593	-4	-134	-152	49	241	49	67387068	
-15329	-1954	6741	295	-326	-579	-3	-134	-155	50	246	50	67387078	
-15312	-1962	6817	301	-329	-569	-1	-133	-159	51	251	51	67387099	
-15348	-1984	6728	307	-333	-563	-5	-134	-157	52	256	52	67387109	
-15370	-1950	6633	312	-337	-546	-11	-135	-155	53	261	53	67387109	
-15362	-1967	6690	306	-328	-529	-9	-135	-157	54	266	54	67387109	
-15332	-1978	6648	275	-313	-517	-6	-136	-160	55	271	55	67387109	
-15266	-1911	6588	223	-275	-495	-6	-138	-158	56	276	56	67387109	
-15210	-1946	6777	200	-260	-480	-6	-140	-154	57	281	57	67387110	
-15184	-2032	6968	291	-315	-479	-4	-142	-153	58	286	58	67387116	
-15187	-2097	7034	439	-359	-468	-3	-143	-153	59	291	59	67387158	
-15278	-2167	6991	466	-377	-443	-3	-142	-156	60	296	60	67387184	
-15403	-2211	6829	326	-376	-415	-3	-141	-159	61	301	61	67387184	
-15467	-2174	6624	129	-336	-416	-3	-139	-157	62	306	62	67387184	
-15393	-2067	6682	90	-257	-443	-3	-135	-155	63	311	63	67387185	
-15278	-1928	6830	140	-213	-450	-4	-137	-157	64	316	64	67387185	
-15319	-1857	6841	169	-266	-416	-6	-140	-160	65	321	65	67387185	
-15407	-1942	6792	216	-305	-384	-5	-137	-158	66	326	66	67387185	
-15436	-1949	6792	286	-283	-383	-5	-135	-157	67	331	67	67387185	
-15419	-1953	6753	308	-248	-375	-6	-135	-156	68	336	68	67387185	
-15360	-1928	6756	279	-234	-352	-7	-135	-155	69	341	69	67387191	
-15322	-1931	6794	253	-239	-332	-9	-136	-156	70	346	70	67387212	
-15365	-1949	6798	252	-255	-312	-10	-136	-156	71	351	71	67387224	
-15368	-1958	6776	266	-255	-301	-7	-134	-155	72	356	72	67387224	
-15342	-1970	6736	282	-249	-294	-4	-132	-154	73	361	73	67387224	
-15343	-2001	6717	300	-249	-284	-4	-135	-156	74	366	74	67387224	
-15326	-2032	6754	296	-235	-276	-4	-138	-158	75	371	75	67387224	
-15296	-2066	6803	281	-230	-269	-3	-136	-155	76	376	76	67387224	
-15331	-2056	6800	266	-241	-265	-3	-135	-153	77	381	77	67387243	
-15335	-2018	6786	236	-250	-260	-7	-136	-155	78	386	78	67387261	
-15286	-1976	6766	214	-241	-256	-9	-137	-157	79	391	79	67387265	
-15280	-1887	6723	199	-236	-258	-7	-137	-156	80	396	80	67387265	
-15319	-1867	6760	194	-232	-251	-5	-137	-155	81	401	81	67387265	
-15349	-1932	6798	194	-233	-230	-1	-142	-154	82	406	82	67387265	
-15322	-1902	6760	210	-251	-240	0	-144	-154	83	411	83	67387265	
-15329	-1938	6781	215	-254	-245	-1	-141	-152	84	416	84	67387265	
-15325	-1919	6783	221	-247	-245	-1	-139	-151	85	421	85	67387266	
-15352	-1919	6754	213	-245	-251	-1	-137	-155	86	426	86	67387266	
-15390	-1877	6757	203	-246	-262	-1	-135	-157	87	431	87	67387266	
-15411	-1879	6743	207	-249	-262	-2	-135	-156	88	436	88	67387266	
-15407	-1891	6725	209	-251	-267	-3	-135	-155	89	441	89	67387266	
-15352	-1834	6732	222	-257	-277	-4	-137	-158	90	446	90	67387271	
-15386	-1836	6705	241	-262	-292	-4	-138	-160	91	451	91	67387275	
-15306	-1800	6747	261	-271	-291	-3	-139	-156	92	456	92	67387283	
-15342	-1788	6754	261	-279	-307	-3	-139	-155	93	461	93	67387303	
-15352	-1802	6747	270	-272	-313	-3	-141	-160	94	466	94	67387307	
-15390	-1841	6712	275	-292	-321	-3	-141	-161	95	471	95	67387307	
-15372	-1829	6759	282	-295	-322	-6	-142	-156	96	476	96	67387307	
-15364	-1811	6748	285	-298	-330	-7	-143	-153	97	481	97	67387307	
-15357	-1786	6739	285	-301	-339	-5	-139	-155	98	486	98	67387307	
-15332	-1775	6762	299	-295	-361	-4	-136	-156	99	491	99	67387307	
-15352	-1765	6755	318	-288	-371	-2	-137	-152	100	496	100	67387315	
-15350	-1759	6722	348	-309	-386	-1	-137	-151	101	501	101	67387339	
-15353	-1774	6728	340	-316	-407	-6	-135	-151	102	506	102	67387345	
-15431	-1778	6730	347	-303	-421	-7	-135	-151	103	511	103	67387345	
-15394	-1812	6772	374	-314	-436	-1	-139	-155	104	516	104	67387345	
-15446	-1802	6704	370	-314	-453	0	-140	-156	105	521	105	67387345	
-15433	-1739	6753	365	-309	-472	-3	-137	-159	106	526	106	67387346	
-15391	-1754	6690	363	-313	-496	-4	-136	-160	107	531	107	67387346	
-15442	-1778	6740	382	-316	-519	-1	-137	-153	108	536	108	67387371	
-15382	-1750	6773	382	-314	-530	-1	-137	-153	109	541	109	67387379	
-15405	-1710	6665	384	-326	-543	2	-137	-156	110	546	110	67387382	
-15404	-1769	6657	390	-330	-546	3	-137	-157	111	551	111	67387382	
-15421	-1772	6652	385	-322	-556	0	-135	-154	112	556	112	67387382	
-15448	-1811	6711	373	-327	-581	-1	-135	-153	113	561	113	67387382	
-15404	-1808	6766	385	-326	-590	-6	-137	-156	114	566	114	67387382	
-15350	-1809	6699	397	-327	-593	-7	-137	-157	115	571	115	67387382	
-15412	-1866	6768	379	-319	-604	-1	-135	-145	116	576	116	67387390	
-15418	-1860	6666	367	-315	-601	-1	-135	-145	117	581	117	67387464	
-15424	-1862	6798	349	-325	-603	-1	-141	-157	118	586	118	67387464	
-15380	-1888	6752	341	-317	-610	-1	-141	-157	119	591	119	67387464	
-15326	-1884	6826	320	-324	-600	-4	-136	-156	120	596	120	67387464	
-15329	-1929	6809	313	-323	-612	-4	-136	-156	121	601	121	67387464	
-15376	-1922	6744	302	-314	-616	-2	-136	-153	122	606	122	67387465	
-15364	-1916	6702	294	-316	-619	-2	-136	-152	123	611	123	67387465	
-15402	-2010	6770	276	-314	-631	-5	-139	-151	124	616	124	67387500	
-15376	-1980	6740	254	-313	-629	-5	-139	-151	125	621	125	67387510	
-15396	-1898	6672	273	-312	-623	-4	-136	-158	126	626	126	67387510	
-15380	-1956	6788	277	-299	-625	-4	-136	-158	127	631	127	67387510	
-15286	-1934	6818	288	-301	-608	-5	-133	-157	128	636	128	67387510	
-15290	-1944	6770	306	-308	-606	-5	-133	-157	129	641	129	67387510	
-15320	-2030	6708	304	-307	-588	1	-133	-153	130	646	130	67387510	
-15314	-2028	6808	288	-315	-572	1	-133	-153	131	651	131	67387510	
-15376	-2084	6754	312	-302	-574	-1	-133	-155	132	656	132	67387510	
-15286	-2044	6642	312	-312	-559	-1	-133	-155	133	661	133	67387510	
-15332	-1936	6520	266	-289	-536	-3	-137	-151	134	666	134	67387510	
-15248	-1924	6708	227	-249	-516	-3	-137	-151	135	671	135	67387510	
-15176	-2002	6796	257	-265	-515	-3	-137	-157	136	676	136	67387510	
-15240	-2050	6804	349	-317	-517	-3	-137	-157	137	681	137	67387544	
-15308	-2052	6856	477	-343	-492	-11	-135	-149	138	686	138	67387544	
-15324	-2112	6754	413	-336	-461	-11	-135	-149	139	691	139	67387544	
-15490	-2132	6642	243	-335	-453	-6	-138	-154	140	696	140	67387585	
-15390	-2080	6602	208	-250	-474	-6	-138	-155	141	701	141	67387586	
-15288	-2096	6783	264	-243	-470	-8	-136	-160	142	706	142	67387586	
-15282	-2051	6870	294	-303	-442	-7	-137	-160	143	711	143	67387586	
-15360	-2044	6975	309	-370	-417	-5	-143	-161	144	716	144	67387586	
-15432	-2104	6830	313	-380	-404	-5	-143	-161	145	721	145	67387586	
-15448	-2072	6772	306	-331	-400	1	-137	-151	146	726	146	67387586	
-15352	-2102	6770	266	-292	-411	1	-137	-151	147	731	147	67387586	
-15344	-2098	6650	192	-300	-399	-2	-132	-154	148	736	148	67387586	
-15288	-2028	6699	157	-343	-377	-2	-133	-154	149	741	149	67387594	
-15352	-2006	6697	170	-354	-372	-1	-135	-155	150	746	150	67387625	
-15355	-1987	6751	205	-363	-366	-2	-134	-157	151	751	151	67387627	
-15342	-2004	6698	233	-347	-359	-8	-130	-164	152	756	152	67387629	
-15352	-2018	6700	238	-344	-352	-8	-131	-162	153	761	153	67387631	
-15304	-1980	6760	216	-350	-346	-9	-137	-155	154	766	154	67387633	
-15294	-1998	6810	196	-360	-328	-9	-137	-156	155	771	155	67387633	
-15303	-2006	6762	190	-384	-317	-8	-136	-162	156	776	156	67387635	
-15348	-1958	6690	198	-394	-314	-8	-136	-162	157	781	157	67387638	
-15355	-1927	6696	206	-389	-306	-8	-140	-156	158	786	158	67387638	
-15321	-1900	6698	219	-388	-313	-7	-139	-156	159	791	159	67387638	
-15348	-1925	6779	219	-387	-315	-3	-133	-157	160	796	160	67387638	
-15302	-1866	6740	229	-394	-302	-3	-134	-157	161	801	161	67387638	
-15374	-1878	6786	244	-398	-297	-3	-137	-155	162	806	162	67387642	
-15369	-1891	6760	252	-397	-292	-3	-137	-156	163	811	163	67387660	
-15366	-1920	6792	251	-402	-290	-5	-139	-161	164	816	164	67387661	
-15361	-1930	6806	257	-409	-285	-5	-139	-160	165	821	165	67387661	
-15376	-1952	6752	265	-402	-293	-3	-139	-155	166	826	166	67387661	
-15347	-1920	6744	262	-397	-297	-2	-135	-154	167	831	167	67387661	
-15388	-1904	6793	253	-388	-304	-1	-129	-153	168	836	168	67387661	
-15366	-1945	6779	250	-382	-308	-2	-131	-153	169	841	169	67387661	
-15355	-1894	6764	241	-395	-308	-4	-138	-152	170	846	170	67387661	
-15294	-1874	6728	234	-388	-316	-4	-138	-152	171	851	171	67387668	
-15316	-1918	6764	241	-383	-313	-4	-136	-154	172	856	172	67387697	
-15313	-1900	6762	244	-378	-310	-4	-136	-154	173	861	173	67387697	
-15352	-1916	6845	234	-369	-319	-6	-138	-154	174	866	174	67387697	
-15376	-1909	6836	217	-348	-326	-7	-139	-157	175	871	175	67387697	
-15362	-1898	6815	206	-341	-334	-9	-141	-161	176	876	176	67387697	
-15362	-1906	6800	217	-336	-340	-9	-139	-158	177	881	177	67387697	
-15366	-1905	6818	222	-324	-342	-9	-135	-153	178	886	178	67387697	
-15352	-1912	6806	220	-320	-342	-6	-138	-151	179	891	179	67387712	
-15363	-1895	6817	224	-314	-345	-2	-142	-148	180	896	180	67387734	
-15388	-1850	6806	226	-319	-354	-2	-141	-149	181	901	181	67387734	
-15375	-1886	6764	242	-322	-354	-1	-135	-155	182	906	182	67387734	
-15401	-1878	6788	250	-321	-364	-2	-135	-153	183	911	183	67387734	
-15396	-1890	6740	252	-319	-374	-3	-135	-151	184	916	184	67387734	
-15380	-1900	6721	251	-311	-374	-4	-136	-152	185	921	185	67387734	
-15356	-1893	6764	252	-312	-384	-6	-138	-154	186	926	186	67387738	
-15369	-1870	6810	255	-305	-394	-4	-136	-156	187	931	187	67387754	
-15383	-1837	6794	262	-293	-397	-2	-134	-158	188	936	188	67387771	
-15386	-1835	6758	285	-282	-402	-4	-135	-156	189	941	189	67387771	
-15410	-1864	6714	299	-281	-404	-7	-137	-153	190	946	190	67387772	
-15391	-1868	6694	310	-294	-409	-5	-136	-154	191	951	191	67387772	
-15332	-1868	6733	322	-296	-418	-3	-135	-155	192	956	192	67387772	
-15322	-1873	6724	317	-292	-434	-4	-137	-154	193	961	193	67387772	
-15326	-1891	6681	315	-303	-452	-6	-140	-152	194	966	194	67387782	
-15366	-1922	6694	325	-307	-462	-3	-140	-155	195	971	195	67387802	
-15372	-1970	6726	327	-305	-469	1	-139	-159	196	976	196	67387809	
-15367	-1961	6742	321	-311	-468	0	-139	-157	197	981	197	67387809	
-15366	-1962	6779	307	-314	-466	-2	-140	-154	198	986	198	67387809	
-15358	-1956	6740	287	-309	-475	-5	-139	-156	199	991	199	67387809	
-15358	-1902	6681	278	-299	-475	-8	-138	-158	200	996	200	67387809	
-15339	-1913	6769	279	-303	-468	-5	-135	-156	201	1001	201	67387814	
-15343	-1946	6818	287	-313	-459	-3	-133	-155	202	1006	202	67387834	
-15337	-1910	6803	296	-309	-461	-3	-136	-157	203	1011	203	67387846	
-15349	-1902	6752	304	-304	-462	-3	-139	-159	204	1016	204	67387846	
-15382	-1952	6715	302	-314	-458	-6	-138	-159	205	1021	205	67387847	
-15362	-1954	6749	293	-321	-460	-10	-136	-158	206	1026	206	67387847	
-15411	-1954	6773	294	-318	-461	-7	-136	-158	207	1031	207	67387847	
-15409	-1933	6752	291	-317	-458	-3	-135	-157	208	1036	208	67387847	
-15336	-1925	6728	288	-318	-457	-4	-137	-157	209	1041	209	67387876	
-15331	-1925	6674	292	-322	-448	-5	-139	-157	210	1046	210	67387898	
-15336	-1966	6689	292	-325	-443	0	-134	-154	211	1051	211	67387901	
-15364	-1993	6725	295	-326	-441	4	-130	-152	212	1056	212	67387901	
-15367	-1989	6761	304	-329	-433	2	-129	-152	213	1061	213	67387901	
-15369	-2013	6783	304	-338	-421	0	-128	-152	214	1066	214	67387902	
-15346	-2020	6775	304	-335	-419	-3	-129	-153	215	1071	215	67387902	
-15332	-1992	6723	299	-332	-428	-5	-129	-153	216	1076	216	67387903	
-15330	-2033	6723	289	-337	-437	-1	-133	-157	217	1081	217	67387918	
-15349	-2066	6703	275	-338	-443	1	-135	-159	218	1086	218	67387928	
-15372	-2005	6738	272	-333	-437	-1	-136	-157	219	1091	219	67387928	
-15328	-1972	6761	270	-338	-434	-2	-136	-156	220	1096	220	67387928	
-15324	-2006	6784	267	-338	-430	-3	-137	-154	221	1101	221	67387928	
-15337	-2010	6729	258	-342	-415	-4	-138	-152	222	1106	222	67387928	
-15372	-1983	6742	247	-343	-408	-6	-136	-156	223	1111	223	67387928	
-15386	-2001	6750	225	-337	-400	-8	-134	-158	224	1116	224	67387928	
-15382	-1962	6773	214	-339	-394	-6	-136	-161	225	1121	225	67387946	
-15372	-2027	6710	203	-334	-387	-6	-136	-162	226	1126	226	67387961	
-15363	-1987	6731	199	-328	-388	-5	-133	-158	227	1131	227	67387964	
-15360	-1906	6758	213	-328	-382	-4	-132	-156	228	1136	228	67387964	
-15343	-1910	6774	219	-337	-374	-2	-134	-156	229	1141	229	67387964	
-15319	-1965	6804	224	-334	-376	0	-136	-156	230	1146	230	67387965	
-15344	-1943	6816	234	-329	-370	-4	-137	-154	231	1151	231	67387965	
-15393	-1937	6766	252	-339	-354	-7	-137	-153	232	1156	232	67387977	
-15400	-1971	6769	260	-336	-356	-5	-135	-156	233	1161	233	67387999	
-15298	-1981	6790	274	-334	-365	-5	-135	-157	234	1166	234	67388004	
-15288	-1908	6791	278	-334	-361	-9	-136	-158	235	1171	235	67388004	
-15346	-1925	6817	286	-340	-362	-10	-136	-158	236	1176	236	67388004	
-15352	-1936	6779	290	-340	-357	-7	-134	-158	237	1181	237	67388004	
-15350	-1912	6747	281	-339	-353	-6	-134	-158	238	1186	238	67388004	
-15337	-1944	6785	274	-327	-351	-6	-133	-156	239	1191	239	67388009	
-15339	-1986	6759	273	-313	-359	-6	-132	-154	240	1196	240	67388029	
-15322	-1955	6797	263	-312	-351	-6	-140	-156	241	1201	241	67388040	
-15343	-1916	6800	258	-316	-350	-6	-142	-156	242	1206	242	67388040	
-15336	-1953	6792	238	-316	-356	-6	-142	-151	243	1211	243	67388040	
-15399	-1895	6707	240	-316	-348	-6	-142	-150	244	1216	244	67388040	
-15379	-1860	6780	248	-307	-346	-3	-134	-153	245	1221	245	67388040	
-15343	-1931	6746	234	-310	-344	-2	-132	-154	246	1226	246	67388041	
-15358	-1948	6753	234	-311	-353	-6	-134	-153	247	1231	247	67388069	
-15359	-1890	6753	214	-304	-355	-7	-135	-153	248	1236	248	67388090	
-15368	-1894	6824	212	-321	-363	-4	-136	-156	249	1241	249	67388094	
-15406	-1897	6736	227	-316	-357	-4	-136	-156	250	1246	250	67388095	
-15436	-1930	6836	236	-321	-364	-5	-138	-154	251	1251	251	67388095	
-15396	-1901	6696	230	-311	-364	-5	-139	-153	252	1256	252	67388095	
-15357	-1886	6724	237	-312	-372	-5	-136	-156	253	1261	253	67388096	
-15313	-1894	6780	225	-318	-365	-5	-135	-157	254	1266	254	67388096	
-15368	-1912	6731	231	-318	-376	-3	-138	-155	255	1271	255	67388097	
-15381	-1886	6796	248	-331	-373	-3	-139	-155	256	1276	256	67388118	
-15386	-1924	6786	265	-331	-378	-3	-139	-153	257	1281	257	67388123	
-15392	-1874	6732	261	-324	-375	-3	-139	-153	258	1286	258	67388123	
-15356	-1958	6790	271	-330	-383	-2	-138	-154	259	1291	259	67388123	
-15362	-2000	6686	246	-344	-375	-2	-138	-154	260	1296	260	67388123	
-15372	-1958	6746	264	-337	-387	-5	-143	-155	261	1301	261	67388123	
-15299	-1928	6781	263	-327	-390	-5	-143	-155	262	1306	262	67388130	
-15322	-1997	6748	266	-336	-392	-7	-138	-152	263	1311	263	67388164	
-15338	-1931	6767	289	-343	-399	-7	-137	-151	264	1316	264	67388173	
-15370	-1912	6737	288	-351	-400	-2	-137	-157	265	1321	265	67388173	
-15376	-1928	6662	288	-343	-387	-1	-137	-159	266	1326	266	67388173	
-15342	-1940	6714	283	-343	-396	-7	-133	-161	267	1331	267	67388174	
-15382	-1902	6748	275	-338	-416	-7	-133	-161	268	1336	268	67388174	
-15396	-1910	6746	275	-325	-417	-2	-136	-156	269	1341	269	67388174	
-15338	-1912	6658	280	-337	-416	-2	-136	-156	270	1346	270	67388174	
-15348	-1884	6812	309	-342	-412	-3	-135	-155	271	1351	271	67388174	
-15394	-1914	6742	285	-346	-401	-3	-135	-155	272	1356	272	67388211	
-15376	-1932	6770	277	-347	-408	-1	-139	-157	273	1361	273	67388211	
-15340	-1910	6626	291	-367	-411	-1	-139	-157	274	1366	274	67388212	
-15314	-1968	6700	284	-361	-416	-5	-141	-155	275	1371	275	67388212	
-15372	-1892	6732	270	-366	-416	-5	-141	-155	276	1376	276	67388212	
-15342	-1904	6870	247	-366	-410	-7	-135	-153	277	1381	277	67388212	
-15404	-1942	6680	249	-370	-415	-7	-135	-153	278	1386	278	67388212	
-15366	-1988	6744	245	-362	-401	-2	-134	-158	279	1391	279	67388212	
-15302	-1914	6778	247	-359	-410	-2	-134	-158	280	1396	280	67388259	
-15284	-1976	6728	246	-358	-414	-4	-138	-156	281	1401	281	67388259	
-15396	-1922	6766	236	-349	-422	-4	-138	-156	282	1406	282	67388259	
-15390	-1870	6804	243	-354	-408	-6	-140	-150	283	1411	283	67388259	
-15354	-1914	6762	264	-363	-406	-6	-139	-150	284	1416	284	67388260	
-15339	-1931	6770	267	-362	-408	-5	-135	-151	285	1421	285	67388260	
-15334	-1934	6802	254	-364	-419	-5	-135	-151	286	1426	286	67388260	
-15316	-1872	6710	259	-376	-398	-1	-135	-159	287	1431	287	67388260	
-15346	-1926	6682	274	-370	-400	-1	-135	-159	288	1436	288	67388260	
-15380	-1926	6774	273	-359	-409	4	-136	-158	289	1441	289	67388268	
-15398	-1930	6840	277	-356	-406	4	-136	-158	290	1446	290	67388297	
-15318	-1928	6726	279	-351	-400	-6	-136	-158	291	1451	291	67388298	
-15341	-1913	6714	291	-349	-404	-5	-136	-157	292	1456	292	67388298	
-15440	-1937	6833	281	-356	-405	-2	-136	-154	293	1461	293	67388298	
-15405	-1961	6750	277	-357	-399	-1	-135	-153	294	1466	294	67388299	
-15309	-1892	6728	277	-345	-397	1	-131	-151	295	1471	295	67388299	
-15359	-1956	6842	258	-349	-380	0	-132	-152	296	1476	296	67388300	
-15374	-1963	6756	265	-360	-385	-6	-138	-156	297	1481	297	67388312	
-15337	-1978	6796	284	-363	-383	-5	-138	-156	298	1486	298	67388334	
-15371	-1959	6877	276	-352	-368	-2	-138	-156	299	1491	299	67388334	
-15335	-1989	6717	268	-354	-375	-3	-139	-156	300	1496	300	67388334	
-15353	-1991	6750	253	-355	-379	-7	-143	-157	301	1501	301	67388334	
-15397	-1950	6790	230	-351	-378	-7	-142	-157	302	1506	302	67388334	
-15322	-1948	6781	217	-345	-375	-7	-139	-155	303	1511	303	67388334	
-15299	-1916	6874	210	-356	-365	-6	-139	-156	304	1516	304	67388334	
-15332	-1974	6779	205	-365	-365	-2	-140	-158	305	1521	305	67388335	
-15298	-1954	6752	210	-363	-357	-2	-139	-157	306	1526	306	67388337	
-15370	-2036	6746	209	-359	-361	-3	-135	-155	307	1531	307	67388353	
-15352	-1975	6754	222	-350	-357	-1	-137	-156	308	1536	308	67388379	
-15311	-1981	6691	230	-361	-355	1	-141	-157	309	1541	309	67388379	
-15340	-1982	6713	228	-370	-348	1	-140	-157	310	1546	310	67388379	
-15354	-1955	6770	215	-374	-339	-1	-135	-157	311	1551	311	67388379	
-15342	-1959	6712	207	-360	-339	-2	-135	-156	312	1556	312	67388379	
-15286	-1908	6698	204	-362	-339	-7	-137	-153	313	1561	313	67388379	
-15295	-1948	6756	197	-365	-344	-6	-136	-154	314	1566	314	67388386	
-15366	-1952	6737	191	-373	-332	-1	-133	-159	315	1571	315	67388415	
-15375	-1960	6707	187	-383	-326	-2	-132	-157	316	1576	316	67388415	
-15400	-2000	6696	173	-382	-320	-4	-130	-154	317	1581	317	67388416	
-15421	-2006	6734	170	-381	-309	-3	-132	-153	318	1586	318	67388416	
-15376	-1957	6723	167	-388	-303	-1	-135	-151	319	1591	319	67388416	
-15372	-1925	6692	165	-388	-303	-2	-135	-151	320	1596	320	67388416	
-15389	-1939	6721	168	-396	-305	-4	-136	-152	321	1601	321	67388416	
-15376	-1946	6752	177	-403	-305	-4	-135	-153	322	1606	322	67388418	
-15331	-1894	6761	201	-407	-305	-5	-133	-155	323	1611	323	67388430	
-15301	-1864	6750	198	-413	-297	-6	-135	-155	324	1616	324	67388448	
-15293	-1900	6794	219	-404	-306	-7	-139	-155	325	1621	325	67388448	
-15327	-1926	6764	235	-407	-309	-5	-140	-157	326	1626	326	67388448	
-15326	-1926	6705	255	-411	-305	-1	-141	-159	327	1631	327	67388448	
-15324	-1912	6663	273	-420	-302	-2	-139	-159	328	1636	328	67388448	
-15328	-1916	6694	286	-433	-304	-4	-136	-158	329	1641	329	67388448	
-15337	-1874	6729	312	-435	-308	-3	-137	-158	330	1646	330	67388460	
-15344	-1890	6752	329	-434	-315	-1	-139	-159	331	1651	331	67388484	
-15360	-1935	6801	317	-434	-322	-4	-138	-158	332	1656	332	67388498	
-15325	-1939	6767	308	-435	-323	-6	-136	-156	333	1661	333	67388501	
-15332	-1912	6729	300	-439	-322	-6	-136	-156	334	1666	334	67388501	
-15357	-1907	6798	273	-450	-326	-7	-137	-157	335	1671	335	67388502	
-15342	-1901	6784	249	-452	-328	-6	-138	-155	336	1676	336	67388502	
-15338	-1894	6714	239	-437	-324	-5	-139	-153	337	1681	337	67388512	
-15370	-1916	6818	243	-431	-329	-5	-136	-155	338	1686	338	67388526	
-15374	-1884	6853	238	-436	-340	-5	-131	-157	339	1691	339	67388527	
-15386	-1880	6830	233	-433	-341	-5	-139	-158	340	1696	340	67388527	
-15356	-1895	6863	219	-422	-325	-4	-146	-158	341	1701	341	67388527	
-15343	-1869	6845	214	-415	-320	-5	-139	-157	342	1706	342	67388527	
-15356	-1840	6835	198	-408	-327	-5	-135	-157	343	1711	343	67388527	
-15371	-1867	6800	198	-413	-324	-5	-139	-155	344	1716	344	67388533	
-15398	-1899	6768	210	-415	-321	-5	-141	-153	345	1721	345	67388551	
-15414	-1883	6802	212	-418	-320	-6	-140	-154	346	1726	346	67388564	
-15385	-1887	6817	215	-421	-324	-8	-138	-156	347	1731	347	67388564	
-15343	-1942	6790	228	-410	-333	-8	-139	-160	348	1736	348	67388564	
-15290	-1954	6789	238	-411	-335	-7	-141	-167	349	1741	349	67388564	
-15325	-1970	6762	228	-413	-326	-8	-138	-159	350	1746	350	67388564	
-15356	-1934	6795	218	-407	-329	-8	-136	-154	351	1751	351	67388564	
-15343	-1960	6768	216	-413	-329	-3	-137	-155	352	1756	352	67388564	
-15331	-1954	6817	217	-409	-327	1	-137	-155	353	1761	353	67388580	
-15322	-1942	6823	206	-399	-325	0	-137	-156	354	1766	354	67388596	
-15380	-1936	6813	186	-399	-319	-1	-137	-157	355	1771	355	67388601	
-15340	-1944	6786	189	-393	-314	-4	-134	-160	356	1776	356	67388601	
-15290	-1945	6770	206	-393	-308	-6	-132	-162	357	1781	357	67388601	
-15326	-1928	6747	217	-394	-304	-5	-131	-159	358	1786	358	67388601	
-15323	-1944	6758	211	-394	-291	-5	-131	-157	359	1791	359	67388602	
-15341	-1950	6719	191	-393	-280	-4	-134	-154	360	1796	360	67388607	
-15404	-1945	6732	175	-378	-281	-4	-136	-152	361	1801	361	67388627	
-15382	-1911	6747	165	-368	-278	-3	-138	-154	362	1806	362	67388638	
-15344	-1889	6764	166	-363	-271	-2	-140	-156	363	1811	363	67388638	
-15362	-1896	6795	170	-372	-262	-3	-142	-158	364	1816	364	67388638	
-15348	-1919	6790	180	-381	-260	-3	-143	-159	365	1821	365	67388638	
-15389	-1938	6817	197	-382	-252	-5	-136	-152	366	1826	366	67388638	
-15402	-1946	6823	189	-392	-249	-6	-134	-150	367	1831	367	67388645	
-15331	-1958	6780	164	-387	-248	-7	-138	-156	368	1836	368	67388669	
-15334	-1921	6789	151	-385	-246	-7	-139	-157	369	1841	369	67388675	
-15310	-1900	6852	151	-379	-242	-7	-140	-155	370	1846	370	67388675	
-15266	-1897	6816	157	-370	-245	-7	-141	-153	371	1851	371	67388675	
-15299	-1889	6798	161	-376	-243	-7	-137	-155	372	1856	372	67388675	
-15326	-1908	6788	172	-383	-238	-7	-135	-157	373	1861	373	67388675	
-15341	-1881	6819	191	-385	-233	-5	-137	-155	374	1866	374	67388675	
-15332	-1823	6823	202	-379	-228	-4	-138	-154	375	1871	375	67388719	
-15322	-1865	6708	195	-373	-226	-2	-135	-151	376	1876	376	67388754	
-15315	-1854	6730	197	-387	-223	-2	-134	-150	377	1881	377	67388760	
-15328	-1947	6740	206	-405	-225	-2	-132	-152	378	1886	378	67388760	
-15334	-1938	6775	198	-408	-224	-2	-132	-152	379	1891	379	67388760	
-15352	-1933	6786	189	-396	-220	-4	-136	-151	380	1896	380	67388760	
-15400	-1839	6679	155	-382	-231	-5	-137	-151	381	1901	381	67388760	
-15242	-1801	6731	109	-346	-236	-4	-136	-151	382	1906	382	67388767	
-15243	-1898	6897	137	-343	-253	-3	-135	-151	383	1911	383	67388795	
-15256	-1868	6951	222	-383	-260	-1	-135	-154	384	1916	384	67388801	
-15346	-1881	7082	335	-434	-262	-1	-135	-155	385	1921	385	67388801	
-15389	-1906	6933	332	-452	-248	-5	-139	-157	386	1926	386	67388801	
-15474	-1870	6774	182	-454	-232	-6	-140	-158	387	1931	387	67388801	
-15480	-1770	6616	60	-415	-245	0	-138	-158	388	1936	388	67388801	
-15367	-1743	6725	74	-344	-275	2	-138	-158	389	1941	389	67388801	
-15286	-1740	6762	130	-354	-284	-5	-132	-154	390	1946	390	67388801	
-15372	-1754	6894	175	-437	-271	-7	-131	-153	391	1951	391	67388801	
-15492	-1832	6842	211	-468	-289	-2	-132	-160	392	1956	392	67388802	
-15469	-1837	6739	244	-453	-306	-2	-132	-160	393	1961	393	67388802	
-15422	-1846	6774	246	-413	-314	-1	-138	-156	394	1966	394	67388802	
-15372	-1861	6770	219	-398	-318	-1	-139	-155	395	1971	395	67388803	
-15298	-1805	6750	182	-417	-314	-1	-134	-155	396	1976	396	67388809	
-15352	-1780	6714	185	-427	-315	-1	-133	-155	397	1981	397	67388816	
-15336	-1764	6872	220	-438	-322	-3	-132	-157	398	1986	398	67388835	
-15348	-1836	6830	270	-436	-330	-4	-132	-158	399	1991	399	67388839	
-15390	-1826	6824	281	-422	-343	-4	-134	-152	400	1996	400	67388839	
-15270	-1888	6796	258	-420	-343	-4	-134	-152	401	2001	401	67388839	
-15328	-1806	6874	229	-412	-352	-3	-135	-159	402	2006	402	67388839	
-15378	-1828	6794	221	-429	-352	-3	-135	-159	403	2011	403	67388839	
-15360	-1788	6838	217	-439	-341	-2	-138	-158	404	2016	404	67388840	
-15280	-1840	6815	212	-422	-359	-2	-138	-158	405	2021	405	67388840	
-15368	-1770	6840	236	-421	-363	-3	-134	-154	406	2026	406	67388840	
-15360	-1801	6795	241	-412	-368	-3	-133	-153	407	2031	407	67388846	
-15442	-1858	6808	245	-401	-375	-4	-142	-150	408	2036	408	67388876	
-15398	-1820	6798	233	-388	-386	-4	-142	-150	409	2041	409	67388877	
-15372	-1796	6846	252	-374	-370	-3	-129	-159	410	2046	410	67388877	
-15394	-1760	6886	235	-363	-390	-3	-129	-159	411	2051	411	67388877	
-15424	-1786	6888	257	-354	-379	-6	-134	-154	412	2056	412	67388877	
-15380	-1770	6858	287	-344	-407	-6	-134	-154	413	2061	413	67388877	
-15390	-1826	6914	300	-322	-398	-3	-141	-159	414	2066	414	67388877	
-15358	-1800	6880	306	-333	-399	-3	-141	-159	415	2071	415	67388877	
-15354	-1802	6810	325	-323	-409	-1	-135	-153	416	2076	416	67388903	
-15376	-1848	6850	347	-302	-422	-1	-135	-153	417	2081	417	67388914	
-15424	-1842	6932	338	-294	-434	-1	-133	-157	418	2086	418	67388914	
-15388	-1840	6834	342	-266	-456	-1	-133	-157	419	2091	419	67388914	
-15344	-1814	6910	354	-254	-459	-8	-136	-156	420	2096	420	67388914	
-15346	-1834	6948	350	-239	-473	-8	-136	-156	421	2101	421	67388914	
-15390	-1786	6932	355	-247	-476	3	-135	-155	422	2106	422	67388914	
-15296	-1760	6888	363	-246	-481	3	-135	-155	423	2111	423	67388922	
-15365	-1772	6888	377	-219	-483	-5	-139	-151	424	2116	424	67388955	
-15351	-1728	6852	397	-200	-504	-4	-138	-152	425	2121	425	67388955	
-15334	-1778	6782	408	-199	-502	0	-134	-156	426	2126	426	67388955	
-15309	-1786	6832	417	-201	-495	-1	-134	-157	427	2131	427	67388955	
-15304	-1798	6854	437	-201	-496	-3	-135	-159	428	2136	428	67388955	
-15332	-1848	6766	423	-214	-491	-3	-135	-159	429	2141	429	67388955	
-15410	-1798	6792	407	-193	-505	0	-134	-156	430	2146	430	67388974	
-15440	-1834	6854	399	-193	-517	0	-134	-156	431	2151	431	67388995	
-15404	-1862	6856	379	-199	-516	-6	-134	-154	432	2156	432	67388995	
-15401	-1829	6816	384	-197	-524	-6	-134	-155	433	2161	433	67388996	
-15392	-1800	6811	371	-192	-525	-6	-136	-160	434	2166	434	67388996	
-15412	-1827	6772	363	-204	-530	-6	-136	-159	435	2171	435	67388996	
-15416	-1835	6787	350	-203	-529	-6	-138	-156	436	2176	436	67388996	
-15375	-1865	6783	332	-207	-533	-5	-138	-156	437	2181	437	67388998	
-15362	-1934	6752	330	-215	-541	-1	-137	-157	438	2186	438	67389012	
-15326	-1900	6766	319	-222	-543	-1	-137	-157	439	2191	439	67389035	
-15336	-1862	6766	311	-224	-541	0	-136	-158	440	2196	440	67389035	
-15314	-1934	6694	284	-230	-543	-1	-137	-158	441	2201	441	67389035	
-15334	-1951	6666	257	-246	-542	-5	-141	-159	442	2206	442	67389035	
-15331	-1890	6750	248	-246	-540	-5	-141	-158	443	2211	443	67389035	
-15334	-1892	6840	239	-248	-536	-7	-141	-155	444	2216	444	67389036	
-15306	-1897	6773	244	-277	-533	-6	-140	-155	445	2221	445	67389036	
-15312	-1893	6742	254	-287	-528	0	-138	-156	446	2226	446	67389045	
-15300	-1902	6676	250	-293	-521	-1	-138	-156	447	2231	447	67389082	
-15250	-1952	6736	264	-311	-514	-3	-137	-155	448	2236	448	67389082	
-15275	-1945	6723	275	-325	-510	-3	-136	-156	449	2241	449	67389082	
-15264	-1931	6774	275	-321	-503	-1	-131	-157	450	2246	450	67389082	
-15263	-1975	6807	292	-336	-496	-4	-133	-155	451	2251	451	67389082	
-15284	-1980	6763	296	-347	-489	-10	-136	-152	452	2256	452	67389082	
-15302	-1943	6781	311	-355	-488	-8	-136	-152	453	2261	453	67389083	
-15311	-1928	6809	302	-366	-480	-1	-137	-151	454	2266	454	67389085	
-15326	-1981	6740	291	-378	-473	-1	-137	-151	455	2271	455	67389102	
-15276	-1971	6807	287	-377	-463	1	-137	-151	456	2276	456	67389136	
-15309	-1941	6724	266	-375	-453	0	-136	-152	457	2281	457	67389136	
-15347	-1928	6736	269	-373	-440	-2	-132	-156	458	2286	458	67389136	
-15336	-1912	6813	274	-369	-430	-4	-134	-154	459	2291	459	67389137	
-15324	-1949	6823	287	-382	-416	-7	-137	-151	460	2296	460	67389137	
-15306	-1984	6800	285	-397	-406	-3	-139	-152	461	2301	461	67389137	
-15365	-1940	6818	274	-398	-403	2	-142	-154	462	2306	462	67389152	
-15391	-1925	6802	263	-396	-392	1	-140	-153	463	2311	463	67389175	
-15338	-1899	6746	241	-394	-382	-2	-136	-152	464	2316	464	67389176	
-15315	-1923	6740	234	-391	-368	-3	-136	-154	465	2321	465	67389176	
-15330	-1948	6780	236	-388	-353	-4	-136	-160	466	2326	466	67389176	
-15305	-1934	6816	239	-391	-346	-4	-135	-162	467	2331	467	67389176	
-15286	-1949	6818	231	-386	-339	-4	-134	-164	468	2336	468	67389176	
-15258	-1981	6806	217	-385	-329	-4	-136	-159	469	2341	469	67389176	
-15236	-2005	6828	192	-386	-324	-3	-139	-151	470	2346	470	67389176	
-15307	-2016	6848	166	-392	-314	-3	-140	-153	471	2351	471	67389176	
-15328	-1992	6836	144	-387	-298	-3	-141	-155	472	2356	472	67389183	
-15314	-1955	6822	127	-377	-294	-3	-140	-153	473	2361	473	67389200	
-15334	-1915	6789	126	-377	-290	-4	-138	-150	474	2366	474	67389211	
-15330	-1921	6795	131	-378	-285	-6	-139	-156	475	2371	475	67389211	
-15325	-1890	6847	141	-366	-281	-8	-140	-162	476	2376	476	67389211	
-15304	-1888	6816	153	-355	-273	-8	-139	-160	477	2381	477	67389212	
-15275	-1906	6791	153	-351	-262	-9	-137	-157	478	2386	478	67389212	
-15307	-1862	6812	156	-349	-261	-6	-139	-157	479	2391	479	67389212	
-15359	-1830	6864	168	-351	-269	-2	-142	-158	480	2396	480	67389212	
-15400	-1807	6838	184	-349	-275	-3	-139	-157	481	2401	481	67389213	
-15398	-1826	6859	208	-346	-271	-4	-134	-156	482	2406	482	67389217	
-15405	-1863	6758	229	-341	-274	-3	-136	-154	483	2411	483	67389237	
-15388	-1890	6731	241	-332	-284	-3	-137	-153	484	2416	484	67389248	
-15376	-1883	6764	251	-335	-290	-3	-135	-154	485	2421	485	67389248	
-15351	-1852	6807	259	-336	-289	-3	-133	-155	486	2426	486	67389248	
-15337	-1814	6793	254	-329	-293	-5	-132	-157	487	2431	487	67389248	
-15350	-1825	6797	255	-325	-297	-6	-132	-158	488	2436	488	67389248	
-15340	-1848	6827	264	-323	-302	-4	-134	-158	489	2441	489	67389248	
-15349	-1839	6827	267	-319	-318	-2	-136	-158	490	2446	490	67389263	
-15369	-1805	6754	266	-321	-332	-4	-138	-157	491	2451	491	67389283	
-15339	-1802	6758	269	-318	-338	-5	-139	-157	492	2456	492	67389287	
-15372	-1774	6816	264	-297	-341	-3	-137	-158	493	2461	493	67389287	
-15396	-1767	6821	255	-285	-341	-2	-136	-158	494	2466	494	67389287	
-15360	-1761	6822	258	-286	-348	-3	-135	-156	495	2471	495	67389287	
-15410	-1704	6838	273	-283	-356	-4	-134	-154	496	2476	496	67389287	
-15462	-1673	6815	297	-279	-361	-1	-138	-153	497	2481	497	67389315	
-15433	-1668	6843	303	-274	-373	1	-141	-153	498	2486	498	67389333	
-15384	-1638	6831	314	-278	-379	-5	-137	-156	499	2491	499	67389333	
-15378	-1717	6873	334	-273	-387	-7	-135	-157	500	2496	500	67389333	
-15369	-1737	6799	351	-270	-405	-6	-135	-156	501	2501	501	67389333	
-15384	-1738	6768	368	-276	-425	-5	-135	-155	502	2506	502	67389333	
-15351	-1776	6777	385	-272	-437	-7	-134	-156	503	2511	503	67389333	
-15332	-1784	6756	390	-277	-445	-8	-134	-156	504	2516	504	67389333	
-15308	-1897	6809	388	-291	-458	-7	-134	-154	505	2521	505	67389355	
-15358	-1932	6825	386	-297	-467	-6	-134	-152	506	2526	506	67389375	
-15346	-1886	6770	358	-296	-482	-7	-135	-159	507	2531	507	67389379	
