-16861	-218	1362	-2069	213	-130	-658	380	-103	1	1	1	78466449	
-16847	-211	1374	-2060	217	-133	-657	385	-101	2	6	2	78466450	
-16804	-212	1384	-2060	219	-129	-658	382	-103	3	11	3	78466450	
-16748	-173	1406	-2055	207	-125	-659	377	-105	4	16	4	78466450	
-16756	-245	1383	-2049	184	-124	-657	378	-106	5	21	5	78466451	
-16778	-238	1343	-2042	144	-122	-655	379	-107	6	26	6	78466452	
-16763	-210	1315	-2034	112	-118	-658	380	-105	7	31	7	78466452	
-16789	-242	1307	-2032	72	-115	-662	382	-102	8	36	8	78466452	
-16853	-269	1221	-2037	44	-108	-660	380	-102	9	41	9	78466453	
-16850	-288	1194	-2040	44	-105	-657	377	-103	10	46	10	78466459	
-16825	-332	1281	-2041	42	-105	-657	378	-103	11	51	11	78466469	
-16833	-358	1340	-2045	57	-107	-656	380	-104	12	56	12	78466469	
-16829	-339	1332	-2056	87	-109	-657	378	-104	13	61	13	78466470	
-16842	-314	1378	-2061	106	-113	-658	376	-104	14	66	14	78466470	
-16814	-288	1358	-2063	115	-115	-659	377	-102	15	71	15	78466470	
-16816	-302	1399	-2064	129	-121	-661	379	-99	16	76	16	78466471	
-16811	-337	1404	-2058	133	-125	-660	381	-103	17	81	17	78466472	
-16824	-317	1404	-2065	123	-128	-658	382	-106	18	86	18	78466472	
-16839	-272	1368	-2068	111	-142	-660	383	-105	19	91	19	78466488	
-16830	-238	1360	-2069	97	-156	-662	384	-104	20	96	20	78466500	
-16842	-212	1401	-2074	90	-153	-661	386	-106	21	101	21	78466501	
-16867	-223	1370	-2084	90	-153	-661	387	-107	22	106	22	78466501	
-16840	-237	1342	-2096	81	-156	-657	385	-106	23	111	23	78466502	
-16823	-239	1359	-2111	83	-148	-654	384	-106	24	116	24	78466502	
-16826	-260	1392	-2124	82	-146	-661	383	-108	25	121	25	78466503	
-16834	-276	1395	-2134	72	-153	-666	382	-110	26	126	26	78466504	
-16806	-296	1430	-2146	56	-146	-663	381	-108	27	131	27	78466504	
-16796	-277	1395	-2155	40	-137	-661	381	-107	28	136	28	78466530	
-16791	-288	1417	-2155	28	-132	-657	381	-103	29	141	29	78466548	
-16798	-308	1428	-2153	21	-131	-655	381	-101	30	146	30	78466564	
-16818	-294	1405	-2141	9	-132	-658	380	-102	31	151	31	78466575	
-16849	-297	1366	-2125	3	-130	-660	380	-102	32	156	32	78466575	
-16898	-316	1347	-2117	6	-125	-659	379	-100	33	161	33	78466576	
-16913	-314	1328	-2099	5	-128	-659	379	-99	34	166	34	78466576	
-16944	-372	1374	-2091	14	-125	-665	381	-105	35	171	35	78466576	
-16942	-353	1338	-2092	47	-118	-666	382	-106	36	176	36	78466577	
-16922	-272	1358	-2095	68	-122	-661	384	-103	37	181	37	78466577	
-16908	-246	1406	-2102	65	-122	-660	384	-102	38	186	38	78466578	
-16840	-244	1402	-2104	56	-121	-662	384	-104	39	191	39	78466578	
-16840	-263	1528	-2110	36	-122	-662	384	-104	40	196	40	78466578	
-16855	-233	1573	-2110	8	-118	-663	378	-106	41	201	41	78466579	
-16888	-214	1395	-2109	-2	-111	-663	377	-107	42	206	42	78466579	
-16861	-241	1409	-2110	-5	-120	-660	380	-104	43	211	43	78466580	
-16828	-278	1475	-2093	8	-117	-659	381	-103	44	216	44	78466595	
-16851	-280	1470	-2093	17	-115	-664	387	-106	45	221	45	78466619	
-16860	-267	1444	-2098	32	-120	-665	389	-107	46	226	46	78466644	
-16847	-264	1444	-2095	49	-111	-663	382	-109	47	231	47	78466651	
-16842	-248	1523	-2091	58	-122	-662	380	-110	48	236	48	78466652	
-16847	-282	1414	-2084	64	-128	-658	382	-103	49	241	49	78466652	
-16893	-271	1512	-2080	78	-120	-657	383	-101	50	246	50	78466653	
-16900	-322	1452	-2069	102	-125	-658	382	-100	51	251	51	78466653	
-16856	-326	1476	-2063	114	-134	-658	382	-100	52	256	52	78466653	
-16816	-252	1446	-2068	115	-127	-659	383	-103	53	261	53	78466654	
-16794	-284	1422	-2067	113	-138	-659	383	-103	54	266	54	78466654	
-16772	-310	1408	-2062	97	-130	-660	386	-104	55	271	55	78466655	
-16820	-386	1476	-2066	80	-128	-660	386	-104	56	276	56	78466655	
-16798	-320	1476	-2074	57	-119	-659	387	-105	57	281	57	78466655	
-16840	-306	1434	-2084	42	-107	-659	387	-105	58	286	58	78466656	
-16810	-307	1522	-2088	22	-95	-660	378	-106	59	291	59	78466656	
-16842	-290	1514	-2109	15	-92	-660	378	-106	60	296	60	78466657	
-16794	-324	1540	-2116	16	-99	-667	383	-103	61	301	61	78466657	
-16806	-312	1532	-2118	8	-103	-667	383	-103	62	306	62	78466657	
-16776	-272	1534	-2132	10	-115	-660	382	-102	63	311	63	78466658	
-16718	-256	1556	-2119	17	-111	-660	382	-102	64	316	64	78466658	
-16792	-234	1566	-2111	9	-100	-658	378	-102	65	321	65	78466659	
-16768	-232	1518	-2088	7	-103	-658	378	-102	66	326	66	78466678	
-16838	-296	1522	-2081	-10	-100	-661	377	-103	67	331	67	78466754	
-16812	-328	1476	-2084	-24	-92	-661	378	-104	68	336	68	78466755	
-16858	-300	1515	-2070	-27	-93	-661	383	-107	69	341	69	78466756	
-16840	-307	1436	-2052	-38	-91	-661	383	-107	70	346	70	78466756	
-16812	-378	1414	-2032	-54	-79	-660	384	-106	71	351	71	78466757	
-16814	-299	1411	-2018	-73	-86	-659	384	-105	72	356	72	78466757	
-16799	-322	1472	-2007	-95	-73	-656	386	-102	73	361	73	78466758	
-16873	-301	1508	-1985	-104	-78	-657	385	-102	74	366	74	78466758	
-16871	-277	1491	-1985	-117	-91	-659	383	-101	75	371	75	78466765	
-16868	-285	1559	-1987	-124	-100	-660	383	-101	76	376	76	78466781	
-16852	-278	1626	-1983	-120	-112	-662	382	-102	77	381	77	78466781	
-16886	-288	1592	-1989	-106	-126	-661	382	-103	78	386	78	78466782	
-16942	-294	1698	-1990	-90	-121	-655	383	-107	79	391	79	78466782	
-16911	-252	1653	-2006	-63	-111	-655	383	-107	80	396	80	78466783	
-16866	-246	1650	-2028	-54	-108	-655	383	-107	81	401	81	78466783	
-16817	-267	1590	-2048	-39	-91	-656	383	-106	82	406	82	78466784	
-16755	-304	1565	-2076	-30	-88	-662	382	-102	83	411	83	78466784	
-16729	-256	1444	-2093	-56	-71	-661	383	-101	84	416	84	78466785	
-16745	-256	1425	-2118	-109	-48	-659	385	-97	85	421	85	78466787	
-16833	-258	1426	-2128	-151	-50	-658	383	-101	86	426	86	78466789	
-16860	-288	1493	-2140	-197	-53	-656	380	-106	87	431	87	78466790	
-16877	-279	1524	-2153	-242	-47	-656	381	-104	88	436	88	78466798	
-16842	-291	1515	-2155	-262	-52	-657	383	-101	89	441	89	78466808	
-16879	-282	1507	-2157	-264	-74	-657	381	-100	90	446	90	78466809	
-16895	-272	1589	-2154	-253	-81	-657	377	-99	91	451	91	78466830	
-16861	-285	1646	-2148	-231	-100	-660	377	-102	92	456	92	78466860	
-16850	-309	1672	-2133	-215	-117	-662	376	-104	93	461	93	78466860	
-16841	-319	1690	-2112	-202	-116	-660	378	-102	94	466	94	78466860	
-16809	-268	1695	-2086	-198	-112	-656	382	-98	95	471	95	78466860	
-16820	-231	1657	-2058	-194	-116	-660	380	-100	96	476	96	78466861	
-16866	-277	1652	-2043	-186	-107	-666	378	-102	97	481	97	78466861	
-16864	-277	1631	-2049	-181	-99	-664	376	-102	98	486	98	78466862	
-16861	-246	1624	-2071	-159	-91	-661	373	-103	99	491	99	78466862	
-16853	-248	1705	-2099	-133	-81	-661	375	-102	100	496	100	78466862	
-16872	-262	1720	-2135	-102	-94	-661	377	-101	101	501	101	78466873	
-16878	-262	1687	-2169	-67	-99	-661	378	-99	102	506	102	78466915	
-16861	-241	1668	-2195	-46	-101	-661	379	-97	103	511	103	78466937	
-16864	-277	1763	-2213	-38	-116	-660	382	-102	104	516	104	78466938	
-16806	-304	1784	-2228	-53	-116	-660	384	-106	105	521	105	78466938	
-16773	-290	1751	-2245	-79	-105	-661	383	-106	106	526	106	78466939	
-16808	-321	1689	-2251	-114	-99	-662	382	-106	107	531	107	78466939	
-16808	-341	1666	-2247	-157	-100	-660	383	-104	108	536	108	78466940	
-16787	-363	1639	-2244	-206	-95	-659	383	-103	109	541	109	78466940	
-16799	-364	1647	-2228	-243	-86	-657	384	-102	110	546	110	78466941	
-16819	-347	1678	-2204	-260	-80	-656	384	-102	111	551	111	78466941	
-16887	-332	1716	-2185	-269	-76	-661	383	-101	112	556	112	78466969	
-16877	-318	1755	-2163	-263	-80	-665	383	-101	113	561	113	78466989	
-16870	-306	1777	-2152	-249	-88	-661	380	-100	114	566	114	78466990	
-16874	-272	1802	-2143	-223	-95	-658	378	-100	115	571	115	78466991	
-16914	-271	1818	-2135	-183	-91	-660	378	-100	116	576	116	78466992	
-16888	-235	1834	-2124	-131	-91	-662	378	-100	117	581	117	78466993	
-16862	-178	1838	-2119	-103	-102	-666	377	-106	118	586	118	78466993	
-16847	-222	1822	-2121	-99	-111	-667	377	-107	119	591	119	78466994	
-16790	-220	1850	-2113	-96	-108	-661	383	-105	120	596	120	78466994	
-16840	-203	1818	-2107	-101	-116	-660	384	-104	121	601	121	78466995	
-16794	-238	1770	-2109	-102	-120	-660	381	-104	122	606	122	78467010	
-16725	-224	1802	-2107	-95	-101	-660	380	-104	123	611	123	78467036	
-16789	-248	1826	-2113	-107	-91	-661	378	-102	124	616	124	78467042	
-16814	-307	1844	-2113	-112	-80	-661	377	-101	125	621	125	78467043	
-16826	-290	1826	-2106	-123	-74	-655	383	-101	126	626	126	78467044	
-16840	-242	1760	-2124	-137	-85	-655	383	-101	127	631	127	78467044	
-16833	-242	1773	-2106	-137	-68	-660	386	-101	128	636	128	78467044	
-16862	-272	1766	-2097	-139	-70	-661	387	-101	129	641	129	78467045	
-16883	-299	1777	-2090	-121	-81	-658	384	-98	130	646	130	78467045	
-16915	-266	1871	-2082	-95	-82	-657	383	-97	131	651	131	78467046	
-16890	-216	1796	-2077	-53	-92	-655	383	-99	132	656	132	78467046	
-16861	-236	1790	-2073	-18	-101	-655	383	-99	133	661	133	78467046	
-16894	-254	1802	-2075	-6	-107	-660	378	-100	134	666	134	78467047	
-16830	-238	1920	-2073	8	-99	-660	378	-100	135	671	135	78467063	
-16882	-254	1852	-2072	33	-124	-662	382	-100	136	676	136	78467063	
-16880	-252	1832	-2063	56	-133	-662	382	-100	137	681	137	78467064	
-16906	-212	1932	-2055	84	-123	-656	382	-102	138	686	138	78467094	
-16886	-258	1896	-2063	104	-124	-656	382	-102	139	691	139	78467095	
-16908	-246	1836	-2057	121	-128	-653	375	-105	140	696	140	78467095	
-16870	-256	1898	-2055	120	-131	-653	375	-105	141	701	141	78467095	
-16866	-238	1950	-2059	137	-149	-658	380	-104	142	706	142	78467096	
-16840	-280	1906	-2048	144	-134	-660	379	-104	143	711	143	78467096	
-16856	-273	1905	-2046	154	-139	-668	374	-102	144	716	144	78467097	
-16854	-238	1888	-2039	151	-153	-668	374	-102	145	721	145	78467097	
-16854	-240	1804	-2024	150	-146	-659	375	-103	146	726	146	78467098	
-16808	-348	1922	-2031	146	-133	-659	375	-103	147	731	147	78467098	
-16812	-324	1844	-2027	134	-127	-662	380	-102	148	736	148	78467099	
-16824	-264	1838	-2046	111	-119	-662	380	-102	149	741	149	78467099	
-16826	-310	1836	-2040	112	-105	-658	378	-102	150	746	150	78467100	
-16808	-269	1862	-2062	117	-109	-659	378	-101	151	751	151	78467143	
-16804	-287	1869	-2070	124	-107	-661	379	-99	152	756	152	78467143	
-16835	-281	1922	-2062	135	-120	-662	381	-100	153	761	153	78467145	
-16864	-268	1853	-2063	150	-121	-666	388	-106	154	766	154	78467151	
-16862	-275	1808	-2047	159	-115	-664	387	-105	155	771	155	78467175	
-16853	-280	1866	-2045	163	-120	-656	384	-100	156	776	156	78467197	
-16885	-226	1858	-2039	165	-122	-657	383	-100	157	781	157	78467197	
-16886	-229	1841	-2020	178	-127	-662	380	-98	158	786	158	78467198	
-16857	-222	1872	-2013	180	-143	-662	379	-98	159	791	159	78467198	
-16878	-179	1835	-1996	200	-139	-660	376	-96	160	796	160	78467198	
-16869	-190	1883	-1976	217	-139	-661	378	-98	161	801	161	78467199	
-16894	-181	1892	-1975	234	-153	-663	381	-103	162	806	162	78467199	
-16919	-190	1838	-1977	262	-151	-663	381	-102	163	811	163	78467200	
-16878	-182	1880	-1992	284	-146	-664	382	-98	164	816	164	78467210	
-16850	-230	1897	-1994	303	-164	-664	382	-98	165	821	165	78467248	
-16822	-259	1891	-1995	307	-162	-662	382	-96	166	826	166	78467249	
-16745	-228	1864	-2012	306	-161	-662	381	-98	167	831	167	78467249	
-16795	-242	1826	-2036	290	-161	-660	378	-104	168	836	168	78467249	
-16788	-240	1830	-2047	283	-157	-662	379	-103	169	841	169	78467250	
-16755	-295	1801	-2048	278	-152	-665	381	-101	170	846	170	78467250	
-16760	-328	1808	-2054	258	-138	-664	383	-100	171	851	171	78467251	
-16780	-275	1828	-2046	245	-127	-662	386	-98	172	856	172	78467251	
-16822	-307	1815	-2028	231	-126	-661	384	-98	173	861	173	78467251	
-16815	-310	1870	-2020	202	-135	-659	381	-99	174	866	174	78467252	
-16853	-286	1868	-2014	182	-133	-659	379	-99	175	871	175	78467252	
-16963	-264	1866	-2001	190	-133	-659	377	-99	176	876	176	78467253	
-16957	-265	1864	-1991	223	-136	-658	380	-100	177	881	177	78467254	
-16933	-240	1873	-1987	247	-140	-658	382	-100	178	886	178	78467262	
-16921	-210	1909	-1988	265	-142	-660	381	-98	179	891	179	78467302	
-16866	-189	1964	-1990	279	-135	-662	380	-96	180	896	180	78467349	
-16805	-197	1950	-1988	290	-134	-661	378	-98	181	901	181	78467350	
-16775	-195	1914	-1993	297	-145	-660	376	-102	182	906	182	78467350	
-16753	-210	1876	-1999	295	-148	-658	378	-100	183	911	183	78467351	
-16736	-220	1776	-2011	298	-144	-655	381	-97	184	916	184	78467352	
-16761	-203	1694	-2011	292	-140	-662	382	-95	185	921	185	78467352	
-16755	-225	1764	-2005	281	-126	-667	383	-93	186	926	186	78467353	
-16840	-259	1765	-1989	272	-113	-661	382	-97	187	931	187	78467353	
-16873	-255	1795	-1968	246	-106	-657	381	-99	188	936	188	78467353	
-16840	-259	1830	-1941	234	-96	-656	382	-100	189	941	189	78467354	
-16877	-263	1820	-1904	239	-91	-656	382	-100	190	946	190	78467382	
-16908	-243	1795	-1875	249	-102	-660	379	-102	191	951	191	78467402	
-16967	-258	1793	-1847	266	-104	-663	377	-103	192	956	192	78467402	
-16952	-253	1857	-1841	289	-123	-662	384	-96	193	961	193	78467403	
-16881	-226	1853	-1842	312	-133	-662	386	-94	194	966	194	78467403	
-16827	-268	1878	-1852	335	-144	-666	379	-95	195	971	195	78467404	
-16780	-260	1871	-1872	350	-161	-669	375	-95	196	976	196	78467404	
-16768	-294	1847	-1900	350	-162	-662	378	-102	197	981	197	78467404	
-16775	-328	1887	-1953	347	-147	-658	380	-106	198	986	198	78467405	
-16766	-332	1864	-2012	345	-127	-659	381	-104	199	991	199	78467405	
-16726	-380	1792	-2064	334	-110	-660	382	-102	200	996	200	78467433	
