-16391	1329	3837	-176	-546	-120	-71	111	97	1	1	1	78478435	
-16404	1301	3902	-161	-550	-123	-71	110	97	2	6	2	78478448	
-16427	1321	3918	-149	-570	-123	-70	108	96	3	11	3	78478449	
-16480	1345	3934	-142	-600	-120	-70	108	97	4	16	4	78478449	
-16450	1313	4011	-119	-626	-120	-69	109	99	5	21	5	78478450	
-16453	1276	3968	-98	-630	-119	-70	108	100	6	26	6	78478450	
-16432	1237	3887	-98	-626	-123	-72	106	102	7	31	7	78478450	
-16418	1301	3895	-103	-615	-122	-71	109	102	8	36	8	78478451	
-16392	1258	3867	-110	-610	-116	-70	114	102	9	41	9	78478451	
-16381	1228	3839	-109	-603	-103	-70	110	102	10	46	10	78478452	
-16471	1254	3854	-105	-602	-93	-71	105	103	11	51	11	78478452	
-16461	1262	3877	-101	-604	-85	-69	105	103	12	56	12	78478452	
-16436	1254	3800	-102	-599	-86	-66	106	102	13	61	13	78478453	
-16442	1246	3783	-100	-591	-95	-66	108	103	14	66	14	78478454	
-16437	1206	3781	-116	-588	-95	-65	111	105	15	71	15	78478455	
-16432	1185	3775	-138	-579	-100	-71	107	100	16	76	16	78478456	
-16439	1206	3846	-156	-568	-104	-75	105	97	17	81	17	78478457	
-16436	1267	3876	-176	-554	-106	-74	104	99	18	86	18	78478457	
-16416	1311	3884	-175	-545	-116	-73	103	103	19	91	19	78478465	
-16466	1309	3910	-152	-553	-120	-73	105	103	20	96	20	78478508	
-16467	1295	3961	-128	-569	-123	-73	109	103	21	101	21	78478557	
-16441	1288	3966	-89	-585	-128	-72	109	103	22	106	22	78478559	
-16467	1283	3935	-70	-594	-130	-71	109	103	23	111	23	78478559	
-16471	1253	3944	-76	-580	-137	-69	107	102	24	116	24	78478560	
-16453	1212	3846	-81	-560	-140	-67	105	101	25	121	25	78478561	
-16486	1261	3780	-90	-558	-133	-68	111	103	26	126	26	78478561	
-16452	1292	3809	-105	-555	-120	-69	115	105	27	131	27	78478561	
-16404	1281	3887	-108	-546	-118	-70	113	100	28	136	28	78478562	
-16398	1309	3858	-106	-545	-119	-70	112	96	29	141	29	78478562	
-16445	1338	3823	-99	-555	-121	-71	113	95	30	146	30	78478578	
-16470	1352	3896	-89	-565	-120	-71	113	95	31	151	31	78478604	
-16443	1359	3946	-77	-574	-114	-71	108	100	32	156	32	78478619	
-16396	1327	3926	-61	-580	-111	-70	102	104	33	161	33	78478619	
-16429	1292	3928	-60	-576	-107	-68	109	100	34	166	34	78478620	
-16461	1319	3884	-71	-574	-104	-66	114	98	35	171	35	78478620	
-16454	1318	3879	-84	-573	-105	-73	112	102	36	176	36	78478621	
-16410	1304	3928	-103	-574	-108	-77	111	105	37	181	37	78478621	
-16410	1305	3876	-135	-570	-117	-71	109	104	38	186	38	78478621	
-16403	1314	3812	-167	-565	-117	-67	107	103	39	191	39	78478622	
-16384	1309	3911	-178	-570	-120	-66	108	104	40	196	40	78478622	
-16415	1338	4031	-173	-579	-125	-66	108	104	41	201	41	78478623	
-16404	1281	3982	-148	-599	-129	-68	110	99	42	206	42	78478624	
-16393	1333	3929	-141	-598	-125	-68	110	98	43	211	43	78478637	
-16470	1305	3936	-134	-600	-119	-69	112	102	44	216	44	78478640	
-16470	1295	3939	-121	-598	-117	-69	113	103	45	221	45	78478641	
-16442	1309	3931	-113	-596	-128	-68	111	102	46	226	46	78478641	
-16424	1278	3910	-112	-591	-129	-67	109	101	47	231	47	78478642	
-16401	1312	3902	-109	-586	-123	-65	111	100	48	236	48	78478644	
-16408	1313	3943	-93	-584	-111	-64	112	100	49	241	49	78478644	
-16392	1351	3962	-79	-583	-111	-68	110	102	50	246	50	78478645	
-16452	1316	3847	-66	-600	-102	-69	109	103	51	251	51	78478645	
-16446	1355	3815	-60	-604	-97	-75	105	99	52	256	52	78478684	
-16451	1338	3857	-66	-593	-95	-76	104	98	53	261	53	78478695	
-16475	1312	3924	-79	-588	-88	-72	106	102	54	266	54	78478695	
-16435	1302	3924	-92	-594	-93	-71	107	103	55	271	55	78478696	
-16450	1303	3877	-100	-603	-102	-68	107	100	56	276	56	78478697	
-16450	1368	3856	-108	-620	-90	-67	107	99	57	281	57	78478697	
-16436	1322	3888	-99	-610	-95	-71	109	95	58	286	58	78478742	
-16501	1270	3886	-122	-613	-105	-71	109	95	59	291	59	78478747	
-16504	1308	3796	-137	-598	-114	-71	111	98	60	296	60	78478767	
-16467	1272	3782	-164	-589	-114	-71	111	99	61	301	61	78478773	
-16445	1247	3746	-184	-579	-119	-69	111	101	62	306	62	78478773	
-16432	1274	3878	-196	-571	-135	-69	111	101	63	311	63	78478774	
-16484	1244	3919	-206	-572	-141	-68	112	100	64	316	64	78478774	
-16482	1250	3912	-202	-567	-144	-68	112	100	65	321	65	78478774	
-16444	1312	3926	-191	-566	-150	-65	107	101	66	326	66	78478775	
-16422	1256	3968	-176	-575	-158	-65	107	101	67	331	67	78478775	
-16484	1296	3956	-147	-566	-159	-68	106	106	68	336	68	78478776	
-16452	1292	3984	-114	-562	-154	-68	106	106	69	341	69	78478776	
-16446	1320	3978	-67	-580	-151	-73	109	99	70	346	70	78478777	
-16436	1336	3936	-14	-584	-141	-73	109	99	71	351	71	78478777	
-16418	1324	3868	22	-590	-125	-71	109	103	72	356	72	78478795	
-16418	1329	3900	30	-575	-125	-71	109	103	73	361	73	78478796	
-16378	1364	3902	49	-584	-127	-70	108	102	74	366	74	78478820	
-16406	1338	3864	47	-575	-118	-70	108	102	75	371	75	78478820	
-16470	1268	3824	38	-573	-114	-69	113	107	76	376	76	78478821	
-16422	1294	3868	18	-575	-111	-69	113	107	77	381	77	78478821	
-16370	1322	3830	3	-570	-105	-65	107	97	78	386	78	78478821	
-16398	1322	3780	-44	-571	-102	-65	107	97	79	391	79	78478822	
-16454	1332	3872	-53	-576	-104	-75	105	101	80	396	80	78478847	
-16394	1280	3882	-62	-582	-101	-75	105	101	81	401	81	78478847	
-16376	1264	3948	-97	-574	-111	-69	105	105	82	406	82	78478848	
-16420	1260	3917	-128	-583	-111	-69	106	104	83	411	83	78478848	
-16429	1310	3953	-160	-586	-113	-71	109	101	84	416	84	78478849	
-16447	1338	3936	-171	-593	-122	-70	108	101	85	421	85	78478849	
-16457	1324	3973	-172	-597	-121	-66	106	102	86	426	86	78478850	
-16394	1317	3933	-168	-592	-126	-67	106	101	87	431	87	78478851	
-16426	1282	3998	-155	-592	-128	-71	107	95	88	436	88	78478851	
-16476	1306	3966	-160	-608	-139	-71	107	95	89	441	89	78478852	
-16384	1290	3960	-144	-608	-138	-71	113	103	90	446	90	78478853	
-16417	1255	3813	-152	-580	-142	-70	112	103	91	451	91	78478853	
-16418	1239	3940	-156	-569	-147	-68	110	102	92	456	92	78478858	
-16383	1253	3937	-156	-578	-145	-68	110	102	93	461	93	78478873	
-16427	1237	3985	-146	-565	-137	-68	108	104	94	466	94	78478873	
-16436	1248	3928	-146	-570	-129	-69	108	103	95	471	95	78478873	
-16462	1230	3903	-136	-573	-138	-74	106	100	96	476	96	78478874	
-16510	1284	3899	-127	-593	-142	-74	106	100	97	481	97	78478875	
-16526	1297	3893	-108	-594	-138	-72	106	102	98	486	98	78478875	
-16483	1302	3884	-80	-584	-134	-71	106	100	99	491	99	78478885	
-16460	1319	3940	-37	-584	-140	-69	105	97	100	496	100	78478901	
-16450	1330	4003	2	-577	-133	-71	105	98	101	501	101	78478901	
-16452	1360	3943	34	-582	-122	-74	106	100	102	506	102	78478902	
-16477	1332	3930	64	-589	-113	-73	107	101	103	511	103	78478902	
-16430	1318	3849	79	-582	-107	-69	111	103	104	516	104	78478903	
-16441	1327	3807	60	-586	-108	-70	110	103	105	521	105	78478903	
-16426	1325	3784	19	-578	-103	-73	105	103	106	526	106	78478903	
-16450	1308	3875	-35	-578	-100	-72	107	101	107	531	107	78478904	
-16434	1298	3827	-98	-578	-97	-70	112	96	108	536	108	78478904	
-16404	1267	3890	-158	-571	-95	-70	111	100	109	541	109	78478924	
-16388	1253	3920	-208	-568	-88	-71	109	105	110	546	110	78478971	
-16428	1260	3907	-252	-570	-94	-72	108	103	111	551	111	78478999	
-16469	1264	3929	-283	-566	-98	-73	107	101	112	556	112	78479000	
-16498	1258	3971	-303	-563	-96	-70	108	103	113	561	113	78479000	
-16502	1257	4016	-318	-567	-111	-65	109	105	114	566	114	78479001	
-16471	1265	3967	-306	-564	-129	-68	107	103	115	571	115	78479001	
-16448	1241	3950	-279	-567	-136	-73	105	101	116	576	116	78479002	
-16447	1240	3955	-235	-570	-139	-70	106	101	117	581	117	78479003	
-16485	1306	3958	-173	-574	-141	-66	108	100	118	586	118	78479003	
-16436	1342	3954	-114	-578	-137	-68	110	99	119	591	119	78479004	
-16400	1358	3912	-61	-577	-141	-70	114	98	120	596	120	78479004	
-16407	1380	3940	-18	-575	-138	-70	110	101	121	601	121	78479004	
-16388	1346	3949	10	-570	-136	-71	105	105	122	606	122	78479005	
-16368	1349	3914	34	-563	-133	-68	106	104	123	611	123	78479023	
-16383	1374	3943	53	-559	-120	-64	108	102	124	616	124	78479051	
-16383	1386	3949	56	-575	-108	-66	110	105	125	621	125	78479051	
-16362	1359	3887	56	-581	-99	-67	111	107	126	626	126	78479052	
-16358	1368	3920	30	-595	-93	-72	107	103	127	631	127	78479052	
-16432	1334	3951	-11	-616	-92	-75	105	101	128	636	128	78479052	
-16430	1323	3909	-52	-616	-89	-70	108	99	129	641	129	78479053	
-16413	1331	3898	-88	-621	-87	-66	110	98	130	646	130	78479053	
-16427	1308	3884	-114	-629	-88	-68	110	101	131	651	131	78479064	
-16410	1271	3891	-127	-624	-93	-71	109	105	132	656	132	78479106	
-16431	1242	3908	-147	-618	-98	-72	110	103	133	661	133	78479131	
-16473	1196	3797	-166	-606	-104	-72	110	102	134	666	134	78479132	
-16491	1176	3808	-196	-596	-114	-70	109	101	135	671	135	78479132	
-16510	1236	3812	-229	-584	-120	-68	108	100	136	676	136	78479133	
-16513	1275	3789	-252	-575	-117	-73	106	101	137	681	137	78479133	
-16501	1277	3835	-253	-577	-117	-76	104	102	138	686	138	78479134	
-16458	1296	3868	-234	-576	-121	-69	108	103	139	691	139	78479134	
-16462	1291	3886	-208	-572	-125	-65	111	103	140	696	140	78479135	
-16469	1288	3925	-163	-578	-138	-70	113	103	141	701	141	78479135	
-16450	1292	3972	-113	-582	-132	-71	113	103	142	706	142	78479136	
-16462	1324	3929	-80	-580	-130	-69	109	102	143	711	143	78479136	
-16435	1319	3951	-68	-582	-131	-68	108	102	144	716	144	78479136	
-16464	1320	3955	-67	-584	-134	-69	108	102	145	721	145	78479137	
-16463	1326	3945	-66	-575	-131	-70	108	102	146	726	146	78479150	
-16449	1308	3943	-58	-565	-124	-72	109	103	147	731	147	78479159	
-16419	1286	3918	-58	-568	-117	-73	109	103	148	736	148	78479159	
-16449	1328	3905	-62	-568	-108	-69	109	103	149	741	149	78479159	
-16460	1318	3892	-76	-570	-115	-67	109	103	150	746	150	78479160	
-16426	1331	3914	-90	-573	-117	-69	103	99	151	751	151	78479160	
-16440	1395	3878	-102	-572	-111	-70	102	98	152	756	152	78479161	
-16408	1370	3934	-106	-558	-107	-71	108	104	153	761	153	78479161	
-16382	1336	3945	-108	-565	-105	-71	109	105	154	766	154	78479161	
-16378	1343	3942	-101	-567	-106	-69	109	105	155	771	155	78479162	
-16384	1327	3960	-101	-574	-116	-69	109	105	156	776	156	78479162	
-16436	1310	3946	-107	-571	-119	-71	105	97	157	781	157	78479209	
-16468	1344	3898	-109	-590	-120	-71	105	97	158	786	158	78479210	
-16471	1306	3948	-103	-580	-128	-69	107	97	159	791	159	78479211	
-16442	1247	3900	-111	-595	-131	-69	107	97	160	796	160	78479211	
-16436	1239	3833	-124	-584	-135	-71	109	99	161	801	161	78479211	
-16463	1278	3937	-143	-572	-137	-71	109	99	162	806	162	78479212	
-16497	1251	3960	-154	-557	-143	-70	110	101	163	811	163	78479212	
-16435	1309	3977	-171	-552	-138	-70	110	102	164	816	164	78479212	
-16426	1328	4000	-177	-553	-141	-68	108	100	165	821	165	78479213	
-16436	1420	4012	-175	-580	-134	-68	108	100	166	826	166	78479213	
-16372	1366	4062	-162	-580	-133	-75	109	105	167	831	167	78479214	
-16366	1336	4128	-122	-579	-133	-75	109	105	168	836	168	78479215	
-16410	1354	4056	-67	-580	-128	-69	109	105	169	841	169	78479216	
-16404	1376	3944	-20	-598	-112	-69	109	105	170	846	170	78479216	
-16434	1364	3968	6	-588	-109	-68	116	100	171	851	171	78479232	
-16460	1334	4022	17	-596	-108	-68	116	100	172	856	172	78479260	
-16512	1331	4069	16	-598	-102	-78	108	105	173	861	173	78479260	
-16480	1286	3968	2	-598	-101	-80	106	106	174	866	174	78479261	
-16488	1332	4016	-35	-602	-96	-66	104	106	175	871	175	78479262	
-16458	1300	3910	-77	-605	-96	-66	104	106	176	876	176	78479262	
-16404	1234	3978	-109	-587	-110	-73	109	97	177	881	177	78479263	
-16416	1294	3772	-162	-564	-115	-73	109	97	178	886	178	78479285	
-16472	1278	3794	-184	-569	-128	-71	105	101	179	891	179	78479285	
-16420	1252	3866	-208	-585	-126	-71	105	101	180	896	180	78479286	
-16436	1260	3934	-226	-574	-141	-72	104	100	181	901	181	78479286	
-16520	1338	3814	-221	-575	-153	-72	104	100	182	906	182	78479287	
-16457	1326	3931	-165	-570	-149	-78	106	110	183	911	183	78479287	
-16428	1279	3868	-114	-580	-155	-75	106	107	184	916	184	78479288	
-16458	1306	3934	-62	-579	-152	-62	106	96	185	921	185	78479288	
-16457	1354	3957	-16	-583	-149	-63	106	98	186	926	186	78479288	
-16462	1324	3924	7	-578	-152	-68	108	106	187	931	187	78479289	
-16422	1346	3962	25	-582	-145	-68	108	106	188	936	188	78479364	
-16436	1298	3946	33	-565	-147	-71	109	101	189	941	189	78479364	
-16466	1292	3870	28	-578	-120	-71	109	101	190	946	190	78479365	
-16463	1356	3880	5	-560	-121	-74	108	102	191	951	191	78479365	
-16420	1338	3918	-8	-561	-115	-72	108	101	192	956	192	78479366	
-16450	1335	3830	-30	-561	-109	-65	109	95	193	961	193	78479371	
-16440	1270	3878	-68	-564	-111	-67	109	97	194	966	194	78479390	
-16412	1306	3867	-106	-563	-110	-73	111	105	195	971	195	78479390	
-16426	1292	3942	-143	-555	-113	-73	110	104	196	976	196	78479391	
-16443	1303	3969	-177	-551	-121	-72	104	102	197	981	197	78479391	
-16400	1295	4068	-202	-556	-136	-72	105	101	198	986	198	78479392	
-16353	1308	3920	-215	-561	-140	-71	109	97	199	991	199	78479392	
-16364	1283	3953	-217	-552	-144	-69	109	99	200	996	200	78479393	
