980	-858	-14596	-161	636	615	187	-135	77	1	1	1	85181536	
1015	-926	-14695	-169	618	703	191	-137	79	2	6	2	85181536	
952	-977	-14654	-46	544	784	192	-138	80	3	11	3	85181536	
848	-982	-14576	136	457	873	186	-136	79	4	16	4	85181536	
831	-1060	-14452	190	450	991	185	-135	79	5	21	5	85181536	
882	-1094	-14480	148	528	1014	191	-134	78	6	26	6	85181573	
955	-1104	-14460	37	646	1013	192	-134	78	7	31	7	85181589	
1096	-1240	-14556	165	684	989	189	-134	75	8	36	8	85181591	
1146	-1295	-14886	467	597	975	188	-134	74	9	41	9	85181591	
1232	-1382	-14925	621	457	1087	186	-131	79	10	46	10	85181591	
1384	-1584	-14812	930	293	1168	186	-130	80	11	51	11	85181591	
1386	-1974	-14776	1242	164	1245	187	-137	79	12	56	12	85181592	
1418	-2244	-14626	1432	113	1237	187	-137	79	13	61	13	85181603	
1356	-2436	-14552	1473	143	1166	189	-135	79	14	66	14	85181629	
1408	-2614	-14762	1439	131	1159	189	-135	79	15	71	15	85181630	
1448	-2806	-14820	1338	75	1233	192	-136	84	16	76	16	85181630	
1550	-3142	-14680	1222	14	1233	192	-136	84	17	81	17	85181630	
1524	-3226	-14468	964	-40	1189	183	-131	79	18	86	18	85181630	
1569	-3088	-14402	534	-56	1153	185	-132	80	19	91	19	85181631	
1598	-3059	-14261	161	27	1071	191	-135	85	20	96	20	85181631	
1591	-2843	-13858	-359	136	940	191	-135	84	21	101	21	85181631	
1363	-2550	-13491	-854	196	845	190	-136	80	22	106	22	85181631	
1224	-2282	-13136	-1108	368	771	191	-135	81	23	111	23	85181631	
1353	-2072	-13223	-1141	615	686	193	-133	83	24	116	24	85181639	
1488	-1976	-13779	-979	711	612	193	-133	82	25	121	25	85181666	
1614	-2057	-14361	-698	629	560	192	-134	80	26	126	26	85181667	
1717	-2165	-14820	-401	451	549	191	-135	80	27	131	27	85181667	
1773	-2151	-14904	-67	212	541	188	-138	80	28	136	28	85181667	
1700	-2124	-14715	311	6	553	189	-137	81	29	141	29	85181667	
1582	-2144	-14542	730	-108	587	191	-133	85	30	146	30	85181668	
1539	-2092	-14378	1075	-100	599	191	-133	85	31	151	31	85181669	
1471	-2052	-14215	1235	-39	572	189	-131	85	32	156	32	85181680	
1480	-1948	-14148	1253	4	547	189	-132	84	33	161	33	85181706	
1508	-1955	-14251	1210	16	525	189	-137	79	34	166	34	85181706	
1534	-2008	-14629	1116	-22	481	188	-136	79	35	171	35	85181706	
1582	-2080	-14964	915	-141	434	185	-133	77	36	176	36	85181706	
1490	-2142	-15083	789	-318	405	187	-131	78	37	181	37	85181706	
1342	-2238	-15134	784	-454	406	189	-129	79	38	186	38	85181707	
1319	-2361	-15192	835	-503	426	190	-129	79	39	191	39	85181745	
1366	-2449	-15280	911	-497	437	191	-129	79	40	196	40	85181803	
1404	-2464	-15292	1005	-495	447	191	-130	80	41	201	41	85181804	
1420	-2466	-15188	1068	-513	453	191	-131	81	42	206	42	85181804	
1430	-2458	-15039	1141	-510	450	191	-132	80	43	211	43	85181805	
1461	-2482	-15075	1231	-452	439	191	-133	79	44	216	44	85181805	
1432	-2476	-15168	1159	-372	406	191	-135	77	45	221	45	85181806	
1409	-2442	-15225	1054	-311	372	191	-137	75	46	226	46	85181811	
1353	-2456	-15401	978	-250	328	190	-134	77	47	231	47	85181839	
1314	-2453	-15482	880	-173	276	190	-132	78	48	236	48	85181856	
1302	-2444	-15331	796	-92	227	189	-135	79	49	241	49	85181856	
1369	-2516	-15202	769	8	175	189	-137	79	50	246	50	85181856	
1476	-2564	-15051	763	134	100	188	-136	83	51	251	51	85181856	
1614	-2530	-14902	709	283	-12	187	-135	85	52	256	52	85181856	
1716	-2486	-14674	652	381	-120	192	-132	82	53	261	53	85181856	
1705	-2350	-14654	630	398	-215	193	-131	81	54	266	54	85181856	
1632	-2233	-14672	610	375	-272	192	-133	85	55	271	55	85181856	
1920	-2058	-14538	561	366	-307	192	-134	86	56	276	56	85181856	
2012	-1970	-14358	553	433	-384	191	-133	80	57	281	57	85181857	
2021	-2222	-14322	574	393	-427	191	-133	79	58	286	58	85181857	
1971	-2245	-14213	472	269	-416	194	-131	84	59	291	59	85181865	
1956	-2152	-14055	345	131	-405	195	-131	85	60	296	60	85181868	
2140	-2008	-13924	208	18	-394	193	-137	81	61	301	61	85181868	
2142	-1934	-13944	123	-160	-360	193	-137	81	62	306	62	85181868	
2290	-1818	-13720	30	-316	-322	187	-137	81	63	311	63	85181868	
2358	-1646	-13454	-105	-483	-295	187	-137	81	64	316	64	85181869	
2442	-1420	-13110	-226	-679	-263	190	-134	78	65	321	65	85181869	
2525	-1318	-12893	-338	-868	-251	190	-134	78	66	326	66	85181890	
2673	-1156	-12540	-445	-1079	-248	192	-133	82	67	331	67	85181894	
2802	-998	-12292	-556	-1314	-240	193	-133	83	68	336	68	85181894	
2968	-902	-11814	-659	-1631	-210	189	-135	77	69	341	69	85181895	
3102	-824	-11318	-736	-1922	-203	189	-135	77	70	346	70	85181895	
3276	-714	-10898	-845	-2289	-152	188	-128	82	71	351	71	85181895	
3438	-562	-10504	-927	-2664	-90	188	-128	82	72	356	72	85181895	
3458	-616	-10244	-971	-3085	-2	187	-135	77	73	361	73	85181896	
3530	-602	-9946	-1035	-3517	75	187	-135	77	74	366	74	85181896	
3522	-474	-9920	-1086	-4002	184	190	-128	76	75	371	75	85181896	
3400	-352	-9584	-1110	-4552	292	190	-128	76	76	376	76	85181931	
3300	-116	-9726	-997	-5155	460	191	-125	79	77	381	77	85181941	
3244	54	-9697	-797	-5866	700	189	-126	78	78	386	78	85181942	
3143	162	-9719	-606	-6472	940	183	-131	75	79	391	79	85181942	
3018	166	-9858	-371	-7055	1198	183	-133	75	80	396	80	85181942	
2822	212	-9903	-205	-7628	1430	185	-141	77	81	401	81	85181942	
2638	452	-9938	-120	-8173	1626	185	-138	77	82	406	82	85181942	
2430	540	-9914	15	-8697	1825	184	-128	76	83	411	83	85181942	
2180	622	-10025	214	-9176	2052	185	-128	76	84	416	84	85181942	
1735	739	-10288	399	-9580	2205	190	-128	76	85	421	85	85181951	
1306	754	-10564	584	-9955	2528	192	-127	76	86	426	86	85181979	
1204	727	-10670	790	-10273	2794	194	-126	76	87	431	87	85181979	
1135	658	-10974	1103	-10663	3065	193	-129	74	88	436	88	85181979	
1120	515	-11447	1378	-11093	3339	191	-133	71	89	441	89	85181980	
1147	401	-11615	1516	-11511	3512	192	-133	73	90	446	90	85181980	
1169	237	-11881	1798	-11992	3673	193	-133	75	91	451	91	85181980	
1377	-111	-12482	2132	-12563	3926	194	-131	73	92	456	92	85181981	
1678	-561	-12980	2070	-13185	3995	195	-129	71	93	461	93	85181981	
1555	-1139	-13165	1682	-13884	3813	193	-126	75	94	466	94	85181999	
1277	-2058	-13836	1636	-14627	3895	191	-123	79	95	471	95	85182016	
314	-2687	-15086	1645	-15206	3926	194	-125	75	96	476	96	85182016	
-2068	-3120	-16611	1462	-15425	3438	196	-126	72	97	481	97	85182016	
-5492	-3546	-18532	1239	-14999	2308	198	-125	75	98	486	98	85182016	
-9134	-4475	-20786	1530	-13529	615	199	-125	77	99	491	99	85182017	
-12161	-6460	-24121	3658	-10728	-911	199	-124	75	100	496	100	85182017	
-14611	-8650	-29198	6609	-6730	-1702	199	-123	73	101	501	101	85182021	
-16770	-10150	-32456	9352	-989	-2337	200	-119	71	102	506	102	85182059	
-17654	-9225	-32768	10351	4690	-3627	200	-118	70	103	511	103	85182073	
-13465	-7726	-32768	10137	9380	-4681	198	-119	77	104	516	104	85182074	
-6025	-7745	-32768	9361	11931	-4836	197	-119	79	105	521	105	85182074	
1542	-8182	-31028	7652	12678	-4436	197	-124	80	106	526	106	85182075	
6223	-8336	-26324	4658	10563	-3700	197	-127	81	107	531	107	85182075	
6762	-8004	-20955	871	5648	-2946	198	-123	81	108	536	108	85182075	
4946	-7083	-16300	-3239	9	-2304	199	-121	81	109	541	109	85182075	
2642	-5516	-11999	-7721	-4256	-1835	198	-124	81	110	546	110	85182092	
1453	-4302	-9263	-10862	-5113	-1850	197	-125	81	111	551	111	85182098	
1132	-3517	-7588	-12786	-4412	-2177	196	-124	79	112	556	112	85182098	
1282	-2910	-6446	-13628	-3648	-2626	196	-124	78	113	561	113	85182098	
1173	-2516	-5126	-13038	-3465	-3000	199	-122	75	114	566	114	85182098	
654	-2344	-4050	-10994	-3719	-3224	200	-122	74	115	571	115	85182098	
-120	-2588	-3152	-7954	-4026	-3232	192	-122	69	116	576	116	85182098	
-1060	-2605	-2712	-4538	-4233	-2956	190	-122	68	117	581	117	85182105	
-1974	-2157	-2718	-1209	-4234	-2433	187	-124	68	118	586	118	85182129	
-2756	-1230	-3364	2465	-3778	-1660	186	-124	68	119	591	119	85182135	
-3126	-668	-4366	5060	-2928	-981	195	-127	69	120	596	120	85182135	
-3036	-486	-6322	6913	-1874	-360	195	-127	69	121	601	121	85182135	
-2652	-470	-8118	7711	-818	122	198	-124	70	122	606	122	85182135	
-2162	-448	-9970	7635	-40	418	198	-124	70	123	611	123	85182135	
-1740	-508	-11922	6981	386	525	197	-125	69	124	616	124	85182135	
-1606	-696	-13756	5937	640	406	197	-125	69	125	621	125	85182136	
-2022	-1016	-16088	4734	965	37	200	-128	72	126	626	126	85182162	
-2646	-1252	-18228	3550	1525	-560	200	-128	72	127	631	127	85182173	
-3522	-1416	-20641	2452	2598	-1372	191	-125	75	128	636	128	85182173	
-4096	-1546	-22290	1875	3724	-2011	192	-125	76	129	641	129	85182173	
-4155	-1758	-23496	1737	4872	-2507	194	-126	78	130	646	130	85182173	
-3360	-2156	-24136	1922	5784	-2755	194	-127	79	131	651	131	85182174	
-1696	-2704	-23820	2100	6219	-2709	193	-131	81	132	656	132	85182174	
475	-3368	-22643	2042	5932	-2464	194	-130	81	133	661	133	85182181	
2132	-3804	-20934	1548	4765	-2165	196	-124	80	134	666	134	85182209	
2882	-3868	-18650	559	2530	-1805	197	-125	80	135	671	135	85182209	
2627	-3479	-16198	-782	-440	-1426	198	-126	78	136	676	136	85182209	
1707	-2757	-14420	-1784	-2699	-1158	196	-126	78	137	681	137	85182209	
632	-1880	-13198	-2368	-4204	-956	192	-126	78	138	686	138	85182209	
-278	-1149	-12434	-2488	-4834	-824	192	-126	78	139	691	139	85182209	
-914	-706	-12082	-2237	-4675	-735	192	-126	78	140	696	140	85182216	
-1306	-666	-12042	-1762	-4014	-661	193	-128	79	141	701	141	85182235	
-1461	-898	-12181	-1244	-3199	-575	194	-130	80	142	706	142	85182247	
-1557	-1133	-12504	-731	-2454	-452	195	-129	78	143	711	143	85182248	
-1660	-1249	-12798	-198	-1833	-293	196	-128	76	144	716	144	85182249	
-1732	-1261	-13050	352	-1347	-90	198	-126	76	145	721	145	85182250	
-1791	-1131	-13231	944	-979	175	201	-123	75	146	726	146	85182250	
-1869	-857	-13284	1572	-700	495	199	-126	76	147	731	147	85182252	
-1959	-696	-13284	2210	-481	844	196	-130	78	148	736	148	85182266	
-2010	-594	-13322	2828	-312	1187	196	-129	78	149	741	149	85182284	
-2019	-572	-13440	3345	-154	1473	196	-128	78	150	746	150	85182284	
-2057	-570	-13690	3634	-7	1682	195	-129	76	151	751	151	85182284	
-1905	-499	-14029	3601	155	1791	194	-130	74	152	756	152	85182285	
-1865	-434	-14449	3312	361	1769	192	-128	73	153	761	153	85182285	
-1734	-547	-14843	2951	568	1676	191	-127	73	154	766	154	85182286	
-1554	-729	-15148	2519	800	1530	195	-126	75	155	771	155	85182286	
-1289	-990	-15448	2117	994	1376	198	-126	76	156	776	156	85182307	
-962	-1342	-15694	1785	1077	1231	200	-125	78	157	781	157	85182321	
-720	-1706	-15880	1544	999	1116	202	-124	80	158	786	158	85182321	
-479	-2162	-15964	1420	726	1058	198	-125	79	159	791	159	85182321	
-206	-2659	-15940	1368	196	1068	196	-126	78	160	796	160	85182321	
-43	-3072	-15720	1417	-447	1169	197	-127	82	161	801	161	85182321	
-94	-3283	-15462	1549	-1147	1340	197	-127	83	162	806	162	85182321	
-280	-3462	-15152	1788	-1800	1567	203	-126	77	163	811	163	85182328	
-466	-3655	-14890	2040	-2302	1816	204	-126	76	164	816	164	85182353	
-664	-3705	-14637	2306	-2640	2006	198	-129	78	165	821	165	85182359	
-915	-3775	-14421	2538	-2785	2141	196	-130	78	166	826	166	85182359	
-1134	-3840	-14190	2660	-2765	2198	195	-124	76	167	831	167	85182360	
-1386	-3830	-13947	2708	-2619	2186	195	-123	75	168	836	168	85182360	
-1582	-3804	-13468	2733	-2346	2113	203	-125	77	169	841	169	85182360	
-1716	-3688	-13130	2785	-2024	2014	203	-125	77	170	846	170	85182361	
-1802	-3640	-12930	2868	-1613	1870	203	-125	81	171	851	171	85182392	
-1794	-3662	-12672	2913	-1178	1686	203	-125	81	172	856	172	85182395	
-1742	-3666	-12554	2900	-772	1478	198	-118	80	173	861	173	85182396	
-1770	-3672	-12692	2849	-438	1250	198	-118	80	174	866	174	85182396	
-1918	-3618	-12968	2709	-145	1028	200	-118	76	175	871	175	85182397	
-1896	-3726	-13246	2622	79	836	200	-118	76	176	876	176	85182398	
-1844	-3836	-13618	2484	242	663	203	-119	81	177	881	177	85182399	
-1722	-4030	-14023	2282	340	474	202	-120	81	178	886	178	85182410	
-1483	-4362	-14418	2082	361	329	200	-124	82	179	891	179	85182432	
-1259	-4709	-14836	1861	303	216	199	-125	82	180	896	180	85182432	
-1072	-4982	-15030	1641	162	118	197	-131	83	181	901	181	85182433	
-890	-5346	-15145	1430	-63	55	197	-130	83	182	906	182	85182433	
-768	-5604	-15168	1263	-312	30	199	-125	83	183	911	183	85182433	
-794	-5908	-15174	1046	-607	53	199	-125	83	184	916	184	85182433	
-840	-6014	-14978	873	-890	92	200	-124	80	185	921	185	85182433	
-1026	-6006	-14601	744	-1159	158	199	-123	80	186	926	186	85182470	
-1243	-6004	-14309	668	-1307	214	197	-121	81	187	931	187	85182470	
-1386	-5911	-14042	592	-1367	280	198	-123	81	188	936	188	85182470	
-1455	-5807	-13733	537	-1337	338	203	-129	81	189	941	189	85182470	
-1445	-5749	-13634	520	-1243	368	202	-129	81	190	946	190	85182470	
-1448	-5690	-13566	463	-1089	344	197	-129	79	191	951	191	85182470	
-1313	-5645	-13506	401	-929	307	198	-128	78	192	956	192	85182472	
-1275	-5560	-13505	319	-751	239	204	-126	72	193	961	193	85182486	
-1180	-5529	-13708	186	-557	138	202	-125	73	194	966	194	85182508	
-1076	-5391	-13939	42	-377	21	200	-124	74	195	971	195	85182508	
-1027	-5210	-14115	-110	-207	-94	200	-124	76	196	976	196	85182508	
-1023	-4970	-14274	-277	-56	-204	200	-124	80	197	981	197	85182508	
-1107	-4633	-14518	-449	87	-315	199	-122	80	198	986	198	85182509	
-1119	-4204	-14682	-595	232	-403	198	-118	80	199	991	199	85182509	
-1136	-3803	-14683	-690	341	-453	199	-118	80	200	996	200	85182515	
-1126	-3447	-14654	-719	374	-470	200	-118	80	201	1001	201	85182533	
-1214	-2961	-14594	-702	326	-440	199	-118	79	202	1006	202	85182546	
-1336	-2452	-14518	-604	235	-343	198	-118	78	203	1011	203	85182546	
-1457	-2097	-14443	-437	156	-238	202	-120	79	204	1016	204	85182546	
-1618	-1884	-14332	-250	117	-146	204	-122	80	205	1021	205	85182546	
-1661	-1759	-14292	-93	92	-62	202	-123	79	206	1026	206	85182546	
-1630	-1697	-14303	25	74	-2	201	-123	79	207	1031	207	85182546	
-1556	-1738	-14296	113	43	43	199	-125	79	208	1036	208	85182569	
-1446	-1795	-14344	167	-7	75	197	-127	79	209	1041	209	85182585	
-1350	-1776	-14443	208	-68	97	198	-122	80	210	1046	210	85182585	
-1298	-1866	-14550	249	-135	106	198	-120	80	211	1051	211	85182585	
-1284	-1982	-14807	283	-218	100	197	-122	81	212	1056	212	85182585	
-1224	-2034	-14887	303	-293	80	197	-123	81	213	1061	213	85182585	
-1189	-2044	-14919	326	-354	72	203	-122	80	214	1066	214	85182585	
-1027	-2146	-14817	385	-428	58	204	-122	80	215	1071	215	85182585	
-956	-2113	-14622	505	-545	74	199	-122	78	216	1076	216	85182617	
-1058	-2029	-14521	681	-701	131	198	-122	78	217	1081	217	85182625	
-1214	-1994	-14373	903	-855	185	200	-125	80	218	1086	218	85182625	
-1490	-1810	-14278	1143	-993	253	200	-126	80	219	1091	219	85182625	
-1824	-1726	-14298	1276	-1074	289	200	-122	80	220	1096	220	85182625	
-1924	-1540	-13988	1346	-1055	368	200	-122	80	221	1101	221	85182625	
-2122	-1405	-13798	1472	-898	445	198	-124	82	222	1106	222	85182625	
-2236	-1346	-13947	1669	-752	596	198	-124	82	223	1111	223	85182632	
-2339	-1279	-14037	1761	-629	776	203	-121	82	224	1116	224	85182657	
-2373	-1136	-14088	1794	-548	955	204	-120	82	225	1121	225	85182663	
-2414	-1146	-14159	1889	-492	1140	200	-119	81	226	1126	226	85182663	
-2444	-1212	-14184	2060	-442	1364	199	-119	81	227	1131	227	85182663	
-2294	-1398	-14328	2239	-439	1534	207	-121	87	228	1136	228	85182664	
-2180	-1568	-14354	2451	-517	1726	207	-121	87	229	1141	229	85182664	
-1966	-1878	-14342	2635	-698	1925	202	-126	86	230	1146	230	85182664	
-1702	-2244	-14576	2808	-937	2093	202	-126	86	231	1151	231	85182673	
-1468	-2712	-14564	2925	-1179	2227	198	-126	84	232	1156	232	85182700	
-1278	-3054	-14638	2925	-1479	2290	198	-126	84	233	1161	233	85182700	
-1208	-3292	-14630	2906	-1835	2306	201	-123	85	234	1166	234	85182700	
-1328	-3638	-14728	2893	-2209	2306	201	-123	85	235	1171	235	85182701	
-1510	-3928	-14635	2897	-2462	2328	198	-116	84	236	1176	236	85182701	
-1602	-4164	-14515	2909	-2477	2373	199	-117	84	237	1181	237	85182701	
-1771	-4290	-14318	2887	-2492	2386	203	-121	83	238	1186	238	85182708	
-1922	-4500	-14187	2949	-2466	2422	203	-120	84	239	1191	239	85182737	
-2037	-4649	-13931	3027	-2366	2498	205	-115	89	240	1196	240	85182737	
-2038	-4666	-13850	3056	-2167	2570	206	-116	89	241	1201	241	85182737	
-1980	-4502	-13815	3034	-1934	2599	208	-122	88	242	1206	242	85182738	
-1878	-4231	-13695	3077	-1736	2641	206	-121	88	243	1211	243	85182738	
-1782	-4059	-13569	3341	-1636	2668	201	-117	89	244	1216	244	85182738	
-1737	-4207	-13608	3608	-1559	2645	201	-116	88	245	1221	245	85182738	
-1650	-4418	-13872	3729	-1395	2537	202	-114	86	246	1226	246	85182748	
-1408	-4203	-14009	3548	-1267	2384	202	-116	84	247	1231	247	85182768	
-1015	-4004	-13872	3430	-1337	2232	202	-118	82	248	1236	248	85182775	
-868	-4353	-14034	3676	-1575	2069	203	-119	83	249	1241	249	85182775	
-880	-4995	-14314	3793	-1805	1873	204	-120	84	250	1246	250	85182775	
-842	-5408	-14440	3559	-1930	1630	205	-120	84	251	1251	251	85182775	
-819	-5599	-14507	3205	-2026	1345	207	-119	85	252	1256	252	85182775	
-877	-5783	-14429	2945	-2130	1067	204	-120	89	253	1261	253	85182781	
-947	-5970	-14384	2769	-2255	842	202	-120	92	254	1266	254	85182802	
-1046	-5979	-14332	2544	-2336	645	208	-119	88	255	1271	255	85182813	
-1192	-5914	-14141	2317	-2317	464	212	-118	86	256	1276	256	85182813	
-1450	-5711	-13972	2193	-2211	329	208	-119	88	257	1281	257	85182813	
-1613	-5284	-13790	2090	-2028	252	205	-119	89	258	1286	258	85182813	
-1601	-4769	-13632	2126	-1826	243	203	-120	86	259	1291	259	85182814	
-1497	-4334	-13488	2354	-1686	288	202	-120	84	260	1296	260	85182814	
-1330	-4220	-13383	2754	-1621	363	207	-118	86	261	1301	261	85182839	
-1258	-4261	-13494	3096	-1565	404	210	-116	88	262	1306	262	85182855	
-1232	-4140	-13596	3212	-1485	396	210	-117	86	263	1311	263	85182856	
-1336	-3921	-13634	3173	-1441	328	210	-118	84	264	1316	264	85182856	
-1370	-4040	-13837	3276	-1533	245	209	-117	84	265	1321	265	85182856	
-1289	-4441	-13965	3386	-1623	176	208	-116	84	266	1326	266	85182856	
-1137	-5160	-14052	3401	-1648	96	209	-116	86	267	1331	267	85182856	
-1008	-6038	-14238	3323	-1698	6	210	-116	88	268	1336	268	85182857	
-1093	-6769	-14721	2981	-1789	-117	207	-115	90	269	1341	269	85182880	
-951	-6541	-14649	2270	-1863	-268	206	-114	90	270	1346	270	85182888	
-965	-6572	-14582	1903	-2037	-396	205	-113	88	271	1351	271	85182888	
-1249	-6848	-14648	1779	-2209	-503	205	-113	87	272	1356	272	85182888	
-1431	-6728	-14370	1315	-2177	-619	208	-119	87	273	1361	273	85182888	
-1578	-6501	-14336	959	-1965	-774	209	-121	87	274	1366	274	85182888	
-1451	-5861	-14090	575	-1664	-921	207	-119	92	275	1371	275	85182888	
-1177	-5310	-13767	380	-1428	-1028	207	-119	93	276	1376	276	85182894	
-1512	-5342	-13802	616	-1355	-1106	204	-120	90	277	1381	277	85182925	
-1830	-5222	-13582	635	-1209	-1205	204	-120	90	278	1386	278	85182925	
-2058	-4580	-13332	497	-962	-1290	211	-117	87	279	1391	279	85182926	
-1856	-4292	-12898	590	-722	-1344	211	-117	87	280	1396	280	85182926	
-1732	-4614	-13030	966	-563	-1364	206	-116	94	281	1401	281	85182926	
-1588	-4684	-13228	972	-328	-1391	206	-116	94	282	1406	282	85182927	
-1432	-4582	-13420	820	-112	-1432	205	-121	95	283	1411	283	85182927	
-1238	-4688	-13746	875	-46	-1427	205	-121	95	284	1416	284	85182974	
-1272	-4866	-14172	946	-170	-1383	204	-120	94	285	1421	285	85182974	
-1203	-4944	-14512	794	-358	-1331	204	-121	95	286	1426	286	85182974	
-1173	-4634	-14666	551	-515	-1304	206	-124	98	287	1431	287	85182974	
-1218	-4706	-14629	566	-731	-1285	207	-123	96	288	1436	288	85182975	
-1324	-5222	-14840	666	-964	-1279	209	-117	87	289	1441	289	85182975	
-1465	-5295	-14796	332	-1050	-1332	209	-117	87	290	1446	290	85182978	
-1533	-5190	-14634	-62	-1051	-1428	209	-117	89	291	1451	291	85183002	
-1646	-5308	-14539	-268	-1066	-1503	208	-118	89	292	1456	292	85183076	
-1707	-5205	-14451	-467	-1043	-1575	204	-124	90	293	1461	293	85183076	
-1794	-4653	-13965	-707	-975	-1637	205	-124	88	294	1466	294	85183076	
-2071	-4525	-13824	-596	-957	-1629	206	-124	86	295	1471	295	85183077	
-2530	-4416	-13828	-475	-933	-1606	207	-122	86	296	1476	296	85183077	
-2501	-4356	-13632	-420	-843	-1599	208	-118	86	297	1481	297	85183077	
-2039	-4668	-13375	-277	-734	-1593	207	-120	88	298	1486	298	85183077	
-1830	-5105	-13299	-172	-723	-1594	205	-125	91	299	1491	299	85183077	
-1966	-5447	-13288	-351	-826	-1670	206	-124	91	300	1496	300	85183077	
-2331	-5697	-13123	-621	-978	-1819	210	-122	92	301	1501	301	85183079	
-2679	-6382	-12919	-655	-1115	-2065	209	-122	93	302	1506	302	85183086	
-2745	-7511	-12757	-754	-1224	-2444	204	-122	96	303	1511	303	85183095	
-2608	-8502	-12655	-1047	-1254	-2879	203	-125	94	304	1516	304	85183095	
-2510	-9397	-12771	-1421	-1169	-3366	202	-130	92	305	1521	305	85183095	
-2676	-10089	-13031	-1836	-970	-3860	203	-127	90	306	1526	306	85183095	
-2847	-10308	-13218	-2331	-718	-4318	205	-123	87	307	1531	307	85183095	
-2673	-10017	-13347	-2796	-438	-4655	205	-123	91	308	1536	308	85183095	
-2103	-9401	-13415	-3149	-190	-4766	205	-123	97	309	1541	309	85183095	
-1231	-8285	-13395	-3472	-71	-4575	206	-122	94	310	1546	310	85183095	
-640	-6508	-13241	-3797	-241	-4053	207	-121	91	311	1551	311	85183095	
-565	-4456	-12946	-4070	-670	-3360	206	-122	92	312	1556	312	85183095	
-652	-2542	-12767	-4160	-1235	-2612	205	-123	93	313	1561	313	85183096	
-990	-1177	-12860	-4032	-1727	-1995	203	-124	94	314	1566	314	85183101	
-1385	-441	-13189	-3855	-1928	-1650	201	-125	95	315	1571	315	85183104	
-1708	-322	-13505	-3711	-1819	-1549	199	-127	90	316	1576	316	85183104	
-1977	-756	-13780	-3557	-1573	-1604	197	-129	87	317	1581	317	85183110	
-2281	-1479	-14164	-3327	-1364	-1755	201	-124	84	318	1586	318	85183128	
-2802	-2356	-14539	-2993	-1157	-1989	204	-120	82	319	1591	319	85183137	
-3056	-3032	-14937	-2640	-883	-2200	203	-127	89	320	1596	320	85183138	
-2986	-3514	-15415	-2212	-531	-2357	203	-129	91	321	1601	321	85183138	
-2643	-3775	-15772	-1753	-174	-2477	205	-131	88	322	1606	322	85183138	
-2398	-3773	-16460	-1395	111	-2561	205	-131	87	323	1611	323	85183138	
-2145	-3610	-16798	-1210	267	-2607	201	-132	88	324	1616	324	85183138	
-1818	-3460	-16814	-1315	308	-2578	200	-132	88	325	1621	325	85183168	
-1590	-3142	-16417	-1659	157	-2435	197	-129	91	326	1626	326	85183177	
-1406	-2688	-15740	-2198	-265	-2144	196	-128	92	327	1631	327	85183177	
-1446	-2310	-15084	-2573	-705	-1891	196	-134	88	328	1636	328	85183177	
-1464	-1840	-14412	-2741	-1051	-1679	196	-134	88	329	1641	329	85183177	
-1562	-1526	-14132	-2714	-1254	-1516	194	-124	88	330	1646	330	85183178	
-1690	-1290	-13832	-2502	-1383	-1408	194	-124	88	331	1651	331	85183178	
-1888	-1020	-13860	-2138	-1492	-1295	200	-132	92	332	1656	332	85183178	
-2054	-840	-13826	-1639	-1582	-1179	200	-132	92	333	1661	333	85183191	
-2180	-714	-13666	-1098	-1584	-1054	200	-130	90	334	1666	334	85183222	
-2232	-818	-13706	-548	-1447	-925	200	-130	90	335	1671	335	85183222	
-2291	-1065	-13817	-52	-1177	-806	194	-128	84	336	1676	336	85183223	
-2154	-1242	-13844	178	-947	-751	194	-128	84	337	1681	337	85183223	
-2162	-1588	-13938	290	-689	-715	200	-134	90	338	1686	338	85183223	
-1942	-1954	-14154	280	-429	-705	200	-134	90	339	1691	339	85183223	
-1704	-2468	-14162	198	-265	-710	193	-123	85	340	1696	340	85183223	
-1484	-2770	-14264	-2	-179	-720	193	-123	85	341	1701	341	85183223	
-1410	-2976	-14326	-161	-149	-716	199	-131	89	342	1706	342	85183260	
-1366	-3210	-14374	-132	-146	-692	199	-131	89	343	1711	343	85183261	
-1392	-3257	-14237	-128	-290	-608	197	-131	85	344	1716	344	85183261	
-1466	-3234	-14352	22	-468	-491	197	-131	85	345	1721	345	85183262	
-1485	-3333	-14296	252	-642	-371	197	-131	87	346	1726	346	85183263	
-1560	-3496	-14323	432	-793	-238	197	-130	88	347	1731	347	85183264	
-1677	-3441	-14310	467	-917	-131	198	-128	90	348	1736	348	85183266	
-1806	-3535	-14246	475	-1002	-61	197	-129	91	349	1741	349	85183280	
-1951	-3669	-14248	474	-1004	-24	195	-135	93	350	1746	350	85183325	
-1968	-3790	-14254	425	-930	-36	196	-135	91	351	1751	351	85183327	
-1988	-3912	-14221	353	-781	-89	200	-134	84	352	1756	352	85183330	
-1933	-4044	-14267	284	-617	-162	201	-135	85	353	1761	353	85183333	
-1829	-4135	-14291	211	-487	-231	202	-136	86	354	1766	354	85183334	
-1742	-4168	-14270	133	-384	-301	201	-134	86	355	1771	355	85183335	
-1672	-4100	-14248	77	-321	-364	199	-131	87	356	1776	356	85183335	
-1604	-4062	-14271	62	-295	-402	199	-130	89	357	1781	357	85183335	
-1495	-4065	-14321	86	-304	-427	200	-128	92	358	1786	358	85183341	
-1400	-4002	-14322	124	-328	-451	202	-128	91	359	1791	359	85183351	
-1336	-3918	-14284	183	-364	-447	205	-127	89	360	1796	360	85183351	
-1344	-3850	-14240	288	-369	-436	201	-131	90	361	1801	361	85183351	
-1387	-3835	-14211	375	-361	-437	199	-133	91	362	1806	362	85183351	
-1380	-3855	-14262	426	-315	-443	197	-134	95	363	1811	363	85183351	
-1412	-3848	-14334	455	-273	-437	195	-135	97	364	1816	364	85183351	
-1492	-3839	-14393	443	-226	-433	196	-133	87	365	1821	365	85183352	
-1515	-3814	-14500	382	-188	-437	197	-131	81	366	1826	366	85183376	
-1545	-3761	-14628	291	-150	-456	197	-131	86	367	1831	367	85183394	
-1610	-3692	-14698	213	-106	-482	197	-131	89	368	1836	368	85183397	
-1608	-3509	-14639	145	-70	-499	196	-131	89	369	1841	369	85183397	
-1700	-3404	-14624	88	-57	-504	195	-131	89	370	1846	370	85183397	
-1710	-3369	-14476	27	-68	-487	194	-135	91	371	1851	371	85183397	
-1751	-3271	-14456	-18	-81	-455	194	-136	92	372	1856	372	85183397	
-1824	-3128	-14441	-44	-61	-424	197	-130	89	373	1861	373	85183397	
-1826	-3119	-14452	-69	-51	-388	198	-128	88	374	1866	374	85183397	
-1807	-3076	-14433	-101	-41	-357	201	-132	92	375	1871	375	85183398	
-1748	-3047	-14438	-107	-54	-317	202	-134	94	376	1876	376	85183398	
-1678	-3055	-14246	-77	-95	-262	201	-131	88	377	1881	377	85183415	
-1680	-3135	-14268	-7	-127	-212	200	-130	86	378	1886	378	85183427	
-1703	-3127	-14316	86	-147	-151	202	-133	86	379	1891	379	85183429	
-1689	-3198	-14376	171	-143	-105	202	-134	86	380	1896	380	85183429	
-1620	-3244	-14488	258	-123	-67	199	-134	89	381	1901	381	85183429	
-1626	-3308	-14403	320	-141	-37	198	-134	90	382	1906	382	85183429	
-1693	-3364	-14502	361	-156	-13	192	-130	89	383	1911	383	85183429	
-1678	-3408	-14432	367	-156	-3	191	-129	89	384	1916	384	85183435	
-1684	-3510	-14392	365	-146	-7	198	-130	90	385	1921	385	85183467	
-1738	-3576	-14340	332	-125	-38	200	-130	90	386	1926	386	85183475	
-1722	-3668	-14372	305	-88	-56	195	-129	91	387	1931	387	85183475	
-1642	-3708	-14188	279	-69	-79	195	-129	91	388	1936	388	85183475	
-1642	-3734	-14234	268	-75	-110	207	-133	93	389	1941	389	85183475	
-1608	-3774	-14080	252	-95	-127	207	-133	93	390	1946	390	85183475	
-1698	-3800	-14040	236	-152	-142	199	-133	87	391	1951	391	85183475	
-1720	-3896	-14078	227	-210	-145	199	-133	87	392	1956	392	85183489	
-1782	-3890	-14036	243	-244	-148	193	-133	87	393	1961	393	85183518	
-1785	-3903	-13977	277	-283	-130	194	-133	87	394	1966	394	85183518	
-1783	-3908	-13953	291	-300	-126	199	-133	85	395	1971	395	85183518	
-1811	-3872	-13993	257	-300	-112	198	-134	86	396	1976	396	85183519	
-1793	-3842	-13974	249	-312	-94	196	-136	88	397	1981	397	85183519	
-1829	-3832	-13939	267	-324	-64	197	-135	87	398	1986	398	85183519	
-1815	-3858	-13931	293	-334	-47	199	-131	85	399	1991	399	85183522	
-1782	-3910	-14033	281	-353	-38	199	-132	86	400	1996	400	85183534	
-1828	-3922	-14024	264	-364	-18	198	-136	90	401	2001	401	85183555	
-1833	-3934	-14126	295	-356	9	198	-134	90	402	2006	402	85183555	
-1806	-3981	-14169	323	-348	23	198	-128	88	403	2011	403	85183555	
-1792	-3979	-14157	322	-340	27	196	-130	86	404	2016	404	85183555	
-1758	-3992	-14173	314	-334	28	192	-134	84	405	2021	405	85183555	
-1730	-3978	-14180	292	-342	24	194	-132	84	406	2026	406	85183556	
-1698	-3990	-14214	272	-354	21	198	-128	84	407	2031	407	85183556	
-1726	-4033	-14206	258	-353	8	196	-129	86	408	2036	408	85183556	
-1738	-4020	-14138	240	-357	-6	192	-130	90	409	2041	409	85183560	
-1769	-4002	-14185	227	-350	-14	197	-132	92	410	2046	410	85183580	
-1789	-3939	-14187	212	-337	-10	201	-133	93	411	2051	411	85183593	
-1748	-3887	-14208	217	-332	-1	202	-131	91	412	2056	412	85183593	
-1717	-3880	-14298	244	-337	13	202	-130	90	413	2061	413	85183594	
-1690	-3899	-14317	276	-357	35	202	-131	90	414	2066	414	85183594	
-1676	-3917	-14286	299	-402	64	201	-133	89	415	2071	415	85183594	
-1694	-3890	-14280	316	-461	92	199	-133	90	416	2076	416	85183594	
-1696	-3829	-14232	324	-508	123	196	-134	92	417	2081	417	85183599	
-1692	-3791	-14253	304	-539	143	194	-136	90	418	2086	418	85183615	
-1739	-3780	-14270	260	-572	153	192	-138	86	419	2091	419	85183632	
-1763	-3806	-14274	197	-574	157	194	-135	88	420	2096	420	85183633	
-1730	-3835	-14273	155	-563	148	195	-133	89	421	2101	421	85183633	
-1722	-3831	-14279	134	-552	140	196	-132	87	422	2106	422	85183633	
-1682	-3870	-14252	136	-554	126	196	-132	86	423	2111	423	85183633	
-1660	-3925	-14199	135	-573	107	195	-133	85	424	2116	424	85183633	
-1680	-3940	-14168	144	-588	98	195	-133	85	425	2121	425	85183658	
-1690	-3984	-14177	167	-598	95	194	-131	86	426	2126	426	85183675	
-1628	-4034	-14233	208	-622	96	193	-129	87	427	2131	427	85183675	
-1646	-4008	-14189	255	-647	92	198	-134	85	428	2136	428	85183675	
-1664	-3960	-14225	294	-645	77	199	-135	85	429	2141	429	85183675	
-1679	-3977	-14262	336	-623	73	197	-136	89	430	2146	430	85183675	
-1671	-4027	-14358	403	-594	60	196	-136	90	431	2151	431	85183675	
-1671	-3984	-14329	432	-594	41	199	-133	87	432	2156	432	85183675	
-1613	-3984	-14182	417	-621	25	200	-132	86	433	2161	433	85183686	
-1620	-4012	-14138	362	-684	8	194	-133	85	434	2166	434	85183712	
-1591	-4004	-14051	294	-703	-7	193	-133	85	435	2171	435	85183718	
-1706	-4102	-14054	236	-733	-42	195	-135	85	436	2176	436	85183719	
-1732	-4116	-14036	230	-694	-57	195	-135	85	437	2181	437	85183719	
-1734	-4120	-14038	248	-658	-43	195	-133	93	438	2186	438	85183719	
-1692	-4110	-14102	251	-629	-65	195	-133	93	439	2191	439	85183721	
-1678	-4094	-14212	270	-639	-74	196	-130	90	440	2196	440	85183721	
-1628	-4114	-14114	286	-646	-85	196	-130	90	441	2201	441	85183730	
-1560	-4128	-14158	301	-663	-90	201	-131	87	442	2206	442	85183755	
-1650	-4086	-14156	285	-712	-110	201	-131	87	443	2211	443	85183755	
-1635	-4102	-14051	255	-713	-142	196	-132	90	444	2216	444	85183755	
-1628	-4059	-14036	238	-706	-166	197	-132	89	445	2221	445	85183755	
