-2607	-13210	-8802	222	-213	82	206	-91	-131	1	1	1	85189594	
-2560	-13242	-8756	326	-188	27	205	-91	-131	2	6	2	85189594	
-2458	-13282	-8725	399	-164	-48	209	-88	-133	3	11	3	85189595	
-2407	-13362	-8782	436	-136	-99	212	-86	-134	4	16	4	85189595	
-2400	-13339	-8795	425	-117	-120	213	-91	-134	5	21	5	85189605	
-2384	-13294	-8731	391	-105	-135	214	-94	-134	6	26	6	85189618	
-2356	-13248	-8691	355	-89	-138	210	-87	-129	7	31	7	85189622	
-2267	-13217	-8753	323	-76	-131	207	-83	-125	8	36	8	85189622	
-2231	-13174	-8664	303	-77	-121	209	-93	-128	9	41	9	85189622	
-2166	-13199	-8604	246	-96	-97	209	-95	-129	10	46	10	85189622	
-2180	-13266	-8622	155	-162	-38	208	-94	-130	11	51	11	85189622	
-2287	-13266	-8596	68	-250	33	208	-94	-130	12	56	12	85189622	
-2381	-13297	-8657	5	-298	92	206	-95	-131	13	61	13	85189630	
-2467	-13301	-8599	-35	-298	148	205	-95	-131	14	66	14	85189654	
-2538	-13346	-8516	-81	-273	204	207	-98	-133	15	71	15	85189661	
-2582	-13340	-8566	-127	-262	259	207	-99	-133	16	76	16	85189661	
-2620	-13254	-8570	-131	-264	291	201	-93	-131	17	81	17	85189666	
-2638	-13298	-8456	-136	-262	326	201	-93	-131	18	86	18	85189666	
-2660	-13254	-8354	-113	-245	329	212	-90	-134	19	91	19	85189666	
-2498	-13272	-8434	-79	-235	336	212	-90	-134	20	96	20	85189666	
-2570	-13250	-8440	-40	-258	349	210	-86	-126	21	101	21	85189670	
-2546	-13326	-8510	-4	-290	366	210	-86	-126	22	106	22	85189695	
-2550	-13370	-8468	30	-302	383	206	-90	-130	23	111	23	85189695	
-2536	-13508	-8582	42	-297	392	206	-90	-130	24	116	24	85189696	
-2465	-13486	-8625	29	-279	413	208	-94	-132	25	121	25	85189696	
-2540	-13478	-8520	2	-260	430	208	-94	-132	26	126	26	85189696	
-2536	-13508	-8586	-38	-254	440	206	-94	-130	27	131	27	85189696	
-2500	-13516	-8606	-73	-212	467	206	-94	-130	28	136	28	85189696	
-2412	-13496	-8622	-111	-196	478	209	-87	-131	29	141	29	85189739	
-2436	-13476	-8726	-162	-188	491	209	-87	-131	30	146	30	85189741	
-2468	-13530	-8686	-230	-159	496	210	-92	-128	31	151	31	85189743	
-2470	-13408	-8760	-316	-144	502	210	-92	-128	32	156	32	85189744	
-2519	-13232	-8819	-404	-127	542	208	-96	-130	33	161	33	85189744	
-2517	-13140	-8837	-440	-125	573	209	-96	-129	34	166	34	85189745	
-2589	-13026	-8875	-421	-137	606	213	-95	-127	35	171	35	85189745	
-2576	-12980	-8909	-355	-162	628	213	-94	-128	36	176	36	85189754	
-2598	-12981	-8812	-287	-179	633	211	-89	-131	37	181	37	85189788	
-2616	-12908	-8946	-233	-199	652	209	-90	-131	38	186	38	85189788	
-2704	-12896	-8778	-157	-192	679	203	-93	-129	39	191	39	85189789	
-2757	-12964	-8837	-108	-191	715	204	-92	-130	40	196	40	85189789	
-2765	-13057	-8901	-46	-212	790	210	-90	-132	41	201	41	85189789	
-2850	-13112	-8856	22	-285	817	210	-90	-130	42	206	42	85189789	
-2945	-13166	-8804	37	-314	818	209	-91	-127	43	211	43	85189797	
-3003	-13252	-8811	11	-287	859	206	-94	-130	44	216	44	85189815	
-3078	-13281	-8856	-39	-261	906	202	-98	-134	45	221	45	85189827	
-3136	-13216	-8816	-117	-246	905	205	-95	-132	46	226	46	85189827	
-3172	-13102	-8723	-212	-198	867	209	-91	-129	47	231	47	85189827	
-3224	-13000	-8747	-291	-134	857	209	-91	-129	48	236	48	85189827	
-3224	-12930	-8794	-341	-114	871	208	-92	-130	49	241	49	85189827	
-3277	-12869	-8858	-358	-117	893	208	-92	-131	50	246	50	85189827	
-3293	-12938	-8864	-362	-115	914	209	-93	-133	51	251	51	85189845	
-3340	-13027	-8904	-431	-124	880	208	-89	-133	52	256	52	85189873	
-3437	-13002	-9035	-510	-142	829	206	-84	-134	53	261	53	85189875	
-3529	-13014	-9257	-564	-141	833	208	-87	-133	54	266	54	85189875	
-3582	-12980	-9360	-617	-99	834	210	-92	-132	55	271	55	85189876	
-3619	-12872	-9336	-651	-36	783	209	-93	-134	56	276	56	85189876	
-3674	-12800	-9338	-646	10	716	207	-95	-137	57	281	57	85189876	
-3723	-12734	-9367	-589	34	664	210	-91	-134	58	286	58	85189876	
-3786	-12669	-9412	-463	54	633	213	-87	-131	59	291	59	85189876	
-3822	-12637	-9417	-293	69	597	207	-88	-132	60	296	60	85189876	
-3859	-12636	-9400	-100	75	566	203	-89	-133	61	301	61	85189876	
-3946	-12672	-9364	101	64	531	207	-87	-131	62	306	62	85189890	
-4002	-12731	-9350	301	78	485	210	-86	-130	63	311	63	85189906	
-4031	-12835	-9252	503	115	446	209	-91	-130	64	316	64	85189910	
-4079	-13007	-9084	664	164	409	208	-94	-130	65	321	65	85189911	
-4057	-13155	-9066	784	248	356	214	-93	-133	66	326	66	85189911	
-3957	-13205	-8948	850	394	305	216	-92	-134	67	331	67	85189911	
-3851	-13191	-8879	912	515	291	207	-91	-130	68	336	68	85189911	
-3780	-13220	-8873	990	593	280	205	-91	-129	69	341	69	85189911	
-3640	-13239	-8751	1064	629	238	207	-90	-130	70	346	70	85189932	
-3530	-13309	-8653	1095	660	183	208	-90	-130	71	351	71	85189946	
-3454	-13326	-8625	1081	696	141	206	-88	-128	72	356	72	85189948	
-3416	-13369	-8661	1027	698	122	206	-88	-128	73	361	73	85189948	
-3355	-13393	-8677	936	689	111	207	-86	-127	74	366	74	85189948	
-3343	-13412	-8682	841	717	122	207	-85	-127	75	371	75	85189948	
-3291	-13483	-8697	753	758	123	211	-87	-128	76	376	76	85189948	
-3296	-13463	-8718	660	811	129	212	-88	-128	77	381	77	85189948	
-3223	-13422	-8720	562	888	137	207	-90	-130	78	386	78	85189949	
-3167	-13276	-8798	478	950	147	206	-90	-130	79	391	79	85189987	
-3163	-13136	-8877	411	998	172	211	-90	-125	80	396	80	85189998	
-3137	-13068	-8871	364	1040	199	212	-90	-124	81	401	81	85189998	
-3076	-13090	-8826	353	1086	227	208	-91	-125	82	406	82	85189998	
-3112	-13118	-8926	376	1118	271	207	-91	-125	83	411	83	85189998	
-3066	-13104	-8816	378	1114	302	209	-91	-125	84	416	84	85189999	
-3146	-13114	-8884	362	1126	329	209	-91	-125	85	421	85	85189999	
-3178	-13090	-8854	343	1137	362	212	-94	-126	86	426	86	85190005	
-3178	-12920	-8898	363	1222	414	212	-94	-126	87	431	87	85190032	
-3188	-12798	-8878	401	1291	476	210	-96	-124	88	436	88	85190032	
-3108	-12722	-8870	478	1349	482	210	-96	-124	89	441	89	85190032	
-3090	-12828	-8910	595	1379	464	205	-93	-133	90	446	90	85190032	
-3164	-12718	-8808	695	1404	494	205	-93	-133	91	451	91	85190032	
-3176	-12886	-8685	821	1401	552	206	-92	-124	92	456	92	85190032	
-3229	-12980	-8773	909	1391	579	207	-92	-124	93	461	93	85190032	
-3328	-12998	-8743	977	1382	606	213	-91	-123	94	466	94	85190032	
-3411	-13158	-8680	1031	1388	649	213	-90	-123	95	471	95	85190042	
-3485	-13276	-8560	1081	1431	673	213	-87	-125	96	476	96	85190082	
-3482	-13436	-8470	1093	1483	685	213	-87	-125	97	481	97	85190082	
-3530	-13352	-8494	1097	1529	668	207	-93	-121	98	486	98	85190082	
-3436	-13342	-8386	1104	1624	708	207	-93	-121	99	491	99	85190082	
-3202	-13278	-8206	1156	1816	761	211	-89	-125	100	496	100	85190082	
-2881	-13401	-8067	1202	1946	774	212	-89	-125	101	501	101	85190082	
-2641	-13574	-7946	1164	1989	738	214	-90	-126	102	506	102	85190082	
-2428	-13672	-7942	1015	1962	691	215	-90	-125	103	511	103	85190093	
-2221	-13408	-7962	870	1945	700	219	-91	-123	104	516	104	85190139	
-1965	-13543	-7907	889	1937	886	217	-91	-124	105	521	105	85190146	
-1700	-14009	-7979	784	1875	990	210	-90	-128	106	526	106	85190146	
-1646	-14023	-8060	538	1686	864	210	-92	-128	107	531	107	85190146	
-1692	-13895	-8212	315	1531	911	208	-96	-126	108	536	108	85190146	
-1642	-13870	-8142	132	1486	1123	210	-92	-124	109	541	109	85190146	
-1682	-13763	-8104	1	1450	1227	213	-87	-121	110	546	110	85190146	
-1748	-13655	-8105	-78	1392	1238	212	-89	-122	111	551	111	85190146	
-1799	-13546	-8128	-180	1346	1288	211	-91	-123	112	556	112	85190150	
-1872	-13430	-8168	-287	1332	1389	212	-90	-124	113	561	113	85190167	
-1941	-13266	-8188	-343	1315	1485	214	-88	-126	114	566	114	85190184	
-1994	-13156	-8318	-345	1307	1556	216	-87	-126	115	571	115	85190184	
-2078	-13163	-8410	-292	1323	1615	218	-86	-126	116	576	116	85190185	
-2153	-13206	-8424	-245	1356	1700	217	-87	-125	117	581	117	85190185	
-2228	-13190	-8413	-190	1382	1790	217	-87	-125	118	586	118	85190185	
-2338	-13185	-8451	-73	1407	1855	216	-86	-123	119	591	119	85190185	
-2363	-13297	-8502	39	1480	1873	215	-85	-121	120	596	120	85190186	
-2348	-13411	-8481	128	1595	1859	216	-85	-122	121	601	121	85190186	
-2370	-13491	-8396	209	1687	1851	218	-86	-124	122	606	122	85190186	
-2395	-13653	-8419	270	1676	1869	217	-88	-125	123	611	123	85190186	
-2484	-13849	-8376	292	1653	1860	216	-92	-126	124	616	124	85190187	
-2562	-13871	-8299	256	1711	1823	215	-91	-124	125	621	125	85190195	
-2580	-13768	-8322	207	1741	1807	214	-90	-122	126	626	126	85190201	
-2572	-13700	-8309	183	1750	1778	216	-89	-121	127	631	127	85190202	
-2570	-13630	-8367	194	1795	1710	218	-88	-120	128	636	128	85190218	
-2542	-13612	-8401	205	1833	1627	213	-89	-128	129	641	129	85190229	
-2590	-13510	-8397	205	1787	1581	210	-90	-134	130	646	130	85190229	
-2688	-13364	-8447	227	1697	1555	214	-88	-126	131	651	131	85190229	
-2750	-13223	-8492	292	1667	1525	217	-87	-121	132	656	132	85190229	
-2770	-13040	-8435	419	1742	1509	213	-88	-126	133	661	133	85190230	
-2602	-12966	-8305	628	1810	1549	212	-88	-128	134	666	134	85190230	
-2454	-13140	-8321	834	1832	1602	215	-88	-123	135	671	135	85190246	
-2254	-13432	-8265	963	1828	1647	216	-88	-122	136	676	136	85190264	
-2149	-13616	-8091	1013	1772	1717	214	-89	-123	137	681	137	85190269	
-2152	-13731	-8006	994	1613	1846	213	-89	-123	138	686	138	85190269	
-2254	-13870	-8072	899	1452	1946	219	-91	-125	139	691	139	85190270	
-2281	-14057	-8065	722	1428	1999	221	-91	-125	140	696	140	85190270	
-2448	-14018	-7936	466	1446	2055	216	-86	-122	141	701	141	85190271	
-2422	-14072	-7970	273	1399	2138	216	-86	-122	142	706	142	85190271	
-2398	-14100	-8088	44	1417	2141	220	-88	-122	143	711	143	85190306	
-2350	-14005	-7970	-97	1492	2110	220	-88	-122	144	716	144	85190306	
-2329	-13885	-7992	-219	1526	2114	218	-83	-125	145	721	145	85190306	
-2329	-13762	-8036	-312	1461	2127	218	-82	-126	146	726	146	85190306	
-2212	-13813	-8130	-372	1400	2080	218	-84	-123	147	731	147	85190306	
-2235	-13763	-8107	-405	1341	2019	218	-84	-122	148	736	148	85190306	
-2394	-13728	-8178	-400	1219	2021	222	-85	-123	149	741	149	85190306	
-2508	-13864	-8134	-395	1092	2032	223	-85	-123	150	746	150	85190306	
-2454	-13936	-8252	-447	1208	1944	222	-88	-122	151	751	151	85190347	
-2424	-13964	-8288	-549	1365	1848	222	-88	-122	152	756	152	85190349	
-2456	-13832	-8302	-603	1355	1876	219	-85	-123	153	761	153	85190354	
-2430	-13716	-8482	-634	1249	1911	219	-85	-123	154	766	154	85190354	
-2338	-13716	-8552	-621	1292	1856	220	-86	-124	155	771	155	85190355	
-2298	-13734	-8430	-513	1373	1765	220	-86	-124	156	776	156	85190355	
-2332	-13704	-8390	-379	1380	1716	216	-88	-124	157	781	157	85190356	
-2373	-13758	-8430	-268	1316	1666	218	-88	-124	158	786	158	85190361	
-2406	-13758	-8410	-239	1309	1622	224	-90	-122	159	791	159	85190383	
-2352	-13635	-8349	-212	1332	1573	223	-89	-121	160	796	160	85190383	
-2295	-13471	-8286	-160	1378	1512	218	-86	-118	161	801	161	85190383	
-2297	-13408	-8274	-64	1412	1444	219	-85	-119	162	806	162	85190385	
-2258	-13424	-8265	47	1374	1401	223	-79	-121	163	811	163	85190385	
-2126	-13440	-8318	125	1355	1370	223	-81	-121	164	816	164	85190386	
-2038	-13503	-8274	191	1388	1312	224	-88	-120	165	821	165	85190398	
-2054	-13529	-8210	278	1366	1280	226	-87	-121	166	826	166	85190421	
-2103	-13607	-8222	326	1242	1293	230	-84	-124	167	831	167	85190421	
-2155	-13760	-8268	304	1149	1309	228	-84	-123	168	836	168	85190421	
-2202	-13820	-8166	239	1136	1326	218	-84	-120	169	841	169	85190421	
-2206	-13698	-8165	150	1190	1348	218	-84	-120	170	846	170	85190422	
-2164	-13637	-8126	47	1273	1354	219	-85	-119	171	851	171	85190422	
-2036	-13514	-8171	-78	1359	1348	219	-85	-121	172	856	172	85190422	
-1972	-13353	-8044	-196	1348	1385	221	-87	-129	173	861	173	85190430	
-1939	-13362	-8193	-302	1221	1490	221	-86	-126	174	866	174	85190462	
-1995	-13405	-8248	-374	1047	1613	221	-81	-117	175	871	175	85190462	
-2054	-13481	-8315	-391	970	1674	221	-82	-120	176	876	176	85190463	
-2113	-13569	-8360	-405	951	1684	222	-84	-124	177	881	177	85190463	
-2195	-13540	-8410	-417	954	1702	222	-83	-122	178	886	178	85190464	
-2202	-13520	-8392	-413	964	1772	222	-82	-120	179	891	179	85190464	
-2202	-13528	-8351	-406	968	1836	224	-84	-121	180	896	180	85190466	
-2219	-13543	-8328	-404	932	1846	228	-86	-122	181	901	181	85190478	
-2260	-13555	-8333	-396	882	1843	226	-84	-123	182	906	182	85190491	
-2335	-13593	-8313	-374	834	1873	224	-82	-124	183	911	183	85190491	
-2380	-13712	-8299	-351	775	1898	225	-85	-127	184	916	184	85190491	
-2454	-13810	-8394	-344	740	1899	225	-87	-129	185	921	185	85190491	
-2547	-13860	-8469	-342	735	1896	223	-85	-126	186	926	186	85190491	
-2592	-13854	-8485	-322	744	1878	222	-84	-124	187	931	187	85190491	
-2606	-13918	-8411	-281	771	1821	224	-83	-122	188	936	188	85190491	
-2598	-13850	-8416	-238	802	1715	225	-83	-121	189	941	189	85190502	
-2599	-13908	-8490	-167	812	1630	225	-83	-123	190	946	190	85190517	
-2593	-13980	-8453	-180	803	1525	225	-83	-125	191	951	191	85190522	
-2558	-13888	-8426	-243	786	1354	225	-82	-123	192	956	192	85190522	
-2518	-13754	-8449	-288	756	1226	225	-81	-121	193	961	193	85190523	
-2479	-13747	-8482	-342	714	1146	226	-83	-124	194	966	194	85190523	
-2463	-13809	-8560	-401	669	1024	226	-84	-126	195	971	195	85190523	
-2474	-13776	-8642	-456	598	872	226	-80	-125	196	976	196	85190545	
-2521	-13849	-8638	-516	486	774	226	-78	-124	197	981	197	85190560	
-2615	-13954	-8658	-576	359	707	222	-79	-125	198	986	198	85190560	
-2693	-13973	-8660	-682	246	597	220	-80	-126	199	991	199	85190560	
-2771	-13873	-8642	-815	183	461	221	-82	-125	200	996	200	85190560	
-2921	-13776	-8603	-899	133	356	221	-83	-125	201	1001	201	85190561	
-2997	-13651	-8562	-958	67	284	226	-77	-125	202	1006	202	85190566	
-3096	-13616	-8644	-1030	0	180	227	-75	-125	203	1011	203	85190591	
-3238	-13608	-8639	-1123	-73	25	222	-81	-122	204	1016	204	85190599	
-3436	-13449	-8699	-1198	-186	-81	221	-83	-121	205	1021	205	85190601	
-3534	-13420	-8722	-1243	-337	-110	220	-81	-125	206	1026	206	85190601	
-3697	-13440	-8801	-1229	-481	-143	220	-80	-126	207	1031	207	85190601	
-3982	-13572	-8808	-1017	-572	-243	227	-81	-129	208	1036	208	85190602	
-4160	-13668	-8836	-722	-536	-319	227	-81	-129	209	1041	209	85190636	
-4250	-13990	-8596	-463	-478	-400	220	-82	-130	210	1046	210	85190644	
-4194	-14242	-8610	-300	-314	-537	220	-82	-130	211	1051	211	85190644	
-4036	-14214	-8426	-262	-89	-799	224	-82	-128	212	1056	212	85190644	
-3762	-13930	-8352	-322	187	-1121	224	-82	-128	213	1061	213	85190644	
-3292	-13630	-8170	-372	440	-1419	222	-76	-122	214	1066	214	85190644	
-2672	-13332	-8136	-363	546	-1728	222	-76	-122	215	1071	215	85190644	
-2194	-13354	-7974	-258	459	-2021	223	-77	-125	216	1076	216	85190664	
-1798	-13770	-8152	-170	186	-2198	223	-77	-125	217	1081	217	85190736	
-1640	-14062	-8256	-358	-202	-2403	221	-85	-123	218	1086	218	85190738	
-1800	-13936	-8434	-401	-554	-2593	221	-85	-123	219	1091	219	85190739	
-1748	-13962	-8486	-428	-716	-2471	225	-85	-125	220	1096	220	85190745	
-1648	-13612	-8584	-453	-713	-2444	225	-85	-125	221	1101	221	85190745	
-1556	-13466	-8488	-347	-584	-2457	227	-91	-123	222	1106	222	85190745	
-1258	-13406	-8478	-478	-407	-2487	227	-91	-123	223	1111	223	85190745	
-1138	-12600	-8268	-695	-313	-2536	217	-83	-123	224	1116	224	85190745	
-837	-11892	-8364	-488	-239	-2246	218	-83	-123	225	1121	225	85190745	
-513	-11694	-8359	-294	-177	-1880	224	-82	-122	226	1126	226	85190749	
-263	-11676	-8393	-46	-161	-1631	223	-82	-123	227	1131	227	85190767	
-155	-11724	-8371	237	-245	-1416	221	-81	-129	228	1136	228	85190767	
-247	-11788	-8463	453	-403	-1057	222	-82	-129	229	1141	229	85190767	
-360	-12093	-8560	690	-542	-564	226	-84	-128	230	1146	230	85190767	
-474	-12404	-8423	841	-623	-98	224	-84	-128	231	1151	231	85190767	
-654	-12835	-8433	989	-634	302	216	-86	-130	232	1156	232	85190768	
-920	-13424	-8406	1036	-632	679	218	-84	-127	233	1161	233	85190768	
-1202	-13850	-8276	958	-638	980	222	-82	-122	234	1166	234	85190768	
-1475	-14174	-8139	804	-641	1224	221	-84	-123	235	1171	235	85190768	
-1703	-14400	-8075	609	-616	1415	220	-86	-124	236	1176	236	85190768	
-1917	-14606	-8007	409	-547	1554	221	-85	-122	237	1181	237	85190772	
-2124	-14810	-7956	233	-471	1629	222	-84	-120	238	1186	238	85190789	
-2268	-14940	-7949	57	-397	1651	223	-84	-122	239	1191	239	85190807	
-2409	-15008	-7884	-119	-347	1652	225	-83	-125	240	1196	240	85190807	
-2569	-14978	-7852	-295	-313	1639	226	-82	-125	241	1201	241	85190808	
-2697	-14756	-7893	-506	-248	1594	229	-79	-125	242	1206	242	85190808	
-2807	-14560	-7932	-680	-150	1529	228	-79	-125	243	1211	243	85190808	
-2848	-14342	-7969	-802	-41	1425	226	-78	-126	244	1216	244	85190808	
-2835	-14033	-8016	-888	32	1305	226	-78	-128	245	1221	245	85190808	
-2800	-13868	-8109	-958	55	1196	227	-79	-131	246	1226	246	85190808	
-2791	-13798	-8161	-1021	13	1079	224	-81	-129	247	1231	247	85190808	
-2780	-13656	-8312	-1065	-75	950	220	-84	-126	248	1236	248	85190808	
-2823	-13491	-8521	-1110	-158	832	222	-83	-125	249	1241	249	85190808	
-2869	-13356	-8636	-1155	-172	743	223	-81	-123	250	1246	250	85190821	
-2883	-13056	-8697	-1183	-143	675	226	-80	-125	251	1251	251	85190845	
-2886	-12655	-8867	-1105	-89	664	228	-80	-126	252	1256	252	85190855	
-2759	-12750	-8981	-974	-16	701	226	-80	-124	253	1261	253	85190855	
-2739	-12778	-8938	-1051	18	577	224	-80	-122	254	1266	254	85190856	
-2790	-12373	-8989	-1139	-37	442	221	-81	-119	255	1271	255	85190856	
-2818	-12076	-9101	-1137	-50	557	219	-81	-117	256	1276	256	85190856	
-2808	-11951	-9054	-1087	8	740	220	-83	-125	257	1281	257	85190857	
-2747	-11878	-9019	-881	53	818	220	-84	-130	258	1286	258	85190882	
-2666	-12054	-9157	-675	61	849	225	-81	-127	259	1291	259	85190890	
-2616	-12423	-9115	-563	28	904	226	-80	-126	260	1296	260	85190890	
-2627	-12718	-9149	-524	-65	971	221	-82	-121	261	1301	261	85190890	
-2728	-12919	-9180	-509	-168	1065	220	-82	-120	262	1306	262	85190890	
-2790	-13194	-9088	-512	-209	1139	226	-80	-123	263	1311	263	85190891	
-2832	-13368	-9030	-523	-147	1129	228	-80	-124	264	1316	264	85190891	
-2851	-13480	-8965	-526	-74	1065	226	-79	-123	265	1321	265	85190891	
-2814	-13498	-8825	-540	-15	956	225	-79	-123	266	1326	266	85190898	
-2778	-13514	-8730	-566	-3	852	218	-77	-127	267	1331	267	85190922	
-2756	-13510	-8678	-595	-20	727	216	-76	-128	268	1336	268	85190928	
-2701	-13497	-8567	-591	-112	588	224	-81	-122	269	1341	269	85190931	
-2766	-13475	-8536	-575	-252	418	226	-82	-120	270	1346	270	85190933	
-2840	-13473	-8528	-516	-387	273	227	-80	-122	271	1351	271	85190955	
-2892	-13437	-8478	-432	-519	171	227	-79	-123	272	1356	272	85190961	
-2966	-13567	-8560	-337	-632	84	226	-78	-129	273	1361	273	85190962	
-3124	-13639	-8490	-262	-671	11	226	-78	-130	274	1366	274	85190962	
-3164	-13512	-8566	-200	-640	-96	220	-82	-124	275	1371	275	85190965	
-3226	-13372	-8522	-151	-584	-112	220	-82	-124	276	1376	276	85190965	
-3096	-13244	-8412	-117	-471	-100	223	-83	-127	277	1381	277	85190965	
-3004	-13184	-8300	-42	-394	-109	223	-83	-127	278	1386	278	85190966	
-2888	-13154	-8350	33	-349	-152	219	-83	-123	279	1391	279	85190966	
-2822	-13228	-8364	89	-336	-125	219	-83	-123	280	1396	280	85190966	
-2784	-13360	-8372	92	-327	-75	224	-82	-122	281	1401	281	85190966	
-2698	-13500	-8408	14	-346	-25	224	-82	-122	282	1406	282	85190974	
-2756	-13647	-8538	-159	-357	57	225	-81	-127	283	1411	283	85191005	
-2799	-13708	-8584	-339	-314	153	224	-82	-127	284	1416	284	85191005	
-2862	-13734	-8610	-503	-238	221	219	-85	-125	285	1421	285	85191005	
-2834	-13669	-8714	-648	-155	278	220	-84	-125	286	1426	286	85191005	
-2814	-13635	-8660	-772	-100	305	226	-80	-124	287	1431	287	85191006	
-2831	-13664	-8812	-879	-67	337	225	-80	-124	288	1436	288	85191006	
-2858	-13605	-8881	-936	-52	345	221	-79	-125	289	1441	289	85191007	
-2816	-13642	-8894	-962	-64	322	221	-79	-125	290	1446	290	85191014	
-2770	-13520	-9066	-942	-67	252	222	-76	-120	291	1451	291	85191045	
-2843	-13417	-8998	-850	-70	144	222	-76	-121	292	1456	292	85191046	
-2863	-13219	-8981	-685	-98	91	221	-77	-123	293	1461	293	85191046	
-2747	-13087	-8865	-445	-160	24	221	-77	-123	294	1466	294	85191046	
-2676	-13045	-8562	-168	-259	-76	221	-77	-121	295	1471	295	85191046	
-2652	-13340	-8670	134	-389	-224	221	-78	-121	296	1476	296	85191047	
-2752	-13681	-8666	407	-569	-387	223	-81	-123	297	1481	297	85191048	
-2889	-14010	-8327	544	-855	-438	223	-81	-122	298	1486	298	85191060	
-3032	-14191	-8306	527	-1071	-488	224	-82	-120	299	1491	299	85191083	
-3150	-14355	-8351	361	-1108	-723	223	-81	-121	300	1496	300	85191083	
-3231	-14266	-8403	178	-1040	-915	221	-79	-123	301	1501	301	85191083	
-3178	-14134	-8431	-29	-928	-1034	221	-79	-123	302	1506	302	85191083	
-3031	-14003	-8320	-257	-813	-1145	222	-78	-124	303	1511	303	85191083	
-2834	-13808	-8302	-479	-783	-1276	224	-81	-124	304	1516	304	85191083	
-2742	-13636	-8402	-683	-845	-1374	227	-85	-125	305	1521	305	85191087	
-2758	-13552	-8530	-896	-940	-1440	223	-85	-125	306	1526	306	85191116	
-2765	-13422	-8645	-1109	-997	-1487	216	-84	-124	307	1531	307	85191150	
-2791	-13152	-8808	-1330	-976	-1537	217	-86	-124	308	1536	308	85191150	
-2773	-12857	-8980	-1508	-875	-1581	218	-88	-124	309	1541	309	85191150	
-2648	-12578	-9095	-1636	-757	-1580	220	-86	-122	310	1546	310	85191150	
-2507	-12254	-9283	-1739	-652	-1554	221	-85	-121	311	1551	311	85191150	
-2389	-12014	-9400	-1753	-600	-1507	222	-85	-123	312	1556	312	85191151	
-2297	-11960	-9455	-1643	-630	-1417	223	-85	-125	313	1561	313	85191178	
-2255	-11980	-9547	-1457	-684	-1339	222	-85	-126	314	1566	314	85191197	
-2272	-12068	-9665	-1241	-726	-1271	220	-84	-126	315	1571	315	85191198	
-2379	-12338	-9749	-992	-742	-1178	220	-83	-128	316	1576	316	85191199	
-2467	-12610	-9654	-782	-706	-1113	220	-82	-130	317	1581	317	85191199	
-2534	-12726	-9514	-632	-667	-1076	220	-84	-126	318	1586	318	85191200	
-2652	-12891	-9310	-418	-644	-1026	220	-86	-124	319	1591	319	85191200	
-2773	-13098	-9068	-72	-687	-969	222	-86	-129	320	1596	320	85191201	
-2767	-13521	-8978	329	-703	-983	224	-86	-132	321	1601	321	85191201	
-2658	-13945	-8896	524	-523	-1197	220	-82	-130	322	1606	322	85191202	
-2652	-14012	-8642	553	-306	-1439	218	-80	-128	323	1611	323	85191202	
-2633	-13918	-8419	613	-322	-1360	220	-85	-126	324	1616	324	85191202	
-2549	-13798	-8257	709	-484	-1199	221	-87	-125	325	1621	325	85191222	
-2534	-13575	-8240	919	-480	-1281	219	-87	-125	326	1626	326	85191227	
-2308	-13638	-8225	1117	-211	-1438	219	-87	-125	327	1631	327	85191227	
-2114	-13431	-7942	1186	32	-1588	220	-85	-124	328	1636	328	85191227	
-1939	-13215	-7958	1291	57	-1542	220	-84	-124	329	1641	329	85191227	
-1744	-13062	-7978	1289	45	-1364	216	-86	-126	330	1646	330	85191227	
-1520	-12877	-7984	1168	49	-1198	215	-87	-127	331	1651	331	85191227	
-1354	-12632	-8029	1046	28	-1075	218	-85	-127	332	1656	332	85191227	
-1318	-12688	-8164	935	-57	-885	219	-85	-127	333	1661	333	85191227	
-1328	-12944	-8278	834	-150	-685	222	-84	-126	334	1666	334	85191236	
-1444	-13128	-8464	710	-151	-423	222	-84	-126	335	1671	335	85191275	
-1542	-13492	-8618	509	-114	-41	220	-82	-128	336	1676	336	85191275	
-1618	-13668	-8640	131	-67	307	220	-82	-128	337	1681	337	85191276	
-1808	-13770	-8640	-252	19	555	218	-92	-128	338	1686	338	85191276	
-1946	-13705	-8578	-532	126	737	218	-92	-128	339	1691	339	85191276	
-2012	-13678	-8510	-799	267	930	221	-90	-128	340	1696	340	85191277	
-1938	-13568	-8442	-1037	414	1116	222	-90	-128	341	1701	341	85191277	
-1928	-13564	-8400	-1180	473	1203	220	-86	-124	342	1706	342	85191293	
-1946	-13488	-8382	-1286	465	1260	220	-86	-124	343	1711	343	85191303	
-1946	-13418	-8500	-1332	395	1283	221	-91	-129	344	1716	344	85191303	
-2026	-13322	-8396	-1326	279	1289	221	-91	-129	345	1721	345	85191303	
-1996	-13294	-8548	-1283	151	1247	223	-85	-121	346	1726	346	85191303	
-2106	-13340	-8636	-1190	35	1167	223	-85	-121	347	1731	347	85191303	
-2162	-13346	-8678	-1077	-75	1072	224	-88	-120	348	1736	348	85191303	
