-10016	-11814	-4677	1786	-16	-501	208	48	183	1	1	1	85241179	
-10176	-12260	-4776	1667	31	-742	207	55	185	2	6	2	85241179	
-10329	-12691	-4818	1488	60	-991	207	54	185	3	11	3	85241181	
-10425	-12939	-4748	1240	57	-1213	208	52	186	4	16	4	85241193	
-10564	-12900	-4646	893	-10	-1389	209	52	185	5	21	5	85241216	
-10732	-12607	-4457	444	-96	-1492	213	51	183	6	26	6	85241217	
-10978	-12093	-4367	-58	-217	-1526	211	51	183	7	31	7	85241217	
-11221	-11411	-4476	-515	-327	-1500	203	49	181	8	36	8	85241217	
-11554	-10828	-4686	-828	-417	-1442	203	49	181	9	41	9	85241217	
-11865	-10085	-4929	-1034	-465	-1346	205	51	185	10	46	10	85241217	
-12151	-9687	-5187	-1017	-478	-1254	205	50	185	11	51	11	85241222	
-12324	-9395	-5458	-866	-466	-1145	207	45	187	12	56	12	85241245	
-12353	-9274	-5708	-630	-418	-1048	207	45	187	13	61	13	85241255	
-12285	-9338	-5941	-357	-381	-955	209	43	187	14	66	14	85241255	
-12168	-9483	-6190	-75	-381	-869	209	44	186	15	71	15	85241255	
-12054	-9748	-6288	179	-394	-757	208	46	180	16	76	16	85241255	
-11952	-9989	-6357	377	-408	-665	209	46	180	17	81	17	85241255	
-11842	-10282	-6316	501	-408	-584	212	46	180	18	86	18	85241259	
-11706	-10529	-6310	525	-415	-522	208	47	183	19	91	19	85241276	
-11605	-10719	-6315	488	-443	-458	201	49	187	20	96	20	85241293	
-11606	-10825	-6298	411	-469	-403	202	49	185	21	101	21	85241293	
-11550	-10817	-6206	311	-513	-350	205	49	177	22	106	22	85241293	
-11484	-10792	-6093	176	-546	-291	205	48	179	23	111	23	85241293	
-11434	-10732	-6076	53	-564	-239	204	44	186	24	116	24	85241293	
-11358	-10649	-5975	-55	-570	-198	205	45	185	25	121	25	85241293	
-11339	-10540	-5915	-156	-573	-168	206	46	182	26	126	26	85241296	
-11252	-10446	-5852	-223	-586	-150	205	44	182	27	131	27	85241313	
-11223	-10260	-5749	-266	-604	-140	204	42	182	28	136	28	85241330	
-11271	-10034	-5715	-275	-620	-125	206	42	184	29	141	29	85241330	
-11278	-9855	-5678	-237	-637	-120	210	42	188	30	146	30	85241330	
-11248	-9685	-5630	-165	-643	-123	210	43	186	31	151	31	85241330	
-11243	-9609	-5533	-62	-636	-120	211	45	183	32	156	32	85241330	
-11223	-9605	-5427	52	-611	-123	211	45	183	33	161	33	85241331	
-11165	-9620	-5319	203	-583	-134	210	46	184	34	166	34	85241335	
-11140	-9650	-5298	347	-531	-154	209	45	185	35	171	35	85241356	
-11127	-9677	-5230	455	-494	-168	208	44	186	36	176	36	85241368	
-11130	-9738	-5147	552	-478	-192	206	46	186	37	181	37	85241368	
-11145	-9806	-5103	633	-450	-222	204	50	186	38	186	38	85241368	
-11142	-9887	-5168	705	-407	-263	206	46	184	39	191	39	85241368	
-11131	-9989	-5249	774	-371	-302	208	40	182	40	196	40	85241368	
-11182	-10088	-5266	827	-352	-340	208	45	183	41	201	41	85241371	
-11235	-10158	-5323	863	-333	-392	209	53	185	42	206	42	85241391	
-11288	-10215	-5372	900	-312	-445	208	47	184	43	211	43	85241405	
-11352	-10278	-5412	930	-311	-484	207	43	183	44	216	44	85241405	
-11428	-10331	-5402	948	-320	-525	207	44	184	45	221	45	85241405	
-11527	-10386	-5374	958	-322	-574	208	46	186	46	226	46	85241405	
-11592	-10412	-5412	952	-324	-606	208	45	185	47	231	47	85241406	
-11594	-10409	-5410	932	-329	-621	208	44	184	48	236	48	85241406	
-11625	-10414	-5347	907	-334	-636	207	46	186	49	241	49	85241409	
-11677	-10306	-5326	879	-327	-653	206	48	188	50	246	50	85241425	
-11767	-10256	-5324	860	-310	-652	208	49	189	51	251	51	85241443	
-11789	-10332	-5342	851	-298	-634	210	50	190	52	256	52	85241443	
-11749	-10400	-5285	842	-293	-614	209	49	185	53	261	53	85241443	
-11738	-10419	-5291	830	-285	-604	209	49	181	54	266	54	85241443	
-11763	-10510	-5361	797	-288	-592	209	50	181	55	271	55	85241443	
-11713	-10583	-5334	747	-294	-574	209	51	181	56	276	56	85241443	
-11612	-10633	-5229	688	-307	-560	209	46	183	57	281	57	85241461	
-11561	-10661	-5203	604	-333	-549	209	39	187	58	286	58	85241487	
-11553	-10632	-5279	498	-366	-526	207	44	187	59	291	59	85241488	
-11563	-10624	-5338	408	-400	-512	204	48	186	60	296	60	85241489	
-11547	-10590	-5396	345	-415	-509	202	47	185	61	301	61	85241489	
-11543	-10573	-5455	295	-414	-498	201	47	185	62	306	62	85241489	
-11546	-10555	-5524	249	-391	-479	200	45	186	63	311	63	85241489	
-11541	-10576	-5546	194	-366	-460	200	44	186	64	316	64	85241490	
-11554	-10591	-5614	121	-355	-433	202	46	186	65	321	65	85241511	
-11531	-10562	-5646	58	-349	-411	204	48	186	66	326	66	85241525	
-11475	-10549	-5542	15	-339	-401	203	46	190	67	331	67	85241525	
-11420	-10533	-5542	-37	-341	-384	203	45	193	68	336	68	85241525	
-11380	-10531	-5556	-90	-342	-376	208	47	186	69	341	69	85241525	
-11318	-10472	-5501	-143	-329	-373	211	49	181	70	346	70	85241525	
-11288	-10409	-5424	-186	-318	-369	210	48	185	71	351	71	85241526	
-11296	-10283	-5382	-202	-307	-366	209	47	187	72	356	72	85241548	
-11313	-10200	-5364	-201	-300	-364	207	49	186	73	361	73	85241563	
-11314	-10123	-5361	-177	-291	-363	206	50	186	74	366	74	85241563	
-11320	-10062	-5344	-139	-281	-364	207	47	185	75	371	75	85241563	
-11388	-10099	-5356	-98	-267	-373	207	45	185	76	376	76	85241563	
-11400	-10048	-5380	-39	-274	-363	207	43	187	77	381	77	85241563	
-11336	-9995	-5354	21	-291	-374	207	43	187	78	386	78	85241563	
-11390	-10034	-5320	99	-291	-369	206	45	185	79	391	79	85241571	
-11412	-10094	-5387	154	-296	-367	206	46	184	80	396	80	85241588	
-11392	-10146	-5401	204	-299	-379	205	48	184	81	401	81	85241595	
-11389	-10190	-5351	240	-316	-402	204	50	184	82	406	82	85241595	
-11389	-10238	-5330	263	-329	-428	208	50	185	83	411	83	85241596	
-11425	-10195	-5350	297	-335	-449	210	50	186	84	416	84	85241596	
-11435	-10145	-5335	339	-331	-465	212	47	184	85	421	85	85241596	
-11439	-10202	-5376	371	-327	-474	212	46	184	86	426	86	85241596	
-11413	-10236	-5548	401	-319	-477	209	46	187	87	431	87	85241596	
-11390	-10306	-5542	420	-301	-474	208	46	188	88	436	88	85241596	
-11426	-10266	-5509	449	-297	-489	210	45	187	89	441	89	85241624	
-11393	-10273	-5520	428	-303	-491	211	45	187	90	446	90	85241632	
-11330	-10315	-5536	412	-314	-495	210	43	189	91	451	91	85241632	
-11291	-10342	-5499	402	-319	-495	210	42	190	92	456	92	85241632	
-11332	-10342	-5487	395	-324	-507	206	48	186	93	461	93	85241632	
-11358	-10346	-5428	396	-345	-512	204	50	184	94	466	94	85241632	
-11346	-10378	-5410	392	-356	-514	205	48	185	95	471	95	85241632	
-11323	-10440	-5442	375	-369	-526	205	47	185	96	476	96	85241641	
-11323	-10422	-5368	357	-385	-523	208	45	180	97	481	97	85241665	
-11329	-10438	-5398	343	-388	-529	209	45	179	98	486	98	85241670	
-11341	-10386	-5373	334	-391	-535	208	46	185	99	491	99	85241670	
-11334	-10350	-5383	342	-398	-539	208	46	186	100	496	100	85241670	
-11308	-10424	-5334	347	-414	-527	209	47	183	101	501	101	85241670	
-11356	-10378	-5390	355	-426	-535	209	47	183	102	506	102	85241670	
-11319	-10320	-5457	340	-429	-529	213	50	184	103	511	103	85241694	
-11349	-10410	-5372	332	-436	-522	214	50	184	104	516	104	85241708	
-11300	-10420	-5359	313	-432	-507	204	47	187	105	521	105	85241710	
-11347	-10405	-5360	299	-433	-508	202	46	188	106	526	106	85241710	
-11354	-10386	-5398	273	-440	-503	205	44	182	107	531	107	85241710	
-11336	-10326	-5477	249	-456	-489	206	44	180	108	536	108	85241710	
-11356	-10372	-5484	242	-448	-487	207	49	189	109	541	109	85241710	
-11356	-10280	-5492	253	-458	-493	207	49	189	110	546	110	85241719	
-11422	-10306	-5472	236	-473	-485	207	47	189	111	551	111	85241748	
-11454	-10294	-5456	253	-466	-487	207	47	189	112	556	112	85241748	
-11440	-10230	-5372	267	-440	-472	210	50	184	113	561	113	85241749	
-11440	-10184	-5464	286	-422	-466	210	50	184	114	566	114	85241749	
-11482	-10161	-5454	312	-402	-459	212	48	191	115	571	115	85241749	
-11453	-10281	-5470	327	-394	-446	212	48	192	116	576	116	85241750	
-11532	-10266	-5429	344	-380	-433	211	49	185	117	581	117	85241750	
-11532	-10330	-5444	328	-394	-426	211	49	183	118	586	118	85241757	
-11492	-10308	-5368	314	-393	-413	202	46	192	119	591	119	85241785	
-11498	-10368	-5416	302	-386	-412	202	46	192	120	596	120	85241785	
-11452	-10378	-5366	313	-393	-409	209	47	189	121	601	121	85241785	
