-2128	-13302	-8808	-351	-154	286	218	-94	-122	1	1	1	85249507	
-2130	-13247	-8830	-306	-126	263	219	-92	-124	2	6	2	85249574	
-2116	-13240	-8818	-252	-90	228	220	-90	-126	3	11	3	85249616	
-2108	-13202	-8838	-165	-72	197	215	-92	-124	4	16	4	85249616	
-2079	-13236	-8902	-58	-52	169	213	-93	-123	5	21	5	85249616	
-2032	-13296	-8826	39	-11	154	219	-90	-125	6	26	6	85249616	
-2035	-13330	-8818	114	12	132	221	-89	-125	7	31	7	85249616	
-1984	-13346	-8664	169	-13	125	219	-89	-123	8	36	8	85249616	
-1956	-13338	-8694	212	-46	145	219	-89	-123	9	41	9	85249633	
-1950	-13390	-8576	216	-61	163	223	-90	-124	10	46	10	85249659	
-1992	-13481	-8603	213	-54	172	224	-90	-124	11	51	11	85249664	
-2002	-13502	-8628	196	0	176	223	-85	-127	12	56	12	85249664	
-1975	-13619	-8530	144	64	172	223	-85	-127	13	61	13	85249664	
-1917	-13594	-8534	93	47	172	219	-95	-126	14	66	14	85249664	
-1821	-13536	-8620	33	-8	204	218	-98	-126	15	71	15	85249664	
-1779	-13468	-8552	-52	-38	252	220	-92	-126	16	76	16	85249664	
-1768	-13529	-8612	-100	-70	272	220	-90	-126	17	81	17	85249664	
-1864	-13538	-8622	-121	-108	248	222	-95	-128	18	86	18	85249664	
-1810	-13482	-8628	-161	-118	271	222	-96	-128	19	91	19	85249664	
-1790	-13417	-8531	-200	-84	317	218	-90	-126	20	96	20	85249664	
-1828	-13366	-8584	-188	-96	296	217	-89	-125	21	101	21	85249664	
-1774	-13390	-8674	-158	-135	267	218	-92	-122	22	106	22	85249706	
-1736	-13386	-8632	-123	-146	273	218	-92	-122	23	111	23	85249706	
-1688	-13508	-8648	-110	-180	264	220	-92	-122	24	116	24	85249706	
-1746	-13520	-8522	-104	-195	265	220	-92	-122	25	121	25	85249707	
-1798	-13602	-8544	-106	-237	266	222	-94	-122	26	126	26	85249707	
-1758	-13616	-8528	-111	-243	253	222	-94	-122	27	131	27	85249708	
-1820	-13600	-8666	-126	-233	260	217	-95	-121	28	136	28	85249708	
-1821	-13654	-8604	-150	-236	242	218	-95	-122	29	141	29	85249708	
-1830	-13580	-8549	-188	-227	237	224	-94	-124	30	146	30	85249708	
-1874	-13532	-8547	-221	-218	231	224	-94	-124	31	151	31	85249709	
-1828	-13510	-8503	-254	-221	242	224	-94	-124	32	156	32	85249709	
-1863	-13507	-8470	-278	-219	244	224	-93	-124	33	161	33	85249709	
-1823	-13490	-8589	-290	-212	245	225	-87	-125	34	166	34	85249710	
-1782	-13430	-8634	-303	-199	259	224	-87	-126	35	171	35	85249714	
-1803	-13420	-8566	-312	-223	259	219	-85	-129	36	176	36	85249715	
-1825	-13413	-8535	-303	-233	264	220	-87	-127	37	181	37	85249715	
-1789	-13403	-8600	-319	-234	320	222	-92	-122	38	186	38	85249715	
-1776	-13382	-8601	-322	-244	339	221	-92	-123	39	191	39	85249715	
-1881	-13396	-8557	-338	-285	336	217	-93	-125	40	196	40	85249715	
-1843	-13413	-8620	-347	-312	360	218	-92	-125	41	201	41	85249717	
-1904	-13467	-8618	-355	-326	383	224	-90	-124	42	206	42	85249730	
-1941	-13455	-8601	-368	-312	385	223	-90	-124	43	211	43	85249744	
-1936	-13487	-8665	-376	-277	392	218	-92	-126	44	216	44	85249745	
-1927	-13461	-8683	-384	-257	391	218	-93	-127	45	221	45	85249745	
-1920	-13438	-8682	-382	-241	372	218	-96	-130	46	226	46	85249745	
-1929	-13485	-8666	-370	-243	359	218	-96	-126	47	231	47	85249745	
-1924	-13503	-8654	-352	-253	350	219	-97	-119	48	236	48	85249745	
-1939	-13490	-8714	-338	-259	339	218	-96	-124	49	241	49	85249745	
-1938	-13463	-8704	-311	-249	331	217	-95	-131	50	246	50	85249756	
-1980	-13410	-8641	-284	-215	333	217	-96	-128	51	251	51	85249777	
-1998	-13384	-8595	-250	-169	328	217	-97	-123	52	256	52	85249782	
-1975	-13328	-8620	-200	-126	319	217	-95	-125	53	261	53	85249782	
-1941	-13307	-8632	-122	-96	323	217	-91	-127	54	266	54	85249783	
-1908	-13315	-8600	-41	-87	330	217	-91	-122	55	271	55	85249783	
-1877	-13354	-8576	25	-87	345	217	-91	-119	56	276	56	85249783	
-1890	-13424	-8591	76	-84	365	221	-90	-120	57	281	57	85249784	
-1874	-13516	-8607	105	-57	380	223	-89	-121	58	286	58	85249792	
-1778	-13591	-8571	110	-16	395	221	-90	-123	59	291	59	85249815	
-1756	-13642	-8526	104	18	418	220	-90	-124	60	296	60	85249827	
-1708	-13698	-8511	84	37	445	219	-92	-121	61	301	61	85249829	
-1634	-13784	-8486	27	26	495	219	-93	-119	62	306	62	85249830	
-1608	-13819	-8455	-52	7	531	221	-92	-124	63	311	63	85249831	
-1599	-13846	-8428	-155	-11	573	222	-92	-126	64	316	64	85249832	
-1609	-13852	-8400	-288	-29	631	224	-90	-125	65	321	65	85249833	
-1677	-13742	-8374	-478	-57	700	225	-89	-125	66	326	66	85249850	
-1790	-13664	-8382	-600	-116	696	221	-87	-125	67	331	67	85249861	
-1868	-13665	-8446	-626	-85	684	219	-85	-125	68	336	68	85249861	
-1848	-13662	-8427	-691	6	743	218	-90	-126	69	341	69	85249861	
-1805	-13646	-8394	-752	12	788	218	-94	-126	70	346	70	85249861	
-1848	-13622	-8545	-827	-41	783	222	-96	-127	71	351	71	85249861	
-1976	-13651	-8503	-888	-88	801	223	-97	-127	72	356	72	85249861	
-2031	-13580	-8507	-935	-105	851	222	-95	-126	73	361	73	85249861	
-2142	-13466	-8576	-999	-129	864	222	-94	-126	74	366	74	85249882	
-2149	-13458	-8574	-968	-116	794	221	-90	-119	75	371	75	85249896	
-2075	-13417	-8618	-936	-39	779	221	-89	-117	76	376	76	85249898	
-2063	-13424	-8691	-928	-2	778	219	-93	-124	77	381	77	85249898	
-2083	-13466	-8754	-904	-55	753	218	-94	-126	78	386	78	85249898	
-2150	-13614	-8794	-893	-149	724	218	-94	-132	79	391	79	85249898	
-2264	-13556	-8836	-872	-223	733	218	-94	-132	80	396	80	85249899	
-2458	-13582	-9028	-833	-254	745	221	-91	-121	81	401	81	85249910	
-2506	-13496	-9108	-775	-188	714	221	-91	-121	82	406	82	85249936	
-2506	-13328	-8900	-683	-51	685	219	-89	-129	83	411	83	85249936	
-2450	-13376	-8854	-614	23	694	219	-89	-129	84	416	84	85249936	
-2408	-13360	-8852	-550	76	697	221	-93	-127	85	421	85	85249936	
-2308	-13330	-8738	-478	88	684	221	-93	-127	86	426	86	85249937	
-2282	-13264	-8820	-403	96	671	212	-86	-128	87	431	87	85249937	
-2218	-13274	-8884	-348	118	635	212	-86	-128	88	436	88	85249937	
-2272	-13218	-8696	-286	172	601	226	-90	-128	89	441	89	85249953	
-2180	-13204	-8772	-226	194	579	226	-90	-128	90	446	90	85249973	
-2040	-13218	-8758	-188	246	577	219	-87	-127	91	451	91	85249973	
-1970	-13330	-8722	-171	245	559	219	-87	-127	92	456	92	85249973	
-1918	-13536	-8760	-177	190	541	225	-91	-127	93	461	93	85249973	
-1928	-13606	-8832	-198	112	562	225	-91	-127	94	466	94	85249973	
-2020	-13534	-8836	-250	62	588	221	-91	-123	95	471	95	85249973	
-2070	-13612	-8788	-312	73	610	221	-90	-123	96	476	96	85249982	
-2007	-13520	-8793	-341	130	619	222	-86	-122	97	481	97	85250013	
-2030	-13377	-8785	-370	166	605	221	-86	-123	98	486	98	85250014	
-1979	-13336	-8672	-381	199	571	218	-86	-126	99	491	99	85250014	
-1941	-13276	-8666	-389	233	553	220	-87	-125	100	496	100	85250014	
-1829	-13194	-8599	-384	244	533	227	-89	-119	101	501	101	85250014	
-1768	-13080	-8696	-360	217	506	225	-89	-121	102	506	102	85250014	
-1702	-13052	-8665	-312	194	476	218	-90	-128	103	511	103	85250019	
-1693	-13114	-8720	-278	165	452	219	-90	-127	104	516	104	85250040	
-1676	-13300	-8724	-252	105	442	221	-89	-125	105	521	105	85250062	
-1660	-13386	-8799	-262	36	431	221	-90	-128	106	526	106	85250062	
-1700	-13447	-8860	-299	-32	431	222	-92	-132	107	531	107	85250062	
-1733	-13420	-8907	-352	-58	431	220	-90	-130	108	536	108	85250063	
-1756	-13360	-8830	-419	-44	432	218	-86	-126	109	541	109	85250063	
-1819	-13262	-8810	-460	-24	423	218	-89	-127	110	546	110	85250063	
-1840	-13206	-8844	-460	-9	413	217	-93	-129	111	551	111	85250066	
-1814	-13202	-8812	-442	-21	394	220	-91	-127	112	556	112	85250082	
-1789	-13202	-8772	-439	-55	378	225	-87	-125	113	561	113	85250100	
-1783	-13183	-8757	-429	-111	364	225	-88	-127	114	566	114	85250100	
-1859	-13184	-8750	-399	-174	360	224	-90	-130	115	571	115	85250100	
-1895	-13180	-8727	-354	-229	341	223	-88	-128	116	576	116	85250100	
-1912	-13222	-8715	-310	-265	307	221	-85	-125	117	581	117	85250100	
-1905	-13309	-8701	-280	-294	282	219	-87	-126	118	586	118	85250100	
-1912	-13374	-8731	-274	-331	269	215	-89	-127	119	591	119	85250100	
-1960	-13426	-8758	-295	-380	256	221	-87	-124	120	596	120	85250100	
-2001	-13406	-8774	-348	-420	229	226	-84	-120	121	601	121	85250109	
-2049	-13429	-8761	-395	-460	208	221	-85	-123	122	606	122	85250128	
-2114	-13405	-8829	-426	-473	182	217	-85	-125	123	611	123	85250137	
-2136	-13384	-8786	-443	-460	144	219	-84	-124	124	616	124	85250138	
-2190	-13356	-8746	-450	-442	112	220	-84	-124	125	621	125	85250138	
-2223	-13313	-8822	-463	-426	94	219	-85	-128	126	626	126	85250138	
-2180	-13281	-8838	-474	-425	76	218	-86	-130	127	631	127	85250138	
-2188	-13215	-8808	-470	-423	38	219	-89	-128	128	636	128	85250142	
-2174	-13243	-8779	-442	-429	9	219	-91	-127	129	641	129	85250167	
-2149	-13270	-8892	-420	-446	-19	217	-91	-124	130	646	130	85250175	
-2143	-13269	-8919	-395	-456	-59	217	-91	-123	131	651	131	85250175	
-2172	-13234	-8948	-368	-471	-89	223	-95	-122	132	656	132	85250175	
-2210	-13261	-9020	-334	-480	-119	224	-96	-122	133	661	133	85250176	
-2247	-13320	-8966	-310	-495	-155	223	-94	-124	134	666	134	85250176	
-2206	-13249	-8991	-268	-484	-188	223	-93	-125	135	671	135	85250176	
-2264	-13151	-9042	-212	-468	-233	223	-91	-125	136	676	136	85250204	
-2191	-13222	-8985	-142	-439	-272	223	-91	-125	137	681	137	85250211	
-2229	-13223	-8949	-92	-423	-304	221	-89	-125	138	686	138	85250211	
-2220	-13184	-8944	-53	-420	-330	221	-89	-125	139	691	139	85250211	
-2214	-13280	-8952	-28	-411	-349	223	-91	-127	140	696	140	85250211	
-2204	-13183	-8916	6	-404	-368	224	-92	-128	141	701	141	85250211	
-2226	-13154	-8917	55	-376	-378	218	-89	-126	142	706	142	85250211	
-2195	-13199	-8896	105	-338	-376	216	-88	-126	143	711	143	85250211	
-2138	-13132	-8839	172	-300	-393	220	-92	-128	144	716	144	85250241	
-2107	-13106	-8839	209	-278	-383	221	-93	-129	145	721	145	85250248	
-2120	-13140	-8848	241	-249	-368	218	-92	-132	146	726	146	85250248	
-2094	-13076	-8798	281	-252	-343	218	-92	-132	147	731	147	85250248	
-2108	-13166	-8780	306	-226	-334	221	-89	-127	148	736	148	85250248	
-2038	-13148	-8716	321	-200	-311	221	-89	-127	149	741	149	85250249	
-1998	-13156	-8716	348	-178	-289	220	-90	-130	150	746	150	85250249	
-1920	-13178	-8672	364	-147	-254	220	-90	-130	151	751	151	85250258	
-1844	-13282	-8708	364	-124	-231	215	-91	-129	152	756	152	85250286	
-1762	-13276	-8678	356	-115	-210	215	-91	-129	153	761	153	85250291	
-1649	-13334	-8536	351	-103	-157	216	-90	-130	154	766	154	85250292	
-1613	-13414	-8551	350	-107	-124	217	-91	-130	155	771	155	85250292	
-1600	-13506	-8667	334	-158	-105	220	-94	-130	156	776	156	85250293	
-1570	-13513	-8622	303	-202	-73	221	-94	-130	157	781	157	85250293	
-1575	-13566	-8597	256	-229	-31	223	-93	-129	158	786	158	85250295	
-1573	-13560	-8638	210	-241	7	223	-93	-127	159	791	159	85250308	
-1591	-13521	-8589	165	-254	21	221	-91	-119	160	796	160	85250324	
-1640	-13444	-8554	135	-256	50	221	-91	-121	161	801	161	85250324	
-1590	-13484	-8556	123	-239	83	223	-89	-129	162	806	162	85250325	
-1697	-13472	-8525	119	-246	110	223	-90	-128	163	811	163	85250325	
-1750	-13455	-8546	103	-290	129	221	-93	-125	164	816	164	85250325	
-1760	-13405	-8553	76	-295	155	221	-93	-124	165	821	165	85250325	
-1793	-13344	-8544	49	-275	174	223	-95	-121	166	826	166	85250333	
-1803	-13214	-8551	46	-246	185	222	-95	-122	167	831	167	85250364	
-1798	-13241	-8525	71	-219	178	218	-96	-126	168	836	168	85250364	
-1777	-13260	-8592	84	-220	191	217	-95	-125	169	841	169	85250364	
-1745	-13293	-8688	84	-248	213	215	-91	-123	170	846	170	85250364	
-1785	-13372	-8679	90	-281	254	217	-92	-124	171	851	171	85250364	
-1835	-13366	-8703	78	-308	274	219	-93	-125	172	856	172	85250365	
-1925	-13403	-8749	62	-330	302	221	-93	-125	173	861	173	85250368	
-1926	-13437	-8765	56	-336	335	223	-93	-125	174	866	174	85250384	
-1986	-13424	-8756	54	-322	361	221	-92	-127	175	871	175	85250401	
-2040	-13361	-8705	55	-285	379	219	-91	-129	176	876	176	85250401	
-2100	-13337	-8615	65	-243	384	218	-90	-126	177	881	177	85250401	
-2077	-13296	-8572	96	-205	401	216	-88	-122	178	886	178	85250401	
-2052	-13361	-8565	143	-186	446	220	-90	-124	179	891	179	85250401	
-2063	-13379	-8589	181	-191	473	223	-91	-125	180	896	180	85250401	
-2106	-13367	-8608	196	-193	498	224	-90	-124	181	901	181	85250401	
-2154	-13381	-8628	185	-174	539	224	-90	-124	182	906	182	85250411	
-2186	-13334	-8630	162	-148	573	221	-88	-127	183	911	183	85250430	
-2217	-13304	-8602	142	-112	610	219	-87	-129	184	916	184	85250440	
-2269	-13306	-8620	131	-85	651	220	-92	-124	185	921	185	85250441	
-2332	-13293	-8651	111	-63	687	220	-96	-120	186	926	186	85250441	
-2375	-13286	-8638	78	-20	723	219	-92	-123	187	931	187	85250441	
-2378	-13306	-8580	44	34	754	219	-89	-125	188	936	188	85250442	
-2347	-13236	-8562	21	82	781	218	-92	-123	189	941	189	85250446	
-2304	-13169	-8592	7	138	793	218	-94	-122	190	946	190	85250465	
-2236	-13148	-8689	-5	191	798	219	-96	-121	191	951	191	85250476	
-2190	-13245	-8653	13	220	821	220	-98	-120	192	956	192	85250476	
-2151	-13369	-8699	29	175	840	219	-94	-125	193	961	193	85250476	
-2107	-13477	-8781	47	101	843	218	-92	-128	194	966	194	85250476	
-2141	-13554	-8807	35	91	827	217	-90	-125	195	971	195	85250476	
-2305	-13623	-8693	-10	61	849	217	-89	-123	196	976	196	85250476	
-2498	-13507	-8664	-12	-74	906	223	-88	-124	197	981	197	85250483	
-2614	-13464	-8617	40	-27	876	224	-88	-124	198	986	198	85250507	
-2549	-13478	-8430	171	139	798	222	-89	-122	199	991	199	85250513	
-2422	-13669	-8383	320	217	743	221	-89	-121	200	996	200	85250513	
-2434	-13873	-8414	366	183	688	220	-91	-120	201	1001	201	85250513	
-2474	-13890	-8512	360	125	639	220	-92	-120	202	1006	202	85250513	
-2533	-13767	-8432	286	132	600	221	-88	-126	203	1011	203	85250513	
-2486	-13622	-8380	201	218	568	221	-87	-127	204	1016	204	85250513	
-2358	-13488	-8442	155	295	507	224	-94	-122	205	1021	205	85250550	
-2350	-13374	-8406	172	336	420	224	-94	-122	206	1026	206	85250550	
-2182	-13364	-8414	158	368	393	218	-86	-128	207	1031	207	85250550	
-2132	-13468	-8508	108	364	432	218	-86	-128	208	1036	208	85250550	
-2116	-13422	-8576	33	296	455	218	-86	-124	209	1041	209	85250551	
-2094	-13352	-8628	-22	227	454	218	-86	-124	210	1046	210	85250551	
-2174	-13236	-8666	-101	310	483	223	-93	-125	211	1051	211	85250551	
-2098	-13236	-8798	-191	401	546	223	-93	-125	212	1056	212	85250566	
-2020	-13076	-8730	-218	445	592	226	-84	-120	213	1061	213	85250581	
-1960	-12966	-8676	-203	464	601	226	-84	-120	214	1066	214	85250581	
-1870	-12856	-8704	-146	500	658	223	-93	-119	215	1071	215	85250581	
-1818	-12922	-8724	5	490	710	223	-93	-119	216	1076	216	85250581	
-1720	-13040	-8498	189	413	723	222	-92	-116	217	1081	217	85250581	
-1734	-13176	-8400	365	364	746	222	-92	-116	218	1086	218	85250581	
-1766	-13362	-8348	509	379	766	221	-89	-115	219	1091	219	85250581	
-1688	-13556	-8196	601	421	761	221	-89	-115	220	1096	220	85250609	
-1672	-13692	-8166	645	443	781	221	-97	-121	221	1101	221	85250610	
-1627	-13846	-8170	657	440	776	220	-96	-122	222	1106	222	85250610	
-1617	-14028	-8039	639	435	747	216	-92	-126	223	1111	223	85250610	
-1536	-14090	-8095	575	415	739	217	-92	-125	224	1116	224	85250610	
-1556	-14117	-8086	505	379	752	222	-92	-120	225	1121	225	85250614	
-1595	-14142	-8124	427	356	770	223	-92	-120	226	1126	226	85250632	
-1649	-14057	-8101	330	352	785	228	-90	-118	227	1131	227	85250650	
-1596	-13995	-8090	239	361	796	227	-89	-118	228	1136	228	85250650	
-1642	-13928	-8141	133	350	832	222	-86	-118	229	1141	229	85250651	
-1725	-13794	-8223	-16	319	887	220	-84	-120	230	1146	230	85250651	
-1822	-13710	-8295	-149	289	940	218	-82	-124	231	1151	231	85250655	
-1915	-13617	-8278	-267	273	1005	222	-85	-122	232	1156	232	85250672	
-1950	-13505	-8326	-342	270	1079	228	-90	-120	233	1161	233	85250689	
-2029	-13443	-8429	-379	274	1149	224	-90	-121	234	1166	234	85250689	
-2072	-13425	-8447	-393	287	1219	217	-91	-123	235	1171	235	85250690	
-2071	-13429	-8467	-382	307	1288	217	-90	-123	236	1176	236	85250690	
-2081	-13456	-8505	-367	331	1344	218	-88	-122	237	1181	237	85250690	
-2088	-13456	-8556	-363	360	1378	220	-90	-122	238	1186	238	85250690	
-2036	-13426	-8532	-358	391	1408	224	-92	-122	239	1191	239	85250690	
-1980	-13397	-8440	-359	417	1429	224	-90	-121	240	1196	240	85250702	
-1939	-13392	-8450	-340	442	1431	224	-86	-120	241	1201	241	85250722	
-1870	-13427	-8498	-290	435	1420	226	-86	-119	242	1206	242	85250727	
-1776	-13476	-8498	-207	392	1415	228	-86	-118	243	1211	243	85250727	
-1736	-13554	-8583	-116	332	1413	227	-86	-119	244	1216	244	85250727	
-1740	-13680	-8565	-25	274	1403	226	-86	-120	245	1221	245	85250727	
-1724	-13843	-8519	41	221	1379	227	-87	-124	246	1226	246	85250727	
-1811	-13941	-8552	58	168	1347	228	-88	-126	247	1231	247	85250733	
-1916	-13969	-8510	40	144	1317	227	-90	-124	248	1236	248	85250756	
-1960	-13964	-8487	22	157	1291	226	-92	-122	249	1241	249	85250769	
-1992	-13922	-8482	11	169	1260	226	-92	-121	250	1246	250	85250769	
-2011	-13921	-8461	26	186	1225	226	-92	-120	251	1251	251	85250770	
-2002	-14011	-8400	36	201	1191	225	-89	-122	252	1256	252	85250770	
-2010	-14091	-8344	14	189	1168	225	-87	-123	253	1261	253	85250771	
-2004	-14087	-8378	-77	157	1134	227	-89	-124	254	1266	254	85250771	
-2078	-13947	-8378	-200	160	1093	228	-90	-124	255	1271	255	85250781	
-2093	-13877	-8419	-323	204	1070	227	-86	-123	256	1276	256	85250797	
-2098	-13786	-8465	-436	204	1038	227	-85	-123	257	1281	257	85250801	
-2038	-13761	-8456	-556	176	977	226	-87	-121	258	1286	258	85250801	
-2056	-13650	-8548	-648	126	945	226	-88	-120	259	1291	259	85250801	
-2117	-13624	-8471	-727	105	924	230	-84	-119	260	1296	260	85250801	
-2181	-13565	-8619	-808	83	898	231	-83	-119	261	1301	261	85250801	
-2255	-13510	-8692	-838	82	906	232	-90	-125	262	1306	262	85250810	
-2278	-13401	-8684	-864	82	894	232	-92	-126	263	1311	263	85250861	
-2347	-13282	-8733	-878	75	860	229	-92	-124	264	1316	264	85250873	
-2324	-13220	-8732	-845	68	844	228	-92	-124	265	1321	265	85250873	
-2328	-13250	-8794	-782	52	834	226	-87	-127	266	1326	266	85250873	
-2378	-13287	-8711	-717	22	796	226	-86	-128	267	1331	267	85250873	
-2435	-13304	-8700	-642	0	757	224	-86	-125	268	1336	268	85250873	
-2457	-13328	-8678	-540	38	772	224	-86	-124	269	1341	269	85250874	
-2482	-13392	-8666	-447	52	788	228	-85	-128	270	1346	270	85250908	
-2524	-13556	-8740	-326	-8	763	229	-85	-129	271	1351	271	85250925	
-2626	-13564	-8676	-233	27	686	225	-79	-129	272	1356	272	85250925	
-2572	-13622	-8650	-155	115	603	225	-79	-129	273	1361	273	85250925	
-2436	-13636	-8528	-78	247	548	231	-83	-125	274	1366	274	85250926	
-2362	-13632	-8546	-1	309	455	231	-83	-125	275	1371	275	85250926	
-2204	-13614	-8492	116	269	338	228	-84	-124	276	1376	276	85250926	
-1990	-13742	-8362	232	242	204	228	-84	-124	277	1381	277	85250936	
-1946	-13784	-8486	318	262	109	227	-81	-117	278	1386	278	85250966	
-1820	-13837	-8495	387	251	-16	227	-83	-118	279	1391	279	85250966	
-1777	-13970	-8500	378	198	-135	229	-89	-123	280	1396	280	85250966	
-1692	-13979	-8490	310	142	-216	230	-89	-122	281	1401	281	85250966	
-1647	-13960	-8408	201	87	-271	234	-88	-120	282	1406	282	85250966	
-1580	-13847	-8400	117	63	-325	233	-88	-121	283	1411	283	85250966	
-1531	-13778	-8358	89	49	-364	228	-90	-126	284	1416	284	85250966	
-1443	-13869	-8307	79	18	-404	229	-89	-125	285	1421	285	85250966	
-1400	-13894	-8440	70	-57	-429	231	-85	-121	286	1426	286	85250967	
-1402	-13967	-8462	25	-152	-420	230	-86	-122	287	1431	287	85250967	
-1405	-13956	-8398	-30	-244	-392	224	-90	-126	288	1436	288	85250967	
-1405	-14000	-8403	-111	-292	-374	226	-90	-124	289	1441	289	85250967	
-1511	-14003	-8403	-180	-339	-364	232	-88	-116	290	1446	290	85250969	
-1511	-13982	-8330	-247	-388	-365	230	-87	-116	291	1451	291	85250976	
-1528	-13965	-8237	-301	-421	-369	220	-82	-118	292	1456	292	85250976	
-1514	-13930	-8186	-342	-465	-372	221	-82	-118	293	1461	293	85250976	
-1525	-13950	-8158	-373	-515	-386	226	-84	-120	294	1466	294	85250978	
-1536	-13886	-8157	-395	-577	-410	226	-85	-120	295	1471	295	85250992	
-1505	-13830	-8151	-402	-628	-470	224	-86	-120	296	1476	296	85251005	
-1480	-13728	-8182	-409	-660	-522	225	-86	-118	297	1481	297	85251005	
-1426	-13616	-8129	-413	-694	-579	226	-86	-116	298	1486	298	85251006	
-1372	-13562	-8068	-407	-742	-633	226	-86	-117	299	1491	299	85251006	
-1286	-13530	-8066	-381	-803	-669	225	-87	-119	300	1496	300	85251006	
-1206	-13552	-8092	-345	-882	-689	226	-86	-120	301	1501	301	85251006	
-1219	-13630	-8163	-329	-969	-711	227	-85	-121	302	1506	302	85251027	
-1217	-13718	-8233	-348	-1068	-717	226	-85	-122	303	1511	303	85251059	
-1291	-13707	-8306	-372	-1163	-690	225	-85	-123	304	1516	304	85251060	
-1383	-13781	-8325	-374	-1216	-672	223	-83	-116	305	1521	305	85251061	
-1433	-13855	-8343	-390	-1219	-674	222	-82	-112	306	1526	306	85251061	
-1472	-13887	-8310	-448	-1194	-661	224	-83	-116	307	1531	307	85251062	
-1475	-13900	-8331	-519	-1171	-623	226	-84	-118	308	1536	308	85251062	
-1514	-13851	-8387	-592	-1140	-602	224	-85	-119	309	1541	309	85251062	
-1528	-13772	-8367	-638	-1114	-603	223	-85	-119	310	1546	310	85251065	
-1514	-13733	-8270	-626	-1092	-612	224	-86	-120	311	1551	311	85251085	
-1506	-13736	-8245	-595	-1084	-609	224	-86	-120	312	1556	312	85251097	
-1496	-13717	-8222	-554	-1083	-618	225	-88	-121	313	1561	313	85251097	
-1480	-13640	-8154	-519	-1066	-645	225	-89	-121	314	1566	314	85251097	
-1420	-13604	-8122	-506	-1017	-667	224	-90	-123	315	1571	315	85251097	
-1327	-13550	-8090	-497	-972	-680	224	-90	-124	316	1576	316	85251097	
-1155	-13493	-8101	-483	-995	-704	225	-88	-123	317	1581	317	85251097	
-1025	-13608	-8127	-471	-1054	-725	225	-87	-123	318	1586	318	85251102	
-1022	-13693	-8195	-499	-1143	-708	223	-87	-121	319	1591	319	85251129	
-1070	-13686	-8116	-534	-1272	-675	221	-87	-119	320	1596	320	85251145	
-1260	-13651	-8132	-598	-1428	-647	221	-90	-118	321	1601	321	85251145	
-1422	-13666	-8218	-700	-1464	-606	221	-91	-117	322	1606	322	85251145	
-1475	-13562	-8235	-824	-1411	-569	223	-89	-123	323	1611	323	85251146	
-1468	-13481	-8207	-938	-1388	-553	224	-88	-124	324	1616	324	85251146	
-1541	-13388	-8203	-1010	-1415	-505	224	-86	-119	325	1621	325	85251146	
-1576	-13501	-8284	-1052	-1479	-444	224	-86	-118	326	1626	326	85251146	
-1671	-13574	-8318	-1077	-1559	-378	221	-88	-118	327	1631	327	85251147	
-1908	-13613	-8407	-1084	-1691	-310	220	-88	-118	328	1636	328	85251147	
-2110	-13692	-8418	-1073	-1773	-248	230	-84	-124	329	1641	329	85251200	
-2226	-13704	-8358	-1057	-1739	-228	230	-84	-124	330	1646	330	85251201	
-2352	-13676	-8392	-1043	-1672	-227	221	-83	-129	331	1651	331	85251201	
-2358	-13654	-8356	-1007	-1609	-226	221	-83	-129	332	1656	332	85251201	
-2280	-13602	-8252	-903	-1597	-242	219	-87	-129	333	1661	333	85251201	
-2318	-13584	-8166	-791	-1597	-287	219	-87	-129	334	1666	334	85251201	
-2244	-13682	-8294	-686	-1628	-353	219	-87	-131	335	1671	335	85251201	
-2206	-13780	-8276	-637	-1665	-401	219	-87	-131	336	1676	336	85251212	
-2152	-13862	-8370	-621	-1688	-434	223	-95	-117	337	1681	337	85251242	
-2090	-13920	-8436	-631	-1681	-483	223	-95	-117	338	1686	338	85251242	
-2026	-13826	-8434	-632	-1649	-562	217	-89	-127	339	1691	339	85251242	
-1972	-13840	-8476	-667	-1643	-616	217	-89	-127	340	1696	340	85251243	
-1902	-13750	-8610	-764	-1660	-642	223	-93	-119	341	1701	341	85251243	
-1898	-13608	-8744	-837	-1633	-689	223	-93	-119	342	1706	342	85251243	
-1790	-13446	-8602	-916	-1641	-735	226	-90	-128	343	1711	343	85251243	
-1788	-13350	-8790	-989	-1666	-752	226	-90	-128	344	1716	344	85251243	
-1766	-13284	-8846	-1004	-1752	-779	216	-90	-122	345	1721	345	85251243	
-1897	-13288	-8903	-1009	-1851	-807	217	-90	-122	346	1726	346	85251243	
-2047	-13196	-9005	-1023	-1889	-806	222	-90	-124	347	1731	347	85251243	
-2148	-13091	-8976	-1000	-1891	-813	222	-90	-124	348	1736	348	85251247	
-2234	-12956	-8972	-943	-1873	-839	222	-88	-124	349	1741	349	85251265	
-2191	-12844	-8972	-816	-1849	-879	221	-89	-125	350	1746	350	85251280	
-2145	-12863	-8940	-631	-1795	-928	219	-91	-127	351	1751	351	85251280	
-2167	-12972	-8919	-441	-1832	-951	219	-90	-128	352	1756	352	85251280	
-2194	-13108	-8852	-248	-1927	-982	218	-88	-130	353	1761	353	85251281	
-2252	-13157	-8813	-86	-1976	-1012	219	-89	-128	354	1766	354	85251281	
-2238	-13308	-8712	72	-1960	-1046	221	-91	-123	355	1771	355	85251282	
-2266	-13505	-8574	166	-1940	-1091	220	-90	-121	356	1776	356	85251282	
-2284	-13678	-8546	211	-1961	-1144	218	-88	-118	357	1781	357	85251292	
-2335	-13768	-8505	216	-1996	-1180	217	-90	-118	358	1786	358	85251310	
-2417	-13815	-8450	168	-2007	-1203	215	-93	-119	359	1791	359	85251315	
-2409	-13822	-8452	92	-1958	-1229	216	-95	-121	360	1796	360	85251315	
-2351	-13739	-8503	32	-1828	-1269	217	-99	-123	361	1801	361	85251316	
-2204	-13701	-8493	-2	-1679	-1320	218	-99	-124	362	1806	362	85251316	
-2006	-13808	-8444	-34	-1629	-1366	219	-99	-125	363	1811	363	85251316	
-1944	-13918	-8527	-103	-1693	-1372	219	-96	-125	364	1816	364	85251321	
-2012	-13828	-8514	-195	-1781	-1352	218	-92	-126	365	1821	365	85251342	
-2138	-13653	-8588	-276	-1819	-1305	216	-92	-128	366	1826	366	85251362	
-2161	-13523	-8627	-321	-1756	-1270	213	-91	-131	367	1831	367	85251363	
-2087	-13472	-8566	-338	-1656	-1258	214	-90	-130	368	1836	368	85251371	
-2050	-13377	-8500	-353	-1628	-1233	215	-89	-129	369	1841	369	85251383	
-2066	-13204	-8437	-393	-1669	-1190	216	-93	-127	370	1846	370	85251384	
-2054	-13043	-8459	-441	-1688	-1151	216	-96	-124	371	1851	371	85251384	
-2087	-12962	-8455	-457	-1671	-1106	219	-94	-122	372	1856	372	85251385	
-2058	-12907	-8444	-432	-1687	-1053	221	-93	-121	373	1861	373	85251393	
-2027	-12918	-8480	-373	-1725	-1002	217	-94	-123	374	1866	374	85251399	
-2045	-13018	-8566	-327	-1738	-962	214	-94	-124	375	1871	375	85251399	
-2099	-13141	-8556	-322	-1756	-909	218	-93	-125	376	1876	376	85251399	
-2186	-13150	-8587	-325	-1795	-835	221	-93	-125	377	1881	377	85251399	
-2246	-13134	-8587	-307	-1839	-760	217	-91	-123	378	1886	378	85251399	
-2275	-13245	-8546	-270	-1801	-710	214	-90	-122	379	1891	379	85251399	
-2211	-13366	-8486	-256	-1720	-693	216	-93	-124	380	1896	380	85251429	
-2237	-13479	-8566	-233	-1717	-649	216	-94	-124	381	1901	381	85251437	
-2160	-13619	-8553	-197	-1744	-621	215	-92	-125	382	1906	382	85251437	
-2162	-13792	-8538	-131	-1759	-619	215	-91	-125	383	1911	383	85251437	
-2251	-14012	-8446	-56	-1827	-644	216	-93	-127	384	1916	384	85251437	
-2395	-14180	-8376	7	-1917	-658	216	-94	-128	385	1921	385	85251437	
-2450	-14269	-8367	15	-1946	-687	217	-95	-126	386	1926	386	85251437	
-2458	-14283	-8329	-56	-1860	-753	217	-95	-125	387	1931	387	85251437	
-2442	-14102	-8258	-180	-1696	-826	213	-96	-123	388	1936	388	85251437	
-2240	-13888	-8209	-321	-1558	-905	212	-96	-122	389	1941	389	85251479	
-1968	-13649	-8254	-467	-1422	-995	214	-93	-124	390	1946	390	85251490	
-1797	-13296	-8377	-577	-1344	-1052	214	-92	-124	391	1951	391	85251490	
-1614	-12961	-8575	-694	-1342	-1072	212	-95	-127	392	1956	392	85251491	
-1403	-12750	-8744	-791	-1406	-1048	212	-96	-128	393	1961	393	85251491	
-1437	-12708	-8931	-865	-1525	-1000	210	-90	-126	394	1966	394	85251492	
-1616	-12690	-9119	-897	-1661	-906	209	-89	-125	395	1971	395	85251492	
-1742	-12908	-9346	-896	-1762	-788	213	-85	-121	396	1976	396	85251497	
-2008	-13194	-9378	-917	-1790	-687	213	-85	-121	397	1981	397	85251524	
-2404	-13236	-9456	-964	-1816	-567	214	-96	-128	398	1986	398	85251524	
-2730	-13306	-9430	-1062	-1847	-444	214	-96	-128	399	1991	399	85251524	
-3000	-13152	-9230	-1092	-1769	-381	208	-96	-130	400	1996	400	85251524	
-3258	-12986	-9074	-1028	-1621	-357	208	-96	-130	401	2001	401	85251525	
-3282	-12970	-8824	-840	-1477	-382	217	-95	-127	402	2006	402	85251525	
-3306	-12984	-8828	-592	-1388	-463	217	-95	-127	403	2011	403	85251525	
-3392	-13210	-8634	-291	-1373	-580	207	-101	-127	404	2016	404	85251525	
-3476	-13364	-8672	-51	-1426	-651	208	-99	-127	405	2021	405	85251525	
-3508	-13570	-8678	113	-1474	-713	211	-93	-125	406	2026	406	85251530	
-3548	-13769	-8707	210	-1442	-784	211	-94	-125	407	2031	407	85251554	
-3538	-13803	-8688	236	-1349	-837	213	-97	-123	408	2036	408	85251564	
-3490	-13692	-8638	211	-1240	-861	213	-96	-124	409	2041	409	85251570	
-3453	-13507	-8562	159	-1153	-868	215	-93	-127	410	2046	410	85251571	
-3426	-13290	-8570	116	-1092	-855	215	-93	-127	411	2051	411	85251572	
-3414	-13280	-8524	62	-989	-805	212	-96	-126	412	2056	412	85251573	
-3360	-13072	-8690	-68	-917	-723	212	-95	-126	413	2061	413	85251574	
-3314	-12954	-8655	-149	-835	-650	211	-93	-127	414	2066	414	85251579	
-3313	-12848	-8745	-247	-726	-550	212	-94	-126	415	2071	415	85251599	
-3254	-12905	-8726	-346	-596	-398	214	-100	-122	416	2076	416	85251599	
-3148	-12896	-8911	-439	-514	-238	213	-99	-124	417	2081	417	85251599	
-3079	-12801	-8862	-484	-417	-117	207	-97	-131	418	2086	418	85251599	
-2940	-12746	-8850	-471	-294	-18	208	-97	-130	419	2091	419	85251599	
-2858	-12814	-8813	-424	-184	107	212	-98	-124	420	2096	420	85251599	
-2755	-12875	-8901	-334	-167	203	212	-94	-124	421	2101	421	85251603	
