-16285	-5646	-1720	-3486	-2776	3173	-105	157	-117	1	1	1	78378296	
-16181	-5905	-1802	-3128	-2473	3162	-102	160	-122	2	6	2	78378296	
-16061	-6182	-1881	-3132	-2421	3034	-99	163	-127	3	11	3	78378296	
-16097	-6295	-1802	-3282	-2525	2840	-102	161	-123	4	16	4	78378323	
-16174	-6358	-1722	-3269	-2635	2704	-104	160	-120	5	21	5	78378342	
-16310	-6334	-1738	-3142	-2658	2595	-104	165	-121	6	26	6	78378342	
-16579	-6254	-1749	-2979	-2567	2471	-104	168	-122	7	31	7	78378342	
-16690	-6388	-1918	-2723	-2373	2405	-103	166	-120	8	36	8	78378342	
-16770	-6651	-2170	-2568	-2212	2316	-102	164	-118	9	41	9	78378342	
-16931	-6927	-2322	-2694	-2128	2093	-104	169	-116	10	46	10	78378342	
-17082	-6947	-2187	-2824	-2045	1911	-105	171	-115	11	51	11	78378343	
-16944	-7072	-2196	-2672	-1857	1782	-105	163	-117	12	56	12	78378360	
-16932	-7194	-2418	-2656	-1672	1606	-105	161	-117	13	61	13	78378364	
-16974	-7150	-2468	-2822	-1500	1418	-109	163	-110	14	66	14	78378364	
-16904	-7137	-2500	-2927	-1364	1213	-110	164	-108	15	71	15	78378365	
-16941	-7218	-2549	-3009	-1287	1007	-109	163	-117	16	76	16	78378365	
-16864	-7226	-2512	-3125	-1170	760	-109	163	-121	17	81	17	78378365	
-16799	-7162	-2437	-3230	-1036	467	-108	166	-119	18	86	18	78378365	
-16852	-7046	-2423	-3331	-903	109	-108	168	-118	19	91	19	78378377	
-16831	-7002	-2279	-3371	-766	-215	-106	166	-115	20	96	20	78378398	
-16827	-6936	-2316	-3428	-651	-540	-106	166	-114	21	101	21	78378402	
-16780	-6875	-2348	-3551	-613	-866	-108	168	-116	22	106	22	78378402	
-16894	-6589	-2104	-3696	-564	-1186	-108	168	-116	23	111	23	78378403	
-16849	-6453	-2085	-3496	-398	-1433	-108	166	-114	24	116	24	78378403	
-16860	-6305	-2062	-3330	-253	-1678	-108	166	-114	25	121	25	78378409	
-17020	-5968	-1952	-3232	-31	-1895	-111	164	-119	26	126	26	78378432	
-16872	-6086	-1970	-2790	426	-2082	-112	164	-120	27	131	27	78378437	
-16846	-6036	-1954	-2504	681	-2223	-112	160	-114	28	136	28	78378437	
-16788	-6092	-2036	-2296	834	-2370	-112	160	-114	29	141	29	78378437	
-16696	-6110	-2006	-2163	931	-2526	-114	166	-112	30	146	30	78378437	
-16608	-6070	-1824	-2057	1070	-2676	-114	166	-112	31	151	31	78378437	
-16706	-5970	-1784	-1830	1270	-2786	-112	162	-110	32	156	32	78378447	
-16804	-5920	-1866	-1541	1489	-2880	-112	162	-110	33	161	33	78378468	
-16917	-5900	-1821	-1346	1689	-2944	-112	162	-118	34	166	34	78378468	
-17098	-5922	-1721	-1180	1902	-2982	-112	162	-120	35	171	35	78378468	
-17430	-5910	-1606	-981	2118	-2992	-111	161	-111	36	176	36	78378468	
-17620	-5984	-1550	-781	2297	-2980	-111	161	-111	37	181	37	78378468	
-18070	-5912	-1574	-625	2510	-2940	-113	163	-111	38	186	38	78378469	
-18346	-5958	-1500	-521	2723	-2876	-113	163	-111	39	191	39	78378469	
-18642	-6018	-1368	-417	2959	-2806	-114	162	-116	40	196	40	78378488	
-18896	-6030	-1342	-270	3162	-2686	-114	162	-116	41	201	41	78378505	
-19360	-6182	-1296	-131	3359	-2588	-108	160	-116	42	206	42	78378505	
-19594	-6202	-1268	-33	3617	-2472	-108	160	-116	43	211	43	78378506	
-19934	-6268	-1044	151	3914	-2337	-108	162	-112	44	216	44	78378506	
-20228	-6252	-895	360	4128	-2235	-108	161	-113	45	221	45	78378508	
-20478	-6116	-678	617	4333	-2136	-109	159	-117	46	226	46	78378521	
-20734	-5963	-596	899	4552	-2019	-109	158	-116	47	231	47	78378543	
-21107	-5958	-342	1206	4763	-1898	-110	156	-114	48	236	48	78378544	
-21398	-5928	-211	1558	4962	-1807	-110	156	-115	49	241	49	78378544	
-21750	-5975	-8	1979	5146	-1729	-109	157	-119	50	246	50	78378544	
-22074	-6103	66	2421	5315	-1673	-109	157	-119	51	251	51	78378545	
-22386	-6117	290	2809	5493	-1639	-108	156	-118	52	256	52	78378546	
-22565	-6171	537	3254	5638	-1603	-107	156	-117	53	261	53	78378558	
-22719	-6320	832	3600	5700	-1584	-105	155	-115	54	266	54	78378579	
-22762	-6519	1246	3916	5722	-1564	-104	153	-116	55	271	55	78378579	
-22575	-6707	1634	4204	5726	-1546	-101	147	-121	56	276	56	78378579	
-22440	-6999	2166	4462	5680	-1514	-101	147	-120	57	281	57	78378579	
-22085	-7194	2622	4620	5631	-1476	-101	149	-115	58	286	58	78378580	
-21727	-7376	3034	4810	5527	-1425	-101	148	-115	59	291	59	78378580	
-21537	-7704	3201	4867	5353	-1417	-100	144	-114	60	296	60	78378583	
-21196	-7996	3004	4751	5270	-1421	-99	146	-114	61	301	61	78378601	
-20961	-8100	2697	4669	5311	-1449	-97	149	-115	62	306	62	78378618	
-20687	-8094	2220	4504	5263	-1528	-96	149	-116	63	311	63	78378619	
-20429	-8160	1708	4205	5058	-1639	-95	149	-117	64	316	64	78378619	
-20203	-8324	1135	3742	4826	-1815	-94	148	-116	65	321	65	78378620	
-19794	-8752	281	3046	4570	-1986	-93	147	-115	66	326	66	78378620	
-19402	-9282	-489	1616	4012	-2206	-93	147	-115	67	331	67	78378621	
-19299	-9474	-455	-620	3100	-2575	-94	148	-116	68	336	68	78378636	
-19178	-9457	52	-3077	1867	-2952	-94	146	-114	69	341	69	78378659	
-19264	-9082	568	-5278	629	-3232	-94	144	-112	70	346	70	78378659	
-19378	-8440	1100	-6975	-302	-3362	-95	145	-109	71	351	71	78378659	
-19384	-8052	1425	-8250	-1024	-3430	-95	145	-107	72	356	72	78378660	
-19296	-7896	1798	-9475	-1681	-3562	-94	145	-107	73	361	73	78378660	
-19045	-7742	2358	-10698	-2408	-3785	-92	144	-108	74	366	74	78378660	
-18804	-7459	2727	-11502	-3179	-3997	-92	146	-110	75	371	75	78378660	
-18605	-7258	2874	-11923	-3849	-4145	-92	148	-112	76	376	76	78378672	
-18309	-7198	2949	-12248	-4351	-4253	-91	149	-106	77	381	77	78378690	
-17930	-7160	2912	-12709	-4862	-4517	-90	150	-100	78	386	78	78378690	
-18018	-6800	3238	-13162	-5452	-4933	-92	146	-101	79	391	79	78378691	
-18371	-6494	3415	-12932	-5786	-5176	-94	144	-102	80	396	80	78378692	
-18480	-6354	3180	-12147	-5864	-5130	-93	144	-101	81	401	81	78378692	
-18645	-6051	3025	-11415	-5673	-4980	-92	144	-100	82	406	82	78378693	
-18615	-5860	2781	-10677	-5277	-4609	-88	148	-96	83	411	83	78378693	
-18423	-5909	2302	-10021	-5007	-4049	-86	150	-94	84	416	84	78378713	
-18193	-5618	2171	-9586	-4745	-3623	-87	152	-87	85	421	85	78378727	
-17838	-5426	1881	-9026	-4601	-3305	-87	153	-85	86	426	86	78378727	
-17599	-5147	1557	-8698	-4622	-3058	-85	153	-85	87	431	87	78378727	
-17451	-5039	1523	-8518	-4618	-2911	-85	153	-85	88	436	88	78378727	
-17214	-5268	1412	-8257	-4735	-2548	-88	156	-85	89	441	89	78378727	
-17228	-5082	1558	-8073	-4434	-2622	-89	157	-85	90	446	90	78378750	
-17300	-4847	1682	-7584	-3765	-2897	-87	154	-82	91	451	91	78378763	
-17209	-4748	1554	-6857	-3185	-2851	-86	152	-80	92	456	92	78378767	
-17135	-4724	1304	-6219	-2843	-2652	-85	151	-81	93	461	93	78378768	
-17057	-4720	1236	-5755	-2606	-2472	-85	151	-81	94	466	94	78378768	
-16952	-4792	1359	-5335	-2390	-2333	-81	152	-80	95	471	95	78378768	
-16862	-4757	1386	-4809	-2145	-2178	-80	152	-80	96	476	96	78378769	
-16735	-4726	1317	-4158	-1812	-1987	-78	154	-78	97	481	97	78378777	
-16606	-4628	1217	-3564	-1525	-1801	-77	155	-77	98	486	98	78378800	
-16606	-4551	1244	-3082	-1382	-1624	-76	154	-75	99	491	99	78378806	
-16530	-4488	1338	-2628	-1321	-1447	-76	154	-74	100	496	100	78378806	
-16500	-4492	1396	-2147	-1295	-1313	-80	156	-75	101	501	101	78378807	
-16558	-4488	1406	-1501	-1153	-1173	-81	157	-75	102	506	102	78378808	
-16604	-4544	1252	-955	-886	-1051	-71	155	-75	103	511	103	78378809	
-16592	-4636	1096	-471	-646	-947	-71	155	-75	104	516	104	78378810	
-16582	-4690	988	-23	-455	-884	-71	153	-69	105	521	105	78378810	
-16604	-4816	758	451	-313	-867	-71	153	-69	106	526	106	78378886	
-16734	-4786	630	898	-163	-859	-71	157	-75	107	531	107	78378886	
-16814	-4844	458	1256	-33	-875	-71	157	-75	108	536	108	78378886	
-16886	-4716	452	1570	109	-910	-72	158	-70	109	541	109	78378886	
-16928	-4573	460	1894	276	-943	-72	158	-70	110	546	110	78378886	
-16956	-4482	238	2533	534	-968	-69	157	-71	111	551	111	78378886	
-16872	-4470	146	2836	726	-1004	-69	157	-71	112	556	112	78378886	
-16608	-4422	524	2863	900	-1009	-64	160	-74	113	561	113	78378896	
-16320	-4460	964	3059	863	-1064	-64	160	-74	114	566	114	78378923	
-15958	-4510	1452	3285	652	-1118	-67	161	-75	115	571	115	78378923	
-15650	-4508	2210	3344	445	-1184	-67	161	-75	116	576	116	78378924	
-15234	-4340	3010	3464	173	-1195	-61	153	-73	117	581	117	78378924	
-15096	-4442	3460	3693	-140	-1140	-61	153	-73	118	586	118	78378924	
-14746	-4429	4146	3855	-384	-1014	-57	155	-69	119	591	119	78378924	
-15052	-4299	4403	4123	-512	-893	-56	156	-68	120	596	120	78378924	
-15395	-4439	4309	4827	-186	-635	-52	160	-62	121	601	121	78378924	
-14476	-5507	2692	5237	-38	39	-52	159	-62	122	606	122	78378924	
-15689	-4573	2740	3827	-758	-86	-50	156	-64	123	611	123	78378924	
-15511	-4832	2404	3393	-660	-67	-50	157	-64	124	616	124	78378926	
-15182	-5465	1127	3362	-676	334	-51	159	-63	125	621	125	78378939	
-14964	-5676	-82	2055	-1004	323	-52	158	-64	126	626	126	78378963	
-14657	-5557	-678	-151	-1730	77	-54	156	-66	127	631	127	78378964	
-14447	-5061	-880	-2607	-2845	-383	-52	158	-65	128	636	128	78378964	
-14980	-4199	-388	-4205	-3482	-881	-48	162	-64	129	641	129	78378964	
-14688	-4005	-719	-4807	-3480	-822	-47	161	-63	130	646	130	78378964	
-14650	-3515	-941	-5521	-3426	-918	-45	157	-59	131	651	131	78378964	
-14352	-3278	-1152	-6280	-3430	-881	-46	159	-59	132	656	132	78378964	
-13975	-3144	-964	-7225	-3793	-906	-52	166	-58	133	661	133	78378964	
-13576	-2887	-507	-8041	-4228	-979	-51	165	-57	134	666	134	78378964	
-13230	-2863	-102	-8301	-4465	-943	-49	159	-53	135	671	135	78378964	
-12895	-2753	152	-8353	-4512	-874	-50	160	-53	136	676	136	78378968	
-12653	-2613	430	-8420	-4539	-805	-51	161	-53	137	681	137	78378983	
-12456	-2406	702	-8480	-4626	-711	-50	162	-54	138	686	138	78378997	
-12330	-2169	882	-8430	-4718	-636	-49	163	-55	139	691	139	78378997	
-12212	-1942	922	-8196	-4715	-544	-49	161	-55	140	696	140	78378997	
-12142	-1637	983	-7876	-4618	-437	-50	158	-56	141	701	141	78378998	
-11930	-1146	1139	-7436	-4466	-275	-48	158	-52	142	706	142	78378998	
-11708	-861	1128	-6700	-4319	-45	-46	158	-46	143	711	143	78378998	
-11697	-993	983	-5923	-4169	147	-46	159	-47	144	716	144	78379008	
-11798	-854	1053	-5490	-3850	264	-46	160	-48	145	721	145	78379033	
-11697	-826	1122	-4839	-3456	456	-47	161	-51	146	726	146	78379046	
-11650	-844	1131	-4037	-3235	560	-47	161	-53	147	731	147	78379046	
-11732	-725	1142	-3259	-3088	589	-47	161	-51	148	736	148	78379046	
-11796	-592	1191	-2433	-2827	683	-46	162	-48	149	741	149	78379046	
-11789	-604	1265	-1549	-2510	854	-44	163	-48	150	746	150	78379047	
-11753	-761	1310	-710	-2278	1021	-42	164	-48	151	751	151	78379047	
-11800	-1122	1278	-20	-2012	1148	-41	165	-47	152	756	152	78379055	
-11852	-1506	1362	444	-1667	1208	-40	166	-46	153	761	153	78379069	
-11914	-1772	1513	794	-1379	1223	-41	164	-44	154	766	154	78379074	
-12028	-1877	1586	1214	-1138	1249	-42	162	-42	155	771	155	78379074	
-12374	-1847	1540	1683	-907	1310	-43	164	-43	156	776	156	78379074	
-12856	-1781	1519	2160	-650	1420	-44	166	-44	157	781	157	78379074	
-13383	-1763	1498	2657	-369	1589	-41	164	-45	158	786	158	78379074	
-13874	-1886	1422	3189	-107	1771	-39	163	-45	159	791	159	78379087	
-14415	-2176	1380	3822	214	1940	-37	164	-41	160	796	160	78379119	
-14920	-2523	1136	4429	548	2096	-36	164	-40	161	801	161	78379126	
-15283	-2787	929	5012	831	2255	-39	164	-40	162	806	162	78379126	
-15628	-2970	710	5576	1028	2459	-40	164	-40	163	811	163	78379126	
-15988	-3116	472	6063	1183	2717	-37	167	-42	164	816	164	78379127	
-16471	-3296	296	6527	1343	3009	-36	168	-42	165	821	165	78379127	
-16869	-3437	249	6956	1519	3277	-37	165	-44	166	826	166	78379127	
-17177	-3639	182	7453	1734	3591	-37	163	-45	167	831	167	78379149	
-17350	-3951	74	7915	2022	3936	-36	167	-41	168	836	168	78379165	
-17349	-4460	-103	8284	2486	4340	-35	169	-39	169	841	169	78379165	
-16939	-4896	-138	8543	2940	4696	-36	159	-41	170	846	170	78379165	
-16392	-5216	-45	8714	3231	5012	-36	156	-42	171	851	171	78379165	
-15622	-5394	0	8887	3364	5268	-37	165	-41	172	856	172	78379165	
-14994	-5427	62	9124	3334	5438	-37	167	-41	173	861	173	78379165	
-14641	-5495	-12	9384	3242	5560	-39	167	-47	174	866	174	78379165	
-14395	-5704	-178	9610	3220	5660	-39	167	-49	175	871	175	78379165	
-14169	-5941	-379	9782	3196	5705	-38	165	-47	176	876	176	78379165	
-14128	-6164	-468	9965	3102	5715	-38	164	-46	177	881	177	78379173	
-14136	-6428	-580	10078	3013	5766	-34	164	-52	178	886	178	78379202	
-14006	-6674	-726	10087	2969	5899	-34	164	-52	179	891	179	78379202	
-13880	-6856	-658	10059	2832	6014	-39	165	-49	180	896	180	78379202	
-14092	-6988	-686	9929	2598	6076	-39	165	-49	181	901	181	78379202	
-14184	-7076	-758	9776	2399	6273	-35	167	-53	182	906	182	78379202	
-14014	-7302	-866	9645	2095	6483	-35	167	-53	183	911	183	78379203	
-14380	-7428	-1040	9319	1590	6548	-31	161	-41	184	916	184	78379203	
-14587	-7558	-1182	8967	1214	6686	-31	161	-41	185	921	185	78379210	
-15074	-8048	-1536	8462	752	6950	-33	165	-51	186	926	186	78379240	
-15554	-8354	-1776	7709	422	7275	-33	165	-51	187	931	187	78379241	
-15708	-8772	-2014	6946	171	7569	-35	169	-51	188	936	188	78379241	
-15908	-9244	-2436	6196	-90	7776	-35	169	-51	189	941	189	78379241	
-15814	-9520	-2688	5305	-277	7916	-34	166	-50	190	946	190	78379241	
-15620	-9738	-2904	4487	-308	8096	-34	166	-50	191	951	191	78379241	
-15016	-10054	-3506	3696	-329	8278	-35	159	-47	192	956	192	78379241	
-14556	-10258	-3714	2595	-491	8309	-35	159	-47	193	961	193	78379251	
-14205	-10400	-3988	1215	-849	8176	-37	167	-49	194	966	194	78379280	
-13856	-10464	-4154	215	-1156	8015	-37	166	-47	195	971	195	78379280	
-13680	-10640	-4495	-766	-1491	7819	-38	162	-40	196	976	196	78379280	
-13662	-10636	-4726	-2107	-1888	7533	-38	162	-41	197	981	197	78379280	
-13883	-10368	-4520	-3482	-2314	7121	-36	164	-44	198	986	198	78379280	
-14074	-10217	-4599	-4251	-2682	6840	-36	164	-45	199	991	199	78379280	
-14102	-10220	-4947	-4887	-2998	6616	-37	165	-47	200	996	200	78379286	
-14068	-10369	-5352	-5900	-3380	6257	-38	165	-47	201	1001	201	78379312	
-14477	-10074	-5398	-7511	-3907	5764	-43	167	-47	202	1006	202	78379319	
-15235	-9218	-4895	-8706	-4069	5361	-42	167	-47	203	1011	203	78379319	
-15306	-9030	-4844	-8705	-3825	5380	-40	166	-46	204	1016	204	78379319	
-14889	-9192	-5130	-8456	-3418	5185	-41	166	-45	205	1021	205	78379319	
-14845	-8806	-5139	-8700	-3301	4724	-43	165	-43	206	1026	206	78379320	
-14924	-8468	-4935	-8886	-3445	4545	-43	167	-43	207	1031	207	78379320	
-14838	-8414	-4698	-8795	-3460	4419	-41	173	-45	208	1036	208	78379328	
-14756	-8486	-4508	-8681	-3570	4084	-42	173	-45	209	1041	209	78379360	
-15149	-8490	-4298	-8852	-3618	3476	-47	171	-43	210	1046	210	78379360	
-15046	-8671	-3618	-9156	-3572	3571	-47	170	-41	211	1051	211	78379361	
-14906	-8191	-2932	-8686	-3567	3226	-46	168	-38	212	1056	212	78379361	
-15382	-7824	-2939	-7588	-3136	2625	-46	168	-38	213	1061	213	78379361	
-15350	-7628	-2746	-6899	-2323	2909	-45	167	-39	214	1066	214	78379361	
-15645	-6777	-2175	-6131	-1618	2557	-47	168	-37	215	1071	215	78379361	
-16005	-6615	-2250	-4745	-651	2064	-49	169	-35	216	1076	216	78379376	
-15694	-7102	-2606	-3790	83	2305	-50	167	-35	217	1081	217	78379398	
-15186	-7332	-2427	-3738	191	2248	-51	163	-35	218	1086	218	78379398	
-15092	-7231	-2061	-3730	-363	1877	-48	165	-34	219	1091	219	78379399	
-14834	-7221	-1791	-3277	-819	2085	-45	167	-33	220	1096	220	78379399	
-15074	-6976	-1653	-2231	96	1483	-47	168	-38	221	1101	221	78379400	
-15389	-6490	-1908	-908	1242	409	-49	169	-41	222	1106	222	78379400	
-15796	-6107	-2289	53	1886	-434	-49	170	-42	223	1111	223	78379401	
-16040	-6295	-2589	698	2468	-861	-49	171	-43	224	1116	224	78379407	
-15473	-7094	-2616	1066	3080	-863	-48	171	-41	225	1121	225	78379423	
-14866	-7566	-2277	1335	3410	-1135	-47	171	-37	226	1126	226	78379434	
-14457	-7719	-2179	1997	3480	-1645	-46	169	-35	227	1131	227	78379434	
-14372	-7678	-2393	2579	3576	-2140	-45	167	-33	228	1136	228	78379434	
-14314	-7584	-2460	2768	3873	-2486	-46	168	-37	229	1141	229	78379435	
-14066	-7545	-2273	2871	4170	-2751	-47	169	-39	230	1146	230	78379435	
-13891	-7458	-2042	3133	4305	-3069	-46	170	-38	231	1151	231	78379435	
-13847	-7340	-1998	3596	4351	-3448	-45	171	-37	232	1156	232	78379451	
-13848	-7295	-2056	4039	4406	-3813	-42	169	-40	233	1161	233	78379471	
-13904	-7423	-2128	4265	4486	-4162	-40	168	-42	234	1166	234	78379478	
-14074	-7536	-2061	4321	4597	-4600	-42	171	-38	235	1171	235	78379479	
-14254	-7395	-2090	4477	4631	-5029	-42	172	-36	236	1176	236	78379480	
-14229	-7172	-2079	4719	4579	-5427	-41	170	-45	237	1181	237	78379481	
-14233	-6964	-2171	4831	4536	-5778	-41	169	-47	238	1186	238	78379482	
-14236	-6735	-1937	4789	4586	-6122	-39	167	-41	239	1191	239	78379482	
-14132	-6517	-1691	4817	4685	-6409	-38	166	-40	240	1196	240	78379500	
-13968	-6279	-1576	5022	4687	-6678	-37	167	-46	241	1201	241	78379504	
-13941	-6037	-1557	5199	4647	-6903	-37	167	-47	242	1206	242	78379504	
-13956	-5838	-1458	5343	4630	-7077	-33	167	-49	243	1211	243	78379504	
-13901	-5679	-1397	5505	4674	-7183	-31	167	-51	244	1216	244	78379504	
-13786	-5666	-1273	5551	4729	-7262	-33	168	-44	245	1221	245	78379505	
-13698	-5480	-1087	5566	4665	-7334	-34	168	-42	246	1226	246	78379505	
-13732	-5306	-966	5731	4519	-7367	-29	165	-44	247	1231	247	78379536	
-13728	-5328	-1080	5937	4529	-7354	-28	164	-44	248	1236	248	78379544	
-13863	-5249	-1076	5998	4535	-7295	-26	166	-50	249	1241	249	78379544	
-14136	-4946	-954	6174	4593	-7274	-25	167	-51	250	1246	250	78379544	
-13697	-5380	-1313	6582	4686	-7122	-27	169	-45	251	1251	251	78379544	
-13994	-5026	-1340	6245	4386	-7239	-27	169	-43	252	1256	252	78379545	
-14016	-4952	-1186	6190	4178	-7313	-28	164	-46	253	1261	253	78379545	
-14308	-4762	-1134	6340	3991	-7333	-28	164	-46	254	1266	254	78379545	
-14638	-4368	-1028	6502	3996	-7307	-27	163	-47	255	1271	255	78379579	
-15212	-3844	-624	7115	4410	-7059	-27	163	-47	256	1276	256	78379579	
-14594	-3810	-1026	8132	5026	-6405	-23	165	-51	257	1281	257	78379579	
-14538	-3084	-1128	8251	5074	-6083	-23	165	-51	258	1286	258	78379579	
-13814	-2858	-994	8259	5054	-5625	-19	163	-47	259	1291	259	78379579	
-12550	-2938	-1490	7951	4568	-5155	-19	163	-47	260	1296	260	78379579	
-12982	-1882	-626	6570	3829	-5584	-16	162	-50	261	1301	261	78379617	
-13138	-1412	272	6325	3867	-5552	-16	162	-50	262	1306	262	78379617	
-13408	-968	580	7246	4295	-5197	-13	165	-47	263	1311	263	78379617	
-13706	-628	696	8684	5131	-4416	-13	165	-47	264	1316	264	78379617	
-12122	-1928	-364	10185	5816	-3255	-19	169	-45	265	1321	265	78379617	
-12624	-1910	-490	9330	4843	-2775	-19	169	-45	266	1326	266	78379617	
-11402	-2584	-436	7783	3833	-2686	-12	166	-52	267	1331	267	78379617	
-12834	-1524	978	6672	2798	-2933	-12	166	-52	268	1336	268	78379625	
-13038	-1586	1318	8156	3611	-2112	-14	162	-48	269	1341	269	78379654	
-12708	-2216	326	9572	4714	-1529	-13	162	-49	270	1346	270	78379654	
-12568	-2896	-552	9535	5107	-1234	-8	160	-52	271	1351	271	78379654	
-12155	-3726	-937	8016	4308	-809	-8	160	-51	272	1356	272	78379654	
-12775	-3744	-156	6068	2989	-719	-10	160	-48	273	1361	273	78379655	
-13284	-3814	486	5649	2418	-606	-10	160	-49	274	1366	274	78379655	
-13373	-4078	51	6273	2380	-228	-12	158	-52	275	1371	275	78379658	
-13334	-4209	-634	6224	2306	147	-12	158	-52	276	1376	276	78379675	
-13387	-4333	-755	5148	1932	414	-14	156	-52	277	1381	277	78379693	
-13749	-4357	-444	3696	1072	660	-14	158	-50	278	1386	278	78379693	
-13818	-4445	-107	3025	560	893	-13	161	-47	279	1391	279	78379693	
-13809	-4388	7	2822	282	1093	-13	161	-49	280	1396	280	78379694	
-13924	-4302	-179	2644	102	1329	-13	163	-57	281	1401	281	78379694	
-14136	-4435	-314	2209	-84	1607	-12	162	-56	282	1406	282	78379696	
-14460	-4647	-226	1556	-370	1919	-9	159	-53	283	1411	283	78379706	
-14836	-4950	-118	1013	-785	2204	-9	157	-54	284	1416	284	78379723	
-15081	-5127	-180	546	-1186	2487	-10	150	-56	285	1421	285	78379723	
-15287	-5182	-106	-64	-1431	2842	-10	155	-52	286	1426	286	78379723	
-15524	-5318	-50	-583	-1591	3149	-11	163	-45	287	1431	287	78379723	
-15885	-5483	-170	-1020	-1785	3448	-11	162	-47	288	1436	288	78379723	
-16167	-5624	-331	-1473	-1994	3732	-11	161	-51	289	1441	289	78379723	
-16381	-5778	-378	-1946	-2216	3995	-11	160	-50	290	1446	290	78379727	
-16559	-5848	-455	-2326	-2426	4232	-11	159	-49	291	1451	291	78379744	
-16655	-5950	-610	-2580	-2595	4448	-11	158	-53	292	1456	292	78379760	
-16695	-6044	-789	-2798	-2731	4611	-10	156	-58	293	1461	293	78379760	
-16678	-6183	-885	-3010	-2806	4731	-14	156	-57	294	1466	294	78379761	
-16583	-6408	-1010	-3159	-2843	4807	-17	155	-55	295	1471	295	78379761	
-16466	-6564	-1115	-3301	-2905	4808	-15	157	-53	296	1476	296	78379761	
-16295	-6749	-1140	-3432	-3002	4790	-13	159	-51	297	1481	297	78379767	
-16185	-6858	-1187	-3571	-3109	4758	-14	159	-52	298	1486	298	78379785	
-16105	-6973	-1236	-3752	-3216	4688	-15	159	-53	299	1491	299	78379798	
-16050	-7150	-1281	-3995	-3366	4573	-18	158	-54	300	1496	300	78379798	
-16213	-7138	-1252	-4241	-3598	4441	-22	156	-56	301	1501	301	78379799	
-16494	-7009	-1160	-4361	-3778	4333	-19	159	-53	302	1506	302	78379799	
-16640	-6993	-1204	-4480	-3771	4260	-16	162	-50	303	1511	303	78379800	
-16751	-6858	-1152	-4782	-3742	4199	-15	160	-49	304	1516	304	78379800	
-16847	-6679	-1028	-4894	-3703	4170	-15	159	-49	305	1521	305	78379816	
-16865	-6475	-957	-4686	-3584	4121	-17	160	-49	306	1526	306	78379832	
-16856	-6264	-880	-4353	-3310	4018	-19	161	-49	307	1531	307	78379836	
-16743	-6391	-910	-3953	-2843	3887	-21	163	-48	308	1536	308	78379836	
-16402	-6811	-1153	-3709	-2407	3733	-23	165	-47	309	1541	309	78379837	
-16112	-7018	-973	-3736	-2229	3432	-22	167	-50	310	1546	310	78379837	
-15717	-7106	-828	-3443	-2171	3201	-21	167	-51	311	1551	311	78379837	
-15258	-7246	-941	-3063	-2155	3007	-21	165	-48	312	1556	312	78379844	
-15041	-7017	-914	-2920	-2089	2749	-21	165	-47	313	1561	313	78379868	
-14815	-6746	-630	-2653	-1844	2583	-21	165	-47	314	1566	314	78379874	
-14665	-6444	-544	-1997	-1467	2357	-21	165	-47	315	1571	315	78379874	
-14626	-6315	-582	-1168	-1077	2098	-23	165	-49	316	1576	316	78379874	
-14510	-6353	-601	-613	-766	1883	-23	165	-49	317	1581	317	78379875	
-14406	-6418	-569	-227	-601	1621	-24	168	-46	318	1586	318	78379875	
-14247	-6462	-493	50	-583	1346	-24	170	-44	319	1591	319	78379876	
-14322	-6482	-346	350	-599	1116	-22	164	-48	320	1596	320	78379905	
-14285	-6516	-343	645	-561	929	-21	163	-49	321	1601	321	78379912	
-14460	-6382	-220	885	-434	758	-23	166	-47	322	1606	322	78379912	
-14654	-6399	-230	1238	-186	648	-23	167	-47	323	1611	323	78379912	
-14794	-6546	-304	1545	-9	602	-24	163	-48	324	1616	324	78379912	
-14977	-6751	-234	1680	50	545	-24	162	-48	325	1621	325	78379912	
-15258	-6911	-247	1815	71	503	-20	161	-46	326	1626	326	78379912	
-15282	-6922	-354	1988	133	505	-19	161	-45	327	1631	327	78379922	
-15540	-6834	-288	2214	127	479	-27	163	-47	328	1636	328	78379943	
-15656	-6868	-440	2386	130	480	-27	163	-47	329	1641	329	78379944	
-15938	-7084	-330	2431	222	502	-22	158	-46	330	1646	330	78379945	
-16094	-7098	-158	2530	424	557	-22	158	-46	331	1651	331	78379945	
-15998	-7176	-42	2742	645	633	-19	163	-53	332	1656	332	78379947	
-15682	-7090	-78	2970	765	728	-19	163	-53	333	1661	333	78379948	
-15410	-7130	-18	2999	748	795	-21	163	-45	334	1666	334	78379949	
-15248	-7260	14	2923	642	837	-21	163	-45	335	1671	335	78379971	
-15146	-7384	36	2827	579	844	-20	162	-44	336	1676	336	78379980	
-15078	-7370	-14	2693	545	835	-20	162	-44	337	1681	337	78379980	
-14958	-7316	104	2538	505	831	-23	165	-49	338	1686	338	78379981	
-14932	-7336	112	2384	425	832	-23	165	-49	339	1691	339	78379981	
-14766	-7254	114	2226	332	840	-19	165	-47	340	1696	340	78379981	
-14694	-7276	18	2035	255	860	-19	165	-47	341	1701	341	78379981	
-14592	-7310	82	1696	178	834	-19	159	-55	342	1706	342	78379981	
-14572	-7218	182	1362	73	841	-19	159	-55	343	1711	343	78379990	
-14396	-7243	167	1210	-42	822	-23	157	-47	344	1716	344	78380019	
-14374	-7163	107	1049	-176	782	-21	158	-47	345	1721	345	78380027	
-14457	-7238	39	833	-290	774	-15	161	-49	346	1726	346	78380027	
-14503	-7347	13	536	-378	815	-16	161	-49	347	1731	347	78380027	
-14625	-7424	33	227	-536	806	-21	161	-47	348	1736	348	78380027	
-14747	-7411	92	10	-734	778	-21	161	-47	349	1741	349	78380027	
-14897	-7462	58	-199	-838	747	-20	160	-48	350	1746	350	78380034	
-15039	-7507	-60	-488	-884	722	-21	160	-48	351	1751	351	78380065	
-15229	-7430	-132	-737	-934	681	-27	161	-49	352	1756	352	78380070	
-15321	-7385	-102	-910	-1040	618	-25	161	-48	353	1761	353	78380071	
-15382	-7326	-139	-1057	-1133	555	-22	160	-46	354	1766	354	78380071	
-15385	-7267	-118	-1194	-1199	496	-22	161	-47	355	1771	355	78380072	
-15354	-7312	-14	-1310	-1280	413	-21	165	-49	356	1776	356	78380072	
-15460	-7292	56	-1362	-1358	307	-22	165	-50	357	1781	357	78380073	
-15579	-7286	42	-1382	-1397	208	-28	164	-54	358	1786	358	78380081	
-15618	-7201	32	-1439	-1439	122	-25	163	-53	359	1791	359	78380104	
-15640	-7171	-48	-1467	-1467	13	-15	159	-47	360	1796	360	78380104	
-15668	-7137	-8	-1451	-1485	-97	-15	159	-46	361	1801	361	78380104	
-15638	-7128	-6	-1458	-1465	-169	-14	160	-44	362	1806	362	78380104	
-15569	-7154	29	-1466	-1458	-244	-18	160	-46	363	1811	363	78380104	
-15594	-7212	16	-1462	-1466	-332	-23	159	-49	364	1816	364	78380104	
-15665	-7268	-9	-1471	-1466	-420	-21	161	-47	365	1821	365	78380133	
-15706	-7280	-2	-1513	-1462	-509	-18	164	-44	366	1826	366	78380180	
-15741	-7244	0	-1561	-1479	-604	-18	164	-45	367	1831	367	78380187	
-15779	-7236	-70	-1575	-1517	-694	-19	163	-47	368	1836	368	78380187	
-15855	-7225	-199	-1590	-1544	-805	-19	163	-49	369	1841	369	78380187	
-15843	-7208	-256	-1637	-1536	-900	-18	162	-50	370	1846	370	78380187	
-15784	-7186	-331	-1660	-1540	-976	-20	161	-48	371	1851	371	78380187	
-15725	-7164	-384	-1681	-1572	-1059	-21	161	-47	372	1856	372	78380187	
-15741	-7169	-409	-1718	-1598	-1129	-23	165	-47	373	1861	373	78380201	
-15773	-7160	-428	-1757	-1608	-1197	-25	169	-47	374	1866	374	78380218	
-15733	-7120	-428	-1786	-1624	-1276	-24	165	-47	375	1871	375	78380225	
-15737	-7080	-387	-1810	-1660	-1362	-22	158	-46	376	1876	376	78380226	
-15770	-7058	-362	-1849	-1703	-1450	-22	161	-43	377	1881	377	78380227	
-15743	-7059	-392	-1882	-1722	-1525	-21	163	-39	378	1886	378	78380227	
-15716	-7012	-315	-1919	-1757	-1588	-20	161	-47	379	1891	379	78380228	
-15722	-6985	-336	-1913	-1798	-1629	-19	159	-53	380	1896	380	78380228	
-15763	-7038	-374	-1933	-1840	-1667	-18	161	-47	381	1901	381	78380229	
-15864	-7127	-353	-2043	-1835	-1677	-17	163	-43	382	1906	382	78380229	
-15835	-7154	-374	-2168	-1830	-1678	-17	162	-43	383	1911	383	78380230	
-15826	-7212	-466	-2288	-1886	-1687	-17	161	-43	384	1916	384	78380230	
-15881	-7314	-567	-2499	-1967	-1697	-20	161	-46	385	1921	385	78380230	
-16013	-7390	-752	-2731	-1993	-1713	-21	161	-47	386	1926	386	78380235	
-16111	-7415	-780	-2870	-1966	-1737	-19	159	-45	387	1931	387	78380236	
-16178	-7450	-819	-3019	-1920	-1738	-19	159	-45	388	1936	388	78380236	
-16225	-7432	-963	-3240	-1926	-1715	-17	164	-42	389	1941	389	78380244	
-16357	-7551	-1052	-3484	-2042	-1741	-17	165	-41	390	1946	390	78380261	
-16370	-7480	-1072	-3788	-2136	-1799	-18	161	-48	391	1951	391	78380266	
-16385	-7489	-1058	-3980	-2125	-1884	-18	160	-50	392	1956	392	78380266	
-16401	-7442	-1110	-4158	-2095	-1972	-19	161	-49	393	1961	393	78380266	
-16312	-7371	-1185	-4299	-2088	-2085	-20	162	-48	394	1966	394	78380266	
-16282	-7266	-1205	-4371	-2074	-2184	-20	162	-45	395	1971	395	78380266	
-16191	-7295	-1307	-4472	-1997	-2289	-20	162	-44	396	1976	396	78380266	
-16139	-7262	-1326	-4569	-1882	-2373	-22	160	-46	397	1981	397	78380274	
-16156	-7266	-1358	-4617	-1792	-2467	-22	160	-46	398	1986	398	78380298	
-16106	-7262	-1430	-4708	-1672	-2570	-25	162	-46	399	1991	399	78380304	
-16103	-7191	-1454	-4785	-1580	-2684	-26	162	-46	400	1996	400	78380304	
-16074	-7049	-1525	-4837	-1473	-2796	-25	163	-44	401	2001	401	78380304	
-16142	-6952	-1614	-4829	-1331	-2917	-25	163	-43	402	2006	402	78380304	
-16132	-6818	-1546	-4844	-1182	-2976	-20	158	-40	403	2011	403	78380304	
-16184	-6862	-1730	-4858	-1058	-3049	-20	158	-40	404	2016	404	78380304	
-16142	-6870	-1626	-4893	-944	-3130	-21	163	-45	405	2021	405	78380304	
-16142	-6740	-1644	-4842	-839	-3230	-21	163	-45	406	2026	406	78380342	
-16086	-6730	-1686	-4735	-697	-3315	-21	161	-45	407	2031	407	78380342	
-16094	-6764	-1602	-4696	-503	-3361	-21	161	-45	408	2036	408	78380342	
-16074	-6642	-1540	-4633	-292	-3444	-14	156	-48	409	2041	409	78380342	
-15936	-6524	-1638	-4511	-72	-3483	-14	156	-48	410	2046	410	78380342	
-15883	-6482	-1655	-4333	56	-3545	-20	160	-48	411	2051	411	78380342	
-15936	-6312	-1520	-4321	128	-3632	-20	160	-48	412	2056	412	78380342	
-15944	-6174	-1270	-4220	337	-3732	-18	164	-46	413	2061	413	78380352	
-15854	-6136	-1312	-3738	621	-3748	-18	164	-46	414	2066	414	78380373	
-15624	-6074	-1306	-3297	893	-3772	-22	162	-44	415	2071	415	78380373	
-15518	-6028	-1268	-3068	1041	-3821	-22	162	-44	416	2076	416	78380373	
-15404	-5930	-1052	-2909	1113	-3895	-17	165	-45	417	2081	417	78380373	
-15354	-5876	-1026	-2533	1250	-3925	-17	165	-45	418	2086	418	78380373	
-15409	-5885	-1002	-2049	1522	-3942	-16	154	-40	419	2091	419	78380373	
-15259	-5905	-967	-1765	1757	-3962	-16	154	-40	420	2096	420	78380375	
-15248	-5910	-908	-1534	1940	-3945	-14	156	-42	421	2101	421	78380388	
-15194	-5949	-836	-1290	2076	-3922	-14	156	-44	422	2106	422	78380410	
-15096	-5963	-795	-1072	2218	-3870	-16	158	-50	423	2111	423	78380410	
-15046	-5943	-719	-938	2353	-3809	-16	158	-49	424	2116	424	78380410	
-15017	-5985	-585	-787	2463	-3770	-15	157	-45	425	2121	425	78380410	
-14932	-5978	-568	-624	2554	-3727	-15	157	-45	426	2126	426	78380412	
-14931	-5878	-528	-464	2657	-3674	-17	159	-47	427	2131	427	78380427	
-14915	-5884	-442	-256	2775	-3597	-14	159	-46	428	2136	428	78380447	
-14833	-5844	-375	-76	2863	-3529	-10	160	-44	429	2141	429	78380447	
-14792	-5862	-306	95	2921	-3460	-11	160	-45	430	2146	430	78380447	
-14824	-5874	-178	262	2966	-3378	-17	159	-49	431	2151	431	78380447	
-14776	-5838	-90	426	2986	-3279	-17	159	-48	432	2156	432	78380448	
-14800	-5849	16	622	2988	-3191	-17	159	-43	433	2161	433	78380448	
-14727	-5721	-76	792	2989	-3092	-16	158	-43	434	2166	434	78380455	
-14693	-5820	14	989	2989	-2971	-12	154	-42	435	2171	435	78380484	
-14712	-5904	104	1104	3000	-2836	-13	155	-42	436	2176	436	78380484	
-14653	-5987	228	1169	3001	-2706	-15	157	-43	437	2181	437	78380484	
-14578	-5993	318	1227	2982	-2579	-13	157	-45	438	2186	438	78380484	
-14496	-5939	357	1320	2964	-2450	-9	157	-49	439	2191	439	78380484	
-14354	-5921	491	1399	2942	-2323	-9	158	-47	440	2196	440	78380484	
-14303	-5942	565	1480	2890	-2203	-9	159	-45	441	2201	441	78380489	
-14262	-5995	585	1559	2816	-2087	-9	157	-49	442	2206	442	78380506	
-14248	-6009	613	1593	2725	-1968	-10	154	-54	443	2211	443	78380522	
-14235	-6073	631	1611	2637	-1804	-10	154	-47	444	2216	444	78380522	
-14142	-6072	675	1616	2535	-1646	-9	153	-39	445	2221	445	78380522	
