-14474	-3360	-9078	-378	-255	193	67	196	6	1	1	1	85228611	
-14547	-3356	-9103	-366	-280	191	64	200	8	2	6	2	85228611	
-14642	-3332	-9098	-313	-293	187	69	198	2	3	11	3	85228611	
-14725	-3366	-9119	-239	-280	174	72	196	-2	4	16	4	85228611	
-14760	-3392	-9146	-156	-267	164	72	192	-3	5	21	5	85228616	
-14784	-3376	-9146	-83	-244	154	72	190	-4	6	26	6	85228637	
-14848	-3419	-9095	1	-218	134	68	192	-2	7	31	7	85228648	
-14854	-3522	-9115	62	-202	118	67	193	-1	8	36	8	85228648	
-14903	-3581	-9090	94	-203	100	69	188	-3	9	41	9	85228648	
-14836	-3611	-9016	103	-211	84	69	187	-3	10	46	10	85228648	
-14758	-3638	-8971	112	-229	81	65	191	1	11	51	11	85228648	
-14690	-3668	-8978	115	-270	84	64	192	2	12	56	12	85228649	
-14658	-3682	-8926	93	-305	102	70	198	-1	13	61	13	85228687	
-14633	-3702	-8917	67	-358	127	72	200	-2	14	66	14	85228697	
-14522	-3734	-8918	9	-422	155	74	198	0	15	71	15	85228697	
-14564	-3740	-8964	-53	-451	191	74	198	0	16	76	16	85228698	
-14658	-3814	-9000	-115	-465	210	66	192	0	17	81	17	85228698	
-14806	-3700	-9056	-152	-487	245	66	192	0	18	86	18	85228698	
-14848	-3618	-9002	-198	-497	259	66	194	4	19	91	19	85228698	
-14950	-3696	-8984	-229	-465	279	66	194	4	20	96	20	85228699	
-14994	-3636	-8974	-255	-441	265	75	197	-5	21	101	21	85228736	
-14890	-3564	-8934	-246	-401	218	75	197	-5	22	106	22	85228736	
-14762	-3564	-8990	-221	-359	179	68	198	2	23	111	23	85228736	
-14684	-3549	-8995	-162	-335	132	68	197	3	24	116	24	85228736	
-14627	-3522	-9012	-84	-354	118	68	194	6	25	121	25	85228736	
-14544	-3544	-9119	-9	-379	127	69	194	5	26	126	26	85228736	
-14500	-3644	-9077	83	-386	128	72	192	0	27	131	27	85228736	
-14444	-3710	-9086	152	-397	162	70	192	2	28	136	28	85228736	
-14412	-3773	-9056	188	-415	183	62	192	8	29	141	29	85228736	
-14388	-3776	-9007	168	-438	208	64	193	7	30	146	30	85228738	
-14396	-3813	-9120	97	-500	256	71	195	1	31	151	31	85228751	
-14434	-3888	-9111	25	-571	297	69	195	2	32	156	32	85228773	
-14494	-3926	-9146	-32	-616	327	64	194	4	33	161	33	85228773	
-14516	-3909	-9202	-91	-642	339	67	196	4	34	166	34	85228774	
-14551	-3867	-9247	-161	-650	339	72	198	4	35	171	35	85228774	
-14633	-3799	-9331	-235	-652	348	72	198	5	36	176	36	85228774	
-14679	-3782	-9344	-298	-656	367	73	197	7	37	181	37	85228774	
-14725	-3716	-9329	-364	-657	366	73	195	5	38	186	38	85228778	
-14763	-3583	-9310	-416	-665	390	72	192	2	39	191	39	85228794	
-14754	-3410	-9271	-433	-640	422	73	193	1	40	196	40	85228811	
-14662	-3179	-9226	-418	-597	436	73	193	-1	41	201	41	85228811	
-14592	-3014	-9221	-382	-555	443	69	196	1	42	206	42	85228811	
-14509	-2869	-9178	-339	-497	428	66	198	2	43	211	43	85228811	
-14453	-2742	-9130	-303	-450	401	68	200	4	44	216	44	85228811	
-14411	-2594	-9043	-267	-431	393	70	202	6	45	221	45	85228811	
-14349	-2468	-8972	-199	-426	381	70	198	4	46	226	46	85228833	
-14354	-2378	-8948	-104	-429	348	70	196	2	47	231	47	85228848	
-14381	-2307	-8917	3	-432	301	69	198	1	48	236	48	85228848	
-14411	-2209	-8836	126	-443	227	69	199	1	49	241	49	85228848	
-14535	-2205	-8806	234	-467	158	65	200	2	50	246	50	85228848	
-14620	-2268	-8844	337	-489	88	64	200	2	51	251	51	85228848	
-14666	-2292	-8825	428	-505	13	66	194	0	52	256	52	85228848	
-14656	-2404	-8794	530	-490	-80	67	193	-1	53	261	53	85228858	
-14710	-2504	-8782	613	-472	-170	68	195	1	54	266	54	85228882	
-14737	-2565	-8748	658	-461	-239	68	196	2	55	271	55	85228887	
-14702	-2618	-8690	703	-463	-275	66	193	5	56	276	56	85228887	
-14650	-2798	-8790	740	-500	-315	66	192	6	57	281	57	85228887	
-14542	-2842	-8750	773	-513	-333	65	195	5	58	286	58	85228887	
-14430	-2960	-8778	812	-532	-332	65	195	5	59	291	59	85228887	
-14398	-3130	-8780	824	-560	-298	68	194	6	60	296	60	85228887	
-14344	-3312	-8740	783	-602	-265	68	194	6	61	301	61	85228895	
-14262	-3374	-8762	735	-648	-238	67	195	7	62	306	62	85228940	
-14306	-3518	-8830	668	-689	-201	67	195	7	63	311	63	85228941	
-14290	-3572	-8856	579	-728	-153	63	197	5	64	316	64	85228941	
-14198	-3690	-8894	526	-760	-128	63	197	5	65	321	65	85228942	
-14142	-3735	-9060	460	-745	-131	65	191	7	66	326	66	85228942	
-14236	-3729	-9178	396	-759	-132	66	192	6	67	331	67	85228942	
-14174	-3790	-9254	320	-769	-124	68	194	0	68	336	68	85228948	
-14203	-3817	-9349	257	-771	-142	67	194	1	69	341	69	85228967	
-14319	-3784	-9419	221	-750	-145	64	194	4	70	346	70	85228967	
-14421	-3821	-9500	191	-726	-116	66	194	4	71	351	71	85228967	
-14428	-3769	-9540	199	-674	-112	72	194	6	72	356	72	85228967	
-14414	-3789	-9624	248	-602	-115	70	193	5	73	361	73	85228967	
-14336	-3827	-9587	301	-516	-112	65	191	1	74	366	74	85228967	
-14298	-3823	-9575	331	-445	-110	66	192	2	75	371	75	85228967	
-14227	-3832	-9596	349	-392	-108	67	193	3	76	376	76	85228972	
-14250	-3843	-9531	366	-350	-100	67	197	5	77	381	77	85228989	
-14276	-3824	-9452	375	-326	-88	66	202	8	78	386	78	85229004	
-14277	-3818	-9334	385	-296	-79	67	200	7	79	391	79	85229004	
-14288	-3852	-9260	406	-253	-69	68	196	6	80	396	80	85229004	
-14308	-3825	-9212	418	-215	-63	69	195	6	81	401	81	85229005	
-14355	-3814	-9145	410	-189	-75	71	193	7	82	406	82	85229005	
-14406	-3801	-9044	343	-178	-83	72	195	6	83	411	83	85229005	
-14432	-3776	-9038	250	-176	-104	72	196	6	84	416	84	85229005	
-14499	-3726	-9008	157	-167	-145	70	195	4	85	421	85	85229022	
-14550	-3687	-8922	86	-167	-186	69	195	3	86	426	86	85229038	
-14585	-3591	-8867	33	-167	-240	68	194	6	87	431	87	85229042	
-14654	-3466	-8866	-8	-185	-297	68	194	8	88	436	88	85229042	
-14722	-3403	-8881	-29	-226	-337	71	195	4	89	441	89	85229043	
-14807	-3362	-8940	-46	-268	-377	73	195	1	90	446	90	85229043	
-14806	-3325	-8824	-30	-300	-414	66	199	7	91	451	91	85229043	
-14837	-3291	-8862	-9	-328	-448	64	200	8	92	456	92	85229056	
-14817	-3375	-8795	-19	-369	-445	67	194	10	93	461	93	85229101	
-14684	-3404	-8800	-16	-397	-457	68	192	10	94	466	94	85229112	
-14738	-3419	-8776	0	-434	-466	66	197	7	95	471	95	85229112	
-14763	-3444	-8758	31	-478	-429	66	198	6	96	476	96	85229113	
-14753	-3455	-8710	67	-512	-409	67	194	5	97	481	97	85229113	
-14624	-3514	-8668	124	-536	-393	67	193	5	98	486	98	85229113	
-14530	-3610	-8676	166	-567	-388	64	192	4	99	491	99	85229113	
-14460	-3702	-8670	161	-590	-389	64	192	4	100	496	100	85229153	
-14476	-3724	-8702	140	-636	-408	65	197	5	101	501	101	85229162	
-14442	-3860	-8684	117	-669	-422	65	197	5	102	506	102	85229162	
-14550	-3934	-8778	48	-704	-435	68	188	2	103	511	103	85229162	
-14462	-3892	-8912	9	-731	-472	68	188	2	104	516	104	85229162	
-14544	-3928	-8934	-45	-755	-494	67	189	7	105	521	105	85229162	
-14618	-3930	-9000	-97	-805	-526	67	189	7	106	526	106	85229162	
-14708	-3959	-8973	-168	-857	-527	69	195	1	107	531	107	85229177	
-14719	-3986	-9077	-215	-875	-542	69	194	1	108	536	108	85229197	
-14781	-3985	-9099	-253	-865	-559	68	192	2	109	541	109	85229197	
-14758	-4020	-9116	-249	-845	-573	69	193	2	110	546	110	85229197	
-14725	-3972	-9139	-210	-826	-583	74	198	4	111	551	111	85229198	
-14642	-3837	-9126	-120	-808	-573	73	197	4	112	556	112	85229198	
-14668	-3900	-9089	8	-774	-544	71	195	3	113	561	113	85229199	
-14634	-3910	-9067	111	-729	-517	71	194	4	114	566	114	85229199	
-14594	-3926	-9046	180	-676	-478	73	189	7	115	571	115	85229200	
-14560	-3889	-8976	219	-621	-408	71	193	8	116	576	116	85229200	
-14451	-3853	-8947	229	-573	-330	69	199	9	117	581	117	85229201	
-14343	-3862	-8931	218	-537	-249	71	197	5	118	586	118	85229201	
-14340	-3838	-8909	202	-520	-167	74	194	0	119	591	119	85229202	
-14366	-3804	-8861	190	-516	-91	74	194	2	120	596	120	85229203	
-14360	-3796	-8840	197	-522	-19	73	195	5	121	601	121	85229204	
-14403	-3785	-8860	205	-523	56	71	194	7	122	606	122	85229204	
-14445	-3810	-8894	193	-510	116	69	193	9	123	611	123	85229210	
-14424	-3845	-8946	143	-484	128	70	194	7	124	616	124	85229228	
-14456	-3840	-8964	73	-474	118	70	194	6	125	621	125	85229236	
-14520	-3864	-8978	-22	-466	85	70	193	7	126	626	126	85229236	
-14642	-3767	-8904	-133	-468	52	70	192	8	127	631	127	85229236	
-14801	-3668	-8826	-212	-516	61	72	191	7	128	636	128	85229236	
-14931	-3574	-8786	-219	-556	75	74	190	6	129	641	129	85229236	
-14968	-3573	-8733	-147	-560	67	73	194	6	130	646	130	85229236	
-14894	-3618	-8690	-56	-528	38	72	196	6	131	651	131	85229236	
-14830	-3594	-8690	9	-493	5	71	192	5	132	656	132	85229256	
-14829	-3581	-8728	37	-513	-3	70	190	4	133	661	133	85229278	
-14812	-3521	-8685	68	-525	26	68	192	2	134	666	134	85229282	
-14755	-3591	-8677	129	-516	40	68	192	2	135	671	135	85229282	
-14673	-3705	-8705	198	-476	44	74	196	6	136	676	136	85229282	
-14554	-3707	-8613	210	-436	55	75	197	7	137	681	137	85229282	
-14427	-3672	-8617	184	-426	84	69	192	10	138	686	138	85229282	
-14364	-3642	-8685	137	-434	117	67	191	11	139	691	139	85229282	
-14348	-3642	-8716	81	-432	178	68	194	6	140	696	140	85229300	
-14418	-3660	-8710	31	-433	235	68	194	6	141	701	141	85229319	
-14338	-3602	-8750	-35	-436	294	69	191	5	142	706	142	85229319	
-14318	-3588	-8852	-81	-442	344	69	191	5	143	711	143	85229319	
-14452	-3484	-8876	-117	-444	410	75	191	7	144	716	144	85229320	
-14416	-3484	-8958	-123	-447	465	75	191	7	145	721	145	85229320	
-14512	-3528	-8998	-117	-450	511	70	192	6	146	726	146	85229320	
-14620	-3528	-9048	-108	-428	521	70	192	6	147	731	147	85229320	
-14604	-3558	-9138	-75	-396	520	72	196	6	148	736	148	85229354	
-14646	-3665	-9116	-63	-355	492	71	197	3	149	741	149	85229355	
-14644	-3723	-9069	-65	-353	455	65	201	-7	150	746	150	85229355	
-14704	-3677	-9034	-88	-360	419	65	199	-6	151	751	151	85229355	
-14763	-3668	-8974	-118	-379	372	65	191	-1	152	756	152	85229356	
-14844	-3645	-8965	-133	-406	329	66	192	1	153	761	153	85229356	
-14837	-3641	-8959	-122	-453	300	72	194	8	154	766	154	85229358	
-14885	-3635	-8896	-123	-501	263	72	193	8	155	771	155	85229371	
-14936	-3622	-8825	-158	-553	228	72	190	6	156	776	156	85229392	
-14980	-3558	-8806	-220	-599	216	72	191	7	157	781	157	85229392	
-14998	-3446	-8762	-277	-625	188	70	192	8	158	786	158	85229392	
-14888	-3426	-8715	-291	-643	158	71	192	6	159	791	159	85229393	
-14767	-3440	-8645	-296	-633	129	72	192	2	160	796	160	85229393	
-14640	-3458	-8637	-308	-620	124	72	192	5	161	801	161	85229393	
-14496	-3398	-8633	-340	-627	135	71	191	9	162	806	162	85229407	
-14380	-3358	-8636	-370	-638	133	70	193	9	163	811	163	85229429	
-14243	-3451	-8601	-381	-651	158	68	196	8	164	816	164	85229429	
-14167	-3520	-8598	-448	-670	186	66	193	7	165	821	165	85229430	
-14132	-3649	-8660	-533	-683	196	63	189	5	166	826	166	85229431	
-14116	-3691	-8640	-629	-688	197	65	194	6	167	831	167	85229431	
-14119	-3711	-8653	-742	-696	196	67	199	7	168	836	168	85229431	
-14136	-3744	-8758	-859	-720	201	67	196	9	169	841	169	85229435	
-14183	-3689	-8794	-957	-735	196	66	192	12	170	846	170	85229454	
-14267	-3624	-8831	-1012	-723	175	67	192	10	171	851	171	85229476	
-14305	-3512	-8922	-1047	-705	145	68	192	8	172	856	172	85229476	
-14355	-3463	-9049	-1077	-673	99	70	193	11	173	861	173	85229476	
-14380	-3389	-9152	-1089	-630	41	71	193	13	174	866	174	85229477	
-14437	-3282	-9199	-1063	-584	-21	68	195	6	175	871	175	85229477	
-14518	-3138	-9230	-985	-555	-83	66	196	2	176	876	176	85229477	
-14566	-2999	-9138	-843	-524	-138	70	197	3	177	881	177	85229482	
-14541	-2967	-9072	-674	-492	-190	72	198	4	178	886	178	85229517	
-14488	-2959	-9040	-517	-462	-242	68	196	2	179	891	179	85229537	
-14441	-2936	-8924	-375	-444	-266	65	195	1	180	896	180	85229538	
-14432	-2959	-8797	-266	-453	-273	68	198	2	181	901	181	85229538	
-14431	-3116	-8783	-172	-488	-282	70	200	2	182	906	182	85229539	
-14476	-3247	-8693	-115	-509	-297	69	198	8	183	911	183	85229539	
-14563	-3286	-8641	-96	-563	-312	69	197	9	184	916	184	85229540	
-14587	-3476	-8613	-91	-622	-325	68	196	10	185	921	185	85229556	
-14553	-3645	-8565	-123	-684	-371	68	196	10	186	926	186	85229569	
-14638	-3849	-8628	-164	-778	-420	68	191	7	187	931	187	85229571	
-14836	-3946	-8656	-235	-924	-457	68	190	6	188	936	188	85229571	
-14986	-4147	-8648	-320	-1088	-487	69	192	8	189	941	189	85229571	
-15120	-4320	-8722	-422	-1241	-531	69	193	9	190	946	190	85229572	
-15252	-4394	-8762	-534	-1355	-539	71	199	1	191	951	191	85229572	
-15338	-4396	-8786	-610	-1481	-519	71	199	1	192	956	192	85229572	
-15460	-4376	-8754	-668	-1578	-509	71	193	1	193	961	193	85229603	
-15530	-4322	-8862	-694	-1650	-489	71	193	1	194	966	194	85229603	
-15728	-4262	-8952	-683	-1699	-443	68	194	12	195	971	195	85229603	
-15882	-4124	-8938	-653	-1742	-377	68	194	12	196	976	196	85229604	
-15956	-4016	-8992	-550	-1755	-288	71	189	5	197	981	197	85229604	
-16034	-3934	-8986	-393	-1755	-223	71	189	5	198	986	198	85229604	
-16140	-3845	-8967	-139	-1761	-161	68	188	10	199	991	199	85229604	
-16219	-3790	-8852	108	-1789	-86	68	189	11	200	996	200	85229605	
-16194	-3879	-8688	334	-1818	-49	67	195	13	201	1001	201	85229605	
-16123	-3934	-8504	547	-1813	-48	67	195	12	202	1006	202	85229607	
-16003	-4050	-8336	734	-1822	-65	67	195	7	203	1011	203	85229617	
-15834	-4233	-8120	868	-1882	-49	68	195	6	204	1016	204	85229635	
-15663	-4420	-7991	933	-1974	-62	72	196	4	205	1021	205	85229636	
-15436	-4634	-7857	944	-2090	-59	72	195	6	206	1026	206	85229636	
-15252	-4925	-7742	868	-2202	-44	74	192	12	207	1031	207	85229636	
-14984	-5181	-7690	690	-2328	-12	72	192	12	208	1036	208	85229636	
-14806	-5385	-7674	458	-2425	1	69	193	13	209	1041	209	85229636	
-14671	-5504	-7656	142	-2521	44	73	193	13	210	1046	210	85229636	
-14565	-5664	-7672	-235	-2599	81	79	193	13	211	1051	211	85229651	
-14472	-5732	-7708	-661	-2651	108	74	192	14	212	1056	212	85229673	
-14385	-5746	-7717	-1090	-2666	132	67	191	15	213	1061	213	85229673	
-14224	-5635	-7748	-1488	-2651	135	70	190	15	214	1066	214	85229673	
-14131	-5429	-7833	-1892	-2596	137	74	188	14	215	1071	215	85229673	
-14074	-5257	-8006	-2217	-2536	159	70	191	10	216	1076	216	85229673	
-14007	-4985	-8122	-2444	-2457	178	67	193	7	217	1081	217	85229673	
-13972	-4684	-8185	-2587	-2320	186	70	195	9	218	1086	218	85229678	
-14009	-4414	-8305	-2672	-2139	221	72	196	10	219	1091	219	85229695	
-14001	-4091	-8469	-2735	-1942	293	73	195	10	220	1096	220	85229704	
-13982	-3597	-8524	-2731	-1686	357	74	194	10	221	1101	221	85229704	
-14050	-3260	-8570	-2581	-1425	388	74	192	12	222	1106	222	85229704	
-14064	-2939	-8681	-2353	-1183	428	74	190	14	223	1111	223	85229704	
-14196	-2805	-8729	-2081	-889	535	72	191	15	224	1116	224	85229705	
-14324	-2518	-8882	-1848	-620	614	71	191	15	225	1121	225	85229705	
-14413	-2318	-8850	-1629	-408	693	72	192	8	226	1126	226	85229735	
-14585	-2264	-8872	-1461	-201	755	72	192	6	227	1131	227	85229742	
-14659	-2106	-8871	-1244	23	791	68	191	7	228	1136	228	85229742	
-14634	-2086	-8801	-1048	278	815	67	191	7	229	1141	229	85229742	
-14583	-1935	-8686	-924	508	786	75	191	7	230	1146	230	85229743	
-14596	-1891	-8620	-832	709	749	77	191	7	231	1151	231	85229743	
-14684	-1732	-8482	-741	880	683	75	193	7	232	1156	232	85229743	
-14694	-1740	-8356	-677	966	607	75	193	7	233	1161	233	85229751	
-14666	-1758	-8150	-650	1045	520	73	191	9	234	1166	234	85229779	
-14726	-1754	-8058	-594	1108	442	73	191	9	235	1171	235	85229779	
-14750	-1692	-7824	-595	1140	343	69	193	9	236	1176	236	85229779	
-14812	-1714	-7694	-560	1152	272	69	193	9	237	1181	237	85229779	
-14874	-1798	-7622	-441	1148	211	68	188	10	238	1186	238	85229780	
-14922	-1936	-7596	-312	1113	149	68	188	10	239	1191	239	85229780	
-14908	-2044	-7590	-166	1057	114	67	193	7	240	1196	240	85229805	
-14948	-2224	-7607	15	960	92	68	194	7	241	1201	241	85229815	
-14969	-2451	-7613	163	861	79	73	199	9	242	1206	242	85229815	
-14989	-2622	-7662	265	756	60	73	199	9	243	1211	243	85229816	
-15036	-2930	-7723	335	615	51	71	199	11	244	1216	244	85229816	
-15120	-3186	-7789	353	445	24	71	197	11	245	1221	245	85229816	
-15169	-3341	-7858	356	264	-8	73	191	9	246	1226	246	85229823	
-15200	-3596	-7959	359	82	-54	73	191	10	247	1231	247	85229855	
-15176	-3833	-8141	359	-85	-93	72	192	12	248	1236	248	85229867	
-15086	-4078	-8256	318	-255	-151	70	194	11	249	1241	249	85229868	
-15082	-4243	-8379	241	-401	-205	68	196	10	250	1246	250	85229868	
-15074	-4380	-8518	144	-539	-249	70	198	9	251	1251	251	85229869	
-15090	-4414	-8611	50	-653	-280	72	202	8	252	1256	252	85229869	
-15056	-4358	-8708	-16	-730	-307	73	196	10	253	1261	253	85229869	
-14979	-4324	-8775	-35	-763	-323	75	187	13	254	1266	254	85229883	
-14891	-4315	-8818	-18	-779	-335	74	188	11	255	1271	255	85229903	
-14798	-4391	-8901	44	-777	-330	72	190	8	256	1276	256	85229904	
-14671	-4469	-8989	100	-750	-301	71	192	10	257	1281	257	85229904	
-14587	-4478	-9066	130	-698	-260	70	194	12	258	1286	258	85229905	
-14542	-4431	-9133	148	-653	-205	70	188	6	259	1291	259	85229905	
-14503	-4416	-9247	162	-629	-108	70	184	2	260	1296	260	85229906	
-14452	-4446	-9310	166	-593	-13	72	193	7	261	1301	261	85229906	
-14366	-4463	-9279	186	-542	56	73	199	11	262	1306	262	85229906	
-14302	-4412	-9284	192	-490	109	72	196	13	263	1311	263	85229906	
-14290	-4428	-9321	134	-458	161	72	194	14	264	1316	264	85229910	
-14360	-4361	-9253	10	-458	225	69	191	13	265	1321	265	85229948	
-14369	-4283	-9349	-120	-448	287	68	190	12	266	1326	266	85229960	
-14412	-4178	-9378	-216	-415	324	70	191	18	267	1331	267	85229961	
-14456	-4120	-9293	-271	-385	359	71	191	19	268	1336	268	85229961	
-14458	-3947	-9230	-325	-346	396	68	191	13	269	1341	269	85229961	
-14406	-3829	-9183	-352	-282	423	67	191	11	270	1346	270	85229961	
-14370	-3786	-9139	-351	-205	456	70	191	13	271	1351	271	85229961	
-14348	-3745	-9124	-340	-117	496	71	191	13	272	1356	272	85229991	
-14370	-3736	-9012	-340	-14	532	75	192	11	273	1361	273	85229999	
-14336	-3788	-8842	-317	98	565	76	192	10	274	1366	274	85229999	
-14254	-3738	-8792	-287	206	580	65	199	15	275	1371	275	85229999	
-14204	-3750	-8782	-278	306	608	65	199	15	276	1376	276	85229999	
-14172	-3730	-8640	-296	371	620	76	194	10	277	1381	277	85229999	
-14174	-3844	-8568	-310	399	619	76	194	10	278	1386	278	85229999	
-14182	-3906	-8562	-373	375	615	70	192	12	279	1391	279	85229999	
-14214	-3886	-8524	-439	338	625	70	192	12	280	1396	280	85229999	
-14282	-3988	-8418	-503	315	617	71	189	9	281	1401	281	85229999	
-14354	-3954	-8386	-622	290	595	71	189	10	282	1406	282	85230001	
-14319	-4024	-8422	-730	265	568	70	190	12	283	1411	283	85230013	
-14414	-4043	-8515	-854	239	522	71	190	12	284	1416	284	85230035	
-14515	-4077	-8439	-984	211	485	74	188	12	285	1421	285	85230036	
-14680	-4139	-8434	-1120	163	453	72	188	10	286	1426	286	85230036	
-14850	-4181	-8446	-1230	122	410	64	186	2	287	1431	287	85230036	
-14927	-4179	-8481	-1322	86	370	66	186	3	288	1436	288	85230037	
-15054	-4191	-8478	-1396	55	318	72	186	6	289	1441	289	85230037	
-15075	-4221	-8515	-1459	44	260	73	187	5	290	1446	290	85230043	
-15116	-4198	-8560	-1548	2	193	75	191	3	291	1451	291	85230065	
-15168	-4171	-8593	-1615	-49	122	75	191	4	292	1456	292	85230073	
-15125	-4079	-8600	-1669	-99	45	74	192	6	293	1461	293	85230074	
-14983	-4006	-8643	-1705	-117	-50	72	190	6	294	1466	294	85230074	
-14870	-4020	-8676	-1719	-92	-149	70	188	6	295	1471	295	85230074	
-14776	-3984	-8700	-1739	-57	-233	69	189	8	296	1476	296	85230074	
-14687	-3943	-8691	-1765	-20	-296	68	190	10	297	1481	297	85230075	
-14671	-3966	-8758	-1783	9	-341	71	191	7	298	1486	298	85230088	
-14677	-4032	-8699	-1794	10	-374	74	192	4	299	1491	299	85230107	
-14725	-4078	-8666	-1808	-10	-414	73	191	4	300	1496	300	85230111	
-14808	-4058	-8678	-1830	-56	-457	72	190	4	301	1501	301	85230111	
-14882	-4114	-8754	-1852	-115	-511	67	191	8	302	1506	302	85230111	
-14997	-4150	-8788	-1900	-177	-571	64	192	10	303	1511	303	85230112	
-15133	-4066	-8845	-1970	-236	-631	67	196	6	304	1516	304	85230112	
-15188	-3984	-8813	-2046	-284	-686	69	199	3	305	1521	305	85230120	
-15166	-3884	-8747	-2133	-324	-741	73	195	2	306	1526	306	85230145	
-15054	-3738	-8770	-2259	-373	-792	76	192	2	307	1531	307	85230159	
-15054	-3506	-8734	-2342	-412	-826	69	193	-1	308	1536	308	85230159	
-14866	-3404	-8754	-2363	-466	-824	69	193	-1	309	1541	309	85230159	
-14782	-3366	-8714	-2357	-478	-830	74	194	4	310	1546	310	85230159	
-14718	-3270	-8704	-2330	-498	-820	74	194	4	311	1551	311	85230159	
-14636	-3296	-8694	-2327	-494	-818	76	186	4	312	1556	312	85230159	
-14500	-3226	-8678	-2334	-502	-802	76	186	4	313	1561	313	85230177	
-14362	-3156	-8678	-2343	-528	-764	74	194	2	314	1566	314	85230197	
-14269	-3121	-8611	-2336	-554	-751	74	193	3	315	1571	315	85230197	
-14121	-3107	-8595	-2316	-594	-743	73	187	5	316	1576	316	85230198	
-14098	-3068	-8714	-2315	-648	-743	73	187	5	317	1581	317	85230198	
-14171	-3050	-8728	-2337	-703	-745	74	186	6	318	1586	318	85230199	
-14256	-3004	-8730	-2375	-768	-709	73	187	6	319	1591	319	85230199	
-14371	-3008	-8808	-2432	-817	-686	71	189	7	320	1596	320	85230206	
-14497	-2961	-8863	-2468	-837	-696	71	189	7	321	1601	321	85230235	
-14669	-2913	-8900	-2503	-845	-708	72	190	6	322	1606	322	85230235	
-14719	-2795	-9004	-2563	-833	-698	72	188	4	323	1611	323	85230235	
-14796	-2648	-8957	-2575	-821	-703	71	183	-3	324	1616	324	85230235	
-14867	-2528	-8990	-2544	-813	-711	72	184	0	325	1621	325	85230236	
-14938	-2396	-9018	-2465	-794	-694	73	185	5	326	1626	326	85230236	
-14929	-2370	-9048	-2323	-762	-667	76	186	4	327	1631	327	85230236	
-14923	-2346	-9013	-2160	-720	-646	80	188	2	328	1636	328	85230236	
-14813	-2413	-8992	-2018	-668	-628	80	189	2	329	1641	329	85230237	
-14654	-2450	-8938	-1876	-605	-613	80	190	2	330	1646	330	85230243	
-14565	-2486	-8939	-1729	-565	-590	78	188	2	331	1651	331	85230261	
-14459	-2549	-8905	-1617	-556	-565	74	186	2	332	1656	332	85230272	
-14334	-2626	-8808	-1517	-569	-544	75	188	5	333	1661	333	85230272	
-14342	-2754	-8746	-1444	-593	-539	75	189	7	334	1666	334	85230272	
-14358	-2899	-8727	-1389	-630	-534	77	191	5	335	1671	335	85230272	
-14387	-3043	-8703	-1379	-668	-526	78	192	4	336	1676	336	85230272	
-14470	-3198	-8653	-1414	-719	-534	77	187	3	337	1681	337	85230272	
-14584	-3240	-8617	-1485	-788	-554	76	184	2	338	1686	338	85230294	
-14702	-3258	-8604	-1542	-857	-582	76	188	2	339	1691	339	85230309	
-14859	-3294	-8592	-1570	-915	-625	76	190	2	340	1696	340	85230309	
-14933	-3336	-8684	-1564	-951	-665	78	190	-1	341	1701	341	85230309	
-15030	-3290	-8668	-1549	-961	-696	78	190	-2	342	1706	342	85230309	
-15159	-3282	-8658	-1495	-967	-708	76	188	-3	343	1711	343	85230310	
-15253	-3266	-8735	-1407	-962	-724	75	187	-3	344	1716	344	85230310	
-15300	-3192	-8783	-1310	-941	-739	70	185	3	345	1721	345	85230316	
-15226	-3164	-8755	-1208	-912	-757	69	185	5	346	1726	346	85230341	
-15140	-3162	-8688	-1114	-885	-763	76	187	1	347	1731	347	85230347	
-15092	-3162	-8607	-1034	-882	-755	78	188	0	348	1736	348	85230348	
-14922	-3248	-8588	-938	-888	-715	76	190	0	349	1741	349	85230348	
-14744	-3278	-8678	-885	-883	-671	76	190	0	350	1746	350	85230348	
-14682	-3334	-8536	-871	-889	-626	79	189	-1	351	1751	351	85230349	
-14494	-3466	-8580	-896	-885	-569	79	189	-1	352	1756	352	85230349	
-14428	-3578	-8636	-964	-898	-523	80	192	-2	353	1761	353	85230425	
-14348	-3680	-8640	-1060	-932	-463	80	192	-2	354	1766	354	85230434	
-14320	-3706	-8582	-1214	-963	-408	80	192	-6	355	1771	355	85230434	
-14338	-3730	-8644	-1386	-1004	-366	80	192	-6	356	1776	356	85230434	
-14282	-3709	-8634	-1546	-1006	-342	80	186	0	357	1781	357	85230434	
-14243	-3626	-8685	-1668	-976	-338	79	187	0	358	1786	358	85230434	
-14246	-3505	-8750	-1784	-933	-341	76	192	2	359	1791	359	85230435	
-14292	-3341	-8884	-1878	-909	-325	77	191	3	360	1796	360	85230445	
-14392	-3150	-8955	-1918	-876	-296	79	189	5	361	1801	361	85230486	
-14548	-3014	-8981	-1867	-817	-263	79	189	4	362	1806	362	85230486	
-14605	-2897	-8952	-1732	-721	-245	80	188	0	363	1811	363	85230486	
-14614	-2819	-8977	-1553	-578	-233	80	189	0	364	1816	364	85230486	
-14634	-2732	-8969	-1367	-424	-226	82	192	0	365	1821	365	85230486	
-14746	-2673	-8969	-1196	-292	-213	80	192	2	366	1826	366	85230486	
-14803	-2672	-8978	-1084	-193	-204	78	192	4	367	1831	367	85230486	
-14878	-2642	-8943	-994	-116	-186	82	190	2	368	1836	368	85230487	
-14905	-2601	-8874	-901	-50	-173	87	187	-1	369	1841	369	85230487	
-14928	-2566	-8798	-832	0	-171	86	188	0	370	1846	370	85230487	
-14949	-2591	-8738	-777	32	-169	84	190	2	371	1851	371	85230487	
-14921	-2672	-8634	-739	43	-160	82	188	-1	372	1856	372	85230487	
-14817	-2740	-8556	-733	34	-153	80	186	-6	373	1861	373	85230491	
-14762	-2878	-8506	-773	12	-163	81	187	-1	374	1866	374	85230495	
-14712	-2991	-8505	-840	-30	-178	81	187	3	375	1871	375	85230495	
-14660	-3129	-8451	-927	-88	-192	80	185	1	376	1876	376	85230495	
-14520	-3254	-8432	-1029	-150	-221	80	184	0	377	1881	377	85230495	
-14494	-3352	-8458	-1115	-213	-262	79	188	1	378	1886	378	85230525	
-14537	-3458	-8417	-1204	-296	-310	78	190	2	379	1891	379	85230545	
-14576	-3568	-8398	-1309	-383	-367	77	189	-2	380	1896	380	85230545	
-14749	-3598	-8414	-1404	-455	-424	77	189	-5	381	1901	381	85230545	
-14830	-3584	-8423	-1509	-517	-492	79	186	-4	382	1906	382	85230545	
-14877	-3504	-8450	-1584	-553	-564	79	185	-3	383	1911	383	85230545	
-14978	-3463	-8530	-1621	-557	-619	78	187	-1	384	1916	384	85230545	
-15000	-3300	-8593	-1627	-535	-664	78	188	0	385	1921	385	85230545	
-15061	-3212	-8655	-1586	-497	-685	82	186	1	386	1926	386	85230545	
-15121	-3019	-8748	-1530	-450	-690	83	185	1	387	1931	387	85230545	
-15070	-2880	-8778	-1417	-377	-683	82	191	-9	388	1936	388	85230551	
-15068	-2776	-8778	-1243	-299	-664	82	192	-12	389	1941	389	85230583	
-15038	-2758	-8798	-1002	-211	-624	84	188	-2	390	1946	390	85230593	
-14988	-2726	-8838	-820	-150	-569	84	188	-2	391	1951	391	85230594	
-14974	-2808	-8818	-643	-91	-514	83	187	-3	392	1956	392	85230594	
-14886	-2808	-8764	-500	-40	-461	83	187	-3	393	1961	393	85230594	
-14894	-2968	-8778	-382	2	-427	82	188	0	394	1966	394	85230595	
-14984	-2920	-8766	-320	13	-386	82	188	0	395	1971	395	85230595	
-15030	-3004	-8646	-340	-23	-294	85	181	-5	396	1976	396	85230609	
-15016	-3132	-8658	-350	-45	-246	85	181	-5	397	1981	397	85230620	
-15000	-3164	-8646	-359	-42	-215	85	185	-3	398	1986	398	85230620	
-15046	-3228	-8664	-419	-58	-190	86	186	-3	399	1991	399	85230620	
-15020	-3253	-8652	-519	-95	-171	89	191	-5	400	1996	400	85230621	
-15058	-3269	-8576	-620	-136	-148	87	191	-4	401	2001	401	85230621	
