-16317	-2017	4339	345	-503	-304	-82	141	219	1	1	1	73690627	
-16332	-2052	4390	352	-491	-311	-84	140	224	2	6	2	73690644	
-16388	-2061	4375	345	-470	-321	-85	139	220	3	11	3	73690644	
-16357	-2032	4342	322	-455	-327	-85	139	217	4	16	4	73690644	
-16320	-2016	4320	296	-443	-325	-79	138	217	5	21	5	73690645	
-16368	-2027	4320	265	-419	-325	-75	137	217	6	26	6	73690645	
-16364	-2060	4356	228	-410	-329	-78	135	219	7	31	7	73690645	
-16316	-2030	4324	194	-391	-336	-80	134	220	8	36	8	73690645	
-16297	-2001	4307	162	-369	-338	-79	136	219	9	41	9	73690646	
-16280	-2040	4334	140	-355	-343	-77	137	217	10	46	10	73690646	
-16273	-2061	4348	129	-336	-359	-81	139	217	11	51	11	73690647	
-16267	-2016	4301	128	-310	-372	-85	141	217	12	56	12	73690647	
-16260	-1982	4258	140	-297	-377	-86	138	219	13	61	13	73690647	
-16290	-1997	4206	157	-296	-377	-86	136	220	14	66	14	73690648	
-16238	-2026	4248	170	-287	-384	-86	137	219	15	71	15	73690648	
-16226	-2007	4264	195	-281	-399	-86	138	218	16	76	16	73690648	
-16228	-2001	4225	216	-283	-411	-85	136	219	17	81	17	73690690	
-16164	-1983	4296	234	-276	-414	-85	135	219	18	86	18	73690718	
-16153	-2007	4224	257	-268	-410	-81	137	219	19	91	19	73690719	
-16173	-2008	4177	259	-265	-420	-79	137	219	20	96	20	73690719	
-16203	-2019	4188	266	-271	-433	-81	138	217	21	101	21	73690719	
-16193	-2002	4152	279	-280	-442	-82	138	216	22	106	22	73690719	
-16201	-2031	4111	302	-278	-457	-83	138	220	23	111	23	73690720	
-16212	-2037	4111	313	-272	-476	-84	138	222	24	116	24	73690720	
-16238	-2008	4086	323	-263	-496	-83	137	220	25	121	25	73690720	
-16229	-2035	4013	345	-249	-519	-82	136	218	26	126	26	73690720	
-16246	-2054	3931	348	-229	-549	-84	131	224	27	131	27	73690721	
-16225	-2093	3870	339	-222	-595	-86	128	228	28	136	28	73690721	
-16188	-2052	3830	347	-221	-638	-86	142	223	29	141	29	73690722	
-16153	-2032	3870	366	-197	-679	-86	146	222	30	146	30	73690722	
-16172	-2052	3884	387	-170	-732	-78	136	217	31	151	31	73690722	
-16181	-2067	3885	412	-137	-772	-76	134	216	32	156	32	73690722	
-16174	-2060	3938	436	-94	-821	-75	134	216	33	161	33	73690723	
-16146	-1955	3956	454	-61	-876	-74	134	216	34	166	34	73690723	
-16152	-1898	4028	486	-40	-921	-79	136	218	35	171	35	73690723	
-16175	-1826	4105	494	-41	-972	-83	137	219	36	176	36	73690723	
-16192	-1754	4136	439	-9	-1018	-89	133	215	37	181	37	73690784	
-16169	-1704	4200	361	1	-1036	-90	132	214	38	186	38	73690800	
-16140	-1664	4238	247	-2	-1041	-79	132	219	39	191	39	73690800	
-16147	-1621	4241	105	-9	-1048	-76	132	220	40	196	40	73690800	
-16147	-1639	4251	-61	-13	-1055	-81	138	215	41	201	41	73690800	
-16095	-1524	4036	-289	-19	-1087	-82	140	214	42	206	42	73690801	
-16070	-1394	4011	-505	-27	-1122	-85	140	217	43	211	43	73690801	
-16043	-1434	4058	-687	-44	-1152	-86	140	218	44	216	44	73690801	
-15967	-1627	4105	-867	-97	-1178	-80	141	220	45	221	45	73690802	
-15923	-1953	4034	-1070	-70	-1213	-79	141	221	46	226	46	73690802	
-15914	-2229	4131	-1310	-38	-1252	-81	138	218	47	231	47	73690802	
-15887	-2437	4200	-1560	-36	-1281	-81	137	217	48	236	48	73690802	
-15915	-2572	4236	-1760	-51	-1300	-82	139	221	49	241	49	73690820	
-15886	-2878	4028	-1884	-65	-1337	-82	140	222	50	246	50	73690825	
-15898	-2966	4123	-1916	-103	-1399	-77	138	217	51	251	51	73690827	
-16077	-2805	4357	-1733	-189	-1422	-76	138	216	52	256	52	73690848	
-16160	-2808	4528	-1399	-137	-1418	-91	133	225	53	261	53	73690853	
-16202	-2940	4570	-1415	54	-1450	-91	133	225	54	266	54	73690853	
-16219	-2868	4422	-1489	139	-1473	-76	138	220	55	271	55	73690854	
-16243	-2832	4309	-1518	142	-1474	-73	139	219	56	276	56	73690854	
-16165	-2727	4198	-1500	84	-1429	-73	141	221	57	281	57	73690854	
-16130	-2592	4221	-1329	38	-1336	-73	141	221	58	286	58	73690854	
-16131	-2508	4282	-1109	15	-1206	-83	138	223	59	291	59	73690855	
-16012	-2560	4339	-949	12	-1066	-85	137	223	60	296	60	73690855	
-15968	-2660	4268	-791	12	-909	-76	142	220	61	301	61	73690855	
-15946	-2692	4276	-746	-82	-790	-76	142	220	62	306	62	73690875	
-15960	-2686	4200	-727	-157	-712	-81	133	223	63	311	63	73690875	
-15916	-2572	4180	-734	-209	-656	-81	133	223	64	316	64	73690879	
-15840	-2602	4096	-694	-233	-597	-79	143	221	65	321	65	73690879	
-15718	-2605	4028	-631	-265	-560	-79	143	221	66	326	66	73690880	
-15673	-2692	3905	-566	-316	-527	-73	134	220	67	331	67	73690880	
-15534	-2783	3896	-492	-365	-500	-72	132	220	68	336	68	73690880	
-15535	-2874	3926	-486	-434	-462	-85	132	228	69	341	69	73690881	
-15522	-3018	3874	-543	-505	-423	-88	132	230	70	346	70	73690881	
-15600	-3036	3748	-657	-543	-388	-71	135	219	71	351	71	73690881	
-15728	-3070	3740	-803	-579	-346	-71	135	219	72	356	72	73690881	
-15744	-3132	3840	-938	-597	-326	-75	141	223	73	361	73	73690882	
-15824	-3118	3768	-1080	-581	-317	-75	141	223	74	366	74	73690882	
-15976	-3034	3874	-1181	-581	-299	-71	139	215	75	371	75	73690882	
-16048	-2846	3860	-1213	-593	-288	-71	139	215	76	376	76	73690882	
-16214	-2856	3866	-1257	-593	-273	-76	136	222	77	381	77	73690930	
-16334	-2838	3922	-1284	-593	-234	-76	136	222	78	386	78	73690930	
-16488	-2710	3972	-1261	-641	-186	-82	138	230	79	391	79	73690930	
-16648	-2614	3944	-1235	-684	-118	-82	138	230	80	396	80	73690931	
-16858	-2538	3932	-1147	-729	-54	-77	137	219	81	401	81	73690931	
-16902	-2612	3838	-1049	-772	30	-77	137	219	82	406	82	73690932	
-17038	-2640	3884	-923	-819	115	-74	142	222	83	411	83	73690932	
-17090	-2588	3866	-777	-861	194	-74	142	222	84	416	84	73690932	
-17204	-2596	3730	-663	-887	272	-78	138	228	85	421	85	73690954	
-17288	-2712	3699	-525	-943	344	-77	138	226	86	426	86	73690955	
-17371	-2799	3736	-447	-958	407	-72	138	220	87	431	87	73690955	
-17392	-2791	3681	-415	-921	464	-72	138	220	88	436	88	73690955	
-17242	-2768	3696	-372	-890	498	-74	138	220	89	441	89	73690956	
-17218	-2756	3878	-297	-884	542	-74	138	220	90	446	90	73690956	
-17072	-2594	3860	-195	-841	567	-69	137	221	91	451	91	73690957	
-16842	-2462	3888	-75	-817	591	-69	137	221	92	456	92	73690957	
-16694	-2302	4086	40	-826	619	-75	139	225	93	461	93	73690957	
-16620	-2306	4046	158	-862	622	-75	139	225	94	466	94	73691083	
-16400	-2098	4064	290	-881	643	-86	134	228	95	471	95	73691112	
-16294	-2056	4123	382	-905	674	-84	134	227	96	476	96	73691112	
-16167	-2056	4165	498	-959	725	-74	136	224	97	481	97	73691113	
-16073	-2088	4244	591	-1012	768	-74	136	223	98	486	98	73691115	
-16062	-2184	4185	593	-1038	796	-73	137	219	99	491	99	73691116	
-16040	-2218	4156	547	-1044	802	-73	137	219	100	496	100	73691117	
-16050	-2178	4188	485	-1059	796	-75	139	221	101	501	101	73691118	
-16080	-2338	4202	411	-1085	781	-75	139	221	102	506	102	73691118	
-15937	-2244	4222	338	-1055	760	-70	140	220	103	511	103	73691118	
-15945	-2237	4122	241	-1010	721	-71	139	221	104	516	104	73691119	
-15962	-2274	4068	134	-1006	690	-77	137	223	105	521	105	73691119	
-16001	-2176	4049	56	-1011	643	-77	137	222	106	526	106	73691125	
-16057	-2109	4045	-11	-961	594	-78	136	220	107	531	107	73691150	
-16046	-2006	4029	-14	-893	532	-76	136	221	108	536	108	73691151	
-16060	-1865	3996	39	-854	471	-70	138	224	109	541	109	73691151	
-16086	-1852	4078	179	-849	398	-71	137	223	110	546	110	73691151	
-16090	-1889	4099	333	-818	334	-77	133	219	111	551	111	73691151	
-16134	-1909	4175	457	-787	266	-77	134	220	112	556	112	73691152	
-16233	-1933	4284	528	-750	208	-76	136	224	113	561	113	73691152	
-16360	-1892	4380	496	-736	154	-75	136	223	114	566	114	73691152	
-16426	-1759	4471	483	-713	113	-72	136	220	115	571	115	73691153	
-16378	-1687	4462	471	-689	84	-72	136	220	116	576	116	73691153	
-16455	-1697	4526	472	-684	68	-72	136	222	117	581	117	73691153	
-16492	-1712	4470	474	-697	50	-73	136	222	118	586	118	73691153	
-16542	-1793	4477	432	-720	42	-75	137	223	119	591	119	73691165	
-16602	-1842	4462	327	-709	20	-75	135	222	120	596	120	73691210	
-16613	-1954	4403	239	-669	1	-75	133	221	121	601	121	73691227	
-16622	-2041	4355	135	-617	-16	-73	135	224	122	606	122	73691229	
-16621	-2087	4337	38	-571	-31	-71	137	229	123	611	123	73691229	
-16600	-2082	4384	-21	-524	-36	-72	137	227	124	616	124	73691230	
-16624	-2146	4434	-67	-489	-45	-75	137	219	125	621	125	73691230	
-16593	-2188	4488	-138	-466	-51	-76	137	221	126	626	126	73691231	
-16489	-2136	4486	-198	-409	-67	-79	137	227	127	631	127	73691231	
-16444	-2123	4433	-235	-369	-62	-77	137	225	128	636	128	73691232	
-16454	-2127	4461	-243	-368	-46	-74	138	222	129	641	129	73691233	
-16481	-2141	4429	-257	-358	-30	-74	136	222	130	646	130	73691233	
-16482	-2074	4362	-272	-345	-11	-74	132	222	131	651	131	73691234	
-16499	-2070	4289	-240	-342	7	-75	134	223	132	656	132	73691235	
-16474	-1995	4267	-190	-341	23	-77	137	225	133	661	133	73691243	
-16491	-1961	4305	-121	-318	27	-76	135	224	134	666	134	73691254	
-16501	-1998	4350	-27	-279	26	-74	132	222	135	671	135	73691254	
-16452	-2073	4231	93	-241	20	-76	132	222	136	676	136	73691255	
-16420	-2062	4262	220	-208	17	-82	132	220	137	681	137	73691255	
-16405	-2115	4276	321	-179	0	-80	134	221	138	686	138	73691256	
-16390	-2137	4245	408	-157	-12	-77	137	223	139	691	139	73691256	
-16364	-2096	4246	481	-145	-29	-76	137	223	140	696	140	73691256	
-16387	-2119	4244	572	-140	-40	-74	136	222	141	701	141	73691276	
-16366	-2173	4279	643	-137	-41	-75	134	224	142	706	142	73691304	
-16348	-2293	4360	704	-133	-37	-76	132	226	143	711	143	73691304	
-16399	-2360	4296	757	-115	-23	-79	136	226	144	716	144	73691305	
-16431	-2430	4168	734	-73	-15	-82	140	226	145	721	145	73691305	
-16469	-2470	4165	680	-39	-13	-79	138	224	146	726	146	73691305	
-16522	-2499	4155	642	1	-20	-76	136	222	147	731	147	73691305	
-16577	-2586	4062	634	72	-39	-76	138	224	148	736	148	73691306	
-16669	-2652	3992	649	158	-61	-77	141	227	149	741	149	73691306	
-16804	-2630	3885	669	250	-95	-75	139	224	150	746	150	73691306	
-16937	-2598	3814	701	356	-146	-73	135	219	151	751	151	73691306	
-17079	-2534	3684	777	511	-221	-75	137	220	152	756	152	73691307	
-17160	-2367	3496	883	677	-316	-76	138	220	153	761	153	73691318	
-17267	-2210	3426	1022	831	-417	-74	139	218	154	766	154	73691326	
-17390	-1951	3306	1193	992	-521	-73	139	217	155	771	155	73691326	
-17497	-1716	3219	1403	1151	-627	-75	137	219	156	776	156	73691326	
-17643	-1652	3202	1695	1274	-715	-76	136	220	157	781	157	73691327	
-17780	-1701	3233	2062	1377	-787	-75	137	219	158	786	158	73691327	
-17883	-1791	3262	2448	1511	-849	-74	138	218	159	791	159	73691328	
-17992	-1895	3210	2753	1697	-901	-77	138	220	160	796	160	73691338	
-18053	-2046	3154	3000	1881	-960	-81	137	223	161	801	161	73691355	
-18172	-2132	3110	3098	2007	-1027	-79	135	219	162	806	162	73691355	
-18316	-2164	2957	3173	2134	-1102	-77	133	217	163	811	163	73691355	
-18422	-2226	2715	3312	2278	-1186	-85	132	221	164	816	164	73691355	
-18537	-2431	2498	3489	2436	-1287	-90	132	224	165	821	165	73691356	
-18584	-2666	2414	3671	2630	-1402	-83	136	219	166	826	166	73691356	
-18502	-2786	2353	3825	2847	-1526	-78	138	216	167	831	167	73691356	
-18368	-2901	2272	3956	3048	-1635	-78	137	215	168	836	168	73691357	
-18289	-3072	2348	4019	3227	-1725	-78	136	214	169	841	169	73691357	
-18265	-3228	2432	3961	3458	-1791	-78	140	215	170	846	170	73691358	
-18186	-3259	2555	3798	3739	-1848	-78	142	216	171	851	171	73691358	
-18064	-3243	2668	3549	3979	-1875	-79	144	215	172	856	172	73691389	
-18000	-3158	2650	3266	4164	-1878	-79	145	215	173	861	173	73691410	
-17958	-2905	2718	2975	4325	-1863	-84	146	211	174	866	174	73691410	
-17938	-2632	2810	2716	4478	-1814	-88	146	208	175	871	175	73691410	
-17866	-2478	2919	2582	4614	-1747	-86	150	212	176	876	176	73691427	
-17862	-2420	2979	2569	4741	-1652	-84	152	214	177	881	177	73691477	
-17781	-2164	2987	2454	4946	-1540	-83	149	205	178	886	178	73691502	
-17706	-1832	2840	2178	5257	-1459	-82	148	202	179	891	179	73691502	
-17615	-1454	2702	1891	5515	-1391	-89	153	205	180	896	180	73691502	
-17567	-1033	2406	1581	5703	-1311	-92	156	206	181	901	181	73691503	
-17473	-440	1884	1254	5865	-1224	-85	154	202	182	906	182	73691503	
-17241	377	1220	923	6132	-1137	-80	152	200	183	911	183	73691503	
-16942	1278	528	587	6521	-1038	-84	150	202	184	916	184	73691503	
-16581	2181	-218	325	6926	-879	-86	148	204	185	921	185	73691504	
-16131	3219	-1119	126	7319	-590	-82	155	194	186	926	186	73691504	
-15828	3879	-2029	-14	7633	-184	-81	157	191	187	931	187	73691504	
-15598	4076	-2587	-102	7928	312	-83	160	191	188	936	188	73691504	
-15442	4015	-3226	-297	8248	889	-83	161	191	189	941	189	73691505	
-15484	3957	-3644	-817	8647	1548	-85	163	194	190	946	190	73691505	
-15430	4167	-4080	-1671	9161	2252	-85	163	195	191	951	191	73691505	
-15371	4465	-4344	-2688	9671	2911	-78	164	194	192	956	192	73691506	
-15292	4724	-4870	-3904	10250	3655	-75	165	193	193	961	193	73691506	
-15224	5086	-5662	-5521	10938	4620	-79	167	189	194	966	194	73691506	
-15139	5550	-6460	-7075	11526	5518	-80	168	188	195	971	195	73691507	
-14974	5948	-7149	-8518	12054	6399	-77	168	186	196	976	196	73691507	
-14916	6093	-7868	-9807	12577	7271	-76	168	186	197	981	197	73691507	
-14745	5907	-8428	-10853	13082	8139	-77	172	192	198	986	198	73691507	
-14683	5541	-8575	-11506	13490	9011	-77	173	193	199	991	199	73691508	
-14657	5099	-8530	-11727	13788	9892	-75	176	183	200	996	200	73691522	
-14798	4603	-8770	-11687	14024	10734	-75	177	181	201	1001	201	73691550	
-14997	4201	-9154	-11775	14351	11533	-78	179	189	202	1006	202	73691556	
-15192	4091	-9413	-12087	14786	12278	-79	179	191	203	1011	203	73691556	
-15380	4108	-9680	-12464	15254	12969	-70	180	182	204	1016	204	73691557	
-15762	4296	-9776	-12796	15674	13645	-68	180	180	205	1021	205	73691557	
-16040	4582	-9690	-12839	16087	14267	-67	179	176	206	1026	206	73691557	
-16158	4695	-9464	-12552	16517	14875	-67	179	175	207	1031	207	73691557	
-16275	4658	-9208	-12028	16910	15460	-73	187	177	208	1036	208	73691558	
-16374	4496	-8996	-11426	17263	16006	-75	189	177	209	1041	209	73691558	
-16331	4357	-8420	-10767	17553	16507	-73	187	174	210	1046	210	73691637	
-16266	4266	-8054	-9892	17750	17144	-73	187	173	211	1051	211	73691657	
-16480	4292	-7628	-9356	17859	17703	-75	185	169	212	1056	212	73691657	
-16496	4570	-7246	-8901	17962	18219	-75	185	169	213	1061	213	73691657	
-16514	4898	-6928	-8392	18088	18756	-76	190	166	214	1066	214	73691658	
-16629	5093	-6628	-8037	18099	19177	-76	190	166	215	1071	215	73691658	
-16670	5223	-6736	-7517	18091	19655	-74	198	163	216	1076	216	73691658	
-16932	4939	-8298	-7129	18128	20067	-74	200	162	217	1081	217	73691658	
-17759	4873	-7129	-7022	18002	20452	-77	203	156	218	1086	218	73691659	
-18625	4548	-5513	-5581	17566	20984	-78	204	154	219	1091	219	73691659	
-19454	3960	-4522	-3358	17220	21405	-87	207	153	220	1096	220	73691659	
-19484	3684	-4364	-2379	17269	21598	-87	207	153	221	1101	221	73691659	
-19210	3464	-4328	-1892	17523	21699	-88	208	140	222	1106	222	73691660	
-18834	3190	-4430	-1570	17535	21742	-88	208	140	223	1111	223	73691680	
-18554	2816	-4806	-1493	17352	21721	-88	206	140	224	1116	224	73691680	
-18432	2540	-5044	-1638	17222	21621	-88	206	140	225	1121	225	73691680	
-18500	2397	-4919	-1790	17175	21497	-96	204	132	226	1126	226	73691681	
-18589	2264	-4601	-1851	17135	21396	-98	204	130	227	1131	227	73691681	
-18784	2166	-4482	-1595	17072	21364	-92	220	124	228	1136	228	73691681	
-18826	1652	-4484	-1097	16934	21277	-92	220	124	229	1141	229	73691682	
-19046	978	-4586	-638	16757	21127	-105	205	129	230	1146	230	73691730	
-19290	168	-4878	-347	16547	20891	-105	205	129	231	1151	231	73691731	
-19426	-304	-4838	-299	16529	20565	-112	214	116	232	1156	232	73691731	
-19550	-700	-5004	-353	16736	20210	-112	214	116	233	1161	233	73691731	
-19642	-1046	-5008	-443	17018	19855	-114	208	106	234	1166	234	73691731	
-19726	-1200	-4984	-608	17254	19505	-114	208	106	235	1171	235	73691732	
-19679	-1112	-4969	-870	17454	19091	-111	217	101	236	1176	236	73691732	
-19826	-960	-4982	-1062	17563	18708	-111	217	101	237	1181	237	73691732	
-19954	-926	-5126	-1310	17637	18281	-125	215	95	238	1186	238	73691732	
-20066	-774	-5360	-1744	17708	17770	-125	215	95	239	1191	239	73691733	
-20194	-636	-5464	-2259	17903	17198	-129	213	89	240	1196	240	73691733	
-20274	-228	-5572	-2881	18068	16624	-129	213	89	241	1201	241	73691760	
-20248	120	-5772	-3515	18186	16158	-135	213	89	242	1206	242	73691809	
-20146	530	-5764	-4163	18389	15639	-135	213	89	243	1211	243	73691810	
-19876	746	-5810	-4638	18546	15182	-137	207	79	244	1216	244	73691810	
-19454	1096	-5831	-5073	18631	14626	-139	208	79	245	1221	245	73691810	
-19008	1426	-5865	-5345	18712	14190	-148	214	80	246	1226	246	73691811	
-18669	1782	-5687	-5521	18695	13813	-148	213	77	247	1231	247	73691811	
-18339	2180	-5657	-5536	18625	13471	-146	210	66	248	1236	248	73691811	
-18024	2458	-5644	-5453	18603	13188	-146	210	66	249	1241	249	73691812	
-17720	2732	-5490	-5281	18652	12866	-159	205	67	250	1246	250	73691812	
-17432	3020	-5480	-4941	18648	12514	-159	205	67	251	1251	251	73691812	
-17266	3258	-5476	-4461	18558	12137	-159	207	63	252	1256	252	73691813	
-17090	3457	-5275	-3775	18472	11612	-158	206	61	253	1261	253	73691813	
-16892	3560	-5255	-3011	18445	11127	-156	204	54	254	1266	254	73691813	
-16818	3574	-5291	-2228	18420	10563	-157	203	53	255	1271	255	73691813	
-16669	3594	-5287	-1467	18339	9935	-161	199	49	256	1276	256	73691814	
-16479	3633	-5214	-709	18207	9207	-160	201	48	257	1281	257	73691814	
-16501	3766	-5087	106	17950	8415	-155	207	43	258	1286	258	73691814	
-16596	3808	-5222	1016	17663	7723	-156	206	42	259	1291	259	73691822	
-16524	3668	-5364	1757	17489	7113	-162	202	36	260	1296	260	73691864	
-16278	3571	-5344	2534	17225	6155	-163	201	35	261	1301	261	73691865	
-16038	3812	-5286	3263	16891	5355	-165	199	31	262	1306	262	73691865	
-15668	3927	-5321	4114	16556	4563	-166	198	30	263	1311	263	73691865	
-15271	4048	-5318	5000	16205	3769	-168	196	24	264	1316	264	73691875	
-14854	4174	-5479	5964	15798	2972	-169	196	23	265	1321	265	73691912	
-14303	4350	-5519	7032	15372	2145	-171	195	17	266	1326	266	73691914	
-13856	4486	-5698	8159	14854	1370	-170	194	16	267	1331	267	73691917	
-13392	4646	-5884	9373	14275	647	-166	192	12	268	1336	268	73691917	
-12995	4681	-5947	10623	13680	-96	-166	194	12	269	1341	269	73691918	
-12528	4435	-5839	11942	13047	-869	-166	198	12	270	1346	270	73691918	
-12359	4255	-5853	12923	12488	-1494	-168	195	12	271	1351	271	73691918	
-12248	4003	-5884	13848	11812	-2183	-175	183	11	272	1356	272	73691918	
-12113	3946	-6079	14615	11192	-2872	-172	184	7	273	1361	273	73691919	
-11935	3940	-6188	15150	10627	-3516	-161	187	-9	274	1366	274	73691919	
-11536	3901	-6319	15546	10082	-4172	-161	189	-10	275	1371	275	73691919	
-11104	3971	-6328	15915	9525	-4837	-161	197	-15	276	1376	276	73691919	
-10717	3955	-6549	16305	8918	-5511	-161	195	-16	277	1381	277	73691919	
-10361	4005	-6823	16661	8240	-6226	-161	189	-17	278	1386	278	73691920	
-10210	4018	-6974	16913	7650	-6785	-161	190	-20	279	1391	279	73691920	
-10090	3928	-7070	17106	7043	-7255	-160	192	-24	280	1396	280	73691929	
-9937	3830	-7109	17176	6494	-7614	-160	194	-26	281	1401	281	73691949	
-9779	3646	-7208	17148	6015	-7878	-159	197	-29	282	1406	282	73691966	
-9594	3384	-7342	16970	5532	-8124	-157	196	-30	283	1411	283	73691966	
-9514	3357	-7298	16610	5055	-8313	-149	193	-33	284	1416	284	73691967	
-9362	3344	-7459	16156	4566	-8421	-148	194	-34	285	1421	285	73691967	
-9221	3477	-7610	15604	4102	-8480	-145	197	-37	286	1426	286	73691967	
-9136	3510	-7752	14964	3649	-8522	-148	196	-37	287	1431	287	73691967	
-9041	3550	-7682	14400	3269	-8529	-152	194	-38	288	1436	288	73691968	
-8930	3588	-7613	13815	2910	-8520	-144	196	-42	289	1441	289	73691968	
-8881	3643	-7611	13138	2553	-8507	-133	199	-47	290	1446	290	73691968	
-8838	3694	-7570	12477	2203	-8493	-134	197	-49	291	1451	291	73691968	
-8764	3679	-7484	11925	1852	-8448	-135	195	-51	292	1456	292	73691969	
-8682	3555	-7351	11449	1546	-8396	-136	195	-51	293	1461	293	73691977	
-8637	3432	-7169	10925	1265	-8330	-138	196	-50	294	1466	294	73691992	
-8482	3376	-6995	10291	951	-8210	-134	195	-49	295	1471	295	73691992	
-8369	3345	-6938	9758	659	-8103	-128	194	-48	296	1476	296	73691993	
-8192	3374	-6848	9214	349	-8031	-126	195	-49	297	1481	297	73691993	
-8064	3465	-6530	8716	38	-7978	-122	196	-50	298	1486	298	73691993	
-8062	3492	-6244	8370	-306	-7863	-121	196	-53	299	1491	299	73691993	
-8080	3300	-6030	8112	-670	-7689	-119	197	-57	300	1496	300	73691994	
-8112	3126	-5766	7815	-1039	-7520	-119	199	-55	301	1501	301	73692004	
-8158	3026	-5705	7379	-1418	-7396	-119	201	-53	302	1506	302	73692020	
-8118	3096	-5821	6798	-1776	-7344	-111	204	-57	303	1511	303	73692020	
-8020	3467	-5731	6329	-2072	-7318	-106	206	-60	304	1516	304	73692020	
-7917	3748	-5462	6110	-2425	-7239	-105	207	-60	305	1521	305	73692020	
-7923	3725	-5312	6134	-2957	-7134	-104	208	-60	306	1526	306	73692027	
-8047	3816	-5314	5949	-3527	-7082	-107	207	-58	307	1531	307	73692036	
-8178	3970	-5248	5531	-3971	-6979	-111	205	-55	308	1536	308	73692047	
-8290	4226	-5373	5043	-4396	-6819	-107	207	-55	309	1541	309	73692061	
-8271	4288	-5399	4587	-4830	-6613	-101	211	-55	310	1546	310	73692061	
-8442	3655	-5488	4298	-5430	-6322	-107	211	-53	311	1551	311	73692062	
-10008	3519	-5630	3630	-6570	-5944	-112	210	-50	312	1556	312	73692062	
-10505	2855	-5710	2854	-7141	-5494	-105	213	-53	313	1561	313	73692062	
-10166	3520	-6136	981	-6734	-5129	-101	215	-55	314	1566	314	73692062	
-9893	6782	-6385	-1076	-6562	-4923	-103	216	-56	315	1571	315	73692063	
-9548	8878	-6720	-655	-6874	-4442	-104	216	-56	316	1576	316	73692063	
-9802	9456	-7052	1083	-7869	-3933	-102	216	-52	317	1581	317	73692063	
-10760	9661	-7491	3227	-9615	-3755	-98	216	-46	318	1586	318	73692063	
-11088	10951	-9721	5915	-11118	-3840	-96	218	-49	319	1591	319	73692064	
-10886	12154	-12689	8414	-12288	-4027	-94	220	-52	320	1596	320	73692065	
-11093	12837	-14352	12212	-13590	-3878	-92	221	-50	321	1601	321	73692078	
-11322	16268	-16870	16989	-15167	-3030	-91	221	-49	322	1606	322	73692100	
-11134	19094	-22563	22411	-16092	-1589	-92	226	-44	323	1611	323	73692110	
-11281	17956	-25937	26460	-16045	72	-93	229	-41	324	1616	324	73692111	
-12690	17257	-22947	23788	-15427	1482	-88	227	-44	325	1621	325	73692111	
-15422	20336	-20911	15438	-13852	2468	-84	226	-46	326	1626	326	73692112	
-17525	23550	-22163	8962	-9789	3299	-88	227	-38	327	1631	327	73692128	
-17780	23375	-22646	5972	-3853	2978	-90	228	-32	328	1636	328	73692139	
-17080	20019	-23465	3393	36	1074	-86	232	-34	329	1641	329	73692139	
-17154	12827	-25810	1882	-364	-641	-84	234	-36	330	1646	330	73692139	
-18556	2964	-27780	3203	-1786	-1168	-89	233	-32	331	1651	331	73692139	
-20073	-5868	-28392	5764	-896	-2127	-93	233	-29	332	1656	332	73692140	
-20269	-11797	-26204	6887	1683	-3940	-85	231	-34	333	1661	333	73692140	
-17562	-14772	-22176	5665	4122	-4675	-80	230	-38	334	1666	334	73692140	
-14006	-14101	-18833	2116	5138	-4110	-79	231	-40	335	1671	335	73692140	
-11912	-10339	-15958	-3155	4692	-3476	-78	232	-42	336	1676	336	73692197	
-11196	-7231	-13135	-6218	3820	-3446	-84	230	-42	337	1681	337	73692235	
-10835	-4415	-11545	-7739	2911	-3591	-86	230	-42	338	1686	338	73692241	
-10835	-442	-10115	-9586	2096	-3647	-83	227	-43	339	1691	339	73692241	
-11007	4519	-8768	-11158	1787	-3499	-81	225	-43	340	1696	340	73692242	
-11102	8962	-7981	-11242	1986	-3144	-80	227	-42	341	1701	341	73692242	
-10818	11684	-7450	-9779	2190	-2667	-79	229	-41	342	1706	342	73692242	
-10133	12400	-7097	-7097	1929	-2235	-82	230	-40	343	1711	343	73692243	
-9333	11699	-6823	-3242	970	-1968	-84	230	-40	344	1716	344	73692243	
-8809	10190	-6837	306	-212	-1856	-82	229	-39	345	1721	345	73692244	
-8563	8184	-7203	3164	-1272	-1743	-81	229	-39	346	1726	346	73692263	
-8748	5805	-7944	5100	-2170	-1533	-86	227	-41	347	1731	347	73692268	
-9242	3529	-9134	6025	-2810	-1214	-87	227	-41	348	1736	348	73692268	
-9749	1692	-10676	6039	-2999	-972	-83	228	-43	349	1741	349	73692269	
-10203	551	-11703	5618	-2948	-922	-82	228	-44	350	1746	350	73692269	
-10705	-366	-12370	5066	-2809	-937	-84	229	-39	351	1751	351	73692270	
-11208	-1006	-12903	4557	-2642	-1052	-86	230	-36	352	1756	352	73692270	
-11265	-1271	-13145	4021	-2314	-1279	-82	229	-36	353	1761	353	73692270	
-10993	-1160	-13149	3518	-1969	-1442	-80	228	-36	354	1766	354	73692271	
-10664	-675	-13034	3044	-1714	-1512	-80	230	-44	355	1771	355	73692271	
-10199	8	-12912	2687	-1420	-1499	-80	230	-46	356	1776	356	73692271	
-9938	784	-12757	2400	-1148	-1391	-80	232	-41	357	1781	357	73692272	
-9740	1392	-12540	2118	-876	-1276	-80	232	-40	358	1786	358	73692272	
-9641	1859	-12283	1849	-591	-1200	-78	235	-40	359	1791	359	73692290	
-9541	1998	-11856	1610	-358	-1133	-78	236	-40	360	1796	360	73692294	
-9517	1794	-11535	1435	-205	-1056	-78	233	-42	361	1801	361	73692296	
-9510	1346	-11224	1286	-109	-962	-78	232	-42	362	1806	362	73692317	
-9530	896	-10869	1224	-130	-845	-71	228	-44	363	1811	363	73692322	
-9554	416	-10567	1247	-243	-711	-69	227	-45	364	1816	364	73692322	
-9619	128	-10433	1170	-365	-565	-71	232	-47	365	1821	365	73692322	
-9719	-85	-10408	1018	-463	-462	-71	233	-47	366	1826	366	73692323	
