-8539	-13216	-4724	-67	-198	206	-96	200	-89	1	1	1	73692821	
-8553	-13238	-4721	-57	-181	222	-96	202	-90	2	6	2	73692821	
-8575	-13258	-4716	-49	-161	243	-97	199	-90	3	11	3	73692821	
-8567	-13223	-4750	-35	-135	251	-98	194	-90	4	16	4	73692822	
-8562	-13218	-4755	-15	-109	264	-95	196	-87	5	21	5	73692822	
-8552	-13257	-4752	2	-101	284	-90	198	-82	6	26	6	73692822	
-8523	-13262	-4837	-2	-94	301	-90	199	-82	7	31	7	73692841	
-8547	-13210	-4834	-30	-88	318	-89	201	-83	8	36	8	73692869	
-8568	-13118	-4786	-55	-78	330	-97	196	-87	9	41	9	73692902	
-8582	-13119	-4887	-73	-76	333	-102	192	-90	10	46	10	73692926	
-8577	-13084	-4928	-85	-67	336	-100	194	-88	11	51	11	73692927	
-8524	-13087	-4862	-93	-60	337	-98	196	-86	12	56	12	73692928	
-8506	-13087	-4869	-104	-60	328	-99	195	-88	13	61	13	73692928	
-8526	-13083	-4888	-115	-59	321	-99	193	-89	14	66	14	73692928	
-8533	-13130	-4820	-128	-66	314	-98	195	-90	15	71	15	73692928	
-8549	-13139	-4797	-147	-87	294	-96	198	-92	16	76	16	73692929	
-8559	-13144	-4869	-176	-110	280	-94	200	-87	17	81	17	73692929	
-8545	-13148	-4807	-204	-132	264	-92	202	-84	18	86	18	73692929	
-8570	-13120	-4740	-232	-153	246	-97	200	-84	19	91	19	73692929	
-8615	-13131	-4738	-251	-169	236	-100	198	-84	20	96	20	73692930	
-8638	-13159	-4734	-252	-170	223	-94	196	-86	21	101	21	73692930	
-8679	-13147	-4765	-254	-160	211	-90	194	-88	22	106	22	73692930	
-8655	-13141	-4740	-259	-169	200	-97	193	-87	23	111	23	73692942	
-8696	-13129	-4718	-248	-169	194	-102	192	-86	24	116	24	73692996	
-8659	-13136	-4735	-234	-148	189	-98	198	-86	25	121	25	73693027	
-8627	-13100	-4778	-215	-141	182	-96	200	-86	26	126	26	73693028	
-8556	-13074	-4794	-197	-134	168	-91	195	-81	27	131	27	73693028	
-8535	-13136	-4746	-171	-122	164	-90	194	-80	28	136	28	73693028	
-8420	-13141	-4854	-151	-114	142	-91	193	-86	29	141	29	73693028	
-8462	-13164	-4833	-138	-119	117	-91	193	-87	30	146	30	73693029	
-8416	-13216	-4857	-144	-125	104	-87	197	-86	31	151	31	73693029	
-8461	-13228	-4853	-167	-134	88	-86	198	-86	32	156	32	73693030	
-8352	-13236	-4882	-214	-162	72	-95	201	-83	33	161	33	73693030	
-8392	-13214	-4978	-253	-168	48	-95	201	-83	34	166	34	73693030	
-8304	-13222	-4850	-287	-188	46	-94	196	-88	35	171	35	73693031	
-8371	-13262	-4852	-319	-197	41	-94	196	-88	36	176	36	73693053	
-8376	-13251	-4991	-370	-207	30	-94	198	-86	37	181	37	73693057	
-8432	-13232	-4919	-404	-219	26	-94	198	-86	38	186	38	73693058	
-8398	-13238	-4914	-428	-235	19	-92	201	-86	39	191	39	73693058	
-8413	-13230	-4867	-451	-248	28	-92	202	-86	40	196	40	73693058	
-8394	-13182	-4872	-461	-257	33	-90	200	-82	41	201	41	73693058	
-8396	-13206	-4906	-448	-267	45	-89	199	-81	42	206	42	73693059	
-8440	-13240	-4884	-444	-247	51	-92	200	-80	43	211	43	73693059	
-8448	-13234	-4974	-415	-244	41	-92	200	-80	44	216	44	73693059	
-8460	-13236	-4928	-388	-252	46	-91	193	-87	45	221	45	73693133	
-8450	-13252	-4852	-345	-260	23	-91	193	-87	46	226	46	73693133	
-8512	-13300	-4844	-329	-267	12	-95	191	-91	47	231	47	73693133	
-8548	-13312	-4790	-315	-272	15	-95	191	-91	48	236	48	73693134	
-8544	-13238	-4718	-309	-272	4	-96	200	-84	49	241	49	73693134	
-8464	-13232	-4785	-292	-251	-20	-96	200	-84	50	246	50	73693134	
-8355	-13232	-4766	-281	-241	-29	-96	198	-82	51	251	51	73693140	
-8360	-13184	-4822	-299	-230	-34	-95	197	-83	52	256	52	73693160	
-8372	-13210	-4830	-331	-237	-23	-91	193	-89	53	261	53	73693161	
-8376	-13210	-4965	-359	-243	-19	-91	194	-87	54	266	54	73693161	
-8339	-13197	-4962	-373	-250	-17	-93	199	-81	55	271	55	73693162	
-8354	-13234	-4976	-385	-257	-21	-92	199	-81	56	276	56	73693163	
-8361	-13225	-4917	-397	-277	-31	-90	200	-82	57	281	57	73693169	
-8356	-13188	-4952	-409	-276	-31	-90	200	-82	58	286	58	73693169	
-8363	-13211	-4888	-426	-297	-44	-94	192	-86	59	291	59	73693169	
-8355	-13238	-4862	-442	-313	-42	-93	193	-86	60	296	60	73693169	
-8405	-13179	-4786	-456	-315	-41	-90	196	-88	61	301	61	73693170	
-8428	-13190	-4796	-448	-314	-39	-91	196	-87	62	306	62	73693170	
-8411	-13216	-4758	-451	-315	-29	-97	195	-83	63	311	63	73693170	
-8432	-13310	-4708	-470	-332	-32	-96	195	-84	64	316	64	73693185	
-8452	-13278	-4636	-463	-350	-40	-91	195	-87	65	321	65	73693241	
-8501	-13206	-4671	-435	-339	-21	-93	194	-87	66	326	66	73693242	
-8504	-13192	-4656	-466	-319	10	-97	191	-87	67	331	67	73693242	
-8463	-13207	-4580	-449	-334	0	-95	195	-87	68	336	68	73693243	
-8433	-13280	-4606	-421	-323	-11	-92	200	-86	69	341	69	73693243	
-8395	-13318	-4673	-414	-304	-17	-91	200	-84	70	346	70	73693244	
-8372	-13341	-4666	-423	-292	-11	-90	200	-80	71	351	71	73693258	
-8373	-13333	-4684	-442	-300	12	-93	198	-81	72	356	72	73693290	
-8412	-13284	-4726	-452	-296	27	-98	194	-82	73	361	73	73693309	
-8401	-13252	-4732	-453	-280	36	-96	197	-83	74	366	74	73693312	
-8372	-13248	-4759	-439	-271	44	-94	202	-84	75	371	75	73693313	
-8401	-13241	-4766	-412	-263	52	-93	198	-82	76	376	76	73693313	
-8448	-13251	-4762	-388	-254	46	-92	196	-80	77	381	77	73693313	
-8478	-13275	-4765	-364	-254	48	-90	198	-84	78	386	78	73693314	
-8496	-13294	-4732	-345	-254	53	-89	199	-87	79	391	79	73693314	
-8529	-13253	-4712	-332	-254	65	-91	197	-86	80	396	80	73693315	
-8528	-13183	-4719	-329	-246	83	-92	194	-84	81	401	81	73693315	
-8499	-13183	-4746	-332	-230	95	-93	195	-84	82	406	82	73693315	
-8493	-13230	-4732	-326	-217	99	-95	197	-85	83	411	83	73693316	
-8481	-13211	-4648	-310	-218	113	-91	198	-84	84	416	84	73693324	
-8510	-13238	-4630	-288	-218	131	-89	199	-83	85	421	85	73693329	
-8500	-13313	-4637	-276	-212	143	-89	201	-85	86	426	86	73693329	
-8437	-13365	-4615	-264	-207	152	-89	203	-87	87	431	87	73693348	
-8354	-13400	-4638	-255	-195	158	-93	202	-86	88	436	88	73693361	
-8306	-13424	-4678	-258	-180	158	-96	202	-86	89	441	89	73693361	
-8323	-13456	-4650	-268	-173	160	-93	200	-85	90	446	90	73693362	
-8336	-13426	-4633	-297	-183	160	-91	199	-85	91	451	91	73693362	
-8329	-13349	-4646	-324	-202	161	-96	194	-87	92	456	92	73693362	
-8357	-13299	-4674	-355	-206	146	-97	193	-87	93	461	93	73693363	
-8359	-13312	-4723	-363	-200	135	-90	195	-85	94	466	94	73693363	
-8356	-13235	-4724	-353	-192	126	-88	196	-84	95	471	95	73693364	
-8433	-13217	-4727	-348	-188	111	-94	196	-82	96	476	96	73693364	
-8481	-13168	-4824	-331	-192	93	-96	196	-82	97	481	97	73693364	
-8518	-13194	-4838	-319	-174	77	-89	198	-84	98	486	98	73693365	
-8561	-13164	-4820	-305	-164	69	-87	199	-85	99	491	99	73693365	
-8514	-13172	-4812	-284	-169	54	-94	196	-86	100	496	100	73693412	
-8538	-13142	-4772	-263	-181	51	-94	196	-86	101	501	101	73693412	
-8568	-13180	-4738	-276	-193	56	-92	200	-82	102	506	102	73693412	
-8521	-13203	-4696	-272	-200	68	-92	200	-82	103	511	103	73693412	
-8512	-13219	-4790	-263	-211	64	-97	198	-85	104	516	104	73693413	
-8483	-13297	-4691	-253	-184	89	-98	198	-86	105	521	105	73693413	
-8439	-13316	-4711	-243	-188	101	-90	203	-86	106	526	106	73693413	
-8406	-13346	-4658	-230	-197	123	-88	204	-86	107	531	107	73693413	
-8372	-13412	-4660	-239	-209	139	-95	195	-83	108	536	108	73693414	
-8318	-13486	-4648	-253	-209	181	-95	195	-83	109	541	109	73693414	
-8200	-13508	-4558	-273	-193	218	-91	197	-85	110	546	110	73693414	
-8184	-13630	-4616	-261	-171	244	-91	197	-85	111	551	111	73693414	
-8160	-13730	-4558	-253	-163	265	-92	194	-82	112	556	112	73693434	
-8182	-13762	-4538	-261	-177	313	-92	194	-82	113	561	113	73693435	
-8116	-13740	-4446	-286	-194	336	-93	199	-83	114	566	114	73693435	
-8278	-13640	-4504	-313	-183	364	-93	199	-83	115	571	115	73693435	
-8270	-13600	-4526	-331	-170	387	-88	198	-86	116	576	116	73693460	
-8267	-13516	-4580	-331	-145	403	-88	198	-86	117	581	117	73693461	
-8258	-13361	-4609	-327	-116	418	-88	198	-84	118	586	118	73693461	
-8255	-13253	-4671	-312	-118	424	-88	198	-84	119	591	119	73693461	
-8303	-13247	-4694	-296	-111	429	-90	200	-84	120	596	120	73693461	
-8298	-13233	-4765	-266	-97	426	-91	201	-83	121	601	121	73693462	
-8367	-13229	-4769	-229	-76	430	-94	204	-80	122	606	122	73693462	
-8386	-13218	-4803	-196	-57	424	-93	203	-81	123	611	123	73693462	
-8383	-13181	-4810	-176	-55	421	-91	197	-83	124	616	124	73693462	
-8406	-13138	-4824	-163	-65	413	-90	198	-84	125	621	125	73693478	
-8474	-13129	-4799	-151	-83	404	-89	199	-85	126	626	126	73693509	
-8486	-13125	-4824	-125	-80	393	-90	199	-85	127	631	127	73693510	
-8466	-13118	-4713	-93	-79	378	-93	197	-85	128	636	128	73693516	
-8429	-13120	-4802	-56	-88	360	-93	197	-85	129	641	129	73693538	
-8388	-13159	-4781	-26	-97	340	-93	199	-87	130	646	130	73693538	
-8393	-13190	-4700	7	-111	310	-93	199	-87	131	651	131	73693538	
-8359	-13184	-4566	24	-137	291	-94	200	-88	132	656	132	73693539	
-8367	-13242	-4579	53	-142	274	-95	199	-89	133	661	133	73693539	
-8369	-13266	-4535	100	-133	257	-98	196	-90	134	666	134	73693539	
-8360	-13297	-4569	138	-113	238	-94	195	-88	135	671	135	73693539	
-8372	-13385	-4521	161	-79	215	-88	194	-86	136	676	136	73693540	
-8424	-13436	-4494	174	-67	201	-92	196	-87	137	681	137	73693540	
-8428	-13476	-4570	176	-66	205	-98	198	-88	138	686	138	73693540	
-8386	-13545	-4510	138	-54	219	-95	197	-89	139	691	139	73693540	
-8438	-13552	-4495	81	-63	228	-90	196	-90	140	696	140	73693540	
-8461	-13516	-4485	19	-84	238	-91	197	-87	141	701	141	73693566	
-8486	-13491	-4493	-37	-84	259	-91	197	-83	142	706	142	73693590	
-8483	-13392	-4562	-89	-80	264	-94	195	-88	143	711	143	73693590	
-8424	-13296	-4630	-127	-67	265	-96	194	-92	144	716	144	73693590	
-8370	-13300	-4669	-146	-54	256	-90	194	-91	145	721	145	73693591	
-8297	-13326	-4697	-158	-58	241	-86	194	-90	146	726	146	73693591	
-8346	-13349	-4717	-176	-74	233	-90	196	-85	147	731	147	73693622	
-8351	-13312	-4734	-211	-93	227	-92	198	-82	148	736	148	73693657	
-8306	-13291	-4704	-246	-108	212	-93	197	-85	149	741	149	73693667	
-8282	-13284	-4717	-268	-125	187	-93	195	-87	150	746	150	73693667	
-8260	-13290	-4763	-287	-138	161	-91	196	-88	151	751	151	73693668	
-8334	-13326	-4704	-313	-164	129	-89	197	-89	152	756	152	73693668	
-8436	-13340	-4712	-349	-208	113	-95	195	-88	153	761	153	73693668	
-8521	-13338	-4717	-393	-241	94	-99	193	-87	154	766	154	73693669	
-8555	-13293	-4676	-420	-240	76	-94	192	-86	155	771	155	73693669	
-8543	-13234	-4664	-431	-238	68	-91	191	-85	156	776	156	73693669	
-8508	-13188	-4578	-446	-258	63	-91	196	-84	157	781	157	73693669	
-8477	-13244	-4600	-446	-289	54	-91	199	-83	158	786	158	73693670	
-8499	-13214	-4570	-439	-269	53	-89	196	-85	159	791	159	73693670	
-8420	-13227	-4612	-402	-233	46	-89	195	-85	160	796	160	73693670	
-8340	-13256	-4629	-371	-207	52	-89	195	-85	161	801	161	73693671	
-8270	-13393	-4707	-334	-176	57	-89	195	-85	162	806	162	73693671	
-8210	-13404	-4731	-306	-183	64	-91	197	-87	163	811	163	73693671	
-8177	-13488	-4695	-305	-213	68	-91	197	-87	164	816	164	73693671	
-8140	-13496	-4656	-311	-219	80	-91	199	-85	165	821	165	73693672	
-8137	-13543	-4592	-333	-218	90	-91	199	-85	166	826	166	73693672	
-8114	-13578	-4568	-362	-234	94	-87	197	-89	167	831	167	73693698	
-8104	-13560	-4650	-381	-243	102	-87	197	-89	168	836	168	73693698	
-8148	-13518	-4598	-429	-278	109	-92	194	-90	169	841	169	73693698	
-8162	-13458	-4620	-459	-273	114	-92	194	-90	170	846	170	73693698	
-8156	-13470	-4656	-485	-279	119	-90	200	-86	171	851	171	73693699	
-8211	-13418	-4703	-519	-289	121	-90	200	-86	172	856	172	73693699	
-8182	-13363	-4726	-554	-280	125	-92	193	-85	173	861	173	73693699	
-8194	-13355	-4828	-559	-280	127	-93	191	-85	174	866	174	73693700	
-8284	-13306	-4844	-535	-281	135	-94	200	-84	175	871	175	73693700	
-8298	-13302	-4878	-503	-272	154	-94	200	-84	176	876	176	73693701	
-8398	-13376	-4862	-464	-290	148	-91	197	-87	177	881	177	73693701	
-8314	-13318	-4860	-432	-277	151	-91	197	-87	178	886	178	73693701	
-8254	-13362	-4826	-394	-275	131	-97	193	-89	179	891	179	73693701	
-8300	-13386	-4764	-373	-283	144	-97	193	-89	180	896	180	73693718	
-8288	-13426	-4718	-351	-267	156	-93	199	-91	181	901	181	73693718	
-8122	-13552	-4818	-363	-265	163	-93	199	-91	182	906	182	73693719	
-8068	-13544	-4670	-394	-266	182	-88	196	-84	183	911	183	73693748	
-8161	-13638	-4610	-449	-285	210	-88	196	-84	184	916	184	73693750	
-8185	-13651	-4612	-505	-324	229	-90	194	-82	185	921	185	73693751	
-8302	-13609	-4524	-558	-344	264	-90	195	-82	186	926	186	73693751	
-8311	-13568	-4465	-589	-348	283	-89	197	-83	187	931	187	73693751	
-8321	-13499	-4332	-609	-354	294	-88	198	-83	188	936	188	73693751	
-8326	-13442	-4340	-609	-349	300	-82	200	-84	189	941	189	73693751	
-8397	-13414	-4246	-599	-330	310	-84	199	-84	190	946	190	73693752	
-8430	-13407	-4256	-580	-314	301	-91	197	-85	191	951	191	73693752	
-8478	-13385	-4323	-564	-281	316	-90	194	-85	192	956	192	73693753	
-8499	-13361	-4342	-561	-256	324	-88	190	-86	193	961	193	73693768	
-8454	-13345	-4418	-564	-236	330	-91	189	-87	194	966	194	73693810	
-8464	-13251	-4439	-544	-234	338	-101	187	-91	195	971	195	73693854	
-8469	-13292	-4468	-526	-237	340	-99	188	-91	196	976	196	73693854	
-8546	-13241	-4513	-513	-227	341	-90	194	-92	197	981	197	73693855	
-8539	-13237	-4522	-496	-212	334	-90	195	-91	198	986	198	73693855	
-8609	-13223	-4505	-462	-207	328	-91	199	-89	199	991	199	73693855	
-8610	-13185	-4519	-434	-207	310	-93	194	-88	200	996	200	73693855	
-8553	-13188	-4530	-415	-202	297	-97	187	-87	201	1001	201	73693855	
-8487	-13167	-4522	-397	-198	297	-94	193	-87	202	1006	202	73693856	
-8491	-13193	-4515	-379	-204	290	-89	201	-87	203	1011	203	73693856	
-8486	-13237	-4476	-362	-210	270	-88	199	-85	204	1016	204	73693857	
-8454	-13284	-4487	-346	-217	263	-87	197	-83	205	1021	205	73693857	
-8381	-13330	-4480	-331	-220	256	-88	197	-83	206	1026	206	73693865	
-8335	-13393	-4426	-326	-217	246	-90	198	-84	207	1031	207	73693877	
-8353	-13397	-4363	-323	-207	249	-89	195	-84	208	1036	208	73693878	
-8442	-13376	-4366	-315	-200	246	-87	191	-83	209	1041	209	73693894	
-8424	-13440	-4426	-320	-197	245	-91	193	-81	210	1046	210	73693967	
-8424	-13464	-4460	-322	-181	259	-94	194	-80	211	1051	211	73694009	
-8384	-13433	-4406	-329	-164	272	-92	198	-84	212	1056	212	73694009	
-8370	-13464	-4362	-327	-167	291	-91	201	-87	213	1061	213	73694010	
-8378	-13464	-4407	-305	-162	307	-92	200	-89	214	1066	214	73694010	
-8396	-13458	-4365	-281	-148	313	-92	200	-90	215	1071	215	73694010	
-8427	-13484	-4360	-271	-158	328	-89	197	-88	216	1076	216	73694010	
-8442	-13513	-4439	-279	-137	347	-87	195	-87	217	1081	217	73694011	
-8406	-13467	-4513	-287	-105	358	-91	196	-87	218	1086	218	73694011	
-8423	-13408	-4550	-293	-86	368	-93	197	-87	219	1091	219	73694011	
-8439	-13392	-4593	-298	-81	375	-92	198	-83	220	1096	220	73694011	
-8410	-13356	-4601	-295	-82	375	-91	199	-81	221	1101	221	73694012	
-8455	-13309	-4622	-283	-87	381	-90	199	-83	222	1106	222	73694012	
-8478	-13276	-4620	-268	-85	390	-89	199	-85	223	1111	223	73694012	
-8467	-13259	-4627	-255	-76	386	-88	201	-86	224	1116	224	73694012	
-8447	-13308	-4632	-235	-67	380	-88	202	-86	225	1121	225	73694013	
-8440	-13358	-4638	-218	-79	370	-97	196	-88	226	1126	226	73694013	
-8386	-13382	-4670	-233	-83	372	-99	195	-89	227	1131	227	73694013	
-8374	-13388	-4646	-265	-91	363	-93	197	-91	228	1136	228	73694013	
-8393	-13348	-4676	-303	-107	368	-91	197	-91	229	1141	229	73694014	
-8358	-13367	-4582	-349	-116	363	-92	198	-87	230	1146	230	73694014	
-8321	-13425	-4582	-392	-122	371	-92	198	-86	231	1151	231	73694014	
-8341	-13464	-4646	-444	-125	368	-98	196	-90	232	1156	232	73694014	
-8228	-13506	-4620	-490	-145	374	-99	195	-91	233	1161	233	73694014	
-8280	-13458	-4624	-547	-158	377	-92	202	-90	234	1166	234	73694015	
-8324	-13494	-4614	-595	-169	380	-92	202	-90	235	1171	235	73694015	
-8314	-13490	-4584	-643	-185	384	-94	198	-82	236	1176	236	73694090	
-8276	-13500	-4618	-675	-168	390	-94	198	-82	237	1181	237	73694090	
-8360	-13448	-4594	-720	-175	394	-90	194	-80	238	1186	238	73694090	
-8322	-13381	-4594	-748	-198	401	-90	194	-80	239	1191	239	73694091	
-8416	-13358	-4676	-783	-217	408	-92	197	-86	240	1196	240	73694091	
-8439	-13274	-4694	-807	-215	410	-92	198	-88	241	1201	241	73694091	
-8228	-13238	-4598	-777	-206	426	-91	197	-85	242	1206	242	73694091	
-8234	-13326	-4596	-720	-201	402	-91	197	-85	243	1211	243	73694092	
-8226	-13394	-4628	-686	-235	394	-84	196	-88	244	1216	244	73694092	
-8354	-13414	-4536	-701	-247	376	-84	196	-88	245	1221	245	73694092	
-8366	-13406	-4480	-728	-271	379	-89	193	-85	246	1226	246	73694110	
-8396	-13338	-4488	-751	-240	374	-89	193	-85	247	1231	247	73694164	
-8200	-13242	-4526	-778	-234	359	-95	191	-93	248	1236	248	73694164	
-8232	-13266	-4538	-782	-260	338	-95	191	-93	249	1241	249	73694165	
-8167	-13322	-4636	-769	-267	312	-89	197	-89	250	1246	250	73694165	
-8158	-13364	-4594	-746	-282	284	-89	197	-88	251	1251	251	73694165	
-8160	-13419	-4498	-728	-283	272	-89	199	-85	252	1256	252	73694165	
-8250	-13480	-4525	-708	-287	262	-90	198	-85	253	1261	253	73694166	
-8332	-13440	-4543	-711	-296	251	-94	192	-86	254	1266	254	73694166	
-8343	-13357	-4572	-716	-290	237	-94	193	-86	255	1271	255	73694166	
-8312	-13292	-4612	-695	-276	231	-95	197	-87	256	1276	256	73694166	
-8310	-13261	-4653	-658	-266	216	-94	198	-88	257	1281	257	73694167	
-8363	-13316	-4691	-628	-254	215	-92	204	-90	258	1286	258	73694167	
-8407	-13312	-4720	-616	-252	221	-90	202	-88	259	1291	259	73694188	
-8439	-13344	-4736	-611	-260	236	-86	200	-86	260	1296	260	73694219	
-8450	-13332	-4713	-594	-267	253	-89	200	-86	261	1301	261	73694219	
-8476	-13267	-4602	-565	-272	252	-95	199	-87	262	1306	262	73694220	
-8446	-13304	-4588	-513	-283	253	-96	198	-87	263	1311	263	73694220	
-8413	-13346	-4529	-484	-288	253	-99	195	-89	264	1316	264	73694220	
-8426	-13356	-4514	-461	-270	255	-97	196	-88	265	1321	265	73694220	
-8442	-13342	-4473	-443	-266	242	-91	199	-85	266	1326	266	73694221	
-8379	-13384	-4481	-448	-259	243	-91	198	-84	267	1331	267	73694221	
-8330	-13426	-4488	-464	-250	239	-90	196	-82	268	1336	268	73694221	
-8284	-13448	-4507	-488	-250	241	-91	197	-83	269	1341	269	73694221	
-8312	-13426	-4554	-524	-247	250	-92	198	-84	270	1346	270	73694222	
-8355	-13384	-4579	-550	-245	257	-92	197	-85	271	1351	271	73694222	
-8394	-13381	-4640	-559	-234	260	-92	196	-86	272	1356	272	73694248	
-8396	-13381	-4738	-580	-217	262	-94	195	-84	273	1361	273	73694286	
-8338	-13342	-4756	-609	-217	267	-97	193	-81	274	1366	274	73694287	
-8311	-13352	-4779	-646	-232	271	-94	195	-84	275	1371	275	73694287	
-8386	-13372	-4806	-674	-249	270	-90	196	-86	276	1376	276	73694287	
-8368	-13387	-4770	-696	-261	272	-94	197	-86	277	1381	277	73694288	
-8392	-13395	-4740	-717	-273	270	-96	198	-86	278	1386	278	73694288	
-8469	-13374	-4662	-729	-297	263	-95	197	-87	279	1391	279	73694288	
-8562	-13336	-4583	-734	-323	253	-94	196	-88	280	1396	280	73694288	
-8646	-13270	-4540	-761	-340	256	-90	197	-88	281	1401	281	73694302	
-8711	-13216	-4480	-783	-340	250	-88	198	-88	282	1406	282	73694311	
-8738	-13160	-4496	-780	-305	239	-91	198	-88	283	1411	283	73694311	
-8655	-13143	-4560	-770	-266	235	-92	198	-88	284	1416	284	73694333	
-8562	-13157	-4649	-769	-252	221	-95	195	-85	285	1421	285	73694338	
-8459	-13176	-4682	-750	-250	205	-96	194	-84	286	1426	286	73694338	
-8361	-13237	-4634	-728	-262	192	-93	198	-82	287	1431	287	73694339	
-8336	-13327	-4492	-726	-279	177	-91	201	-81	288	1436	288	73694339	
-8251	-13351	-4426	-717	-309	159	-93	199	-82	289	1441	289	73694339	
-8220	-13404	-4440	-727	-321	108	-95	197	-83	290	1446	290	73694339	
-8254	-13548	-4392	-746	-314	41	-94	196	-89	291	1451	291	73694339	
-8304	-13600	-4492	-792	-317	19	-93	195	-91	292	1456	292	73694340	
-8394	-13513	-4570	-873	-335	-9	-100	197	-89	293	1461	293	73694340	
-8462	-13442	-4624	-946	-336	-34	-102	198	-88	294	1466	294	73694340	
-8452	-13398	-4628	-1012	-333	-63	-90	197	-89	295	1471	295	73694340	
-8528	-13345	-4664	-1020	-361	-96	-87	197	-89	296	1476	296	73694341	
-8561	-13288	-4533	-1037	-399	-146	-88	199	-83	297	1481	297	73694383	
-8697	-13180	-4437	-1072	-450	-163	-88	200	-82	298	1486	298	73694393	
-8716	-13074	-4483	-1076	-468	-163	-85	202	-85	299	1491	299	73694393	
