-14612	1176	8434	772	301	-487	37	229	173	17575	87875	17575	76097780
-14570	1164	8346	795	226	-487	36	228	172	17576	87880	17576	76097780
-14592	1194	8418	795	197	-500	36	228	172	17577	87885	17577	76097781
-14642	1214	8284	819	153	-531	36	234	164	17578	87890	17578	76097781
-14616	1216	8342	864	117	-558	36	234	164	17579	87895	17579	76097781
-14622	1212	8394	863	102	-572	35	229	169	17580	87900	17580	76097782
-14586	1230	8372	911	86	-599	35	229	169	17581	87905	17581	76097782
-14578	1238	8488	985	74	-642	27	227	175	17582	87910	17582	76097783
-14594	1252	8388	1024	48	-650	27	227	175	17583	87915	17583	76097783
-14574	1218	8518	1043	18	-674	35	233	167	17584	87920	17584	76097783
-14554	1288	8528	1101	-3	-711	35	233	167	17585	87925	17585	76097784
-14564	1224	8478	1160	6	-729	31	233	167	17586	87930	17586	76097801
-14564	1282	8332	1243	91	-773	31	233	167	17587	87935	17587	76097804
-14662	1268	8370	1289	196	-785	29	237	171	17588	87940	17588	76097804
-14660	1336	8384	1308	245	-785	29	237	171	17589	87945	17589	76097804
-14516	1328	8488	1319	323	-810	36	230	172	17590	87950	17590	76097805
-14308	1436	8458	1336	225	-819	36	230	172	17591	87955	17591	76097805
-14308	1436	8444	1327	111	-823	30	230	168	17592	87960	17592	76097805
-14282	1406	8540	1345	-191	-839	30	230	168	17593	87965	17593	76097806
-14336	1368	8392	1358	-423	-828	33	229	169	17594	87970	17594	76097806
-14452	1358	8516	1391	-460	-846	33	229	169	17595	87975	17595	76097807
-14648	1316	8506	1461	-460	-884	34	230	168	17596	87980	17596	76097807
-14854	1394	8414	1529	-323	-944	34	230	168	17597	87985	17597	76097807
-14804	1310	8396	1546	-257	-963	26	234	174	17598	87990	17598	76097852
-14872	1332	8632	1566	-140	-997	26	234	174	17599	87995	17599	76097853
-14918	1352	8562	1561	-72	-1034	36	228	166	17600	88000	17600	76097853
-14880	1346	8566	1589	-66	-1057	36	228	166	17601	88005	17601	76097854
-14954	1350	8506	1610	-8	-1120	28	230	170	17602	88010	17602	76097854
-14896	1386	8592	1641	92	-1146	28	230	170	17603	88015	17603	76097854
-14888	1418	8652	1665	127	-1175	36	236	166	17604	88020	17604	76097855
-14896	1388	8598	1746	162	-1229	36	236	166	17605	88025	17605	76097855
-14874	1494	8708	1825	170	-1265	26	234	166	17606	88030	17606	76097856
-14890	1438	8608	1902	165	-1275	26	234	166	17607	88035	17607	76097856
-14896	1528	8470	2018	199	-1264	29	229	177	17608	88040	17608	76097857
-14852	1516	8376	2116	186	-1337	29	229	177	17609	88045	17609	76097857
-14776	1526	8414	2246	137	-1332	34	232	168	17610	88050	17610	76097876
-14806	1614	8364	2310	118	-1332	34	232	168	17611	88055	17611	76097877
-14852	1538	8316	2439	101	-1335	35	233	167	17612	88060	17612	76097877
-14912	1586	8284	2569	77	-1318	35	233	167	17613	88065	17613	76097878
-15026	1592	8136	2604	101	-1308	38	236	172	17614	88070	17614	76097879
-15014	1636	8118	2683	139	-1264	38	236	172	17615	88075	17615	76097879
-14966	1728	7978	2721	194	-1248	33	235	167	17616	88080	17616	76097880
-14986	1748	8176	2784	229	-1271	33	235	167	17617	88085	17617	76097881
-14946	1762	8124	2928	259	-1302	37	231	169	17618	88090	17618	76097881
-14948	1696	8154	3054	147	-1318	37	231	169	17619	88095	17619	76097882
-14900	1732	8142	3102	63	-1315	32	230	170	17620	88100	17620	76097882
-14880	1726	8110	3152	-154	-1295	32	230	170	17621	88105	17621	76097882
-15000	1706	8006	3217	-359	-1259	32	234	172	17622	88110	17622	76097883
-15008	1680	7940	3247	-414	-1261	32	234	172	17623	88115	17623	76097912
-15080	1568	7914	3283	-415	-1232	25	227	173	17624	88120	17624	76097912
-15120	1502	7664	3240	-291	-1232	25	227	173	17625	88125	17625	76097913
-15156	1494	7702	3208	-230	-1220	28	232	172	17626	88130	17626	76097913
-15062	1418	7678	3104	-170	-1194	28	232	172	17627	88135	17627	76097980
-15016	1434	7600	3027	-200	-1162	31	231	173	17628	88140	17628	76097981
-14962	1492	7642	3016	-244	-1151	31	231	173	17629	88145	17629	76097982
-14852	1402	7460	2987	-349	-1184	34	230	170	17630	88150	17630	76098036
-14866	1354	7460	2941	-520	-1195	34	230	170	17631	88155	17631	76098042
-14896	1354	7292	2918	-597	-1186	32	228	170	17632	88160	17632	76098043
-14932	1350	7184	2852	-651	-1188	32	228	170	17633	88165	17633	76098044
-15096	1314	7098	2759	-654	-1185	17	223	169	17634	88170	17634	76098044
-15124	1300	7030	2709	-639	-1152	17	223	169	17635	88175	17635	76098045
-15256	1272	6948	2543	-644	-1097	32	230	168	17636	88180	17636	76098045
-15290	1242	6920	2393	-679	-1030	32	230	168	17637	88185	17637	76098045
-15366	1214	6924	2312	-697	-1002	26	230	176	17638	88190	17638	76098046
-15550	1172	6902	2139	-729	-908	26	230	176	17639	88195	17639	76098046
-15714	1160	6906	1937	-660	-812	34	228	166	17640	88200	17640	76098046
-15686	1154	6916	1821	-571	-783	34	228	166	17641	88205	17641	76098047
-15776	1098	6812	1583	-345	-691	32	228	172	17642	88210	17642	76098050
-15892	1038	7006	1323	-320	-547	32	228	172	17643	88215	17643	76098059
-15932	1038	6960	1180	-327	-477	21	233	173	17644	88220	17644	76098090
-15918	1096	6968	946	-305	-349	21	233	173	17645	88225	17645	76098091
-15942	1038	7162	892	-300	-191	31	229	171	17646	88230	17646	76098091
-15904	1038	7110	831	-326	-115	31	229	171	17647	88235	17647	76098092
-15730	1144	7216	670	-256	26	31	227	171	17648	88240	17648	76098092
-15584	1228	7274	652	-268	135	31	227	171	17649	88245	17649	76098092
-15540	1264	7304	636	-367	215	28	226	168	17650	88250	17650	76098093
-15460	1452	7314	633	-407	256	28	226	168	17651	88255	17651	76098093
-15438	1578	7398	691	-491	339	30	228	170	17652	88260	17652	76098094
-15398	1730	7362	777	-486	393	30	228	170	17653	88265	17653	76098094
-15318	1808	7422	850	-472	400	30	228	168	17654	88270	17654	76098094
-15222	1976	7410	999	-471	399	30	228	168	17655	88275	17655	76098096
-15194	1950	7380	1127	-405	393	25	231	165	17656	88280	17656	76098099
-15146	2130	7352	1186	-367	392	25	231	165	17657	88285	17657	76098113
-15058	2236	7350	1279	-302	375	32	228	168	17658	88290	17658	76098114
-14948	2362	7356	1416	-265	369	32	228	168	17659	88295	17659	76098114
-14916	2414	7330	1475	-274	359	28	234	174	17660	88300	17660	76098115
-14832	2424	7364	1588	-409	351	28	234	174	17661	88305	17661	76098115
-14748	2532	7372	1698	-591	342	24	230	170	17662	88310	17662	76098115
-14660	2486	7384	1763	-694	340	24	230	170	17663	88315	17663	76098116
-14662	2576	7304	1871	-800	322	30	238	168	17664	88320	17664	76098116
-14602	2564	7278	1945	-868	292	30	238	168	17665	88325	17665	76098116
-14578	2634	7352	1983	-898	287	33	233	173	17666	88330	17666	76098117
-14536	2610	7326	2026	-918	275	33	233	173	17667	88335	17667	76098117
-14566	2596	7284	2015	-991	295	31	229	171	17668	88340	17668	76098118
-14700	2628	7208	2001	-1022	279	31	229	171	17669	88345	17669	76098119
-14712	2590	7314	1974	-1102	257	19	231	171	17670	88350	17670	76098138
-14720	2574	7328	1928	-1140	235	19	231	171	17671	88355	17671	76098139
-14682	2594	7304	1893	-1166	226	30	234	170	17672	88360	17672	76098139
-14710	2502	7328	1812	-1190	182	30	234	170	17673	88365	17673	76098140
-14678	2398	7446	1733	-1181	148	24	228	174	17674	88370	17674	76098140
-14612	2356	7364	1690	-1177	120	24	228	174	17675	88375	17675	76098140
-14654	2388	7360	1621	-1174	75	32	226	166	17676	88380	17676	76098141
-14644	2410	7408	1597	-1159	13	32	226	166	17677	88385	17677	76098141
-14652	2340	7340	1574	-1158	-6	28	234	170	17678	88390	17678	76098143
-14666	2382	7324	1556	-1177	-50	28	234	170	17679	88395	17679	76098143
-14660	2394	7398	1553	-1186	-84	28	236	170	17680	88400	17680	76098144
-14572	2382	7402	1554	-1193	-100	28	236	170	17681	88405	17681	76098144
-14620	2406	7460	1571	-1191	-132	24	230	170	17682	88410	17682	76098215
-14714	2474	7472	1555	-1193	-153	24	230	170	17683	88415	17683	76098217
-14676	2426	7554	1545	-1171	-163	24	234	168	17684	88420	17684	76098217
-14684	2518	7642	1509	-1142	-211	24	234	168	17685	88425	17685	76098218
-14650	2580	7708	1456	-1143	-239	24	234	172	17686	88430	17686	76098218
-14746	2486	7786	1440	-1134	-255	24	234	172	17687	88435	17687	76098219
-14826	2488	7664	1387	-1129	-281	23	235	169	17688	88440	17688	76098219
-14848	2554	7644	1333	-1086	-317	23	235	169	17689	88445	17689	76098220
-14860	2558	7630	1285	-1036	-327	23	233	169	17690	88450	17690	76098220
-14852	2566	7772	1257	-1011	-349	23	233	169	17691	88455	17691	76098269
-14780	2608	7620	1246	-964	-397	23	227	169	17692	88460	17692	76098269
-14762	2594	7772	1229	-909	-458	23	227	169	17693	88465	17693	76098270
-14723	2634	7705	1249	-868	-515	24	231	171	17694	88470	17694	76098271
-14684	2674	7638	1269	-827	-571	25	235	173	17695	88475	17695	76098271
-14800	2680	7606	1335	-803	-669	22	228	170	17696	88480	17696	76098271
-14732	2808	7608	1388	-779	-702	22	228	170	17697	88485	17697	76098272
-14680	2850	7576	1470	-733	-776	26	228	172	17698	88490	17698	76098272
-14692	2960	7642	1513	-703	-831	26	228	172	17699	88495	17699	76098272
-14708	2988	7576	1529	-709	-845	27	231	171	17700	88500	17700	76098273
-14694	3006	7528	1512	-746	-891	27	231	171	17701	88505	17701	76098275
-14726	2942	7526	1474	-809	-878	28	228	174	17702	88510	17702	76098276
-14732	2964	7448	1432	-866	-870	28	228	174	17703	88515	17703	76098276
-14726	2852	7486	1329	-960	-864	29	229	177	17704	88520	17704	76098292
-14780	2768	7438	1213	-1069	-844	29	229	177	17705	88525	17705	76098293
-14854	2662	7436	1169	-1117	-833	27	235	177	17706	88530	17706	76098318
-14842	2566	7508	1088	-1168	-831	27	235	177	17707	88535	17707	76098318
-14852	2494	7570	1063	-1163	-809	24	224	170	17708	88540	17708	76098319
-14876	2480	7562	1031	-1154	-802	24	224	170	17709	88545	17709	76098319
-14828	2464	7584	961	-1112	-818	31	233	171	17710	88550	17710	76098320
-14722	2412	7730	886	-1111	-831	31	233	171	17711	88555	17711	76098320
-14684	2370	7724	839	-1118	-812	20	230	172	17712	88560	17712	76098397
-14716	2400	7586	762	-1129	-812	20	230	172	17713	88565	17713	76098400
-14688	2398	7680	690	-1149	-818	19	231	169	17714	88570	17714	76098401
-14690	2390	7634	650	-1175	-811	19	231	169	17715	88575	17715	76098401
-14688	2352	7630	563	-1213	-771	24	224	178	17716	88580	17716	76098401
-14714	2254	7510	449	-1261	-730	24	224	178	17717	88585	17717	76098402
-14760	2310	7594	387	-1263	-699	24	228	166	17718	88590	17718	76098402
-14830	2234	7456	277	-1246	-661	24	228	166	17719	88595	17719	76098402
-14920	2106	7488	183	-1162	-613	25	223	169	17720	88600	17720	76098403
-14904	2130	7392	120	-1097	-604	25	223	169	17721	88605	17721	76098403
-14966	1962	7450	-2	-923	-596	22	228	178	17722	88610	17722	76098403
-14868	2054	7438	-142	-710	-562	22	228	178	17723	88615	17723	76098404
-14836	2074	7436	-206	-625	-580	29	225	173	17724	88620	17724	76098404
-14784	2064	7546	-349	-494	-579	29	225	173	17725	88625	17725	76098405
-14808	2136	7598	-475	-409	-578	27	227	175	17726	88630	17726	76098423
-14750	2090	7438	-530	-387	-590	27	227	175	17727	88635	17727	76098448
-14756	2256	7458	-635	-336	-593	30	220	176	17728	88640	17728	76098448
-14878	2342	7312	-692	-253	-592	30	220	176	17729	88645	17729	76098449
-14916	2288	7210	-700	-172	-605	30	232	168	17730	88650	17730	76098449
-14868	2396	7134	-718	-117	-606	30	232	168	17731	88655	17731	76098450
-14872	2564	7010	-726	-34	-597	26	226	166	17732	88660	17732	76098450
-14866	2688	7046	-687	-30	-553	26	226	166	17733	88665	17733	76098451
-14914	2698	6920	-692	-49	-547	29	231	175	17734	88670	17734	76098451
-14974	2960	6770	-701	-65	-492	29	231	175	17735	88675	17735	76098452
-15020	2986	6722	-695	-35	-387	23	225	173	17736	88680	17736	76098452
-15110	3064	6884	-683	0	-363	23	225	173	17737	88685	17737	76098452
-15164	3174	6856	-692	53	-272	28	228	168	17738	88690	17738	76098453
-15168	3270	6782	-716	5	-227	28	228	168	17739	88695	17739	76098454
-15314	3308	6990	-729	-67	-195	27	225	171	17740	88700	17740	76098474
-15374	3248	7244	-714	-219	-46	27	225	171	17741	88705	17741	76098475
-15390	3168	7590	-693	-371	56	27	225	169	17742	88710	17742	76098476
-15448	3104	7594	-684	-468	94	27	225	169	17743	88715	17743	76098577
-15518	3054	7880	-695	-662	176	23	221	167	17744	88720	17744	76098578
-15570	2982	8038	-726	-845	283	23	221	167	17745	88725	17745	76098578
-15600	2886	8100	-766	-954	325	25	227	175	17746	88730	17746	76098579
-15600	2892	8480	-798	-1262	397	25	227	175	17747	88735	17747	76098579
-15554	2936	8692	-795	-1589	475	23	221	171	17748	88740	17748	76098579
-15644	2884	8722	-773	-1701	493	23	221	171	17749	88745	17749	76098580
-15596	2764	8846	-730	-1773	515	25	229	173	17750	88750	17750	76098580
-15704	2606	8932	-729	-1690	518	25	229	173	17751	88755	17751	76098580
-15702	2608	8884	-743	-1614	544	32	228	174	17752	88760	17752	76098581
-15646	2442	8950	-823	-1443	567	32	228	174	17753	88765	17753	76098604
-15666	2320	9002	-966	-1269	635	26	222	172	17754	88770	17754	76098605
-15646	2252	8996	-1016	-1180	651	26	222	172	17755	88775	17755	76098605
-15578	2184	9220	-1098	-1022	656	31	223	179	17756	88780	17756	76098606
-15496	2206	9212	-1087	-931	755	31	223	179	17757	88785	17757	76098606
-15554	2208	9230	-1023	-869	775	25	229	169	17758	88790	17758	76098606
-15442	2170	9370	-911	-653	767	25	229	169	17759	88795	17759	76098607
-15254	2206	9376	-805	-355	752	21	223	169	17760	88800	17760	76098607
-15238	2178	9298	-759	-209	738	21	223	169	17761	88805	17761	76098624
-15182	2278	9160	-704	55	707	27	225	167	17762	88810	17762	76098684
-15128	2412	9080	-649	259	698	27	225	167	17763	88815	17763	76098684
-15002	2400	8932	-627	336	696	24	224	172	17764	88820	17764	76098685
-14974	2420	8806	-590	428	704	24	224	172	17765	88825	17765	76098685
-14950	2494	8738	-526	435	692	26	226	174	17766	88830	17766	76098685
-14940	2512	8790	-490	399	702	26	226	174	17767	88835	17767	76098686
-14878	2450	8668	-442	332	731	30	226	166	17768	88840	17768	76098686
-14846	2408	8432	-478	321	811	30	226	166	17769	88845	17769	76098686
-14878	2364	8552	-566	334	892	23	229	173	17770	88850	17770	76098687
-14898	2330	8384	-614	347	930	23	229	173	17771	88855	17771	76098687
-15008	2198	8310	-731	351	1045	22	232	176	17772	88860	17772	76098687
-15036	2218	8274	-860	303	1163	22	232	176	17773	88865	17773	76098688
-15048	2184	8294	-927	261	1206	29	227	171	17774	88870	17774	76098732
-15106	2172	8420	-1032	151	1276	29	227	171	17775	88875	17775	76098733
-15140	2130	8384	-1137	111	1307	29	225	177	17776	88880	17776	76098733
-15200	2236	8432	-1180	107	1315	29	225	177	17777	88885	17777	76098734
-15194	2288	8322	-1253	130	1301	28	226	172	17778	88890	17778	76098734
-15206	2254	8546	-1352	168	1301	28	226	172	17779	88895	17779	76098735
-15230	2242	8412	-1395	208	1295	16	222	174	17780	88900	17780	76098735
-15338	2298	8444	-1506	249	1296	16	222	174	17781	88905	17781	76098736
-15412	2434	8530	-1615	225	1348	24	220	172	17782	88910	17782	76098736
-15522	2578	8668	-1655	176	1376	24	220	172	17783	88915	17783	76098737
-15478	2568	8948	-1699	90	1441	19	229	173	17784	88920	17784	76098784
-15304	2592	9194	-1700	92	1465	19	229	173	17785	88925	17785	76098785
-15178	2540	9394	-1690	139	1454	21	225	171	17786	88930	17786	76098785
-15076	2468	9504	-1665	298	1401	21	225	171	17787	88935	17787	76098786
-14890	2402	9268	-1642	475	1346	29	229	167	17788	88940	17788	76098808
-14914	2342	9332	-1652	560	1277	29	229	167	17789	88945	17789	76098809
-14726	2336	9102	-1679	648	1212	24	228	170	17790	88950	17790	76098836
-14606	2206	9022	-1712	612	1129	24	228	170	17791	88955	17791	76098836
-14578	2116	8800	-1730	546	1101	23	227	177	17792	88960	17792	76098837
-14498	1990	8690	-1777	398	1024	23	227	177	17793	88965	17793	76098837
-14462	1908	8582	-1778	207	961	17	217	171	17794	88970	17794	76098837
-14364	1844	8734	-1743	112	915	17	217	171	17795	88975	17795	76098838
-14222	1794	8696	-1675	-21	862	23	223	171	17796	88980	17796	76098838
-14230	1704	8694	-1553	-33	782	23	223	171	17797	88985	17797	76098838
-14134	1740	8668	-1496	8	757	25	223	167	17798	88990	17798	76098839
-14004	1650	8756	-1407	135	651	25	223	167	17799	88995	17799	76098839
-14036	1586	8748	-1338	268	591	8	222	180	17800	89000	17800	76098840
-13966	1518	8742	-1347	318	568	8	222	180	17801	89005	17801	76098840
-13976	1452	8776	-1346	398	548	28	224	174	17802	89010	17802	76098840
-13890	1362	8600	-1421	405	553	28	224	174	17803	89015	17803	76098888
-13866	1292	8652	-1467	397	563	27	223	173	17804	89020	17804	76098888
-13780	1204	8726	-1603	420	597	27	223	173	17805	89025	17805	76098888
-13688	1160	8678	-1780	438	634	27	219	167	17806	89030	17806	76098889
-13744	1126	8642	-1875	438	664	27	219	167	17807	89035	17807	76098890
-13768	1052	8682	-2062	359	713	27	221	165	17808	89040	17808	76098890
-13822	820	8726	-2258	255	774	27	221	165	17809	89045	17809	76098891
-13812	856	8684	-2388	98	847	17	219	175	17810	89050	17810	76098892
-13790	838	8688	-2472	15	875	17	219	175	17811	89055	17811	76098892
-13882	784	8750	-2602	-57	930	26	220	170	17812	89060	17812	76098892
-13898	728	8786	-2704	-50	973	26	220	170	17813	89065	17813	76098893
-13924	674	8840	-2745	-28	988	25	219	169	17814	89070	17814	76098894
-13822	658	9012	-2808	60	1051	25	219	169	17815	89075	17815	76098894
-13878	574	9078	-2889	137	1106	30	216	172	17816	89080	17816	76098894
-13742	558	9056	-2913	195	1142	30	216	172	17817	89085	17817	76098895
-13658	478	9108	-2975	282	1224	26	216	168	17818	89090	17818	76098895
-13564	556	9292	-3033	273	1296	26	216	168	17819	89095	17819	76098911
-13532	468	9202	-3058	228	1330	18	214	176	17820	89100	17820	76098936
-13476	506	9248	-3105	83	1410	18	214	176	17821	89105	17821	76098937
-13384	490	9384	-3089	-82	1470	23	217	173	17822	89110	17822	76098937
-13368	510	9306	-3076	-155	1481	23	217	173	17823	89115	17823	76098938
-13348	482	9536	-2997	-228	1523	28	222	172	17824	89120	17824	76098938
-13406	588	9588	-2942	-293	1543	28	222	172	17825	89125	17825	76098938
-13412	578	9518	-2917	-318	1543	22	216	164	17826	89130	17826	76098939
-13426	578	9612	-2870	-338	1541	22	216	164	17827	89135	17827	76098940
-13482	538	9622	-2818	-323	1535	22	222	170	17828	89140	17828	76098940
-13504	632	9556	-2803	-311	1522	22	222	170	17829	89145	17829	76098940
-13616	666	9544	-2751	-270	1504	14	218	170	17830	89150	17830	76098996
-13648	722	9550	-2655	-258	1470	14	218	170	17831	89155	17831	76098997
-13732	742	9496	-2603	-281	1448	21	219	173	17832	89160	17832	76098998
-13732	782	9586	-2524	-339	1417	21	219	173	17833	89165	17833	76098998
-13748	864	9582	-2449	-377	1391	23	221	167	17834	89170	17834	76098999
-13760	860	9584	-2422	-380	1370	23	221	167	17835	89175	17835	76098999
-13812	978	9586	-2367	-364	1327	17	209	175	17836	89180	17836	76099000
-13824	1018	9628	-2334	-297	1273	17	209	175	17837	89185	17837	76099000
-13774	1094	9566	-2324	-273	1271	22	222	168	17838	89190	17838	76099001
-13652	1132	9572	-2326	-272	1249	22	222	168	17839	89195	17839	76099001
-13730	1242	9534	-2315	-352	1216	20	226	164	17840	89200	17840	76099002
-13658	1288	9606	-2287	-407	1204	20	226	164	17841	89205	17841	76099002
-13702	1422	9620	-2259	-564	1214	26	218	168	17842	89210	17842	76099003
-13712	1470	9622	-2253	-669	1210	26	218	168	17843	89215	17843	76099049
-13730	1428	9654	-2268	-703	1219	26	224	172	17844	89220	17844	76099049
-13594	1406	9764	-2334	-742	1227	26	224	172	17845	89225	17845	76099050
-13582	1324	9742	-2404	-726	1233	14	222	172	17846	89230	17846	76099050
-13520	1368	9702	-2451	-716	1227	14	222	172	17847	89235	17847	76099051
-13526	1248	9790	-2529	-664	1260	25	223	171	17848	89240	17848	76099052
-13542	1122	9754	-2646	-613	1310	25	223	171	17849	89245	17849	76099052
-13484	1056	9812	-2707	-632	1328	25	221	169	17850	89250	17850	76099122
-13490	998	9822	-2797	-699	1373	25	221	169	17851	89255	17851	76099122
-13512	948	9822	-2880	-803	1429	21	217	167	17852	89260	17852	76099177
-13596	852	9854	-2913	-835	1462	21	217	167	17853	89265	17853	76099186
-13694	742	9914	-2924	-807	1477	27	223	167	17854	89270	17854	76099187
-13836	662	9876	-2936	-684	1470	27	223	167	17855	89275	17855	76099187
-13930	630	9804	-2957	-509	1442	30	218	168	17856	89280	17856	76099188
-13934	582	9826	-2960	-439	1420	30	218	168	17857	89285	17857	76099188
-14070	602	9806	-2925	-355	1370	29	223	169	17858	89290	17858	76099189
-14034	610	9904	-2894	-330	1331	29	223	169	17859	89295	17859	76099189
-14166	634	9770	-2866	-337	1327	30	222	170	17860	89300	17860	76099189
-14172	620	9730	-2885	-333	1319	30	222	170	17861	89305	17861	76099190
-14116	594	9732	-2947	-266	1332	26	220	166	17862	89310	17862	76099190
-14120	560	9710	-2990	-216	1354	26	220	166	17863	89315	17863	76099191
-14068	588	9764	-3087	-116	1371	27	223	167	17864	89320	17864	76099191
-14026	646	9730	-3171	-94	1391	27	223	167	17865	89325	17865	76099191
-13976	680	9744	-3215	-156	1394	28	222	174	17866	89330	17866	76099192
-13916	736	9846	-3265	-307	1416	28	222	174	17867	89335	17867	76099192
-13886	818	9948	-3305	-433	1423	32	220	166	17868	89340	17868	76099192
-13964	780	9894	-3309	-475	1415	32	220	166	17869	89345	17869	76099193
-14092	864	9852	-3290	-492	1407	34	214	168	17870	89350	17870	76099193
-14034	920	9866	-3245	-363	1369	34	214	168	17871	89355	17871	76099193
-14004	932	9900	-3214	-277	1343	24	218	166	17872	89360	17872	76099205
-13876	984	9842	-3151	-79	1300	24	218	166	17873	89365	17873	76099205
-13868	1036	9756	-3030	121	1246	25	217	169	17874	89370	17874	76099206
-13868	1096	9736	-2974	203	1205	25	217	169	17875	89375	17875	76099206
-13752	1032	9662	-2827	352	1143	36	218	170	17876	89380	17876	76099206
-13700	1056	9640	-2690	412	1084	36	218	170	17877	89385	17877	76099207
-13692	1062	9572	-2626	405	1072	25	219	171	17878	89390	17878	76099207
-13784	1182	9340	-2491	396	1032	25	219	171	17879	89395	17879	76099207
-13850	1164	9374	-2349	420	1020	23	215	167	17880	89400	17880	76099208
-13870	1068	9380	-2297	434	995	23	215	167	17881	89405	17881	76099208
-13918	1034	9286	-2189	423	958	27	221	169	17882	89410	17882	76099208
-13974	838	9440	-2143	349	958	27	221	169	17883	89415	17883	76099209
-14010	790	9588	-2137	324	967	29	219	175	17884	89420	17884	76099209
-14012	702	9650	-2138	264	994	29	219	175	17885	89425	17885	76099209
-14020	716	9788	-2168	172	1021	31	219	169	17886	89430	17886	76099249
-14004	690	9824	-2166	137	1032	31	219	169	17887	89435	17887	76099250
-13902	638	9802	-2146	147	1048	18	220	172	17888	89440	17888	76099251
-13960	514	9776	-2130	157	1020	18	220	172	17889	89445	17889	76099282
-13964	420	9778	-2100	154	1012	20	218	174	17890	89450	17890	76099283
-14010	240	9980	-2066	151	974	20	218	174	17891	89455	17891	76099283
-13954	178	10088	-2073	6	943	23	223	169	17892	89460	17892	76099283
-13978	122	10092	-2090	-287	930	23	223	169	17893	89465	17893	76099284
-14060	136	10236	-2080	-475	918	32	218	170	17894	89470	17894	76099284
-14078	150	10166	-2035	-858	898	32	218	170	17895	89475	17895	76099284
-14042	216	10194	-1978	-1084	879	29	221	173	17896	89480	17896	76099285
-14160	272	10146	-1922	-1127	852	29	221	173	17897	89485	17897	76099285
-14352	420	10046	-1864	-1078	766	32	220	170	17898	89490	17898	76099285
-14276	492	9986	-1814	-957	664	32	220	170	17899	89495	17899	76099286
-14280	668	9790	-1777	-857	589	17	215	177	17900	89500	17900	76099286
-14258	800	9618	-1688	-626	463	17	215	177	17901	89505	17901	76099286
-14266	790	9704	-1624	-367	325	22	218	176	17902	89510	17902	76099287
-14250	682	9590	-1582	-205	270	22	218	176	17903	89515	17903	76099287
-14132	656	9530	-1478	72	184	28	218	168	17904	89520	17904	76099322
-14100	596	9620	-1444	203	152	28	218	168	17905	89525	17905	76099322
-14050	554	9588	-1421	254	146	26	218	170	17906	89530	17906	76099324
-13964	674	9488	-1389	357	177	26	218	170	17907	89535	17907	76099325
-13852	704	9390	-1351	422	201	31	219	171	17908	89540	17908	76099325
-13898	770	9424	-1341	455	229	31	219	171	17909	89545	17909	76099333
-13930	758	9302	-1326	492	253	24	220	168	17910	89550	17910	76099334
-13894	696	9256	-1315	475	298	24	220	168	17911	89555	17911	76099337
-13910	728	9232	-1315	460	310	27	213	169	17912	89560	17912	76099337
-13952	776	9266	-1286	415	291	27	213	169	17913	89565	17913	76099338
-13860	744	9246	-1208	392	272	26	216	166	17914	89570	17914	76099338
-13882	804	9286	-1137	378	253	26	216	166	17915	89575	17915	76099338
-13908	886	9294	-977	425	202	29	215	169	17916	89580	17916	76099339
-13812	956	9472	-800	501	150	29	215	169	17917	89585	17917	76099339
-13798	1034	9360	-696	542	117	28	216	166	17918	89590	17918	76099340
-13724	1168	9396	-531	596	83	28	216	166	17919	89595	17919	76099340
-13852	1268	9370	-370	673	36	21	217	171	17920	89600	17920	76099387
-13792	1354	9332	-315	681	26	21	217	171	17921	89605	17921	76099414
-13788	1442	9316	-162	644	-1	29	219	171	17922	89610	17922	76099414
-13848	1470	9280	-82	600	-13	29	219	171	17923	89615	17923	76099414
-13790	1492	9252	-31	575	-18	29	219	171	17924	89620	17924	76099415
-13870	1466	9406	34	529	-43	29	219	171	17925	89625	17925	76099415
-13896	1328	9316	69	518	-57	27	219	173	17926	89630	17926	76099415
-13934	1234	9278	61	516	-58	27	219	173	17927	89635	17927	76099416
-13940	1046	9198	52	613	-79	29	219	165	17928	89640	17928	76099416
-13908	936	9212	22	706	-68	29	219	165	17929	89645	17929	76099417
-13872	886	9292	41	734	-75	31	219	165	17930	89650	17930	76099441
-13864	712	9282	33	700	-56	31	219	165	17931	89655	17931	76099469
-14020	758	9244	40	604	-29	26	218	170	17932	89660	17932	76099469
-14034	670	9168	39	582	-8	26	218	170	17933	89665	17933	76099470
-14042	636	9104	41	591	45	27	223	165	17934	89670	17934	76099470
-14148	700	9012	91	660	40	27	223	165	17935	89675	17935	76099470
-14082	748	9054	168	784	11	31	221	169	17936	89680	17936	76099471
-14164	840	9000	208	801	11	31	221	169	17937	89685	17937	76099471
-14060	856	9026	313	819	-17	32	222	172	17938	89690	17938	76099472
-14140	850	9052	423	776	-44	32	222	172	17939	89695	17939	76099473
-14208	948	9116	471	748	-64	25	221	171	17940	89700	17940	76099474
-14324	974	9220	567	716	-82	25	221	171	17941	89705	17941	76099516
-14392	998	9244	678	639	-112	25	225	169	17942	89710	17942	76099519
-14368	1110	9264	729	613	-124	25	225	169	17943	89715	17943	76099519
-14556	1072	9286	795	625	-150	31	221	171	17944	89720	17944	76099520
-14588	1180	9262	808	720	-165	31	221	171	17945	89725	17945	76099520
-14588	1184	9264	809	790	-172	28	222	164	17946	89730	17946	76099520
-14562	1276	9134	818	938	-178	28	222	164	17947	89735	17947	76099521
-14538	1314	9066	797	1072	-174	27	221	163	17948	89740	17948	76099522
-14468	1354	9030	789	1115	-168	27	221	163	17949	89745	17949	76099523
-14512	1388	8980	795	1142	-169	31	223	171	17950	89750	17950	76099524
-14430	1484	8978	815	1176	-205	31	223	171	17951	89755	17951	76099524
-14392	1468	8934	832	1185	-217	30	218	172	17952	89760	17952	76099544
-14398	1440	8938	870	1216	-233	30	218	172	17953	89765	17953	76099573
-14334	1444	8824	905	1265	-247	34	226	168	17954	89770	17954	76099573
-14214	1458	8868	939	1310	-267	34	226	168	17955	89775	17955	76099574
-14188	1530	8812	1058	1400	-304	26	222	172	17956	89780	17956	76099575
-14136	1588	8798	1171	1418	-320	26	222	172	17957	89785	17957	76099575
-14072	1564	8788	1238	1395	-349	22	216	166	17958	89790	17958	76099575
-14090	1536	8766	1371	1323	-353	22	216	166	17959	89795	17959	76099576
-14084	1530	8778	1475	1278	-374	25	219	165	17960	89800	17960	76099576
-14110	1558	8626	1528	1286	-404	25	219	165	17961	89805	17961	76099576
-14084	1520	8766	1624	1313	-418	31	219	165	17962	89810	17962	76099624
-14068	1540	8676	1702	1314	-409	31	219	165	17963	89815	17963	76099624
-14048	1532	8750	1723	1322	-403	28	224	166	17964	89820	17964	76099625
-14038	1480	8660	1763	1299	-419	28	224	166	17965	89825	17965	76099625
-14002	1408	8688	1798	1254	-383	32	224	170	17966	89830	17966	76099626
-14024	1348	8498	1807	1243	-370	32	224	170	17967	89835	17967	76099627
-14064	1302	8552	1773	1225	-357	19	221	167	17968	89840	17968	76099627
-14106	1262	8512	1750	1196	-301	19	221	167	17969	89845	17969	76099628
-14164	1208	8454	1710	1190	-287	28	220	170	17970	89850	17970	76099628
-14126	1118	8336	1607	1156	-233	28	220	170	17971	89855	17971	76099629
-14270	1096	8422	1528	1087	-166	30	220	164	17972	89860	17972	76099646
-14240	1138	8472	1499	1009	-144	30	220	164	17973	89865	17973	76099677
-14216	998	8546	1432	804	-88	23	219	165	17974	89870	17974	76099678
-14260	954	8692	1394	521	-24	23	219	165	17975	89875	17975	76099678
-14286	986	8580	1380	403	-12	25	219	169	17976	89880	17976	76099679
-14318	926	8854	1392	193	6	25	219	169	17977	89885	17977	76099680
-14466	948	9008	1424	13	-25	23	221	161	17978	89890	17978	76099681
-14516	922	9090	1487	-100	-56	23	221	161	17979	89895	17979	76099683
-14396	942	9128	1521	-104	-85	22	220	164	17980	89900	17980	76099683
-14464	954	9286	1593	-75	-141	22	220	164	17981	89905	17981	76099684
-14472	960	9304	1643	-14	-180	28	224	166	17982	89910	17982	76099684
-14460	994	9268	1647	12	-205	28	224	166	17983	89915	17983	76099685
-14578	1022	9234	1636	56	-225	34	222	168	17984	89920	17984	76099685
-14640	1082	9218	1582	105	-239	34	222	168	17985	89925	17985	76099685
-14700	1146	9192	1537	113	-242	28	220	170	17986	89930	17986	76099695
-14790	1156	9144	1439	130	-231	28	220	170	17987	89935	17987	76099696
-14820	1176	9192	1340	152	-217	25	217	157	17988	89940	17988	76099781
-14830	1222	9214	1277	164	-214	25	217	157	17989	89945	17989	76099781
-14794	1220	9240	1182	226	-224	26	218	162	17990	89950	17990	76099782
-14858	1286	9344	1122	331	-238	26	218	162	17991	89955	17991	76099783
-14820	1274	9324	1099	377	-253	28	222	160	17992	89960	17992	76099783
-14718	1228	9224	1096	471	-287	28	222	160	17993	89965	17993	76099784
-14634	1252	9114	1091	599	-326	28	218	164	17994	89970	17994	76099804
-14690	1220	9114	1071	636	-349	28	218	164	17995	89975	17995	76099805
-14754	1186	9036	1012	704	-373	27	221	165	17996	89980	17996	76099805
-14664	1132	8922	928	724	-391	27	221	165	17997	89985	17997	76099806
-14700	1164	8956	894	746	-383	25	215	161	17998	89990	17998	76099806
-14728	1168	8764	816	786	-399	25	215	161	17999	89995	17999	76099806
-14662	1102	8816	749	828	-409	19	219	163	18000	90000	18000	76099807
-14614	1050	8836	719	826	-401	19	219	163	18001	90005	18001	76099808
-14646	1090	8740	670	746	-405	25	219	157	18002	90010	18002	76099809
-14612	1160	8704	647	648	-389	25	219	157	18003	90015	18003	76099829
-14620	1116	8764	604	612	-386	17	211	161	18004	90020	18004	76099859
-14616	1242	8764	583	555	-382	17	211	161	18005	90025	18005	76099860
-14598	1266	8726	543	507	-371	29	219	163	18006	90030	18006	76099860
-14600	1254	8650	533	514	-364	29	219	163	18007	90035	18007	76099861
-14454	1394	8540	496	465	-330	29	221	165	18008	90040	18008	76099861
-14510	1442	8594	458	417	-321	29	221	165	18009	90045	18009	76099862
-14532	1464	8580	446	375	-288	22	226	162	18010	90050	18010	76099863
-14488	1502	8436	399	308	-266	22	226	162	18011	90055	18011	76099863
-14574	1458	8436	339	258	-203	26	220	164	18012	90060	18012	76099864
-14588	1444	8424	286	252	-189	26	220	164	18013	90065	18013	76099864
-14604	1524	8436	204	229	-130	28	222	160	18014	90070	18014	76099864
-14532	1392	8342	109	226	-79	28	222	160	18015	90075	18015	76099865
-14608	1450	8444	82	209	-68	32	224	162	18016	90080	18016	76099865
-14562	1430	8444	49	163	-22	32	224	162	18017	90085	18017	76099866
-14552	1420	8564	52	192	-4	24	228	166	18018	90090	18018	76099866
-14384	1472	8518	44	206	9	24	228	166	18019	90095	18019	76099867
