-16656	530	1736	-223	-132	310	156	60	64	1	1	1	85361167	
-16582	603	1775	-269	-92	310	155	60	64	2	6	2	85361190	
-16628	585	1756	-298	-101	317	152	62	64	3	11	3	85361190	
-16708	603	1689	-334	-112	321	153	63	65	4	16	4	85361191	
-16785	624	1642	-352	-97	332	159	65	71	5	21	5	85361191	
-16768	572	1672	-302	-57	351	159	65	70	6	26	6	85361191	
-16848	458	1730	-233	-42	386	158	64	64	7	31	7	85361191	
-16881	404	1709	-179	-39	420	159	64	65	8	36	8	85361191	
-16856	342	1722	-138	-36	441	161	63	67	9	41	9	85361192	
-16727	332	1773	-145	-8	437	161	62	66	10	46	10	85361192	
-16640	223	1770	-179	29	442	160	60	64	11	51	11	85361192	
-16612	230	1810	-228	39	444	158	62	64	12	56	12	85361203	
-16644	225	1711	-267	60	444	152	68	64	13	61	13	85361246	
-16564	321	1720	-292	89	451	153	67	63	14	66	14	85361250	
-16392	375	1843	-313	108	466	156	64	60	15	71	15	85361250	
-16384	405	1867	-335	75	490	157	63	60	16	76	16	85361251	
-16448	472	1828	-319	1	525	160	60	62	17	81	17	85361251	
-16524	475	1846	-273	-84	584	158	62	62	18	86	18	85361251	
-16678	475	1841	-248	-164	639	150	66	62	19	91	19	85361251	
-16723	453	1799	-251	-210	676	153	65	63	20	96	20	85361251	
-16735	400	1731	-237	-235	701	157	63	65	21	101	21	85361251	
-16746	326	1649	-177	-245	721	156	63	65	22	106	22	85361251	
-16696	268	1587	-84	-245	748	154	62	64	23	111	23	85361251	
-16660	279	1606	19	-257	780	154	62	63	24	116	24	85361256	
-16704	250	1655	97	-281	816	155	61	61	25	121	25	85361264	
-16704	162	1599	150	-288	855	156	63	62	26	126	26	85361264	
-16647	122	1606	164	-295	902	157	65	63	27	131	27	85361264	
-16658	120	1582	145	-292	927	156	62	66	28	136	28	85361265	
-16687	109	1586	96	-278	948	156	60	68	29	141	29	85361265	
-16667	157	1573	75	-253	978	154	59	65	30	146	30	85361282	
-16608	200	1578	69	-243	1011	153	59	63	31	151	31	85361299	
-16566	242	1620	49	-277	1042	153	59	58	32	156	32	85361302	
-16679	300	1546	52	-309	1082	153	59	55	33	161	33	85361303	
-16796	291	1452	106	-291	1127	158	60	61	34	166	34	85361303	
-16820	239	1486	208	-220	1174	161	61	65	35	171	35	85361303	
-16729	297	1574	229	-208	1235	158	61	67	36	176	36	85361303	
-16684	328	1747	240	-267	1279	157	61	67	37	181	37	85361312	
-16691	399	1797	265	-339	1325	155	58	65	38	186	38	85361336	
-16571	349	1826	269	-384	1375	155	57	65	39	191	39	85361342	
-16446	364	1850	228	-422	1406	154	58	63	40	196	40	85361342	
-16385	412	1852	161	-497	1437	154	58	62	41	201	41	85361343	
-16416	441	1876	144	-588	1475	154	61	64	42	206	42	85361343	
-16448	470	1918	85	-692	1499	154	62	64	43	211	43	85361343	
-16500	496	1888	52	-772	1519	155	61	67	44	216	44	85361344	
-16572	490	1788	68	-803	1544	155	61	67	45	221	45	85361351	
-16478	542	1728	56	-810	1572	158	56	64	46	226	46	85361378	
-16514	540	1742	51	-828	1596	158	56	64	47	231	47	85361378	
-16532	630	1686	35	-874	1637	156	60	68	48	236	48	85361378	
-16528	602	1718	41	-899	1688	156	60	68	49	241	49	85361378	
-16540	640	1632	58	-940	1714	159	65	59	50	246	50	85361378	
-16544	606	1706	97	-990	1750	159	65	59	51	251	51	85361379	
-16565	646	1802	85	-1081	1811	154	66	58	52	256	52	85361381	
-16480	674	1740	49	-1181	1859	155	65	59	53	261	53	85361394	
-16456	778	1810	-11	-1305	1885	157	61	65	54	266	54	85361416	
-16462	794	1820	-11	-1421	1918	157	61	65	55	271	55	85361416	
-16352	855	1787	78	-1529	1957	156	60	66	56	276	56	85361416	
-16311	1006	1736	192	-1629	2023	155	61	65	57	281	57	85361416	
-16330	1017	1744	297	-1795	2078	153	63	63	58	286	58	85361416	
-16291	1138	1885	370	-2021	2124	154	62	65	59	291	59	85361416	
-16335	1235	1887	386	-2231	2142	155	57	69	60	296	60	85361428	
-16388	1337	1897	433	-2309	2128	154	57	67	61	301	61	85361449	
-16352	1452	1945	512	-2333	2123	152	58	64	62	306	62	85361453	
-16286	1558	1854	616	-2367	2131	152	58	64	63	311	63	85361454	
-16279	1702	1850	744	-2456	2142	154	58	66	64	316	64	85361454	
-16126	1774	1710	824	-2630	2162	153	59	66	65	321	65	85361454	
-15991	1944	1685	822	-2891	2151	149	63	67	66	326	66	85361455	
-16095	2004	1713	769	-3240	2070	150	63	67	67	331	67	85361455	
-16163	1897	2093	822	-3606	2070	155	61	67	68	336	68	85361464	
-16012	1792	2237	997	-3904	2203	156	60	69	69	341	69	85361491	
-15999	1821	2346	1147	-4150	2279	157	59	73	70	346	70	85361491	
-16078	1804	2454	1358	-4399	2307	156	59	68	71	351	71	85361491	
-16196	1748	2730	1676	-4625	2320	154	60	60	72	356	72	85361491	
-16327	1782	2996	2068	-4821	2327	154	61	62	73	361	73	85361491	
-16424	1831	3236	2455	-4950	2334	154	62	66	74	366	74	85361491	
-16505	1853	3486	2800	-5018	2347	153	60	67	75	371	75	85361495	
-16624	1950	3744	3138	-5062	2333	152	58	68	76	376	76	85361514	
-16739	2046	3882	3490	-5076	2279	151	60	71	77	381	77	85361529	
-16844	2014	3962	3810	-5070	2248	151	61	73	78	386	78	85361530	
-16982	1823	3955	4085	-5059	2260	153	65	74	79	391	79	85361530	
-16980	1553	3865	4254	-5026	2292	155	67	75	80	396	80	85361530	
-16824	1310	3811	4276	-4941	2328	154	63	77	81	401	81	85361530	
-16664	1159	3769	4168	-4841	2398	154	60	78	82	406	82	85361531	
-16449	1084	3742	3996	-4781	2542	154	59	80	83	411	83	85361548	
-16307	1046	3672	3858	-4764	2733	154	58	82	84	416	84	85361565	
-16226	1131	3652	3679	-4808	2904	145	63	69	85	421	85	85361569	
-16281	1168	3630	3485	-4890	2991	142	64	64	86	426	86	85361570	
-16379	1250	3580	3219	-4912	3024	147	62	70	87	431	87	85361570	
-16478	1350	3528	2933	-4918	3047	153	60	77	88	436	88	85361570	
-16420	1495	3492	2695	-4846	3068	156	63	78	89	441	89	85361570	
-16454	1563	3507	2499	-4722	3061	156	64	78	90	446	90	85361570	
-16662	1636	3378	2478	-4541	3028	155	63	79	91	451	91	85361590	
-16953	1564	3240	2552	-4228	2989	155	63	79	92	456	92	85361605	
-17094	1210	2818	2596	-3598	2939	154	60	78	93	461	93	85361609	
-16840	976	2636	2405	-2973	2881	154	60	78	94	466	94	85361609	
-16452	864	2582	2076	-2481	2819	154	62	78	95	471	95	85361609	
-16172	810	2794	1640	-2301	2806	154	62	78	96	476	96	85361610	
-15942	1168	2980	1048	-2374	2827	156	58	78	97	481	97	85361610	
-16064	1626	3164	429	-2453	2836	156	58	78	98	486	98	85361618	
-16050	2220	3242	-89	-2446	2841	148	62	80	99	491	99	85361641	
-16118	2732	3352	-451	-2342	2820	148	62	80	100	496	100	85361641	
-16222	3452	3164	-693	-2190	2785	148	64	80	101	501	101	85361641	
-16037	3990	3257	-836	-1997	2762	148	64	80	102	506	102	85361641	
-15791	4440	3454	-888	-1922	2778	150	62	78	103	511	103	85361641	
-15697	4676	3730	-932	-1956	2777	150	62	79	104	516	104	85361641	
-15751	4848	3908	-1029	-2072	2723	150	62	82	105	521	105	85361649	
-15922	4974	3869	-1142	-2167	2621	150	61	81	106	526	106	85361679	
-16042	5076	3817	-1202	-2115	2504	151	59	79	107	531	107	85361680	
-16005	5244	3802	-1122	-1914	2398	151	59	79	108	536	108	85361680	
-15818	5275	3723	-886	-1731	2331	150	58	78	109	541	109	85361680	
-15590	5252	3610	-578	-1647	2293	151	61	77	110	546	110	85361680	
-15425	5264	3655	-360	-1673	2252	152	66	76	111	551	111	85361680	
-15442	5324	3808	-190	-1734	2195	153	66	77	112	556	112	85361680	
-15619	5413	3876	-33	-1783	2141	155	65	79	113	561	113	85361683	
-15734	5472	3751	135	-1774	2102	153	65	80	114	566	114	85361692	
-15734	5433	3704	373	-1669	2060	147	65	83	115	571	115	85361714	
-15584	5240	3596	598	-1585	2013	148	63	83	116	576	116	85361715	
-15539	4969	3553	804	-1617	1966	153	57	81	117	581	117	85361715	
-15647	4782	3470	956	-1722	1889	152	59	80	118	586	118	85361715	
-15769	4537	3423	1123	-1794	1791	150	64	78	119	591	119	85361718	
-15910	4461	3375	1277	-1807	1718	150	64	76	120	596	120	85361732	
-16081	4255	3290	1430	-1744	1652	151	63	73	121	601	121	85361747	
-16289	3758	3104	1547	-1621	1617	150	64	75	122	606	122	85361747	
-16396	3198	2886	1484	-1443	1576	149	65	77	123	611	123	85361748	
-16365	2822	2780	1185	-1273	1505	150	66	79	124	616	124	85361748	
-16348	2710	2727	774	-1141	1440	152	68	82	125	621	125	85361748	
-16349	2687	2729	367	-1056	1421	152	64	82	126	626	126	85361749	
-16350	2536	2872	89	-1071	1441	152	60	82	127	631	127	85361758	
-16296	2842	2937	-257	-1104	1463	149	61	79	128	636	128	85361775	
-16190	3537	2934	-671	-1093	1493	147	61	77	129	641	129	85361783	
-16063	4086	2936	-818	-1085	1536	149	62	82	130	646	130	85361783	
-16074	4386	2878	-658	-1086	1589	151	63	85	131	651	131	85361783	
-16106	4462	2892	-458	-1050	1639	150	64	83	132	656	132	85361783	
-16087	4478	2892	-369	-1000	1683	149	65	81	133	661	133	85361790	
-16091	4356	2775	-395	-938	1700	148	65	79	134	666	134	85361810	
-16114	4168	2789	-553	-817	1687	147	65	77	135	671	135	85361821	
-16204	4238	2736	-776	-700	1638	146	66	78	136	676	136	85361821	
-16252	4510	2665	-926	-613	1577	146	66	78	137	681	137	85361821	
-16346	4511	2569	-874	-521	1524	149	66	81	138	686	138	85361821	
-16517	4278	2458	-743	-444	1443	150	66	82	139	691	139	85361821	
-16631	3936	2271	-681	-342	1357	150	66	76	140	696	140	85361821	
-16588	3685	2166	-795	-179	1251	150	66	74	141	701	141	85361830	
-16366	3584	2150	-965	-29	1161	150	61	82	142	706	142	85361853	
-16022	3536	2134	-1146	44	1089	150	60	84	143	711	143	85361858	
-15900	3664	2294	-1221	-22	1060	152	62	80	144	716	144	85361858	
-15970	3756	2414	-1272	-122	1061	152	62	80	145	721	145	85361858	
-16018	3798	2566	-1307	-218	1072	147	65	85	146	726	146	85361858	
-16020	3940	2736	-1317	-275	1090	147	65	85	147	731	147	85361858	
-15880	3804	2926	-1304	-306	1104	148	66	82	148	736	148	85361858	
-15790	3640	2952	-1360	-364	1105	148	66	82	149	741	149	85361873	
-15634	3608	3308	-1506	-468	1097	150	62	82	150	746	150	85361908	
-15610	3804	3534	-1695	-595	1084	150	62	82	151	751	151	85361908	
-15965	4268	4048	-1936	-604	1077	148	60	88	152	756	152	85361908	
-16154	4569	4208	-1967	-494	1075	148	61	86	153	761	153	85361908	
-16227	4615	4186	-1868	-379	1068	147	63	77	154	766	154	85361908	
-16120	4560	4110	-1788	-305	1067	148	63	78	155	771	155	85361908	
-16016	4571	3982	-1821	-271	1040	154	64	82	156	776	156	85361916	
-15969	4670	3915	-1879	-266	1018	153	63	82	157	781	157	85361947	
-15841	4598	3826	-1856	-297	992	147	57	83	158	786	158	85361948	
-15711	4217	3630	-1795	-318	968	149	58	82	159	791	159	85361948	
-15714	3794	3464	-1803	-324	924	153	59	77	160	796	160	85361948	
-15790	3487	3256	-1940	-300	857	151	59	79	161	801	161	85361949	
-15842	3246	3123	-2159	-278	779	147	59	83	162	806	162	85361949	
-15934	3088	3011	-2427	-260	706	147	60	85	163	811	163	85361950	
-16027	3085	3003	-2734	-254	649	147	61	87	164	816	164	85361950	
-16150	3200	3060	-3047	-259	607	147	61	84	165	821	165	85361950	
-16153	3378	3127	-3411	-258	577	148	60	72	166	826	166	85361957	
-16066	3572	3278	-3754	-251	571	148	61	73	167	831	167	85361984	
-15831	3903	3501	-4047	-301	596	148	64	78	168	836	168	85361984	
-15642	4390	3606	-4185	-443	648	147	64	78	169	841	169	85361984	
-15694	4761	3637	-4056	-568	717	145	63	77	170	846	170	85361984	
-15854	4907	3622	-3691	-627	807	146	62	78	171	851	171	85361984	
-15945	4802	3613	-3243	-657	901	148	60	80	172	856	172	85361985	
-15995	4631	3561	-2867	-720	968	144	60	80	173	861	173	85361989	
-16047	4475	3539	-2672	-805	989	139	61	81	174	866	174	85362006	
-16052	4431	3527	-2660	-883	969	143	61	79	175	871	175	85362022	
-16048	4482	3492	-2736	-907	922	150	62	76	176	876	176	85362022	
-16013	4592	3400	-2803	-927	865	146	60	76	177	881	177	85362023	
-16026	4704	3524	-2863	-998	823	144	58	76	178	886	178	85362023	
-16067	4739	3702	-2960	-1069	783	145	59	74	179	891	179	85362023	
-16043	4539	4046	-3011	-1108	742	145	59	73	180	896	180	85362024	
-15930	4031	4247	-2948	-1105	686	146	62	75	181	901	181	85362029	
-15782	3399	4167	-2813	-1057	612	146	64	76	182	906	182	85362049	
-15724	2889	3912	-2790	-1006	515	145	62	78	183	911	183	85362059	
-15778	2643	3601	-2956	-994	417	144	60	80	184	916	184	85362060	
-15874	2753	3504	-3213	-1056	333	144	60	73	185	921	185	85362060	
-15990	3028	3566	-3316	-1166	308	144	60	70	186	926	186	85362060	
-15968	3097	3638	-3238	-1289	360	143	61	69	187	931	187	85362060	
-15879	3143	3538	-3182	-1414	460	143	61	69	188	936	188	85362061	
-15879	3333	3513	-3237	-1529	554	148	61	72	189	941	189	85362070	
-15967	3576	3333	-3304	-1662	626	149	61	73	190	946	190	85362092	
-16164	3671	3107	-3311	-1762	675	147	60	75	191	951	191	85362097	
-16358	3842	2924	-3325	-1786	697	146	60	76	192	956	192	85362097	
-16328	4016	2690	-3347	-1761	713	149	57	77	193	961	193	85362098	
-16336	3986	2514	-3327	-1694	702	149	57	77	194	966	194	85362098	
-16300	3990	2512	-3347	-1641	666	143	55	75	195	971	195	85362098	
-16372	4078	2650	-3410	-1538	579	143	55	75	196	976	196	85362098	
-16446	4036	2720	-3397	-1482	529	147	61	75	197	981	197	85362133	
-16436	3852	2866	-3389	-1354	486	147	61	75	198	986	198	85362133	
-16510	3648	3022	-3372	-1258	461	142	64	66	199	991	199	85362133	
-16610	3272	3042	-3283	-1233	438	142	64	66	200	996	200	85362133	
-16616	2840	3294	-3228	-1202	415	144	60	74	201	1001	201	85362133	
-16317	2476	3466	-3313	-1131	429	144	59	75	202	1006	202	85362134	
-16044	2215	3696	-3438	-1106	466	146	56	80	203	1011	203	85362136	
-15786	2057	3790	-3551	-1087	510	146	57	79	204	1016	204	85362148	
-15584	2025	3873	-3665	-1074	558	145	59	73	205	1021	205	85362163	
-15544	2130	4005	-3764	-1093	614	144	58	72	206	1026	206	85362163	
-15535	2431	4115	-3865	-1172	670	140	54	70	207	1031	207	85362163	
-15655	2717	4304	-3873	-1270	727	140	55	71	208	1036	208	85362163	
-15801	2930	4418	-3785	-1359	819	142	58	74	209	1041	209	85362163	
-15818	3277	4567	-3811	-1520	944	142	60	75	210	1046	210	85362164	
-15698	3643	4781	-3870	-1601	1050	141	63	77	211	1051	211	85362199	
-15672	4070	4857	-3860	-1699	1137	141	62	74	212	1056	212	85362252	
-15626	4483	4938	-3796	-1792	1204	140	60	70	213	1061	213	85362252	
-15530	4841	5070	-3655	-1865	1257	142	61	72	214	1066	214	85362252	
-15482	5118	5256	-3442	-1928	1301	147	63	77	215	1071	215	85362252	
-15525	5356	5446	-3093	-2025	1353	147	62	77	216	1076	216	85362253	
-15501	5243	5533	-2612	-2120	1374	145	59	77	217	1081	217	85362257	
-15492	4923	5511	-1962	-2216	1371	145	59	76	218	1086	218	85362284	
-15425	4232	5438	-1306	-2378	1357	143	59	71	219	1091	219	85362312	
-15317	3438	5149	-953	-2429	1287	140	61	71	220	1096	220	85362312	
-15352	2780	4752	-861	-2408	1159	135	63	71	221	1101	221	85362313	
-15458	2273	4395	-965	-2363	1038	137	63	73	222	1106	222	85362313	
-15620	2062	4251	-1212	-2323	961	141	63	75	223	1111	223	85362314	
-15760	2242	4278	-1533	-2308	944	142	63	75	224	1116	224	85362316	
-15963	2713	4293	-1791	-2322	1002	144	62	76	225	1121	225	85362330	
-16177	3225	4395	-1834	-2414	1162	144	60	77	226	1126	226	85362344	
-16240	3759	4569	-1659	-2530	1397	143	57	77	227	1131	227	85362344	
-16240	4308	4595	-1474	-2604	1636	141	58	75	228	1136	228	85362344	
-16226	4875	4405	-1331	-2560	1869	140	58	74	229	1141	229	85362344	
-16144	5521	3908	-1240	-2409	2087	142	59	77	230	1146	230	85362344	
-15998	6322	3395	-1203	-2295	2273	143	59	79	231	1151	231	85362344	
-16088	7383	3164	-1228	-2259	2424	142	60	78	232	1156	232	85362344	
-16616	8428	2930	-1107	-2297	2551	141	61	77	233	1161	233	85362344	
-17162	9152	2613	-741	-2284	2642	145	59	75	234	1166	234	85362344	
-17329	9448	2248	-285	-2094	2683	148	58	74	235	1171	235	85362344	
-16966	9115	2114	-13	-1846	2638	145	55	76	236	1176	236	85362344	
-16985	8508	1942	27	-1648	2529	144	54	76	237	1181	237	85362345	
-17111	7879	2035	-136	-1297	2376	141	60	74	238	1186	238	85362352	
-17035	7328	2366	-420	-748	2238	140	62	74	239	1191	239	85362354	
-17076	6611	2714	-559	-324	2171	146	61	78	240	1196	240	85362354	
-17174	5453	2803	-370	-61	2165	147	61	79	241	1201	241	85362354	
-17045	4256	3029	-257	297	2081	142	63	74	242	1206	242	85362355	
-16634	3374	3414	-635	836	1865	141	63	73	243	1211	243	85362355	
-16048	3142	3734	-1121	1209	1604	141	63	77	244	1216	244	85362355	
-15762	2926	3778	-1532	1402	1356	141	63	77	245	1221	245	85362385	
-15352	2780	4068	-1887	1546	1120	137	63	79	246	1226	246	85362385	
-14898	2750	4438	-2056	1695	939	137	63	79	247	1231	247	85362385	
-14472	2594	4728	-2139	1714	830	140	60	78	248	1236	248	85362385	
-14444	2472	5102	-2120	1565	781	140	60	78	249	1241	249	85362386	
-14424	2390	5378	-2231	1365	769	138	64	74	250	1246	250	85362386	
-14412	2410	5752	-2549	1241	711	138	64	74	251	1251	251	85362386	
-14300	2746	6489	-2996	1135	634	142	62	80	252	1256	252	85362386	
-14379	3240	6878	-3364	999	561	142	63	79	253	1261	253	85362387	
-14422	3833	7171	-3684	854	512	144	68	74	254	1266	254	85362395	
-14334	4564	7458	-3854	721	492	142	68	73	255	1271	255	85362427	
-14260	5273	7670	-3870	537	488	132	66	70	256	1276	256	85362427	
-14220	5975	7889	-3742	270	517	134	65	71	257	1281	257	85362428	
-14210	6642	8086	-3397	-53	559	142	60	74	258	1286	258	85362428	
-14291	7041	8092	-2839	-376	615	142	61	74	259	1291	259	85362434	
-14426	7352	8016	-2036	-695	672	142	62	74	260	1296	260	85362450	
-14519	7338	7890	-1287	-934	706	140	61	74	261	1301	261	85362451	
-14586	7057	7938	-574	-1170	715	137	59	75	262	1306	262	85362451	
-14699	6674	8011	60	-1398	667	138	63	77	263	1311	263	85362451	
-14755	6287	7967	570	-1565	591	140	68	80	264	1316	264	85362451	
-14761	5913	7940	984	-1689	511	141	67	79	265	1321	265	85362451	
-14790	5493	7727	1467	-1834	416	145	65	77	266	1326	266	85362451	
-14870	5130	7538	1876	-1999	316	144	64	76	267	1331	267	85362456	
-14974	4767	7289	2218	-2167	235	138	60	70	268	1336	268	85362480	
-15162	4610	7018	2537	-2322	184	138	59	73	269	1341	269	85362487	
-15328	4493	6733	2777	-2432	167	139	57	77	270	1346	270	85362487	
-15354	4302	6481	2981	-2505	159	137	59	77	271	1351	271	85362487	
-15338	4191	6366	3067	-2577	150	135	63	77	272	1356	272	85362487	
-15375	4162	6288	3093	-2663	131	135	63	76	273	1361	273	85362487	
-15420	3998	6217	3138	-2731	86	136	62	74	274	1366	274	85362487	
-15530	3836	6191	3087	-2761	23	137	62	75	275	1371	275	85362491	
-15641	3873	6120	2903	-2738	-50	139	63	77	276	1376	276	85362516	
-15744	3910	5993	2726	-2676	-103	141	61	79	277	1381	277	85362537	
-15781	3898	5894	2534	-2620	-140	142	60	80	278	1386	278	85362537	
-15828	3905	5868	2291	-2564	-166	141	61	83	279	1391	279	85362538	
-15888	4014	5784	2018	-2479	-175	141	61	85	280	1396	280	85362548	
-15878	4096	5672	1745	-2358	-168	140	59	82	281	1401	281	85362557	
-15838	4064	5641	1484	-2250	-161	140	58	80	282	1406	282	85362558	
-15816	4062	5596	1220	-2152	-154	139	62	82	283	1411	283	85362558	
-15780	4190	5684	984	-2039	-138	138	64	84	284	1416	284	85362558	
-15720	4324	5685	822	-1903	-96	135	64	84	285	1421	285	85362558	
-15700	4464	5736	799	-1811	-60	134	64	84	286	1426	286	85362558	
-15631	4502	5687	852	-1759	-44	136	69	82	287	1431	287	85362564	
-15574	4571	5776	943	-1724	-22	136	70	82	288	1436	288	85362581	
-15559	4506	5754	993	-1686	-30	141	68	84	289	1441	289	85362597	
-15577	4529	5737	983	-1618	-65	142	68	84	290	1446	290	85362601	
-15472	4553	5678	943	-1537	-107	142	65	82	291	1451	291	85362601	
-15338	4673	5792	920	-1450	-151	142	64	82	292	1456	292	85362602	
-15202	4742	6002	924	-1410	-224	137	61	83	293	1461	293	85362602	
-15160	4862	6282	943	-1437	-268	137	61	83	294	1466	294	85362602	
-15086	5108	6396	1019	-1491	-281	138	64	80	295	1471	295	85362603	
-15198	5212	6540	1272	-1573	-293	138	64	80	296	1476	296	85362603	
-15264	5156	6460	1626	-1630	-273	134	68	76	297	1481	297	85362603	
-15270	5134	6452	1977	-1658	-230	134	68	76	298	1486	298	85362633	
-15252	4996	6260	2352	-1696	-207	134	70	86	299	1491	299	85362633	
-15190	4718	6118	2731	-1753	-239	134	70	86	300	1496	300	85362633	
-15210	4498	5984	2923	-1799	-279	138	62	86	301	1501	301	85362633	
-15312	4452	6138	2941	-1871	-334	138	64	86	302	1506	302	85362633	
-15390	4445	6113	2944	-1916	-366	140	70	86	303	1511	303	85362639	
-15471	4501	5976	2957	-1913	-411	140	69	87	304	1516	304	85362664	
-15614	4596	5965	2995	-1921	-412	140	66	92	305	1521	305	85362665	
-15760	4674	5906	3062	-1936	-400	140	65	90	306	1526	306	85362665	
-15828	4692	5967	3150	-1933	-372	139	63	83	307	1531	307	85362666	
-15951	4604	5957	3244	-1909	-345	140	62	84	308	1536	308	85362666	
-16001	4438	5924	3267	-1875	-331	144	60	90	309	1541	309	85362667	
-16138	4258	5885	3204	-1848	-324	142	63	88	310	1546	310	85362670	
-16192	4039	5743	3108	-1796	-322	140	68	84	311	1551	311	85362684	
-16228	3896	5462	2924	-1704	-334	139	68	85	312	1556	312	85362698	
-16168	3906	5315	2645	-1585	-346	137	69	87	313	1561	313	85362698	
-16016	3966	5251	2338	-1484	-351	139	66	86	314	1566	314	85362698	
-15911	4055	5333	2057	-1404	-338	142	62	84	315	1571	315	85362698	
-15758	4195	5476	1852	-1320	-321	141	63	85	316	1576	316	85362698	
-15614	4312	5524	1714	-1267	-314	138	64	88	317	1581	317	85362698	
-15564	4384	5631	1580	-1253	-300	139	63	88	318	1586	318	85362715	
-15506	4404	5687	1495	-1234	-291	141	61	89	319	1591	319	85362765	
-15489	4416	5683	1432	-1197	-305	139	62	87	320	1596	320	85362766	
-15449	4423	5590	1398	-1159	-332	136	64	84	321	1601	321	85362766	
-15453	4464	5525	1403	-1117	-357	137	65	85	322	1606	322	85362766	
-15463	4463	5504	1397	-1084	-377	138	66	86	323	1611	323	85362766	
-15388	4616	5610	1359	-1087	-397	138	68	88	324	1616	324	85362766	
-15364	4869	5852	1348	-1136	-412	139	71	91	325	1621	325	85362771	
-15408	5013	6005	1503	-1229	-430	141	66	90	326	1626	326	85362778	
-15518	4948	6048	1795	-1286	-420	143	61	89	327	1631	327	85362778	
-15562	4939	5913	2009	-1255	-395	144	67	91	328	1636	328	85362778	
-15606	4935	5706	2165	-1195	-377	145	71	93	329	1641	329	85362778	
-15664	4826	5498	2322	-1150	-370	138	69	92	330	1646	330	85362779	
-15738	4596	5389	2461	-1125	-368	134	68	92	331	1651	331	85362779	
-15810	4393	5362	2554	-1102	-366	136	64	91	332	1656	332	85362779	
-15861	4321	5316	2586	-1067	-360	138	62	90	333	1661	333	85362779	
-15850	4299	5250	2540	-1044	-355	145	63	89	334	1666	334	85362796	
-15796	4358	5228	2465	-1042	-345	150	64	88	335	1671	335	85362813	
-15760	4406	5228	2402	-1040	-338	144	65	92	336	1676	336	85362815	
-15688	4417	5279	2380	-1022	-338	143	65	93	337	1681	337	85362815	
-15656	4405	5386	2385	-992	-322	145	67	95	338	1686	338	85362815	
-15604	4376	5375	2397	-963	-316	145	67	95	339	1691	339	85362816	
-15562	4213	5475	2386	-944	-314	144	69	94	340	1696	340	85362816	
-15594	4200	5508	2293	-937	-323	144	70	94	341	1701	341	85362846	
-15614	4097	5601	2177	-919	-330	143	68	100	342	1706	342	85362853	
-15604	4042	5502	2009	-876	-354	143	67	101	343	1711	343	85362854	
-15576	4034	5626	1850	-832	-360	141	63	93	344	1716	344	85362854	
-15622	4082	5576	1728	-826	-369	141	63	93	345	1721	345	85362854	
-15676	4074	5720	1635	-803	-386	136	62	90	346	1726	346	85362854	
-15836	4136	5596	1550	-784	-385	136	62	90	347	1731	347	85362855	
-15834	4130	5486	1458	-718	-380	140	60	98	348	1736	348	85362862	
-15840	4188	5556	1375	-651	-380	140	60	98	349	1741	349	85362924	
-15850	4172	5588	1320	-591	-360	144	66	98	350	1746	350	85362925	
-15784	4192	5482	1255	-545	-343	144	66	98	351	1751	351	85362925	
-15770	4181	5429	1128	-473	-322	147	65	95	352	1756	352	85362925	
-15732	4191	5397	990	-408	-302	147	65	93	353	1761	353	85362925	
-15612	4281	5446	810	-377	-280	138	66	94	354	1766	354	85362926	
-15537	4375	5497	654	-355	-262	139	66	95	355	1771	355	85362937	
-15526	4540	5656	569	-340	-239	141	67	97	356	1776	356	85362982	
-15477	4688	5790	563	-351	-197	141	68	95	357	1781	357	85362982	
-15371	4782	5925	592	-361	-161	139	73	89	358	1786	358	85362982	
-15291	4811	6003	638	-399	-135	140	72	90	359	1791	359	85362982	
-15243	4806	6062	686	-443	-107	143	69	93	360	1796	360	85362982	
-15264	4788	6012	743	-471	-98	145	70	92	361	1801	361	85362982	
-15322	4692	5965	800	-488	-91	149	71	91	362	1806	362	85362982	
-15402	4551	5930	843	-483	-103	149	68	93	363	1811	363	85363001	
-15462	4434	5876	847	-472	-129	150	64	96	364	1816	364	85363030	
-15547	4361	5830	821	-461	-161	147	65	97	365	1821	365	85363030	
-15595	4334	5784	806	-438	-193	142	66	98	366	1826	366	85363030	
-15615	4323	5780	807	-410	-211	142	67	98	367	1831	367	85363030	
-15591	4344	5744	800	-377	-212	143	69	97	368	1836	368	85363030	
-15617	4401	5608	800	-344	-205	141	69	95	369	1841	369	85363030	
-15652	4453	5559	831	-340	-198	139	69	93	370	1846	370	85363031	
-15662	4479	5451	853	-342	-169	143	68	92	371	1851	371	85363031	
-15646	4484	5363	854	-334	-135	148	66	90	372	1856	372	85363031	
-15590	4568	5376	835	-327	-107	146	64	88	373	1861	373	85363031	
-15620	4580	5420	806	-338	-80	144	62	84	374	1866	374	85363031	
-15624	4568	5504	763	-357	-61	144	64	87	375	1871	375	85363031	
-15613	4463	5456	681	-368	-51	143	67	91	376	1876	376	85363032	
-15606	4398	5447	557	-380	-56	144	68	96	377	1881	377	85363032	
-15559	4433	5490	425	-382	-73	145	69	99	378	1886	378	85363032	
-15542	4507	5584	306	-383	-94	145	68	95	379	1891	379	85363032	
-15537	4527	5594	232	-381	-115	145	67	93	380	1896	380	85363037	
-15494	4553	5532	210	-389	-121	146	68	91	381	1901	381	85363056	
-15505	4606	5614	220	-394	-133	147	69	89	382	1906	382	85363068	
-15555	4608	5689	261	-399	-135	144	65	92	383	1911	383	85363068	
-15604	4632	5680	323	-395	-123	142	62	94	384	1916	384	85363068	
