-13826	-3180	-7000	-624	-10269	510	-130	174	-164	1	1	1	73124941	
-13793	-3434	-6946	-703	-10368	580	-131	171	-163	2	6	2	73124941	
-13538	-3199	-6566	-955	-10432	695	-131	169	-163	3	11	3	73124941	
-13282	-2399	-6162	-1237	-10524	894	-133	178	-160	4	16	4	73124941	
-13302	-2639	-6583	-1091	-10639	1061	-133	181	-159	5	21	5	73124942	
-13177	-2683	-6313	-1146	-10654	1150	-132	182	-160	6	26	6	73124942	
-13204	-2742	-6395	-1262	-10715	1107	-132	182	-160	7	31	7	73124942	
-7696	-2807	-6925	-837	-9628	771	-130	180	-157	8	36	8	73124942	
-13594	-2400	-5273	156	-8254	282	-129	179	-155	9	41	9	73124964	
-20221	-2907	-6244	177	-10232	952	-130	181	-153	10	46	10	73124980	
-16975	-3453	-6672	-697	-10918	1701	-130	182	-152	11	51	11	73124980	
-13826	-3248	-5852	-1267	-9942	1773	-132	180	-150	12	56	12	73124980	
-14529	-2497	-5670	-1488	-10486	1856	-133	179	-149	13	61	13	73124980	
-15103	-2001	-5176	-1496	-10860	1988	-128	185	-157	14	66	14	73124980	
-15061	-1966	-5096	-1393	-10664	2049	-127	187	-159	15	71	15	73124980	
-14449	-1923	-4973	-1198	-10540	2076	-133	188	-153	16	76	16	73124980	
-13710	-1566	-4574	-1210	-10559	2151	-134	188	-152	17	81	17	73124986	
-13104	-1334	-4535	-1284	-10712	2189	-133	186	-146	18	86	18	73125012	
-12774	-1816	-4574	-1037	-10708	2200	-133	185	-145	19	91	19	73125019	
-13365	-2429	-4258	-812	-10708	2252	-139	192	-139	20	96	20	73125019	
-13110	-2074	-3874	-748	-10767	2447	-140	194	-138	21	101	21	73125019	
-9510	-1816	-3692	-487	-9819	2232	-140	188	-142	22	106	22	73125019	
-13836	18	-1452	-400	-9170	1770	-140	188	-142	23	111	23	73125020	
-13614	-446	-2530	-468	-10780	3242	-131	189	-147	24	116	24	73125020	
-11214	-1468	-2672	-366	-10628	3981	-131	189	-147	25	121	25	73125026	
-10610	-2210	-2640	-375	-10177	4018	-135	195	-141	26	126	26	73125059	
-11678	-2024	-2688	-448	-9812	3920	-135	195	-141	27	131	27	73125059	
-14086	-1846	-2856	-414	-9602	4494	-139	189	-141	28	136	28	73125059	
-14519	-2033	-3466	-603	-9690	5118	-139	189	-141	29	141	29	73125060	
-15048	-2878	-4496	-865	-9751	5493	-145	189	-141	30	146	30	73125060	
-16800	-2966	-4482	-1197	-9960	5645	-145	189	-141	31	151	31	73125060	
-16884	-2568	-4392	-1462	-10082	6153	-142	192	-140	32	156	32	73125068	
-15942	-2248	-4714	-1747	-10027	6599	-142	192	-140	33	161	33	73125098	
-15548	-2204	-4062	-1962	-9521	6717	-141	193	-135	34	166	34	73125098	
-19450	-1732	-3028	-1993	-9485	6603	-141	193	-135	35	171	35	73125098	
-20350	-1588	-2682	-1887	-10176	7076	-144	192	-128	36	176	36	73125098	
-18700	-1002	-2428	-1852	-10175	7546	-144	192	-128	37	181	37	73125098	
-17164	-673	-2653	-1835	-10154	7928	-144	192	-132	38	186	38	73125099	
-18244	-998	-2974	-1748	-10132	8067	-145	191	-131	39	191	39	73125099	
-19263	-1696	-3383	-1795	-10114	7951	-149	189	-125	40	196	40	73125103	
-20198	-2188	-3623	-1812	-9875	7709	-149	189	-125	41	201	41	73125122	
-20892	-2428	-4707	-2037	-10083	8049	-148	190	-124	42	206	42	73125140	
-20598	-2680	-5467	-2323	-9994	8502	-149	191	-124	43	211	43	73125141	
-21124	-2618	-6153	-2792	-9889	8419	-151	193	-125	44	216	44	73125141	
-22656	-1816	-5495	-3076	-9678	8176	-151	193	-124	45	221	45	73125141	
-22304	-1125	-5245	-2750	-9275	8302	-151	193	-119	46	226	46	73125141	
-21224	13	-4727	-2504	-8678	8381	-152	191	-120	47	231	47	73125145	
-20800	914	-4350	-2404	-8519	8302	-153	187	-121	48	236	48	73125162	
-20732	1117	-3923	-2114	-8464	8115	-154	187	-119	49	241	49	73125179	
-20492	899	-3464	-1564	-8304	7908	-155	187	-117	50	246	50	73125180	
-19777	847	-2903	-952	-8012	7802	-155	188	-117	51	251	51	73125180	
-18331	924	-2754	-360	-7622	7826	-156	190	-118	52	256	52	73125180	
-17148	826	-2352	-294	-7523	7851	-156	190	-117	53	261	53	73125180	
-16523	640	-2482	-311	-7683	7737	-158	190	-112	54	266	54	73125180	
-15797	504	-3231	-175	-7820	7637	-159	192	-112	55	271	55	73125180	
-15485	163	-3952	-179	-8052	7527	-161	195	-111	56	276	56	73125204	
-15711	-595	-4404	-272	-8277	7360	-163	195	-110	57	281	57	73125241	
-15927	-1231	-4146	-443	-8232	7179	-166	194	-108	58	286	58	73125241	
-15822	-1426	-3604	-548	-7926	7063	-168	188	-112	59	291	59	73125241	
-15494	-1524	-2980	-481	-7556	6916	-171	179	-117	60	296	60	73125241	
-15312	-996	-2443	-518	-7348	6766	-168	183	-115	61	301	61	73125241	
-15557	-188	-2250	-695	-7353	6664	-163	189	-111	62	306	62	73125241	
-16190	-37	-1699	-825	-7377	6463	-163	191	-113	63	311	63	73125241	
-16750	470	-506	-993	-7233	6272	-162	192	-114	64	316	64	73125273	
-16393	1471	769	-1006	-6990	6377	-164	193	-109	65	321	65	73125295	
-15440	2138	1361	-912	-6823	6661	-166	194	-106	66	326	66	73125295	
-14775	2374	1316	-1028	-6942	6831	-167	193	-107	67	331	67	73125295	
-14972	2122	1216	-1293	-7323	6832	-168	192	-108	68	336	68	73125295	
-15498	1324	1078	-1418	-7627	6825	-167	190	-104	69	341	69	73125295	
-15692	484	1074	-1410	-7634	6833	-166	188	-102	70	346	70	73125297	
-15808	-356	749	-1424	-7544	6842	-168	192	-104	71	351	71	73125298	
-16027	-686	873	-1561	-7522	6780	-169	193	-105	72	356	72	73125298	
-16364	-429	765	-1730	-7457	6697	-172	195	-107	73	361	73	73125320	
-16529	99	134	-1766	-7171	6651	-174	196	-108	74	366	74	73125334	
-16544	1044	-222	-1718	-6786	6622	-175	189	-107	75	371	75	73125334	
-16963	1904	76	-1656	-6577	6583	-176	184	-106	76	376	76	73125334	
-17644	2058	339	-1707	-6323	6496	-175	185	-106	77	381	77	73125334	
-18600	1888	400	-1670	-5653	6407	-174	186	-106	78	386	78	73125334	
-19617	2432	584	-1681	-5012	6279	-182	194	-100	79	391	79	73125334	
-20081	3107	635	-1600	-4609	6082	-184	196	-98	80	396	80	73125334	
-21201	3618	380	-1516	-4394	5751	-177	190	-97	81	401	81	73125334	
-21301	3391	143	-1422	-4167	5273	-175	189	-97	82	406	82	73125334	
-20966	3288	-130	-1485	-3755	4736	-174	190	-95	83	411	83	73125334	
-20319	3868	-428	-1766	-3299	4231	-174	190	-94	84	416	84	73125335	
-19405	4846	-626	-2118	-2999	3659	-180	188	-99	85	421	85	73125335	
-18628	5928	-295	-2381	-2724	2917	-182	188	-100	86	426	86	73125340	
-17623	6520	206	-2474	-2324	2128	-179	188	-98	87	431	87	73125341	
-15732	6576	302	-2148	-1624	1256	-178	188	-98	88	436	88	73125352	
-14652	5562	238	-1710	-1350	612	-183	187	-99	89	441	89	73125371	
-14970	4350	418	-1203	-1416	83	-183	187	-99	90	446	90	73125371	
-14672	2908	436	-498	-1238	21	-182	184	-102	91	451	91	73125371	
-13680	1980	490	-84	-846	339	-182	184	-102	92	456	92	73125371	
-13098	867	370	146	-807	792	-180	191	-99	93	461	93	73125371	
-13422	-727	448	378	-946	1305	-180	192	-98	94	466	94	73125371	
-14262	-2353	527	728	-917	1827	-180	192	-98	95	471	95	73125371	
-14882	-2858	908	1142	-435	2500	-180	192	-98	96	476	96	73125414	
-15682	-3274	1266	1401	38	3335	-182	192	-102	97	481	97	73125414	
-16442	-1934	1962	984	501	4192	-182	192	-102	98	486	98	73125414	
-16830	28	2924	504	1132	4707	-184	180	-100	99	491	99	73125414	
-17178	1216	3752	403	1902	5133	-184	180	-100	100	496	100	73125415	
-17438	1614	4262	512	2638	5531	-183	187	-99	101	501	101	73125415	
-17242	1564	4536	553	3398	5876	-183	187	-99	102	506	102	73125415	
-16132	1818	4240	500	4134	6089	-185	185	-101	103	511	103	73125424	
-15160	2440	3578	639	4589	6242	-185	185	-101	104	516	104	73125489	
-14963	2858	2569	1154	4814	6280	-186	178	-102	105	521	105	73125490	
-14862	2981	1665	1662	5046	6232	-186	180	-101	106	526	106	73125490	
-14643	3129	1092	2017	5348	6146	-184	188	-96	107	531	107	73125490	
-14494	3400	436	2224	5594	6113	-185	187	-97	108	536	108	73125490	
-14193	3938	-47	2203	5778	6064	-187	183	-99	109	541	109	73125490	
-13631	4409	-458	2153	5958	5936	-186	182	-100	110	546	110	73125490	
-12998	5235	-866	2124	6045	5815	-184	180	-106	111	551	111	73125499	
-13056	5653	-685	1853	5943	5595	-184	180	-106	112	556	112	73125536	
-13958	4800	-555	1789	5977	5160	-185	181	-107	113	561	113	73125536	
-14527	4297	-419	1796	6122	4883	-187	181	-107	114	566	114	73125537	
-14890	4133	-287	1857	6220	4793	-190	180	-106	115	571	115	73125537	
-15364	3936	-250	2041	6331	4794	-190	181	-105	116	576	116	73125538	
-15682	3449	291	2220	6617	4730	-190	184	-102	117	581	117	73125538	
-15771	2915	770	2496	7118	4705	-189	183	-102	118	586	118	73125538	
-15426	2798	1120	2812	7796	4877	-187	177	-103	119	591	119	73125548	
-14312	2812	770	3096	8381	5139	-187	178	-105	120	596	120	73125586	
-13478	2537	493	3044	8517	5149	-188	180	-112	121	601	121	73125586	
-13309	2213	404	2731	8423	4995	-188	178	-111	122	606	122	73125587	
-12990	2143	320	2447	8392	4887	-187	175	-109	123	611	123	73125587	
-12625	2579	326	2122	8438	4752	-188	172	-112	124	616	124	73125587	
-12512	3196	356	1873	8484	4623	-190	168	-116	125	621	125	73125587	
-12643	3753	216	1753	8532	4499	-189	166	-114	126	626	126	73125587	
-12943	4190	43	1742	8629	4370	-188	164	-112	127	631	127	73125587	
-13595	4134	-120	1900	8667	4256	-187	164	-113	128	636	128	73125587	
-14395	3819	-333	2157	8728	4168	-185	163	-115	129	641	129	73125587	
-14831	3640	-729	2350	8863	4059	-185	165	-120	130	646	130	73125587	
-14974	3756	-768	2447	8923	3972	-185	167	-123	131	651	131	73125587	
-14674	4568	-785	2397	8907	4011	-190	162	-122	132	656	132	73125592	
-14122	5114	-998	2523	8734	4044	-193	159	-121	133	661	133	73125595	
-13978	4759	-1254	2808	8462	4040	-191	160	-120	134	666	134	73125595	
-13966	3876	-2080	3036	8272	3932	-190	160	-120	135	671	135	73125596	
-13807	3858	-2740	3026	8141	3852	-190	158	-123	136	676	136	73125612	
-14008	3927	-2984	2657	8022	3728	-189	155	-125	137	681	137	73125627	
-14929	3084	-3290	1965	8029	3236	-190	157	-126	138	686	138	73125627	
-15877	2913	-4005	1627	8099	2563	-190	158	-126	139	691	139	73125627	
-16490	4020	-4655	1590	8193	2256	-189	157	-127	140	696	140	73125627	
-17086	5809	-4700	1626	8462	2040	-189	157	-127	141	701	141	73125627	
-17740	7248	-4312	2054	8920	1674	-190	150	-125	142	706	142	73125628	
-17984	7905	-4300	2913	9520	1387	-191	145	-123	143	711	143	73125628	
-17878	7795	-4634	3744	10033	1206	-187	147	-124	144	716	144	73125639	
-18141	7126	-5439	4254	10348	984	-185	149	-125	145	721	145	73125664	
-18866	5873	-6696	4449	10603	698	-184	153	-127	146	726	146	73125676	
-19661	4794	-7682	4342	10820	454	-184	154	-128	147	731	147	73125676	
-19901	3987	-8238	4081	10986	485	-188	150	-130	148	736	148	73125676	
-19752	3911	-8454	3710	11135	599	-189	149	-131	149	741	149	73125676	
-19702	4082	-8774	3529	11275	622	-186	151	-133	150	746	150	73125676	
-20025	3765	-9281	3462	11436	626	-185	151	-133	151	751	151	73125676	
-20452	3506	-9107	3075	11614	669	-185	145	-133	152	756	152	73125676	
-20824	4403	-8345	2542	11912	453	-185	143	-133	153	761	153	73125676	
-21603	5489	-7708	2286	12346	236	-187	139	-135	154	766	154	73125683	
-22808	7206	-5998	2465	13123	55	-188	138	-136	155	771	155	73125716	
-22356	7758	-5044	3206	14066	269	-184	140	-140	156	776	156	73125716	
-21066	6846	-5464	3686	14433	417	-184	140	-140	157	781	157	73125716	
-20342	5067	-5972	3794	14300	284	-182	137	-138	158	786	158	73125716	
-20511	2628	-6755	3755	14009	149	-182	136	-138	159	791	159	73125716	
-20422	2353	-6983	3437	13841	392	-187	139	-143	160	796	160	73125716	
-19425	4087	-5856	2347	13624	1124	-188	140	-144	161	801	161	73125716	
-18101	4060	-6146	2077	13375	1728	-182	135	-144	162	806	162	73125716	
-17622	1862	-7564	2511	13132	2068	-180	134	-144	163	811	163	73125716	
-18470	426	-8960	2085	12797	2432	-182	130	-144	164	816	164	73125726	
-19470	554	-10024	1256	12648	2902	-182	130	-144	165	821	165	73125748	
-20638	1214	-9746	466	12587	3186	-181	127	-145	166	826	166	73125749	
-20040	2762	-8428	-18	13115	3468	-181	127	-145	167	831	167	73125749	
-18538	3568	-7966	260	13956	4030	-181	125	-145	168	836	168	73125749	
-17932	5062	-7558	292	14011	4392	-181	125	-145	169	841	169	73125750	
-18824	5764	-7746	-4	13588	4023	-189	129	-147	170	846	170	73125750	
-19134	6222	-5030	292	13676	3770	-189	129	-147	171	851	171	73125750	
-15346	7022	-4220	986	13434	4028	-187	123	-151	172	856	172	73125764	
-12187	6412	-4903	1383	12815	4320	-187	123	-151	173	861	173	73125795	
-11501	4276	-6954	1516	11784	4635	-189	123	-151	174	866	174	73125808	
-13007	1544	-10082	1148	10876	4862	-188	122	-152	175	871	175	73125808	
-15081	-1288	-12646	391	10622	4897	-186	120	-154	176	876	176	73125808	
-16882	-2606	-14031	-879	10701	4639	-186	120	-155	177	881	177	73125808	
-18144	-2040	-15193	-2099	10984	4261	-185	119	-157	178	886	178	73125809	
-19744	-222	-15858	-2924	11508	3762	-185	119	-157	179	891	179	73125809	
-21676	1741	-17091	-3667	12518	3624	-184	116	-160	180	896	180	73125812	
-23109	3178	-17317	-4141	13569	3272	-186	116	-161	181	901	181	73125828	
-24805	4611	-17424	-4367	14761	2679	-192	118	-164	182	906	182	73125834	
-26433	5595	-16818	-4399	16253	2378	-192	118	-163	183	911	183	73125834	
-26948	7114	-13863	-4163	18033	2210	-191	119	-159	184	916	184	73125834	
-25156	9884	-10282	-3529	19702	2324	-191	117	-159	185	921	185	73125835	
-21978	11791	-8757	-2245	21146	2809	-193	109	-161	186	926	186	73125835	
-19711	10775	-7379	-675	21961	3626	-192	110	-162	187	931	187	73125835	
-18708	6540	-7106	713	21821	4475	-188	114	-164	188	936	188	73125839	
-18204	2433	-7170	571	21368	4969	-189	112	-166	189	941	189	73125855	
-17204	-350	-6711	-546	20871	5425	-190	108	-168	190	946	190	73125872	
-15792	-834	-6047	-1914	20359	5931	-192	107	-170	191	951	191	73125872	
-14883	529	-5462	-3068	19766	6316	-196	106	-172	192	956	192	73125872	
-14336	3156	-4903	-3904	18917	6782	-195	105	-172	193	961	193	73125872	
-13866	5696	-3854	-4314	18144	7698	-194	104	-172	194	966	194	73125872	
-13830	7262	-2354	-4029	17107	8887	-195	102	-172	195	971	195	73125876	
-13519	9148	-337	-3005	15149	10303	-197	99	-173	196	976	196	73125898	
-13518	10548	1793	-898	12759	11788	-196	98	-172	197	981	197	73125919	
-15795	12055	3563	1228	11571	12200	-196	98	-172	198	986	198	73125922	
-16685	13541	5714	2733	11447	12516	-195	96	-174	199	991	199	73125922	
-15376	14607	7820	4403	10914	13701	-193	93	-175	200	996	200	73125922	
-14108	14845	8878	7168	9046	15591	-195	91	-175	201	1001	201	73125922	
-14771	13724	8156	10425	6836	17134	-199	89	-175	202	1006	202	73125923	
-17422	11148	5796	12834	5914	18126	-195	89	-175	203	1011	203	73125933	
-19686	8831	3671	13538	7163	18605	-190	88	-176	204	1016	204	73125948	
-18683	9181	2867	13937	8610	19036	-195	84	-175	205	1021	205	73125948	
-16997	10160	1922	15586	8664	19741	-198	82	-174	206	1026	206	73125948	
-16680	10627	752	18410	8301	20080	-193	81	-176	207	1031	207	73125948	
-17664	10244	-727	21793	8155	20116	-190	80	-178	208	1036	208	73125948	
-18503	9135	-2116	24897	8440	20442	-191	76	-182	209	1041	209	73125948	
-18362	7431	-3098	27448	9099	21235	-191	73	-185	210	1046	210	73125955	
-17612	5346	-3659	29425	9797	22089	-186	68	-186	211	1051	211	73125980	
-16862	3902	-3990	30742	10252	22959	-183	65	-187	212	1056	212	73125995	
-15967	3747	-3965	32039	10294	24095	-182	62	-192	213	1061	213	73125995	
-15218	4362	-4417	32680	10166	23963	-181	61	-193	214	1066	214	73125995	
-15000	4426	-5246	32767	10362	23129	-168	58	-198	215	1071	215	73125995	
-14969	4171	-6001	32767	10592	22638	-165	57	-199	216	1076	216	73125995	
-14619	3698	-6516	32767	10947	22435	-160	54	-199	217	1081	217	73125995	
-14138	2951	-7331	32767	11506	22415	-159	53	-199	218	1086	218	73126017	
-13758	2288	-8160	32767	11937	22473	-150	51	-205	219	1091	219	73126046	
-13422	1036	-9212	32767	12188	22416	-148	50	-206	220	1096	220	73126052	
-12548	156	-10530	32767	12549	22056	-136	41	-205	221	1101	221	73126053	
-11642	-1093	-11873	32767	13259	21727	-133	39	-205	222	1106	222	73126054	
-11186	-2878	-13398	32767	14082	21407	-127	41	-214	223	1111	223	73126055	
-10630	-5336	-14336	32767	14918	21478	-126	42	-216	224	1116	224	73126055	
-10687	-7989	-14554	32767	15586	21384	-116	36	-213	225	1121	225	73126060	
-11274	-10050	-14445	32767	15853	20849	-114	34	-212	226	1126	226	73126085	
-11247	-11203	-14049	32767	15598	20454	-112	32	-216	227	1131	227	73126092	
-10641	-11602	-13265	30314	15195	20185	-111	31	-217	228	1136	228	73126092	
-10185	-11139	-11490	26883	14906	19649	-101	28	-220	229	1141	229	73126092	
-9336	-10068	-8472	23438	14265	18985	-99	27	-221	230	1146	230	73126092	
-8486	-9314	-7082	21668	12547	18743	-91	19	-219	231	1151	231	73126092	
-6370	-10162	-9190	20894	10860	18172	-91	19	-219	232	1156	232	73126092	
-5648	-10554	-8910	20219	11412	16487	-82	18	-218	233	1161	233	73126092	
-3716	-9892	-8596	18656	11625	15115	-82	18	-218	234	1166	234	73126093	
-1404	-9052	-8912	16811	12040	14318	-78	22	-218	235	1171	235	73126093	
414	-7720	-9028	15275	12710	13302	-78	22	-218	236	1176	236	73126093	
1084	-5798	-9586	14408	13247	12070	-79	15	-221	237	1181	237	73126093	
1036	-3998	-11584	14012	13905	11535	-77	14	-220	238	1186	238	73126099	
342	-4052	-13329	13955	14830	11713	-68	8	-214	239	1191	239	73126124	
-1464	-5625	-15205	13555	15892	11957	-67	9	-214	240	1196	240	73126133	
-3689	-7737	-17008	12715	16824	11959	-65	11	-213	241	1201	241	73126133	
-5940	-9634	-18326	11680	17618	11671	-65	10	-213	242	1206	242	73126133	
-7532	-10694	-19034	10672	18270	11320	-64	4	-212	243	1211	243	73126133	
-8520	-10922	-18806	9547	19274	11092	-64	4	-212	244	1216	244	73126133	
-9212	-11476	-17488	8853	20346	11117	-59	-1	-213	245	1221	245	73126133	
-9646	-12600	-15482	8400	21057	11107	-59	-1	-213	246	1226	246	73126134	
-9591	-12962	-12161	8473	21352	11149	-56	-4	-214	247	1231	247	73126157	
-8978	-12937	-9092	9312	21283	11234	-56	-5	-213	248	1236	248	73126166	
-8182	-12625	-5794	10551	20908	11117	-56	-10	-208	249	1241	249	73126166	
-7373	-12407	-3049	11414	20180	10737	-55	-11	-208	250	1246	250	73126166	
-6216	-11324	492	11594	19485	10102	-52	-16	-206	251	1251	251	73126166	
-4708	-10991	3534	12911	18810	9909	-51	-16	-206	252	1256	252	73126166	
-3483	-11854	3530	14972	18019	9505	-49	-15	-205	253	1261	253	73126166	
-2268	-9406	2267	15756	17463	8280	-45	-16	-204	254	1266	254	73126169	
16	-5238	284	17415	17402	7590	-31	-17	-199	255	1271	255	73126193	
1780	-3926	-1915	20499	17920	7855	-32	-19	-197	256	1276	256	73126215	
2490	-5204	-3852	23447	18342	8156	-34	-22	-194	257	1281	257	73126215	
2559	-6967	-5259	25137	18249	7966	-31	-24	-194	258	1286	258	73126216	
2997	-8540	-6142	25588	17748	7461	-27	-27	-193	259	1291	259	73126216	
3464	-9987	-7018	25210	17037	6786	-25	-29	-194	260	1296	260	73126216	
3738	-10527	-7975	24327	16240	6213	-23	-33	-195	261	1301	261	73126220	
4054	-10447	-8612	23121	15615	6041	-18	-33	-193	262	1306	262	73126238	
5591	-10329	-9209	21827	15388	6543	-10	-34	-190	263	1311	263	73126257	
8035	-9328	-10041	20716	15525	7573	-9	-34	-188	264	1316	264	73126257	
9484	-7366	-11132	19607	15427	8640	-8	-34	-184	265	1321	265	73126257	
10003	-5578	-12452	18679	14946	9557	-4	-34	-184	266	1326	266	73126257	
10287	-4370	-13430	17714	14768	10683	1	-35	-185	267	1331	267	73126257	
9871	-3095	-13940	16858	14857	11779	2	-36	-185	268	1336	268	73126257	
9444	-2273	-13948	16510	15023	12921	4	-38	-184	269	1341	269	73126257	
9417	-1888	-13376	16399	15253	13949	4	-39	-180	270	1346	270	73126258	
8658	-32	-13060	16801	15191	14124	4	-40	-174	271	1351	271	73126277	
7660	1794	-13490	18954	15117	13929	14	-39	-172	272	1356	272	73126296	
7196	2661	-13410	21433	15287	14096	20	-38	-170	273	1361	273	73126296	
6469	1774	-12807	24009	15525	13886	24	-41	-173	274	1366	274	73126296	
5659	-1190	-12926	26583	15651	12800	27	-43	-175	275	1371	275	73126296	
6616	-4288	-12922	28123	15878	11736	30	-45	-171	276	1376	276	73126296	
9001	-6595	-12235	28675	16092	11211	32	-46	-168	277	1381	277	73126296	
11086	-9082	-11635	28895	15927	10865	36	-42	-164	278	1386	278	73126296	
12290	-12615	-10847	28635	15229	9876	38	-40	-162	279	1391	279	73126317	
12866	-15249	-9937	27741	14279	8105	46	-48	-156	280	1396	280	73126331	
14016	-16850	-9904	26220	13426	6749	48	-50	-154	281	1401	281	73126334	
15273	-17389	-10204	24447	12654	6289	56	-47	-148	282	1406	282	73126334	
16597	-18858	-10353	23472	12102	6185	58	-46	-146	283	1411	283	73126335	
18341	-19376	-10060	22096	11691	5570	57	-44	-147	284	1416	284	73126335	
19553	-20679	-10942	21007	10970	5041	57	-43	-147	285	1421	285	73126336	
19840	-21292	-11729	19190	9935	4141	62	-45	-143	286	1426	286	73126337	
19382	-21354	-12461	17185	8872	2988	65	-47	-141	287	1431	287	73126341	
18866	-23101	-14219	15609	7962	1830	69	-45	-140	288	1436	288	73126370	
18091	-23010	-15043	13355	7132	634	70	-44	-140	289	1441	289	73126379	
18106	-23500	-16367	11540	6582	-553	71	-46	-136	290	1446	290	73126380	
17878	-23739	-17641	9120	6258	-1701	71	-47	-135	291	1451	291	73126380	
17482	-24073	-18576	6248	5795	-2666	70	-51	-136	292	1456	292	73126381	
16915	-24067	-18379	2878	5192	-3630	70	-52	-136	293	1461	293	73126382	
15626	-22881	-17768	-620	4520	-4695	70	-49	-134	294	1466	294	73126382	
13971	-21080	-16768	-3670	3900	-5466	70	-48	-134	295	1471	295	73126383	
12120	-17870	-15354	-6653	3196	-5830	72	-52	-128	296	1476	296	73126413	
10990	-15414	-14494	-8090	2754	-5831	72	-52	-128	297	1481	297	73126413	
9930	-13598	-14014	-8858	2536	-5833	65	-51	-127	298	1486	298	73126413	
8912	-11976	-13988	-9185	2551	-5811	65	-51	-127	299	1491	299	73126413	
8270	-10364	-13416	-9338	2622	-5632	71	-49	-133	300	1496	300	73126413	
7458	-8466	-12868	-8800	2536	-5437	71	-49	-133	301	1501	301	73126413	
6930	-7186	-12288	-7830	2508	-4972	59	-51	-131	302	1506	302	73126413	
6660	-6356	-12052	-6838	2529	-4336	59	-51	-131	303	1511	303	73126451	
6362	-6028	-11304	-5659	2710	-3710	63	-55	-133	304	1516	304	73126451	
5658	-6332	-10848	-3875	2888	-3289	62	-57	-134	305	1521	305	73126451	
5404	-7175	-11073	-2495	3020	-3020	58	-64	-136	306	1526	306	73126451	
5334	-7998	-11160	-1647	3177	-2785	58	-64	-136	307	1531	307	73126451	
4946	-9086	-11286	-899	3143	-2576	60	-58	-132	308	1536	308	73126451	
4510	-9670	-11126	-589	2865	-2467	60	-58	-132	309	1541	309	73126451	
4070	-10206	-10778	-508	2627	-2387	52	-60	-134	310	1546	310	73126451	
4198	-10664	-10216	-708	2322	-2287	52	-60	-134	311	1551	311	73126460	
4270	-10500	-9860	-864	1930	-2257	55	-59	-135	312	1556	312	73126488	
4235	-10140	-9710	-894	1482	-2124	56	-59	-135	313	1561	313	73126489	
4659	-10006	-9741	-1087	1281	-1946	59	-59	-137	314	1566	314	73126489	
5137	-9697	-9632	-1251	1189	-1843	58	-59	-137	315	1571	315	73126489	
5183	-9517	-9672	-1011	931	-1838	55	-61	-135	316	1576	316	73126489	
5064	-9670	-9916	-589	605	-1645	56	-62	-135	317	1581	317	73126490	
5000	-9797	-10210	-222	353	-1373	60	-64	-134	318	1586	318	73126492	
4754	-9948	-10737	41	164	-1344	59	-64	-133	319	1591	319	73126504	
4676	-10560	-10982	-12	37	-1322	56	-62	-130	320	1596	320	73126528	
4502	-11149	-11243	-409	-164	-1354	55	-62	-131	321	1601	321	73126528	
4163	-11715	-11850	-1051	-350	-1354	52	-62	-132	322	1606	322	73126528	
3944	-12516	-12276	-1644	-435	-1345	53	-64	-132	323	1611	323	73126528	
3726	-13156	-12526	-2104	-551	-1477	54	-68	-132	324	1616	324	73126528	
3415	-13187	-12896	-2341	-747	-1694	54	-66	-133	325	1621	325	73126529	
3228	-12967	-13502	-2355	-843	-1868	53	-63	-135	326	1626	326	73126544	
3240	-13004	-13951	-2245	-723	-1911	53	-65	-133	327	1631	327	73126566	
3249	-13202	-14177	-2057	-544	-2008	53	-67	-129	328	1636	328	73126566	
3095	-13334	-14508	-1767	-386	-2269	52	-66	-131	329	1641	329	73126566	
2742	-13354	-15018	-1478	-170	-2693	48	-64	-138	330	1646	330	73126566	
2582	-13344	-15353	-1358	125	-2993	48	-66	-136	331	1651	331	73126566	
2379	-13227	-15582	-1280	489	-3268	47	-69	-133	332	1656	332	73126566	
2215	-13080	-15764	-1211	873	-3510	49	-67	-132	333	1661	333	73126566	
2039	-12664	-15771	-1111	1262	-3767	51	-63	-131	334	1666	334	73126573	
2070	-12158	-15571	-1048	1589	-3932	49	-62	-131	335	1671	335	73126592	
2177	-11834	-15293	-1092	1906	-4050	46	-60	-132	336	1676	336	73126603	
2176	-11818	-14812	-1395	2239	-4200	45	-60	-131	337	1681	337	73126604	
2165	-11967	-14389	-1752	2503	-4371	44	-60	-130	338	1686	338	73126604	
2128	-12050	-13988	-2050	2732	-4488	42	-64	-130	339	1691	339	73126604	
2254	-11845	-13683	-2445	2948	-4575	40	-66	-130	340	1696	340	73126605	
2540	-11462	-13414	-2812	3151	-4625	39	-68	-130	341	1701	341	73126609	
2656	-11001	-13166	-3026	3268	-4691	38	-70	-130	342	1706	342	73126634	
2698	-10673	-12903	-3081	3281	-4732	38	-70	-131	343	1711	343	73126650	
2813	-10432	-12643	-2973	3338	-4766	38	-70	-132	344	1716	344	73126651	
2990	-10304	-12443	-2731	3403	-4847	37	-74	-131	345	1721	345	73126651	
3092	-10519	-12585	-2395	3472	-4959	36	-76	-130	346	1726	346	73126651	
3144	-10724	-12712	-2248	3572	-5086	31	-79	-130	347	1731	347	73126652	
3154	-10900	-12795	-2275	3678	-5238	30	-80	-130	348	1736	348	73126652	
3026	-11035	-12825	-2439	3750	-5416	29	-74	-126	349	1741	349	73126652	
2874	-11128	-12825	-2604	3792	-5565	29	-73	-125	350	1746	350	73126667	
2711	-11244	-12867	-2811	3846	-5713	32	-76	-129	351	1751	351	73126674	
2560	-11394	-13052	-3082	3953	-5897	34	-78	-132	352	1756	352	73126674	
2495	-11547	-13236	-3434	4089	-6144	35	-75	-131	353	1761	353	73126674	
2521	-11725	-13413	-3951	4234	-6535	35	-73	-131	354	1766	354	73126675	
2575	-11556	-13176	-4633	4327	-6870	29	-76	-129	355	1771	355	73126675	
2674	-11339	-13037	-5416	4316	-7125	27	-77	-129	356	1776	356	73126675	
2774	-10906	-12790	-6213	4272	-7356	25	-75	-128	357	1781	357	73126681	
2754	-10430	-12508	-7029	4241	-7531	24	-74	-128	358	1786	358	73126711	
2922	-9936	-12313	-7851	4225	-7661	22	-82	-128	359	1791	359	73126719	
2944	-9468	-12102	-8628	4197	-7766	22	-84	-128	360	1796	360	73126719	
2916	-9037	-11815	-9453	4068	-7820	20	-82	-126	361	1801	361	73126719	
2968	-8490	-11701	-10319	3896	-7820	20	-82	-126	362	1806	362	73126720	
2820	-7754	-11674	-11329	3790	-7856	14	-78	-128	363	1811	363	73126720	
2910	-7454	-11482	-12092	3695	-7809	14	-78	-128	364	1816	364	73126720	
2974	-7148	-11288	-12802	3585	-7985	10	-82	-132	365	1821	365	73126793	
2996	-6770	-11246	-13560	3442	-8059	10	-82	-132	366	1826	366	73126793	
2976	-6186	-11164	-14237	3251	-8154	11	-89	-131	367	1831	367	73126793	
3026	-5732	-11202	-14835	3146	-8144	11	-89	-131	368	1836	368	73126793	
2884	-5090	-11324	-15345	3005	-8020	7	-81	-125	369	1841	369	73126793	
2658	-4174	-11534	-15652	2846	-7859	7	-81	-125	370	1846	370	73126793	
2624	-2978	-11362	-15746	2796	-7636	-3	-87	-127	371	1851	371	73126824	
2516	-2660	-11562	-15451	2827	-7330	-3	-87	-127	372	1856	372	73126841	
2802	-2174	-11478	-15253	2844	-6962	-3	-85	-131	373	1861	373	73126841	
2652	-1402	-11274	-14750	2811	-6805	-3	-85	-131	374	1866	374	73126841	
2336	-474	-11482	-13930	2799	-6459	-6	-88	-128	375	1871	375	73126841	
2842	-470	-11368	-12959	2951	-5768	-6	-88	-128	376	1876	376	73126842	
2896	-542	-11242	-12213	3129	-5354	-12	-90	-130	377	1881	377	73126842	
2792	-356	-11578	-11390	3136	-5083	-12	-90	-130	378	1886	378	73126842	
2830	-72	-11530	-10543	3148	-4761	-14	-92	-132	379	1891	379	73126842	
2732	-40	-11600	-9492	3206	-4322	-13	-91	-132	380	1896	380	73126842	
2765	245	-11526	-8578	3313	-3871	-11	-87	-133	381	1901	381	73126842	
3051	-143	-11682	-7600	3445	-3364	-13	-87	-132	382	1906	382	73126842	
2960	278	-11823	-6824	3482	-2955	-20	-88	-130	383	1911	383	73126843	
3144	264	-11907	-5860	3560	-2553	-19	-89	-130	384	1916	384	73126849	
3499	-365	-11856	-5112	3711	-2166	-15	-93	-131	385	1921	385	73126849	
3576	-547	-11975	-4852	3747	-1956	-15	-92	-131	386	1926	386	73126849	
3827	-284	-11808	-4692	3726	-1542	-17	-87	-129	387	1931	387	73126857	
3962	-256	-11982	-4302	3664	-1118	-19	-86	-129	388	1936	388	73126882	
4320	-383	-12070	-4211	3644	-732	-21	-85	-129	389	1941	389	73126883	
4496	-316	-12150	-4446	3617	-251	-23	-87	-128	390	1946	390	73126883	
4509	-232	-12473	-4644	3534	162	-25	-89	-127	391	1951	391	73126883	
4699	-245	-12624	-4838	3495	550	-25	-89	-127	392	1956	392	73126883	
4938	-401	-12885	-5097	3410	872	-26	-88	-128	393	1961	393	73126884	
5117	-87	-12870	-5715	3162	1273	-25	-89	-128	394	1966	394	73126884	
5320	678	-12728	-6077	2870	1697	-20	-94	-128	395	1971	395	73126884	
5640	1507	-12634	-6082	2651	2194	-20	-95	-128	396	1976	396	73126885	
6034	2312	-12389	-5867	2479	2817	-18	-96	-126	397	1981	397	73126895	
6264	2814	-12230	-5367	2310	3348	-21	-92	-126	398	1986	398	73126915	
6416	3075	-12026	-4602	2137	3893	-25	-87	-127	399	1991	399	73126922	
6592	3124	-11816	-3667	1989	4454	-25	-91	-129	400	1996	400	73126923	
6872	2919	-11634	-2621	1853	5035	-26	-98	-132	401	2001	401	73126925	
7193	2624	-11462	-1584	1703	5540	-24	-96	-130	402	2006	402	73126927	
7568	2071	-11257	-611	1509	5904	-22	-92	-128	403	2011	403	73126928	
7809	1474	-11006	333	1216	6231	-21	-91	-129	404	2016	404	73126929	
7974	1042	-10971	1245	865	6519	-20	-90	-130	405	2021	405	73126946	
8207	496	-10948	2055	614	6758	-18	-88	-125	406	2026	406	73126957	
8457	-176	-10943	2810	364	6940	-16	-86	-122	407	2031	407	73126957	
8657	-652	-10970	3503	41	7038	-12	-88	-124	408	2036	408	73126957	
8856	-1208	-10999	4140	-320	7091	-10	-90	-126	409	2041	409	73126957	
9104	-1835	-11039	4613	-634	7134	-12	-91	-127	410	2046	410	73126957	
9481	-2398	-11028	4879	-901	7199	-13	-91	-127	411	2051	411	73126957	
9601	-2959	-11001	5017	-1205	7232	-11	-89	-126	412	2056	412	73126962	
9592	-3644	-10973	4956	-1572	7337	-9	-87	-125	413	2061	413	73126991	
9687	-4132	-11007	4673	-1788	7488	-9	-90	-129	414	2066	414	73126999	
9820	-4607	-11092	4162	-1954	7665	-9	-91	-131	415	2071	415	73126999	
9716	-5020	-11160	3425	-2171	7810	-8	-87	-132	416	2076	416	73126999	
9404	-5226	-11184	2588	-2438	7912	-8	-84	-132	417	2081	417	73127000	
9022	-5058	-10365	1675	-2585	8060	-8	-82	-127	418	2086	418	73127000	
8618	-4279	-9226	1001	-2738	8388	-8	-80	-124	419	2091	419	73127000	
8302	-3048	-7996	440	-3031	9031	-7	-83	-131	420	2096	420	73127013	
8085	-1465	-6486	-517	-3706	10088	-7	-85	-135	421	2101	421	73127022	
7778	-580	-6229	-1256	-4694	10925	-1	-80	-135	422	2106	422	73127022	
7956	-822	-6321	-1952	-5578	11584	1	-79	-135	423	2111	423	73127022	
8149	-1314	-7042	-2778	-6459	11954	-1	-81	-134	424	2116	424	73127022	
7955	-2222	-7890	-3469	-7269	11959	-2	-82	-134	425	2121	425	73127022	
8165	-4150	-8338	-4294	-7796	12001	-4	-80	-135	426	2126	426	73127022	
8579	-5916	-8915	-5814	-8193	12212	-5	-79	-135	427	2131	427	73127022	
8767	-7311	-9036	-7726	-8678	12532	-1	-78	-139	428	2136	428	73127050	
8582	-9251	-9780	-9478	-9326	12502	0	-78	-140	429	2141	429	73127057	
8226	-10090	-9858	-12684	-10067	12398	2	-72	-146	430	2146	430	73127057	
7548	-7888	-9944	-14960	-10676	12367	2	-72	-146	431	2151	431	73127057	
6958	-6452	-11064	-14964	-10872	12389	0	-72	-146	432	2156	432	73127057	
6002	-4866	-12486	-14341	-10718	12164	0	-72	-146	433	2161	433	73127065	
5302	-3554	-13080	-13931	-10500	11898	3	-69	-153	434	2166	434	73127107	
5718	-2504	-13238	-13214	-10228	12248	3	-69	-153	435	2171	435	73127108	
6256	-2317	-14496	-11835	-9864	12543	2	-68	-152	436	2176	436	73127112	
5900	-3163	-15748	-9559	-8980	12332	2	-68	-152	437	2181	437	73127113	
4050	-6224	-17148	-4967	-7561	11144	4	-62	-160	438	2186	438	73127114	
2654	-9502	-18930	-34	-6222	9548	4	-62	-160	439	2191	439	73127114	
2572	-11328	-19964	3716	-4934	8126	9	-65	-161	440	2196	440	73127119	
3416	-12364	-20746	6396	-3668	7060	9	-65	-161	441	2201	441	73127144	
4692	-13576	-20894	8315	-2439	6341	7	-61	-163	442	2206	442	73127145	
5602	-15554	-20918	10065	-1267	5326	7	-61	-163	443	2211	443	73127145	
6484	-17182	-20784	11068	-280	4264	15	-65	-163	444	2216	444	73127145	
7468	-18250	-20982	11258	523	3288	15	-65	-163	445	2221	445	73127145	
8768	-18516	-20448	10506	1214	2777	14	-60	-156	446	2226	446	73127145	
9908	-18568	-19596	9083	1765	2147	14	-60	-157	447	2231	447	73127145	
10505	-18653	-18782	7396	2068	1428	13	-61	-159	448	2236	448	73127145	
10703	-18094	-17708	5202	2216	671	15	-61	-159	449	2241	449	73127147	
10403	-17047	-16807	3106	2207	-107	21	-59	-159	450	2246	450	73127160	
9893	-15806	-16097	1212	2148	-809	20	-60	-159	451	2251	451	73127182	
9638	-14450	-15520	-523	2148	-1390	18	-62	-160	452	2256	452	73127182	
9526	-13216	-14865	-2051	2191	-1790	18	-62	-159	453	2261	453	73127182	
9190	-11783	-14088	-3447	2183	-2089	16	-64	-156	454	2266	454	73127182	
8487	-10068	-13444	-4659	2067	-2360	15	-65	-158	455	2271	455	73127182	
8008	-8659	-12980	-5443	1981	-2443	14	-66	-160	456	2276	456	73127182	
7553	-7557	-12596	-5959	1913	-2410	14	-67	-158	457	2281	457	73127188	
7046	-6668	-12261	-6290	1836	-2367	14	-68	-154	458	2286	458	73127205	
6471	-5774	-11918	-6471	1701	-2315	14	-66	-155	459	2291	459	73127219	
5944	-4880	-11489	-6489	1528	-2283	14	-60	-160	460	2296	460	73127219	
5515	-4270	-11184	-6318	1334	-2207	13	-61	-160	461	2301	461	73127219	
5198	-3757	-11054	-6055	1165	-2094	9	-63	-159	462	2306	462	73127219	
4952	-3040	-10866	-5842	945	-1802	7	-64	-159	463	2311	463	73127220	
4798	-2628	-10809	-5462	733	-1457	5	-65	-159	464	2316	464	73127220	
4537	-2259	-10778	-5026	505	-1111	7	-63	-158	465	2321	465	73127230	
4264	-1828	-10740	-4571	253	-790	9	-59	-157	466	2326	466	73127250	
4068	-1238	-10854	-4013	36	-461	7	-61	-159	467	2331	467	73127257	
3878	-729	-11019	-3252	-145	-53	5	-63	-161	468	2336	468	73127257	
3753	-486	-11144	-2252	-307	381	6	-64	-160	469	2341	469	73127257	
3731	-662	-11350	-1123	-425	809	7	-65	-159	470	2346	470	73127257	
3753	-1184	-11612	22	-547	1272	7	-64	-162	471	2351	471	73127257	
3737	-1759	-11917	999	-708	1631	7	-63	-165	472	2356	472	73127268	
3845	-2337	-12289	1888	-818	1906	9	-64	-161	473	2361	473	73127287	
3975	-2957	-12672	2694	-886	2180	11	-65	-159	474	2366	474	73127294	
4117	-3487	-13092	3269	-988	2464	7	-67	-157	475	2371	475	73127295	
4276	-3848	-13596	3756	-1084	2707	5	-69	-155	476	2376	476	73127295	
4358	-4260	-13986	4296	-1105	2895	8	-65	-156	477	2381	477	73127295	
4426	-4575	-14238	4782	-1090	3064	10	-62	-156	478	2386	478	73127295	
