-15309	1857	42	799	738	136	-81	295	-43	1	1	1	68342300	
-15095	1318	277	1424	682	141	-82	290	-39	2	6	2	68342300	
-15423	1581	68	1679	719	239	-83	287	-37	3	11	3	68342300	
-15908	2944	73	1329	963	530	-84	288	-37	4	16	4	68342300	
-15887	4492	865	604	1281	1129	-85	289	-37	5	21	5	68342300	
-15628	4415	1725	328	1305	1871	-82	290	-41	6	26	6	68342300	
-15890	2271	1391	846	815	2364	-80	290	-44	7	31	7	68342320	
-16578	-516	-85	1603	240	2409	-86	287	-44	8	36	8	68342350	
-17131	-3248	-1949	2084	-36	2108	-91	283	-43	9	41	9	68342372	
-17021	-5588	-3696	1731	248	1481	-89	285	-42	10	46	10	68342380	
-15964	-6290	-3998	323	886	982	-87	287	-41	11	51	11	68342380	
-14751	-5595	-3444	-1554	1328	886	-88	282	-42	12	56	12	68342380	
-14175	-3911	-2898	-3607	1422	1147	-88	278	-42	13	61	13	68342380	
-14646	-1818	-2543	-5305	1272	1683	-86	283	-46	14	66	14	68342380	
-15755	-237	-2699	-5921	1320	2271	-85	287	-49	15	71	15	68342380	
-16942	502	-3541	-5227	1960	2589	-90	289	-46	16	76	16	68342380	
-17661	1019	-4489	-3774	3077	2515	-94	290	-44	17	81	17	68342380	
-17559	1790	-5008	-2405	4157	2392	-93	286	-45	18	86	18	68342380	
-17177	2287	-5372	-2151	4383	2607	-93	285	-45	19	91	19	68342381	
-17085	2050	-6067	-2136	4274	2920	-94	283	-47	20	96	20	68342381	
-17072	1116	-7036	-1760	4291	3245	-94	282	-48	21	101	21	68342381	
-17174	-104	-7952	-1254	4623	3491	-97	281	-50	22	106	22	68342381	
-17167	-1028	-8577	-1172	5176	3737	-99	281	-51	23	111	23	68342381	
-17118	-1646	-9148	-1516	5767	4069	-95	283	-49	24	116	24	68342381	
-17259	-1879	-9766	-2266	6337	4504	-93	285	-47	25	121	25	68342381	
-17579	-1556	-10381	-3522	6956	5043	-98	279	-53	26	126	26	68342381	
-17978	-523	-11145	-5236	7886	5726	-101	275	-57	27	131	27	68342381	
-18258	999	-11516	-6621	8995	6406	-107	269	-59	28	136	28	68342381	
-18436	2734	-11720	-7531	10169	7132	-108	268	-60	29	141	29	68342381	
-18513	4487	-11708	-7892	11296	7921	-107	270	-59	30	146	30	68342381	
-18597	5927	-11653	-7644	12209	8647	-107	271	-59	31	151	31	68342381	
-18783	7502	-11259	-6923	13085	9463	-111	267	-65	32	156	32	68342391	
-19097	8987	-10492	-5789	13817	10367	-113	265	-69	33	161	33	68342400	
-19557	10074	-9324	-4417	14263	11309	-116	266	-70	34	166	34	68342403	
-20508	10923	-8107	-2837	14421	12434	-118	266	-70	35	171	35	68342403	
-22116	11479	-7722	-1778	14472	13495	-124	259	-77	36	176	36	68342403	
-24198	11743	-7952	-1290	14699	14467	-125	257	-79	37	181	37	68342403	
-26461	11562	-8751	-1171	15185	15265	-131	249	-77	38	186	38	68342403	
-28484	11114	-9806	-1432	15880	15755	-133	247	-77	39	191	39	68342403	
-30050	10539	-10467	-2189	16527	15926	-135	234	-83	40	196	40	68342403	
-31016	10135	-10788	-3099	16927	15866	-135	231	-85	41	201	41	68342403	
-31677	9818	-10765	-3846	17018	15635	-142	229	-86	42	206	42	68342403	
-31962	9881	-10509	-4353	16875	15344	-144	228	-86	43	211	43	68342404	
-31882	10278	-10157	-4526	16648	15121	-149	215	-94	44	216	44	68342404	
-31330	10968	-9644	-4502	16526	15091	-150	212	-96	45	221	45	68342415	
-30530	11888	-9064	-4498	16376	15240	-149	206	-97	46	226	46	68342466	
-29650	12779	-8608	-4404	16148	15496	-149	205	-97	47	231	47	68342478	
-28602	13064	-8138	-3885	15940	15869	-159	190	-103	48	236	48	68342478	
-27765	12649	-7957	-3028	15732	16277	-162	186	-104	49	241	49	68342478	
-27020	11834	-7786	-2351	15541	16677	-156	178	-101	50	246	50	68342478	
-26397	10879	-7353	-2222	15358	17053	-154	176	-100	51	251	51	68342478	
-25884	9818	-6958	-2698	15126	17423	-159	157	-103	52	256	52	68342478	
-25472	9296	-6394	-3718	15088	17649	-159	157	-103	53	261	53	68342478	
-24988	8894	-5984	-5182	15171	17829	-164	140	-102	54	266	54	68342549	
-24570	8922	-5792	-6587	15300	17947	-164	140	-102	55	271	55	68342549	
-24030	9285	-5596	-8193	15454	18145	-163	134	-106	56	276	56	68342549	
-23604	9910	-5402	-9700	15555	18371	-163	133	-107	57	281	57	68342549	
-23291	10932	-5367	-10838	15571	18646	-165	115	-104	58	286	58	68342549	
-23134	11941	-5440	-11460	15541	18998	-165	111	-103	59	291	59	68342549	
-23000	13320	-5650	-11631	15426	19482	-156	112	-92	60	296	60	68342589	
-22772	14212	-5670	-11240	15255	19979	-156	112	-92	61	301	61	68342613	
-22460	14922	-5486	-10421	14984	20510	-159	93	-89	62	306	62	68342614	
-22056	15176	-5190	-9235	14613	21049	-159	93	-89	63	311	63	68342614	
-21680	14788	-4712	-7754	14234	21583	-154	84	-92	64	316	64	68342614	
-21318	13782	-4498	-6173	13893	22045	-154	84	-92	65	321	65	68342614	
-20888	12232	-4112	-4793	13602	22424	-158	70	-82	66	326	66	68342614	
-20511	11180	-3885	-4066	13412	22652	-158	70	-82	67	331	67	68342614	
-20088	10014	-3790	-3688	13263	22872	-158	60	-76	68	336	68	68342614	
-19880	9652	-3710	-3880	13211	22970	-158	60	-76	69	341	69	68342614	
-19600	9638	-3638	-4333	13228	23036	-154	48	-76	70	346	70	68342614	
-19518	9904	-3476	-4801	13229	23104	-154	48	-76	71	351	71	68342614	
-19454	10204	-3234	-5036	13173	23194	-146	46	-74	72	356	72	68342614	
-19666	10612	-3232	-5020	12990	23253	-146	46	-74	73	361	73	68342623	
-19854	11398	-2774	-4933	12669	23307	-149	33	-69	74	366	74	68342623	
-19850	11810	-2406	-4683	12247	23398	-149	33	-69	75	371	75	68342623	
-19812	11886	-2094	-4067	11792	23417	-147	29	-63	76	376	76	68342666	
-19420	11431	-1670	-2975	11327	23314	-147	26	-63	77	381	77	68342666	
-19069	10992	-1437	-2097	11017	23176	-146	16	-64	78	386	78	68342666	
-18632	10414	-1232	-1447	10739	23055	-146	16	-64	79	391	79	68342666	
-18216	9810	-1074	-985	10385	22924	-138	14	-62	80	396	80	68342666	
-17766	9462	-894	-792	10044	22761	-138	14	-62	81	401	81	68342666	
-17416	9274	-836	-734	9760	22569	-137	7	-59	82	406	82	68342666	
-16968	9222	-932	-732	9535	22301	-137	7	-59	83	411	83	68342666	
-16576	9208	-984	-660	9305	22013	-135	3	-63	84	416	84	68342667	
-16067	9209	-1051	-459	9015	21569	-134	2	-62	85	421	85	68342667	
-15730	9143	-1138	-176	8738	21143	-131	-1	-57	86	426	86	68342667	
-15406	8987	-1272	253	8442	20689	-131	-3	-57	87	431	87	68342676	
-14978	8768	-1320	723	8169	20189	-133	-9	-57	88	436	88	68342711	
-14546	8487	-1150	1323	7911	19681	-131	-9	-57	89	441	89	68342711	
-14123	8206	-1007	1910	7655	19189	-129	-9	-57	90	446	90	68342711	
-13740	7926	-970	2442	7409	18762	-129	-9	-57	91	451	91	68342711	
-13484	7546	-838	3069	7107	18274	-122	-14	-54	92	456	92	68342723	
-13228	7056	-776	3618	6825	17828	-122	-14	-54	93	461	93	68342745	
-13098	6542	-916	4071	6484	17391	-130	-18	-52	94	466	94	68342745	
-13118	6142	-771	4319	6216	17112	-128	-19	-52	95	471	95	68342745	
-13172	5808	-778	4476	5959	16885	-120	-22	-54	96	476	96	68342745	
-13176	5538	-668	4594	5697	16694	-121	-24	-53	97	481	97	68342745	
-13123	5236	-534	4624	5432	16536	-126	-30	-48	98	486	98	68342745	
-13106	4894	-486	4583	5147	16402	-123	-29	-49	99	491	99	68342745	
-12989	4476	-552	4451	4864	16296	-113	-23	-53	100	496	100	68342745	
-12810	4054	-718	4232	4564	16214	-113	-24	-54	101	501	101	68342745	
-12517	3522	-765	3926	4245	16138	-113	-27	-55	102	506	102	68342745	
-12178	3155	-824	3635	3964	16067	-113	-28	-55	103	511	103	68342745	
-11722	2693	-831	3194	3607	15976	-111	-31	-53	104	516	104	68342747	
-11249	2312	-956	2676	3255	15870	-111	-32	-53	105	521	105	68342763	
-10701	2063	-1116	2131	2925	15745	-113	-37	-55	106	526	106	68342793	
-10144	1809	-1402	1633	2665	15599	-113	-37	-54	107	531	107	68342793	
-9431	1712	-1715	1173	2482	15420	-111	-37	-51	108	536	108	68342794	
-8645	1718	-1969	759	2274	15230	-110	-39	-52	109	541	109	68342794	
-7925	1701	-2177	403	1971	15003	-106	-46	-54	110	546	110	68342794	
-7316	1764	-2534	298	1636	14733	-104	-45	-52	111	551	111	68342794	
-6940	1914	-2751	399	1404	14493	-101	-43	-49	112	556	112	68342794	
-6685	2022	-2821	571	1266	14283	-103	-44	-51	113	561	113	68342794	
-6545	2068	-2930	780	1178	14101	-108	-46	-56	114	566	114	68342794	
-6461	2064	-3156	1061	1093	13896	-107	-46	-55	115	571	115	68342794	
-6313	2024	-3284	1396	1043	13649	-101	-47	-51	116	576	116	68342794	
-6187	2091	-3380	1724	1031	13338	-102	-48	-52	117	581	117	68342794	
-5991	2319	-3536	1970	1041	12989	-104	-50	-56	118	586	118	68342801	
-5662	2701	-3594	2099	1014	12578	-103	-51	-55	119	591	119	68342820	
-5270	3027	-3774	2213	985	12217	-101	-53	-53	120	596	120	68342824	
-4921	3346	-4116	2409	980	11871	-101	-55	-54	121	601	121	68342842	
-4563	3764	-4536	2687	1022	11530	-101	-59	-55	122	606	122	68342859	
-4090	4202	-4882	2995	1116	11176	-101	-57	-56	123	611	123	68342860	
-3535	4598	-5163	3343	1236	10850	-100	-54	-58	124	616	124	68342862	
-3015	4841	-5437	3717	1362	10566	-98	-54	-56	125	621	125	68342863	
-2522	4993	-5833	4144	1537	10290	-95	-53	-53	126	626	126	68342863	
-2042	5269	-6410	4713	1886	9935	-95	-56	-55	127	631	127	68342863	
-1589	5681	-6634	5105	2244	9650	-94	-60	-58	128	636	128	68342863	
-1176	6178	-6820	5413	2596	9363	-94	-61	-58	129	641	129	68342865	
-876	6554	-7080	5738	2931	9096	-95	-63	-59	130	646	130	68342898	
-664	6881	-7443	6136	3301	8848	-95	-63	-57	131	651	131	68342942	
-486	7093	-7926	6633	3717	8597	-95	-63	-55	132	656	132	68342942	
-350	7066	-8429	7146	4115	8329	-93	-63	-57	133	661	133	68342942	
-377	6791	-8790	7444	4402	8040	-91	-63	-59	134	666	134	68342942	
-634	6497	-9094	7420	4573	7751	-91	-64	-60	135	671	135	68342943	
-974	6431	-9131	7211	4673	7513	-90	-64	-60	136	676	136	68342943	
-1180	6446	-8916	6988	4735	7344	-91	-67	-61	137	681	137	68342943	
-1352	6472	-8652	6725	4760	7194	-91	-69	-61	138	686	138	68342943	
-1550	6508	-8303	6368	4737	7048	-90	-69	-58	139	691	139	68342943	
-1772	6571	-8010	5944	4676	6907	-88	-70	-54	140	696	140	68342943	
-2039	6740	-7944	5493	4571	6754	-89	-71	-54	141	701	141	68342943	
-2164	6917	-7830	5017	4382	6594	-90	-72	-54	142	706	142	68342947	
-2118	7075	-7654	4518	4048	6405	-89	-72	-55	143	711	143	68342954	
-1954	7216	-7583	4101	3624	6150	-88	-72	-56	144	716	144	68342993	
-1764	7521	-7520	3727	3194	5876	-87	-74	-58	145	721	145	68343019	
-1632	8011	-7603	3374	2740	5577	-87	-75	-59	146	726	146	68343019	
-1393	8658	-7754	3141	2306	5244	-86	-73	-54	147	731	147	68343019	
-1032	9269	-7916	3115	1923	4885	-86	-72	-50	148	736	148	68343019	
-717	9746	-8115	3348	1552	4531	-88	-74	-53	149	741	149	68343020	
-449	10177	-8340	3851	1121	4158	-90	-76	-56	150	746	150	68343020	
-215	10532	-8673	4754	538	3719	-86	-76	-58	151	751	151	68343020	
-54	10804	-8946	5748	-73	3297	-82	-76	-60	152	756	152	68343025	
46	11212	-8958	6613	-618	2923	-84	-74	-59	153	761	153	68343048	
108	11711	-9047	7455	-1135	2591	-85	-73	-59	154	766	154	68343063	
150	12206	-9227	8303	-1619	2328	-84	-75	-60	155	771	155	68343066	
189	12708	-9430	9178	-2070	2115	-84	-76	-60	156	776	156	68343068	
177	13083	-9643	10080	-2502	1937	-82	-78	-63	157	781	157	68343069	
82	13288	-9735	11028	-2950	1782	-81	-79	-65	158	786	158	68343071	
-20	13187	-9790	11960	-3437	1639	-80	-77	-66	159	791	159	68343071	
-185	12984	-9916	12680	-3959	1527	-80	-76	-66	160	796	160	68343071	
-402	12966	-10126	13106	-4480	1482	-78	-80	-68	161	801	161	68343071	
-618	12946	-10418	13322	-4939	1497	-77	-83	-69	162	806	162	68343072	
-816	12829	-10788	13418	-5336	1553	-79	-79	-69	163	811	163	68343072	
-1035	12695	-11186	13440	-5686	1647	-81	-77	-69	164	816	164	68343072	
-1236	12438	-11525	13390	-6037	1773	-76	-76	-70	165	821	165	68343072	
-1412	12127	-11633	13234	-6424	1928	-73	-75	-71	166	826	166	68343072	
-1708	11798	-11491	12987	-6853	2114	-72	-75	-69	167	831	167	68343072	
-2065	11436	-11281	12489	-7286	2336	-71	-75	-67	168	836	168	68343072	
-2441	11188	-11178	12092	-7600	2581	-71	-73	-78	169	841	169	68343072	
-2806	11069	-11288	11490	-7842	2837	-71	-73	-81	170	846	170	68343072	
-3240	10976	-11557	10830	-8022	3069	-73	-67	-79	171	851	171	68343073	
-3523	10931	-11744	10340	-8143	3241	-73	-65	-79	172	856	172	68343073	
-3763	10782	-11800	9865	-8262	3402	-71	-73	-80	173	861	173	68343073	
-3974	10543	-11848	9409	-8413	3559	-70	-78	-80	174	866	174	68343073	
-4155	10269	-11789	9002	-8598	3700	-69	-77	-82	175	871	175	68343073	
-4231	9976	-11578	8615	-8802	3821	-69	-77	-83	176	876	176	68343089	
-4353	9615	-11468	8176	-9046	3964	-71	-72	-84	177	881	177	68343099	
-4435	9443	-11200	7751	-9233	4092	-72	-70	-84	178	886	178	68343099	
-4534	9426	-10852	7373	-9373	4241	-71	-71	-82	179	891	179	68343099	
-4594	9401	-10398	7074	-9473	4360	-71	-71	-81	180	896	180	68343099	
-4658	9336	-9960	7060	-9573	4472	-65	-72	-87	181	901	181	68343099	
-4765	9085	-9752	7286	-9707	4551	-64	-72	-88	182	906	182	68343099	
-4954	9032	-9784	7540	-9862	4596	-68	-71	-86	183	911	183	68343099	
-5233	9167	-9935	7639	-9998	4629	-69	-71	-85	184	916	184	68343114	
-5631	9551	-10164	7717	-10154	4691	-64	-70	-89	185	921	185	68343166	
-6034	9909	-10487	8023	-10246	4711	-62	-70	-90	186	926	186	68343180	
-6213	10102	-10744	8725	-10243	4681	-69	-71	-89	187	931	187	68343180	
-6278	10112	-10739	9825	-10245	4590	-71	-71	-89	188	936	188	68343180	
-6256	9839	-10569	11149	-10316	4491	-69	-68	-91	189	941	189	68343180	
-6216	9404	-10263	12423	-10511	4419	-69	-67	-91	190	946	190	68343180	
-6157	8608	-9881	13784	-10783	4364	-63	-66	-98	191	951	191	68343180	
-6189	7658	-9608	15007	-11068	4332	-62	-66	-100	192	956	192	68343222	
-6146	6570	-9248	16086	-11254	4342	-59	-63	-95	193	961	193	68343233	
-6172	5764	-9308	16441	-11312	4406	-59	-63	-95	194	966	194	68343233	
-6224	5102	-9460	16357	-11369	4493	-51	-63	-103	195	971	195	68343233	
-6189	4742	-9662	16068	-11348	4576	-51	-63	-103	196	976	196	68343233	
-6056	4465	-9915	15617	-11321	4670	-55	-62	-105	197	981	197	68343233	
-6072	4585	-10229	14939	-11294	4784	-56	-62	-106	198	986	198	68343233	
-6182	4927	-10412	14109	-11227	4946	-50	-56	-111	199	991	199	68343233	
-6252	5173	-10821	13471	-11104	5101	-48	-54	-112	200	996	200	68343234	
-6056	5051	-11436	13237	-10884	5186	-48	-54	-112	201	1001	201	68343234	
-5618	4400	-11974	13283	-10630	5199	-48	-54	-112	202	1006	202	68343376	
-5358	3880	-12342	13193	-10506	5157	-47	-57	-113	203	1011	203	68343376	
-5266	3322	-12614	12824	-10394	5188	-47	-57	-113	204	1016	204	68343376	
-5396	2894	-12816	12213	-10171	5266	-42	-52	-116	205	1021	205	68343376	
-5534	2606	-13120	11329	-9722	5372	-42	-52	-116	206	1026	206	68343376	
-5602	2518	-13574	10356	-9146	5436	-42	-52	-112	207	1031	207	68343376	
-5549	2491	-13847	9566	-8629	5444	-42	-52	-112	208	1036	208	68343376	
-5407	2417	-14078	8740	-8095	5413	-41	-51	-113	209	1041	209	68343376	
-5236	2174	-14352	7902	-7538	5388	-41	-51	-113	210	1046	210	68343376	
-5262	2042	-14430	7343	-7144	5404	-40	-48	-118	211	1051	211	68343376	
-5272	1862	-14432	6844	-6693	5440	-40	-48	-118	212	1056	212	68343377	
-5344	1764	-14362	6302	-6185	5524	-33	-49	-121	213	1061	213	68343377	
-5298	1722	-14406	5818	-5637	5601	-33	-49	-121	214	1066	214	68343377	
-5292	1540	-14566	5448	-5076	5638	-31	-47	-117	215	1071	215	68343410	
-5174	1666	-14546	5196	-4494	5644	-31	-47	-117	216	1076	216	68343448	
-5308	1998	-14474	4878	-3906	5652	-34	-42	-124	217	1081	217	68343448	
-5438	2398	-14532	4660	-3331	5654	-34	-42	-124	218	1086	218	68343448	
-5578	2665	-14718	4765	-2628	5660	-34	-56	-126	219	1091	219	68343448	
-5578	2730	-14950	5003	-2167	5618	-34	-56	-126	220	1096	220	68343448	
-5386	2692	-14874	5496	-1672	5499	-29	-49	-119	221	1101	221	68343448	
-5286	2664	-14650	6036	-1347	5369	-29	-49	-119	222	1106	222	68343448	
-5218	2586	-14378	6475	-1182	5246	-33	-47	-123	223	1111	223	68343449	
-5198	2542	-13848	6921	-1050	5120	-33	-47	-123	224	1116	224	68343449	
-5110	2188	-13332	7427	-919	5013	-29	-51	-117	225	1121	225	68343449	
-4954	1646	-12892	7904	-804	4908	-29	-51	-117	226	1126	226	68343449	
-4628	1023	-12419	8227	-711	4759	-20	-50	-130	227	1131	227	68343451	
-4346	594	-12143	8295	-639	4613	-21	-50	-129	228	1136	228	68343458	
-4094	352	-11890	8225	-573	4443	-27	-49	-125	229	1141	229	68343460	
-3816	109	-11764	8165	-505	4254	-27	-49	-125	230	1146	230	68343469	
-3466	-116	-11662	8165	-490	4043	-26	-50	-124	231	1151	231	68343476	
-3108	-346	-11604	8196	-515	3844	-26	-50	-124	232	1156	232	68343476	
-2612	-1112	-11498	8243	-590	3578	-24	-52	-128	233	1161	233	68343476	
-2596	-1460	-11344	7761	-664	3352	-24	-52	-128	234	1166	234	68343476	
-2728	-1196	-11570	6981	-628	2968	-22	-46	-130	235	1171	235	68343476	
-2368	-1002	-11348	6763	-446	2532	-22	-46	-130	236	1176	236	68343476	
-1585	-330	-10920	6913	-263	2191	-22	-48	-130	237	1181	237	68343476	
-857	1400	-10642	7340	-591	1993	-20	-48	-130	238	1186	238	68343476	
-794	3474	-10548	8108	-1119	2019	-14	-50	-128	239	1191	239	68343476	
-1447	4472	-10922	9177	-1501	1952	-14	-50	-128	240	1196	240	68343476	
-1782	3606	-12042	10726	-1547	1516	-14	-50	-130	241	1201	241	68343476	
-1733	1882	-14300	12648	-1200	784	-14	-52	-130	242	1206	242	68343486	
-1443	85	-16559	14545	-791	-38	-12	-60	-128	243	1211	243	68343522	
-1176	-1532	-18144	16170	-574	-842	-12	-58	-129	244	1216	244	68343522	
-1099	-2882	-18765	17229	-488	-1727	-12	-52	-132	245	1221	245	68343522	
-1219	-3971	-18960	18114	-416	-2761	-11	-52	-132	246	1226	246	68343522	
-1369	-4586	-18764	18966	-43	-3676	-6	-52	-132	247	1231	247	68343522	
-1220	-4913	-18082	19616	443	-4374	-5	-52	-132	248	1236	248	68343522	
-1613	-5055	-17413	20031	797	-4824	-3	-53	-131	249	1241	249	68343522	
-2127	-5102	-17043	20417	993	-5326	-2	-54	-131	250	1246	250	68343523	
-2521	-4712	-16860	20829	1431	-5774	2	-56	-130	251	1251	251	68343523	
-2526	-4064	-16817	21335	2018	-6203	1	-54	-131	252	1256	252	68343523	
-2209	-3612	-17185	21777	2400	-6463	0	-52	-132	253	1261	253	68343523	
-1866	-3400	-17914	22153	2516	-6665	5	-53	-131	254	1266	254	68343523	
-1567	-3435	-18641	22491	2433	-6751	12	-54	-130	255	1271	255	68343527	
-1435	-3563	-19428	22805	2164	-6790	11	-54	-130	256	1276	256	68343537	
-1388	-4133	-19869	23098	1838	-6847	9	-53	-131	257	1281	257	68343547	
-1821	-4839	-19944	23344	1582	-6934	10	-55	-131	258	1286	258	68343557	
-2060	-5585	-19780	23411	1565	-7019	16	-62	-132	259	1291	259	68343557	
-2632	-5749	-19875	23233	1715	-7077	17	-62	-131	260	1296	260	68343557	
-3124	-5662	-19732	22897	2123	-7025	21	-61	-129	261	1301	261	68343557	
-3312	-5376	-19519	22400	2530	-6913	21	-63	-131	262	1306	262	68343557	
-3509	-4742	-19349	21753	2905	-6706	21	-65	-133	263	1311	263	68343557	
-3654	-4260	-19213	21174	3249	-6367	23	-62	-127	264	1316	264	68343557	
-3872	-4112	-18946	20599	3480	-5938	25	-57	-119	265	1321	265	68343557	
-4193	-4303	-18740	19961	3522	-5487	26	-57	-123	266	1326	266	68343557	
-4493	-4679	-18450	19303	3488	-5087	28	-58	-128	267	1331	267	68343561	
-4828	-5119	-18133	18616	3437	-4743	31	-59	-127	268	1336	268	68343576	
-5096	-5657	-17786	17688	3371	-4384	41	-61	-125	269	1341	269	68343598	
-5135	-6093	-17630	16809	3278	-4138	37	-63	-127	270	1346	270	68343598	
-5122	-6472	-17807	15852	3155	-3950	31	-65	-129	271	1351	271	68343598	
-4936	-6862	-18085	14905	3009	-3803	35	-65	-128	272	1356	272	68343598	
-4849	-7166	-18510	14000	2815	-3674	42	-64	-126	273	1361	273	68343598	
-5058	-7312	-18988	13091	2592	-3533	45	-63	-126	274	1366	274	68343598	
-5415	-7408	-19409	12221	2411	-3345	49	-61	-125	275	1371	275	68343598	
-6076	-7448	-19500	11195	2293	-3060	45	-65	-122	276	1376	276	68343598	
-6804	-7392	-19442	10046	2226	-2744	41	-69	-119	277	1381	277	68343598	
-7357	-7352	-19317	9138	2239	-2489	47	-66	-119	278	1386	278	68343599	
-7795	-7410	-19086	8286	2336	-2254	53	-63	-119	279	1391	279	68343599	
-8087	-7533	-18859	7471	2470	-2052	53	-65	-118	280	1396	280	68343599	
-8145	-7684	-18663	6778	2568	-1905	53	-67	-117	281	1401	281	68343602	
-7948	-7923	-18490	6115	2632	-1775	52	-66	-118	282	1406	282	68343622	
-7536	-8212	-18289	5468	2644	-1673	50	-64	-120	283	1411	283	68343644	
-7057	-8318	-17917	4818	2583	-1640	50	-67	-120	284	1416	284	68343645	
-6505	-8159	-17322	4050	2466	-1683	50	-72	-120	285	1421	285	68343646	
-5982	-7768	-16700	3269	2315	-1781	48	-73	-118	286	1426	286	68343646	
-5560	-7233	-16134	2624	2180	-1871	47	-73	-117	287	1431	287	68343646	
-5198	-6607	-15512	2082	2031	-1933	48	-69	-121	288	1436	288	68343646	
-4898	-6059	-15076	1668	1863	-1973	49	-67	-123	289	1441	289	68343650	
-4678	-5672	-14858	1414	1719	-1988	51	-70	-119	290	1446	290	68343662	
-4472	-5410	-14755	1263	1578	-1974	52	-72	-114	291	1451	291	68343672	
-4210	-5282	-14657	1172	1413	-1931	52	-70	-115	292	1456	292	68343672	
-3948	-5238	-14507	1034	1212	-1857	52	-68	-116	293	1461	293	68343672	
-3804	-5127	-14430	753	1007	-1735	49	-70	-119	294	1466	294	68343672	
-3887	-4922	-14279	389	876	-1589	47	-71	-121	295	1471	295	68343672	
-4110	-4702	-14056	2	821	-1429	52	-72	-119	296	1476	296	68343673	
-4190	-4584	-13805	-320	834	-1259	55	-73	-117	297	1481	297	68343686	
-4170	-4537	-13522	-596	869	-1081	54	-70	-116	298	1486	298	68343707	
-4140	-4480	-13202	-906	877	-902	54	-68	-116	299	1491	299	68343715	
-4101	-4308	-12909	-1268	852	-715	51	-69	-120	300	1496	300	68343715	
-4050	-4088	-12722	-1673	820	-528	49	-69	-123	301	1501	301	68343719	
-3946	-3855	-12608	-2052	786	-347	48	-70	-122	302	1506	302	68343723	
-3740	-3602	-12476	-2332	737	-199	47	-71	-121	303	1511	303	68343726	
-3454	-3372	-12148	-2496	649	-77	50	-70	-116	304	1516	304	68343726	
-3183	-3156	-11926	-2586	501	26	52	-70	-112	305	1521	305	68343726	
-2908	-2922	-11843	-2608	320	110	53	-71	-116	306	1526	306	68343727	
-2591	-2766	-11699	-2526	128	185	53	-71	-119	307	1531	307	68343744	
-2216	-2850	-11637	-2365	-70	239	49	-72	-121	308	1536	308	68343756	
-1909	-3068	-11687	-2190	-315	288	46	-72	-122	309	1541	309	68343757	
-1652	-3452	-11670	-2050	-659	361	46	-74	-124	310	1546	310	68343757	
-1568	-3820	-11774	-2036	-956	415	46	-74	-124	311	1551	311	68343761	
-1709	-4043	-11857	-2138	-1193	446	49	-71	-121	312	1556	312	68343762	
-1927	-4087	-12099	-2339	-1298	481	50	-70	-120	313	1561	313	68343762	
-2167	-4136	-12176	-2492	-1298	521	53	-70	-120	314	1566	314	68343762	
-2366	-4162	-12276	-2631	-1237	578	54	-70	-120	315	1571	315	68343763	
-2398	-4268	-12428	-2765	-1157	646	49	-72	-119	316	1576	316	68343781	
-2360	-4390	-12704	-2930	-1124	711	45	-73	-119	317	1581	317	68343794	
-2362	-4504	-13113	-3166	-1158	787	53	-72	-118	318	1586	318	68343794	
-2307	-4511	-13466	-3396	-1190	848	55	-71	-117	319	1591	319	68343794	
-2209	-4381	-13938	-3629	-1176	893	53	-73	-115	320	1596	320	68343794	
-1998	-4251	-14461	-3890	-1114	915	53	-73	-115	321	1601	321	68343794	
-1744	-4095	-14844	-4173	-1041	935	49	-72	-124	322	1606	322	68343794	
-1473	-3884	-15029	-4440	-972	948	48	-72	-126	323	1611	323	68343800	
-1266	-3763	-15207	-4679	-921	932	46	-72	-121	324	1616	324	68343825	
-1210	-3678	-15404	-4881	-869	899	46	-72	-120	325	1621	325	68343831	
-1297	-3625	-15585	-5005	-791	861	42	-73	-123	326	1626	326	68343831	
-1510	-3629	-15814	-5106	-644	798	40	-74	-124	327	1631	327	68343831	
-1718	-3697	-16077	-5195	-456	742	44	-73	-120	328	1636	328	68343831	
-2060	-3520	-16236	-5386	-273	694	45	-73	-119	329	1641	329	68343831	
-2414	-3325	-16244	-5611	-79	638	44	-71	-123	330	1646	330	68343831	
-2818	-3078	-16272	-5750	156	581	44	-70	-124	331	1651	331	68343861	
-3132	-2840	-16224	-5768	407	528	43	-66	-123	332	1656	332	68343869	
-3304	-2813	-16170	-5729	593	507	43	-65	-123	333	1661	333	68343869	
-3282	-2975	-15998	-5728	697	492	41	-66	-125	334	1666	334	68343869	
-3152	-3358	-15694	-5792	747	523	40	-66	-126	335	1671	335	68343869	
-3000	-3304	-15466	-6070	736	543	37	-69	-125	336	1676	336	68343869	
-2892	-3296	-15344	-6539	703	561	37	-69	-125	337	1681	337	68343869	
-2674	-3162	-15352	-6996	691	565	33	-63	-121	338	1686	338	68343878	
-2379	-2974	-15404	-7339	720	563	33	-63	-121	339	1691	339	68343901	
-2114	-2722	-15412	-7706	698	528	39	-68	-126	340	1696	340	68343906	
-1841	-2503	-15420	-7955	615	501	41	-69	-127	341	1701	341	68343907	
-1650	-2396	-15584	-8066	474	475	33	-72	-125	342	1706	342	68343907	
-1618	-2166	-15712	-8172	241	420	31	-73	-125	343	1711	343	68343908	
-1726	-2060	-15906	-8182	43	367	31	-69	-125	344	1716	344	68343913	
-1932	-1716	-16148	-8249	-137	283	31	-69	-125	345	1721	345	68343913	
-2246	-1314	-16134	-8286	-275	208	34	-72	-120	346	1726	346	68343934	
-2412	-878	-16290	-8246	-414	137	34	-72	-120	347	1731	347	68343954	
-2700	-390	-16506	-8002	-476	85	31	-71	-127	348	1736	348	68343954	
-2864	-176	-16608	-7726	-545	21	31	-71	-127	349	1741	349	68343954	
-3098	264	-16468	-7507	-659	-50	32	-68	-118	350	1746	350	68343954	
-3048	559	-16490	-7195	-745	-88	32	-68	-118	351	1751	351	68343954	
-3216	698	-16324	-6770	-925	-157	32	-68	-126	352	1756	352	68343954	
-3254	974	-16340	-6428	-1074	-202	32	-68	-126	353	1761	353	68343954	
-3306	1054	-16340	-5980	-1173	-213	28	-72	-128	354	1766	354	68343984	
-3422	1090	-16532	-5615	-1309	-241	28	-72	-128	355	1771	355	68343984	
-3276	1098	-16398	-5321	-1399	-242	24	-68	-130	356	1776	356	68343984	
-2994	1084	-16398	-4983	-1455	-238	24	-68	-130	357	1781	357	68343984	
-2798	1140	-16478	-4693	-1577	-256	23	-67	-123	358	1786	358	68343984	
-2734	1150	-16352	-4434	-1689	-248	23	-67	-123	359	1791	359	68343984	
-2860	1457	-16504	-4150	-1797	-214	31	-71	-129	360	1796	360	68343984	
-2890	1660	-16724	-3889	-1794	-188	30	-71	-127	361	1801	361	68343984	
-2951	1895	-16850	-3623	-1785	-147	24	-70	-118	362	1806	362	68343986	
-3016	2122	-17108	-3365	-1757	-134	24	-70	-118	363	1811	363	68343994	
-2898	2042	-17124	-2955	-1659	-49	22	-72	-126	364	1816	364	68344031	
-2944	2002	-16968	-2524	-1707	-9	22	-72	-126	365	1821	365	68344031	
-3124	1738	-16744	-2061	-1748	53	25	-71	-129	366	1826	366	68344031	
-3248	1448	-16566	-1686	-1749	6	25	-71	-129	367	1831	367	68344031	
-3106	1244	-16410	-1336	-1611	-5	21	-69	-125	368	1836	368	68344031	
-3278	1083	-16010	-1095	-1536	-1	21	-69	-126	369	1841	369	68344034	
-3444	1238	-16044	-1024	-1508	-69	20	-68	-132	370	1846	370	68344049	
-3389	1208	-15945	-909	-1283	-100	19	-68	-131	371	1851	371	68344068	
-3159	1218	-15844	-757	-1080	-131	13	-69	-127	372	1856	372	68344068	
-2972	1209	-15611	-555	-967	-167	15	-69	-127	373	1861	373	68344068	
-3049	1021	-15442	-324	-964	-218	21	-67	-129	374	1866	374	68344069	
-3074	904	-15300	-181	-896	-263	21	-67	-129	375	1871	375	68344069	
-2974	798	-15076	3	-716	-323	24	-66	-126	376	1876	376	68344069	
-2939	856	-14908	64	-578	-392	25	-66	-126	377	1881	377	68344092	
-2883	845	-14764	137	-518	-431	28	-64	-128	378	1886	378	68344101	
-2937	930	-14743	208	-551	-505	25	-63	-128	379	1891	379	68344101	
-2957	958	-14625	357	-502	-548	14	-58	-130	380	1896	380	68344101	
-3000	905	-14564	601	-445	-606	15	-60	-129	381	1901	381	68344102	
-3043	882	-14474	831	-414	-681	19	-69	-125	382	1906	382	68344102	
-2967	1032	-14516	1017	-355	-717	19	-69	-125	383	1911	383	68344102	
-2931	1027	-14496	1272	-341	-731	19	-67	-125	384	1916	384	68344102	
-3026	889	-14621	1563	-372	-724	19	-68	-127	385	1921	385	68344109	
-2949	693	-14511	1816	-406	-713	17	-69	-131	386	1926	386	68344133	
-3007	563	-14464	2009	-480	-723	18	-69	-130	387	1931	387	68344140	
-3192	282	-14450	2149	-529	-711	21	-69	-127	388	1936	388	68344140	
-3263	5	-14487	2212	-486	-701	21	-68	-128	389	1941	389	68344140	
-3323	-104	-14504	2259	-366	-688	20	-66	-134	390	1946	390	68344140	
-3269	-132	-14489	2244	-216	-695	20	-66	-132	391	1951	391	68344140	
-3189	-218	-14361	2168	-164	-722	19	-67	-125	392	1956	392	68344142	
-3175	-254	-14423	2070	-172	-753	19	-67	-125	393	1961	393	68344159	
-3226	-196	-14826	1974	-154	-753	20	-68	-124	394	1966	394	68344188	
-3338	-86	-15139	1927	-132	-780	21	-69	-125	395	1971	395	68344189	
-3400	78	-15314	1929	-114	-806	23	-71	-127	396	1976	396	68344189	
-3369	85	-15489	1983	-107	-817	24	-71	-126	397	1981	397	68344189	
-3386	106	-15645	2067	-106	-829	25	-71	-125	398	1986	398	68344189	
-3401	134	-15688	2179	-89	-854	25	-70	-125	399	1991	399	68344189	
-3423	145	-15733	2312	-55	-883	23	-67	-125	400	1996	400	68344198	
-3386	157	-15792	2484	19	-908	22	-67	-127	401	2001	401	68344233	
