11881	-1588	-10601	-155	-408	-789	-43	-83	-57	1	1	1	78886638	
11787	-1588	-10437	-264	-408	-809	-46	-79	-59	2	6	2	78886694	
11672	-1576	-10288	-251	-367	-820	-48	-76	-60	3	11	3	78886725	
11603	-1536	-10339	-57	-229	-848	-49	-79	-57	4	16	4	78886726	
11736	-1443	-10471	125	-24	-904	-49	-81	-55	5	21	5	78886726	
11849	-1375	-10828	136	87	-960	-44	-79	-55	6	26	6	78886726	
11773	-1381	-11212	-54	85	-990	-41	-77	-55	7	31	7	78886727	
11635	-1420	-11226	-404	43	-953	-46	-80	-54	8	36	8	78886728	
11495	-1570	-10663	-537	-2	-851	-50	-82	-54	9	41	9	78886728	
11528	-1766	-10082	-229	143	-862	-49	-81	-55	10	46	10	78886729	
11770	-1958	-10395	73	341	-1025	-49	-81	-55	11	51	11	78886729	
11752	-2095	-10651	-59	218	-1163	-46	-83	-57	12	56	12	78886730	
11139	-2120	-10163	-491	35	-1224	-44	-84	-58	13	61	13	78886730	
10575	-2076	-9820	-884	408	-1267	-44	-78	-60	14	66	14	78886731	
10836	-2136	-10097	-919	1193	-1225	-44	-76	-60	15	71	15	78886731	
11381	-2287	-10976	-786	1783	-1185	-49	-79	-57	16	76	16	78886731	
11597	-2362	-11976	-977	2149	-1227	-50	-80	-56	17	81	17	78886732	
11707	-2298	-12099	-1453	2426	-1285	-50	-83	-53	18	86	18	78886733	
11654	-2182	-11494	-1952	2544	-1291	-50	-84	-52	19	91	19	78886733	
11384	-1925	-10439	-1977	2715	-1264	-47	-81	-50	20	96	20	78886734	
11128	-2247	-9319	-1224	3025	-1201	-45	-79	-49	21	101	21	78886734	
11111	-3332	-9866	423	3454	-1140	-49	-81	-53	22	106	22	78886735	
10980	-4212	-12556	1532	3681	-1117	-50	-82	-54	23	111	23	78886735	
11400	-4740	-15207	1187	3905	-1102	-48	-83	-56	24	116	24	78886769	
12632	-3664	-15623	-925	4058	-1084	-47	-83	-57	25	121	25	78886778	
13808	-1961	-13185	-3158	3438	-1017	-49	-84	-51	26	126	26	78886778	
13762	-602	-11012	-4290	2117	-958	-50	-84	-50	27	131	27	78886779	
13265	-51	-10666	-4459	1148	-1077	-47	-81	-52	28	136	28	78886779	
12724	42	-10369	-4083	831	-1378	-46	-80	-52	29	141	29	78886780	
12539	-287	-9890	-3446	887	-1747	-52	-86	-54	30	146	30	78886780	
13162	-452	-9354	-2906	1310	-2212	-53	-87	-55	31	151	31	78886781	
14074	-682	-8898	-2701	1583	-2488	-52	-80	-54	32	156	32	78886781	
14622	-948	-8706	-2626	1501	-2639	-52	-80	-54	33	161	33	78886782	
14766	-766	-8364	-2594	1218	-2697	-53	-85	-53	34	166	34	78886782	
14476	-432	-7972	-2384	882	-2601	-53	-85	-53	35	171	35	78886783	
14148	-144	-7922	-2047	705	-2464	-61	-91	-51	36	176	36	78886783	
13988	132	-7677	-1663	543	-2280	-62	-92	-50	37	181	37	78886783	
13430	269	-7282	-1423	367	-2121	-52	-85	-52	38	186	38	78886784	
12890	716	-6840	-1456	281	-2052	-49	-83	-53	39	191	39	78886785	
12826	1278	-6466	-1527	272	-2007	-54	-80	-54	40	196	40	78886786	
12810	1856	-6126	-1645	83	-1912	-54	-80	-54	41	201	41	78886787	
12632	2170	-6116	-1599	-137	-1763	-54	-84	-50	42	206	42	78886788	
12534	1806	-6484	-1348	-266	-1633	-54	-84	-50	43	211	43	78886789	
12586	1362	-6564	-1244	-296	-1518	-51	-87	-49	44	216	44	78886790	
12694	1026	-6316	-1040	-347	-1366	-51	-87	-49	45	221	45	78886791	
12666	1282	-6418	-978	-463	-1201	-53	-83	-55	46	226	46	78886801	
12852	1636	-6828	-1017	-609	-1039	-53	-83	-55	47	231	47	78886801	
12824	1772	-6964	-1026	-981	-880	-54	-84	-52	48	236	48	78886830	
12735	1879	-6682	-1126	-1287	-755	-55	-85	-52	49	241	49	78886830	
12731	1906	-6569	-1201	-1481	-632	-57	-89	-53	50	246	50	78886831	
13016	2026	-6812	-1253	-1558	-511	-57	-89	-53	51	251	51	78886832	
13172	2098	-7196	-1420	-1766	-387	-56	-82	-52	52	256	52	78886832	
13026	2174	-7200	-1624	-2095	-248	-56	-82	-52	53	261	53	78886832	
13000	1926	-6884	-1549	-2199	-164	-54	-84	-58	54	266	54	78886834	
13382	1690	-6776	-1266	-2255	-129	-54	-84	-58	55	271	55	78886834	
13313	1198	-6839	-1107	-2556	-57	-52	-84	-54	56	276	56	78886836	
13258	850	-7113	-1069	-2762	9	-51	-83	-53	57	281	57	78886836	
13266	789	-7685	-1267	-2941	56	-49	-79	-51	58	286	58	78886836	
13398	755	-7772	-1553	-3045	140	-50	-81	-51	59	291	59	78886837	
13502	733	-7572	-1700	-3216	222	-54	-90	-52	60	296	60	78886838	
13337	739	-7430	-1819	-3448	296	-55	-88	-52	61	301	61	78886838	
13182	796	-7828	-1921	-3568	347	-58	-78	-50	62	306	62	78886839	
13310	870	-8252	-1994	-3515	408	-57	-79	-50	63	311	63	78886840	
13541	1034	-8305	-2223	-3600	466	-55	-85	-51	64	316	64	78886841	
13358	1249	-8619	-2357	-3922	517	-54	-83	-52	65	321	65	78886841	
13172	1284	-8834	-2180	-4079	551	-52	-80	-54	66	326	66	78886844	
13167	1345	-8974	-1897	-3971	577	-53	-82	-54	67	331	67	78886852	
13357	1225	-8985	-1482	-3791	606	-56	-88	-54	68	336	68	78886859	
13470	1064	-8871	-970	-3804	648	-55	-87	-53	69	341	69	78886882	
13102	549	-8862	-521	-4007	725	-53	-85	-51	70	346	70	78886882	
12476	291	-8514	-505	-4134	771	-54	-84	-51	71	351	71	78886883	
12038	26	-9052	-587	-4082	724	-56	-78	-52	72	356	72	78886896	
11782	-35	-9609	-883	-3924	626	-56	-78	-54	73	361	73	78886943	
11826	22	-9850	-1235	-3834	497	-55	-79	-57	74	366	74	78886959	
11922	240	-10096	-1594	-3930	395	-57	-79	-56	75	371	75	78886959	
11817	564	-10208	-1934	-4171	336	-59	-79	-55	76	376	76	78886961	
11753	740	-10218	-2046	-4369	311	-59	-81	-54	77	381	77	78886962	
11934	716	-10170	-1917	-4437	324	-59	-83	-53	78	386	78	78886963	
12166	599	-10079	-1706	-4459	356	-58	-80	-53	79	391	79	78886963	
12253	492	-9534	-1509	-4612	405	-56	-76	-54	80	396	80	78886964	
11966	414	-8959	-1455	-4839	457	-56	-75	-55	81	401	81	78886964	
11757	494	-9045	-1616	-4976	471	-56	-74	-56	82	406	82	78886965	
11624	620	-9372	-1858	-5030	472	-58	-76	-58	83	411	83	78886965	
11549	579	-9527	-2054	-5029	476	-62	-78	-60	84	416	84	78886965	
11675	690	-9683	-2172	-5001	500	-58	-76	-58	85	421	85	78886966	
11968	748	-9741	-2114	-5065	570	-52	-74	-56	86	426	86	78886973	
12104	702	-9759	-1899	-5318	688	-55	-72	-55	87	431	87	78886995	
12090	723	-9938	-1716	-5659	819	-60	-68	-54	88	436	88	78887012	
12126	703	-10069	-1627	-5980	948	-57	-69	-53	89	441	89	78887013	
11930	668	-9880	-1516	-6229	1106	-53	-69	-51	90	446	90	78887013	
11784	495	-9590	-1133	-6193	1250	-52	-71	-52	91	451	91	78887014	
11913	242	-9622	-560	-6074	1363	-52	-72	-52	92	456	92	78887014	
11921	112	-9737	-324	-6127	1418	-56	-73	-57	93	461	93	78887015	
11828	190	-9689	-572	-6305	1461	-58	-74	-60	94	466	94	78887015	
11685	420	-9791	-930	-6536	1490	-59	-73	-59	95	471	95	78887016	
11433	622	-10011	-1163	-6799	1486	-59	-71	-57	96	476	96	78887016	
11039	481	-10298	-1121	-7073	1447	-56	-70	-57	97	481	97	78887016	
10886	328	-10528	-945	-7250	1389	-52	-68	-56	98	486	98	78887017	
11085	180	-10622	-714	-7435	1322	-54	-67	-55	99	491	99	78887028	
11230	-45	-11079	-526	-7813	1233	-55	-67	-55	100	496	100	78887036	
11242	-169	-11409	-526	-8210	1160	-56	-66	-56	101	501	101	78887036	
11174	-268	-11298	-438	-8311	1131	-57	-65	-57	102	506	102	78887052	
11263	-663	-11031	-46	-8035	1080	-57	-66	-58	103	511	103	78887077	
11531	-980	-10591	443	-7617	1024	-57	-67	-59	104	516	104	78887088	
11874	-1396	-10376	868	-7374	976	-58	-66	-57	105	521	105	78887088	
12174	-1833	-10545	998	-7418	947	-58	-66	-56	106	526	106	78887089	
12221	-1949	-10829	720	-7696	1004	-59	-64	-58	107	531	107	78887089	
11988	-1986	-11168	311	-8047	1043	-59	-63	-59	108	536	108	78887089	
11861	-1885	-11457	-113	-8378	1119	-64	-63	-57	109	541	109	78887090	
11617	-1716	-11754	-606	-8740	1217	-65	-63	-57	110	546	110	78887090	
11261	-1715	-12013	-1165	-9183	1328	-56	-61	-60	111	551	111	78887091	
10639	-1647	-11571	-1812	-9566	1471	-52	-60	-62	112	556	112	78887091	
10079	-1513	-10796	-2339	-9733	1597	-55	-58	-59	113	561	113	78887137	
9633	-1234	-10979	-2645	-9728	1665	-57	-57	-57	114	566	114	78887168	
8976	-889	-11628	-2769	-9638	1586	-59	-60	-59	115	571	115	78887168	
8836	-702	-11886	-2722	-9268	1431	-59	-61	-59	116	576	116	78887170	
9001	-290	-11731	-2579	-8843	1212	-58	-57	-58	117	581	117	78887171	
9276	-300	-11740	-2332	-8664	995	-58	-56	-58	118	586	118	78887171	
9579	-204	-11770	-2218	-8794	793	-65	-57	-59	119	591	119	78887172	
9994	-153	-11886	-2021	-9103	643	-67	-57	-59	120	596	120	78887173	
10314	-12	-12346	-1959	-9497	518	-61	-57	-62	121	601	121	78887173	
10209	-418	-12638	-1886	-9900	463	-59	-57	-63	122	606	122	78887174	
9790	-780	-11764	-1703	-10244	497	-61	-57	-65	123	611	123	78887174	
9426	-870	-10600	-1414	-10211	526	-61	-57	-65	124	616	124	78887175	
9320	-1302	-10158	-1203	-10046	520	-59	-53	-65	125	621	125	78887175	
9242	-1319	-10951	-1122	-9996	464	-59	-53	-65	126	626	126	78887188	
8861	-1450	-12124	-1112	-10046	400	-58	-51	-63	127	631	127	78887192	
8375	-1383	-13140	-1403	-10014	301	-58	-50	-62	128	636	128	78887192	
8175	-1184	-13112	-1801	-9764	125	-62	-51	-64	129	641	129	78887318	
8249	-1114	-12824	-2033	-9563	-97	-63	-51	-65	130	646	130	78887350	
8302	-1230	-12944	-2192	-9656	-336	-60	-46	-60	131	651	131	78887351	
8260	-1218	-12854	-2495	-9866	-541	-60	-46	-60	132	656	132	78887351	
8204	-1158	-12314	-2642	-10232	-702	-63	-45	-65	133	661	133	78887352	
8310	-886	-11946	-2729	-10480	-788	-63	-45	-65	134	666	134	78887352	
8658	-732	-11798	-2923	-10667	-857	-66	-44	-66	135	671	135	78887352	
9228	-250	-12408	-3407	-11055	-892	-66	-44	-66	136	676	136	78887353	
9592	586	-12208	-4019	-11668	-873	-67	-43	-65	137	681	137	78887353	
9242	838	-12222	-4052	-12360	-708	-67	-43	-65	138	686	138	78887354	
8573	1100	-12384	-3901	-12543	-639	-64	-42	-58	139	691	139	78887354	
8345	1236	-12449	-3789	-12369	-602	-64	-41	-60	140	696	140	78887365	
8072	1448	-12372	-3594	-12196	-578	-62	-38	-70	141	701	141	78887422	
7232	1618	-13226	-2954	-12075	-543	-62	-38	-70	142	706	142	78887423	
6346	1472	-13828	-1854	-11610	-544	-65	-35	-65	143	711	143	78887424	
6278	642	-12976	-1192	-11029	-710	-65	-35	-65	144	716	144	78887424	
5846	472	-11860	-1245	-10870	-911	-66	-28	-68	145	721	145	78887425	
5198	162	-11810	-954	-10663	-1246	-66	-28	-68	146	726	146	78887425	
4990	-602	-12364	-783	-10208	-1581	-65	-33	-65	147	731	147	78887426	
5303	-950	-12944	-1558	-9994	-1928	-65	-32	-66	148	736	148	78887428	
5557	-1107	-13449	-2222	-10160	-2112	-65	-29	-69	149	741	149	78887432	
5818	-1375	-14291	-2769	-10606	-2172	-67	-30	-70	150	746	150	78887455	
6475	-1447	-14658	-3461	-11023	-2145	-73	-35	-73	151	751	151	78887476	
7347	-1346	-15112	-4169	-11538	-2110	-72	-32	-72	152	756	152	78887477	
8164	-771	-15513	-4596	-12349	-1984	-67	-21	-67	153	761	153	78887477	
8112	-448	-15367	-4297	-13229	-1758	-68	-21	-67	154	766	154	78887478	
7772	-614	-14013	-3817	-13522	-1424	-72	-20	-66	155	771	155	78887478	
7440	-641	-12563	-4135	-13519	-1127	-71	-20	-66	156	776	156	78887479	
6831	-22	-11990	-4757	-13545	-944	-70	-20	-66	157	781	157	78887479	
5774	420	-11827	-5334	-13198	-782	-71	-20	-66	158	786	158	78887480	
5031	1119	-12126	-5651	-12624	-659	-74	-18	-64	159	791	159	78887480	
4690	1796	-12140	-5795	-12084	-516	-74	-18	-64	160	796	160	78887481	
4029	2116	-12440	-5573	-11835	-501	-74	-20	-62	161	801	161	78887481	
3310	2094	-12992	-5016	-11658	-601	-74	-18	-61	162	806	162	78887482	
2783	2070	-13444	-4746	-11243	-798	-72	-10	-58	163	811	163	78887492	
2532	2085	-14061	-4889	-10541	-1140	-73	-11	-61	164	816	164	78887530	
2696	1860	-14939	-4987	-9882	-1532	-74	-14	-70	165	821	165	78887531	
3077	2059	-15156	-5060	-9633	-1800	-77	-14	-68	166	826	166	78887531	
3457	2349	-14884	-4807	-9702	-1999	-81	-15	-65	167	831	167	78887531	
3754	2198	-14951	-3977	-10022	-2120	-80	-13	-66	168	836	168	78887532	
4097	1865	-15235	-3130	-10324	-2195	-79	-9	-67	169	841	169	78887532	
4590	1750	-15497	-2541	-10571	-2205	-80	-6	-65	170	846	170	78887533	
4924	1748	-15711	-2174	-10860	-2069	-81	-1	-63	171	851	171	78887534	
4873	1936	-15964	-2079	-11210	-1856	-80	-3	-64	172	856	172	78887534	
4705	2326	-16068	-2139	-11274	-1608	-75	-7	-67	173	861	173	78887535	
4476	2428	-16024	-1931	-10946	-1435	-74	-4	-66	174	866	174	78887538	
4110	2388	-15172	-1840	-10547	-1298	-73	1	-65	175	871	175	78887546	
3438	2192	-14240	-2189	-10215	-1294	-80	-3	-61	176	876	176	78887555	
2530	1744	-13778	-2739	-9875	-1425	-90	-10	-56	177	881	177	78887555	
2158	1634	-14211	-3180	-9454	-1579	-86	-6	-58	178	886	178	78887556	
2340	2244	-15382	-3404	-9104	-1543	-81	-1	-61	179	891	179	78887557	
1613	2391	-16249	-3221	-9205	-1337	-83	-1	-57	180	896	180	78887558	
1432	2605	-16332	-3032	-9421	-1297	-84	0	-52	181	901	181	78887558	
1490	2549	-16047	-2795	-9318	-1356	-82	2	-57	182	906	182	78887559	
1268	2729	-15859	-2397	-9396	-1507	-80	4	-60	183	911	183	78887559	
1382	3240	-15709	-1831	-9498	-1611	-78	6	-59	184	916	184	78887559	
1580	3432	-15744	-1160	-9601	-1658	-77	7	-59	185	921	185	78887560	
1677	3821	-15887	-848	-9598	-1696	-82	7	-59	186	926	186	78887560	
1836	3840	-16078	-794	-9282	-1714	-87	7	-59	187	931	187	78887561	
2353	3594	-16518	-1108	-8700	-1695	-85	9	-60	188	936	188	78887569	
3301	3938	-17013	-1839	-8278	-1576	-83	13	-61	189	941	189	78887580	
3840	3596	-17347	-2096	-8354	-1301	-84	12	-60	190	946	190	78887581	
3898	3436	-17261	-1987	-8704	-960	-84	12	-60	191	951	191	78887582	
3741	3318	-16876	-1514	-8953	-568	-85	11	-58	192	956	192	78887582	
3356	3144	-16694	-770	-9038	-177	-85	11	-57	193	961	193	78887582	
2847	3284	-16409	-155	-8965	162	-90	15	-62	194	966	194	78887583	
2369	3467	-15842	254	-8865	384	-93	17	-65	195	971	195	78887583	
1683	3647	-15174	609	-8846	484	-88	17	-63	196	976	196	78887584	
630	3856	-14524	1183	-8688	457	-85	17	-61	197	981	197	78887584	
165	3712	-14451	1840	-8131	297	-83	20	-66	198	986	198	78887585	
358	3543	-14909	2352	-7437	128	-83	21	-67	199	991	199	78887587	
470	3806	-15234	2736	-6882	19	-85	19	-59	200	996	200	78887587	
344	4045	-15470	3259	-6527	-14	-85	19	-57	201	1001	201	78887587	
-41	4263	-15760	3839	-6430	-12	-88	15	-58	202	1006	202	78887588	
-396	4552	-16177	4435	-6365	64	-89	13	-59	203	1011	203	78887588	
-473	4388	-16540	5235	-6218	96	-85	20	-60	204	1016	204	78887589	
-110	3919	-16866	6199	-5988	11	-83	25	-61	205	1021	205	78887590	
738	3306	-16971	7280	-5587	-135	-85	23	-62	206	1026	206	78887601	
1586	2685	-17521	8079	-5344	-282	-86	22	-62	207	1031	207	78887606	
2533	2158	-18019	8359	-5319	-421	-86	22	-60	208	1036	208	78887606	
3056	1320	-18246	8382	-5392	-461	-86	22	-60	209	1041	209	78887607	
2871	517	-18765	8162	-5524	-350	-87	21	-61	210	1046	210	78887629	
2777	32	-19206	7814	-5646	-120	-87	21	-61	211	1051	211	78887634	
3040	-548	-19811	7599	-5667	158	-92	21	-61	212	1056	212	78887635	
2817	-618	-21190	7149	-5688	471	-93	21	-61	213	1061	213	78887635	
1054	-954	-24360	6228	-5492	884	-83	23	-57	214	1066	214	78887635	
-2056	-1312	-27510	4799	-4334	1192	-83	23	-57	215	1071	215	78887636	
-6204	-1360	-29880	2920	-2388	1509	-81	23	-65	216	1076	216	78887637	
-9216	-1997	-30577	1799	-643	1703	-81	23	-65	217	1081	217	78887638	
-11245	-3110	-29887	1065	1096	1804	-82	21	-64	218	1086	218	78887639	
-10338	-4079	-27418	652	2384	1730	-82	20	-64	219	1091	219	78887640	
-6774	-4158	-23860	152	3053	1410	-78	29	-63	220	1096	220	78887641	
-2946	-2343	-20267	-722	2857	933	-77	31	-63	221	1101	221	78887642	
122	-301	-17150	-1359	2007	456	-88	20	-55	222	1106	222	78887642	
2858	1802	-13726	-1312	914	57	-91	17	-53	223	1111	223	78887657	
4190	2980	-11368	-670	161	-58	-83	21	-65	224	1116	224	78887658	
5122	3346	-9792	154	-434	-65	-83	21	-65	225	1121	225	78887658	
5508	3326	-9048	831	-987	-58	-78	24	-66	226	1126	226	78887659	
5292	3128	-8934	1436	-1431	-32	-78	24	-66	227	1131	227	78887659	
4946	2966	-9126	2080	-1596	23	-85	25	-61	228	1136	228	78887660	
4590	2698	-9272	2786	-1492	73	-85	25	-61	229	1141	229	78887661	
4124	2634	-9610	3398	-1209	113	-79	27	-63	230	1146	230	78887661	
3543	2366	-10270	3962	-773	170	-79	27	-63	231	1151	231	78887666	
3116	2058	-10938	4289	-499	205	-79	25	-61	232	1156	232	78887686	
2688	1826	-11916	4636	-304	259	-79	25	-61	233	1161	233	78887687	
2024	1354	-12950	4961	-347	337	-83	23	-65	234	1166	234	78887687	
1362	954	-13958	5118	-465	432	-83	23	-65	235	1171	235	78887687	
1000	534	-14914	5027	-549	481	-73	19	-65	236	1176	236	78887688	
678	78	-15888	4759	-575	510	-73	19	-65	237	1181	237	78887760	
286	-280	-17060	4302	-549	529	-79	23	-65	238	1186	238	78887761	
-595	-622	-18386	3457	-424	545	-79	24	-66	239	1191	239	78887761	
-1393	-1298	-19554	2678	-238	596	-78	26	-68	240	1196	240	78887763	
-2295	-1830	-20412	1680	72	632	-78	25	-69	241	1201	241	78887763	
