-13560	-796	-8539	-2076	442	-66	-671	385	-190	1	1	1	78908496	
-13574	-812	-8518	-2045	412	-58	-667	379	-189	2	6	2	78908497	
-13512	-776	-8570	-2011	386	-70	-669	379	-190	3	11	3	78908497	
-13429	-756	-8538	-1974	357	-84	-675	377	-193	4	16	4	78908498	
-13430	-781	-8626	-1936	337	-112	-674	378	-193	5	21	5	78908498	
-13387	-816	-8709	-1898	324	-136	-669	381	-191	6	26	6	78908499	
-13366	-833	-8688	-1877	294	-165	-670	381	-189	7	31	7	78908513	
-13300	-921	-8660	-1874	254	-207	-674	382	-182	8	36	8	78908571	
-13318	-962	-8711	-1907	200	-279	-673	380	-185	9	41	9	78908573	
-13374	-939	-8740	-1949	169	-356	-672	376	-190	10	46	10	78908574	
-13406	-1019	-8789	-2025	144	-447	-671	377	-189	11	51	11	78908575	
-13459	-1067	-8846	-2108	153	-562	-669	381	-187	12	56	12	78908575	
-13450	-1093	-8816	-2193	211	-676	-669	382	-188	13	61	13	78908576	
-13486	-1142	-8854	-2292	279	-792	-670	386	-192	14	66	14	78908578	
-13455	-1223	-8705	-2417	370	-896	-669	384	-191	15	71	15	78908579	
-13394	-1250	-8616	-2550	388	-1011	-664	376	-188	16	76	16	78908580	
-13459	-1357	-8586	-2688	372	-1113	-666	378	-188	17	81	17	78908585	
-13634	-1406	-8348	-2831	352	-1195	-670	384	-188	18	86	18	78908595	
-13804	-1452	-8190	-2933	364	-1246	-669	382	-190	19	91	19	78908595	
-13942	-1460	-8182	-2998	376	-1258	-668	380	-192	20	96	20	78908596	
-14029	-1384	-8198	-3009	369	-1213	-667	381	-188	21	101	21	78908596	
-14046	-1295	-8185	-2973	304	-1131	-665	383	-183	22	106	22	78908597	
-14050	-1153	-8153	-2909	152	-1011	-668	384	-185	23	111	23	78908597	
-13970	-970	-8074	-2805	-66	-851	-673	385	-189	24	116	24	78908597	
-13866	-841	-8099	-2658	-382	-653	-669	383	-187	25	121	25	78908598	
-13884	-652	-8161	-2466	-732	-440	-664	380	-184	26	126	26	78908599	
-13990	-513	-8194	-2243	-949	-216	-663	378	-188	27	131	27	78908599	
-14026	-461	-8199	-2008	-1014	-20	-663	377	-191	28	136	28	78908623	
-14033	-420	-8169	-1765	-982	146	-667	378	-189	29	141	29	78908646	
-14062	-405	-8177	-1519	-847	279	-673	379	-187	30	146	30	78908646	
-14066	-426	-8173	-1316	-632	338	-670	381	-187	31	151	31	78908647	
-14034	-432	-8149	-1156	-398	342	-666	384	-188	32	156	32	78908648	
-13924	-492	-8262	-1015	-179	288	-668	382	-190	33	161	33	78908648	
-13799	-580	-8406	-957	12	172	-669	379	-191	34	166	34	78908649	
-13696	-641	-8548	-971	183	46	-670	381	-192	35	171	35	78908650	
-13676	-715	-8615	-1033	358	-90	-670	382	-192	36	176	36	78908651	
-13701	-789	-8694	-1124	520	-227	-668	384	-190	37	181	37	78908694	
-13742	-841	-8796	-1247	646	-330	-667	385	-189	38	186	38	78908723	
-13759	-920	-8837	-1395	727	-412	-669	382	-191	39	191	39	78908724	
-13808	-992	-8813	-1542	745	-464	-670	380	-192	40	196	40	78908724	
-13859	-1081	-8676	-1691	720	-484	-666	381	-190	41	201	41	78908725	
-13977	-1122	-8560	-1881	644	-458	-664	382	-188	42	206	42	78908725	
-14172	-1168	-8471	-2041	533	-391	-666	382	-188	43	211	43	78908745	
-14214	-1132	-8380	-2162	436	-313	-666	382	-188	44	216	44	78908753	
-14201	-1086	-8255	-2251	366	-232	-665	380	-189	45	221	45	78908754	
-14184	-1113	-8154	-2294	334	-135	-665	379	-189	46	226	46	78908755	
-14160	-1069	-8080	-2291	308	-52	-668	380	-188	47	231	47	78908755	
-14095	-1012	-8053	-2255	300	17	-670	380	-188	48	236	48	78908756	
-13999	-930	-8002	-2185	329	60	-672	382	-189	49	241	49	78908756	
-13891	-825	-8021	-2063	409	71	-673	383	-189	50	246	50	78908757	
-13817	-814	-8174	-1934	549	56	-671	384	-185	51	251	51	78908757	
-13737	-754	-8315	-1810	723	8	-670	384	-184	52	256	52	78908758	
-13659	-645	-8430	-1656	894	-55	-668	382	-191	53	261	53	78908774	
-13550	-625	-8582	-1499	1017	-121	-667	381	-193	54	266	54	78908818	
-13414	-674	-8640	-1348	1088	-196	-670	381	-191	55	271	55	78908828	
-13372	-694	-8686	-1223	1110	-252	-671	381	-191	56	276	56	78908828	
-13347	-738	-8734	-1133	1079	-302	-666	386	-188	57	281	57	78908829	
-13326	-905	-8790	-1091	1005	-339	-665	387	-187	58	286	58	78908829	
-13322	-1050	-8800	-1145	858	-393	-666	382	-188	59	291	59	78908830	
-13380	-1224	-8794	-1244	726	-452	-666	382	-188	60	296	60	78908830	
-13506	-1412	-8692	-1433	646	-504	-666	378	-188	61	301	61	78908831	
-13724	-1440	-8614	-1645	571	-546	-666	378	-188	62	306	62	78908831	
-13902	-1474	-8452	-1851	472	-573	-666	382	-188	63	311	63	78908832	
-14108	-1570	-8382	-2040	402	-607	-666	382	-188	64	316	64	78908833	
-14208	-1584	-8194	-2197	339	-603	-669	385	-183	65	321	65	78908834	
-14335	-1636	-8034	-2274	323	-611	-669	385	-183	66	326	66	78908834	
-14314	-1616	-8090	-2345	358	-583	-666	380	-186	67	331	67	78908855	
-14200	-1614	-8176	-2382	470	-517	-666	380	-186	68	336	68	78908855	
-14054	-1648	-8048	-2365	565	-466	-668	378	-188	69	341	69	78908856	
-13796	-1490	-8260	-2321	646	-409	-668	378	-188	70	346	70	78908930	
-13602	-1450	-8214	-2243	696	-336	-666	384	-190	71	351	71	78908931	
-13514	-1352	-8388	-2175	729	-274	-666	384	-190	72	356	72	78908931	
-13490	-1242	-8492	-2090	751	-227	-665	383	-191	73	361	73	78908932	
-13556	-1106	-8474	-2026	761	-169	-665	383	-191	74	366	74	78908932	
-13520	-1084	-8554	-1918	748	-136	-666	386	-190	75	371	75	78908932	
-13511	-992	-8676	-1800	661	-99	-665	386	-190	76	376	76	78908933	
-13456	-1078	-8631	-1730	534	-66	-660	384	-192	77	381	77	78908933	
-13348	-1144	-8752	-1715	370	-45	-662	383	-191	78	386	78	78908934	
-13205	-1137	-8771	-1778	163	-17	-668	378	-186	79	391	79	78908940	
-13079	-1116	-8790	-1899	-47	-10	-668	379	-187	80	396	80	78908967	
-13064	-1153	-8786	-2041	-185	-3	-670	384	-190	81	401	81	78908988	
-13163	-1178	-8681	-2148	-281	23	-669	383	-189	82	406	82	78908989	
-13236	-1215	-8700	-2193	-299	64	-667	379	-187	83	411	83	78908989	
-13399	-1165	-8633	-2199	-308	117	-668	380	-188	84	416	84	78908990	
-13546	-1127	-8582	-2179	-343	162	-669	381	-191	85	421	85	78908990	
-13707	-1100	-8493	-2111	-414	170	-668	381	-191	86	426	86	78908991	
-13800	-1115	-8403	-2037	-481	148	-665	381	-193	87	431	87	78908992	
-13928	-1016	-8460	-1962	-510	104	-665	381	-192	88	436	88	78908993	
-13930	-1000	-8554	-1878	-467	69	-665	381	-189	89	441	89	78908994	
-13908	-1090	-8628	-1821	-363	34	-666	379	-189	90	446	90	78908997	
-13877	-1163	-8684	-1804	-284	-43	-671	373	-189	91	451	91	78909008	
-13840	-1204	-8722	-1846	-237	-113	-671	376	-190	92	456	92	78909010	
-13937	-1290	-8806	-1937	-203	-177	-669	383	-191	93	461	93	78909011	
-14086	-1394	-8955	-2049	-162	-237	-667	384	-192	94	466	94	78909011	
-14269	-1388	-8961	-2191	-115	-292	-663	385	-193	95	471	95	78909011	
-14314	-1431	-8825	-2333	-54	-323	-665	385	-192	96	476	96	78909012	
-14286	-1445	-8624	-2413	26	-398	-669	385	-191	97	481	97	78909012	
-14177	-1342	-8438	-2431	131	-510	-666	383	-189	98	486	98	78909013	
-13988	-1294	-8371	-2387	234	-586	-661	379	-185	99	491	99	78909013	
-13938	-1261	-8253	-2322	270	-669	-661	381	-188	100	496	100	78909014	
-14120	-1270	-8113	-2304	215	-773	-661	383	-191	101	501	101	78909014	
-14334	-1205	-8082	-2334	176	-872	-661	384	-190	102	506	102	78909015	
-14660	-1120	-8131	-2395	194	-975	-660	384	-188	103	511	103	78909015	
-15092	-1053	-8146	-2486	320	-1077	-662	385	-189	104	516	104	78909015	
-15437	-1035	-8115	-2591	557	-1141	-666	386	-190	105	521	105	78909034	
-15507	-1037	-8036	-2703	837	-1166	-667	385	-190	106	526	106	78909061	
-15212	-934	-7901	-2840	1015	-1139	-669	383	-189	107	531	107	78909061	
-14858	-670	-7658	-2984	940	-1044	-666	384	-187	108	536	108	78909062	
-14404	-484	-7433	-3002	665	-890	-663	385	-185	109	541	109	78909063	
-13935	-430	-7337	-2930	409	-702	-664	382	-188	110	546	110	78909063	
-13556	-432	-7310	-2780	259	-557	-664	380	-190	111	551	111	78909064	
-13198	-469	-7366	-2594	172	-430	-665	385	-190	112	556	112	78909064	
-12862	-523	-7274	-2392	10	-258	-666	388	-190	113	561	113	78909065	
-12705	-532	-7021	-2129	-349	-79	-667	386	-189	114	566	114	78909065	
-12716	-515	-6889	-1793	-894	101	-668	384	-188	115	571	115	78909066	
-12730	-609	-6851	-1423	-1499	276	-668	382	-183	116	576	116	78909066	
-12927	-690	-7011	-990	-2087	416	-668	380	-180	117	581	117	78909067	
-13165	-792	-7150	-697	-2405	527	-667	384	-186	118	586	118	78909067	
-13282	-998	-7415	-546	-2537	628	-667	385	-187	119	591	119	78909068	
-13492	-1260	-7529	-502	-2596	694	-665	386	-189	120	596	120	78909082	
-13644	-1450	-7506	-543	-2683	722	-664	386	-190	121	601	121	78909086	
-13773	-1657	-7424	-645	-2808	730	-668	381	-194	122	606	122	78909087	
-13872	-1881	-7263	-816	-2966	768	-671	377	-197	123	611	123	78909087	
-13830	-2070	-7155	-1047	-3091	806	-666	379	-190	124	616	124	78909087	
-13615	-2195	-7120	-1338	-3102	786	-663	381	-185	125	621	125	78909126	
-13594	-2100	-7368	-1636	-2912	706	-669	384	-188	126	626	126	78909157	
-13741	-1934	-7904	-1941	-2382	698	-671	385	-189	127	631	127	78909163	
-13698	-1716	-8465	-2228	-1422	759	-673	382	-189	128	636	128	78909165	
-13459	-1539	-8890	-2535	-305	858	-673	381	-189	129	641	129	78909165	
-13015	-1319	-9232	-2820	684	945	-669	383	-190	130	646	130	78909167	
-12617	-1050	-9639	-3054	1413	1009	-668	384	-190	131	651	131	78909167	
-12203	-799	-10066	-3184	1862	1015	-672	377	-191	132	656	132	78909167	
-11918	-564	-10437	-3212	2101	990	-673	375	-191	133	661	133	78909168	
-11814	-222	-10652	-3129	2163	981	-667	387	-189	134	666	134	78909169	
-11756	-168	-10688	-2969	2031	989	-667	387	-189	135	671	135	78909170	
-11708	-92	-10692	-2787	1699	953	-672	384	-188	136	676	136	78909192	
-11728	68	-10772	-2593	1200	921	-672	384	-188	137	681	137	78909192	
-11776	278	-10474	-2373	674	876	-663	387	-185	138	686	138	78909193	
-12016	268	-10546	-2155	218	824	-663	387	-185	139	691	139	78909194	
-12039	226	-10459	-1997	-51	770	-668	380	-185	140	696	140	78909194	
-12193	236	-10384	-1865	-312	691	-669	379	-185	141	701	141	78909195	
-12416	134	-10324	-1756	-589	599	-664	384	-186	142	706	142	78909195	
-12512	-156	-10128	-1713	-834	565	-664	384	-186	143	711	143	78909196	
-12550	-298	-9794	-1711	-1072	519	-666	384	-188	144	716	144	78909196	
-12720	-512	-9578	-1747	-1260	486	-666	384	-188	145	721	145	78909197	
-12910	-746	-9286	-1812	-1327	457	-666	382	-184	146	726	146	78909198	
-13022	-762	-8992	-1934	-1254	410	-666	382	-184	147	731	147	78909198	
-13290	-800	-8830	-2088	-1094	387	-670	380	-182	148	736	148	78909268	
-13690	-870	-8758	-2225	-843	420	-670	380	-182	149	741	149	78909269	
-13980	-770	-8454	-2373	-570	435	-671	379	-187	150	746	150	78909270	
-14240	-501	-8310	-2506	-227	495	-671	380	-187	151	751	151	78909270	
-14352	-364	-8204	-2540	42	547	-671	383	-185	152	756	152	78909271	
-14368	-216	-8151	-2481	301	625	-670	383	-185	153	761	153	78909271	
-14417	-32	-8098	-2340	539	733	-668	382	-186	154	766	154	78909272	
-14318	135	-8243	-2146	743	817	-669	383	-185	155	771	155	78909276	
-14169	316	-8331	-1951	880	877	-671	387	-179	156	776	156	78909301	
-14154	327	-8318	-1772	858	927	-672	386	-180	157	781	157	78909345	
-14074	525	-8336	-1689	722	937	-677	381	-183	158	786	158	78909347	
-14100	608	-8258	-1597	508	941	-675	382	-184	159	791	159	78909349	
-14242	638	-8068	-1440	279	909	-668	384	-190	160	796	160	78909350	
-14410	539	-8047	-1309	85	875	-668	384	-189	161	801	161	78909353	
-14562	526	-7868	-1325	-54	832	-669	383	-187	162	806	162	78909378	
-14775	412	-7697	-1265	-192	779	-668	383	-187	163	811	163	78909421	
-14932	281	-7509	-1205	-287	713	-666	382	-188	164	816	164	78909422	
-15070	-93	-7392	-1136	-294	625	-667	382	-188	165	821	165	78909422	
-15104	-545	-7240	-1266	-249	600	-669	383	-187	166	826	166	78909423	
-15073	-872	-7038	-1626	-171	581	-671	382	-187	167	831	167	78909423	
-14882	-1233	-6902	-2048	-63	490	-677	379	-185	168	836	168	78909423	
-14654	-1373	-6631	-2422	67	384	-675	381	-186	169	841	169	78909425	
-14381	-1393	-6472	-2658	194	265	-673	383	-187	170	846	170	78909426	
-14212	-1288	-6529	-2700	335	177	-671	384	-187	171	851	171	78909426	
-14184	-1290	-6802	-2557	492	163	-668	386	-186	172	856	172	78909427	
-14221	-1372	-7111	-2266	702	186	-670	383	-188	173	861	173	78909427	
-14165	-1262	-7299	-1927	953	231	-674	378	-190	174	866	174	78909428	
-14011	-1038	-7267	-1581	1156	252	-673	379	-186	175	871	175	78909428	
-13779	-908	-7384	-1214	1143	198	-672	380	-182	176	876	176	78909429	
-13689	-811	-7677	-947	961	77	-672	381	-185	177	881	177	78909452	
-13706	-724	-8001	-859	687	-50	-671	381	-187	178	886	178	78909474	
-13944	-590	-8222	-1020	348	-144	-673	380	-186	179	891	179	78909475	
-14386	-566	-8251	-1167	6	-212	-675	379	-185	180	896	180	78909476	
-14791	-688	-8214	-1245	-361	-240	-674	380	-184	181	901	181	78909477	
-15138	-852	-8056	-1420	-736	-224	-672	382	-182	182	906	182	78909478	
-15307	-1052	-7806	-1767	-1097	-146	-670	379	-181	183	911	183	78909479	
-15421	-1250	-7566	-2218	-1291	-105	-668	376	-180	184	916	184	78909479	
-15438	-1439	-7298	-2526	-1198	-106	-669	379	-183	185	921	185	78909480	
-15228	-1659	-7132	-2598	-888	-110	-669	381	-185	186	926	186	78909480	
-14802	-1930	-6976	-2473	-473	-118	-668	382	-186	187	931	187	78909480	
-14248	-2166	-6927	-2209	-79	-107	-668	382	-186	188	936	188	78909481	
-13699	-2232	-7100	-1878	237	-99	-670	383	-187	189	941	189	78909481	
-13176	-2287	-7322	-1548	412	-74	-672	384	-188	190	946	190	78909506	
-12850	-2186	-7492	-1368	366	-53	-668	382	-184	191	951	191	78909523	
-12873	-1959	-7770	-1253	46	-54	-665	381	-181	192	956	192	78909525	
-12962	-1663	-8172	-1107	-352	-132	-671	385	-182	193	961	193	78909612	
-13426	-1131	-8507	-1011	-576	-227	-672	386	-182	194	966	194	78909635	
-14092	-680	-8839	-792	-645	-274	-673	385	-183	195	971	195	78909635	
-14661	-177	-8751	-609	-562	-267	-673	385	-183	196	976	196	78909635	
-15208	260	-8541	-338	-413	-286	-671	382	-182	197	981	197	78909636	
-15666	561	-8340	-45	-224	-320	-670	380	-182	198	986	198	78909637	
-15920	844	-8096	119	-53	-296	-673	382	-186	199	991	199	78909637	
-15954	936	-7874	128	118	-170	-675	383	-189	200	996	200	78909638	
-15814	886	-7683	-33	239	2	-667	381	-186	201	1001	201	78909638	
-15636	526	-7782	-245	377	141	-665	381	-185	202	1006	202	78909639	
-15402	28	-7878	-498	604	233	-671	382	-189	203	1011	203	78909639	
-15123	-664	-8096	-625	1051	186	-672	382	-190	204	1016	204	78909640	
-14575	-1516	-8386	-693	1593	100	-674	384	-188	205	1021	205	78909641	
-14031	-2351	-8436	-931	1999	-31	-675	385	-187	206	1026	206	78909641	
-13435	-3076	-8455	-1194	2103	-142	-670	380	-185	207	1031	207	78909642	
-12654	-3690	-8378	-1455	2000	-309	-669	379	-185	208	1036	208	78909657	
-11608	-4410	-7898	-1716	1592	-582	-681	375	-185	209	1041	209	78909662	
-11054	-4630	-8236	-1840	891	-862	-681	375	-185	210	1046	210	78909662	
-10904	-4536	-8678	-1969	251	-1078	-673	381	-185	211	1051	211	78909663	
-10958	-4320	-8798	-2064	-168	-1207	-673	381	-185	212	1056	212	78909664	
-11380	-3834	-8806	-2047	-462	-1310	-668	378	-182	213	1061	213	78909665	
-11892	-3034	-8866	-2054	-841	-1260	-668	378	-182	214	1066	214	78909666	
-12495	-2326	-8799	-2052	-1104	-1148	-671	383	-179	215	1071	215	78909667	
-13277	-1549	-8784	-2021	-1367	-1033	-672	384	-178	216	1076	216	78909667	
-14402	-774	-8638	-1935	-1515	-853	-665	379	-179	217	1081	217	78909667	
-15364	-230	-8590	-1930	-1350	-658	-665	379	-179	218	1086	218	78909668	
-16086	234	-8320	-1904	-1136	-448	-671	385	-185	219	1091	219	78909668	
-16542	496	-7850	-1886	-963	-215	-671	385	-185	220	1096	220	78909669	
-16570	634	-7314	-1778	-827	-12	-668	382	-186	221	1101	221	78909688	
-16614	590	-6714	-1598	-625	109	-668	382	-186	222	1106	222	78909688	
-16524	448	-6354	-1430	-372	210	-668	382	-184	223	1111	223	78909689	
-16096	136	-6252	-1235	-154	267	-668	382	-184	224	1116	224	78909690	
-15640	-110	-6222	-1105	98	272	-672	388	-182	225	1121	225	78909739	
-14985	-401	-6488	-916	629	234	-671	386	-182	226	1126	226	78909739	
-14379	-786	-6728	-785	964	239	-668	380	-184	227	1131	227	78909740	
-13804	-1081	-7055	-792	1123	242	-668	380	-184	228	1136	228	78909740	
-13278	-1205	-7263	-843	1070	283	-669	379	-183	229	1141	229	78909741	
-12992	-1357	-7508	-889	939	315	-669	381	-183	230	1146	230	78909741	
-12862	-1432	-7648	-940	749	300	-667	387	-183	231	1151	231	78909741	
-12980	-1297	-7712	-1033	502	270	-667	386	-183	232	1156	232	78909742	
-13349	-1228	-7870	-1178	198	217	-667	383	-183	233	1161	233	78909742	
-13825	-1022	-7752	-1430	-101	147	-668	383	-183	234	1166	234	78909743	
-14302	-934	-7707	-1654	-383	55	-671	383	-181	235	1171	235	78909743	
-14906	-777	-7779	-1859	-526	-10	-669	383	-181	236	1176	236	78909744	
-15390	-691	-7794	-2065	-444	-4	-662	384	-180	237	1181	237	78909748	
-15457	-803	-7705	-2241	-169	14	-663	384	-181	238	1186	238	78909765	
-15196	-917	-7385	-2398	191	20	-666	382	-184	239	1191	239	78909766	
-14614	-938	-7081	-2558	495	-43	-668	382	-184	240	1196	240	78909766	
-14003	-1089	-6910	-2647	633	-110	-674	382	-182	241	1201	241	78909767	
-13633	-1182	-6851	-2654	517	-179	-673	382	-184	242	1206	242	78909768	
-13530	-1126	-6997	-2608	192	-202	-668	382	-188	243	1211	243	78909768	
-13624	-1007	-7244	-2486	-90	-162	-670	383	-190	244	1216	244	78909769	
-13826	-848	-7639	-2267	-243	-70	-672	384	-192	245	1221	245	78909770	
-13982	-736	-7973	-2008	-223	33	-674	381	-190	246	1226	246	78909770	
-14039	-748	-8219	-1767	-93	105	-676	376	-186	247	1231	247	78909771	
-13977	-845	-8351	-1587	48	115	-672	379	-184	248	1236	248	78909771	
-13793	-949	-8457	-1526	115	75	-667	383	-181	249	1241	249	78909772	
-13592	-1098	-8474	-1588	56	1	-667	385	-184	250	1246	250	78909782	
-13545	-1137	-8298	-1731	-103	-116	-666	386	-186	251	1251	251	78909793	
-13645	-1095	-8146	-1908	-311	-249	-668	386	-185	252	1256	252	78909793	
-13871	-1060	-7918	-2113	-561	-387	-672	386	-184	253	1261	253	78909794	
-14194	-970	-7641	-2259	-773	-479	-670	384	-183	254	1266	254	78909794	
-14534	-843	-7542	-2308	-910	-478	-666	382	-182	255	1271	255	78909794	
-14864	-758	-7503	-2290	-910	-377	-668	382	-183	256	1276	256	78909795	
-15080	-691	-7585	-2239	-733	-223	-671	383	-185	257	1281	257	78909795	
-15022	-595	-7720	-2177	-429	-33	-672	383	-185	258	1286	258	78909796	
-14759	-643	-7822	-2074	-74	152	-672	382	-184	259	1291	259	78909796	
-14372	-812	-7890	-1942	229	276	-670	381	-181	260	1296	260	78909797	
-13986	-1019	-7982	-1812	433	336	-669	381	-179	261	1301	261	78909797	
-13613	-1265	-8042	-1733	460	342	-669	381	-178	262	1306	262	78909798	
-13348	-1513	-8127	-1736	296	311	-669	381	-177	263	1311	263	78909809	
-13166	-1728	-8275	-1780	4	258	-668	381	-179	264	1316	264	78909817	
-13077	-1964	-8429	-1834	-304	203	-667	381	-181	265	1321	265	78909818	
-13016	-2087	-8510	-1909	-549	129	-668	385	-183	266	1326	266	78909819	
-12918	-2141	-8539	-2022	-744	55	-669	387	-185	267	1331	267	78909820	
-12848	-2176	-8581	-2170	-894	-29	-667	389	-183	268	1336	268	78909838	
-12942	-1920	-8492	-2328	-984	-111	-666	390	-182	269	1341	269	78909863	
-13108	-1731	-8459	-2459	-1004	-166	-669	385	-183	270	1346	270	78909869	
-13302	-1551	-8338	-2578	-984	-224	-670	382	-184	271	1351	271	78909869	
-13552	-1311	-8211	-2670	-913	-270	-673	381	-180	272	1356	272	78909870	
-13822	-1073	-8058	-2717	-815	-294	-675	381	-177	273	1361	273	78909870	
-14107	-888	-7932	-2712	-747	-265	-671	382	-182	274	1366	274	78909870	
-14426	-758	-7766	-2712	-743	-166	-669	383	-185	275	1371	275	78909871	
-14726	-555	-7590	-2722	-749	-64	-667	376	-183	276	1376	276	78909871	
-14954	-376	-7612	-2753	-744	17	-666	374	-182	277	1381	277	78909891	
-15015	-156	-7703	-2754	-699	93	-671	377	-182	278	1386	278	78909897	
-14978	2	-7703	-2704	-558	164	-672	378	-182	279	1391	279	78909897	
-14960	73	-7760	-2554	-374	231	-669	380	-182	280	1396	280	78909898	
-14785	114	-7886	-2372	-152	270	-668	380	-182	281	1401	281	78909898	
-14616	39	-7784	-2161	67	316	-666	383	-179	282	1406	282	78909899	
-14338	-169	-7746	-1956	252	322	-666	384	-178	283	1411	283	78909899	
-14002	-424	-7620	-1793	291	308	-667	385	-179	284	1416	284	78909900	
-13646	-670	-7524	-1761	144	268	-667	385	-179	285	1421	285	78909900	
-13482	-996	-7448	-1859	-140	163	-668	384	-182	286	1426	286	78909900	
-13544	-1144	-7454	-2098	-463	58	-668	384	-182	287	1431	287	78909967	
-13810	-1298	-7400	-2357	-772	-19	-669	383	-179	288	1436	288	78909970	
-14028	-1430	-7443	-2548	-907	-69	-669	383	-179	289	1441	289	78909971	
-14378	-1514	-7446	-2734	-890	-102	-671	385	-183	290	1446	290	78909971	
-14648	-1576	-7425	-2883	-681	-98	-672	386	-184	291	1451	291	78909972	
-14766	-1624	-7376	-3043	-246	-42	-667	385	-185	292	1456	292	78909973	
-14438	-1610	-7382	-3146	155	34	-667	385	-185	293	1461	293	78909973	
-14160	-1380	-7180	-3186	513	104	-671	383	-181	294	1466	294	78909974	
