-17212	-6018	-4674	4101	2272	-190	157	127	13	1	1	1	78940841	
-16986	-6452	-4628	4071	2465	-560	157	127	13	2	6	2	78940841	
-16712	-6714	-4476	3875	2499	-893	158	126	8	3	11	3	78940841	
-16528	-6772	-4236	3535	2389	-1228	158	126	8	4	16	4	78940842	
-16382	-6708	-3964	3059	2208	-1503	168	130	12	5	21	5	78940842	
-16230	-6600	-3906	2465	1964	-1674	168	130	12	6	26	6	78940842	
-16162	-6502	-3660	1825	1712	-1763	160	122	10	7	31	7	78940869	
-16130	-6336	-3630	1199	1526	-1764	160	122	10	8	36	8	78940876	
-16086	-6164	-3476	670	1367	-1760	163	129	9	9	41	9	78940876	
-16058	-6142	-3382	241	1207	-1774	163	129	9	10	46	10	78940877	
-16062	-6132	-3416	-86	1096	-1817	162	130	10	11	51	11	78940877	
-16058	-6220	-3374	-402	1038	-1887	162	130	10	12	56	12	78940877	
-15942	-6326	-3308	-714	1047	-1954	165	129	7	13	61	13	78940877	
-15922	-6368	-3426	-1036	1107	-2031	165	129	7	14	66	14	78940877	
-15808	-6464	-3412	-1340	1165	-2079	165	125	7	15	71	15	78940877	
-15734	-6580	-3390	-1638	1139	-2091	165	125	7	16	76	16	78940877	
-15610	-6496	-3374	-1960	1051	-2091	161	129	9	17	81	17	78940877	
-15622	-6534	-3480	-2325	882	-2054	161	129	9	18	86	18	78940877	
-15598	-6350	-3458	-2728	699	-1981	167	131	7	19	91	19	78940877	
-15740	-6204	-3556	-3162	531	-1886	167	131	7	20	96	20	78940925	
-15826	-6030	-3518	-3589	362	-1756	161	131	9	21	101	21	78940927	
-15960	-5742	-3594	-3984	216	-1642	161	131	9	22	106	22	78940927	
-16048	-5506	-3582	-4295	97	-1548	170	128	6	23	111	23	78940936	
-16118	-5214	-3670	-4520	24	-1451	170	128	6	24	116	24	78940936	
-16158	-4976	-3610	-4664	-4	-1398	159	123	11	25	121	25	78940936	
-16250	-4774	-3640	-4705	-14	-1330	159	123	11	26	126	26	78940936	
-16214	-4568	-3634	-4689	12	-1311	164	126	6	27	131	27	78940943	
-16204	-4480	-3588	-4564	36	-1283	164	126	6	28	136	28	78940964	
-16180	-4346	-3566	-4409	71	-1249	160	124	6	29	141	29	78940964	
-16108	-4362	-3496	-4225	106	-1204	160	124	6	30	146	30	78940964	
-16102	-4276	-3450	-4001	129	-1169	162	122	6	31	151	31	78940964	
-16064	-4264	-3336	-3776	122	-1126	162	122	6	32	156	32	78940964	
-15876	-4258	-3310	-3544	125	-1057	160	122	6	33	161	33	78940964	
-15884	-4196	-3260	-3331	120	-1006	160	122	6	34	166	34	78940981	
-15774	-4298	-3168	-3146	82	-930	163	129	7	35	171	35	78941002	
-15700	-4304	-3112	-2976	48	-837	163	129	7	36	176	36	78941002	
-15616	-4376	-3112	-2823	-16	-744	168	124	6	37	181	37	78941002	
-15590	-4470	-3082	-2684	-96	-637	168	124	6	38	186	38	78941002	
-15608	-4522	-3020	-2567	-200	-550	165	121	5	39	191	39	78941002	
-15686	-4574	-3096	-2475	-305	-456	165	121	5	40	196	40	78941002	
-15688	-4626	-3090	-2396	-352	-337	160	124	6	41	201	41	78941002	
-15744	-4610	-3122	-2311	-402	-243	160	124	6	42	206	42	78941011	
-15758	-4602	-3210	-2211	-412	-174	161	123	5	43	211	43	78941053	
-15832	-4608	-3222	-2108	-414	-71	161	123	5	44	216	44	78941053	
-15912	-4466	-3166	-1983	-409	15	167	127	3	45	221	45	78941053	
-15976	-4418	-3216	-1813	-388	111	167	127	3	46	226	46	78941054	
-15998	-4414	-3278	-1625	-364	181	164	122	2	47	231	47	78941054	
-15958	-4418	-3256	-1470	-327	268	164	122	2	48	236	48	78941054	
-15982	-4508	-3286	-1319	-272	310	160	124	8	49	241	49	78941055	
-15992	-4520	-3290	-1227	-206	354	160	124	8	50	246	50	78941055	
-15964	-4634	-3394	-1177	-152	398	164	124	6	51	251	51	78941055	
-15886	-4680	-3440	-1171	-140	424	164	124	6	52	256	52	78941078	
-15770	-4762	-3498	-1195	-152	449	163	125	3	53	261	53	78941078	
-15764	-4898	-3496	-1280	-194	477	163	125	3	54	266	54	78941078	
-15664	-5012	-3486	-1391	-232	497	165	129	3	55	271	55	78941078	
-15754	-5056	-3478	-1482	-280	535	165	129	3	56	276	56	78941078	
-15736	-5188	-3562	-1560	-371	538	159	123	-1	57	281	57	78941078	
-15786	-5230	-3584	-1624	-478	547	159	123	-1	58	286	58	78941078	
-15730	-5264	-3566	-1716	-558	571	158	120	2	59	291	59	78941089	
-15790	-5276	-3588	-1814	-627	601	158	120	2	60	296	60	78941115	
-15754	-5316	-3562	-1939	-681	642	160	128	2	61	301	61	78941116	
-15790	-5238	-3524	-2093	-750	669	160	128	2	62	306	62	78941116	
-15742	-5328	-3392	-2257	-814	705	166	130	4	63	311	63	78941116	
-15722	-5264	-3440	-2463	-871	718	166	130	4	64	316	64	78941116	
-15722	-5152	-3384	-2708	-898	789	162	124	8	65	321	65	78941116	
-15752	-5060	-3518	-2947	-928	861	162	124	8	66	326	66	78941116	
-15770	-5022	-3402	-3169	-991	919	165	129	1	67	331	67	78941141	
-15786	-4902	-3426	-3336	-1072	990	165	129	1	68	336	68	78941153	
-15880	-4850	-3388	-3475	-1153	1052	162	126	4	69	341	69	78941154	
-15898	-4846	-3436	-3578	-1216	1100	162	126	4	70	346	70	78941154	
-15856	-4750	-3524	-3656	-1236	1105	160	130	4	71	351	71	78941154	
-15894	-4662	-3500	-3724	-1235	1082	160	130	4	72	356	72	78941154	
-15888	-4604	-3468	-3753	-1230	1061	164	128	6	73	361	73	78941155	
-15876	-4574	-3508	-3712	-1229	1036	164	128	6	74	366	74	78941162	
-15878	-4566	-3502	-3633	-1272	1022	161	121	5	75	371	75	78941187	
-15844	-4496	-3390	-3543	-1335	995	161	121	5	76	376	76	78941187	
-15860	-4564	-3414	-3483	-1354	995	158	126	6	77	381	77	78941187	
-15728	-4486	-3632	-3440	-1355	989	158	126	6	78	386	78	78941187	
-15828	-4448	-3512	-3404	-1382	1006	158	130	2	79	391	79	78941187	
-15712	-4326	-3544	-3376	-1434	1048	158	130	2	80	396	80	78941187	
-15826	-4296	-3460	-3314	-1478	1103	163	125	7	81	401	81	78941187	
-15830	-4174	-3440	-3199	-1507	1187	163	125	7	82	406	82	78941207	
-15810	-4172	-3420	-3062	-1529	1285	159	125	-1	83	411	83	78941226	
-15800	-4124	-3358	-2925	-1521	1400	159	125	-1	84	416	84	78941226	
-15776	-4170	-3442	-2817	-1503	1529	159	129	1	85	421	85	78941226	
-15736	-4170	-3450	-2731	-1481	1664	159	129	1	86	426	86	78941226	
-15744	-4202	-3284	-2659	-1488	1781	158	124	-2	87	431	87	78941226	
-15776	-4088	-3388	-2606	-1506	1911	158	124	-2	88	436	88	78941226	
-15660	-4090	-3476	-2527	-1554	2036	164	126	4	89	441	89	78941226	
-15636	-4036	-3498	-2406	-1613	2152	164	126	4	90	446	90	78941226	
-15574	-3964	-3426	-2272	-1702	2262	155	127	-1	91	451	91	78941239	
-15532	-3906	-3452	-2177	-1807	2391	155	127	-1	92	456	92	78941272	
-15490	-3952	-3456	-2104	-1910	2543	152	130	0	93	461	93	78941273	
-15476	-3942	-3320	-2062	-2015	2686	152	130	0	94	466	94	78941273	
-15334	-3980	-3302	-2031	-2103	2820	155	131	5	95	471	95	78941273	
-15190	-3954	-3370	-2010	-2171	2953	155	131	5	96	476	96	78941273	
-15290	-3936	-3364	-2006	-2246	3086	156	130	-4	97	481	97	78941285	
-15210	-3978	-3386	-1975	-2327	3215	156	130	-4	98	486	98	78941322	
-15162	-4056	-3358	-1913	-2459	3346	156	132	0	99	491	99	78941322	
-15284	-4102	-3318	-1861	-2606	3456	156	132	0	100	496	100	78941322	
-15458	-4278	-3376	-1823	-2775	3551	156	134	2	101	501	101	78941322	
-15606	-4368	-3306	-1868	-2926	3645	156	134	2	102	506	102	78941322	
-15708	-4468	-3410	-1981	-3025	3725	154	128	2	103	511	103	78941322	
-15814	-4514	-3344	-2123	-3044	3802	154	128	2	104	516	104	78941322	
-15916	-4446	-3342	-2312	-3012	3869	156	132	4	105	521	105	78941322	
-15878	-4420	-3534	-2503	-2927	3946	156	132	4	106	526	106	78941330	
-15764	-4344	-3472	-2664	-2867	4012	153	131	3	107	531	107	78941368	
-15756	-4234	-3392	-2802	-2877	4064	153	131	3	108	536	108	78941368	
-15640	-4220	-3326	-2945	-2946	4125	148	134	8	109	541	109	78941368	
-15670	-4230	-3272	-3128	-3104	4152	148	134	8	110	546	110	78941368	
-15518	-4206	-3014	-3355	-3324	4183	161	135	-3	111	551	111	78941368	
-15346	-4168	-3022	-3649	-3596	4219	161	135	-3	112	556	112	78941368	
-15248	-4094	-2982	-3976	-3835	4247	157	133	3	113	561	113	78941368	
-15386	-4006	-3162	-4246	-4016	4212	157	133	3	114	566	114	78941390	
-15444	-3990	-3382	-4389	-4078	4159	153	137	3	115	571	115	78941409	
-15436	-3830	-3468	-4448	-4085	4050	153	137	3	116	576	116	78941409	
-15558	-3630	-3668	-4473	-4052	3958	154	142	4	117	581	117	78941409	
-15688	-3500	-3638	-4507	-3990	3875	154	142	4	118	586	118	78941409	
-15774	-3416	-3686	-4511	-3894	3882	150	138	-4	119	591	119	78941409	
-15920	-3190	-3504	-4465	-3786	3896	150	138	-4	120	596	120	78941409	
-16042	-3138	-3264	-4342	-3697	3918	148	140	4	121	601	121	78941417	
-16098	-3082	-3198	-4211	-3628	3950	148	140	4	122	606	122	78941439	
-16166	-3112	-2914	-4084	-3537	3964	150	140	2	123	611	123	78941439	
-16286	-3272	-2856	-3979	-3470	3967	150	140	2	124	616	124	78941439	
-16382	-3406	-2654	-3904	-3394	3934	146	140	4	125	621	125	78941440	
-16336	-3464	-2522	-3855	-3288	3856	146	140	4	126	626	126	78941440	
-16358	-3550	-2474	-3868	-3195	3791	149	137	3	127	631	127	78941440	
-16348	-3630	-2424	-3938	-3145	3736	149	137	3	128	636	128	78941440	
-16270	-3648	-2266	-4051	-3130	3703	146	144	0	129	641	129	78941440	
-16238	-3604	-2314	-4204	-3153	3701	146	144	0	130	646	130	78941440	
-16160	-3570	-2238	-4366	-3276	3729	146	142	6	131	651	131	78941440	
-16160	-3526	-2244	-4528	-3461	3724	146	142	6	132	656	132	78941446	
-16196	-3440	-2138	-4666	-3651	3717	145	143	7	133	661	133	78941475	
-16230	-3376	-2232	-4817	-3781	3719	145	143	7	134	666	134	78941475	
-16204	-3150	-2100	-4903	-3861	3728	144	146	4	135	671	135	78941475	
-16182	-2990	-2088	-4906	-3897	3738	144	146	4	136	676	136	78941476	
-16126	-2868	-2012	-4857	-3920	3755	144	140	8	137	681	137	78941476	
-16058	-2730	-2012	-4757	-3974	3747	144	140	8	138	686	138	78941476	
-16034	-2542	-1916	-4655	-4020	3729	145	149	11	139	691	139	78941476	
-15976	-2418	-1786	-4540	-4029	3713	145	149	11	140	696	140	78941507	
-15948	-2166	-1858	-4375	-4047	3728	144	144	8	141	701	141	78941514	
-15966	-2116	-1838	-4158	-4060	3719	144	144	8	142	706	142	78941515	
-15992	-1988	-1772	-3928	-4125	3736	140	144	2	143	711	143	78941515	
-16150	-1956	-1686	-3677	-4218	3737	140	144	2	144	716	144	78941515	
-16272	-1920	-1698	-3415	-4360	3732	140	148	2	145	721	145	78941515	
-16486	-1952	-1588	-3167	-4457	3751	140	148	2	146	726	146	78941515	
-16702	-1930	-1506	-2912	-4493	3728	139	151	5	147	731	147	78941542	
-16902	-1996	-1594	-2655	-4487	3744	139	151	5	148	736	148	78941553	
-17154	-2090	-1524	-2448	-4438	3750	145	143	5	149	741	149	78941553	
-17420	-2060	-1464	-2303	-4354	3745	145	143	5	150	746	150	78941553	
-17708	-2078	-1472	-2190	-4321	3754	136	146	10	151	751	151	78941553	
-18006	-2118	-1280	-2079	-4347	3730	136	146	10	152	756	152	78941553	
-18060	-2018	-1266	-2047	-4402	3713	144	150	6	153	761	153	78941553	
-18126	-1850	-1078	-2133	-4380	3740	144	150	6	154	766	154	78941553	
-18318	-1710	-1172	-2296	-4224	3973	142	148	6	155	771	155	78941591	
-18384	-1564	-1040	-2359	-4117	4336	142	148	6	156	776	156	78941600	
-18468	-1548	-990	-2289	-4132	4702	141	149	11	157	781	157	78941600	
-18440	-1452	-1076	-2232	-4309	4950	141	149	11	158	786	158	78941600	
-18712	-1450	-1200	-2220	-4587	5097	135	157	7	159	791	159	78941600	
-18988	-1344	-1184	-2212	-4998	5196	135	157	7	160	796	160	78941600	
-19506	-1284	-1228	-2258	-5446	5280	137	153	15	161	801	161	78941600	
-20298	-1152	-1172	-2388	-5803	5343	137	153	15	162	806	162	78941600	
-21452	-904	-858	-2510	-6176	5466	139	153	11	163	811	163	78941638	
-22336	-630	-476	-2562	-6611	5682	139	153	11	164	816	164	78941638	
-22580	-176	-226	-2623	-6662	5981	137	153	11	165	821	165	78941638	
-22178	378	46	-2853	-6052	6284	137	153	11	166	826	166	78941638	
-21678	992	66	-3167	-5299	6427	133	153	13	167	831	167	78941638	
-21336	1582	88	-3176	-5079	6390	133	153	13	168	836	168	78941638	
-21270	1926	394	-2825	-5414	6313	137	149	13	169	841	169	78941638	
-21410	2372	826	-2384	-6109	6290	137	149	13	170	846	170	78941639	
-21668	2892	1318	-1974	-6681	6356	133	157	13	171	851	171	78941689	
-21720	3434	1846	-1556	-6784	6457	133	157	13	172	856	172	78941720	
-21746	4082	2244	-1111	-6571	6474	134	158	12	173	861	173	78941721	
-21586	4648	2878	-528	-6324	6452	134	158	12	174	866	174	78941721	
-21316	4940	3018	167	-6124	6502	134	154	14	175	871	175	78941721	
-21230	5198	3250	822	-5971	6648	134	154	14	176	876	176	78941721	
-21304	5096	3348	1399	-5791	6760	130	158	22	177	881	177	78941721	
-21434	4810	3422	1796	-5465	6752	130	158	22	178	886	178	78941729	
-21354	4492	3526	1921	-4920	6587	127	151	19	179	891	179	78941783	
-21288	4080	3510	1708	-4157	6293	127	151	19	180	896	180	78941801	
-21120	3778	3574	1154	-3291	5809	132	158	20	181	901	181	78941802	
-20890	3310	3692	329	-2446	5218	132	158	20	182	906	182	78941803	
-20738	2942	3838	-667	-1746	4580	133	161	19	183	911	183	78941804	
-20774	2458	3990	-1770	-1181	3953	133	161	19	184	916	184	78941805	
-20768	2118	4114	-2983	-696	3352	131	159	19	185	921	185	78941805	
-20608	1832	4432	-4115	-262	2768	131	159	19	186	926	186	78941805	
-20270	1772	4772	-4977	18	2180	128	164	22	187	931	187	78941806	
-19990	1818	4948	-5524	77	1579	128	164	22	188	936	188	78941806	
-19808	1986	5312	-5862	-86	1010	127	163	19	189	941	189	78941806	
-19726	2404	5658	-6011	-413	460	127	163	19	190	946	190	78941806	
-19880	2956	5976	-5987	-814	-12	124	156	16	191	951	191	78941806	
-20236	3806	6236	-5801	-1147	-385	124	156	16	192	956	192	78941806	
-20560	4674	6446	-5451	-1294	-671	129	163	21	193	961	193	78941814	
-20730	5664	6522	-4988	-1178	-856	129	163	21	194	966	194	78941814	
-20928	6366	6580	-4387	-865	-978	121	163	19	195	971	195	78941814	
-20958	7024	6414	-3631	-470	-1057	121	163	19	196	976	196	78941814	
-20982	7404	6426	-2712	-12	-1129	126	164	18	197	981	197	78941814	
-21098	7522	6228	-1675	361	-1193	126	164	18	198	986	198	78941814	
-21090	7396	6106	-594	619	-1268	128	160	20	199	991	199	78941814	
-20986	6886	5812	489	799	-1340	128	160	20	200	996	200	78941814	
-20924	6306	5506	1478	937	-1380	123	161	19	201	1001	201	78941814	
-20776	5684	5194	2375	1030	-1473	123	161	19	202	1006	202	78941814	
-20628	5076	4850	3252	1060	-1603	125	163	21	203	1011	203	78941814	
-20480	4604	4672	4168	1117	-1773	125	163	21	204	1016	204	78941814	
-20428	4084	4506	4985	1238	-1996	124	160	20	205	1021	205	78941834	
-20340	3744	4272	5604	1394	-2232	124	160	20	206	1026	206	78941888	
-20320	3538	4116	5991	1579	-2448	123	161	13	207	1031	207	78941888	
-20168	3380	4010	6135	1774	-2633	123	161	13	208	1036	208	78941888	
-20012	3262	3936	6076	1908	-2774	128	166	16	209	1041	209	78941888	
-19808	3256	3738	5906	2007	-2844	128	166	16	210	1046	210	78941888	
-19596	3366	3624	5705	2029	-2881	127	161	13	211	1051	211	78941889	
-19334	3428	3554	5477	2010	-2894	127	161	13	212	1056	212	78941889	
-19102	3632	3376	5254	1943	-2873	127	167	19	213	1061	213	78941889	
-18844	3824	3400	5121	1841	-2810	127	167	19	214	1066	214	78941889	
-18724	3828	3356	5046	1701	-2707	131	155	19	215	1071	215	78941904	
-18804	3848	3430	5060	1592	-2566	131	155	19	216	1076	216	78941930	
-18870	3722	3428	5140	1496	-2417	128	160	22	217	1081	217	78941930	
-18922	3346	3204	5221	1541	-2254	128	160	22	218	1086	218	78941930	
-19112	3088	3216	5228	1710	-2121	128	160	16	219	1091	219	78941931	
-19028	2686	3028	5169	1973	-2015	128	160	16	220	1096	220	78941931	
-18944	2270	2918	5100	2236	-1966	130	160	18	221	1101	221	78941931	
-18798	1928	2662	5004	2453	-1999	130	160	18	222	1106	222	78941931	
-18674	1700	2484	4931	2628	-2057	123	157	19	223	1111	223	78941940	
-18508	1450	2242	4801	2736	-2139	123	157	19	224	1116	224	78941980	
-18220	1380	2072	4653	2808	-2243	130	162	18	225	1121	225	78941980	
-18024	1358	1812	4475	2828	-2322	130	162	18	226	1126	226	78941980	
-17720	1352	1602	4299	2812	-2375	127	159	17	227	1131	227	78941980	
-17532	1424	1462	4164	2757	-2389	127	159	17	228	1136	228	78941980	
-17246	1538	1398	4062	2660	-2335	132	164	18	229	1141	229	78941980	
-17072	1698	1210	4005	2579	-2249	132	164	18	230	1146	230	78941985	
-16842	1762	1064	3982	2495	-2126	128	164	12	231	1151	231	78941985	
-16634	1840	988	4018	2429	-1999	128	164	12	232	1156	232	78941986	
-16360	1860	918	4103	2382	-1831	126	160	14	233	1161	233	78941986	
-16066	1892	856	4195	2316	-1695	126	160	14	234	1166	234	78941986	
-16010	1854	800	4255	2280	-1579	130	154	16	235	1171	235	78941986	
-15818	1822	872	4341	2188	-1493	130	154	16	236	1176	236	78941987	
-15638	1708	834	4463	2102	-1431	127	161	19	237	1181	237	78941987	
-15352	1626	834	4588	2014	-1416	127	161	19	238	1186	238	78941987	
-15186	1490	932	4698	1956	-1445	131	159	17	239	1191	239	78942018	
-14934	1370	900	4808	1915	-1509	131	159	17	240	1196	240	78942018	
-14772	1302	978	4911	1855	-1570	125	163	17	241	1201	241	78942019	
-14608	1216	948	4958	1809	-1650	125	163	17	242	1206	242	78942019	
-14294	1168	946	4953	1805	-1720	130	160	20	243	1211	243	78942019	
-14094	1218	952	4864	1810	-1760	130	160	20	244	1216	244	78942019	
-14006	1156	884	4724	1836	-1756	125	163	15	245	1221	245	78942020	
-13842	1132	962	4535	1882	-1774	125	163	15	246	1226	246	78942020	
-13706	1184	1032	4307	1912	-1781	129	161	15	247	1231	247	78942059	
-13562	1222	940	4041	1986	-1769	129	161	15	248	1236	248	78942065	
-13518	1298	996	3766	2083	-1742	131	161	21	249	1241	249	78942065	
-13356	1378	990	3565	2181	-1678	131	161	21	250	1246	250	78942065	
-13198	1530	1060	3427	2229	-1629	135	165	23	251	1251	251	78942065	
-13070	1722	930	3380	2303	-1531	135	165	23	252	1256	252	78942066	
-12988	1874	942	3407	2371	-1382	129	157	13	253	1261	253	78942071	
-12952	2000	1016	3510	2414	-1148	129	157	13	254	1266	254	78942072	
-12940	2186	886	3687	2413	-854	134	160	18	255	1271	255	78942072	
-12840	2370	916	3985	2388	-499	134	160	18	256	1276	256	78942073	
-12736	2538	950	4435	2362	-127	129	155	13	257	1281	257	78942093	
-12434	2718	856	4991	2367	251	129	155	13	258	1286	258	78942101	
-12168	2886	772	5611	2453	630	134	158	20	259	1291	259	78942102	
-11790	2924	594	6339	2523	999	134	158	20	260	1296	260	78942102	
-11468	2880	620	7187	2514	1271	128	160	16	261	1301	261	78942102	
-11262	2864	492	8069	2386	1507	128	160	16	262	1306	262	78942102	
-11102	2654	322	8904	2245	1709	130	162	14	263	1311	263	78942102	
-10960	2430	126	9621	2135	1864	130	162	14	264	1316	264	78942112	
-10932	2176	-42	10205	2084	1985	128	164	14	265	1321	265	78942139	
-10908	1858	-32	10708	1994	2075	128	164	14	266	1326	266	78942139	
-10912	1442	-170	11107	1863	2132	127	159	19	267	1331	267	78942139	
-11002	1110	-200	11365	1733	2183	127	159	19	268	1336	268	78942140	
-11080	676	-292	11457	1643	2194	130	158	20	269	1341	269	78942140	
-11162	186	-370	11400	1630	2203	130	158	20	270	1346	270	78942140	
-11170	-234	-434	11182	1679	2128	130	160	18	271	1351	271	78942140	
-11216	-738	-546	10830	1738	2005	130	160	18	272	1356	272	78942140	
-11230	-1160	-464	10327	1780	1818	132	162	22	273	1361	273	78942140	
-11140	-1450	-534	9730	1832	1570	132	162	22	274	1366	274	78942185	
-11256	-1752	-380	9078	1825	1269	127	163	29	275	1371	275	78942185	
-11212	-1870	-286	8381	1707	927	127	163	29	276	1376	276	78942185	
-11104	-1970	-366	7619	1545	569	128	164	20	277	1381	277	78942185	
-11084	-1826	-472	6836	1426	214	128	164	20	278	1386	278	78942186	
-11076	-1674	-248	6130	1340	-123	131	165	23	279	1391	279	78942186	
-11054	-1428	-318	5488	1234	-450	131	165	23	280	1396	280	78942186	
-11106	-1202	-238	4934	1154	-727	124	160	32	281	1401	281	78942198	
-11172	-978	-112	4489	1079	-980	124	160	32	282	1406	282	78942223	
-11286	-878	-84	4074	1058	-1235	129	161	23	283	1411	283	78942223	
-11492	-838	-88	3682	1116	-1448	129	161	23	284	1416	284	78942223	
-11638	-432	-52	3357	1271	-1621	123	155	27	285	1421	285	78942223	
-11880	-64	56	3238	1498	-1747	123	155	27	286	1426	286	78942223	
-12112	184	108	3400	1780	-1864	128	156	24	287	1431	287	78942223	
-12424	208	-10	3715	2072	-1992	128	156	24	288	1436	288	78942223	
-12652	50	152	4026	2332	-2147	128	164	26	289	1441	289	78942274	
-12886	-62	154	4351	2519	-2331	128	164	26	290	1446	290	78942274	
