-16728	388	-104	-1901	-227	-156	-255	305	-153	1	1	1	84994309	
-16642	362	52	-2004	-276	-174	-255	305	-153	2	6	2	84994309	
-16726	344	290	-2143	-225	-165	-252	306	-146	3	11	3	84994309	
-16818	410	424	-2339	-54	-170	-252	306	-146	4	16	4	84994330	
-16846	398	434	-2527	179	-185	-263	309	-153	5	21	5	84994331	
-16838	378	462	-2731	379	-176	-263	309	-153	6	26	6	84994331	
-16783	441	285	-2874	495	-182	-254	310	-148	7	31	7	84994331	
-16734	464	110	-2918	483	-189	-256	310	-149	8	36	8	84994331	
-16719	521	-74	-2898	394	-192	-264	308	-152	9	41	9	84994331	
-16753	591	-115	-2821	290	-200	-262	308	-151	10	46	10	84994338	
-16712	575	-156	-2711	220	-219	-255	309	-149	11	51	11	84994368	
-16720	578	-172	-2560	174	-236	-258	309	-149	12	56	12	84994368	
-16721	546	-107	-2402	166	-253	-270	310	-150	13	61	13	84994368	
-16743	530	9	-2266	182	-267	-268	309	-150	14	66	14	84994368	
-16726	486	153	-2115	235	-269	-261	307	-149	15	71	15	84994368	
-16774	475	332	-1976	305	-280	-261	307	-150	16	76	16	84994368	
-16803	463	395	-1892	355	-281	-261	307	-151	17	81	17	84994368	
-16814	379	373	-1855	391	-280	-260	307	-152	18	86	18	84994370	
-16745	380	321	-1862	412	-281	-257	305	-155	19	91	19	84994383	
-16646	439	305	-1909	413	-279	-258	305	-153	20	96	20	84994405	
-16670	475	258	-1985	371	-262	-261	305	-147	21	101	21	84994405	
-16649	448	272	-2067	330	-260	-261	305	-148	22	106	22	84994406	
-16700	453	188	-2135	297	-267	-262	304	-150	23	111	23	84994406	
-16734	479	82	-2198	272	-249	-262	305	-151	24	116	24	84994406	
-16780	517	88	-2216	257	-233	-261	307	-153	25	121	25	84994406	
-16819	510	34	-2220	250	-235	-259	307	-151	26	126	26	84994410	
-16834	537	89	-2222	278	-233	-255	307	-147	27	131	27	84994427	
-16831	557	40	-2234	326	-232	-257	307	-149	28	136	28	84994443	
-16796	575	41	-2244	381	-250	-259	307	-151	29	141	29	84994443	
-16769	547	16	-2231	428	-273	-259	307	-148	30	146	30	84994443	
-16757	514	31	-2205	438	-293	-258	306	-144	31	151	31	84994443	
-16743	505	29	-2156	410	-317	-258	307	-145	32	156	32	84994443	
-16726	495	35	-2115	365	-325	-257	307	-145	33	161	33	84994443	
-16723	499	81	-2086	324	-316	-257	307	-147	34	166	34	84994465	
-16750	517	129	-2044	288	-320	-257	307	-149	35	171	35	84994481	
-16761	471	223	-2003	252	-326	-261	308	-151	36	176	36	84994481	
-16744	438	239	-1962	218	-324	-263	309	-153	37	181	37	84994481	
-16696	458	177	-1925	180	-318	-261	307	-151	38	186	38	84994481	
-16640	435	178	-1888	131	-305	-257	303	-149	39	191	39	84994482	
-16686	375	215	-1849	77	-288	-259	304	-148	40	196	40	84994482	
-16730	392	260	-1837	18	-270	-261	305	-147	41	201	41	84994483	
-16757	377	296	-1802	-36	-258	-257	309	-148	42	206	42	84994499	
-16792	392	284	-1767	-70	-268	-255	311	-149	43	211	43	84994515	
-16850	423	266	-1773	-92	-288	-259	307	-148	44	216	44	84994518	
-16913	395	311	-1822	-121	-302	-262	304	-148	45	221	45	84994518	
-16897	359	389	-1832	-110	-287	-260	310	-149	46	226	46	84994519	
-16843	352	438	-1818	-86	-281	-258	314	-150	47	231	47	84994519	
-16816	320	414	-1877	-76	-291	-257	309	-148	48	236	48	84994519	
-16835	208	379	-1967	-72	-289	-256	306	-146	49	241	49	84994526	
-16807	245	432	-1964	-76	-257	-256	304	-149	50	246	50	84994550	
-16726	299	408	-1917	-91	-232	-256	304	-150	51	251	51	84994556	
-16735	335	328	-1816	-73	-212	-252	303	-148	52	256	52	84994556	
-16713	321	256	-1739	-29	-185	-251	303	-147	53	261	53	84994557	
-16794	281	196	-1693	29	-183	-255	309	-148	54	266	54	84994557	
-16862	272	72	-1722	96	-193	-256	310	-148	55	271	55	84994557	
-16937	268	140	-1805	86	-158	-260	310	-147	56	276	56	84994558	
-16797	211	140	-1778	46	-70	-262	310	-146	57	281	57	84994584	
-16711	210	90	-1739	-10	-200	-259	308	-146	58	286	58	84994593	
-16706	222	63	-1808	-100	-237	-258	308	-146	59	291	59	84994593	
-16756	341	130	-1790	-227	-186	-261	310	-152	60	296	60	84994593	
-16861	327	86	-1719	-331	-151	-262	310	-154	61	301	61	84994593	
-16967	151	113	-1655	-324	-73	-256	312	-154	62	306	62	84994593	
-16868	142	82	-1707	-266	-66	-254	312	-154	63	311	63	84994593	
-16804	139	101	-1877	-191	-66	-252	306	-148	64	316	64	84994601	
-16798	342	248	-2010	-221	43	-252	304	-146	65	321	65	84994634	
-16722	28	58	-1923	-194	80	-257	307	-147	66	326	66	84994634	
-16588	198	52	-2034	-187	32	-257	307	-147	67	331	67	84994634	
-16736	422	126	-2248	-224	18	-252	308	-140	68	336	68	84994634	
-16780	450	82	-2242	-283	21	-252	308	-140	69	341	69	84994634	
-16838	174	-2	-2255	-394	-2	-261	309	-147	70	346	70	84994634	
-16770	122	50	-2271	-404	3	-261	309	-147	71	351	71	84994634	
-16788	364	176	-2295	-353	-40	-261	313	-145	72	356	72	84994672	
-16732	374	136	-2307	-192	-76	-261	313	-145	73	361	73	84994672	
-16759	336	132	-2373	-149	-59	-260	310	-148	74	366	74	84994672	
-16740	203	103	-2461	-134	-42	-260	310	-148	75	371	75	84994672	
-16668	376	250	-2607	-203	-28	-257	311	-149	76	376	76	84994673	
-16716	530	328	-2594	-301	-47	-257	311	-149	77	381	77	84994673	
-16702	494	354	-2472	-301	-54	-261	309	-147	78	386	78	84994673	
-16724	584	374	-2464	-265	-70	-261	309	-147	79	391	79	84994673	
-16646	374	264	-2541	-117	-94	-259	311	-149	80	396	80	84994720	
-16672	336	384	-2683	2	-114	-259	311	-149	81	401	81	84994721	
-16847	225	338	-2778	-122	15	-254	308	-150	82	406	82	84994721	
-16892	157	327	-2754	-220	132	-254	307	-150	83	411	83	84994721	
-16911	70	309	-2689	-216	162	-254	304	-150	84	416	84	84994721	
-16856	139	291	-2637	-89	178	-256	305	-149	85	421	85	84994721	
-16801	428	332	-2611	63	160	-263	311	-145	86	426	86	84994722	
-16728	704	366	-2602	167	103	-262	311	-147	87	431	87	84994727	
-16728	682	396	-2558	198	51	-260	310	-156	88	436	88	84994746	
-16833	609	355	-2438	168	-8	-260	310	-154	89	441	89	84994747	
-16962	533	512	-2388	140	-12	-260	312	-146	90	446	90	84994747	
-16942	353	456	-2274	153	34	-259	310	-145	91	451	91	84994747	
-16870	303	447	-2208	245	18	-258	308	-144	92	456	92	84994747	
-16742	288	471	-2170	390	-15	-258	306	-144	93	461	93	84994747	
-16660	186	363	-2146	524	-36	-259	303	-145	94	466	94	84994751	
-16618	59	237	-2147	661	-46	-260	305	-144	95	471	95	84994765	
-16627	55	184	-2211	787	-69	-261	309	-143	96	476	96	84994784	
-16632	235	208	-2347	833	-53	-260	310	-143	97	481	97	84994784	
-16682	319	188	-2383	710	13	-258	314	-144	98	486	98	84994784	
-16647	242	28	-2432	567	30	-259	312	-146	99	491	99	84994784	
-16669	210	-6	-2591	484	29	-260	310	-148	100	496	100	84994784	
-16727	276	-27	-2777	346	70	-258	308	-148	101	501	101	84994784	
-16795	425	-10	-2915	202	127	-255	305	-149	102	506	102	84994800	
-16847	581	-29	-2923	205	149	-257	307	-148	103	511	103	84994827	
-16881	620	9	-2888	229	113	-259	309	-147	104	516	104	84994834	
-16827	549	18	-2789	247	53	-259	309	-145	105	521	105	84994834	
-16751	534	50	-2657	287	-4	-259	309	-143	106	526	106	84994835	
-16754	497	106	-2563	237	-44	-259	311	-146	107	531	107	84994835	
-16770	390	200	-2298	193	20	-258	312	-148	108	536	108	84994835	
-16774	293	206	-2113	215	-9	-260	307	-148	109	541	109	84994840	
-16764	370	328	-2142	335	-24	-262	304	-148	110	546	110	84994868	
-16832	360	374	-2149	549	-33	-261	305	-147	111	551	111	84994885	
-16908	158	316	-2224	771	-46	-260	306	-146	112	556	112	84994885	
-16844	-6	196	-2482	925	-37	-263	308	-149	113	561	113	84994885	
-16852	136	266	-2771	1011	-33	-265	309	-151	114	566	114	84994886	
-16925	415	358	-2911	1044	-20	-264	309	-150	115	571	115	84994886	
-16900	474	234	-2849	1017	-35	-263	309	-149	116	576	116	84994886	
-16844	417	78	-2741	939	-82	-261	310	-151	117	581	117	84994887	
-16792	441	-12	-2667	852	-128	-260	310	-152	118	586	118	84994887	
-16660	470	-56	-2567	723	-172	-260	308	-151	119	591	119	84994897	
-16518	412	-131	-2447	528	-230	-260	306	-150	120	596	120	84994921	
-16467	368	-101	-2316	326	-302	-258	307	-147	121	601	121	84994933	
-16435	188	-78	-2190	167	-349	-257	307	-145	122	606	122	84994933	
-16488	0	-60	-2163	109	-358	-258	305	-149	123	611	123	84994933	
-16637	-126	18	-2270	115	-312	-258	304	-152	124	616	124	84994933	
-16819	-98	151	-2418	195	-247	-260	306	-150	125	621	125	84994934	
-16885	-138	41	-2550	413	-222	-261	307	-149	126	626	126	84994934	
-16807	-131	57	-2744	621	-199	-261	307	-144	127	631	127	84994934	
-16743	-64	-36	-2993	656	-164	-261	307	-143	128	636	128	84994934	
-16724	-51	-283	-3194	589	-170	-259	307	-149	129	641	129	84994941	
-16751	95	-428	-3309	471	-188	-259	307	-151	130	646	130	84994965	
-16798	118	-474	-3245	367	-213	-260	306	-149	131	651	131	84994971	
-16898	96	-342	-3044	330	-269	-260	306	-148	132	656	132	84994971	
-16878	256	-240	-3010	348	-292	-264	308	-152	133	661	133	84994971	
-16826	214	-96	-2977	340	-283	-264	308	-152	134	666	134	84994971	
-16699	299	17	-2920	379	-326	-264	306	-150	135	671	135	84994971	
-16576	343	195	-2854	394	-397	-264	306	-150	136	676	136	84994971	
-16598	508	335	-2798	351	-443	-258	307	-149	137	681	137	84994971	
-16591	354	248	-2778	257	-484	-257	307	-149	138	686	138	84994972	
-16602	410	369	-2832	197	-526	-260	310	-147	139	691	139	84994972	
-16712	574	330	-2846	198	-526	-261	311	-147	140	696	140	84995000	
-16742	406	392	-2696	243	-527	-260	308	-146	141	701	141	84995009	
-16838	452	336	-2649	323	-529	-260	308	-146	142	706	142	84995009	
-16808	322	366	-2705	422	-502	-264	304	-150	143	711	143	84995009	
-16752	378	316	-2816	470	-468	-264	304	-150	144	716	144	84995010	
-16696	266	224	-2911	464	-457	-260	310	-150	145	721	145	84995010	
-16618	112	64	-3025	432	-493	-260	310	-150	146	726	146	84995011	
-16610	-26	180	-3076	417	-482	-260	308	-148	147	731	147	84995021	
-16846	50	268	-3081	401	-503	-260	308	-148	148	736	148	84995049	
-16772	-46	271	-3117	439	-497	-261	307	-147	149	741	149	84995049	
-16778	-105	267	-3302	388	-480	-260	307	-147	150	746	150	84995049	
-16885	70	296	-3524	234	-438	-254	306	-148	151	751	151	84995049	
-16854	224	264	-3590	132	-391	-255	306	-148	152	756	152	84995049	
-16913	309	296	-3547	106	-397	-259	305	-149	153	761	153	84995049	
-16987	418	401	-3466	95	-375	-259	306	-149	154	766	154	84995052	
-17090	656	488	-3350	57	-353	-258	310	-150	155	771	155	84995068	
-17134	552	508	-3191	126	-359	-258	310	-150	156	776	156	84995089	
-17042	449	554	-2952	227	-391	-259	313	-153	157	781	157	84995090	
-16965	658	690	-2780	255	-406	-259	313	-152	158	786	158	84995090	
-16917	856	756	-2518	236	-376	-261	311	-147	159	791	159	84995090	
-16913	774	782	-2265	186	-354	-260	311	-147	160	796	160	84995091	
-16812	759	688	-2108	176	-344	-257	309	-149	161	801	161	84995091	
-16652	713	540	-2057	116	-378	-258	309	-150	162	806	162	84995092	
-16532	808	384	-2105	-39	-379	-260	308	-152	163	811	163	84995103	
-16484	938	370	-2143	-181	-389	-259	307	-151	164	816	164	84995125	
-16551	877	302	-1963	-216	-401	-257	303	-149	165	821	165	84995126	
-16592	842	240	-1760	-204	-424	-258	304	-150	166	826	166	84995126	
-16585	892	363	-1643	-120	-437	-259	305	-151	167	831	167	84995126	
-16564	904	448	-1609	-4	-459	-263	307	-150	168	836	168	84995126	
-16586	943	511	-1641	86	-485	-268	310	-148	169	841	169	84995126	
-16616	904	520	-1626	93	-473	-265	308	-147	170	846	170	84995130	
-16659	914	528	-1518	90	-413	-260	306	-146	171	851	171	84995149	
-16699	922	468	-1338	111	-394	-260	306	-148	172	856	172	84995169	
-16694	822	361	-1208	151	-391	-260	306	-150	173	861	173	84995170	
-16701	636	239	-1163	241	-358	-258	307	-148	174	866	174	84995170	
-16729	641	277	-1100	356	-350	-256	308	-146	175	871	175	84995170	
-16762	775	442	-990	479	-331	-258	307	-146	176	876	176	84995170	
-16765	746	506	-853	628	-292	-262	306	-146	177	881	177	84995171	
-16683	767	534	-769	777	-322	-259	307	-147	178	886	178	84995185	
-16592	822	452	-750	840	-395	-255	309	-149	179	891	179	84995207	
-16641	899	309	-782	806	-452	-260	309	-150	180	896	180	84995207	
-16784	857	395	-796	664	-441	-268	308	-152	181	901	181	84995207	
-16767	594	499	-559	550	-381	-262	309	-150	182	906	182	84995208	
-16692	440	504	-316	645	-401	-255	309	-147	183	911	183	84995208	
-16768	644	631	-238	767	-372	-256	311	-145	184	916	184	84995213	
-16839	528	512	-26	803	-339	-257	313	-143	185	921	185	84995217	
-16884	396	482	17	769	-395	-257	309	-145	186	926	186	84995222	
-16837	293	542	-98	732	-362	-257	307	-147	187	931	187	84995232	
-16700	88	536	-135	708	-272	-258	305	-144	188	936	188	84995237	
-16744	115	528	-77	648	-164	-258	304	-142	189	941	189	84995237	
-16860	91	485	-53	482	-54	-258	303	-150	190	946	190	84995237	
-16876	63	397	-179	298	-40	-258	302	-152	191	951	191	84995237	
-16766	80	336	-327	144	-12	-258	305	-149	192	956	192	84995237	
-16655	65	299	-330	95	20	-258	306	-148	193	961	193	84995237	
-16609	11	207	-210	52	34	-255	305	-147	194	966	194	84995272	
-16597	15	213	-91	10	46	-253	305	-147	195	971	195	84995289	
-16671	9	226	-42	-17	62	-255	307	-148	196	976	196	84995289	
-16757	4	264	-52	-53	92	-257	309	-149	197	981	197	84995290	
-16813	61	244	-51	-98	131	-256	308	-150	198	986	198	84995290	
-16938	22	220	-34	-138	156	-256	308	-150	199	991	199	84995291	
-16874	17	138	-67	-166	155	-254	305	-147	200	996	200	84995291	
-16871	59	118	-122	-192	150	-254	304	-146	201	1001	201	84995308	
-16815	-14	164	-178	-185	146	-255	306	-144	202	1006	202	84995312	
-16827	-34	158	-255	-169	147	-255	307	-143	203	1011	203	84995312	
-16748	-87	151	-349	-125	151	-258	307	-148	204	1016	204	84995312	
-16742	-105	222	-479	-73	152	-259	307	-149	205	1021	205	84995312	
-16749	-88	123	-621	-63	159	-258	311	-145	206	1026	206	84995312	
-16670	-102	186	-803	-59	165	-258	312	-144	207	1031	207	84995312	
-16732	-168	70	-943	-67	183	-257	309	-143	208	1036	208	84995366	
-16652	-98	96	-1086	-80	186	-257	309	-143	209	1041	209	84995366	
-16654	-134	114	-1214	-116	198	-264	312	-152	210	1046	210	84995366	
-16614	-18	118	-1289	-174	202	-264	312	-152	211	1051	211	84995366	
-16680	26	158	-1381	-219	191	-256	308	-148	212	1056	212	84995366	
-16672	62	130	-1461	-275	195	-256	308	-148	213	1061	213	84995366	
-16795	92	152	-1519	-347	191	-255	306	-147	214	1066	214	84995367	
-16796	142	110	-1580	-433	175	-255	305	-147	215	1071	215	84995367	
-16804	122	92	-1651	-485	185	-254	310	-142	216	1076	216	84995389	
-16822	120	182	-1757	-508	198	-254	310	-142	217	1081	217	84995389	
-16792	130	64	-1850	-511	191	-257	303	-143	218	1086	218	84995389	
-16834	140	142	-1917	-541	200	-257	303	-143	219	1091	219	84995389	
-16888	172	84	-1962	-556	190	-260	306	-148	220	1096	220	84995389	
-16876	232	186	-2008	-589	199	-260	306	-148	221	1101	221	84995389	
-16892	122	168	-2044	-608	206	-254	308	-148	222	1106	222	84995389	
-16868	150	222	-2150	-607	204	-254	308	-148	223	1111	223	84995427	
-16861	167	292	-2267	-570	209	-256	308	-146	224	1116	224	84995427	
-16850	194	234	-2368	-532	218	-258	309	-147	225	1121	225	84995427	
-16860	175	249	-2446	-455	216	-265	313	-149	226	1126	226	84995427	
-16886	117	206	-2521	-384	201	-263	313	-149	227	1131	227	84995427	
-16911	103	288	-2553	-344	198	-253	311	-147	228	1136	228	84995427	
-16880	118	321	-2522	-323	195	-254	310	-147	229	1141	229	84995428	
-16844	101	286	-2489	-314	173	-256	304	-148	230	1146	230	84995435	
-16741	130	310	-2485	-322	175	-257	306	-147	231	1151	231	84995464	
-16668	168	342	-2528	-371	155	-260	310	-142	232	1156	232	84995464	
-16727	158	324	-2591	-397	143	-259	310	-142	233	1161	233	84995464	
-16795	120	309	-2659	-393	130	-257	309	-143	234	1166	234	84995464	
-16885	230	252	-2759	-321	126	-258	308	-142	235	1171	235	84995464	
-16949	242	368	-2831	-201	118	-261	305	-139	236	1176	236	84995464	
-16980	234	320	-2877	-37	115	-260	306	-141	237	1181	237	84995472	
-16916	271	412	-2891	96	107	-256	308	-148	238	1186	238	84995509	
-16859	296	419	-2845	162	99	-256	308	-148	239	1191	239	84995536	
-16771	405	450	-2745	147	86	-257	309	-147	240	1196	240	84995536	
-16626	374	352	-2580	26	67	-259	307	-145	241	1201	241	84995537	
