-16676	326	749	239	-308	-392	270	127	-5	1	1	1	85011661	
-16687	319	742	226	-317	-394	270	128	-6	2	6	2	85011661	
-16683	319	771	225	-322	-397	269	124	-6	3	11	3	85011666	
-16705	338	799	231	-329	-398	268	122	-6	4	16	4	85011691	
-16736	407	870	232	-337	-390	267	120	0	5	21	5	85011699	
-16713	400	812	248	-339	-392	267	119	1	6	26	6	85011699	
-16727	301	872	256	-335	-400	267	119	-7	7	31	7	85011699	
-16678	329	879	252	-335	-398	267	119	-9	8	36	8	85011699	
-16655	330	889	264	-326	-392	270	124	-3	9	41	9	85011699	
-16614	319	838	272	-324	-394	272	126	0	10	46	10	85011699	
-16625	336	782	281	-332	-398	272	124	-1	11	51	11	85011706	
-16705	328	794	271	-338	-392	272	122	-2	12	56	12	85011731	
-16638	312	916	281	-337	-388	268	121	0	13	61	13	85011737	
-16651	369	912	295	-331	-388	267	121	1	14	66	14	85011737	
-16671	394	894	300	-332	-394	268	125	-5	15	71	15	85011737	
-16628	377	780	319	-326	-393	268	126	-6	16	76	16	85011738	
-16675	326	744	335	-327	-394	268	126	-3	17	81	17	85011738	
-16639	360	856	352	-327	-397	268	126	-2	18	86	18	85011738	
-16626	391	844	357	-323	-394	266	120	-3	19	91	19	85011759	
-16613	371	793	342	-320	-389	265	119	-3	20	96	20	85011773	
-16648	331	856	321	-329	-380	264	124	-1	21	101	21	85011778	
-16704	320	849	311	-327	-378	264	126	0	22	106	22	85011778	
-16690	280	842	292	-339	-366	266	120	-4	23	111	23	85011779	
-16703	286	792	291	-340	-361	267	119	-5	24	116	24	85011779	
-16665	285	802	292	-341	-362	269	120	-3	25	121	25	85011779	
-16676	318	835	297	-336	-363	270	120	-2	26	126	26	85011779	
-16767	318	791	286	-337	-354	268	122	0	27	131	27	85011808	
-16716	310	791	293	-347	-354	268	122	0	28	136	28	85011815	
-16760	352	820	300	-345	-340	266	124	-2	29	141	29	85011815	
-16722	274	770	315	-344	-338	266	124	-2	30	146	30	85011815	
-16734	306	864	310	-344	-337	269	117	-7	31	151	31	85011815	
-16711	314	861	308	-346	-343	269	117	-7	32	156	32	85011815	
-16724	401	879	332	-342	-348	269	122	-5	33	161	33	85011815	
-16672	414	852	331	-328	-342	269	123	-5	34	166	34	85011815	
-16653	462	852	321	-323	-347	267	122	-4	35	171	35	85011840	
-16626	394	851	317	-326	-355	266	122	-4	36	176	36	85011852	
-16650	406	916	317	-314	-354	271	122	-6	37	181	37	85011854	
-16740	408	888	316	-314	-347	272	122	-6	38	186	38	85011881	
-16706	390	872	311	-289	-346	266	126	-2	39	191	39	85011882	
-16716	336	900	303	-274	-368	266	126	-2	40	196	40	85011882	
-16620	354	832	294	-276	-368	262	126	-2	41	201	41	85011882	
-16668	392	842	301	-282	-371	262	126	-2	42	206	42	85011882	
-16720	420	844	305	-272	-365	268	124	-6	43	211	43	85011894	
-16657	358	786	319	-257	-373	268	124	-6	44	216	44	85011894	
-16644	360	857	323	-259	-366	266	128	-4	45	221	45	85011894	
-16666	354	840	341	-266	-362	265	129	-3	46	226	46	85011894	
-16736	366	788	371	-268	-364	270	126	-2	47	231	47	85011894	
-16732	386	862	360	-256	-363	270	126	-2	48	236	48	85011894	
-16648	406	784	381	-268	-352	267	127	-5	49	241	49	85011894	
-16638	362	808	380	-265	-352	267	127	-5	50	246	50	85011894	
-16706	338	780	383	-276	-342	267	123	-5	51	251	51	85011931	
-16668	410	726	411	-262	-350	267	123	-5	52	256	52	85011931	
-16658	340	872	415	-248	-360	270	126	-8	53	261	53	85011931	
-16675	391	795	421	-267	-352	269	126	-6	54	266	54	85011931	
-16686	370	821	410	-270	-357	267	125	1	55	271	55	85011931	
-16728	440	844	403	-257	-365	267	125	1	56	276	56	85011931	
-16708	436	874	403	-251	-381	265	125	3	57	281	57	85011931	
-16610	506	836	395	-239	-391	265	125	3	58	286	58	85011932	
-16710	462	880	402	-247	-387	265	125	-3	59	291	59	85011976	
-16722	430	944	403	-210	-387	265	125	-3	60	296	60	85011977	
-16636	474	822	396	-202	-393	271	125	-3	61	301	61	85011977	
-16694	422	914	423	-196	-405	271	125	-3	62	306	62	85011977	
-16712	454	866	442	-178	-406	265	121	-1	63	311	63	85011977	
-16684	448	882	454	-150	-419	265	120	-1	64	316	64	85011978	
-16690	432	884	473	-129	-425	267	117	-3	65	321	65	85011978	
-16649	431	838	487	-117	-433	268	118	-3	66	326	66	85011985	
-16674	436	780	495	-105	-428	270	120	-4	67	331	67	85012009	
-16738	372	814	517	-106	-435	270	120	-4	68	336	68	85012009	
-16650	306	870	518	-97	-435	265	121	-1	69	341	69	85012009	
-16630	326	800	528	-110	-441	265	121	-1	70	346	70	85012009	
-16690	356	695	494	-99	-443	271	123	-1	71	351	71	85012009	
-16623	266	695	488	-92	-446	271	123	-3	72	356	72	85012009	
-16671	384	808	476	-93	-449	269	123	-9	73	361	73	85012009	
-16652	368	790	450	-107	-453	269	123	-8	74	366	74	85012014	
-16630	370	788	420	-103	-460	267	123	-3	75	371	75	85012040	
-16669	384	776	388	-110	-462	266	122	-2	76	376	76	85012054	
-16665	440	732	386	-99	-462	264	118	0	77	381	77	85012054	
-16765	430	732	388	-87	-464	265	119	-1	78	386	78	85012055	
-16754	405	794	390	-89	-474	271	125	-5	79	391	79	85012055	
-16725	421	771	384	-94	-477	271	125	-4	80	396	80	85012056	
-16744	418	741	391	-87	-491	270	124	2	81	401	81	85012057	
-16733	436	713	394	-68	-496	269	124	2	82	406	82	85012063	
-16692	361	744	405	-64	-495	265	125	1	83	411	83	85012088	
-16693	374	757	414	-65	-496	266	125	1	84	416	84	85012088	
-16644	340	740	419	-57	-493	270	126	2	85	421	85	85012088	
-16605	320	641	429	-58	-507	270	126	2	86	426	86	85012089	
-16652	361	709	431	-67	-509	268	128	2	87	431	87	85012089	
-16597	360	802	426	-64	-501	267	125	1	88	436	88	85012089	
-16610	388	794	408	-73	-496	265	121	-1	89	441	89	85012112	
-16668	403	743	396	-86	-494	267	122	1	90	446	90	85012152	
-16676	422	755	393	-91	-504	270	124	4	91	451	91	85012161	
-16595	342	795	385	-102	-505	269	122	2	92	456	92	85012161	
-16605	299	740	377	-121	-507	266	116	-4	93	461	93	85012161	
-16614	384	720	355	-128	-504	266	118	-3	94	466	94	85012161	
-16590	346	653	345	-141	-500	264	124	2	95	471	95	85012161	
-16657	329	652	324	-163	-505	267	124	2	96	476	96	85012167	
-16679	368	707	319	-169	-508	271	123	1	97	481	97	85012186	
-16667	354	729	318	-165	-506	268	123	-1	98	486	98	85012202	
-16692	331	721	314	-170	-510	264	122	-4	99	491	99	85012202	
-16682	362	714	308	-181	-514	264	122	-4	100	496	100	85012202	
-16657	351	709	306	-189	-509	264	122	-4	101	501	101	85012202	
-16744	316	666	307	-189	-501	265	123	-3	102	506	102	85012202	
-16697	279	678	315	-193	-505	269	125	1	103	511	103	85012202	
-16692	273	698	305	-186	-518	268	124	-1	104	516	104	85012202	
-16726	328	730	307	-175	-520	263	119	-7	105	521	105	85012202	
-16702	308	718	307	-183	-506	265	120	-5	106	526	106	85012202	
-16698	244	718	293	-186	-496	267	121	-1	107	531	107	85012202	
-16704	214	781	297	-178	-488	267	122	-3	108	536	108	85012202	
-16671	223	814	309	-174	-485	266	124	-6	109	541	109	85012206	
-16667	293	730	305	-186	-480	269	124	-3	110	546	110	85012213	
-16655	320	676	292	-192	-482	274	124	2	111	551	111	85012224	
-16618	338	683	285	-196	-482	270	126	3	112	556	112	85012240	
-16641	332	727	279	-205	-466	265	127	3	113	561	113	85012240	
-16668	313	717	277	-201	-454	265	127	1	114	566	114	85012240	
-16622	265	658	266	-198	-449	265	127	-3	115	571	115	85012240	
-16603	233	600	257	-208	-442	265	126	-3	116	576	116	85012240	
-16618	279	595	254	-225	-433	264	124	-2	117	581	117	85012240	
-16598	288	662	244	-249	-425	264	124	-2	118	586	118	85012241	
-16636	255	650	238	-269	-417	265	125	-1	119	591	119	85012241	
-16653	244	621	210	-284	-401	267	123	0	120	596	120	85012253	
-16674	277	623	192	-310	-394	271	121	1	121	601	121	85012274	
-16646	310	668	187	-331	-380	269	123	-1	122	606	122	85012279	
-16686	228	686	181	-341	-374	268	124	-2	123	611	123	85012279	
-16640	220	635	156	-345	-361	269	127	-1	124	616	124	85012279	
-16602	258	645	132	-352	-358	269	129	-1	125	621	125	85012279	
-16635	267	724	118	-365	-356	270	127	-2	126	626	126	85012279	
-16667	251	756	104	-387	-345	271	125	-3	127	631	127	85012279	
-16671	261	706	91	-400	-337	270	125	-4	128	636	128	85012294	
-16650	290	668	88	-402	-333	268	124	-6	129	641	129	85012317	
-16635	318	724	75	-409	-330	264	126	-5	130	646	130	85012317	
-16698	338	746	78	-412	-317	262	128	-4	131	651	131	85012317	
-16703	327	782	78	-405	-314	264	124	-3	132	656	132	85012318	
-16651	286	749	67	-408	-307	266	122	-2	133	661	133	85012318	
-16609	263	722	75	-426	-300	267	123	-1	134	666	134	85012318	
-16600	300	752	92	-430	-300	268	124	0	135	671	135	85012318	
-16610	301	703	91	-437	-300	267	124	-4	136	676	136	85012334	
-16608	292	690	103	-452	-289	266	124	-6	137	681	137	85012350	
-16642	357	702	99	-465	-280	267	122	-2	138	686	138	85012353	
-16625	354	721	80	-474	-285	267	121	1	139	691	139	85012354	
-16638	331	668	85	-487	-284	266	124	2	140	696	140	85012354	
-16652	362	593	87	-508	-281	266	126	2	141	701	141	85012354	
-16672	337	585	87	-519	-272	263	123	0	142	706	142	85012354	
-16712	241	663	78	-530	-274	261	121	-1	143	711	143	85012361	
-16738	230	670	43	-550	-272	266	125	-2	144	716	144	85012381	
-16748	252	627	5	-556	-274	269	127	-3	145	721	145	85012391	
-16714	306	660	-19	-553	-281	266	126	0	146	726	146	85012391	
-16668	327	700	-36	-566	-276	265	125	1	147	731	147	85012391	
-16725	352	794	-46	-573	-264	266	123	-1	148	736	148	85012391	
-16721	351	768	-33	-574	-266	266	122	-2	149	741	149	85012391	
-16660	322	710	-24	-569	-261	269	125	2	150	746	150	85012391	
-16660	302	780	-21	-558	-257	271	127	5	151	751	151	85012414	
-16634	304	825	-8	-567	-259	270	124	-2	152	756	152	85012429	
-16631	355	774	-5	-575	-261	270	122	-6	153	761	153	85012429	
-16695	326	779	0	-570	-258	269	124	-5	154	766	154	85012429	
-16684	287	772	-2	-553	-264	268	124	-4	155	771	155	85012430	
-16641	338	840	-1	-555	-260	267	122	-2	156	776	156	85012430	
-16698	357	765	-2	-550	-260	267	121	-1	157	781	157	85012430	
-16722	457	819	0	-536	-262	267	124	-4	158	786	158	85012439	
-16754	466	768	30	-539	-271	267	125	-5	159	791	159	85012462	
-16749	407	734	50	-525	-275	266	126	-4	160	796	160	85012471	
-16710	358	767	72	-526	-280	266	126	-4	161	801	161	85012473	
-16679	370	779	84	-525	-278	269	128	-1	162	806	162	85012473	
-16695	304	744	69	-542	-283	270	128	0	163	811	163	85012473	
-16681	342	806	52	-532	-282	269	127	-2	164	816	164	85012473	
-16650	329	782	45	-531	-279	269	127	-3	165	821	165	85012473	
-16574	360	770	32	-543	-271	269	125	0	166	826	166	85012497	
-16650	341	724	20	-551	-280	269	125	1	167	831	167	85012504	
-16655	326	770	20	-546	-274	269	130	-7	168	836	168	85012504	
-16677	362	811	26	-543	-274	269	131	-9	169	841	169	85012504	
-16641	359	760	24	-561	-263	269	125	-3	170	846	170	85012504	
-16644	374	856	8	-561	-277	269	123	-1	171	851	171	85012504	
-16594	399	746	-2	-559	-266	269	125	-3	172	856	172	85012504	
-16638	407	810	-3	-564	-279	269	125	-3	173	861	173	85012513	
-16634	382	750	15	-572	-285	267	131	-2	174	866	174	85012536	
-16643	424	752	10	-576	-287	266	132	-2	175	871	175	85012541	
-16633	425	771	20	-581	-292	265	126	4	176	876	176	85012542	
-16641	425	782	26	-589	-286	265	125	5	177	881	177	85012542	
-16599	420	765	14	-594	-294	268	128	-1	178	886	178	85012542	
-16686	412	748	-14	-584	-315	269	129	-3	179	891	179	85012542	
-16718	468	866	-26	-601	-304	269	125	1	180	896	180	85012543	
-16694	450	868	-4	-589	-321	269	125	1	181	901	181	85012560	
-16658	476	854	13	-592	-313	266	122	0	182	906	182	85012582	
-16690	386	841	31	-592	-313	266	122	0	183	911	183	85012582	
-16691	421	846	74	-582	-326	267	120	-1	184	916	184	85012582	
-16639	424	872	112	-577	-329	267	119	-1	185	921	185	85012582	
-16637	459	915	157	-586	-328	266	123	0	186	926	186	85012582	
-16667	460	782	208	-569	-326	266	124	0	187	931	187	85012583	
-16704	366	934	255	-557	-331	268	124	-4	188	936	188	85012593	
-16750	368	896	283	-555	-330	268	124	-4	189	941	189	85012620	
-16726	318	848	290	-555	-337	268	126	-6	190	946	190	85012620	
-16606	376	814	272	-541	-337	268	126	-6	191	951	191	85012620	
-16740	450	754	265	-564	-330	267	125	3	192	956	192	85012620	
-16646	456	698	261	-570	-334	267	125	3	193	961	193	85012620	
-16652	452	868	234	-544	-334	265	125	-1	194	966	194	85012620	
-16624	467	851	237	-547	-342	265	125	-1	195	971	195	85012620	
-16690	416	856	212	-547	-342	271	123	-3	196	976	196	85012684	
-16662	466	816	193	-528	-345	271	123	-3	197	981	197	85012684	
-16662	416	928	198	-530	-352	271	121	-5	198	986	198	85012684	
-16724	418	864	206	-527	-359	271	121	-5	199	991	199	85012684	
-16690	474	870	228	-501	-363	269	123	1	200	996	200	85012684	
-16656	474	1012	227	-497	-364	269	123	1	201	1001	201	85012684	
-16654	464	1000	241	-492	-371	267	125	-1	202	1006	202	85012684	
-16652	496	922	290	-493	-378	267	125	-1	203	1011	203	85012684	
-16647	476	885	294	-484	-379	265	121	-5	204	1016	204	85012714	
-16649	433	853	320	-497	-386	265	122	-4	205	1021	205	85012722	
-16706	444	792	348	-476	-385	267	127	-1	206	1026	206	85012722	
-16736	444	860	351	-466	-387	267	127	-1	207	1031	207	85012722	
-16710	382	886	366	-487	-391	270	126	-4	208	1036	208	85012723	
-16658	326	880	363	-478	-385	270	126	-4	209	1041	209	85012723	
-16658	442	844	359	-482	-389	268	128	-4	210	1046	210	85012723	
-16696	438	938	378	-491	-399	268	128	-4	211	1051	211	85012723	
-16666	450	914	381	-470	-385	264	124	-8	212	1056	212	85012723	
-16604	460	933	390	-461	-402	264	124	-6	213	1061	213	85012724	
-16658	435	973	411	-466	-400	264	124	0	214	1066	214	85012724	
-16726	404	912	419	-445	-404	264	125	-1	215	1071	215	85012724	
-16696	435	876	415	-446	-411	265	127	-7	216	1076	216	85012728	
-16752	451	1020	424	-436	-415	265	126	-7	217	1081	217	85012745	
-16705	423	960	431	-412	-426	266	122	-6	218	1086	218	85012752	
-16668	376	872	413	-402	-432	266	122	-6	219	1091	219	85012752	
-16792	452	964	401	-401	-433	272	128	-4	220	1096	220	85012752	
-16748	418	1004	407	-368	-440	271	128	-4	221	1101	221	85012752	
-16704	357	867	406	-345	-447	268	126	-2	222	1106	222	85012752	
-16665	380	832	393	-345	-451	269	126	-1	223	1111	223	85012755	
-16689	431	944	390	-340	-461	272	126	4	224	1116	224	85012768	
-16735	431	958	392	-321	-467	271	126	3	225	1121	225	85012792	
-16710	422	905	389	-318	-465	268	126	-2	226	1126	226	85012792	
-16717	439	980	387	-300	-463	267	125	-2	227	1131	227	85012793	
-16687	367	904	394	-277	-466	262	120	-4	228	1136	228	85012793	
-16676	474	972	402	-284	-468	263	120	-4	229	1141	229	85012793	
-16673	456	928	425	-272	-462	266	122	-6	230	1146	230	85012796	
-16634	378	940	440	-271	-466	266	123	-5	231	1151	231	85012813	
-16659	367	887	440	-270	-468	267	125	-3	232	1156	232	85012827	
-16688	328	888	419	-272	-468	267	125	-3	233	1161	233	85012827	
-16638	358	963	387	-277	-464	267	125	-1	234	1166	234	85012827	
-16595	432	919	367	-287	-464	267	125	-1	235	1171	235	85012827	
-16668	448	905	370	-289	-458	265	123	-1	236	1176	236	85012827	
-16623	394	871	361	-294	-460	266	124	0	237	1181	237	85012830	
-16660	404	866	345	-296	-460	268	126	2	238	1186	238	85012846	
-16686	386	875	318	-296	-461	270	125	-1	239	1191	239	85012860	
-16706	343	933	298	-290	-460	272	124	-6	240	1196	240	85012860	
-16765	381	861	292	-289	-461	271	124	-4	241	1201	241	85012860	
-16777	432	808	299	-294	-460	269	125	1	242	1206	242	85012861	
-16760	447	888	308	-289	-468	269	125	0	243	1211	243	85012861	
-16725	472	958	317	-275	-463	270	126	-2	244	1216	244	85012861	
-16675	365	923	325	-266	-459	271	125	-2	245	1221	245	85012868	
-16670	366	886	354	-264	-457	275	121	-3	246	1226	246	85012892	
-16652	359	969	372	-252	-458	271	120	-4	247	1231	247	85012897	
-16676	392	990	383	-240	-458	264	118	-6	248	1236	248	85012897	
-16683	402	952	394	-240	-463	264	121	-6	249	1241	249	85012898	
-16672	419	942	423	-242	-461	263	125	-5	250	1246	250	85012898	
-16690	435	855	439	-235	-457	265	126	-5	251	1251	251	85012901	
-16667	417	883	438	-228	-458	268	128	-4	252	1256	252	85012918	
-16670	375	934	430	-226	-462	268	126	-4	253	1261	253	85012937	
-16628	384	917	410	-225	-474	269	123	-5	254	1266	254	85012938	
-16614	379	886	380	-241	-475	269	122	-6	255	1271	255	85012938	
-16648	370	876	349	-256	-467	268	120	-8	256	1276	256	85012938	
-16621	361	815	312	-244	-467	267	123	-6	257	1281	257	85012939	
-16596	371	851	288	-237	-468	266	128	-2	258	1286	258	85012939	
-16621	358	862	277	-251	-470	265	127	-2	259	1291	259	85012941	
-16657	348	850	266	-257	-469	263	125	-3	260	1296	260	85012959	
-16670	388	800	253	-249	-469	266	127	-1	261	1301	261	85012979	
-16720	375	873	254	-256	-467	271	131	1	262	1306	262	85012981	
-16697	348	920	261	-276	-462	267	125	0	263	1311	263	85012981	
-16666	364	892	275	-269	-462	265	121	-1	264	1316	264	85012981	
-16658	386	890	283	-264	-471	269	123	1	265	1321	265	85012982	
-16644	416	930	282	-257	-471	272	124	2	266	1326	266	85012982	
-16654	422	943	291	-246	-465	272	124	1	267	1331	267	85012995	
-16704	413	883	303	-242	-474	272	124	0	268	1336	268	85013012	
