-16738	181	-423	-1953	342	-51	-258	306	-152	1	1	1	85009658	
-16825	186	-455	-1842	331	-59	-259	305	-151	2	6	2	85009658	
-16837	168	-458	-1766	340	-64	-259	306	-147	3	11	3	85009658	
-16797	130	-489	-1735	361	-66	-259	307	-145	4	16	4	85009664	
-16786	96	-481	-1745	386	-76	-255	305	-149	5	21	5	85009668	
-16761	98	-509	-1796	391	-81	-253	303	-151	6	26	6	85009668	
-16758	110	-548	-1913	372	-97	-258	300	-153	7	31	7	85009668	
-16806	128	-537	-2031	382	-141	-259	299	-153	8	36	8	85009694	
-16791	169	-505	-2106	437	-177	-258	308	-150	9	41	9	85009702	
-16842	213	-465	-2149	495	-201	-258	312	-148	10	46	10	85009702	
-16909	336	-479	-2177	540	-221	-259	306	-153	11	51	11	85009702	
-16877	401	-458	-2190	587	-257	-260	302	-156	12	56	12	85009703	
-16747	388	-440	-2187	607	-281	-258	301	-152	13	61	13	85009703	
-16634	423	-477	-2186	574	-291	-256	300	-150	14	66	14	85009704	
-16571	503	-476	-2197	520	-296	-261	307	-149	15	71	15	85009704	
-16549	382	-446	-2229	495	-274	-263	309	-149	16	76	16	85009711	
-16652	372	-344	-2334	526	-270	-265	305	-151	17	81	17	85009736	
-16740	421	-246	-2445	627	-266	-266	304	-152	18	86	18	85009743	
-16742	406	-274	-2529	750	-235	-261	304	-147	19	91	19	85009743	
-16693	392	-254	-2602	886	-201	-260	304	-146	20	96	20	85009743	
-16703	465	-267	-2598	1015	-183	-259	308	-152	21	101	21	85009743	
-16724	458	-243	-2519	1086	-186	-259	309	-153	22	106	22	85009743	
-16648	538	-366	-2375	1091	-180	-251	303	-149	23	111	23	85009743	
-16612	520	-350	-2250	999	-202	-251	303	-149	24	116	24	85009743	
-16564	500	-546	-2155	801	-186	-255	305	-151	25	121	25	85009771	
-16552	476	-614	-2083	527	-225	-255	305	-151	26	126	26	85009780	
-16606	534	-420	-2118	276	-261	-257	305	-149	27	131	27	85009781	
-16800	582	-400	-2188	110	-287	-257	305	-149	28	136	28	85009781	
-17027	599	-450	-2289	78	-267	-256	304	-150	29	141	29	85009781	
-17021	498	-321	-2406	165	-295	-256	304	-150	30	146	30	85009782	
-16784	446	-267	-2336	459	-313	-255	306	-154	31	151	31	85009782	
-16630	490	-278	-2204	807	-320	-255	307	-155	32	156	32	85009782	
-16568	498	-390	-2252	869	-344	-257	305	-153	33	161	33	85009792	
-16624	508	-558	-2349	842	-317	-257	305	-153	34	166	34	85009817	
-16648	554	-702	-2381	744	-305	-262	304	-156	35	171	35	85009817	
-16640	554	-776	-2384	630	-301	-262	304	-156	36	176	36	85009818	
-16628	498	-946	-2376	523	-314	-260	304	-152	37	181	37	85009818	
-16580	494	-828	-2350	435	-306	-260	304	-152	38	186	38	85009818	
-16630	448	-818	-2303	325	-331	-250	304	-148	39	191	39	85009818	
-16675	462	-586	-2213	224	-328	-251	305	-149	40	196	40	85009823	
-16821	363	-448	-2085	203	-318	-257	307	-155	41	201	41	85009845	
-16849	299	-326	-1998	211	-348	-257	306	-155	42	206	42	85009855	
-16837	185	-266	-1911	274	-379	-256	304	-156	43	211	43	85009855	
-16768	14	-304	-1797	327	-346	-256	305	-155	44	216	44	85009855	
-16746	-32	-279	-1792	324	-337	-258	308	-152	45	221	45	85009855	
-16669	-8	-254	-1834	296	-310	-259	308	-153	46	226	46	85009855	
-16600	-48	-329	-1842	268	-244	-261	309	-155	47	231	47	85009855	
-16660	28	-319	-1913	235	-205	-260	308	-155	48	236	48	85009861	
-16648	54	-354	-2075	189	-189	-256	302	-154	49	241	49	85009885	
-16584	87	-333	-2190	172	-140	-257	303	-154	50	246	50	85009893	
-16611	198	-287	-2133	186	-53	-260	308	-154	51	251	51	85009893	
-16596	157	-290	-1957	237	50	-260	308	-153	52	256	52	85009893	
-16594	228	-346	-1780	316	-6	-259	309	-151	53	261	53	85009893	
-16664	254	-356	-1812	353	-105	-259	309	-151	54	266	54	85009894	
-16717	168	-378	-1671	346	-33	-257	307	-153	55	271	55	85009897	
-16823	-6	-467	-1331	259	68	-258	308	-153	56	276	56	85009913	
-16754	-62	-498	-1269	196	18	-259	311	-153	57	281	57	85009930	
-16748	40	-572	-1422	191	-57	-259	308	-151	58	286	58	85009930	
-16858	98	-600	-1516	130	-78	-259	303	-147	59	291	59	85009930	
-16863	-6	-631	-1456	93	-68	-259	303	-149	60	296	60	85009930	
-16742	-70	-675	-1344	171	-119	-259	303	-153	61	301	61	85009930	
-16696	-5	-654	-1412	230	-181	-259	305	-152	62	306	62	85009930	
-16691	-35	-633	-1566	238	-178	-258	308	-150	63	311	63	85009941	
-16685	-72	-655	-1634	242	-149	-259	306	-150	64	316	64	85009962	
-16668	20	-699	-1688	234	-133	-261	303	-151	65	321	65	85009967	
-16700	95	-774	-1735	214	-123	-260	304	-151	66	326	66	85009968	
-16684	154	-837	-1749	115	-110	-259	305	-151	67	331	67	85009968	
-16642	58	-857	-1735	-10	-112	-258	306	-154	68	336	68	85009968	
-16696	-20	-777	-1780	-106	-103	-256	306	-156	69	341	69	85009968	
-16738	110	-628	-1895	-141	-44	-256	306	-155	70	346	70	85009972	
-16692	191	-607	-1883	-124	-10	-255	307	-153	71	351	71	85009986	
-16708	135	-571	-1813	-21	-3	-255	307	-153	72	356	72	85009999	
-16622	73	-504	-1883	217	59	-256	306	-152	73	361	73	85009999	
-16646	72	-602	-2087	310	72	-258	304	-154	74	366	74	85010000	
-16696	20	-656	-2232	281	138	-259	303	-155	75	371	75	85010000	
-16762	-1	-618	-2096	295	222	-257	308	-153	76	376	76	85010000	
-16659	-26	-651	-1875	405	230	-255	311	-151	77	381	77	85010001	
-16629	-26	-801	-1869	459	180	-257	306	-153	78	386	78	85010005	
-16718	-64	-945	-2079	406	136	-259	303	-155	79	391	79	85010025	
-16835	-51	-970	-2348	291	129	-254	300	-150	80	396	80	85010036	
-16885	77	-957	-2509	184	131	-250	298	-146	81	401	81	85010036	
-16844	138	-952	-2517	103	129	-255	301	-149	82	406	82	85010036	
-16784	117	-852	-2473	96	139	-256	302	-150	83	411	83	85010038	
-16679	120	-804	-2449	128	135	-256	302	-155	84	416	84	85010044	
-16650	261	-737	-2411	150	113	-256	302	-156	85	421	85	85010070	
-16600	336	-728	-2343	144	94	-254	305	-153	86	426	86	85010076	
-16572	357	-669	-2285	136	78	-254	306	-152	87	431	87	85010076	
-16615	381	-681	-2307	111	44	-256	304	-153	88	436	88	85010076	
-16685	343	-630	-2396	92	60	-257	303	-153	89	441	89	85010076	
-16704	276	-518	-2479	132	132	-256	303	-155	90	446	90	85010076	
-16546	214	-528	-2519	273	154	-255	303	-155	91	451	91	85010076	
-16385	130	-576	-2608	422	109	-256	302	-154	92	456	92	85010106	
-16384	11	-583	-2686	515	88	-256	302	-154	93	461	93	85010115	
-16446	-6	-596	-2708	555	110	-259	304	-152	94	466	94	85010115	
-16487	-55	-547	-2712	571	145	-260	304	-152	95	471	95	85010115	
-16612	-100	-593	-2736	556	154	-256	306	-151	96	476	96	85010116	
-16733	15	-640	-2791	498	159	-255	307	-151	97	481	97	85010116	
-16810	50	-790	-2891	447	138	-254	304	-150	98	486	98	85010117	
-16798	50	-746	-3118	449	103	-254	304	-150	99	491	99	85010117	
-16840	126	-696	-3243	477	104	-262	306	-154	100	496	100	85010122	
-16760	150	-774	-3154	506	42	-262	306	-154	101	501	101	85010149	
-16700	284	-826	-3191	499	-50	-261	303	-153	102	506	102	85010150	
-16678	414	-898	-3285	431	-87	-261	303	-153	103	511	103	85010150	
-16696	416	-838	-3246	403	-142	-254	304	-152	104	516	104	85010150	
-16760	436	-894	-3186	319	-176	-254	304	-152	105	521	105	85010150	
-16646	422	-972	-3082	309	-201	-263	303	-153	106	526	106	85010151	
-16537	328	-795	-3034	312	-219	-262	304	-153	107	531	107	85010156	
-16530	266	-782	-3021	180	-185	-258	310	-152	108	536	108	85010178	
-16570	146	-630	-3008	10	-143	-258	310	-152	109	541	109	85010187	
-16508	180	-744	-3055	-11	-154	-263	307	-155	110	546	110	85010187	
-16496	160	-690	-3168	42	-180	-263	307	-155	111	551	111	85010187	
-16454	164	-686	-3328	174	-211	-262	310	-156	112	556	112	85010188	
-16382	78	-668	-3456	318	-226	-262	310	-156	113	561	113	85010188	
-16486	-52	-784	-3521	323	-215	-264	310	-150	114	566	114	85010189	
-16564	-32	-972	-3714	166	-244	-261	309	-151	115	571	115	85010203	
-16670	-36	-921	-3899	55	-259	-251	303	-153	116	576	116	85010225	
-16682	-27	-1053	-4032	11	-262	-254	303	-152	117	581	117	85010225	
-16722	85	-1080	-4225	-38	-277	-267	305	-147	118	586	118	85010225	
-16774	220	-1076	-4484	-78	-300	-266	304	-148	119	591	119	85010225	
-16716	536	-1106	-4674	-98	-229	-264	302	-152	120	596	120	85010225	
-16841	460	-1247	-4583	-213	-171	-263	303	-152	121	601	121	85010225	
-16853	508	-1071	-4483	-312	-165	-257	305	-151	122	606	122	85010232	
-16666	684	-878	-4327	-243	-221	-258	306	-151	123	611	123	85010257	
-16636	897	-714	-4425	-222	-305	-260	308	-150	124	616	124	85010257	
-16739	1003	-712	-4618	-286	-328	-260	306	-153	125	621	125	85010258	
-16754	894	-690	-4524	-342	-329	-259	303	-157	126	626	126	85010258	
-16585	725	-572	-4194	-268	-404	-260	304	-156	127	631	127	85010259	
-16451	579	-457	-3979	-113	-516	-261	305	-155	128	636	128	85010259	
-16471	538	-424	-3946	-22	-547	-261	305	-155	129	641	129	85010261	
-16663	482	-410	-4007	-81	-515	-263	303	-155	130	646	130	85010272	
-16849	407	-457	-4110	-205	-469	-262	304	-155	131	651	131	85010294	
-16910	248	-320	-4091	-146	-405	-260	308	-154	132	656	132	85010294	
-16940	159	-224	-4069	2	-357	-261	306	-155	133	661	133	85010294	
-16924	190	-86	-4074	167	-312	-262	302	-156	134	666	134	85010294	
-16862	210	-78	-4042	327	-276	-262	303	-155	135	671	135	85010294	
-16766	37	-262	-4027	480	-299	-261	305	-153	136	676	136	85010305	
-16678	145	-354	-4108	545	-313	-260	305	-151	137	681	137	85010325	
-16636	336	-554	-4104	453	-270	-258	304	-148	138	686	138	85010331	
-16604	506	-653	-3962	254	-241	-260	303	-150	139	691	139	85010331	
-16547	574	-720	-3711	21	-282	-264	302	-152	140	696	140	85010331	
-16528	607	-704	-3463	-192	-342	-262	305	-153	141	701	141	85010331	
-16604	687	-608	-3384	-304	-377	-261	307	-153	142	706	142	85010332	
-16705	772	-537	-3453	-295	-431	-260	305	-156	143	711	143	85010337	
-16821	855	-434	-3581	-202	-442	-260	304	-158	144	716	144	85010361	
-16894	882	-286	-3613	-44	-428	-264	303	-154	145	721	145	85010376	
-16875	719	-277	-3540	133	-447	-266	302	-152	146	726	146	85010376	
-16766	642	-413	-3529	267	-470	-263	300	-154	147	731	147	85010376	
-16661	715	-451	-3629	327	-478	-261	299	-155	148	736	148	85010377	
-16586	809	-498	-3617	296	-495	-261	304	-154	149	741	149	85010377	
-16592	855	-581	-3541	222	-494	-261	307	-153	150	746	150	85010378	
-16701	853	-599	-3406	139	-486	-259	308	-151	151	751	151	85010389	
-16783	796	-512	-3214	123	-479	-257	309	-149	152	756	152	85010401	
-16711	566	-436	-3027	176	-469	-260	306	-151	153	761	153	85010405	
-16608	492	-311	-2937	258	-472	-262	304	-152	154	766	154	85010405	
-16590	663	-64	-2894	304	-475	-259	303	-154	155	771	155	85010405	
-16633	676	56	-2778	285	-453	-257	303	-155	156	776	156	85010405	
-16641	538	7	-2633	243	-442	-259	305	-154	157	781	157	85010405	
-16730	495	6	-2598	232	-458	-260	306	-154	158	786	158	85010406	
-16775	540	-118	-2532	245	-460	-260	304	-152	159	791	159	85010435	
-16804	605	-84	-2459	235	-454	-260	304	-152	160	796	160	85010444	
-16858	568	-158	-2363	231	-452	-262	305	-151	161	801	161	85010444	
-16897	551	-226	-2252	238	-446	-263	305	-151	162	806	162	85010445	
-16848	614	-232	-2190	241	-442	-261	302	-151	163	811	163	85010445	
-16856	475	-328	-2132	263	-429	-261	301	-151	164	816	164	85010445	
-16902	592	-272	-2109	297	-411	-266	302	-150	165	821	165	85010446	
-16886	492	-438	-2133	312	-404	-266	302	-150	166	826	166	85010453	
-16806	674	-374	-2079	403	-417	-262	306	-154	167	831	167	85010484	
-16690	756	-366	-2089	434	-357	-262	306	-154	168	836	168	85010484	
-16688	642	-262	-1958	423	-265	-259	309	-151	169	841	169	85010484	
-16648	669	-365	-1969	355	-285	-259	309	-151	170	846	170	85010485	
-16618	647	-338	-2077	271	-264	-263	302	-153	171	851	171	85010485	
-16630	691	-204	-2053	155	-241	-264	300	-154	172	856	172	85010485	
-16802	782	-228	-1876	3	-227	-257	305	-155	173	861	173	85010485	
-16748	794	-254	-1701	-95	-209	-257	305	-155	174	866	174	85010514	
-16762	780	-210	-1555	-167	-220	-258	304	-150	175	871	175	85010543	
-16716	714	-236	-1395	-180	-279	-258	304	-150	176	876	176	85010543	
-16780	542	-240	-1228	-243	-264	-259	301	-157	177	881	177	85010543	
-17138	430	-294	-1110	-165	-128	-259	301	-157	178	886	178	85010543	
-17012	172	102	-1312	142	-58	-262	306	-154	179	891	179	85010543	
-16712	206	-98	-1478	475	-38	-262	306	-154	180	896	180	85010543	
-16532	266	-350	-1498	429	-59	-270	302	-154	181	901	181	85010543	
-16576	368	-346	-1274	213	-7	-268	302	-153	182	906	182	85010561	
-16556	408	-389	-1098	48	-22	-262	300	-150	183	911	183	85010561	
-16597	376	-406	-1012	-60	-69	-261	301	-150	184	916	184	85010561	
-16601	386	-406	-996	-85	-91	-258	304	-148	185	921	185	85010562	
-16756	358	-196	-1050	-92	-87	-259	304	-149	186	926	186	85010562	
-16770	469	-104	-1071	-111	-48	-262	302	-154	187	931	187	85010562	
-16864	452	-136	-1021	-103	-11	-261	302	-154	188	936	188	85010564	
-16878	427	-113	-1008	-49	-17	-259	303	-155	189	941	189	85010578	
-16807	445	-200	-1036	11	-10	-260	304	-155	190	946	190	85010599	
-16741	380	-359	-1022	49	-3	-261	305	-155	191	951	191	85010599	
-16742	528	-318	-935	91	-37	-261	305	-156	192	956	192	85010599	
-16717	584	-372	-837	111	-65	-262	304	-158	193	961	193	85010600	
-16760	485	-434	-749	128	-65	-262	304	-158	194	966	194	85010600	
-16721	388	-476	-687	159	-43	-260	304	-156	195	971	195	85010600	
-16746	458	-382	-641	167	-46	-259	305	-155	196	976	196	85010604	
-16803	416	-372	-667	109	-58	-257	307	-149	197	981	197	85010625	
-16844	405	-334	-713	60	-62	-257	307	-150	198	986	198	85010650	
-16806	368	-352	-718	43	-87	-258	306	-152	199	991	199	85010651	
-16738	391	-327	-718	47	-100	-258	306	-152	200	996	200	85010652	
-16699	400	-330	-708	5	-88	-259	305	-153	201	1001	201	85010652	
-16731	298	-373	-663	-59	-65	-260	305	-153	202	1006	202	85010652	
-16806	234	-350	-649	-101	-41	-262	304	-154	203	1011	203	85010653	
-16883	179	-262	-659	-122	-13	-261	306	-154	204	1016	204	85010668	
-16917	132	-278	-692	-141	7	-259	309	-153	205	1021	205	85010689	
-16894	117	-276	-740	-160	33	-255	308	-152	206	1026	206	85010690	
-16834	72	-295	-729	-169	49	-251	307	-151	207	1031	207	85010690	
-16803	40	-369	-712	-168	48	-256	307	-152	208	1036	208	85010690	
-16773	65	-375	-711	-170	40	-259	307	-153	209	1041	209	85010691	
-16754	102	-280	-729	-156	13	-256	309	-154	210	1046	210	85010691	
-16747	128	-265	-762	-152	-4	-254	310	-154	211	1051	211	85010691	
-16775	176	-252	-790	-173	-10	-257	309	-154	212	1056	212	85010691	
-16821	148	-214	-786	-211	-15	-261	307	-153	213	1061	213	85010691	
-16815	50	-319	-778	-225	-22	-259	305	-152	214	1066	214	85010691	
-16781	96	-344	-831	-233	-39	-256	302	-150	215	1071	215	85010709	
-16809	126	-289	-852	-287	-47	-254	300	-152	216	1076	216	85010725	
-16881	132	-275	-815	-334	-55	-253	299	-153	217	1081	217	85010725	
-16892	92	-293	-776	-341	-62	-257	305	-155	218	1086	218	85010725	
-16842	105	-408	-765	-332	-68	-259	309	-157	219	1091	219	85010725	
-16769	173	-429	-812	-349	-69	-254	307	-153	220	1096	220	85010725	
-16755	199	-406	-866	-380	-62	-250	306	-150	221	1101	221	85010725	
-16777	178	-352	-919	-427	-54	-254	305	-152	222	1106	222	85010732	
-16756	158	-464	-1007	-475	-50	-257	305	-153	223	1111	223	85010760	
-16783	118	-546	-1098	-519	-30	-256	303	-144	224	1116	224	85010769	
-16797	153	-490	-1243	-542	-37	-256	302	-142	225	1121	225	85010770	
-16790	84	-495	-1413	-548	-31	-260	301	-149	226	1126	226	85010770	
-16786	104	-457	-1537	-558	-19	-261	301	-151	227	1131	227	85010771	
