14	58	-16034	-67	-529	-124	-14	-70	50	1	1	1	74444941	
8	87	-15977	-76	-529	-118	-15	-66	48	2	6	2	74444948	
20	66	-16034	-82	-532	-113	-15	-65	47	3	11	3	74444949	
-12	42	-15958	-83	-529	-112	-12	-65	49	4	16	4	74444949	
-20	44	-16000	-93	-529	-120	-11	-65	49	5	21	5	74444949	
29	35	-15997	-85	-528	-123	-14	-66	48	6	26	6	74444949	
29	46	-16017	-82	-532	-122	-15	-67	47	7	31	7	74444950	
20	49	-16047	-84	-534	-124	-13	-69	50	8	36	8	74444950	
-4	79	-16051	-93	-535	-130	-12	-70	52	9	41	9	74444951	
-6	26	-16066	-94	-543	-135	-10	-70	49	10	46	10	74444951	
-15	40	-16062	-83	-551	-137	-10	-70	48	11	51	11	74445012	
8	32	-15985	-78	-538	-141	-14	-68	49	12	56	12	74445029	
17	97	-16032	-70	-542	-147	-15	-67	49	13	61	13	74445030	
32	93	-16006	-58	-540	-155	-13	-70	49	14	66	14	74445031	
82	128	-15935	-46	-552	-155	-13	-71	49	15	71	15	74445031	
17	135	-15898	-31	-541	-157	-15	-74	52	16	76	16	74445031	
17	150	-15962	-30	-529	-151	-15	-75	53	17	81	17	74445031	
50	132	-15950	-16	-510	-159	-17	-71	47	18	86	18	74445031	
60	160	-16012	-24	-505	-164	-17	-71	47	19	91	19	74445032	
112	126	-15894	-19	-521	-161	-11	-67	53	20	96	20	74445032	
26	144	-15930	-13	-507	-162	-11	-67	53	21	101	21	74445084	
44	111	-15985	-19	-511	-154	-15	-70	49	22	106	22	74445084	
-3	101	-15999	-23	-506	-152	-16	-70	48	23	111	23	74445084	
27	142	-16078	-31	-499	-157	-14	-66	47	24	116	24	74445085	
25	158	-16002	-47	-497	-154	-13	-65	47	25	121	25	74445085	
-16	110	-16008	-52	-507	-155	-16	-66	48	26	126	26	74445085	
24	176	-15970	-60	-491	-163	-16	-66	48	27	131	27	74445085	
16	138	-16030	-59	-508	-162	-11	-71	49	28	136	28	74445086	
-16	164	-16024	-69	-494	-161	-11	-71	49	29	141	29	74445086	
4	228	-15974	-60	-494	-168	-9	-69	49	30	146	30	74445086	
18	218	-15962	-72	-491	-155	-9	-69	49	31	151	31	74445086	
38	178	-16014	-70	-479	-147	-14	-66	50	32	156	32	74445087	
0	140	-15992	-63	-485	-157	-14	-66	50	33	161	33	74445087	
34	152	-16038	-45	-483	-147	-13	-75	47	34	166	34	74445106	
-3	132	-16040	-46	-485	-140	-13	-74	48	35	171	35	74445106	
-15	171	-16042	-38	-481	-135	-14	-68	52	36	176	36	74445112	
-8	126	-16062	-18	-463	-120	-14	-68	52	37	181	37	74445130	
-56	100	-15974	-16	-466	-113	-22	-70	48	38	186	38	74445131	
6	114	-15944	-23	-435	-124	-22	-70	48	39	191	39	74445131	
44	92	-15966	-25	-423	-135	-10	-66	54	40	196	40	74445131	
76	40	-15944	-46	-416	-122	-10	-66	54	41	201	41	74445132	
120	44	-15946	-76	-404	-127	-14	-66	48	42	206	42	74445132	
124	13	-15895	-106	-382	-130	-14	-67	47	43	211	43	74445182	
142	21	-15993	-120	-374	-130	-15	-69	45	44	216	44	74445183	
173	40	-16097	-144	-384	-134	-14	-69	46	45	221	45	74445183	
182	39	-16020	-150	-386	-139	-12	-70	48	46	226	46	74445183	
200	34	-16007	-145	-396	-133	-13	-70	48	47	231	47	74445183	
191	-4	-15972	-149	-403	-129	-18	-68	50	48	236	48	74445184	
148	-11	-16033	-149	-423	-135	-17	-69	50	49	241	49	74445184	
143	-34	-16004	-143	-437	-139	-13	-71	51	50	246	50	74445184	
113	-13	-16028	-149	-455	-138	-11	-71	49	51	251	51	74445184	
148	11	-16027	-158	-471	-147	-8	-70	46	52	256	52	74445190	
185	20	-16038	-148	-476	-153	-10	-70	46	53	261	53	74445209	
146	-6	-16071	-142	-490	-156	-18	-68	46	54	266	54	74445209	
143	37	-15960	-139	-506	-152	-16	-68	46	55	271	55	74445209	
78	-4	-15998	-135	-510	-159	-8	-68	44	56	276	56	74445209	
81	9	-15919	-133	-511	-159	-9	-67	45	57	281	57	74445210	
62	0	-15840	-127	-519	-160	-15	-61	49	58	286	58	74445210	
59	52	-15951	-119	-530	-158	-14	-64	48	59	291	59	74445210	
37	59	-15866	-106	-526	-145	-11	-71	45	60	296	60	74445210	
55	75	-15925	-90	-520	-140	-11	-71	47	61	301	61	74445211	
50	106	-15986	-82	-517	-131	-10	-70	50	62	306	62	74445230	
53	66	-15988	-77	-515	-128	-13	-71	51	63	311	63	74445259	
60	72	-15983	-77	-515	-133	-18	-72	52	64	316	64	74445259	
92	81	-15997	-97	-512	-136	-17	-70	51	65	321	65	74445259	
96	57	-15921	-123	-508	-145	-15	-67	49	66	326	66	74445259	
85	115	-15908	-159	-505	-150	-15	-67	49	67	331	67	74445260	
115	141	-15909	-197	-496	-158	-16	-66	50	68	336	68	74445260	
120	145	-15980	-212	-491	-163	-14	-66	49	69	341	69	74445260	
117	187	-15959	-212	-509	-169	-12	-66	48	70	346	70	74445260	
115	197	-15948	-212	-523	-170	-13	-66	48	71	351	71	74445281	
113	218	-15950	-211	-538	-173	-15	-67	47	72	356	72	74445322	
140	277	-15943	-197	-550	-175	-15	-69	49	73	361	73	74445337	
179	315	-15970	-175	-554	-180	-16	-72	52	74	366	74	74445337	
152	327	-16064	-145	-554	-178	-14	-72	50	75	371	75	74445337	
141	377	-16067	-114	-564	-176	-11	-73	47	76	376	76	74445338	
108	384	-16010	-76	-570	-174	-10	-69	48	77	381	77	74445339	
128	409	-16016	-39	-572	-168	-10	-66	48	78	386	78	74445387	
106	406	-16008	-12	-571	-168	-12	-68	52	79	391	79	74445419	
93	411	-16036	-5	-571	-167	-14	-70	54	80	396	80	74445419	
90	403	-16003	-1	-569	-169	-12	-69	52	81	401	81	74445419	
67	395	-15978	8	-568	-171	-11	-69	51	82	406	82	74445420	
76	388	-16001	13	-566	-168	-13	-67	53	83	411	83	74445420	
84	388	-15974	10	-563	-165	-17	-65	55	84	416	84	74445420	
69	418	-15940	-1	-550	-163	-14	-67	53	85	421	85	74445420	
60	413	-15928	-10	-539	-161	-12	-68	52	86	426	86	74445421	
70	388	-15966	-25	-535	-153	-14	-67	50	87	431	87	74445421	
95	388	-15946	-38	-540	-147	-15	-67	49	88	436	88	74445421	
89	366	-15962	-51	-549	-137	-13	-68	50	89	441	89	74445421	
100	312	-15965	-67	-544	-125	-12	-68	50	90	446	90	74445422	
104	319	-15920	-81	-535	-116	-13	-69	49	91	451	91	74445434	
95	305	-16027	-89	-542	-110	-13	-69	49	92	456	92	74445442	
129	284	-15975	-87	-544	-103	-15	-66	47	93	461	93	74445442	
80	253	-16008	-89	-538	-95	-15	-65	47	94	466	94	74445442	
93	163	-15950	-81	-539	-88	-14	-64	49	95	471	95	74445443	
100	179	-15990	-75	-534	-85	-14	-64	50	96	476	96	74445443	
88	147	-16000	-66	-542	-77	-11	-69	46	97	481	97	74445443	
114	134	-15986	-61	-547	-74	-10	-72	44	98	486	98	74445459	
129	86	-15961	-55	-559	-71	-13	-73	45	99	491	99	74445470	
99	60	-15955	-51	-566	-61	-15	-73	45	100	496	100	74445471	
75	32	-15991	-40	-554	-62	-12	-72	50	101	501	101	74445471	
101	31	-16052	-36	-552	-80	-11	-71	51	102	506	102	74445471	
132	15	-15917	-31	-559	-82	-14	-65	51	103	511	103	74445471	
146	-1	-15997	-33	-551	-94	-15	-63	51	104	516	104	74445471	
100	-23	-15978	-42	-557	-96	-12	-65	51	105	521	105	74445472	
130	-25	-15932	-41	-557	-95	-11	-65	51	106	526	106	74445472	
122	2	-15919	-43	-552	-103	-13	-67	49	107	531	107	74445472	
136	-42	-15984	-57	-565	-111	-13	-67	49	108	536	108	74445489	
142	-100	-16040	-67	-561	-124	-16	-66	50	109	541	109	74445494	
178	-42	-15944	-63	-548	-134	-16	-66	50	110	546	110	74445521	
222	-50	-16060	-62	-548	-128	-17	-71	49	111	551	111	74445522	
109	-72	-16007	-73	-555	-139	-17	-71	49	112	556	112	74445522	
115	-46	-15969	-75	-561	-140	-15	-68	49	113	561	113	74445523	
157	-33	-16002	-77	-562	-139	-15	-67	49	114	566	114	74445523	
147	-40	-15972	-67	-570	-145	-21	-69	53	115	571	115	74445523	
132	-44	-16013	-79	-582	-138	-22	-70	54	116	576	116	74445523	
136	-23	-16004	-76	-586	-138	-18	-72	48	117	581	117	74445524	
172	-40	-15946	-67	-584	-145	-17	-73	47	118	586	118	74445524	
84	-16	-15928	-56	-585	-159	-6	-66	46	119	591	119	74445525	
152	10	-15956	-56	-584	-161	-6	-66	46	120	596	120	74445549	
120	-6	-16016	-47	-589	-156	-12	-74	52	121	601	121	74445549	
110	38	-15992	-51	-603	-152	-12	-74	52	122	606	122	74445549	
78	84	-16010	-49	-597	-146	-12	-66	50	123	611	123	74445549	
102	86	-15964	-53	-596	-144	-12	-66	50	124	616	124	74445550	
72	84	-15912	-66	-593	-148	-19	-61	49	125	621	125	74445550	
104	139	-16025	-78	-589	-150	-18	-63	49	126	626	126	74445550	
106	152	-15990	-82	-591	-151	-13	-71	51	127	631	127	74445550	
90	104	-15910	-89	-593	-149	-13	-71	51	128	636	128	74445551	
90	104	-16036	-88	-595	-153	-13	-69	53	129	641	129	74445551	
132	120	-16046	-95	-586	-142	-13	-69	53	130	646	130	74445551	
102	158	-15964	-95	-587	-150	-17	-71	51	131	651	131	74445624	
56	186	-15968	-94	-578	-148	-17	-71	51	132	656	132	74445624	
136	154	-16000	-88	-585	-129	-16	-70	48	133	661	133	74445624	
94	164	-15970	-97	-584	-135	-16	-70	48	134	666	134	74445624	
5	214	-16053	-102	-589	-134	-17	-65	45	135	671	135	74445625	
6	221	-16030	-98	-579	-133	-16	-66	46	136	676	136	74445625	
73	220	-16010	-93	-593	-127	-14	-70	50	137	681	137	74445625	
114	206	-15974	-81	-592	-124	-14	-69	49	138	686	138	74445625	
88	218	-15987	-86	-588	-118	-16	-66	44	139	691	139	74445630	
120	203	-15994	-90	-584	-116	-17	-67	45	140	696	140	74445656	
54	229	-15976	-94	-575	-113	-19	-71	49	141	701	141	74445675	
14	216	-16004	-94	-580	-110	-19	-71	49	142	706	142	74445675	
31	242	-15907	-87	-587	-107	-13	-69	49	143	711	143	74445675	
86	200	-15856	-93	-579	-104	-13	-69	49	144	716	144	74445676	
88	229	-15982	-85	-586	-99	-11	-71	51	145	721	145	74445676	
41	200	-16040	-80	-585	-95	-11	-70	51	146	726	146	74445676	
73	149	-15911	-83	-571	-98	-12	-64	50	147	731	147	74445677	
97	192	-15900	-81	-565	-97	-12	-65	50	148	736	148	74445677	
101	188	-16040	-77	-563	-95	-12	-70	50	149	741	149	74445677	
70	174	-16050	-89	-562	-94	-12	-69	49	150	746	150	74445684	
65	167	-16016	-85	-567	-98	-11	-67	47	151	751	151	74445703	
64	166	-16054	-92	-570	-100	-12	-66	49	152	756	152	74445704	
96	154	-15955	-94	-566	-101	-13	-65	53	153	761	153	74445704	
82	144	-15948	-101	-570	-100	-12	-65	52	154	766	154	74445705	
66	139	-15984	-105	-570	-103	-10	-64	50	155	771	155	74445705	
99	139	-16023	-100	-566	-109	-11	-65	49	156	776	156	74445705	
133	107	-16024	-97	-567	-111	-14	-68	46	157	781	157	74445705	
106	115	-15955	-98	-574	-104	-13	-68	47	158	786	158	74445706	
143	103	-15974	-92	-581	-102	-9	-69	51	159	791	159	74445706	
77	88	-16056	-92	-578	-96	-12	-70	51	160	796	160	74445706	
133	64	-16015	-94	-577	-94	-16	-72	52	161	801	161	74445735	
132	60	-15983	-88	-573	-107	-16	-71	50	162	806	162	74445779	
138	72	-15998	-80	-572	-114	-15	-69	47	163	811	163	74445779	
115	86	-15967	-72	-566	-108	-13	-70	49	164	816	164	74445779	
85	98	-15936	-70	-564	-112	-11	-71	53	165	821	165	74445780	
93	96	-16018	-78	-572	-119	-13	-70	52	166	826	166	74445802	
101	66	-15995	-91	-576	-119	-16	-68	50	167	831	167	74445834	
74	78	-15965	-94	-564	-120	-14	-67	47	168	836	168	74445834	
63	112	-15998	-96	-567	-127	-13	-67	45	169	841	169	74445834	
72	113	-16016	-98	-572	-133	-11	-69	49	170	846	170	74445835	
65	74	-16083	-97	-576	-131	-10	-70	52	171	851	171	74445835	
60	56	-16083	-90	-580	-126	-14	-71	51	172	856	172	74445835	
51	86	-15990	-82	-583	-124	-21	-73	49	173	861	173	74445835	
49	92	-15998	-78	-581	-124	-16	-69	49	174	866	174	74445835	
91	87	-16004	-70	-582	-127	-8	-64	48	175	871	175	74445836	
95	96	-15955	-69	-587	-125	-10	-66	49	176	876	176	74445836	
50	117	-16007	-72	-578	-117	-12	-68	50	177	881	177	74445865	
44	102	-16013	-76	-576	-113	-12	-68	49	178	886	178	74445884	
101	76	-15997	-74	-572	-112	-12	-68	48	179	891	179	74445885	
110	112	-16034	-69	-574	-110	-14	-70	47	180	896	180	74445885	
106	105	-16034	-69	-578	-113	-15	-71	47	181	901	181	74445885	
69	83	-16036	-76	-575	-107	-11	-67	48	182	906	182	74445885	
69	120	-15991	-79	-575	-105	-9	-65	49	183	911	183	74445886	
94	86	-15995	-95	-571	-109	-10	-69	48	184	916	184	74445886	
43	60	-16014	-102	-573	-106	-10	-70	48	185	921	185	74445886	
89	105	-15957	-100	-573	-112	-17	-69	51	186	926	186	74445886	
74	121	-15969	-103	-577	-114	-20	-68	52	187	931	187	74445914	
69	106	-15967	-117	-581	-112	-18	-72	48	188	936	188	74445935	
99	114	-15979	-113	-586	-113	-16	-74	46	189	941	189	74445936	
95	108	-15986	-110	-589	-115	-14	-72	50	190	946	190	74445937	
100	102	-15963	-113	-587	-115	-12	-70	52	191	951	191	74445937	
95	89	-15983	-115	-584	-118	-17	-69	48	192	956	192	74445937	
106	114	-16003	-114	-582	-122	-19	-69	47	193	961	193	74445937	
147	98	-15956	-114	-596	-123	-13	-67	49	194	966	194	74445938	
94	114	-15987	-107	-585	-117	-11	-67	49	195	971	195	74445938	
150	74	-16017	-93	-580	-111	-10	-68	48	196	976	196	74445938	
114	112	-16024	-84	-582	-118	-10	-68	48	197	981	197	74445938	
138	113	-16006	-74	-572	-124	-12	-65	51	198	986	198	74445939	
134	137	-16042	-76	-583	-125	-12	-64	52	199	991	199	74445939	
80	152	-16004	-76	-583	-127	-18	-68	53	200	996	200	74445939	
80	146	-15996	-78	-579	-131	-19	-69	53	201	1001	201	74445987	
98	126	-16023	-83	-582	-136	-15	-72	51	202	1006	202	74446008	
134	128	-16020	-80	-576	-140	-14	-72	50	203	1011	203	74446013	
96	138	-15984	-74	-579	-139	-15	-70	49	204	1016	204	74446013	
55	169	-15952	-81	-580	-146	-15	-69	49	205	1021	205	74446013	
64	170	-16004	-89	-580	-143	-10	-67	47	206	1026	206	74446014	
33	174	-16032	-84	-583	-148	-9	-67	47	207	1031	207	74446014	
107	203	-15986	-93	-577	-146	-17	-72	55	208	1036	208	74446014	
72	182	-15960	-82	-575	-143	-19	-73	57	209	1041	209	74446014	
84	212	-16074	-64	-570	-140	-14	-68	48	210	1046	210	74446015	
42	206	-16056	-59	-583	-139	-14	-68	48	211	1051	211	74446015	
46	132	-16052	-58	-581	-137	-17	-63	45	212	1056	212	74446015	
38	170	-16028	-66	-587	-133	-17	-63	45	213	1061	213	74446065	
60	170	-15976	-78	-561	-135	-15	-69	47	214	1066	214	74446065	
70	216	-15948	-79	-562	-124	-15	-69	47	215	1071	215	74446065	
40	162	-16002	-75	-555	-123	-12	-66	46	216	1076	216	74446066	
58	127	-15989	-87	-560	-116	-12	-66	46	217	1081	217	74446066	
42	184	-15964	-93	-565	-117	-14	-60	48	218	1086	218	74446066	
76	150	-15970	-101	-560	-105	-14	-60	48	219	1091	219	74446066	
118	222	-16092	-93	-552	-112	-14	-64	50	220	1096	220	74446067	
62	166	-16064	-101	-560	-106	-14	-64	50	221	1101	221	74446067	
66	130	-16040	-96	-575	-105	-13	-69	55	222	1106	222	74446067	
84	104	-16068	-84	-567	-106	-13	-69	55	223	1111	223	74446067	
102	146	-15880	-91	-568	-98	-10	-66	48	224	1116	224	74446068	
82	78	-16036	-80	-558	-98	-10	-66	48	225	1121	225	74446068	
170	96	-16015	-75	-557	-96	-14	-72	48	226	1126	226	74446068	
126	35	-16035	-76	-560	-104	-13	-72	48	227	1131	227	74446068	
114	67	-16016	-84	-551	-103	-11	-71	49	228	1136	228	74446079	
96	44	-16076	-85	-553	-105	-12	-70	50	229	1141	229	74446117	
128	32	-16056	-89	-553	-107	-17	-67	53	230	1146	230	74446117	
113	10	-16038	-85	-559	-112	-16	-67	53	231	1151	231	74446117	
70	-12	-15978	-91	-546	-124	-11	-67	51	232	1156	232	74446117	
80	20	-16056	-88	-560	-115	-11	-67	51	233	1161	233	74446118	
102	18	-15904	-91	-573	-126	-16	-70	54	234	1166	234	74446118	
102	38	-15991	-105	-572	-118	-16	-70	53	235	1171	235	74446143	
91	43	-16013	-102	-578	-120	-14	-68	48	236	1176	236	74446144	
80	26	-15994	-102	-577	-129	-13	-68	49	237	1181	237	74446144	
112	55	-15924	-97	-571	-134	-11	-67	53	238	1186	238	74446144	
84	86	-15995	-95	-561	-131	-12	-68	54	239	1191	239	74446144	
107	37	-16026	-82	-561	-124	-18	-70	58	240	1196	240	74446145	
38	72	-16052	-79	-568	-123	-16	-70	57	241	1201	241	74446145	
55	111	-15970	-77	-564	-141	-10	-68	52	242	1206	242	74446145	
57	126	-15946	-70	-555	-142	-12	-65	51	243	1211	243	74446145	
113	128	-15962	-72	-558	-142	-15	-61	49	244	1216	244	74446178	
151	134	-15996	-75	-566	-142	-15	-63	47	245	1221	245	74446227	
129	133	-15955	-77	-579	-149	-15	-67	43	246	1226	246	74446227	
100	119	-15960	-76	-574	-150	-13	-67	45	247	1231	247	74446228	
120	120	-15962	-83	-569	-141	-3	-69	51	248	1236	248	74446228	
139	173	-16064	-89	-574	-136	-6	-68	51	249	1241	249	74446228	
153	157	-15927	-89	-569	-132	-17	-65	49	250	1246	250	74446228	
121	138	-15961	-83	-573	-135	-16	-67	50	251	1251	251	74446229	
111	144	-15996	-75	-568	-133	-14	-70	52	252	1256	252	74446229	
107	151	-16055	-72	-558	-124	-13	-71	53	253	1261	253	74446229	
82	210	-16068	-78	-550	-124	-12	-72	54	254	1266	254	74446237	
85	202	-16028	-76	-563	-123	-13	-68	54	255	1271	255	74446261	
85	161	-15972	-76	-575	-117	-15	-63	53	256	1276	256	74446278	
81	146	-15908	-78	-562	-117	-14	-67	51	257	1281	257	74446278	
90	165	-15964	-84	-559	-121	-13	-73	49	258	1286	258	74446279	
55	213	-16032	-84	-559	-122	-14	-69	48	259	1291	259	74446279	
55	195	-16057	-85	-561	-121	-15	-65	47	260	1296	260	74446280	
60	184	-16035	-96	-562	-123	-15	-67	47	261	1301	261	74446280	
46	209	-16067	-105	-556	-120	-15	-69	47	262	1306	262	74446280	
70	194	-16074	-111	-552	-113	-14	-69	48	263	1311	263	74446280	
118	173	-15979	-111	-558	-112	-13	-69	49	264	1316	264	74446280	
96	186	-15976	-100	-556	-118	-14	-67	51	265	1321	265	74446281	
69	179	-15956	-85	-550	-119	-16	-64	54	266	1326	266	74446281	
78	149	-16021	-86	-544	-119	-14	-67	55	267	1331	267	74446281	
98	155	-16039	-84	-550	-114	-11	-69	55	268	1336	268	74446282	
109	142	-15954	-86	-554	-111	-16	-68	51	269	1341	269	74446341	
136	130	-15978	-88	-549	-111	-19	-67	49	270	1346	270	74446380	
84	142	-16005	-82	-532	-107	-15	-69	48	271	1351	271	74446381	
80	115	-15939	-82	-532	-109	-13	-71	47	272	1356	272	74446381	
114	89	-15931	-80	-541	-109	-14	-68	50	273	1361	273	74446381	
119	77	-15944	-74	-547	-107	-14	-66	52	274	1366	274	74446382	
96	81	-15949	-80	-554	-108	-14	-70	48	275	1371	275	74446382	
116	96	-15964	-92	-551	-115	-14	-72	46	276	1376	276	74446382	
115	76	-15972	-106	-546	-126	-13	-73	50	277	1381	277	74446382	
148	66	-15954	-108	-543	-134	-13	-73	53	278	1386	278	74446383	
135	56	-16013	-103	-551	-138	-12	-72	52	279	1391	279	74446383	
98	54	-16016	-102	-552	-138	-12	-72	52	280	1396	280	74446383	
65	6	-15994	-100	-554	-143	-15	-69	51	281	1401	281	74446411	
42	7	-16013	-92	-561	-146	-17	-67	51	282	1406	282	74446429	
53	56	-16032	-81	-566	-149	-15	-68	49	283	1411	283	74446429	
49	59	-16040	-70	-567	-156	-14	-68	48	284	1416	284	74446430	
-10	48	-16037	-61	-561	-160	-10	-67	49	285	1421	285	74446430	
38	75	-16060	-57	-565	-156	-9	-67	49	286	1426	286	74446430	
-12	29	-15991	-51	-557	-169	-15	-69	46	287	1431	287	74446430	
52	42	-15975	-53	-560	-162	-17	-69	45	288	1436	288	74446431	
14	86	-15998	-60	-571	-156	-15	-64	48	289	1441	289	74446431	
32	96	-15961	-66	-559	-155	-15	-63	49	290	1446	290	74446431	
16	139	-15995	-69	-569	-155	-13	-66	51	291	1451	291	74446431	
10	200	-16094	-75	-567	-153	-13	-67	51	292	1456	292	74446454	
4	162	-16036	-78	-563	-146	-14	-73	52	293	1461	293	74446460	
47	137	-16029	-89	-557	-138	-14	-74	52	294	1466	294	74446461	
55	116	-15989	-97	-548	-131	-12	-72	51	295	1471	295	74446461	
38	142	-15978	-100	-550	-123	-11	-71	51	296	1476	296	74446461	
-1	188	-15999	-104	-553	-127	-17	-69	53	297	1481	297	74446461	
46	230	-15926	-99	-551	-120	-18	-68	54	298	1486	298	74446462	
62	179	-15927	-87	-535	-109	-15	-68	48	299	1491	299	74446462	
56	230	-16009	-89	-533	-104	-14	-68	46	300	1496	300	74446462	
98	214	-15872	-105	-541	-110	-14	-68	46	301	1501	301	74446462	
86	282	-15942	-118	-533	-108	-14	-68	46	302	1506	302	74446464	
96	214	-15948	-135	-543	-99	-13	-67	49	303	1511	303	74446464	
134	252	-15986	-134	-536	-101	-13	-67	49	304	1516	304	74446480	
132	238	-15920	-127	-527	-94	-10	-70	46	305	1521	305	74446481	
152	208	-16006	-124	-517	-97	-10	-70	46	306	1526	306	74446481	
154	203	-15951	-124	-524	-95	-13	-67	48	307	1531	307	74446481	
151	184	-15986	-122	-538	-97	-14	-66	48	308	1536	308	74446481	
198	220	-16110	-122	-528	-89	-13	-69	47	309	1541	309	74446482	
130	172	-16070	-106	-533	-93	-13	-69	47	310	1546	310	74446482	
210	184	-15878	-96	-542	-85	-10	-62	50	311	1551	311	74446482	
112	170	-16014	-87	-544	-85	-10	-62	50	312	1556	312	74446482	
160	194	-15970	-75	-545	-95	-18	-70	46	313	1561	313	74446535	
128	152	-16018	-73	-546	-97	-18	-70	46	314	1566	314	74446535	
92	70	-15946	-66	-534	-100	-8	-68	46	315	1571	315	74446536	
132	118	-15950	-83	-541	-104	-8	-68	46	316	1576	316	74446536	
130	108	-16000	-76	-546	-117	-17	-71	57	317	1581	317	74446536	
152	85	-15994	-89	-545	-120	-17	-70	55	318	1586	318	74446536	
139	44	-15993	-87	-556	-128	-15	-67	45	319	1591	319	74446537	
173	49	-15993	-89	-558	-130	-15	-67	46	320	1596	320	74446537	
116	36	-15976	-83	-564	-133	-14	-68	52	321	1601	321	74446537	
4	-26	-15974	-85	-568	-135	-14	-68	52	322	1606	322	74446537	
108	60	-15964	-78	-557	-147	-17	-65	47	323	1611	323	74446589	
68	40	-15928	-82	-558	-146	-17	-65	47	324	1616	324	74446589	
122	20	-15920	-73	-569	-146	-15	-71	47	325	1621	325	74446589	
59	30	-16075	-59	-578	-142	-15	-71	47	326	1626	326	74446590	
92	-5	-15960	-58	-588	-149	-14	-72	48	327	1631	327	74446590	
112	-6	-16055	-63	-576	-148	-14	-71	47	328	1636	328	74446590	
130	34	-16004	-70	-575	-151	-14	-66	44	329	1641	329	74446590	
110	6	-15985	-63	-581	-147	-14	-66	45	330	1646	330	74446591	
128	70	-16022	-70	-581	-157	-12	-64	48	331	1651	331	74446591	
154	89	-16058	-77	-576	-166	-12	-64	47	332	1656	332	74446591	
105	8	-16030	-67	-571	-159	-14	-62	44	333	1661	333	74446592	
101	29	-15978	-65	-580	-159	-14	-63	46	334	1666	334	74446592	
83	68	-15962	-59	-590	-164	-13	-67	51	335	1671	335	74446592	
98	68	-15982	-56	-595	-164	-12	-67	51	336	1676	336	74446596	
110	101	-16039	-65	-598	-169	-9	-65	49	337	1681	337	74446619	
100	112	-16014	-73	-601	-164	-11	-65	50	338	1686	338	74446644	
119	128	-16027	-75	-604	-165	-20	-66	52	339	1691	339	74446665	
135	103	-16062	-80	-609	-159	-20	-66	51	340	1696	340	74446665	
166	147	-16111	-89	-602	-161	-18	-66	48	341	1701	341	74446665	
125	138	-16039	-80	-608	-159	-18	-67	49	342	1706	342	74446666	
140	182	-16040	-61	-613	-159	-16	-68	52	343	1711	343	74446666	
104	152	-16036	-55	-621	-163	-14	-67	52	344	1716	344	74446666	
100	131	-15977	-48	-626	-152	-10	-66	52	345	1721	345	74446666	
80	140	-15923	-48	-629	-144	-12	-66	49	346	1726	346	74446667	
70	137	-15956	-63	-636	-148	-15	-67	45	347	1731	347	74446667	
43	134	-16034	-76	-636	-145	-15	-66	45	348	1736	348	74446667	
53	190	-16044	-84	-630	-137	-16	-64	46	349	1741	349	74446667	
50	198	-16064	-93	-627	-139	-17	-65	44	350	1746	350	74446668	
24	183	-16072	-102	-628	-137	-18	-66	42	351	1751	351	74446668	
42	222	-16031	-108	-630	-137	-15	-67	45	352	1756	352	74446668	
8	245	-15971	-108	-628	-140	-11	-69	49	353	1761	353	74446668	
10	245	-15971	-99	-628	-139	-14	-67	50	354	1766	354	74446679	
21	238	-16000	-91	-628	-139	-19	-65	51	355	1771	355	74446703	
28	236	-15981	-88	-619	-138	-17	-65	51	356	1776	356	74446718	
34	245	-15967	-86	-612	-135	-14	-66	50	357	1781	357	74446718	
39	252	-16033	-84	-616	-137	-13	-63	50	358	1786	358	74446718	
31	287	-16052	-80	-605	-138	-12	-58	50	359	1791	359	74446719	
17	330	-16006	-72	-598	-135	-13	-62	51	360	1796	360	74446719	
17	321	-15993	-63	-597	-133	-14	-64	52	361	1801	361	74446719	
-6	302	-16009	-53	-595	-126	-11	-68	51	362	1806	362	74446719	
30	266	-16006	-45	-593	-125	-9	-71	51	363	1811	363	74446720	
41	279	-16032	-38	-586	-121	-18	-68	53	364	1816	364	74446736	
18	289	-16024	-32	-579	-113	-24	-66	54	365	1821	365	74446773	
9	274	-16050	-31	-576	-105	-19	-66	53	366	1826	366	74446798	
15	262	-16075	-40	-576	-100	-11	-65	51	367	1831	367	74446798	
44	230	-15949	-52	-584	-90	-12	-66	53	368	1836	368	74446799	
92	192	-15913	-61	-595	-84	-13	-67	55	369	1841	369	74446800	
116	194	-15987	-69	-603	-79	-17	-69	51	370	1846	370	74446831	
114	183	-16011	-86	-608	-69	-20	-70	48	371	1851	371	74446851	
119	154	-15981	-108	-623	-60	-15	-68	49	372	1856	372	74446852	
131	133	-16000	-136	-643	-53	-11	-67	49	373	1861	373	74446852	
100	95	-16062	-160	-651	-47	-16	-67	44	374	1866	374	74446852	
136	88	-15994	-171	-645	-42	-19	-67	41	375	1871	375	74446852	
77	79	-15957	-170	-645	-39	-15	-69	44	376	1876	376	74446853	
86	40	-16024	-173	-654	-29	-13	-69	45	377	1881	377	74446853	
128	2	-15948	-166	-647	-24	-13	-66	45	378	1886	378	74446853	
