-16305	160	2182	-90	-1267	-300	177	11	77	1	1	1	83240154	
-16295	164	2109	-128	-1320	-300	182	14	79	2	6	2	83240154	
-16334	72	2128	-160	-1375	-315	183	15	79	3	11	3	83240154	
-16259	-2	2119	-204	-1440	-345	181	12	77	4	16	4	83240161	
-16124	-168	1986	-289	-1545	-399	181	11	77	5	21	5	83240191	
-16014	-268	1958	-395	-1656	-447	177	11	79	6	26	6	83240192	
-15952	-248	2036	-485	-1832	-491	177	11	79	7	31	7	83240192	
-15818	-384	1956	-595	-2066	-521	177	13	75	8	36	8	83240193	
-15812	-454	1914	-723	-2360	-557	177	13	75	9	41	9	83240193	
-15726	-500	1988	-882	-2687	-582	178	8	78	10	46	10	83240193	
-15684	-488	1868	-1053	-3023	-589	178	8	78	11	51	11	83240194	
-15702	-446	2042	-1224	-3329	-619	182	16	84	12	56	12	83240194	
-15720	-354	2020	-1336	-3619	-648	182	16	84	13	61	13	83240201	
-15801	-322	2170	-1403	-3876	-686	180	18	80	14	66	14	83240229	
-16009	-322	2257	-1431	-4019	-723	181	18	80	15	71	15	83240229	
-16152	-310	2297	-1422	-4067	-744	183	17	81	16	76	16	83240229	
-16306	-218	2390	-1358	-4048	-759	183	16	80	17	81	17	83240230	
-16492	-2	2464	-1301	-4002	-773	181	13	75	18	86	18	83240230	
-16639	48	2613	-1249	-3965	-765	181	12	76	19	91	19	83240230	
-16839	113	2644	-1212	-3903	-759	180	6	82	20	96	20	83240233	
-17006	196	2744	-1248	-3714	-778	182	8	81	21	101	21	83240248	
-17240	239	2838	-1376	-3440	-805	187	15	77	22	106	22	83240266	
-17399	344	2916	-1538	-3114	-835	186	13	81	23	111	23	83240266	
-17469	358	3058	-1699	-2743	-881	184	10	88	24	116	24	83240266	
-17464	452	3127	-1819	-2371	-931	184	12	86	25	121	25	83240266	
-17398	559	3111	-1852	-2043	-969	183	15	83	26	126	26	83240266	
-17294	620	3037	-1798	-1761	-990	183	14	82	27	131	27	83240267	
-17151	662	2915	-1646	-1426	-994	181	11	79	28	136	28	83240269	
-16994	671	2645	-1447	-1136	-975	181	11	78	29	141	29	83240282	
-16796	688	2414	-1224	-889	-969	181	11	75	30	146	30	83240307	
-16636	672	2249	-1015	-665	-968	180	12	79	31	151	31	83240307	
-16532	548	2122	-879	-537	-969	179	13	85	32	156	32	83240307	
-16545	400	2014	-753	-467	-956	179	13	81	33	161	33	83240307	
-16546	292	1931	-691	-449	-944	180	14	76	34	166	34	83240307	
-16576	192	1876	-737	-421	-962	181	15	78	35	171	35	83240307	
-16592	123	1826	-843	-408	-999	182	16	82	36	176	36	83240322	
-16597	27	1774	-929	-412	-1061	182	14	80	37	181	37	83240344	
-16625	-119	1645	-979	-387	-1156	181	11	77	38	186	38	83240344	
-16607	-169	1502	-1017	-306	-1254	180	7	78	39	191	39	83240344	
-16681	-120	1419	-1052	-168	-1345	179	5	79	40	196	40	83240344	
-16709	-26	1304	-1066	-51	-1427	185	11	79	41	201	41	83240344	
-16731	154	1206	-1097	16	-1489	189	15	79	42	206	42	83240344	
-16835	333	1108	-1098	48	-1557	188	13	80	43	211	43	83240350	
-16932	449	990	-1038	66	-1618	188	12	80	44	216	44	83240370	
-17051	538	802	-984	122	-1670	183	12	81	45	221	45	83240381	
-17116	616	758	-935	261	-1714	180	12	82	46	226	46	83240382	
-17069	733	732	-805	506	-1770	185	8	87	47	231	47	83240382	
-16921	808	659	-605	742	-1806	187	7	89	48	236	48	83240382	
-16792	801	630	-322	947	-1838	183	11	82	49	241	49	83240382	
-16802	714	404	24	1132	-1857	182	12	80	50	246	50	83240382	
-16898	508	274	343	1337	-1900	184	13	82	51	251	51	83240390	
-16958	388	98	599	1571	-1945	185	13	83	52	256	52	83240414	
-17097	302	-99	769	1794	-1989	182	10	80	53	261	53	83240419	
-17191	174	-317	933	2046	-2022	180	8	78	54	266	54	83240419	
-17299	-44	-575	1108	2394	-2050	183	8	78	55	271	55	83240419	
-17395	-238	-785	1209	2735	-2053	184	8	78	56	276	56	83240419	
-17399	-290	-910	1196	3084	-2054	182	10	76	57	281	57	83240419	
-17434	-214	-1110	1134	3478	-2073	182	10	76	58	286	58	83240419	
-17380	-117	-1344	1163	3863	-2078	187	8	78	59	291	59	83240426	
-17335	-58	-1558	1229	4217	-2087	188	8	78	60	296	60	83240450	
-17285	-38	-1634	1281	4533	-2098	183	11	78	61	301	61	83240457	
-17332	-102	-1720	1379	4789	-2121	182	12	78	62	306	62	83240457	
-17356	-246	-1698	1509	5063	-2131	187	12	83	63	311	63	83240458	
-17554	-440	-1780	1632	5405	-2154	188	12	84	64	316	64	83240458	
-17720	-630	-1862	1697	5778	-2215	177	11	79	65	321	65	83240459	
-17898	-798	-2142	1743	6165	-2314	177	11	79	66	326	66	83240466	
-18110	-866	-2260	1808	6629	-2394	188	12	84	67	331	67	83240495	
-18182	-888	-2516	1912	7158	-2476	188	12	84	68	336	68	83240495	
-18410	-806	-2592	2168	7794	-2592	186	2	86	69	341	69	83240495	
-18546	-984	-3122	2611	8545	-2623	186	2	86	70	346	70	83240495	
-18548	-1026	-3516	2929	9408	-2695	184	8	84	71	351	71	83240495	
-18649	-956	-3619	3234	10532	-2843	184	8	83	72	356	72	83240495	
-18668	-1194	-4014	3706	11423	-2926	183	7	77	73	361	73	83240498	
-18903	-1426	-4412	4206	12355	-3048	183	7	78	74	366	74	83240514	
-19189	-1831	-4861	4566	13320	-3285	184	6	80	75	371	75	83240532	
-19627	-2177	-5442	4835	14336	-3549	186	7	81	76	376	76	83240532	
-20224	-2702	-5839	5138	15354	-3793	192	12	86	77	381	77	83240532	
-20838	-3254	-6471	5621	16314	-3942	192	12	86	78	386	78	83240532	
-21150	-3602	-6968	5869	17115	-4098	190	14	84	79	391	79	83240533	
-21431	-3980	-7705	5965	18240	-4416	189	13	83	80	396	80	83240533	
-21400	-4117	-7970	5778	18837	-4502	187	11	81	81	401	81	83240541	
-21412	-4276	-7764	5369	18858	-4400	186	11	81	82	406	82	83240574	
-21475	-4274	-7478	4842	18245	-4230	183	9	81	83	411	83	83240574	
-21356	-4181	-7370	4100	17110	-4175	182	8	81	84	416	84	83240575	
-21668	-3433	-6847	3098	15965	-4367	179	5	81	85	421	85	83240575	
-21920	-2670	-5896	2707	15292	-4298	179	5	81	86	426	86	83240575	
-22303	-2119	-5420	3088	15013	-4050	181	7	79	87	431	87	83240576	
-22341	-1863	-5365	3615	15050	-3726	182	7	79	88	436	88	83240578	
-22119	-1587	-5424	3855	15210	-3583	184	8	80	89	441	89	83240592	
-21750	-1544	-5405	4253	15526	-3697	184	9	78	90	446	90	83240607	
-21099	-1496	-4917	5177	16162	-3857	184	10	76	91	451	91	83240607	
-19968	-1837	-4084	6845	16802	-3682	186	9	76	92	456	92	83240607	
-18434	-2607	-3111	8723	16372	-3107	190	8	76	93	461	93	83240607	
-16782	-3531	-2028	10134	14078	-2078	188	7	75	94	466	94	83240607	
-15778	-4200	-520	10911	10206	-651	186	6	74	95	471	95	83240608	
-16646	-4729	1298	11201	5940	963	187	9	79	96	476	96	83240632	
-18644	-5231	3008	10573	4523	2072	188	12	84	97	481	97	83240656	
-19517	-5117	5358	8880	6358	2399	186	10	82	98	486	98	83240656	
-19117	-4331	6901	6489	8880	2249	184	8	80	99	491	99	83240656	
-17584	-3544	6732	4652	10509	2054	183	12	78	100	496	100	83240656	
-15694	-3488	6098	3941	10913	1992	183	15	77	101	501	101	83240656	
-14557	-4040	5871	3625	10750	1766	181	10	77	102	506	102	83240656	
-14418	-4414	5493	2614	10496	957	179	7	77	103	511	103	83240657	
-14339	-4214	5058	858	10168	-221	180	10	76	104	516	104	83240670	
-13970	-3540	5127	-1334	9704	-1643	181	13	75	105	521	105	83240682	
-13758	-2686	6029	-2774	9062	-2853	178	15	76	106	526	106	83240682	
-13865	-2299	6461	-2566	8417	-3413	176	16	76	107	531	107	83240682	
-14123	-2397	6519	-1487	7970	-3540	178	14	74	108	536	108	83240683	
-14403	-2610	6475	-644	7840	-3410	179	13	73	109	541	109	83240683	
-14532	-2258	6025	-399	7998	-3137	177	14	74	110	546	110	83240683	
-14051	-1741	5196	-439	8167	-2776	175	15	75	111	551	111	83240693	
-13307	-1331	4447	-223	7853	-2511	176	14	76	112	556	112	83240711	
-12872	-697	3866	327	6739	-2165	177	13	77	113	561	113	83240719	
-12712	-243	3884	823	5684	-1738	179	15	77	114	566	114	83240719	
-12388	-64	3908	1380	5117	-1406	179	15	77	115	571	115	83240719	
-11810	60	3631	1810	4769	-1090	181	12	72	116	576	116	83240719	
-11196	276	3405	1925	4308	-755	181	11	71	117	581	117	83240719	
-10676	558	3337	1820	3726	-380	179	15	70	118	586	118	83240719	
-10310	909	3176	1636	3122	35	178	16	70	119	591	119	83240752	
-10060	1280	3008	1499	2581	455	179	17	72	120	596	120	83240760	
-10028	1642	2882	1449	2054	899	179	17	73	121	601	121	83240760	
-10184	2068	2686	1580	1397	1432	177	9	75	122	606	122	83240761	
-10320	2204	2478	1935	881	1843	177	9	75	123	611	123	83240761	
-10548	2158	2236	2391	388	2268	176	8	68	124	616	124	83240761	
-10784	2002	1916	2703	-95	2644	176	8	68	125	621	125	83240761	
-11038	1904	1746	2858	-548	2929	176	12	72	126	626	126	83240769	
-11102	1800	1714	2994	-951	3100	176	12	72	127	631	127	83240825	
-11182	1588	1564	3215	-1204	3154	181	17	75	128	636	128	83240825	
-11040	1120	1418	3530	-1375	3097	181	17	75	129	641	129	83240825	
-11050	660	1168	3795	-1540	2913	178	16	72	130	646	130	83240825	
-10956	110	830	3987	-1677	2631	178	16	72	131	651	131	83240825	
-11002	-620	484	4308	-1792	2336	179	17	73	132	656	132	83240825	
-11190	-1466	20	4471	-1963	2031	179	17	73	133	661	133	83240825	
-11324	-2292	-408	4437	-2200	1694	178	16	72	134	666	134	83240833	
-11296	-3268	-998	4233	-2455	1338	178	16	72	135	671	135	83240865	
-11480	-4388	-1772	3968	-2738	951	177	19	77	136	676	136	83240865	
-11626	-5476	-2498	3729	-2920	732	177	19	77	137	681	137	83240865	
-11642	-6488	-3268	3254	-3194	471	169	11	75	138	686	138	83240865	
-11266	-7665	-4334	2498	-3581	252	171	12	75	139	691	139	83240865	
-10932	-8290	-5245	1674	-3994	170	177	17	75	140	696	140	83240865	
-10722	-8606	-6209	889	-4407	189	178	17	76	141	701	141	83240866	
-10480	-8518	-6948	104	-4952	296	180	18	82	142	706	142	83240866	
-10460	-7996	-7692	-740	-5412	474	181	18	82	143	711	143	83240866	
-10737	-7354	-8097	-1300	-5659	746	183	19	83	144	716	144	83240867	
-11026	-7058	-8502	-1518	-5728	1100	183	19	83	145	721	145	83240879	
-11222	-6741	-8710	-2072	-5652	1407	181	17	85	146	726	146	83240901	
-11274	-6376	-8486	-3152	-5265	1646	182	17	83	147	731	147	83240902	
-11120	-6091	-8079	-4351	-4965	1809	183	17	79	148	736	148	83240902	
-11203	-5484	-7671	-5748	-4815	1948	181	16	75	149	741	149	83240902	
-11536	-4570	-7286	-7108	-4829	2123	177	15	69	150	746	150	83240903	
-12097	-3546	-7064	-8315	-4957	2390	178	18	73	151	751	151	83240903	
-12875	-2401	-7073	-9374	-5203	2777	180	22	78	152	756	152	83240903	
-13773	-1280	-7214	-10270	-5515	3240	181	22	81	153	761	153	83240903	
-14682	-436	-7590	-10935	-5823	3692	183	21	85	154	766	154	83240909	
-15551	-156	-8050	-11274	-6035	4084	184	22	83	155	771	155	83240923	
-16347	-396	-8687	-11257	-6078	4362	185	23	79	156	776	156	83240937	
-17025	-898	-9517	-11002	-5903	4452	184	23	78	157	781	157	83240942	
-17704	-1420	-10342	-10541	-5471	4380	182	24	76	158	786	158	83240942	
-18446	-1793	-11253	-9858	-4815	4250	182	24	78	159	791	159	83240942	
-19243	-1931	-12504	-8944	-3960	4175	182	24	80	160	796	160	83240942	
-20145	-1730	-13898	-7795	-2837	4246	181	25	78	161	801	161	83240942	
-20858	-1266	-15224	-6387	-1388	4456	180	26	76	162	806	162	83240947	
-20825	-805	-16292	-4475	604	4759	179	27	77	163	811	163	83240975	
-19485	-1000	-16512	-2391	2756	4950	178	28	78	164	816	164	83240998	
-17252	-1535	-15946	-862	4366	4964	176	29	80	165	821	165	83240999	
-15169	-2070	-14751	169	5097	4839	175	29	81	166	826	166	83240999	
-13728	-2210	-12527	893	4629	4666	174	30	77	167	831	167	83240999	
-12966	-1731	-9200	1621	3082	4527	174	30	74	168	836	168	83240999	
-12804	-1036	-5408	2577	764	4512	172	31	76	169	841	169	83241000	
-13231	-748	-1890	4011	-2004	4664	171	31	77	170	846	170	83241000	
-14260	-1370	680	5900	-4888	4853	173	32	76	171	851	171	83241005	
-16387	-2372	1967	8160	-7981	4972	174	32	76	172	856	172	83241015	
-19478	-2658	2136	9628	-10455	4876	176	38	81	173	861	173	83241017	
-23450	-2037	1590	10327	-12529	4577	176	40	82	174	866	174	83241017	
-27484	-626	1230	10828	-14455	4069	176	35	82	175	871	175	83241017	
-30111	-52	1648	11638	-16104	3366	176	34	82	176	876	176	83241017	
-31293	-1608	1492	12766	-16557	2303	175	38	86	177	881	177	83241018	
-31020	-4630	-13	13580	-14813	978	175	39	87	178	886	178	83241028	
-28749	-7782	-2473	13922	-10317	-21	173	37	90	179	891	179	83241053	
-24506	-10114	-6386	13514	-3229	-679	173	37	91	180	896	180	83241059	
-20482	-9884	-8080	11829	1802	-1264	176	36	96	181	901	181	83241059	
-17012	-8354	-7455	10650	4197	-1453	176	36	96	182	906	182	83241060	
-13960	-6506	-5628	10405	4880	-1349	174	41	94	183	911	183	83241060	
-12493	-4866	-3116	11053	3151	-843	174	42	94	184	916	184	83241060	
-12424	-3283	-440	11800	14	1	173	43	96	185	921	185	83241060	
-13009	-1600	1820	12138	-3159	1000	173	43	97	186	926	186	83241066	
-13626	46	3503	12313	-5782	2250	179	41	96	187	931	187	83241098	
-14223	1665	4675	12312	-7999	3777	180	40	96	188	936	188	83241106	
-15406	3730	6022	12033	-10477	6001	169	39	103	189	941	189	83241107	
-16720	5436	6786	11702	-12365	8132	169	39	103	190	946	190	83241108	
-18320	6728	7888	11446	-13806	10173	177	43	107	191	951	191	83241109	
-19654	6800	8284	11593	-14483	11766	177	43	107	192	956	192	83241110	
-20118	5446	8686	11675	-14095	12639	169	43	107	193	961	193	83241111	
-19574	2562	8388	11408	-12987	12703	169	43	107	194	966	194	83241114	
-18138	-852	7094	9932	-11506	12069	171	47	113	195	971	195	83241138	
-16338	-3324	5592	6701	-9791	10924	171	47	113	196	976	196	83241138	
-14760	-5077	4023	1928	-7863	8943	163	49	113	197	981	197	83241139	
-14177	-5972	2948	-1863	-6641	7048	162	50	113	198	986	198	83241139	
-13958	-5932	1672	-5045	-5751	5365	158	54	112	199	991	199	83241139	
-13864	-5125	514	-7274	-5118	3888	160	54	113	200	996	200	83241139	
-13870	-3910	-736	-8268	-4595	2712	169	53	115	201	1001	201	83241148	
-13841	-2574	-1850	-8225	-4177	1955	168	54	114	202	1006	202	83241184	
-13742	-1338	-2579	-7464	-4051	1661	165	59	111	203	1011	203	83241185	
-13653	-504	-2753	-6084	-4357	1816	165	58	112	204	1016	204	83241185	
-13790	-107	-2539	-4171	-5252	2346	164	56	114	205	1021	205	83241186	
-14473	240	-1831	-2174	-6710	3127	164	56	113	206	1026	206	83241187	
-15343	573	-1175	-726	-7853	3793	163	57	111	207	1031	207	83241187	
-16256	910	-702	436	-8542	4324	163	56	112	208	1036	208	83241188	
-17132	1370	-222	1400	-8590	4697	163	53	115	209	1041	209	83241189	
-17762	1965	38	2109	-7994	4853	163	53	114	210	1046	210	83241199	
-18016	2564	233	2839	-7042	4907	164	54	112	211	1051	211	83241223	
-17888	3113	275	3523	-6038	4917	163	55	113	212	1056	212	83241224	
-18005	3524	189	4059	-5218	4925	161	59	119	213	1061	213	83241224	
-18143	3768	-76	4343	-4570	4922	163	56	117	214	1066	214	83241224	
-17858	4105	-113	4186	-3993	4877	166	52	114	215	1071	215	83241224	
-17290	4644	-56	3791	-3468	4846	162	54	117	216	1076	216	83241224	
-16728	5386	-36	3362	-3244	4879	157	57	121	217	1081	217	83241224	
-16093	6146	-33	2965	-3366	4945	160	55	122	218	1086	218	83241228	
-15474	6757	77	2492	-3693	4919	165	53	123	219	1091	219	83241245	
-14990	7139	287	1914	-4146	4739	162	57	123	220	1096	220	83241262	
-14453	7199	540	1101	-4661	4326	158	62	122	221	1101	221	83241262	
-14178	6898	970	125	-5138	3737	157	56	122	222	1106	222	83241262	
-14174	6404	1378	-847	-5548	3085	156	52	122	223	1111	223	83241263	
-14348	5890	1776	-1867	-5840	2340	153	56	123	224	1116	224	83241263	
-14576	5397	2148	-2820	-6024	1566	151	59	123	225	1121	225	83241263	
-14892	5032	2450	-3617	-6136	820	155	59	123	226	1126	226	83241263	
-15390	4766	2616	-4195	-6196	134	157	59	123	227	1131	227	83241275	
-15955	4563	2643	-4507	-6183	-469	155	60	126	228	1136	228	83241319	
-16374	4370	2617	-4539	-6038	-947	154	60	128	229	1141	229	83241343	
-16743	4051	2333	-4283	-5717	-1296	161	58	127	230	1146	230	83241343	
-16988	3889	2087	-3955	-5316	-1412	163	57	127	231	1151	231	83241343	
-17052	3830	1941	-3550	-4869	-1365	161	56	123	232	1156	232	83241344	
-17047	3614	1711	-2965	-4429	-1200	160	56	122	233	1161	233	83241344	
-17096	3322	1577	-2338	-4101	-1018	153	59	122	234	1166	234	83241348	
-17109	2896	1507	-1629	-3807	-803	150	60	122	235	1171	235	83241373	
-17114	2502	1514	-989	-3567	-581	152	62	124	236	1176	236	83241389	
-17154	2138	1732	-474	-3403	-399	154	64	126	237	1181	237	83241389	
-17135	1446	1952	100	-3254	-216	153	55	120	238	1186	238	83241389	
-17138	854	1932	362	-3054	-58	152	52	118	239	1191	239	83241389	
-17187	475	1894	231	-2833	60	157	60	123	240	1196	240	83241390	
-17011	283	1866	-89	-2593	144	158	62	124	241	1201	241	83241390	
-16724	60	1826	-492	-2358	159	155	64	126	242	1206	242	83241390	
-16493	-178	1948	-981	-2184	103	154	64	126	243	1211	243	83241390	
-16370	-450	1988	-1428	-2148	30	158	63	127	244	1216	244	83241390	
-16294	-607	2068	-1877	-2208	-67	159	63	127	245	1221	245	83241390	
-16262	-637	2174	-2372	-2316	-185	163	64	123	246	1226	246	83241390	
-16172	-518	2438	-2938	-2540	-328	164	64	122	247	1231	247	83241402	
-16202	-268	2584	-3390	-2823	-435	161	63	125	248	1236	248	83241402	
-16168	-156	2892	-3766	-3113	-495	161	63	125	249	1241	249	83241411	
-16118	318	3118	-4053	-3361	-495	157	65	129	250	1246	250	83241430	
-16178	760	3296	-4233	-3520	-446	157	65	129	251	1251	251	83241430	
-16292	1266	3638	-4237	-3588	-306	159	59	121	252	1256	252	83241431	
-16444	1672	3856	-4095	-3598	-93	159	59	121	253	1261	253	83241431	
-16570	1996	4288	-3919	-3456	173	158	60	126	254	1266	254	83241431	
-16681	2196	4419	-3720	-3172	449	158	60	125	255	1271	255	83241431	
-16678	2170	4480	-3643	-2934	620	158	58	120	256	1276	256	83241432	
-16740	1913	4447	-3693	-2774	713	158	59	122	257	1281	257	83241432	
-16708	1740	4558	-3878	-2648	705	157	63	129	258	1286	258	83241439	
-16599	1592	4640	-4180	-2564	631	157	63	129	259	1291	259	83241463	
-16572	1492	4840	-4432	-2541	534	159	65	127	260	1296	260	83241475	
-16384	1208	4580	-4624	-2464	401	159	65	127	261	1301	261	83241475	
-16216	1014	4320	-4760	-2370	243	151	63	117	262	1306	262	83241475	
-15988	982	4006	-4839	-2246	69	151	63	117	263	1311	263	83241475	
-15734	1160	3533	-4901	-2232	-148	160	62	126	264	1316	264	83241475	
-15605	1530	3214	-4794	-2303	-342	160	62	125	265	1321	265	83241475	
-15613	1942	2918	-4405	-2377	-499	158	62	122	266	1326	266	83241475	
-15770	2255	2652	-3685	-2431	-620	159	63	122	267	1331	267	83241477	
-15886	2563	2419	-2780	-2504	-667	162	66	122	268	1336	268	83241494	
-16094	2738	2299	-1772	-2603	-674	161	65	123	269	1341	269	83241520	
-16318	2809	2180	-771	-2709	-632	159	61	127	270	1346	270	83241521	
-16603	2786	1980	158	-2840	-544	158	62	126	271	1351	271	83241521	
-16735	2735	1792	901	-2956	-443	155	63	121	272	1356	272	83241522	
-16794	2759	1595	1239	-3038	-354	156	64	123	273	1361	273	83241523	
-16882	2879	1511	1286	-3128	-252	157	65	127	274	1366	274	83241523	
-17042	3025	1457	1074	-3236	-141	159	64	125	275	1371	275	83241524	
-17152	3317	1448	630	-3338	-17	163	63	123	276	1376	276	83241524	
-17172	3674	1538	58	-3426	124	162	65	125	277	1381	277	83241535	
-17224	3848	1782	-482	-3501	266	161	67	127	278	1386	278	83241550	
-17214	3909	1914	-918	-3542	378	161	69	126	279	1391	279	83241550	
-17102	3768	1921	-1354	-3544	418	161	71	125	280	1396	280	83241550	
-17019	3480	2017	-1938	-3573	353	160	69	126	281	1401	281	83241550	
-17010	3101	2142	-2520	-3611	209	160	68	126	282	1406	282	83241550	
-16957	2653	2182	-2998	-3602	2	158	68	126	283	1411	283	83241550	
-16879	2147	2033	-3422	-3527	-250	156	68	126	284	1416	284	83241557	
-16849	1732	1838	-3829	-3428	-490	158	68	125	285	1421	285	83241577	
-16785	1424	1577	-4290	-3310	-713	159	67	123	286	1426	286	83241591	
-16674	1248	1295	-4882	-3164	-934	159	68	122	287	1431	287	83241591	
-16539	1301	1146	-5569	-2990	-1152	158	70	120	288	1436	288	83241592	
-16472	1462	1173	-6066	-2782	-1327	160	69	124	289	1441	289	83241592	
-16628	1338	1180	-6192	-2633	-1423	162	68	126	290	1446	290	83241592	
-16766	896	1021	-6157	-2535	-1509	162	69	126	291	1451	291	83241593	
-16924	239	926	-6265	-2444	-1632	162	70	126	292	1456	292	83241621	
-17044	-436	817	-6676	-2322	-1791	161	71	127	293	1461	293	83241640	
-17066	-909	638	-7329	-2123	-1984	161	71	127	294	1466	294	83241644	
-17020	-1246	632	-8071	-1845	-2202	162	70	125	295	1471	295	83241647	
-16990	-1526	757	-8752	-1483	-2430	163	69	123	296	1476	296	83241647	
-17116	-1769	880	-9351	-1009	-2671	162	71	120	297	1481	297	83241647	
-17203	-1898	1274	-9714	-531	-2828	161	71	119	298	1486	298	83241648	
-17204	-1787	1656	-9825	-71	-2908	159	69	120	299	1491	299	83241648	
-17072	-1733	2048	-9707	320	-2895	158	68	120	300	1496	300	83241648	
-16890	-1506	2416	-9528	616	-2776	160	67	119	301	1501	301	83241678	
-16703	-1180	2861	-9301	829	-2595	161	67	119	302	1506	302	83241685	
-16578	-771	3472	-8941	983	-2382	159	66	115	303	1511	303	83241685	
-16545	-531	3890	-8425	1082	-2146	158	66	114	304	1516	304	83241685	
-16510	-344	4260	-7674	1110	-1822	158	72	110	305	1521	305	83241685	
-16428	-156	4622	-7013	1040	-1552	158	72	110	306	1526	306	83241685	
-16306	8	4740	-6296	853	-1265	159	67	115	307	1531	307	83241685	
-16172	130	4822	-5567	580	-1023	159	67	115	308	1536	308	83241707	
-15898	386	4884	-4923	242	-821	158	74	110	309	1541	309	83241722	
-15526	426	4852	-4321	-110	-653	158	74	110	310	1546	310	83241722	
-15336	533	4864	-3872	-408	-556	158	72	112	311	1551	311	83241723	
-15124	543	4880	-3454	-701	-488	158	72	112	312	1556	312	83241723	
-14867	554	4846	-3186	-911	-479	162	70	116	313	1561	313	83241723	
-14786	526	4922	-3028	-1053	-536	163	69	117	314	1566	314	83241723	
-14816	476	4880	-3016	-1165	-622	158	70	112	315	1571	315	83241723	
-14852	428	4924	-3105	-1256	-735	158	70	112	316	1576	316	83241723	
-15070	340	4932	-3249	-1352	-858	160	76	112	317	1581	317	83241723	
-15362	176	4880	-3320	-1494	-982	160	76	112	318	1586	318	83241760	
-15464	100	4948	-3415	-1551	-1102	160	72	108	319	1591	319	83241760	
-15568	98	5090	-3435	-1534	-1172	160	72	108	320	1596	320	83241761	
-15694	100	5152	-3331	-1592	-1212	160	70	108	321	1601	321	83241761	
-15913	17	5160	-3091	-1742	-1222	161	69	109	322	1606	322	83241761	
-16285	10	5336	-2787	-1863	-1219	163	67	111	323	1611	323	83241761	
-16595	-39	5186	-2358	-1968	-1208	162	69	112	324	1616	324	83241762	
-16826	-96	5237	-1847	-2000	-1178	159	75	115	325	1621	325	83241762	
-16960	-194	5305	-1272	-2000	-1120	159	74	115	326	1626	326	83241765	
-16954	-396	5368	-678	-2018	-1036	161	71	113	327	1631	327	83241783	
-16960	-547	5347	-150	-2002	-965	162	71	114	328	1636	328	83241797	
-17045	-733	5209	310	-2019	-912	166	72	116	329	1641	329	83241797	
-17008	-862	5109	673	-2024	-877	166	71	115	330	1646	330	83241797	
-16955	-917	5056	902	-2016	-829	166	68	110	331	1651	331	83241797	
-16883	-974	4983	938	-2001	-775	165	69	110	332	1656	332	83241797	
-16881	-919	4798	841	-1973	-746	163	71	109	333	1661	333	83241798	
-16878	-782	4644	651	-1911	-739	165	71	109	334	1666	334	83241810	
-16872	-596	4503	446	-1818	-736	168	70	110	335	1671	335	83241833	
-16801	-505	4320	287	-1723	-722	166	71	110	336	1676	336	83241843	
-16707	-524	4187	160	-1632	-709	163	73	109	337	1681	337	83241844	
-16495	-497	4037	-17	-1483	-677	163	73	110	338	1686	338	83241844	
-16344	-499	3873	-182	-1325	-650	164	74	112	339	1691	339	83241844	
-16221	-544	3738	-234	-1222	-617	163	74	112	340	1696	340	83241845	
-16115	-686	3632	-200	-1166	-568	162	74	112	341	1701	341	83241845	
-16082	-816	3546	-130	-1149	-527	162	73	113	342	1706	342	83241853	
-16160	-1021	3520	-64	-1169	-488	163	71	115	343	1711	343	83241867	
-16254	-1252	3527	-15	-1225	-475	164	73	113	344	1716	344	83241872	
-16316	-1442	3546	-7	-1276	-479	165	75	111	345	1721	345	83241872	
-16409	-1564	3602	-46	-1298	-492	163	72	114	346	1726	346	83241872	
-16482	-1608	3551	-101	-1274	-520	160	68	116	347	1731	347	83241872	
-16600	-1656	3472	-148	-1237	-540	162	72	114	348	1736	348	83241872	
-16717	-1632	3425	-219	-1166	-571	164	74	112	349	1741	349	83241891	
-16807	-1544	3308	-346	-1070	-609	161	75	113	350	1746	350	83241920	
-16929	-1406	3275	-504	-988	-636	159	75	113	351	1751	351	83241930	
-16955	-1234	3278	-680	-903	-652	158	79	112	352	1756	352	83241931	
-16924	-1006	3222	-845	-810	-653	158	82	112	353	1761	353	83241931	
-16928	-728	3132	-977	-715	-636	165	78	114	354	1766	354	83241931	
-16932	-368	3191	-1048	-617	-567	170	76	116	355	1771	355	83241932	
-16908	-137	3326	-982	-539	-473	164	72	112	356	1776	356	83241932	
-17016	74	3411	-801	-506	-387	163	71	111	357	1781	357	83241946	
-17014	134	3445	-555	-504	-292	166	69	114	358	1786	358	83241964	
-16980	156	3487	-282	-467	-198	167	69	115	359	1791	359	83241968	
-16851	114	3437	-1	-382	-105	158	67	113	360	1796	360	83241968	
-16732	48	3372	295	-296	-33	156	66	112	361	1801	361	83241969	
-16717	-63	3253	578	-253	26	159	66	108	362	1806	362	83241969	
-16644	-279	3094	868	-233	85	160	66	106	363	1811	363	83241969	
-16568	-516	3071	1014	-238	95	163	76	114	364	1816	364	83241969	
-16474	-655	3124	1042	-278	86	164	78	116	365	1821	365	83241970	
-16472	-753	3099	968	-327	45	163	76	114	366	1826	366	83241970	
-16428	-791	3128	867	-375	-24	163	75	113	367	1831	367	83241970	
-16480	-719	3160	800	-429	-83	164	74	112	368	1836	368	83241984	
-16606	-681	3270	800	-494	-133	164	74	112	369	1841	369	83242012	
-16668	-641	3398	865	-545	-146	162	73	113	370	1846	370	83242018	
-16609	-558	3533	940	-564	-157	161	73	113	371	1851	371	83242018	
-16452	-502	3810	1029	-578	-135	160	78	114	372	1856	372	83242018	
-16310	-348	3908	1090	-614	-114	160	78	114	373	1861	373	83242019	
-16368	-242	3968	1143	-649	-70	166	74	112	374	1866	374	83242019	
-16434	-114	3864	1199	-691	-16	166	74	112	375	1871	375	83242019	
-16406	12	4122	1277	-735	25	163	69	109	376	1876	376	83242043	
-16524	30	4096	1391	-751	73	163	69	109	377	1881	377	83242052	
-16648	80	4052	1545	-772	129	164	68	110	378	1886	378	83242052	
-16820	-58	3798	1654	-731	158	164	68	110	379	1891	379	83242053	
-17191	-171	3457	1707	-574	175	167	75	113	380	1896	380	83242053	
-17444	-262	3158	1688	-375	168	166	74	114	381	1901	381	83242053	
-17640	-386	2825	1669	-127	153	164	72	120	382	1906	382	83242053	
-17771	-562	2423	1689	140	105	164	71	119	383	1911	383	83242053	
-17734	-730	2123	1669	434	47	165	69	113	384	1916	384	83242060	
-17652	-862	1747	1554	749	-18	166	70	114	385	1921	385	83242090	
-17399	-824	1599	1391	1076	-89	169	75	117	386	1926	386	83242090	
-17181	-702	1475	1247	1398	-150	169	76	117	387	1931	387	83242090	
-16954	-490	1508	1157	1677	-189	166	78	118	388	1936	388	83242091	
-16662	-302	1582	1185	2019	-174	166	78	118	389	1941	389	83242091	
-16530	-128	1617	1232	2222	-140	164	76	118	390	1946	390	83242091	
-16473	54	1789	1271	2325	-91	164	75	117	391	1951	391	83242091	
-16421	138	1992	1344	2311	-17	166	72	114	392	1956	392	83242093	
-16445	105	2338	1459	2183	55	165	72	113	393	1961	393	83242105	
-16419	-41	2604	1563	1973	123	160	70	110	394	1966	394	83242130	
-16384	-229	2817	1615	1770	162	160	71	110	395	1971	395	83242130	
-16356	-425	2988	1559	1616	158	161	75	109	396	1976	396	83242130	
-16470	-622	3040	1348	1546	117	161	75	111	397	1981	397	83242130	
-16579	-754	3087	1011	1588	52	161	75	115	398	1986	398	83242130	
-16761	-748	2960	579	1708	-35	164	73	114	399	1991	399	83242130	
-16909	-624	2859	92	1910	-137	168	70	112	400	1996	400	83242145	
-16967	-405	2866	-363	2168	-245	166	68	111	401	2001	401	83242167	
-16999	-100	2890	-700	2443	-327	162	66	110	402	2006	402	83242168	
-17056	200	3015	-899	2729	-379	161	70	111	403	2011	403	83242172	
-17127	426	3152	-1003	3058	-410	159	75	113	404	2016	404	83242178	
-17229	605	3442	-1080	3499	-446	156	76	110	405	2021	405	83242178	
-17232	718	3746	-1142	3944	-487	152	76	106	406	2026	406	83242179	
-17134	710	3966	-1185	4219	-522	159	74	106	407	2031	407	83242179	
-16940	676	4118	-1190	4282	-559	164	72	106	408	2036	408	83242188	
-16842	549	4112	-1178	4142	-591	160	74	106	409	2041	409	83242201	
-16950	493	4107	-1225	3888	-633	158	76	106	410	2046	410	83242206	
-17038	591	4160	-1316	3604	-680	157	74	103	411	2051	411	83242206	
-17009	802	4171	-1383	3369	-714	157	73	101	412	2056	412	83242206	
-16925	1034	4084	-1356	3203	-715	161	75	106	413	2061	413	83242206	
-16819	1224	3953	-1269	3102	-698	163	77	109	414	2066	414	83242206	
-16650	1438	3902	-1157	3070	-687	164	74	107	415	2071	415	83242212	
-16471	1671	3814	-964	3095	-660	164	72	106	416	2076	416	83242233	
-16305	1896	3754	-683	3180	-621	165	73	110	417	2081	417	83242244	
-16230	2028	3722	-335	3314	-583	165	73	113	418	2086	418	83242245	
-16204	2020	3668	71	3485	-538	165	71	105	419	2091	419	83242245	
-16119	1889	3612	520	3651	-491	165	69	99	420	2096	420	83242245	
-15996	1597	3483	929	3776	-471	163	70	101	421	2101	421	83242246	
-15975	1236	3298	1269	3853	-506	161	71	103	422	2106	422	83242246	
-16018	999	3204	1439	3886	-584	164	73	103	423	2111	423	83242258	
-16082	774	2948	1439	3928	-676	165	73	103	424	2116	424	83242280	
-16090	597	2867	1326	4045	-801	165	78	101	425	2121	425	83242285	
-16107	546	2723	1198	4188	-928	165	79	101	426	2126	426	83242285	
-16040	532	2573	1097	4288	-1037	162	76	96	427	2131	427	83242285	
-16035	589	2376	976	4337	-1120	161	75	95	428	2136	428	83242285	
-16105	650	2318	900	4360	-1169	163	75	98	429	2141	429	83242285	
-16192	692	2192	910	4440	-1196	163	75	99	430	2146	430	83242285	
-16336	640	2114	1028	4506	-1225	164	72	98	431	2151	431	83242304	
-16496	452	2112	1212	4577	-1243	164	72	98	432	2156	432	83242326	
-16644	252	1954	1338	4648	-1265	171	73	101	433	2161	433	83242327	
-16752	150	1876	1427	4707	-1287	171	73	101	434	2166	434	83242327	
-16804	84	1692	1493	4769	-1294	170	72	98	435	2171	435	83242327	
-16784	-8	1670	1628	4762	-1299	170	72	98	436	2176	436	83242350	
-16792	-194	1656	1736	4772	-1310	156	70	96	437	2181	437	83242350	
-16864	-360	1566	1832	4775	-1340	156	70	96	438	2186	438	83242350	
-16910	-410	1512	1910	4860	-1366	166	78	94	439	2191	439	83242350	
-17076	-458	1270	1985	5036	-1410	166	78	94	440	2196	440	83242363	
-17394	-398	1162	1985	5397	-1480	162	72	96	441	2201	441	83242363	
-17898	-342	840	1951	6034	-1573	162	72	96	442	2206	442	83242363	
-18452	-236	406	1893	7001	-1708	158	68	96	443	2211	443	83242364	
-18988	-196	66	1820	8445	-1905	158	68	96	444	2216	444	83242364	
-19548	-372	-1020	1964	10242	-2165	164	68	90	445	2221	445	83242364	
-19516	-344	-1938	2457	12219	-2484	164	68	90	446	2226	446	83242364	
-18451	-290	-2182	3298	14266	-2875	168	68	92	447	2231	447	83242378	
-16948	-491	-1459	4004	14893	-2954	167	68	92	448	2236	448	83242401	
-15548	-727	564	4022	13900	-2726	164	70	92	449	2241	449	83242401	
-14537	-783	3884	3059	11104	-2229	165	70	92	450	2246	450	83242401	
-14577	-808	7457	1844	7135	-1727	168	70	90	451	2251	451	83242401	
-15883	-1233	9908	1042	3223	-1377	167	69	89	452	2256	452	83242401	
-17658	-1817	10761	691	778	-1173	165	67	85	453	2261	453	83242401	
-19036	-2288	10405	392	461	-1158	165	67	85	454	2266	454	83242403	
-19339	-2079	9413	-166	1776	-1404	165	67	85	455	2271	455	83242416	
-18576	-1689	8091	-399	3558	-1802	164	68	85	456	2276	456	83242438	
-18005	-1763	7026	-156	4394	-2097	162	70	86	457	2281	457	83242438	
-17704	-1968	6285	41	4445	-2294	164	69	83	458	2286	458	83242438	
-17543	-2086	6124	76	4060	-2387	167	67	79	459	2291	459	83242439	
-17519	-2029	6460	-11	3542	-2402	168	68	79	460	2296	460	83242439	
-17574	-1896	7021	-118	3079	-2392	169	69	79	461	2301	461	83242439	
-17592	-1904	7482	-155	2751	-2371	169	69	78	462	2306	462	83242453	
-17632	-2166	7900	-202	2497	-2338	170	70	76	463	2311	463	83242475	
-17816	-2725	8119	-236	2244	-2297	169	65	78	464	2316	464	83242475	
-17974	-3578	8086	-276	2011	-2281	167	59	79	465	2321	465	83242475	
-17997	-4676	7960	-500	1819	-2319	169	59	81	466	2326	466	83242475	
-17927	-5556	7830	-997	1652	-2409	171	59	85	467	2331	467	83242475	
-17759	-6084	7655	-1686	1411	-2479	169	59	84	468	2336	468	83242475	
-17553	-5999	7588	-2594	1054	-2481	167	59	83	469	2341	469	83242478	
-17222	-5455	7698	-3531	546	-2396	167	60	81	470	2346	470	83242496	
-16829	-4627	7675	-4319	-131	-2196	167	61	79	471	2351	471	83242516	
-16460	-3572	7570	-4988	-767	-1904	165	65	77	472	2356	472	83242517	
-16128	-2454	7314	-5517	-1343	-1568	164	68	76	473	2361	473	83242518	
-15797	-1446	6983	-5918	-2001	-1151	167	63	80	474	2366	474	83242518	
-15644	-640	6504	-6197	-2744	-708	169	59	83	475	2371	475	83242519	
-15449	137	5756	-6372	-3492	-263	170	60	85	476	2376	476	83242520	
-15207	883	4962	-6385	-4109	155	170	60	86	477	2381	477	83242521	
-14917	1494	4061	-6011	-4521	503	169	57	83	478	2386	478	83242535	
-14677	1921	3059	-5114	-4738	775	169	55	81	479	2391	479	83242544	
-14765	2122	2032	-3542	-4819	1086	172	55	80	480	2396	480	83242544	
-15002	2158	1029	-1676	-4836	1398	173	55	79	481	2401	481	83242545	
-14645	1605	291	391	-4549	1662	167	60	81	482	2406	482	83242545	
-14517	341	-1044	2454	-4007	1763	165	61	81	483	2411	483	83242553	
-14713	-974	-2717	3754	-3426	1670	169	55	80	484	2416	484	83242614	
-15132	-1926	-4345	4028	-2671	1433	170	54	80	485	2421	485	83242629	
-15646	-2854	-6301	3674	-1745	1132	164	52	83	486	2426	486	83242629	
-16080	-3727	-8324	2850	-748	736	162	52	84	487	2431	487	83242629	
-16234	-4276	-9622	1580	141	247	168	58	84	488	2436	488	83242630	
-15698	-4558	-9942	-153	687	-419	170	60	84	489	2441	489	83242630	
-14794	-5220	-9442	-1209	262	-937	173	57	85	490	2446	490	83242630	
-14077	-6035	-8962	-1873	-733	-1350	173	57	85	491	2451	491	83242638	
-13649	-6899	-8738	-2684	-2222	-1827	169	56	84	492	2456	492	83242662	
-13589	-7388	-9034	-3880	-3850	-2313	168	56	84	493	2461	493	83242667	
-13619	-7352	-9303	-5535	-5133	-2784	170	50	83	494	2466	494	83242667	
-13589	-6916	-9171	-7492	-5944	-3281	171	49	83	495	2471	495	83242667	
-13511	-6416	-8676	-9394	-6525	-3840	173	54	83	496	2476	496	83242667	
-13554	-5746	-7688	-11382	-7251	-4440	173	55	83	497	2481	497	83242667	
-13528	-5020	-6424	-12605	-7965	-4795	169	51	81	498	2486	498	83242667	
-13464	-4270	-5104	-13000	-8809	-4926	169	51	81	499	2491	499	83242667	
-13546	-3706	-3860	-12680	-9729	-4848	178	46	82	500	2496	500	83242668	
-13862	-3248	-2852	-11909	-10639	-4652	178	46	82	501	2501	501	83242668	
-14122	-2970	-1776	-10957	-11436	-4375	174	50	78	502	2506	502	83242668	
-14758	-2692	-616	-9955	-12075	-4040	174	50	78	503	2511	503	83242668	
-15604	-2684	54	-8918	-12462	-3668	176	52	84	504	2516	504	83242675	
-16546	-2592	786	-7970	-12378	-3260	176	52	84	505	2521	505	83242681	
-17274	-2393	1277	-7378	-11925	-2977	176	50	86	506	2526	506	83242707	
-17857	-2066	1642	-6842	-11138	-2798	175	49	85	507	2531	507	83242707	
-18326	-1763	1965	-6163	-10107	-2733	173	45	83	508	2536	508	83242708	
-18394	-1634	2166	-5342	-8919	-2768	174	44	84	509	2541	509	83242708	
-18193	-1769	2437	-4506	-7581	-2854	180	42	86	510	2546	510	83242708	
-17940	-2045	2538	-3802	-6224	-2938	179	43	86	511	2551	511	83242708	
-17604	-2293	2612	-3311	-4961	-3013	175	45	85	512	2556	512	83242708	
-17153	-2599	2830	-2896	-3731	-3118	174	43	85	513	2561	513	83242708	
-16514	-2962	3023	-2434	-2513	-3238	169	37	83	514	2566	514	83242711	
-16108	-2972	3095	-2139	-1586	-3390	169	40	84	515	2571	515	83242727	
-16119	-2731	3131	-1890	-950	-3559	170	44	86	516	2576	516	83242745	
-16064	-2580	3120	-1477	-650	-3613	171	42	85	517	2581	517	83242745	
-15631	-2563	3264	-850	-310	-3545	176	36	82	518	2586	518	83242745	
-14946	-2516	3549	-297	91	-3448	176	38	82	519	2591	519	83242746	
-14139	-2462	4030	177	284	-3317	175	47	83	520	2596	520	83242746	
-13668	-2338	4612	655	-1	-3087	176	45	82	521	2601	521	83242746	
-13426	-2072	5166	1077	-841	-2747	178	40	78	522	2606	522	83242747	
-13414	-1845	5557	1344	-1726	-2364	177	39	82	523	2611	523	83242762	
-13538	-1666	5751	1631	-2559	-1932	175	37	87	524	2616	524	83242784	
-13684	-1620	5863	1906	-3232	-1528	175	35	87	525	2621	525	83242785	
-13824	-1705	5918	2053	-3735	-1195	174	32	86	526	2626	526	83242785	
-13846	-1750	5941	1989	-4095	-937	175	32	85	527	2631	527	83242786	
-13847	-1625	5934	1690	-4429	-763	177	31	83	528	2636	528	83242786	
-14012	-1520	5842	1329	-4825	-653	177	31	85	529	2641	529	83242786	
-14362	-1654	5630	1108	-5253	-508	178	30	88	530	2646	530	83242787	
-14554	-1706	5325	900	-5552	-418	177	28	88	531	2651	531	83242807	
-14594	-1542	5278	597	-5672	-391	176	26	88	532	2656	532	83242820	
-14644	-1362	5414	424	-5700	-304	178	31	85	533	2661	533	83242820	
-14644	-1353	5448	411	-5798	-141	179	35	83	534	2666	534	83242820	
-14686	-1251	5432	405	-5833	69	179	33	85	535	2671	535	83242820	
-14704	-974	5464	426	-5616	281	179	31	87	536	2676	536	83242820	
-14597	-738	5778	581	-5268	535	180	27	89	537	2681	537	83242820	
-14310	-652	6336	991	-5060	955	180	24	90	538	2686	538	83242826	
-14044	-614	7162	1556	-5081	1441	182	29	90	539	2691	539	83242850	
-13914	-307	8074	2178	-5237	1979	182	30	90	540	2696	540	83242856	
-13912	181	8903	2933	-5565	2590	182	28	90	541	2701	541	83242857	
-14195	683	9375	3690	-5895	3121	182	28	90	542	2706	542	83242857	
-14657	972	9484	4646	-6137	3630	182	24	91	543	2711	543	83242858	
-15148	817	9076	5730	-6082	4036	182	22	92	544	2716	544	83242858	
-15434	439	8572	6565	-5628	4227	182	22	92	545	2721	545	83242858	
-15251	222	8428	7005	-5073	4243	182	22	92	546	2726	546	83242879	
-14709	271	8899	7289	-4681	4171	181	24	93	547	2731	547	83242893	
-14251	-28	9205	7956	-4810	4097	181	25	93	548	2736	548	83242893	
-14144	-561	9198	8689	-5280	4025	183	23	96	549	2741	549	83242893	
-14292	-944	9004	9050	-5782	4050	183	23	97	550	2746	550	83242894	
-14431	-1020	8931	8995	-6303	4256	183	25	102	551	2751	551	83242894	
-14403	-678	9111	8595	-7070	4671	183	25	103	552	2756	552	83242894	
-14120	170	9700	8229	-8218	5102	182	24	99	553	2761	553	83242900	
-13711	790	10121	8311	-9494	5441	182	24	98	554	2766	554	83242925	
-13214	1058	10290	8671	-10894	5734	183	23	99	555	2771	555	83242931	
-13182	1002	10222	8644	-11831	5828	183	23	99	556	2776	556	83242931	
-13260	614	10350	8353	-12617	5828	185	15	99	557	2781	557	83242931	
-13856	40	9728	7831	-13389	5808	185	15	99	558	2786	558	83242931	
-14768	-478	9228	7105	-14010	5879	186	18	106	559	2791	559	83242931	
-16092	-1158	8144	6401	-14273	6074	186	18	106	560	2796	560	83242931	
-17322	-2056	6134	5879	-14101	6298	184	22	106	561	2801	561	83242967	
-18560	-3246	3976	5548	-13212	6446	184	22	106	562	2806	562	83242967	
-20220	-3598	1280	5211	-11685	6439	182	20	102	563	2811	563	83242984	
-22413	-2854	-970	4986	-8764	6231	183	20	104	564	2816	564	83242984	
-23523	-3313	-2268	5859	-5985	6094	186	20	110	565	2821	565	83242985	
-23195	-5570	-2671	7275	-3820	6151	187	20	110	566	2826	566	83242986	
-22340	-8282	-2456	8007	-2858	6294	189	19	109	567	2831	567	83242986	
-21362	-10000	-1258	6435	-3675	6360	189	19	109	568	2836	568	83242986	
-22134	-8424	1256	2730	-6528	6141	180	14	112	569	2841	569	83242994	
-24692	-5242	4098	-502	-10004	5855	180	14	112	570	2846	570	83243004	
-27118	-2628	5942	-1494	-12075	5596	190	22	108	571	2851	571	83243005	
-28762	-937	6256	-301	-11515	5201	189	22	108	572	2856	572	83243005	
-28697	-1210	4972	1664	-9064	4886	184	20	110	573	2861	573	83243005	
-27108	-2470	2808	3022	-5795	4578	184	19	109	574	2866	574	83243005	
-24436	-2671	1702	2316	-3246	4399	183	17	107	575	2871	575	83243012	
-21968	-1803	1538	556	-2611	4470	183	17	107	576	2876	576	83243041	
-20546	-1024	1220	-692	-3744	4733	184	16	106	577	2881	577	83243041	
-20430	-474	791	-1359	-5486	5078	185	16	107	578	2886	578	83243041	
-19664	270	491	-1414	-6947	5353	189	17	109	579	2891	579	83243041	
-18015	998	872	-275	-7487	5409	188	17	109	580	2896	580	83243041	
-15977	502	1620	2527	-7242	5352	185	17	109	581	2901	581	83243041	
-15034	-3	2226	5037	-6732	5155	185	16	108	582	2906	582	83243041	
-14278	-368	2965	7221	-6074	4909	184	14	106	583	2911	583	83243051	
-13940	-207	3494	8643	-5596	4627	182	12	108	584	2916	584	83243070	
-14115	795	3790	9090	-5263	4306	180	10	112	585	2921	585	83243077	
-14548	2496	3910	8854	-4724	3972	182	10	112	586	2926	586	83243077	
-14975	4375	3642	8454	-3880	3668	186	10	112	587	2931	587	83243078	
-15340	6067	3006	8299	-2705	3406	183	12	108	588	2936	588	83243078	
-16306	6456	2646	8508	-1618	3194	180	14	104	589	2941	589	83243078	
-18168	5741	2336	8594	-919	2999	183	12	107	590	2946	590	83243085	
-20525	4865	1958	8224	-421	2736	185	11	109	591	2951	591	83243106	
-23234	3975	1432	7535	111	2317	184	12	107	592	2956	592	83243123	
-26160	2853	382	6844	854	1677	183	13	105	593	2961	593	83243123	
-28223	1584	-1200	6476	1813	998	183	15	106	594	2966	594	83243124	
-28521	446	-2897	6293	2927	437	182	18	108	595	2971	595	83243124	
-26423	-254	-4412	6024	3952	88	184	15	106	596	2976	596	83243125	
-22173	193	-4967	5490	4258	94	185	11	103	597	2981	597	83243126	
-17920	1704	-4488	5009	3860	490	186	12	107	598	2986	598	83243144	
-14744	3629	-3567	5053	2869	1128	187	13	109	599	2991	599	83243155	
-13161	4882	-2632	5847	1548	1728	185	13	108	600	2996	600	83243155	
-12969	5057	-1964	6830	426	2172	183	13	107	601	3001	601	83243155	
-13644	4641	-1395	7281	-11	2461	185	13	109	602	3006	602	83243155	
-14506	4080	-892	7175	409	2578	187	13	111	603	3011	603	83243155	
-15244	3526	-553	6815	1403	2498	187	12	110	604	3016	604	83243155	
-16100	2742	-519	6258	2732	2175	187	11	109	605	3021	605	83243155	
-16854	1819	-541	5517	3816	1701	181	14	109	606	3026	606	83243177	
-17458	1042	-1	4340	4728	1152	179	15	109	607	3031	607	83243190	
-17811	577	854	2858	5572	549	179	13	112	608	3036	608	83243193	
-17990	128	1556	1525	6473	-84	179	13	113	609	3041	609	83243193	
-18074	-298	2038	514	7575	-691	179	16	107	610	3046	610	83243194	
-17848	-486	2249	-275	8942	-1241	179	17	105	611	3051	611	83243194	
-17346	-555	2490	-889	10403	-1671	183	13	109	612	3056	612	83243194	
-16722	-675	2425	-1287	11659	-1966	184	12	110	613	3061	613	83243200	
-15778	-848	2566	-1385	12591	-2125	182	10	100	614	3066	614	83243230	
-15186	-1034	2660	-1266	12601	-1999	182	10	100	615	3071	615	83243230	
-14886	-1194	2718	-1202	12039	-1692	180	10	104	616	3076	616	83243230	
-14653	-1259	3040	-1330	11304	-1358	180	10	104	617	3081	617	83243230	
-14444	-1219	3616	-1630	10336	-944	182	10	102	618	3086	618	83243231	
-14398	-1030	4355	-2015	9269	-514	182	10	102	619	3091	619	83243231	
-14393	-704	4943	-2432	8263	-122	178	9	101	620	3096	620	83243231	
-14486	-271	5420	-3013	7395	217	177	9	101	621	3101	621	83243247	
-14734	530	5786	-3837	6551	493	179	9	95	622	3106	622	83243267	
-14922	1256	5830	-4379	5993	598	179	9	95	623	3111	623	83243267	
-15070	1888	5800	-4712	5523	640	180	14	100	624	3116	624	83243267	
-15196	2352	5460	-4920	5083	608	180	14	100	625	3121	625	83243267	
-15588	2770	5150	-4986	4738	546	181	9	97	626	3126	626	83243267	
-16056	3048	4544	-4856	4605	473	181	9	97	627	3131	627	83243267	
-16372	3264	4030	-4607	4669	390	179	5	97	628	3136	628	83243268	
-16438	3414	3672	-4257	4713	306	179	5	97	629	3141	629	83243294	
-16321	3465	3299	-3535	4439	289	181	9	91	630	3146	630	83243312	
-16231	3354	3079	-2825	3972	365	180	9	91	631	3151	631	83243313	
-16230	3315	2948	-2159	3437	439	177	7	93	632	3156	632	83243313	
-16152	3207	2900	-1518	2968	477	176	7	93	633	3161	633	83243314	
-16048	3136	2759	-981	2672	456	171	9	95	634	3166	634	83243314	
-15975	3278	2482	-569	2487	383	172	9	94	635	3171	635	83243319	
-16028	3444	2400	-231	2354	295	177	11	89	636	3176	636	83243335	
-15983	3607	2063	177	2219	232	177	10	90	637	3181	637	83243345	
-16065	3698	1741	716	2090	185	177	5	93	638	3186	638	83243345	
-16046	3706	1290	1297	1979	162	179	7	92	639	3191	639	83243345	
-15969	3621	1107	1769	1889	169	182	10	90	640	3196	640	83243345	
-15881	3544	891	2168	1786	191	180	10	89	641	3201	641	83243345	
-15903	3447	761	2392	1691	186	178	10	88	642	3206	642	83243345	
-15951	3319	644	2472	1606	153	178	10	88	643	3211	643	83243353	
-15933	3123	588	2462	1561	82	178	12	86	644	3216	644	83243388	
-16068	2928	560	2321	1541	-32	176	12	86	645	3221	645	83243396	
-16169	2936	457	2033	1540	-157	170	10	84	646	3226	646	83243396	
-16194	2979	578	1760	1599	-273	174	13	84	647	3231	647	83243396	
-16217	3046	656	1622	1673	-346	180	18	84	648	3236	648	83243396	
-16145	3153	855	1525	1741	-386	180	14	84	649	3241	649	83243396	
-16094	3208	1085	1467	1762	-421	181	9	85	650	3246	650	83243400	
-16190	3122	1183	1493	1763	-458	179	9	83	651	3251	651	83243417	
-16296	2956	1265	1575	1808	-513	175	9	81	652	3256	652	83243434	
-16272	2696	1386	1591	1916	-588	176	10	83	653	3261	653	83243435	
-16184	2553	1528	1479	2021	-677	177	11	87	654	3266	654	83243436	
-15932	2537	1593	1352	2030	-764	175	10	86	655	3271	655	83243437	
-15720	2443	1714	1347	1877	-775	173	9	85	656	3276	656	83243437	
-15628	2413	1844	1355	1662	-737	177	8	84	657	3281	657	83243437	
-15527	2386	2005	1423	1449	-707	179	7	83	658	3286	658	83243437	
-15398	2196	2105	1603	1246	-719	180	9	85	659	3291	659	83243437	
-15360	2028	2086	1787	1052	-764	180	10	86	660	3296	660	83243437	
-15450	1955	2090	1898	886	-834	179	6	86	661	3301	661	83243441	
-15635	1870	2023	2030	758	-916	178	4	86	662	3306	662	83243460	
-15963	1798	1874	2267	646	-977	177	6	90	663	3311	663	83243471	
-16220	1746	1858	2482	574	-1001	177	7	91	664	3316	664	83243471	
-16510	1720	1726	2649	553	-1029	179	8	89	665	3321	665	83243471	
-16665	1857	1686	2780	570	-1029	180	8	88	666	3326	666	83243471	
-16764	1944	1649	2950	586	-989	179	9	85	667	3331	667	83243471	
-16814	2071	1614	3155	610	-940	178	10	84	668	3336	668	83243471	
-16906	2124	1578	3312	678	-910	180	8	86	669	3341	669	83243493	
-16910	2197	1524	3328	790	-925	181	7	87	670	3346	670	83243509	
-16781	2299	1475	3262	929	-956	182	10	85	671	3351	671	83243509	
-16784	2317	1453	3196	1053	-980	182	12	84	672	3356	672	83243509	
-16633	2272	1482	3172	1098	-979	179	10	87	673	3361	673	83243509	
-16531	2124	1597	3227	1106	-982	178	10	88	674	3366	674	83243510	
-16390	1778	1638	3350	1121	-985	177	12	90	675	3371	675	83243510	
-16264	1439	1650	3420	1148	-1034	177	13	91	676	3376	676	83243510	
-16206	1089	1618	3392	1186	-1104	178	11	90	677	3381	677	83243531	
-16401	826	1538	3265	1316	-1205	178	10	90	678	3386	678	83243543	
-16721	741	1669	3022	1576	-1377	176	12	88	679	3391	679	83243545	
-17154	764	1690	2745	2040	-1626	176	12	88	680	3396	680	83243545	
-17376	742	1800	2529	2528	-1787	177	11	87	681	3401	681	83243545	
-17196	802	1926	2242	3039	-1857	177	11	87	682	3406	682	83243545	
-16718	832	2324	2062	3269	-1872	177	9	91	683	3411	683	83243545	
-16408	674	2430	1896	3053	-1881	177	9	91	684	3416	684	83243555	
-16362	500	2744	1579	2790	-1907	184	8	94	685	3421	685	83243585	
-16230	458	3284	1170	2593	-1933	184	8	94	686	3426	686	83243585	
-16084	224	3606	804	2442	-1961	179	7	91	687	3431	687	83243585	
-15788	-62	3562	567	2294	-1985	179	7	91	688	3436	688	83243586	
-15603	-382	3825	163	1994	-2032	184	12	88	689	3441	689	83243586	
-15620	-400	3960	-314	1656	-2093	185	13	87	690	3446	690	83243587	
-15606	-336	4021	-832	1344	-2184	187	15	85	691	3451	691	83243594	
-15634	-289	4080	-1258	1101	-2252	186	14	86	692	3456	692	83243623	
-15706	-84	3908	-1580	959	-2286	183	7	89	693	3461	693	83243624	
-15886	80	3812	-1891	893	-2309	183	7	89	694	3466	694	83243624	
-16070	302	3628	-2043	871	-2266	180	2	84	695	3471	695	83243625	
-16104	376	3472	-2017	933	-2159	180	2	84	696	3476	696	83243625	
-16164	357	3328	-1924	935	-2009	180	10	90	697	3481	697	83243625	
-16232	253	3128	-1907	828	-1874	180	10	89	698	3486	698	83243627	
-16315	222	3004	-1975	641	-1757	178	10	86	699	3491	699	83243642	
-16464	100	2706	-2042	444	-1697	179	9	86	700	3496	700	83243672	
-16528	-154	2444	-2137	248	-1702	182	4	86	701	3501	701	83243674	
-16668	-424	2181	-2269	103	-1776	181	4	86	702	3506	702	83243675	
-16809	-555	1892	-2543	24	-1873	177	5	87	703	3511	703	83243675	
-16770	-718	1596	-2834	37	-1983	177	6	87	704	3516	704	83243676	
-16712	-815	1461	-3087	98	-2092	179	9	89	705	3521	705	83243677	
-16536	-830	1244	-3309	73	-2172	181	8	87	706	3526	706	83243677	
-16425	-783	1035	-3417	-15	-2201	184	6	84	707	3531	707	83243686	
-16420	-676	847	-3443	-127	-2166	183	7	84	708	3536	708	83243699	
-16506	-512	761	-3362	-238	-2064	181	9	83	709	3541	709	83243700	
-16605	-395	701	-3158	-313	-1925	179	9	82	710	3546	710	83243700	
-16759	-286	557	-2819	-351	-1769	176	8	80	711	3551	711	83243700	
-16878	-211	425	-2413	-374	-1605	178	7	82	712	3556	712	83243700	
-16908	-219	359	-1992	-383	-1418	181	5	85	713	3561	713	83243700	
-16820	-283	463	-1593	-390	-1222	180	7	84	714	3566	714	83243708	
-16654	-370	421	-1229	-414	-1042	180	8	84	715	3571	715	83243729	
-16524	-515	450	-926	-462	-863	184	5	83	716	3576	716	83243740	
-16431	-589	567	-751	-523	-728	187	3	83	717	3581	717	83243740	
-16380	-606	726	-652	-584	-631	184	5	80	718	3586	718	83243740	
-16388	-614	922	-625	-651	-581	179	7	75	719	3591	719	83243741	
-16435	-591	1059	-693	-726	-598	180	7	77	720	3596	720	83243741	
-16452	-577	1223	-849	-798	-664	182	6	80	721	3601	721	83243741	
-16402	-552	1386	-1058	-875	-753	183	7	82	722	3606	722	83243746	
-16308	-444	1633	-1264	-982	-819	183	7	83	723	3611	723	83243767	
-16232	-253	1794	-1426	-1135	-868	182	4	82	724	3616	724	83243779	
-16165	-32	1859	-1495	-1251	-908	182	2	82	725	3621	725	83243780	
-16144	16	1864	-1449	-1351	-922	184	3	81	726	3626	726	83243780	
-16108	0	2014	-1397	-1474	-921	185	3	81	727	3631	727	83243780	
-16070	61	2217	-1355	-1593	-888	185	3	82	728	3636	728	83243780	
-16161	64	2226	-1236	-1685	-837	185	3	83	729	3641	729	83243781	
-16364	-129	1968	-1057	-1674	-766	183	5	79	730	3646	730	83243789	
-16556	-236	1897	-1009	-1537	-746	182	6	78	731	3651	731	83243810	
-16699	-293	1845	-1059	-1372	-752	182	4	80	732	3656	732	83243815	
-16715	-309	1781	-1078	-1205	-726	182	4	80	733	3661	733	83243815	
-16806	-316	1674	-1025	-1087	-673	181	3	79	734	3666	734	83243815	
-16876	-388	1469	-922	-972	-620	181	3	79	735	3671	735	83243815	
-16877	-414	1480	-841	-836	-555	179	6	76	736	3676	736	83243815	
-16856	-262	1489	-741	-740	-484	179	7	75	737	3681	737	83243815	
-16814	-250	1435	-574	-681	-411	182	7	80	738	3686	738	83243875	
-16766	-180	1576	-398	-657	-314	183	7	81	739	3691	739	83243890	
-16710	-172	1780	-338	-705	-264	182	6	78	740	3696	740	83243890	
-16630	-200	1650	-311	-802	-235	182	6	78	741	3701	741	83243890	
-16525	-203	1743	-330	-895	-213	186	2	79	742	3706	742	83243890	
-16400	-150	1821	-405	-995	-197	187	1	79	743	3711	743	83243890	
-16313	-80	1772	-501	-1077	-206	180	5	80	744	3716	744	83243891	
-16359	86	1794	-576	-1087	-228	178	6	80	745	3721	745	83243906	
-16339	214	1794	-600	-1025	-249	179	8	78	746	3726	746	83243932	
