-13510	363	-7781	-2151	770	-288	-190	124	-44	1	1	1	71018196	
-13546	468	-7830	-2024	732	-206	-192	130	-43	2	6	2	71018196	
-13602	416	-7708	-1905	703	-105	-193	131	-43	3	11	3	71018196	
-13676	516	-7822	-1747	666	-17	-192	132	-38	4	16	4	71018196	
-13700	582	-7792	-1677	645	95	-192	132	-38	5	21	5	71018196	
-13790	448	-7764	-1587	651	211	-192	130	-40	6	26	6	71018204	
-13902	586	-7800	-1477	645	277	-192	130	-40	7	31	7	71018233	
-13936	518	-7860	-1354	643	364	-195	125	-45	8	36	8	71018233	
-13972	432	-7854	-1256	635	459	-195	125	-45	9	41	9	71018234	
-14078	410	-7910	-1137	642	580	-194	126	-40	10	46	10	71018234	
-14072	378	-7894	-1029	664	670	-194	126	-40	11	51	11	71018235	
-14116	318	-7848	-913	660	744	-200	130	-38	12	56	12	71018235	
-14115	198	-7880	-794	648	828	-198	128	-39	13	61	13	71018237	
-14115	175	-7867	-693	600	864	-191	121	-43	14	66	14	71018246	
-14106	153	-7858	-580	522	892	-191	122	-42	15	71	15	71018265	
-14168	56	-7870	-477	442	919	-192	128	-36	16	76	16	71018265	
-14334	-10	-7874	-378	327	923	-192	128	-36	17	81	17	71018265	
-14278	-30	-7774	-282	216	933	-198	130	-40	18	86	18	71018265	
-14338	-80	-7810	-201	112	936	-198	130	-40	19	91	19	71018265	
-14366	-168	-7828	-139	41	938	-195	129	-39	20	96	20	71018265	
-14418	-163	-7872	-59	-2	954	-196	129	-39	21	101	21	71018267	
-14445	-181	-7918	7	-23	967	-198	128	-40	22	106	22	71018283	
-14511	-98	-7889	74	-22	995	-199	129	-40	23	111	23	71018317	
-14441	-83	-7846	145	-6	1010	-201	131	-39	24	116	24	71018319	
-14428	-102	-7893	217	20	1061	-200	130	-39	25	121	25	71018319	
-14394	-64	-7840	276	58	1108	-197	127	-39	26	126	26	71018320	
-14410	-62	-7858	336	78	1139	-197	126	-39	27	131	27	71018320	
-14391	-32	-7814	388	113	1187	-196	124	-40	28	136	28	71018322	
-14318	-36	-7752	425	144	1254	-196	124	-41	29	141	29	71018332	
-14326	33	-7742	477	182	1309	-195	123	-43	30	146	30	71018346	
-14322	2	-7740	522	206	1367	-196	123	-43	31	151	31	71018346	
-14284	-26	-7728	567	225	1417	-198	122	-42	32	156	32	71018346	
-14246	5	-7710	610	217	1474	-196	125	-44	33	161	33	71018346	
-14244	57	-7687	659	201	1524	-192	130	-46	34	166	34	71018346	
-14244	40	-7668	710	184	1576	-191	129	-44	35	171	35	71018346	
-14244	47	-7692	764	178	1644	-190	128	-42	36	176	36	71018358	
-14214	107	-7735	834	179	1729	-190	131	-40	37	181	37	71018380	
-14225	103	-7786	909	191	1800	-190	134	-38	38	186	38	71018384	
-14268	92	-7794	983	205	1861	-192	132	-42	39	191	39	71018384	
-14276	98	-7782	1063	218	1921	-194	130	-46	40	196	40	71018384	
-14266	131	-7814	1151	234	1978	-193	130	-46	41	201	41	71018384	
-14281	145	-7819	1232	257	2037	-191	129	-47	42	206	42	71018384	
-14277	168	-7820	1309	276	2090	-192	129	-46	43	211	43	71018384	
-14274	206	-7857	1390	288	2147	-194	128	-44	44	216	44	71018384	
-14261	212	-7840	1471	299	2217	-193	128	-45	45	221	45	71018403	
-14236	233	-7823	1563	305	2296	-192	128	-46	46	226	46	71018423	
-14220	190	-7834	1658	300	2358	-195	129	-44	47	231	47	71018423	
-14174	227	-7812	1754	281	2408	-197	129	-43	48	236	48	71018423	
-14152	266	-7800	1850	252	2468	-195	128	-42	49	241	49	71018423	
-14128	236	-7787	1946	218	2528	-193	127	-41	50	246	50	71018424	
-14120	240	-7794	2048	180	2588	-195	132	-42	51	251	51	71018424	
-14158	231	-7805	2143	150	2678	-196	136	-42	52	256	52	71018438	
-14207	184	-7778	2244	117	2763	-196	132	-43	53	261	53	71018450	
-14173	150	-7805	2365	95	2832	-196	130	-44	54	266	54	71018452	
-14186	205	-7886	2455	84	2896	-198	124	-42	55	271	55	71018452	
-14154	142	-7841	2512	96	2978	-199	123	-41	56	276	56	71018452	
-14186	85	-7890	2599	110	3031	-196	128	-41	57	281	57	71018452	
-14204	102	-7887	2664	147	3088	-195	129	-41	58	286	58	71018452	
-14212	68	-7855	2721	178	3157	-198	126	-41	59	291	59	71018453	
-14171	61	-7936	2769	203	3201	-199	125	-41	60	296	60	71018476	
-14192	84	-7944	2831	222	3255	-197	129	-39	61	301	61	71018488	
-14165	85	-7908	2891	234	3310	-196	130	-38	62	306	62	71018490	
-14156	68	-7914	2960	248	3351	-198	122	-40	63	311	63	71018490	
-14169	91	-7876	3032	255	3401	-198	120	-40	64	316	64	71018491	
-14142	76	-7842	3099	248	3454	-200	126	-42	65	321	65	71018491	
-14163	92	-7818	3181	229	3482	-200	128	-42	66	326	66	71018491	
-14204	79	-7819	3255	211	3536	-199	124	-43	67	331	67	71018505	
-14142	106	-7854	3345	183	3602	-199	123	-43	68	336	68	71018519	
-14153	148	-7691	3429	141	3665	-199	121	-40	69	341	69	71018522	
-14154	156	-7741	3524	94	3733	-199	121	-39	70	346	70	71018522	
-14134	154	-7652	3626	22	3775	-199	123	-41	71	351	71	71018522	
-14104	80	-7708	3699	-46	3816	-199	123	-41	72	356	72	71018522	
-14170	86	-7616	3770	-135	3868	-200	126	-44	73	361	73	71018522	
-14128	72	-7620	3814	-203	3925	-200	126	-44	74	366	74	71018530	
-14076	-20	-7730	3865	-280	3970	-201	123	-43	75	371	75	71018553	
-14112	-22	-7594	3910	-363	4001	-201	123	-43	76	376	76	71018553	
-14096	-116	-7542	3941	-409	4067	-200	130	-46	77	381	77	71018553	
-14106	-60	-7614	4026	-475	4053	-200	130	-46	78	386	78	71018553	
-14140	-111	-7602	4042	-516	4123	-201	121	-43	79	391	79	71018553	
-14138	-116	-7673	4094	-541	4148	-201	122	-44	80	396	80	71018561	
-14120	-127	-7646	4151	-552	4169	-203	127	-47	81	401	81	71018591	
-14198	-35	-7712	4186	-553	4221	-203	125	-46	82	406	82	71018591	
-14264	14	-7702	4222	-533	4278	-204	118	-40	83	411	83	71018591	
-14328	-35	-7784	4298	-502	4294	-203	119	-41	84	416	84	71018591	
-14334	-76	-7717	4331	-465	4317	-201	125	-43	85	421	85	71018591	
-14394	-106	-7702	4382	-424	4314	-201	125	-43	86	426	86	71018591	
-14372	0	-7574	4422	-366	4322	-199	123	-49	87	431	87	71018591	
-14448	16	-7676	4502	-304	4378	-201	124	-50	88	436	88	71018608	
-14531	8	-7654	4554	-274	4413	-207	129	-53	89	441	89	71018627	
-14530	18	-7604	4587	-266	4441	-206	128	-51	90	446	90	71018627	
-14519	-10	-7573	4625	-280	4484	-202	122	-44	91	451	91	71018627	
-14525	-99	-7469	4650	-318	4488	-203	122	-45	92	456	92	71018628	
-14512	-57	-7412	4664	-358	4460	-205	121	-49	93	461	93	71018628	
-14569	-128	-7458	4686	-397	4461	-205	121	-48	94	466	94	71018635	
-14535	-128	-7309	4701	-446	4491	-205	123	-45	95	471	95	71018662	
-14465	-197	-7331	4726	-505	4522	-205	121	-47	96	476	96	71018664	
-14441	-243	-7360	4762	-568	4524	-206	118	-50	97	481	97	71018664	
-14406	-283	-7302	4793	-648	4514	-206	120	-50	98	486	98	71018664	
-14440	-219	-7325	4836	-743	4464	-205	123	-51	99	491	99	71018665	
-14394	-241	-7322	4843	-812	4468	-207	124	-49	100	496	100	71018665	
-14362	-316	-7329	4842	-853	4515	-210	126	-46	101	501	101	71018673	
-14377	-376	-7258	4874	-883	4513	-207	125	-48	102	506	102	71018698	
-14397	-310	-7305	4908	-912	4481	-202	124	-52	103	511	103	71018721	
-14291	-295	-7327	4902	-920	4480	-204	124	-50	104	516	104	71018728	
-14317	-260	-7349	4916	-910	4447	-206	124	-48	105	521	105	71018728	
-14293	-210	-7364	4914	-895	4454	-206	122	-47	106	526	106	71018728	
-14314	-194	-7409	4920	-871	4459	-206	120	-46	107	531	107	71018728	
-14317	-235	-7346	4932	-858	4438	-208	119	-48	108	536	108	71018737	
-14289	-292	-7256	4957	-868	4393	-210	118	-50	109	541	109	71018749	
-14276	-261	-7276	4975	-903	4350	-210	118	-49	110	546	110	71018754	
-14285	-158	-7321	4943	-941	4347	-210	118	-48	111	551	111	71018754	
-14308	-179	-7300	4890	-974	4363	-206	119	-49	112	556	112	71018754	
-14331	-218	-7278	4879	-1037	4353	-201	119	-49	113	561	113	71018754	
-14362	-150	-7234	4881	-1112	4327	-205	118	-49	114	566	114	71018754	
-14391	-119	-7208	4898	-1187	4315	-207	117	-49	115	571	115	71018754	
-14378	-138	-7172	4922	-1258	4308	-207	118	-48	116	576	116	71018754	
-14416	-125	-7040	4927	-1322	4309	-207	119	-47	117	581	117	71018754	
-14432	-33	-6996	4921	-1370	4333	-211	117	-46	118	586	118	71018754	
-14460	-78	-7056	4953	-1401	4366	-214	116	-46	119	591	119	71018773	
-14494	-77	-6977	4970	-1428	4389	-210	118	-47	120	596	120	71018786	
-14483	-105	-6992	5005	-1439	4406	-207	119	-47	121	601	121	71018786	
-14480	27	-7004	5009	-1434	4420	-212	116	-50	122	606	122	71018786	
-14491	-83	-6998	5045	-1426	4428	-213	115	-51	123	611	123	71018786	
-14569	186	-7118	5038	-1427	4431	-210	117	-51	124	616	124	71018786	
-14644	123	-7087	5015	-1402	4485	-209	117	-51	125	621	125	71018786	
-14599	99	-7013	4970	-1359	4519	-211	118	-53	126	626	126	71018787	
-14606	-28	-6961	4957	-1344	4539	-212	118	-54	127	631	127	71018817	
-14655	10	-6907	4942	-1347	4507	-214	113	-48	128	636	128	71018824	
-14686	-36	-6902	4943	-1346	4477	-214	112	-46	129	641	129	71018825	
-14756	-24	-6932	4978	-1353	4420	-215	115	-51	130	646	130	71018825	
-14822	22	-6972	4982	-1373	4371	-215	115	-51	131	651	131	71018825	
-14882	90	-6957	4953	-1386	4381	-209	116	-55	132	656	132	71018825	
-14883	78	-6967	4921	-1418	4390	-208	116	-56	133	661	133	71018855	
-14958	16	-6951	4905	-1421	4394	-209	115	-52	134	666	134	71018862	
-14858	-177	-6991	4893	-1430	4367	-209	115	-51	135	671	135	71018862	
-14756	-120	-6880	4869	-1463	4298	-212	118	-51	136	676	136	71018862	
-14852	-48	-6954	4857	-1506	4226	-213	119	-51	137	681	137	71018863	
-14786	-66	-6744	4773	-1525	4211	-212	120	-52	138	686	138	71018863	
-14794	-62	-6838	4790	-1563	4157	-212	120	-52	139	691	139	71018863	
-14880	0	-6824	4770	-1603	4117	-210	110	-56	140	696	140	71018863	
-14862	-8	-6730	4740	-1641	4102	-210	110	-56	141	701	141	71018900	
-14884	132	-6696	4774	-1684	4053	-213	117	-51	142	706	142	71018900	
-14892	176	-6818	4750	-1702	4086	-213	117	-51	143	711	143	71018900	
-14884	354	-6804	4774	-1701	4149	-210	116	-46	144	716	144	71018900	
-14870	-36	-6812	4838	-1701	4158	-210	116	-46	145	721	145	71018900	
-14860	62	-6824	4913	-1712	4022	-218	114	-54	146	726	146	71018900	
-14880	155	-6814	4918	-1700	3966	-217	114	-54	147	731	147	71018902	
-14872	161	-6790	4860	-1674	3999	-214	116	-52	148	736	148	71018914	
-14844	155	-6732	4788	-1602	4074	-213	115	-52	149	741	149	71018937	
-14694	-69	-6614	4734	-1493	4129	-211	113	-53	150	746	150	71018937	
-14707	-136	-6720	4828	-1420	4035	-212	112	-54	151	751	151	71018937	
-14818	64	-6744	4849	-1338	3983	-216	110	-56	152	756	152	71018937	
-14798	85	-6677	4828	-1262	4030	-215	111	-56	153	761	153	71018937	
-14780	53	-6649	4828	-1232	4067	-213	113	-55	154	766	154	71018937	
-14771	-34	-6608	4881	-1246	4053	-212	113	-55	155	771	155	71018939	
-14758	49	-6556	4910	-1287	4028	-209	113	-55	156	776	156	71018958	
-14630	-52	-6524	4948	-1333	4009	-210	113	-54	157	781	157	71019008	
-14646	-14	-6474	4983	-1411	3975	-215	115	-51	158	786	158	71019008	
-14605	-137	-6447	4937	-1475	3945	-215	115	-52	159	791	159	71019008	
-14743	119	-6726	4975	-1557	3852	-214	114	-56	160	796	160	71019008	
-14564	-26	-6542	4888	-1561	3887	-213	114	-56	161	801	161	71019009	
-14704	118	-6616	4873	-1591	3825	-207	113	-57	162	806	162	71019009	
-14630	-99	-6499	4778	-1569	3839	-207	113	-56	163	811	163	71019030	
-14752	-38	-6550	4825	-1541	3737	-208	114	-54	164	816	164	71019068	
-14781	37	-6526	4808	-1507	3674	-212	115	-56	165	821	165	71019079	
-14869	197	-6601	4831	-1488	3626	-218	116	-58	166	826	166	71019079	
-14874	174	-6534	4809	-1476	3647	-217	114	-56	167	831	167	71019079	
-14874	210	-6556	4803	-1469	3646	-215	111	-53	168	836	168	71019080	
-14920	317	-6615	4791	-1481	3665	-215	111	-55	169	841	169	71019080	
-14825	161	-6452	4730	-1540	3736	-214	112	-58	170	846	170	71019087	
-14840	96	-6263	4745	-1636	3678	-215	113	-56	171	851	171	71019109	
-14984	220	-6379	4792	-1732	3611	-216	114	-54	172	856	172	71019119	
-15107	278	-6451	4793	-1782	3620	-217	112	-55	173	861	173	71019119	
-15147	323	-6295	4769	-1792	3664	-217	111	-55	174	866	174	71019119	
-15148	297	-6271	4823	-1784	3678	-215	107	-56	175	871	175	71019119	
-15211	264	-6322	4906	-1755	3657	-213	105	-57	176	876	176	71019120	
-15173	324	-6293	4957	-1688	3626	-215	109	-60	177	881	177	71019120	
-15157	413	-6322	5001	-1622	3615	-216	112	-62	178	886	178	71019120	
-15174	446	-6355	5040	-1576	3627	-214	111	-58	179	891	179	71019120	
-15104	464	-6244	5069	-1537	3669	-211	109	-53	180	896	180	71019120	
-15104	512	-6247	5118	-1514	3697	-212	113	-55	181	901	181	71019120	
-15124	410	-6176	5146	-1496	3716	-213	115	-57	182	906	182	71019120	
-15128	325	-6046	5179	-1500	3700	-215	112	-55	183	911	183	71019125	
-15222	435	-6116	5240	-1509	3684	-216	110	-54	184	916	184	71019129	
-15306	469	-6079	5262	-1472	3723	-216	112	-54	185	921	185	71019129	
-15333	550	-6069	5282	-1425	3775	-216	114	-54	186	926	186	71019129	
-15300	555	-6133	5294	-1322	3923	-217	107	-52	187	931	187	71019137	
-15217	284	-6054	5323	-1241	4008	-217	105	-51	188	936	188	71019155	
-15339	331	-6054	5420	-1192	3933	-219	111	-55	189	941	189	71019159	
-15286	401	-6018	5453	-1133	3939	-220	112	-56	190	946	190	71019160	
-15350	351	-6214	5542	-1091	3924	-217	109	-59	191	951	191	71019160	
-15324	362	-6079	5545	-1050	3936	-216	108	-60	192	956	192	71019160	
-15320	330	-6070	5566	-1012	3972	-219	108	-62	193	961	193	71019160	
-15284	302	-6048	5592	-997	3971	-220	108	-62	194	966	194	71019161	
-15236	389	-6053	5540	-962	4007	-218	105	-59	195	971	195	71019161	
-15266	92	-6020	5563	-960	3984	-218	104	-58	196	976	196	71019161	
-15264	272	-6070	5553	-972	3891	-219	109	-61	197	981	197	71019162	
-15282	314	-6214	5588	-946	3860	-219	109	-61	198	986	198	71019162	
-15264	220	-6046	5522	-901	3872	-213	107	-61	199	991	199	71019183	
-15198	72	-5974	5519	-864	3844	-213	107	-61	200	996	200	71019195	
-15206	95	-6094	5535	-843	3768	-216	112	-61	201	1001	201	71019195	
-15269	220	-6185	5527	-808	3680	-217	113	-61	202	1006	202	71019195	
-15185	44	-6151	5516	-767	3656	-215	104	-63	203	1011	203	71019196	
-15282	174	-6212	5512	-704	3610	-214	102	-64	204	1016	204	71019196	
-15252	102	-6160	5496	-638	3605	-223	111	-59	205	1021	205	71019196	
-15142	88	-6186	5484	-575	3573	-223	111	-59	206	1026	206	71019197	
-15256	118	-6066	5477	-526	3530	-212	106	-62	207	1031	207	71019197	
-15236	200	-6148	5451	-471	3517	-212	106	-62	208	1036	208	71019243	
-15214	76	-6042	5463	-432	3554	-217	107	-61	209	1041	209	71019246	
-15212	144	-6048	5493	-435	3551	-217	107	-61	210	1046	210	71019247	
-15134	-60	-5850	5535	-468	3526	-225	103	-65	211	1051	211	71019248	
-15204	82	-6058	5512	-505	3499	-225	103	-65	212	1056	212	71019249	
-15152	-20	-5775	5492	-545	3476	-218	102	-62	213	1061	213	71019250	
-15153	-57	-5756	5530	-621	3417	-218	102	-63	214	1066	214	71019250	
-15128	-52	-5753	5535	-686	3399	-217	103	-67	215	1071	215	71019255	
-15154	-150	-5659	5502	-721	3396	-216	104	-66	216	1076	216	71019273	
-15125	-274	-5512	5523	-754	3364	-212	108	-62	217	1081	217	71019273	
-15257	-193	-5612	5576	-808	3270	-212	107	-63	218	1086	218	71019273	
-15339	-114	-5670	5539	-841	3256	-211	103	-69	219	1091	219	71019274	
-15258	-252	-5495	5493	-851	3253	-212	103	-69	220	1096	220	71019274	
-15444	-217	-5560	5492	-821	3185	-215	103	-67	221	1101	221	71019278	
-15321	-418	-5452	5458	-761	3146	-215	103	-67	222	1106	222	71019296	
-15406	-373	-5475	5441	-717	3039	-216	102	-68	223	1111	223	71019314	
-15488	-231	-5523	5376	-663	3005	-214	104	-68	224	1116	224	71019316	
-15416	-394	-5454	5327	-590	3020	-211	107	-69	225	1121	225	71019317	
-15486	-416	-5619	5319	-545	2944	-211	107	-68	226	1126	226	71019317	
-15439	-492	-5484	5246	-472	2921	-213	105	-65	227	1131	227	71019317	
-15453	-517	-5507	5207	-414	2881	-214	105	-66	228	1136	228	71019318	
-15538	-381	-5588	5199	-355	2828	-219	107	-69	229	1141	229	71019319	
-15525	-414	-5623	5127	-299	2846	-219	106	-69	230	1146	230	71019332	
-15502	-532	-5547	5110	-264	2809	-218	104	-68	231	1151	231	71019348	
-15577	-421	-5715	5087	-214	2762	-214	105	-68	232	1156	232	71019348	
-15569	-430	-5736	4983	-122	2807	-209	107	-69	233	1161	233	71019348	
-15459	-632	-5628	4883	-75	2809	-211	108	-70	234	1166	234	71019348	
-15449	-638	-5626	4824	-124	2715	-215	109	-71	235	1171	235	71019348	
-15518	-630	-5583	4767	-149	2685	-216	105	-70	236	1176	236	71019349	
-15564	-494	-5642	4694	-127	2725	-218	100	-68	237	1181	237	71019355	
-15536	-558	-5600	4624	-63	2794	-214	102	-70	238	1186	238	71019375	
-15479	-654	-5612	4618	-45	2777	-212	104	-72	239	1191	239	71019385	
-15418	-707	-5615	4611	-47	2752	-213	107	-70	240	1196	240	71019385	
-15389	-701	-5649	4596	-45	2757	-213	109	-69	241	1201	241	71019385	
-15415	-604	-5727	4546	-38	2767	-214	105	-69	242	1206	242	71019385	
-15424	-605	-5766	4448	6	2805	-215	103	-69	243	1211	243	71019385	
-15384	-668	-5805	4356	51	2836	-213	101	-73	244	1216	244	71019385	
-15346	-730	-5816	4267	72	2842	-211	99	-75	245	1221	245	71019404	
-15341	-780	-5655	4157	78	2825	-213	101	-70	246	1226	246	71019417	
-15343	-829	-5655	4102	67	2797	-214	102	-68	247	1231	247	71019417	
-15357	-698	-5785	4047	51	2767	-212	100	-70	248	1236	248	71019417	
-15370	-711	-5778	3941	70	2778	-211	99	-71	249	1241	249	71019418	
-15426	-735	-5741	3830	75	2755	-213	103	-69	250	1246	250	71019418	
-15376	-840	-5691	3692	78	2729	-215	105	-67	251	1251	251	71019418	
-15376	-837	-5623	3590	72	2659	-213	104	-69	252	1256	252	71019423	
-15366	-713	-5717	3505	46	2568	-212	104	-70	253	1261	253	71019443	
-15364	-719	-5759	3378	53	2517	-212	103	-72	254	1266	254	71019455	
-15355	-713	-5665	3253	76	2456	-212	102	-72	255	1271	255	71019455	
-15360	-737	-5622	3147	116	2397	-218	98	-74	256	1276	256	71019455	
-15338	-653	-5667	3025	154	2359	-219	97	-75	257	1281	257	71019455	
-15337	-670	-5635	2926	189	2326	-216	103	-70	258	1286	258	71019455	
-15325	-714	-5618	2816	221	2289	-215	105	-69	259	1291	259	71019455	
-15312	-592	-5611	2707	244	2226	-209	106	-75	260	1296	260	71019478	
-15304	-670	-5581	2593	265	2170	-208	106	-76	261	1301	261	71019490	
-15320	-744	-5556	2512	299	2074	-210	94	-70	262	1306	262	71019492	
-15412	-506	-5690	2425	336	1974	-210	94	-70	263	1311	263	71019492	
-15288	-704	-5546	2306	400	1966	-217	97	-69	264	1316	264	71019492	
-15290	-730	-5536	2247	394	1864	-217	97	-69	265	1321	265	71019492	
-15244	-634	-5584	2169	383	1786	-217	103	-73	266	1326	266	71019492	
-15210	-598	-5666	2096	321	1697	-217	103	-73	267	1331	267	71019502	
-15236	-614	-5660	1987	234	1620	-213	97	-73	268	1336	268	71019525	
-15184	-670	-5658	1872	140	1567	-213	97	-73	269	1341	269	71019530	
-15310	-622	-5744	1787	49	1496	-212	98	-78	270	1346	270	71019531	
-15182	-730	-5652	1690	-41	1453	-212	98	-78	271	1351	271	71019531	
-15216	-682	-5658	1606	-145	1375	-212	100	-74	272	1356	272	71019531	
-15264	-814	-5652	1516	-197	1308	-212	100	-74	273	1361	273	71019532	
-15294	-714	-5724	1450	-237	1213	-206	100	-76	274	1366	274	71019532	
-15354	-686	-5822	1337	-206	1178	-206	100	-76	275	1371	275	71019562	
-15400	-670	-5884	1229	-166	1159	-211	101	-75	276	1376	276	71019562	
-15440	-594	-5940	1098	-124	1148	-211	101	-75	277	1381	277	71019562	
-15314	-768	-5754	969	-104	1167	-210	96	-82	278	1386	278	71019562	
-15366	-706	-5894	881	-177	1113	-210	97	-81	279	1391	279	71019562	
-15445	-707	-5880	852	-255	1058	-211	103	-75	280	1396	280	71019570	
-15437	-675	-5898	819	-320	1007	-211	102	-75	281	1401	281	71019600	
-15482	-712	-5922	772	-372	1004	-212	100	-74	282	1406	282	71019600	
-15592	-765	-5858	693	-410	1022	-213	101	-75	283	1411	283	71019600	
-15602	-760	-5868	637	-427	996	-215	103	-77	284	1416	284	71019600	
-15472	-849	-5794	546	-430	963	-214	102	-76	285	1421	285	71019600	
-15546	-750	-5866	521	-449	855	-208	100	-74	286	1426	286	71019600	
-15612	-811	-5847	450	-421	774	-209	100	-75	287	1431	287	71019602	
-15589	-721	-5794	330	-351	714	-210	98	-78	288	1436	288	71019624	
-15560	-609	-5902	199	-260	669	-210	98	-76	289	1441	289	71019649	
-15470	-664	-5876	43	-144	658	-210	98	-74	290	1446	290	71019650	
-15452	-695	-5856	-98	-48	632	-210	98	-74	291	1451	291	71019650	
-15394	-662	-5869	-219	22	601	-209	99	-75	292	1456	292	71019651	
-15392	-628	-5869	-319	63	577	-209	100	-75	293	1461	293	71019651	
-15426	-607	-5826	-420	97	563	-208	102	-76	294	1466	294	71019652	
-15424	-672	-5806	-516	136	528	-207	101	-76	295	1471	295	71019652	
-15388	-574	-5876	-586	149	483	-204	96	-74	296	1476	296	71019661	
-15360	-543	-5899	-657	172	473	-206	96	-75	297	1481	297	71019672	
-15346	-504	-5909	-736	192	451	-210	96	-76	298	1486	298	71019672	
-15364	-481	-5884	-825	206	417	-210	99	-76	299	1491	299	71019672	
-15312	-494	-5843	-925	226	407	-209	103	-77	300	1496	300	71019672	
-15305	-486	-5876	-1016	235	375	-208	101	-77	301	1501	301	71019676	
-15321	-488	-5906	-1109	261	328	-207	99	-77	302	1506	302	71019693	
-15304	-469	-5867	-1233	304	286	-208	99	-75	303	1511	303	71019712	
-15303	-475	-5851	-1379	379	236	-210	100	-72	304	1516	304	71019714	
-15314	-444	-5882	-1527	458	187	-208	98	-76	305	1521	305	71019714	
-15304	-400	-5816	-1653	533	137	-207	97	-79	306	1526	306	71019715	
-15313	-393	-5808	-1746	610	93	-208	100	-80	307	1531	307	71019715	
-15288	-382	-5865	-1820	673	69	-208	102	-80	308	1536	308	71019715	
-15272	-420	-5903	-1887	717	52	-210	101	-77	309	1541	309	71019715	
-15282	-410	-5952	-1947	741	32	-211	101	-75	310	1546	310	71019730	
-15222	-406	-5977	-2010	760	14	-207	101	-77	311	1551	311	71019740	
-15251	-427	-5942	-2093	770	-12	-205	101	-79	312	1556	312	71019740	
-15288	-425	-5877	-2174	760	-48	-206	100	-80	313	1561	313	71019740	
-15354	-424	-5917	-2258	751	-73	-206	100	-80	314	1566	314	71019740	
-15386	-442	-5908	-2341	732	-91	-208	102	-77	315	1571	315	71019740	
-15378	-455	-5923	-2420	720	-126	-208	102	-76	316	1576	316	71019740	
-15413	-483	-5906	-2509	709	-173	-211	103	-78	317	1581	317	71019745	
-15436	-487	-5946	-2608	704	-213	-213	103	-79	318	1586	318	71019778	
-15439	-480	-5944	-2702	704	-262	-212	102	-81	319	1591	319	71019798	
-15424	-479	-5910	-2793	715	-309	-212	102	-82	320	1596	320	71019798	
-15454	-477	-5859	-2885	728	-358	-214	99	-82	321	1601	321	71019798	
-15417	-454	-5825	-2958	757	-397	-214	98	-82	322	1606	322	71019798	
-15431	-458	-5881	-3040	806	-424	-212	98	-76	323	1611	323	71019800	
-15342	-398	-5829	-3103	851	-448	-212	98	-74	324	1616	324	71019820	
-15364	-387	-5788	-3161	898	-483	-211	96	-80	325	1621	325	71019825	
-15370	-359	-5900	-3233	951	-513	-211	95	-81	326	1626	326	71019825	
-15397	-384	-5909	-3306	993	-541	-212	94	-82	327	1631	327	71019825	
-15311	-331	-5875	-3382	1025	-564	-212	94	-82	328	1636	328	71019825	
-15318	-256	-5924	-3492	1053	-605	-209	103	-81	329	1641	329	71019825	
-15386	-260	-6042	-3587	1095	-631	-209	103	-81	330	1646	330	71019825	
-15352	-152	-5934	-3695	1132	-676	-206	96	-76	331	1651	331	71019826	
-15344	-254	-6056	-3789	1168	-712	-206	96	-76	332	1656	332	71019826	
-15420	-220	-5958	-3886	1209	-744	-212	102	-78	333	1661	333	71019838	
-15362	-106	-5998	-3980	1239	-801	-212	102	-78	334	1666	334	71019863	
-15312	-164	-5978	-4075	1257	-840	-209	97	-71	335	1671	335	71019863	
-15300	-222	-5928	-4155	1285	-863	-209	97	-71	336	1676	336	71019863	
-15288	-186	-5884	-4232	1310	-912	-207	97	-77	337	1681	337	71019863	
-15320	-197	-5898	-4323	1364	-945	-207	98	-77	338	1686	338	71019863	
-15305	-217	-5966	-4394	1409	-964	-208	100	-78	339	1691	339	71019864	
-15338	-182	-6066	-4440	1442	-996	-208	100	-78	340	1696	340	71019864	
-15258	-200	-5864	-4475	1472	-1021	-212	94	-76	341	1701	341	71019875	
-15198	-198	-5908	-4519	1496	-1015	-212	94	-76	342	1706	342	71019901	
-15232	-216	-5894	-4558	1525	-1041	-213	93	-79	343	1711	343	71019901	
-15256	-210	-5862	-4598	1537	-1054	-213	93	-79	344	1716	344	71019902	
-15226	-162	-5936	-4643	1555	-1076	-212	96	-74	345	1721	345	71019918	
-15258	-208	-5890	-4695	1586	-1103	-213	97	-73	346	1726	346	71019918	
-15274	-229	-5955	-4745	1630	-1132	-215	99	-71	347	1731	347	71019918	
-15244	-224	-5938	-4805	1686	-1148	-214	99	-72	348	1736	348	71019921	
-15280	-176	-5936	-4859	1722	-1174	-210	100	-78	349	1741	349	71019931	
-15293	-245	-5893	-4907	1773	-1189	-210	101	-78	350	1746	350	71019931	
-15306	-248	-5991	-4957	1840	-1202	-209	103	-77	351	1751	351	71019931	
-15275	-205	-6033	-5005	1910	-1234	-209	102	-77	352	1756	352	71019931	
-15246	-208	-6004	-5050	1978	-1256	-208	100	-78	353	1761	353	71019931	
-15274	-284	-6078	-5097	2011	-1264	-209	100	-77	354	1766	354	71019931	
-15261	-241	-6140	-5141	2047	-1282	-211	99	-73	355	1771	355	71019935	
-15274	-230	-6184	-5189	2076	-1290	-212	99	-73	356	1776	356	71019953	
-15278	-288	-6235	-5240	2106	-1305	-214	98	-74	357	1781	357	71019970	
-15292	-362	-6263	-5299	2144	-1331	-213	98	-73	358	1786	358	71019970	
-15284	-338	-6344	-5372	2194	-1355	-212	98	-72	359	1791	359	71019970	
-15270	-334	-6376	-5461	2252	-1380	-211	97	-74	360	1796	360	71019970	
-15271	-351	-6367	-5562	2304	-1416	-210	96	-76	361	1801	361	71019971	
-15238	-350	-6362	-5683	2387	-1461	-214	97	-77	362	1806	362	71019971	
-15227	-295	-6452	-5813	2461	-1504	-218	98	-78	363	1811	363	71019989	
-15192	-239	-6478	-5940	2514	-1557	-218	98	-79	364	1816	364	71020006	
-15155	-205	-6466	-6073	2556	-1621	-219	99	-81	365	1821	365	71020006	
-15084	-222	-6434	-6200	2579	-1687	-215	99	-80	366	1826	366	71020006	
-15052	-222	-6376	-6318	2581	-1766	-210	100	-78	367	1831	367	71020006	
-15019	-218	-6431	-6418	2551	-1854	-212	100	-77	368	1836	368	71020006	
-14999	-191	-6514	-6509	2496	-1941	-216	100	-76	369	1841	369	71020010	
-15011	-184	-6495	-6587	2413	-2037	-215	101	-79	370	1846	370	71020030	
-14992	-228	-6514	-6653	2296	-2138	-213	101	-81	371	1851	371	71020045	
-15016	-223	-6518	-6700	2160	-2259	-212	99	-76	372	1856	372	71020046	
-15032	-250	-6485	-6762	2055	-2349	-212	98	-72	373	1861	373	71020046	
-15120	-167	-6606	-6808	1966	-2447	-213	97	-76	374	1866	374	71020046	
-15170	-29	-6729	-6909	1899	-2490	-214	96	-78	375	1871	375	71020047	
-15092	-130	-6666	-7030	1877	-2464	-213	97	-79	376	1876	376	71020047	
-15048	-245	-6613	-7088	1851	-2490	-213	97	-79	377	1881	377	71020051	
-15052	-206	-6613	-7135	1811	-2561	-213	98	-77	378	1886	378	71020070	
-15002	-238	-6582	-7194	1756	-2633	-213	99	-75	379	1891	379	71020081	
-15014	-255	-6569	-7236	1677	-2720	-215	99	-78	380	1896	380	71020081	
-15004	-153	-6474	-7304	1639	-2770	-215	99	-79	381	1901	381	71020081	
-14893	-280	-6373	-7325	1607	-2820	-215	99	-77	382	1906	382	71020081	
-14869	-235	-6349	-7287	1563	-2933	-215	99	-77	383	1911	383	71020081	
-14776	-427	-6327	-7263	1524	-3080	-213	99	-79	384	1916	384	71020081	
-14963	-280	-6368	-7263	1459	-3284	-213	99	-79	385	1921	385	71020105	
-15027	-166	-6364	-7383	1476	-3350	-213	98	-74	386	1926	386	71020118	
-15014	-160	-6359	-7588	1564	-3334	-213	97	-71	387	1931	387	71020121	
-14990	-341	-6264	-7759	1670	-3352	-213	95	-71	388	1936	388	71020121	
-14986	-397	-6214	-7886	1754	-3493	-213	95	-71	389	1941	389	71020122	
-14952	-496	-6339	-7978	1783	-3669	-211	93	-74	390	1946	390	71020122	
-14970	-477	-6372	-8162	1803	-3798	-211	93	-75	391	1951	391	71020122	
-14944	-570	-6410	-8295	1802	-3921	-217	100	-74	392	1956	392	71020145	
-15054	-439	-6490	-8424	1778	-4049	-218	102	-74	393	1961	393	71020174	
-15119	-248	-6594	-8566	1760	-4132	-216	100	-75	394	1966	394	71020180	
-14914	-464	-6459	-8722	1739	-4123	-215	99	-75	395	1971	395	71020180	
-14948	-372	-6476	-8847	1700	-4168	-214	102	-76	396	1976	396	71020180	
-15006	-400	-6500	-8963	1626	-4224	-214	102	-76	397	1981	397	71020180	
-14892	-598	-6496	-9014	1523	-4289	-215	105	-75	398	1986	398	71020180	
-14942	-404	-6494	-9112	1412	-4409	-215	105	-75	399	1991	399	71020180	
-15052	-376	-6530	-9234	1330	-4480	-214	102	-78	400	1996	400	71020218	
-14966	-472	-6456	-9338	1273	-4529	-214	102	-78	401	2001	401	71020218	
-15076	-210	-6592	-9449	1242	-4579	-215	103	-77	402	2006	402	71020218	
-15054	-358	-6586	-9583	1251	-4605	-215	103	-77	403	2011	403	71020219	
-15009	-281	-6621	-9733	1275	-4648	-216	102	-72	404	2016	404	71020219	
-15016	-322	-6639	-9809	1307	-4724	-215	102	-73	405	2021	405	71020219	
-14922	-370	-6579	-9922	1337	-4813	-212	104	-76	406	2026	406	71020220	
-14760	-591	-6505	-10016	1364	-4925	-212	103	-75	407	2031	407	71020220	
-14782	-500	-6536	-10027	1339	-5126	-214	100	-72	408	2036	408	71020220	
-14892	-225	-6732	-10084	1313	-5259	-215	101	-72	409	2041	409	71020221	
-15012	32	-6712	-10238	1325	-5236	-221	103	-73	410	2046	410	71020221	
-14788	-340	-6604	-10376	1406	-5132	-221	103	-73	411	2051	411	71020221	
-14738	-510	-6626	-10373	1394	-5256	-212	102	-72	412	2056	412	71020248	
-14734	-430	-6629	-10472	1388	-5398	-213	102	-73	413	2061	413	71020248	
-14664	-589	-6553	-10538	1343	-5510	-217	103	-75	414	2066	414	71020249	
-14740	-432	-6736	-10577	1224	-5747	-217	104	-74	415	2071	415	71020249	
-14908	-144	-6722	-10768	1150	-5817	-215	107	-69	416	2076	416	71020249	
-14872	-82	-6736	-10890	1135	-5719	-216	106	-69	417	2081	417	71020250	
-14821	-276	-6654	-10945	1125	-5666	-220	102	-68	418	2086	418	71020257	
-14772	-406	-6615	-10965	1112	-5725	-219	102	-69	419	2091	419	71020291	
-14758	-522	-6619	-11008	1086	-5843	-216	102	-72	420	2096	420	71020321	
-14694	-540	-6543	-11076	1033	-5986	-215	103	-71	421	2101	421	71020322	
-14755	-505	-6577	-11173	988	-6058	-214	104	-70	422	2106	422	71020322	
-14840	-422	-6637	-11313	977	-6055	-215	105	-68	423	2111	423	71020323	
-14942	-386	-6687	-11395	970	-6092	-216	106	-66	424	2116	424	71020323	
-14945	-435	-6710	-11482	957	-6154	-216	105	-64	425	2121	425	71020328	
-14871	-504	-6620	-11530	926	-6239	-216	104	-60	426	2126	426	71020343	
-14914	-446	-6634	-11555	891	-6331	-219	102	-63	427	2131	427	71020358	
-14899	-473	-6626	-11646	878	-6368	-223	99	-67	428	2136	428	71020358	
-14840	-436	-6616	-11755	892	-6402	-219	103	-68	429	2141	429	71020358	
-14867	-333	-6678	-11821	925	-6455	-214	106	-68	430	2146	430	71020358	
-14796	-514	-6589	-11855	944	-6522	-215	107	-70	431	2151	431	71020358	
-14713	-576	-6569	-11874	928	-6652	-216	108	-72	432	2156	432	71020358	
-14732	-364	-6565	-11922	901	-6749	-216	107	-68	433	2161	433	71020358	
-14787	-228	-6549	-12010	889	-6769	-215	105	-63	434	2166	434	71020358	
-14800	-270	-6588	-12087	891	-6758	-216	107	-64	435	2171	435	71020358	
-14727	-278	-6528	-12136	890	-6768	-217	111	-65	436	2176	436	71020358	
-14629	-449	-6441	-12171	872	-6809	-216	109	-65	437	2181	437	71020359	
-14716	-292	-6492	-12240	817	-6894	-215	107	-65	438	2186	438	71020359	
-14814	-119	-6450	-12382	800	-6847	-214	111	-64	439	2191	439	71020370	
-14840	-138	-6484	-12444	758	-6803	-213	113	-63	440	2196	440	71020389	
-14797	-62	-6475	-12479	691	-6801	-212	105	-62	441	2201	441	71020396	
-14728	-108	-6464	-12486	616	-6802	-211	99	-61	442	2206	442	71020396	
-14754	31	-6553	-12482	525	-6798	-210	103	-63	443	2211	443	71020396	
-14695	44	-6480	-12562	454	-6673	-210	106	-64	444	2216	444	71020396	
-14576	-180	-6335	-12581	378	-6586	-214	108	-60	445	2221	445	71020396	
-14510	-353	-6307	-12549	297	-6650	-216	110	-58	446	2226	446	71020396	
-14737	-45	-6408	-12518	231	-6766	-214	116	-62	447	2231	447	71020404	
-14689	-252	-6365	-12492	136	-6763	-213	117	-63	448	2236	448	71020430	
-14779	-89	-6342	-12474	84	-6783	-211	115	-55	449	2241	449	71020446	
-14859	8	-6406	-12501	86	-6732	-211	115	-53	450	2246	450	71020448	
-14835	-91	-6596	-12506	90	-6722	-209	116	-55	451	2251	451	71020448	
-14743	-115	-6419	-12585	80	-6725	-208	116	-56	452	2256	452	71020448	
-14850	-24	-6521	-12620	55	-6745	-214	116	-58	453	2261	453	71020448	
-14700	-214	-6440	-12637	85	-6704	-216	116	-58	454	2266	454	71020448	
-14652	-324	-6394	-12601	95	-6817	-211	109	-57	455	2271	455	71020461	
-14790	-68	-6396	-12699	129	-6877	-211	109	-57	456	2276	456	71020471	
-14847	-86	-6484	-12697	175	-6875	-212	118	-56	457	2281	457	71020471	
-14882	-93	-6457	-12711	248	-6856	-212	120	-56	458	2286	458	71020471	
-14813	-240	-6424	-12712	358	-6786	-208	114	-52	459	2291	459	71020471	
-14967	-46	-6568	-12668	458	-6811	-207	113	-51	460	2296	460	71020471	
-14983	-170	-6564	-12678	518	-6771	-210	113	-54	461	2301	461	71020471	
-14938	-364	-6548	-12654	577	-6767	-211	113	-55	462	2306	462	71020471	
-15074	-106	-6612	-12573	613	-6845	-213	119	-53	463	2311	463	71020510	
-15036	-188	-6672	-12606	621	-6814	-213	119	-53	464	2316	464	71020511	
-15110	-12	-6682	-12634	637	-6777	-209	119	-53	465	2321	465	71020513	
-15172	-60	-6724	-12659	663	-6685	-209	119	-53	466	2326	466	71020515	
-15052	-398	-6782	-12608	665	-6612	-211	119	-51	467	2331	467	71020517	
-15048	-284	-6774	-12557	635	-6677	-211	119	-51	468	2336	468	71020517	
-15134	-48	-6866	-12513	605	-6719	-210	118	-50	469	2341	469	71020518	
-15088	-116	-6860	-12536	588	-6635	-210	118	-50	470	2346	470	71020521	
-15102	-4	-6784	-12485	589	-6557	-206	118	-48	471	2351	471	71020546	
-14914	-252	-6728	-12434	588	-6481	-206	117	-48	472	2356	472	71020546	
-14945	-96	-6846	-12374	573	-6563	-207	115	-49	473	2361	473	71020546	
-15028	1	-6969	-12397	568	-6559	-208	115	-49	474	2366	474	71020546	
-14982	24	-6972	-12385	561	-6524	-213	117	-47	475	2371	475	71020546	
-14972	-3	-6965	-12321	552	-6508	-211	117	-48	476	2376	476	71020546	
-14990	172	-7068	-12273	557	-6502	-204	118	-52	477	2381	477	71020553	
-14882	80	-6999	-12217	567	-6460	-203	118	-52	478	2386	478	71020583	
-15032	318	-7165	-12110	578	-6500	-200	116	-52	479	2391	479	71020584	
-14858	267	-7093	-12085	626	-6404	-203	117	-51	480	2396	480	71020584	
-14862	232	-7047	-12027	661	-6353	-208	120	-50	481	2401	481	71020585	
-14844	250	-7039	-11951	673	-6286	-208	121	-49	482	2406	482	71020586	
-14731	244	-6993	-11848	700	-6240	-207	127	-45	483	2411	483	71020586	
-14787	316	-7097	-11764	715	-6212	-207	127	-46	484	2416	484	71020590	
-14754	255	-7068	-11730	699	-6153	-206	128	-50	485	2421	485	71020608	
-14813	424	-7121	-11607	716	-6117	-205	126	-50	486	2426	486	71020623	
-14744	417	-7102	-11542	777	-5988	-201	119	-49	487	2431	487	71020623	
-14670	306	-7067	-11435	826	-5866	-203	119	-47	488	2436	488	71020623	
-14692	300	-7088	-11331	849	-5808	-205	119	-45	489	2441	489	71020623	
-14695	366	-7132	-11199	847	-5766	-207	119	-44	490	2446	490	71020624	
-14654	425	-7183	-11075	824	-5685	-211	119	-43	491	2451	491	71020624	
-14580	376	-7120	-10976	801	-5573	-207	119	-43	492	2456	492	71020641	
-14528	250	-7162	-10821	754	-5522	-200	118	-42	493	2461	493	71020667	
-14476	238	-7160	-10670	703	-5500	-201	119	-44	494	2466	494	71020667	
-14363	200	-6975	-10570	637	-5438	-202	120	-46	495	2471	495	71020667	
-14475	294	-7089	-10388	556	-5406	-203	122	-45	496	2476	496	71020668	
-14428	330	-6995	-10295	516	-5313	-203	123	-45	497	2481	497	71020668	
-14376	280	-6933	-10199	475	-5223	-204	124	-46	498	2486	498	71020668	
-14392	252	-6889	-10085	417	-5199	-204	124	-46	499	2491	499	71020668	
-14474	285	-6962	-9948	345	-5227	-201	125	-45	500	2496	500	71020672	
-14504	298	-7012	-9843	286	-5201	-199	125	-45	501	2501	501	71020694	
-14544	366	-6981	-9755	258	-5132	-198	127	-43	502	2506	502	71020712	
-14551	372	-7056	-9674	248	-5060	-197	129	-41	503	2511	503	71020714	
-14545	272	-7092	-9565	237	-5001	-202	128	-40	504	2516	504	71020715	
-14542	327	-6943	-9434	247	-4954	-207	127	-39	505	2521	505	71020715	
-14595	322	-7050	-9314	278	-4882	-203	125	-41	506	2526	506	71020715	
-14541	150	-6995	-9242	325	-4776	-201	123	-43	507	2531	507	71020716	
-14521	140	-6986	-9113	367	-4721	-200	123	-41	508	2536	508	71020732	
-14589	280	-7109	-8978	405	-4658	-199	123	-39	509	2541	509	71020743	
-14649	270	-7175	-8878	449	-4533	-201	127	-42	510	2546	510	71020744	
-14602	227	-7152	-8812	482	-4396	-202	130	-44	511	2551	511	71020744	
-14550	29	-7035	-8703	498	-4295	-199	130	-41	512	2556	512	71020744	
-14393	87	-7044	-8556	506	-4270	-198	130	-40	513	2561	513	71020744	
-14384	208	-7132	-8445	492	-4219	-204	128	-44	514	2566	514	71020744	
-14376	158	-7227	-8374	478	-4111	-205	127	-45	515	2571	515	71020744	
-14281	76	-7092	-8312	462	-3963	-198	126	-43	516	2576	516	71020752	
-14232	130	-7142	-8150	416	-3895	-196	126	-42	517	2581	517	71020782	
-14112	124	-7092	-8044	391	-3789	-196	129	-39	518	2586	518	71020789	
-14062	-50	-7050	-7960	327	-3654	-196	130	-38	519	2591	519	71020789	
-14040	121	-7074	-7857	256	-3556	-198	126	-42	520	2596	520	71020790	
-13990	84	-7046	-7783	193	-3373	-199	125	-43	521	2601	521	71020790	
-13970	66	-6960	-7655	113	-3291	-195	129	-35	522	2606	522	71020790	
-14000	-180	-6986	-7498	31	-3184	-195	129	-35	523	2611	523	71020790	
-14078	118	-7014	-7350	-65	-3135	-196	126	-44	524	2616	524	71020791	
-14052	40	-7064	-7229	-123	-3024	-196	126	-44	525	2621	525	71020819	
-14098	4	-7020	-7085	-195	-2969	-198	124	-40	526	2626	526	71020820	
-14140	61	-7205	-6990	-229	-2910	-198	124	-40	527	2631	527	71020820	
-14185	106	-7141	-6909	-268	-2809	-201	127	-43	528	2636	528	71020820	
-14238	96	-7118	-6850	-292	-2662	-202	128	-44	529	2641	529	71020820	
-14302	-76	-7062	-6731	-317	-2591	-196	126	-42	530	2646	530	71020820	
-14310	-4	-7218	-6612	-316	-2547	-196	126	-42	531	2651	531	71020820	
-14434	-36	-7326	-6505	-296	-2471	-194	126	-40	532	2656	532	71020856	
-14448	-32	-7292	-6495	-261	-2373	-194	126	-40	533	2661	533	71020856	
-14600	-170	-7264	-6499	-227	-2253	-195	127	-39	534	2666	534	71020856	
-14602	-204	-7332	-6419	-190	-2174	-195	127	-39	535	2671	535	71020856	
-14692	-194	-7286	-6364	-130	-2157	-193	125	-41	536	2676	536	71020856	
-14762	-250	-7288	-6305	-65	-2119	-193	125	-41	537	2681	537	71020856	
-14923	-291	-7283	-6263	12	-2058	-196	128	-38	538	2686	538	71020856	
-14885	-288	-7332	-6175	57	-2046	-196	128	-38	539	2691	539	71020860	
-14854	-328	-7329	-6065	130	-2035	-198	128	-38	540	2696	540	71020878	
-14892	-350	-7266	-5978	185	-2019	-197	128	-38	541	2701	541	71020886	
-14947	-320	-7262	-5884	212	-2000	-194	128	-38	542	2706	542	71020886	
-14930	-328	-7167	-5864	238	-1959	-193	129	-38	543	2711	543	71020886	
-14966	-352	-7214	-5809	231	-1945	-191	131	-39	544	2716	544	71020887	
-14957	-421	-7158	-5751	214	-1924	-192	130	-39	545	2721	545	71020887	
-15023	-399	-7167	-5701	177	-1907	-194	128	-38	546	2726	546	71020897	
-15013	-433	-7140	-5638	129	-1899	-194	128	-35	547	2731	547	71020916	
-15039	-421	-7103	-5580	86	-1887	-193	129	-31	548	2736	548	71020923	
-15044	-435	-7121	-5536	59	-1871	-194	129	-32	549	2741	549	71020923	
-15078	-420	-7103	-5509	27	-1849	-195	129	-33	550	2746	550	71020923	
-15146	-352	-7169	-5489	6	-1830	-194	129	-33	551	2751	551	71020923	
-15196	-382	-7206	-5475	19	-1799	-191	127	-33	552	2756	552	71020925	
-15205	-342	-7248	-5458	54	-1772	-191	128	-33	553	2761	553	71020939	
-15318	-335	-7285	-5445	110	-1729	-192	132	-34	554	2766	554	71020961	
-15362	-322	-7246	-5387	186	-1709	-194	130	-34	555	2771	555	71020961	
-15436	-285	-7280	-5326	277	-1694	-197	127	-35	556	2776	556	71020961	
-15461	-262	-7331	-5250	394	-1680	-195	130	-35	557	2781	557	71020961	
-15442	-228	-7306	-5164	535	-1669	-192	134	-36	558	2786	558	71020961	
-15406	-198	-7304	-5065	673	-1656	-192	132	-36	559	2791	559	71020961	
-15366	-150	-7303	-4955	798	-1639	-191	129	-37	560	2796	560	71020965	
-15376	-79	-7369	-4838	912	-1622	-192	130	-35	561	2801	561	71020979	
