1437	-5493	-17062	157	-825	295	29	-127	-102	1	1	1	82020303	
1454	-5572	-17158	207	-735	298	30	-126	-104	2	6	2	82020305	
1416	-5663	-17201	251	-649	304	30	-128	-104	3	11	3	82020306	
1368	-5685	-17196	302	-558	306	30	-130	-104	4	16	4	82020306	
1432	-5854	-17276	359	-453	311	32	-128	-106	5	21	5	82020306	
1523	-5922	-17314	403	-361	316	33	-127	-107	6	26	6	82020307	
1529	-5927	-17318	409	-302	308	31	-134	-108	7	31	7	82020308	
1547	-5970	-17337	415	-243	296	30	-136	-108	8	36	8	82020308	
1573	-6036	-17300	423	-185	286	34	-130	-106	9	41	9	82020309	
1581	-6087	-17298	427	-138	271	35	-129	-105	10	46	10	82020309	
1625	-6158	-17319	420	-108	254	41	-128	-106	11	51	11	82020309	
1625	-6235	-17270	386	-76	228	42	-128	-106	12	56	12	82020310	
1670	-6272	-17248	362	-44	203	33	-127	-100	13	61	13	82020346	
1666	-6244	-17256	316	-15	170	31	-127	-99	14	66	14	82020356	
1636	-6378	-17262	278	-9	136	39	-129	-107	15	71	15	82020357	
1552	-6390	-17144	230	0	81	39	-129	-107	16	76	16	82020357	
1510	-6346	-17216	147	6	54	33	-129	-101	17	81	17	82020382	
1444	-6380	-17142	99	8	12	33	-129	-101	18	86	18	82020383	
1300	-6372	-17102	24	3	-24	30	-124	-106	19	91	19	82020383	
1282	-6396	-17062	-26	-2	-81	30	-124	-106	20	96	20	82020384	
1120	-6374	-17004	-51	13	-124	32	-132	-102	21	101	21	82020384	
1050	-6382	-16965	-72	31	-170	32	-132	-103	22	106	22	82020385	
1026	-6342	-16829	-80	39	-212	32	-130	-108	23	111	23	82020385	
991	-6296	-16814	-65	47	-237	32	-130	-108	24	116	24	82020385	
961	-6341	-16819	-29	52	-247	31	-129	-107	25	121	25	82020386	
899	-6328	-16806	8	33	-249	30	-129	-107	26	126	26	82020386	
908	-6314	-16883	42	5	-237	27	-127	-105	27	131	27	82020396	
867	-6263	-16817	45	-49	-216	28	-127	-105	28	136	28	82020434	
858	-6249	-16900	-8	-131	-191	31	-129	-103	29	141	29	82020437	
790	-6205	-16994	-90	-248	-143	32	-129	-103	30	146	30	82020437	
726	-6041	-17305	-202	-388	-82	36	-130	-104	31	151	31	82020437	
695	-5888	-17608	-307	-531	-13	34	-130	-104	32	156	32	82020438	
656	-5817	-17889	-404	-740	99	31	-131	-103	33	161	33	82020438	
513	-5835	-18158	-485	-1096	255	33	-131	-105	34	166	34	82020438	
262	-5965	-18369	-533	-1674	464	35	-131	-107	35	171	35	82020439	
-331	-6390	-18421	-525	-2492	713	34	-131	-105	36	176	36	82020439	
-1460	-7000	-18558	-409	-3334	931	32	-130	-102	37	181	37	82020440	
-2867	-7482	-18675	253	-3885	1154	33	-130	-104	38	186	38	82020440	
-3873	-7241	-18625	1770	-4030	1412	34	-130	-106	39	191	39	82020441	
-4185	-6336	-18399	3599	-3994	1657	28	-130	-107	40	196	40	82020441	
-4059	-5470	-18379	6042	-3887	1921	24	-130	-108	41	201	41	82020442	
-3319	-5303	-19230	9917	-3642	2352	31	-128	-105	42	206	42	82020449	
-2227	-5494	-21890	16075	-3059	2962	35	-127	-103	43	211	43	82020474	
-1084	-5806	-25710	23555	-2059	3612	42	-124	-101	44	216	44	82020488	
154	-6312	-28098	29443	-545	4010	46	-122	-100	45	221	45	82020488	
1384	-6978	-27641	31000	1181	3878	43	-127	-104	46	226	46	82020489	
2943	-7490	-23777	26108	3033	2794	41	-131	-107	47	231	47	82020489	
3270	-6118	-18418	15895	4361	874	49	-128	-101	48	236	48	82020490	
2750	-4103	-12920	3467	5421	-1377	51	-127	-99	49	241	49	82020490	
1904	-2583	-7665	-8076	7154	-3295	50	-121	-92	50	246	50	82020491	
1751	-2383	-2858	-16533	9552	-4280	50	-120	-90	51	251	51	82020491	
2702	-3276	359	-20747	11483	-4390	48	-121	-97	52	256	52	82020492	
4021	-4494	486	-20626	11770	-4157	47	-121	-99	53	261	53	82020548	
4850	-5574	-1790	-17184	10439	-3751	36	-135	-101	54	266	54	82020563	
5038	-6968	-4946	-11935	8325	-3105	33	-139	-101	55	271	55	82020563	
4936	-9422	-8884	-4877	5774	-2130	43	-129	-99	56	276	56	82020564	
4874	-11454	-12010	904	3873	-1346	43	-129	-99	57	281	57	82020564	
4662	-13012	-15522	6495	2423	-749	31	-135	-97	58	286	58	82020619	
4200	-14466	-18946	11207	1525	-360	31	-135	-97	59	291	59	82020620	
3774	-15146	-21722	14127	1379	-272	37	-131	-99	60	296	60	82020621	
3386	-14580	-23020	15070	1910	-488	37	-131	-99	61	301	61	82020621	
2864	-13056	-23124	14763	2729	-771	41	-129	-85	62	306	62	82020621	
2564	-11552	-22496	13562	3433	-1016	41	-129	-85	63	311	63	82020622	
2642	-9562	-21727	10661	3893	-1277	40	-134	-90	64	316	64	82020622	
2601	-8027	-20993	7487	3900	-1500	41	-134	-90	65	321	65	82020622	
2701	-6714	-20156	4055	3744	-1761	47	-135	-89	66	326	66	82020623	
2913	-5627	-19492	924	3598	-2041	47	-136	-88	67	331	67	82020623	
3009	-4939	-18612	-1602	3414	-2327	49	-139	-85	68	336	68	82020624	
2984	-4934	-17659	-3651	3191	-2597	49	-139	-85	69	341	69	82020624	
2942	-5115	-16548	-5548	3021	-2932	47	-141	-87	70	346	70	82020624	
2985	-5287	-15608	-6994	2990	-3253	47	-139	-88	71	351	71	82020625	
3012	-5612	-15061	-7493	2859	-3449	49	-133	-91	72	356	72	82020625	
3126	-6105	-15002	-6790	2596	-3471	43	-134	-87	73	361	73	82020644	
3114	-6823	-15273	-5445	2334	-3411	33	-135	-81	74	366	74	82020671	
3108	-7508	-15594	-3912	2098	-3338	37	-133	-84	75	371	75	82020672	
3193	-8146	-15894	-2413	1926	-3281	43	-131	-89	76	376	76	82020672	
3394	-8904	-16142	-1029	1815	-3252	43	-135	-85	77	381	77	82020673	
3716	-9607	-16442	123	1756	-3271	42	-140	-80	78	386	78	82020673	
4012	-10136	-16694	1035	1774	-3354	39	-142	-84	79	391	79	82020673	
4089	-10404	-16959	1908	1854	-3559	34	-144	-90	80	396	80	82020686	
4041	-10664	-17210	2845	1987	-3809	39	-143	-91	81	401	81	82020698	
4000	-10929	-17297	3724	2181	-4032	43	-143	-91	82	406	82	82020699	
3799	-11144	-17498	4434	2305	-4251	35	-146	-94	83	411	83	82020699	
3601	-11195	-17634	4800	2320	-4453	30	-148	-96	84	416	84	82020700	
3470	-11176	-17692	4862	2294	-4641	32	-144	-85	85	421	85	82020701	
3372	-11176	-17624	4708	2314	-4825	34	-142	-78	86	426	86	82020701	
3502	-11303	-17464	4407	2471	-5068	36	-141	-79	87	431	87	82020702	
3702	-11550	-17166	3941	2810	-5421	38	-140	-80	88	436	88	82020704	
3842	-11753	-16690	3229	3328	-5920	40	-139	-84	89	441	89	82020704	
3871	-12203	-16195	2623	3839	-6357	41	-139	-85	90	446	90	82020705	
3917	-12479	-15797	2061	4261	-6743	33	-144	-82	91	451	91	82020706	
3928	-12528	-15416	1468	4568	-7097	31	-145	-81	92	456	92	82020706	
4296	-12242	-15359	1067	4711	-7352	35	-144	-80	93	461	93	82020708	
4786	-11669	-15353	868	4753	-7446	36	-144	-80	94	466	94	82020709	
5051	-10600	-15379	902	4550	-7587	34	-147	-78	95	471	95	82020761	
5122	-10010	-15650	1215	4184	-7740	34	-148	-78	96	476	96	82020775	
5224	-9430	-15822	1651	3929	-7931	35	-147	-75	97	481	97	82020775	
5094	-8720	-15728	1736	3828	-8160	35	-147	-75	98	486	98	82020776	
5568	-8524	-15202	1744	3847	-8351	30	-146	-76	99	491	99	82020776	
5418	-8636	-14758	1986	3814	-8632	30	-146	-76	100	496	100	82020777	
5586	-8534	-14254	1871	3692	-8851	27	-149	-75	101	501	101	82020777	
5684	-8454	-13940	1977	3647	-9099	27	-149	-75	102	506	102	82020777	
5538	-8772	-13252	2422	3564	-9293	27	-153	-73	103	511	103	82020778	
5478	-9360	-12828	3014	3454	-9457	27	-153	-73	104	516	104	82020779	
5516	-9000	-13028	3694	3266	-9590	26	-150	-70	105	521	105	82020802	
5801	-9040	-13086	4771	3056	-9818	26	-152	-71	106	526	106	82020802	
5676	-9513	-13357	6056	3147	-10131	28	-158	-76	107	531	107	82020803	
5636	-9577	-13740	6736	3419	-10439	28	-158	-75	108	536	108	82020804	
5578	-9062	-13667	6568	3777	-10822	29	-157	-71	109	541	109	82020805	
4936	-8626	-12506	6384	4446	-11299	29	-157	-71	110	546	110	82020806	
5380	-9132	-12642	7035	4954	-11097	27	-155	-69	111	551	111	82020806	
5955	-8468	-12417	6911	5210	-11252	26	-156	-69	112	556	112	82020807	
6110	-8253	-12675	6960	5112	-11714	24	-158	-70	113	561	113	82020807	
5678	-8262	-13217	6757	4230	-11780	24	-158	-68	114	566	114	82020820	
4836	-7552	-13387	5953	2915	-11582	23	-159	-65	115	571	115	82020839	
4127	-7681	-13338	5535	1851	-11334	18	-159	-65	116	576	116	82020844	
4220	-9199	-13137	5737	1922	-11163	10	-158	-66	117	581	117	82020851	
4798	-9732	-13200	5650	2761	-11140	12	-160	-66	118	586	118	82020851	
4812	-9409	-13225	4547	3125	-11289	15	-163	-67	119	591	119	82020851	
4442	-9156	-13182	2864	2704	-11148	15	-164	-64	120	596	120	82020852	
4209	-9163	-13084	1346	2243	-10778	14	-166	-60	121	601	121	82020852	
4227	-8974	-12804	216	2370	-10563	13	-165	-60	122	606	122	82020853	
4722	-8352	-12004	-1061	2860	-10273	10	-162	-60	123	611	123	82020854	
5088	-7656	-11350	-1736	2898	-9993	9	-162	-60	124	616	124	82020854	
5352	-7208	-10816	-1815	2553	-9718	8	-162	-60	125	621	125	82020854	
5059	-7048	-10573	-1429	1974	-9394	5	-163	-60	126	626	126	82020874	
4670	-7551	-10483	-1156	1288	-8899	1	-165	-61	127	631	127	82020925	
4419	-8401	-10562	-1272	784	-8506	3	-164	-60	128	636	128	82020957	
4255	-8664	-10822	-1695	709	-8321	6	-162	-58	129	641	129	82020958	
4784	-8251	-10682	-2567	920	-7939	9	-166	-62	130	646	130	82020959	
6072	-7912	-10331	-2801	1394	-7715	11	-169	-65	131	651	131	82020959	
7248	-8055	-10354	-2596	1882	-7896	5	-169	-63	132	656	132	82020960	
8066	-8245	-10971	-2710	1732	-8116	1	-169	-61	133	661	133	82020960	
8305	-7562	-11713	-3299	813	-8189	2	-166	-63	134	666	134	82020961	
8365	-6337	-12390	-3921	-597	-8027	2	-164	-64	135	671	135	82020961	
8593	-6007	-12879	-3933	-1899	-7807	2	-166	-62	136	676	136	82020962	
8663	-6415	-13725	-3335	-2471	-7669	2	-168	-60	137	681	137	82020962	
8743	-6298	-14601	-3862	-2706	-7503	0	-167	-59	138	686	138	82020963	
8387	-6686	-14126	-5798	-3062	-7684	-2	-166	-58	139	691	139	82020964	
8060	-5366	-15164	-7199	-3553	-7626	-3	-167	-59	140	696	140	82020965	
7048	-4445	-15998	-9006	-3593	-7692	-3	-167	-59	141	701	141	82020979	
6678	-2601	-15425	-10511	-2845	-7500	-7	-165	-60	142	706	142	82021024	
7184	-1440	-13728	-11098	-1717	-6958	-8	-164	-60	143	711	143	82021035	
8300	-1198	-12481	-11170	-458	-6606	-3	-169	-57	144	716	144	82021036	
8748	352	-11363	-11911	433	-6590	-2	-170	-56	145	721	145	82021037	
8355	669	-9396	-12502	590	-6354	-13	-173	-59	146	726	146	82021037	
8184	520	-8672	-11279	333	-5701	-16	-174	-60	147	731	147	82021039	
8748	442	-8834	-9878	531	-5150	-16	-170	-64	148	736	148	82021039	
9330	862	-8690	-8418	591	-4561	-16	-170	-64	149	741	149	82021040	
9296	928	-8524	-6320	-409	-3717	-6	-166	-60	150	746	150	82021041	
8946	668	-8916	-3603	-2244	-2753	-6	-166	-60	151	751	151	82021041	
8422	-664	-9974	-721	-3956	-1817	-12	-170	-62	152	756	152	82021042	
8306	-544	-10502	1252	-4898	-1136	-12	-170	-62	153	761	153	82021045	
8082	-1348	-10934	2589	-5743	-574	-14	-170	-62	154	766	154	82021046	
7860	-2414	-11844	3543	-6386	-193	-14	-170	-62	155	771	155	82021062	
7290	-3748	-12938	4140	-6682	-11	-11	-171	-59	156	776	156	82021063	
6754	-4806	-13985	4661	-6624	31	-12	-171	-60	157	781	157	82021067	
6244	-5813	-14885	5347	-6309	48	-16	-172	-62	158	786	158	82021094	
6138	-6782	-15837	6073	-5942	56	-15	-171	-63	159	791	159	82021136	
6256	-7516	-16438	6558	-5670	1	-9	-165	-69	160	796	160	82021136	
6346	-8176	-16472	6815	-5626	-194	-10	-166	-68	161	801	161	82021137	
6110	-8810	-16479	6535	-5707	-534	-12	-168	-66	162	806	162	82021137	
5608	-9409	-16120	5337	-5770	-1082	-12	-169	-68	163	811	163	82021138	
5176	-9522	-15751	3321	-5440	-1878	-12	-170	-72	164	816	164	82021139	
5127	-8947	-15856	1621	-4927	-2612	-12	-166	-68	165	821	165	82021140	
5270	-8109	-16412	73	-4537	-3280	-11	-161	-63	166	826	166	82021140	
5465	-7377	-17073	-1611	-4536	-3867	-13	-163	-65	167	831	167	82021141	
5589	-6701	-17567	-3662	-4885	-4397	-15	-165	-67	168	836	168	82021141	
5646	-6007	-17876	-5916	-5174	-4911	-13	-165	-69	169	841	169	82021141	
5607	-5326	-18054	-7954	-5204	-5415	-11	-165	-71	170	846	170	82021142	
5500	-4742	-18176	-9411	-5081	-5830	-10	-165	-70	171	851	171	82021142	
5706	-4321	-18281	-10069	-4842	-6088	-9	-165	-69	172	856	172	82021143	
6155	-4098	-18195	-9774	-4547	-6211	-14	-164	-66	173	861	173	82021172	
6476	-4159	-18175	-9092	-4423	-6241	-18	-164	-64	174	866	174	82021191	
6606	-4274	-18092	-8515	-4425	-6262	-16	-163	-68	175	871	175	82021191	
6594	-4288	-17810	-8159	-4419	-6330	-15	-163	-71	176	876	176	82021192	
6585	-4248	-17563	-7823	-4419	-6392	-17	-165	-71	177	881	177	82021192	
6620	-4268	-17360	-7146	-4518	-6303	-19	-167	-71	178	886	178	82021193	
6850	-4293	-17259	-5982	-4663	-6043	-20	-162	-71	179	891	179	82021193	
7078	-3996	-17113	-4572	-4823	-5698	-21	-159	-71	180	896	180	82021193	
7183	-3685	-16793	-3579	-5041	-5471	-23	-165	-74	181	901	181	82021194	
7253	-3077	-16574	-2759	-5233	-5305	-23	-167	-75	182	906	182	82021232	
7096	-2482	-16803	-1728	-5411	-5122	-23	-169	-72	183	911	183	82021241	
6721	-2309	-17363	-324	-5419	-4909	-23	-169	-71	184	916	184	82021263	
6396	-2742	-17539	655	-5126	-4820	-26	-163	-71	185	921	185	82021269	
6392	-2955	-16854	172	-4549	-4992	-27	-161	-71	186	926	186	82021270	
6550	-2455	-15691	-1014	-3812	-5362	-21	-160	-72	187	931	187	82021270	
6501	-2060	-15423	-1212	-3131	-5669	-20	-160	-72	188	936	188	82021271	
6480	-2496	-16110	-113	-2769	-5735	-26	-168	-80	189	941	189	82021272	
6398	-3144	-17010	1169	-2804	-5598	-26	-168	-80	190	946	190	82021272	
6258	-3376	-17828	2135	-3111	-5436	-25	-161	-77	191	951	191	82021272	
6076	-3604	-18536	2346	-3311	-5420	-25	-161	-77	192	956	192	82021273	
6008	-3404	-18406	1660	-3402	-5573	-28	-156	-76	193	961	193	82021274	
5424	-2812	-18318	605	-3574	-5776	-28	-156	-76	194	966	194	82021274	
5046	-2564	-18426	0	-3665	-5836	-32	-160	-78	195	971	195	82021275	
5102	-2780	-18536	-263	-3268	-5825	-32	-160	-78	196	976	196	82021275	
5394	-2752	-17938	-1028	-2434	-5906	-22	-160	-74	197	981	197	82021275	
5614	-2660	-17445	-1717	-2035	-5920	-25	-159	-74	198	986	198	82021280	
5714	-2298	-17269	-2222	-1913	-5856	-36	-156	-76	199	991	199	82021305	
5698	-1889	-17404	-2373	-1915	-5740	-34	-158	-76	200	996	200	82021347	
5682	-1799	-17516	-2265	-1992	-5535	-26	-164	-76	201	1001	201	82021347	
5630	-1733	-17675	-2189	-2210	-5229	-27	-164	-76	202	1006	202	82021348	
5808	-1365	-17861	-1989	-2361	-4856	-30	-164	-76	203	1011	203	82021348	
6181	-1136	-17904	-1488	-2238	-4463	-31	-164	-75	204	1016	204	82021349	
6148	-1055	-17408	-1208	-2119	-4095	-37	-163	-73	205	1021	205	82021350	
6187	-1065	-16458	-1544	-2075	-3812	-35	-161	-75	206	1026	206	82021351	
6032	-813	-15674	-1988	-2005	-3647	-33	-157	-79	207	1031	207	82021351	
5976	-588	-15220	-1790	-1864	-3437	-33	-158	-78	208	1036	208	82021352	
5984	-1018	-15331	-479	-1547	-3063	-32	-160	-76	209	1041	209	82021352	
6129	-1826	-15865	1251	-1211	-2604	-31	-160	-76	210	1046	210	82021353	
6269	-2541	-16435	2433	-1043	-2209	-30	-160	-76	211	1051	211	82021360	
6338	-2818	-16636	2756	-1151	-1924	-33	-160	-77	212	1056	212	82021369	
6350	-2788	-16431	2626	-1523	-1694	-37	-159	-79	213	1061	213	82021369	
5991	-2462	-16215	2637	-1921	-1540	-35	-161	-77	214	1066	214	82021370	
5538	-2148	-15596	2522	-2055	-1499	-33	-163	-75	215	1071	215	82021370	
5318	-1890	-14549	2152	-1770	-1575	-34	-164	-80	216	1076	216	82021371	
4998	-1415	-13674	1699	-1393	-1666	-35	-165	-83	217	1081	217	82021371	
5004	-1208	-13525	1717	-1207	-1600	-34	-163	-79	218	1086	218	82021371	
5426	-1351	-14024	2497	-1120	-1413	-33	-161	-77	219	1091	219	82021372	
5717	-1840	-14762	3601	-1298	-1119	-38	-159	-75	220	1096	220	82021388	
5772	-2711	-15738	4470	-1924	-753	-42	-158	-74	221	1101	221	82021399	
6004	-3548	-16689	4470	-2791	-416	-33	-158	-79	222	1106	222	82021399	
6196	-3892	-17024	3484	-3261	-256	-30	-158	-80	223	1111	223	82021400	
6390	-3857	-16655	2106	-3568	-128	-33	-161	-77	224	1116	224	82021416	
6472	-3727	-16536	921	-3936	60	-34	-162	-76	225	1121	225	82021421	
6484	-3382	-15718	-97	-4232	300	-40	-160	-84	226	1126	226	82021421	
6385	-3475	-15128	-211	-4449	540	-42	-160	-86	227	1131	227	82021464	
6488	-3736	-14640	68	-4524	870	-34	-157	-81	228	1136	228	82021475	
6498	-3424	-14012	118	-4589	1128	-32	-156	-80	229	1141	229	82021476	
6914	-3495	-13486	240	-4913	1393	-37	-161	-77	230	1146	230	82021476	
7372	-4436	-13412	610	-5228	1617	-38	-162	-76	231	1151	231	82021477	
7074	-4480	-12900	52	-5750	1824	-32	-156	-78	232	1156	232	82021477	
6962	-4764	-12848	-556	-6434	2234	-32	-156	-78	233	1161	233	82021477	
7326	-4652	-12630	-1206	-6804	2595	-29	-157	-81	234	1166	234	82021478	
7652	-4770	-12726	-1873	-7126	2830	-29	-157	-81	235	1171	235	82021478	
7658	-4612	-13056	-2710	-7545	3008	-39	-163	-77	236	1176	236	82021479	
8432	-5412	-13732	-3914	-8214	3025	-39	-163	-77	237	1181	237	82021479	
7460	-5522	-14168	-5593	-8823	2801	-25	-159	-87	238	1186	238	82021479	
6192	-4510	-12701	-6836	-9597	3159	-26	-157	-87	239	1191	239	82021480	
6192	-5141	-12824	-5807	-10005	3773	-32	-148	-88	240	1196	240	82021480	
6352	-6530	-13397	-5090	-10409	3870	-31	-149	-87	241	1201	241	82021481	
6057	-7741	-13352	-5674	-10762	3535	-28	-152	-82	242	1206	242	82021481	
5888	-8125	-13379	-7022	-10968	2987	-28	-152	-83	243	1211	243	82021481	
5807	-6884	-12223	-8124	-10839	2420	-30	-152	-88	244	1216	244	82021482	
5949	-5548	-11281	-7631	-10839	2066	-31	-151	-89	245	1221	245	82021482	
6492	-4983	-11284	-6260	-11341	1779	-35	-149	-91	246	1226	246	82021486	
6886	-5471	-11785	-5048	-12321	1274	-35	-148	-91	247	1231	247	82021512	
6422	-5818	-12703	-4017	-13449	533	-34	-144	-92	248	1236	248	82021552	
5736	-6207	-13499	-3280	-14321	-66	-32	-146	-91	249	1241	249	82021552	
5159	-6872	-14330	-2362	-14793	-638	-30	-150	-90	250	1246	250	82021553	
4619	-7526	-14956	-1539	-14852	-1200	-35	-148	-94	251	1251	251	82021553	
3886	-8084	-15452	-1059	-14860	-1708	-43	-145	-99	252	1256	252	82021553	
3474	-8102	-15504	-1192	-14921	-2145	-39	-144	-99	253	1261	253	82021554	
4084	-7469	-14996	-1862	-14787	-2505	-32	-142	-100	254	1266	254	82021554	
5817	-5972	-14475	-2761	-14276	-2759	-36	-143	-104	255	1271	255	82021555	
6673	-3923	-14588	-3483	-14007	-2894	-39	-143	-107	256	1276	256	82021555	
6257	-2207	-16467	-3488	-14008	-2990	-40	-142	-107	257	1281	257	82021556	
5275	-1010	-21322	-2491	-13047	-3200	-41	-141	-107	258	1286	258	82021556	
3940	247	-28789	-1065	-10243	-3563	-39	-134	-107	259	1291	259	82021557	
220	2437	-32514	128	-5655	-3931	-37	-129	-107	260	1296	260	82021557	
-9475	3386	-32768	1766	-25	-3988	-40	-134	-104	261	1301	261	82021571	
-21781	-576	-32768	5668	5845	-4167	-42	-138	-102	262	1306	262	82021581	
-28000	-7842	-32768	9650	11336	-5894	-34	-139	-104	263	1311	263	82021582	
-15099	-15353	-32768	6832	16030	-8221	-29	-139	-105	264	1316	264	82021582	
4493	-10677	-32768	-4146	15633	-8674	-31	-143	-99	265	1321	265	82021599	
12027	-1248	-23920	-12191	8449	-8395	-32	-144	-98	266	1326	266	82021603	
13012	3432	-18943	-9760	-470	-6391	-38	-144	-96	267	1331	267	82021627	
12249	4074	-15383	-3768	-6417	-3149	-40	-144	-96	268	1336	268	82021634	
12054	5920	-7759	-720	-8548	-999	-38	-141	-98	269	1341	269	82021634	
12168	9902	1885	1428	-7288	-124	-38	-140	-98	270	1346	270	82021635	
14077	11898	5545	5599	-5917	708	-38	-140	-97	271	1351	271	82021635	
16469	11720	2086	11587	-5521	2080	-38	-140	-96	272	1356	272	82021636	
16925	10512	-7710	14171	-7497	3278	-38	-143	-102	273	1361	273	82021636	
16235	10035	-17926	12760	-9575	3794	-38	-144	-104	274	1366	274	82021637	
15090	9408	-25281	9251	-10372	3550	-36	-140	-103	275	1371	275	82021637	
12385	8184	-30721	5986	-10899	2712	-35	-139	-103	276	1376	276	82021638	
8140	6620	-32564	4240	-11020	1566	-33	-138	-96	277	1381	277	82021638	
3653	5171	-29394	3493	-9434	200	-32	-138	-94	278	1386	278	82021639	
881	4704	-20558	2607	-6648	-1007	-37	-132	-105	279	1391	279	82021639	
-633	2500	-12867	3868	-5269	-1183	-38	-130	-108	280	1396	280	82021640	
-1664	-906	-11572	8171	-6335	-270	-32	-136	-102	281	1401	281	82021653	
-2532	-1368	-11790	10496	-7805	447	-32	-136	-102	282	1406	282	82021681	
-3196	-1334	-11474	12094	-8647	1398	-41	-133	-105	283	1411	283	82021681	
-3822	-630	-14936	13666	-8848	1974	-41	-133	-105	284	1416	284	82021682	
-1238	-3870	-24074	15559	-7717	2862	-28	-132	-104	285	1421	285	82021682	
2352	-7004	-30230	16514	-5690	3077	-28	-132	-104	286	1426	286	82021683	
4562	-8334	-28930	15823	-5582	3052	-29	-131	-109	287	1431	287	82021683	
5230	-8948	-22276	13055	-6989	3329	-29	-131	-109	288	1436	288	82021684	
5893	-7976	-13616	8409	-8261	3658	-25	-131	-107	289	1441	289	82021732	
6636	-6739	-10637	5862	-8618	4014	-24	-130	-108	290	1446	290	82021733	
7695	-6244	-13064	5257	-8259	4389	-22	-128	-110	291	1451	291	82021733	
8802	-6247	-17469	5127	-7797	4712	-23	-126	-111	292	1456	292	82021734	
9409	-6122	-20333	4918	-7886	5071	-29	-119	-115	293	1461	293	82021734	
9516	-5693	-20186	5144	-8452	5393	-28	-121	-113	294	1466	294	82021734	
9034	-5329	-18454	6400	-9619	5584	-22	-128	-104	295	1471	295	82021735	
6819	-5854	-17369	7743	-11372	5574	-22	-127	-106	296	1476	296	82021735	
3495	-6571	-15818	6635	-12268	5139	-24	-124	-114	297	1481	297	82021741	
2022	-6444	-14473	4305	-10914	4306	-22	-122	-112	298	1486	298	82021769	
1781	-7168	-14209	4579	-9641	3868	-20	-120	-108	299	1491	299	82021787	
1173	-8384	-15076	6433	-9406	3910	-16	-120	-111	300	1496	300	82021787	
369	-9356	-17228	8124	-9807	4128	-11	-121	-115	301	1501	301	82021788	
-438	-9889	-19103	8484	-10374	4188	-12	-121	-114	302	1506	302	82021789	
-1262	-9644	-18887	7202	-10985	4028	-14	-120	-112	303	1511	303	82021789	
-2131	-9295	-17029	5753	-11463	3755	-14	-119	-113	304	1516	304	82021789	
-3038	-9604	-15623	5164	-11699	3460	-13	-117	-115	305	1521	305	82021790	
-3350	-10222	-16371	4865	-11796	3288	-11	-117	-117	306	1526	306	82021791	
-3643	-9840	-17094	4022	-11727	3176	-9	-117	-119	307	1531	307	82021791	
-4495	-9803	-17137	3515	-11817	3113	-11	-116	-114	308	1536	308	82021792	
-5171	-9744	-16780	3233	-12015	3100	-13	-115	-111	309	1541	309	82021792	
-5457	-9356	-15845	2995	-12034	3087	-9	-112	-115	310	1546	310	82021792	
-5456	-9242	-14795	3142	-11828	3034	-6	-110	-118	311	1551	311	82021793	
-5208	-9435	-14650	3239	-11586	2886	-7	-105	-120	312	1556	312	82021803	
-4818	-9750	-15312	3073	-11460	2652	-8	-102	-122	313	1561	313	82021826	
-4461	-9753	-15717	2964	-11375	2329	-12	-104	-126	314	1566	314	82021837	
-3912	-10184	-15830	3396	-11238	2029	-13	-105	-127	315	1571	315	82021837	
-3600	-10470	-15738	3364	-11387	1610	-11	-103	-123	316	1576	316	82021838	
-4053	-10286	-15644	2507	-11854	1069	-10	-102	-122	317	1581	317	82021858	
-4376	-9992	-15118	1803	-11883	474	-18	-102	-122	318	1586	318	82021864	
-4055	-9938	-14238	1754	-11518	-63	-20	-102	-122	319	1591	319	82021883	
-3530	-10183	-14090	2434	-11143	-495	-15	-102	-124	320	1596	320	82021930	
-3081	-10481	-14742	3116	-11069	-852	-14	-102	-124	321	1601	321	82021940	
-2836	-10504	-14756	3409	-11184	-1339	-3	-97	-129	322	1606	322	82021940	
-2620	-10368	-14566	3406	-11376	-1744	-3	-97	-129	323	1611	323	82021941	
-2252	-10518	-14394	3313	-11551	-2248	-10	-100	-120	324	1616	324	82021942	
-1902	-10502	-14722	3321	-11798	-2703	-10	-100	-120	325	1621	325	82021942	
-1536	-10350	-14570	3310	-11930	-3169	1	-93	-129	326	1626	326	82021943	
-1254	-10108	-14576	3037	-12221	-3585	1	-93	-129	327	1631	327	82021943	
-1392	-9732	-14558	2695	-12535	-3984	-10	-88	-120	328	1636	328	82021943	
-1376	-9718	-14508	2324	-12767	-4389	-10	-88	-120	329	1641	329	82021969	
-1390	-9604	-14350	1813	-12923	-4803	-10	-92	-128	330	1646	330	82021970	
-1551	-9486	-14154	1371	-13071	-5211	-11	-91	-128	331	1651	331	82021970	
-1718	-9352	-14147	1416	-13185	-5471	-14	-86	-126	332	1656	332	82021971	
-1911	-9573	-14115	1635	-13226	-5638	-14	-86	-126	333	1661	333	82021972	
-2189	-9454	-14188	1473	-13219	-5796	-13	-85	-127	334	1666	334	82021972	
-2734	-8953	-13966	639	-13274	-6115	-13	-85	-128	335	1671	335	82021972	
-3646	-8628	-13531	-94	-13199	-6505	-11	-83	-131	336	1676	336	82021973	
-4282	-8547	-13219	-637	-12963	-6929	-11	-83	-132	337	1681	337	82021973	
-4751	-8671	-13284	-1526	-12886	-7476	-13	-83	-135	338	1686	338	82021974	
-6009	-9262	-13370	-2498	-12931	-7981	-14	-83	-131	339	1691	339	82021974	
-6596	-9315	-13378	-3110	-12772	-8285	-15	-83	-125	340	1696	340	82021974	
-6976	-9122	-13247	-3604	-12502	-8695	-14	-81	-129	341	1701	341	82021975	
-7552	-9064	-13075	-3900	-12358	-9194	-13	-77	-135	342	1706	342	82021975	
-8168	-9275	-12752	-4078	-12405	-9657	-14	-77	-133	343	1711	343	82021982	
-8713	-9645	-12469	-4236	-12558	-10102	-15	-77	-129	344	1716	344	82022003	
-9178	-9916	-12268	-4452	-12617	-10559	-15	-73	-132	345	1721	345	82022022	
-9452	-10143	-11895	-4737	-12553	-11010	-16	-68	-136	346	1726	346	82022022	
-9571	-10659	-11477	-4968	-12407	-11505	-17	-69	-135	347	1731	347	82022023	
-9778	-11378	-11578	-4879	-12343	-11978	-17	-69	-133	348	1736	348	82022023	
-9990	-11997	-12065	-4656	-12407	-12381	-20	-68	-132	349	1741	349	82022024	
-10210	-12408	-12525	-4679	-12402	-12803	-22	-68	-132	350	1746	350	82022024	
-10392	-12586	-12587	-5084	-12291	-13257	-22	-69	-136	351	1751	351	82022024	
-10511	-12626	-12277	-5738	-12198	-13718	-22	-70	-138	352	1756	352	82022025	
-10640	-12516	-11908	-6500	-12178	-14184	-24	-71	-134	353	1761	353	82022025	
-10709	-12250	-11737	-7342	-12209	-14612	-25	-71	-131	354	1766	354	82022025	
-10856	-12025	-11916	-8195	-12132	-15028	-24	-67	-133	355	1771	355	82022026	
-11017	-11899	-12283	-8675	-11989	-15317	-24	-66	-134	356	1776	356	82022046	
-10908	-11473	-12164	-9363	-11805	-15518	-27	-63	-136	357	1781	357	82022053	
-10628	-10577	-11722	-10078	-11652	-15798	-28	-62	-136	358	1786	358	82022054	
-10547	-9920	-11619	-10362	-11638	-16244	-35	-61	-135	359	1791	359	82022054	
-10625	-9624	-11661	-10219	-11504	-16653	-37	-61	-135	360	1796	360	82022131	
-10636	-9394	-11680	-10026	-11108	-17043	-39	-61	-140	361	1801	361	82022150	
-10556	-8943	-11613	-10118	-10617	-17491	-39	-61	-141	362	1806	362	82022151	
-10424	-8629	-11262	-10680	-10280	-18050	-40	-55	-137	363	1811	363	82022151	
-10408	-8650	-11186	-11773	-10128	-18857	-40	-54	-136	364	1816	364	82022176	
-10454	-8890	-11522	-12669	-9992	-19499	-44	-58	-136	365	1821	365	82022176	
-10424	-8874	-11990	-13122	-9624	-20014	-44	-58	-136	366	1826	366	82022198	
-10676	-9194	-12066	-12977	-9362	-20336	-44	-54	-134	367	1831	367	82022198	
-9948	-8918	-12122	-12667	-9141	-20515	-44	-54	-134	368	1836	368	82022199	
-10006	-8230	-11746	-12756	-8671	-20956	-49	-51	-139	369	1841	369	82022199	
-10168	-8240	-11626	-12730	-8228	-21380	-49	-51	-139	370	1846	370	82022200	
-10542	-8144	-11698	-12901	-7806	-21523	-56	-56	-140	371	1851	371	82022200	
-10953	-8117	-11797	-13450	-7771	-21332	-54	-55	-140	372	1856	372	82022201	
-11488	-8446	-12343	-14041	-7847	-21112	-47	-51	-139	373	1861	373	82022201	
-9678	-6874	-12272	-15497	-7874	-21443	-48	-50	-139	374	1866	374	82022202	
-9272	-3326	-12274	-17068	-7732	-23338	-52	-46	-140	375	1871	375	82022203	
-9714	-1054	-12062	-18554	-8003	-25274	-54	-45	-140	376	1876	376	82022203	
-10833	-470	-11106	-19242	-7696	-26732	-64	-42	-138	377	1881	377	82022204	
-13604	-1087	-9896	-17808	-7149	-26673	-65	-43	-138	378	1886	378	82022209	
-14299	-1854	-10291	-14689	-7483	-24886	-68	-46	-136	379	1891	379	82022229	
-13506	-224	-11562	-13101	-7997	-23394	-70	-44	-137	380	1896	380	82022231	
-12857	1380	-11218	-14046	-7848	-22947	-75	-39	-139	381	1901	381	82022231	
-12202	1500	-11211	-14277	-6926	-22742	-75	-37	-138	382	1906	382	82022231	
-11457	1053	-11659	-13766	-5598	-22457	-75	-35	-137	383	1911	383	82022232	
-10529	906	-12297	-13055	-4092	-22125	-75	-38	-137	384	1916	384	82022232	
-9894	983	-13021	-12535	-2942	-21872	-76	-42	-136	385	1921	385	82022240	
-9034	1210	-13712	-12042	-2531	-21468	-77	-42	-135	386	1926	386	82022251	
-8423	1527	-14062	-11242	-2194	-20929	-79	-41	-133	387	1931	387	82022251	
-8393	1440	-14503	-10176	-1690	-20191	-79	-37	-135	388	1936	388	82022252	
-8623	1480	-15085	-10097	-1767	-19584	-79	-33	-137	389	1941	389	82022252	
-8542	2014	-15389	-10632	-1698	-18879	-80	-35	-136	390	1946	390	82022253	
-8355	3348	-15566	-10434	-1361	-18098	-81	-37	-135	391	1951	391	82022253	
-8213	4089	-16077	-9047	-858	-17134	-82	-33	-132	392	1956	392	82022253	
-8122	4579	-17424	-7022	-188	-16012	-82	-30	-130	393	1961	393	82022254	
-7712	5460	-18947	-5482	386	-14831	-87	-34	-134	394	1966	394	82022255	
-7687	6100	-19824	-4846	532	-14106	-90	-36	-136	395	1971	395	82022256	
-8047	6824	-20657	-4136	532	-13238	-94	-38	-134	396	1976	396	82022257	
-8553	8017	-21423	-2882	589	-12035	-96	-40	-132	397	1981	397	82022258	
-9145	8193	-21249	-1156	1034	-10976	-84	-33	-134	398	1986	398	82022273	
-9121	7950	-21472	1002	2083	-9570	-81	-31	-135	399	1991	399	82022278	
-9137	8106	-20890	2136	3204	-8839	-89	-34	-129	400	1996	400	82022278	
-8739	7822	-20299	2932	4148	-8314	-91	-35	-127	401	2001	401	82022297	
-8153	7660	-19837	4356	5257	-7597	-92	-37	-136	402	2006	402	82022303	
-7334	7184	-19294	5988	6404	-6844	-92	-38	-138	403	2011	403	82022345	
-6411	5944	-18911	7402	7468	-6450	-88	-37	-139	404	2016	404	82022358	
-5453	3928	-18314	8491	8499	-6269	-87	-37	-139	405	2021	405	82022359	
-4856	1888	-17786	9141	9600	-6227	-94	-38	-132	406	2026	406	82022360	
-4788	-332	-17568	9143	10102	-6041	-94	-38	-132	407	2031	407	82022360	
-4068	-2402	-17640	8970	10657	-5787	-80	-36	-140	408	2036	408	82022360	
-3742	-3450	-17364	7975	11109	-5697	-80	-36	-140	409	2041	409	82022361	
-3664	-3682	-16510	6479	11117	-5512	-85	-41	-135	410	2046	410	82022361	
-3972	-4002	-16230	5511	10960	-5149	-85	-41	-135	411	2051	411	82022362	
-4082	-4544	-16726	5060	10976	-4648	-85	-41	-133	412	2056	412	82022382	
-4064	-5514	-17440	4647	11350	-4121	-85	-41	-133	413	2061	413	82022458	
-3905	-6319	-18667	3970	11867	-3513	-78	-40	-134	414	2066	414	82022460	
-3991	-6550	-18954	3062	11972	-3014	-78	-42	-134	415	2071	415	82022461	
-4378	-6770	-18527	2181	11713	-2504	-76	-50	-136	416	2076	416	82022461	
-4845	-7222	-17904	1433	11340	-1987	-76	-49	-135	417	2081	417	82022462	
-4678	-7139	-17183	806	11166	-1465	-77	-45	-131	418	2086	418	82022462	
-4782	-6495	-16435	448	11256	-1020	-77	-45	-133	419	2091	419	82022463	
-4982	-6366	-16058	495	11143	-442	-79	-47	-141	420	2096	420	82022464	
-4860	-5688	-15718	720	11343	21	-79	-49	-140	421	2101	421	82022464	
-4848	-5107	-15239	1469	11929	343	-77	-57	-137	422	2106	422	82022464	
-4517	-5380	-15529	2816	12364	661	-76	-54	-137	423	2111	423	82022465	
-4212	-5960	-15994	3798	12606	864	-75	-49	-137	424	2116	424	82022465	
-3952	-6436	-16848	4412	12878	1018	-76	-51	-136	425	2121	425	82022466	
-3480	-6618	-17446	4486	13199	1136	-78	-58	-130	426	2126	426	82022470	
-3205	-7012	-17819	4492	13624	1188	-78	-58	-130	427	2131	427	82022499	
-2811	-7284	-18187	4466	13942	1226	-80	-60	-132	428	2136	428	82022560	
-2388	-7046	-18225	4273	13985	1307	-79	-60	-132	429	2141	429	82022560	
-2089	-6967	-17929	4377	13782	1456	-77	-61	-133	430	2146	430	82022560	
-1623	-6833	-18019	4845	13532	1641	-77	-63	-132	431	2151	431	82022561	
-1191	-6884	-18145	5272	13420	1667	-77	-65	-131	432	2156	432	82022561	
-747	-7364	-18321	5554	13518	1492	-77	-65	-131	433	2161	433	82022562	
-297	-8070	-18330	5458	13724	1160	-76	-66	-132	434	2166	434	82022562	
-52	-8763	-18134	4984	13709	809	-75	-68	-134	435	2171	435	82022563	
159	-9246	-17943	4485	13489	557	-73	-71	-137	436	2176	436	82022563	
470	-9610	-17754	4172	13218	394	-76	-72	-133	437	2181	437	82022564	
900	-10066	-17565	3979	12936	306	-81	-73	-127	438	2186	438	82022566	
1583	-10476	-17340	3755	12661	269	-76	-74	-128	439	2191	439	82022594	
2282	-10683	-17076	3436	12292	224	-72	-74	-128	440	2196	440	82022613	
2798	-10856	-16769	3124	11810	169	-73	-79	-131	441	2201	441	82022614	
3220	-11084	-16575	2884	11330	73	-73	-83	-133	442	2206	442	82022614	
3574	-11396	-16455	2510	10914	-89	-75	-79	-131	443	2211	443	82022615	
3830	-11586	-16532	1894	10557	-281	-77	-77	-129	444	2216	444	82022615	
4065	-11673	-16659	1108	10233	-495	-72	-80	-128	445	2221	445	82022615	
4353	-11673	-16840	278	9914	-684	-68	-82	-128	446	2226	446	82022616	
4744	-11592	-17190	-654	9522	-857	-70	-81	-133	447	2231	447	82022616	
5208	-11386	-17482	-1401	9189	-975	-71	-81	-135	448	2236	448	82022617	
5496	-11087	-17708	-2025	8811	-1039	-74	-79	-130	449	2241	449	82022617	
5646	-10678	-17816	-2533	8295	-1036	-75	-79	-129	450	2246	450	82022617	
5598	-10174	-17926	-2912	7659	-972	-71	-80	-128	451	2251	451	82022618	
5703	-9763	-18115	-3237	6963	-871	-70	-80	-128	452	2256	452	82022635	
5873	-9334	-18182	-3560	6340	-781	-72	-88	-126	453	2261	453	82022640	
6226	-8828	-18244	-3909	5794	-721	-72	-90	-126	454	2266	454	82022659	
6605	-8266	-18128	-4223	5267	-702	-71	-91	-127	455	2271	455	82022664	
6854	-8040	-18212	-4378	4542	-712	-71	-91	-127	456	2276	456	82022665	
7050	-7814	-18350	-4469	3971	-744	-75	-83	-127	457	2281	457	82022665	
7006	-7660	-18412	-4702	3404	-800	-75	-83	-127	458	2286	458	82022666	
7248	-7134	-18636	-4942	2918	-845	-74	-96	-134	459	2291	459	82022666	
7296	-6898	-18596	-5077	2549	-906	-74	-96	-134	460	2296	460	82022667	
6988	-6586	-18448	-5024	2092	-985	-74	-90	-124	461	2301	461	82022667	
6804	-6330	-18434	-4992	1517	-996	-74	-90	-124	462	2306	462	82022668	
6752	-5902	-18242	-4922	1007	-1020	-76	-88	-128	463	2311	463	82022668	
6509	-5461	-17993	-4745	407	-1074	-78	-89	-129	464	2316	464	82022669	
6316	-5177	-17709	-4473	-94	-1107	-85	-91	-133	465	2321	465	82022674	
6170	-4914	-17509	-4166	-551	-1126	-85	-91	-132	466	2326	466	82022692	
5890	-4641	-17178	-3907	-1002	-1110	-83	-89	-129	467	2331	467	82022693	
5682	-4560	-17006	-3540	-1445	-1067	-82	-89	-129	468	2336	468	82022693	
5703	-4192	-16795	-3242	-1695	-1087	-79	-87	-129	469	2341	469	82022694	
5582	-3805	-16554	-3004	-1884	-1163	-80	-87	-128	470	2346	470	82022694	
5404	-3625	-16261	-2655	-2146	-1219	-83	-87	-125	471	2351	471	82022694	
5298	-3605	-16035	-2202	-2478	-1270	-83	-88	-125	472	2356	472	82022695	
5219	-3651	-15982	-1775	-2811	-1299	-84	-92	-124	473	2361	473	82022695	
4921	-3862	-15891	-1523	-3057	-1244	-86	-94	-124	474	2366	474	82022696	
4658	-3880	-15810	-1290	-3200	-1045	-88	-98	-124	475	2371	475	82022696	
4746	-3294	-15773	-1108	-3062	-1017	-85	-96	-126	476	2376	476	82022697	
4976	-3033	-15772	-970	-2786	-1309	-80	-92	-128	477	2381	477	82022715	
5023	-3291	-15886	-613	-2780	-1478	-83	-90	-127	478	2386	478	82022743	
4831	-3641	-16104	-213	-3093	-1440	-87	-87	-125	479	2391	479	82022743	
4655	-3702	-16426	-89	-3454	-1339	-84	-87	-126	480	2396	480	82022744	
4691	-3456	-16471	-168	-3490	-1267	-80	-86	-126	481	2401	481	82022745	
4430	-3356	-16474	-129	-3390	-1211	-84	-88	-127	482	2406	482	82022745	
4097	-3307	-16762	-104	-3400	-1111	-87	-89	-127	483	2411	483	82022746	
3754	-3184	-16988	-206	-3413	-974	-85	-87	-121	484	2416	484	82022746	
3497	-3038	-17176	-202	-3335	-807	-83	-85	-117	485	2421	485	82022746	
3262	-2960	-17386	-81	-3165	-621	-88	-89	-125	486	2426	486	82022747	
3106	-2928	-17540	50	-2906	-438	-91	-91	-131	487	2431	487	82022747	
2997	-2936	-17606	186	-2580	-242	-89	-88	-130	488	2436	488	82022747	
2959	-2978	-17585	397	-2175	33	-88	-86	-130	489	2441	489	82022748	
2714	-3161	-17307	734	-1868	311	-85	-86	-132	490	2446	490	82022764	
2735	-3286	-17056	1037	-1806	632	-84	-86	-132	491	2451	491	82022768	
2636	-3471	-16956	1397	-1738	977	-86	-90	-130	492	2456	492	82022768	
2478	-3747	-16953	1765	-1692	1345	-87	-91	-129	493	2461	493	82022769	
2339	-4027	-16940	2055	-1677	1710	-83	-87	-125	494	2466	494	82022769	
2203	-4205	-17093	2200	-1670	2074	-82	-86	-124	495	2471	495	82022772	
2038	-4404	-17166	2305	-1588	2429	-83	-87	-128	496	2476	496	82022773	
1854	-4548	-17260	2409	-1352	2829	-83	-87	-129	497	2481	497	82022773	
1782	-4594	-17044	2530	-953	3132	-79	-87	-127	498	2486	498	82022775	
1732	-4602	-16896	2795	-398	3414	-79	-87	-127	499	2491	499	82022775	
1752	-4584	-16530	3194	219	3665	-89	-93	-129	500	2496	500	82022775	
1850	-4610	-16308	3654	682	3925	-89	-93	-129	501	2501	501	82022776	
1902	-4458	-16248	4110	894	4192	-76	-86	-130	502	2506	502	82022776	
1910	-4310	-16282	4446	869	4484	-76	-86	-130	503	2511	503	82022777	
1776	-4240	-16292	4472	717	4706	-80	-88	-132	504	2516	504	82022792	
1538	-4184	-16176	3929	659	4765	-80	-88	-132	505	2521	505	82022793	
1127	-3686	-15870	2800	809	4573	-85	-89	-129	506	2526	506	82022798	
1004	-3130	-15396	1737	1163	4264	-83	-89	-129	507	2531	507	82022825	
301	-3420	-15197	1471	1558	3897	-77	-87	-131	508	2536	508	82022846	
627	-3546	-15160	1464	1847	3472	-76	-86	-131	509	2541	509	82022847	
765	-3780	-14893	1765	2343	3142	-74	-84	-130	510	2546	510	82022847	
283	-4486	-14944	2435	2383	2998	-74	-84	-130	511	2551	511	82022849	
-31	-4879	-15380	2950	2076	2903	-74	-86	-132	512	2556	512	82022850	
71	-5164	-15547	3333	2046	2901	-75	-87	-131	513	2561	513	82022851	
210	-5506	-15985	4092	2366	3071	-79	-91	-127	514	2566	514	82022852	
365	-5602	-16366	4535	2560	3325	-79	-92	-131	515	2571	515	82022852	
202	-5938	-16618	4883	2650	3534	-79	-93	-137	516	2576	516	82022853	
-46	-6448	-16802	5125	2700	3663	-76	-93	-133	517	2581	517	82022853	
-308	-6879	-16818	5116	2826	3732	-71	-93	-127	518	2586	518	82022853	
-439	-7241	-16658	4947	3164	3781	-71	-90	-127	519	2591	519	82022854	
-389	-7555	-16521	4730	3675	3837	-70	-86	-126	520	2596	520	82022872	
-193	-7743	-16289	4498	4204	3893	-72	-90	-130	521	2601	521	82022897	
129	-7955	-16019	4270	4616	3970	-75	-97	-135	522	2606	522	82022897	
384	-8226	-15882	4116	4722	4113	-70	-92	-132	523	2611	523	82022898	
603	-8405	-15924	4011	4587	4262	-66	-88	-130	524	2616	524	82022898	
879	-8506	-16079	3822	4349	4334	-68	-94	-129	525	2621	525	82022899	
1139	-8615	-16193	3546	4119	4305	-70	-98	-128	526	2626	526	82022899	
1331	-8812	-16365	3293	3942	4199	-71	-95	-124	527	2631	527	82022899	
1552	-9206	-16534	2932	3795	4075	-71	-93	-121	528	2636	528	82022900	
1738	-9541	-16634	2441	3641	3954	-70	-91	-125	529	2641	529	82022900	
1716	-9454	-16768	1545	3351	3802	-69	-89	-127	530	2646	530	82022900	
1922	-9272	-16727	1070	3426	3647	-67	-97	-132	531	2651	531	82022940	
2316	-9552	-16636	1017	3440	3395	-67	-99	-133	532	2656	532	82022951	
2480	-9505	-16605	746	3099	3257	-63	-97	-129	533	2661	533	82022952	
2458	-9466	-16612	644	2715	3170	-62	-96	-128	534	2666	534	82022952	
2453	-9672	-16545	744	2471	3092	-70	-94	-130	535	2671	535	82022952	
2572	-9657	-16539	841	2353	3025	-72	-94	-130	536	2676	536	82022953	
2639	-9499	-16384	936	2161	3003	-67	-96	-124	537	2681	537	82022953	
2734	-9450	-16226	1265	1890	3002	-66	-96	-122	538	2686	538	82022954	
2806	-9628	-16112	1761	1605	3011	-64	-96	-128	539	2691	539	82022954	
2680	-9772	-16194	1936	1402	3015	-64	-96	-128	540	2696	540	82022954	
2682	-9610	-16078	1755	1124	2996	-69	-99	-129	541	2701	541	82023001	
2466	-9502	-15902	1552	841	2948	-69	-99	-129	542	2706	542	82023002	
2278	-9478	-15894	1503	606	2894	-59	-99	-131	543	2711	543	82023002	
2106	-9626	-15984	1496	448	2809	-59	-99	-131	544	2716	544	82023003	
2006	-9602	-15808	1287	359	2729	-62	-96	-128	545	2721	545	82023003	
1930	-9518	-15762	1034	299	2605	-62	-96	-128	546	2726	546	82023003	
1819	-9384	-15585	809	314	2434	-66	-98	-132	547	2731	547	82023054	
1734	-9321	-15436	715	368	2308	-65	-98	-131	548	2736	548	82023055	
1382	-9085	-15394	671	375	2229	-62	-96	-128	549	2741	549	82023055	
1310	-8635	-15314	685	281	2222	-62	-97	-128	550	2746	550	82023055	
2101	-8700	-15162	1081	418	2145	-63	-101	-129	551	2751	551	82023056	
2441	-9099	-15104	1555	772	1943	-62	-100	-128	552	2756	552	82023056	
2487	-9401	-15469	1390	774	1767	-58	-98	-122	553	2761	553	82023056	
2127	-9723	-15602	919	627	1630	-59	-97	-122	554	2766	554	82023057	
1970	-9551	-15489	557	481	1524	-63	-95	-123	555	2771	555	82023057	
1979	-9559	-15634	500	411	1495	-63	-98	-123	556	2776	556	82023058	
1893	-9592	-15702	617	365	1484	-64	-102	-124	557	2781	557	82023058	
1843	-9474	-15676	786	331	1458	-63	-101	-123	558	2786	558	82023058	
1807	-9193	-15432	943	241	1434	-61	-99	-121	559	2791	559	82023059	
1956	-9588	-15257	1278	211	1420	-61	-99	-123	560	2796	560	82023059	
2330	-10551	-15422	1619	353	1380	-61	-99	-127	561	2801	561	82023067	
2432	-10340	-15414	1226	283	1307	-61	-102	-127	562	2806	562	82023078	
2447	-9732	-15177	622	47	1226	-62	-106	-126	563	2811	563	82023079	
2433	-9622	-15073	582	-62	1177	-60	-101	-127	564	2816	564	82023080	
2464	-9554	-15079	649	-93	1164	-59	-97	-127	565	2821	565	82023080	
2540	-9462	-15025	632	-68	1163	-60	-97	-127	566	2826	566	82023110	
2668	-9385	-15052	560	-54	1149	-61	-97	-127	567	2831	567	82023147	
2799	-9223	-15037	407	-76	1114	-61	-101	-123	568	2836	568	82023172	
2905	-9180	-15087	201	-124	1042	-61	-103	-121	569	2841	569	82023183	
2986	-9210	-15165	-8	-199	945	-61	-102	-123	570	2846	570	82023184	
3113	-9274	-15180	-233	-274	856	-61	-101	-125	571	2851	571	82023184	
3124	-9321	-15225	-495	-376	790	-66	-102	-121	572	2856	572	82023185	
3152	-9197	-15267	-672	-505	740	-68	-102	-120	573	2861	573	82023185	
3044	-9196	-15188	-746	-643	692	-60	-102	-126	574	2866	574	82023186	
2942	-9167	-15220	-671	-700	688	-58	-102	-128	575	2871	575	82023187	
2940	-9080	-15082	-590	-694	675	-59	-98	-129	576	2876	576	82023188	
2806	-8924	-15025	-484	-717	649	-59	-97	-129	577	2881	577	82023188	
2762	-8776	-14962	-369	-741	613	-59	-102	-131	578	2886	578	82023189	
2738	-8662	-14916	-282	-720	543	-59	-103	-131	579	2891	579	82023190	
2766	-8568	-14882	-256	-711	447	-61	-98	-126	580	2896	580	82023191	
2672	-8420	-14850	-305	-716	330	-61	-97	-125	581	2901	581	82023191	
2683	-8290	-14874	-391	-731	221	-61	-99	-120	582	2906	582	82023192	
2654	-8170	-14852	-458	-752	119	-61	-99	-119	583	2911	583	82023206	
2580	-8144	-14870	-481	-796	15	-61	-94	-122	584	2916	584	82023230	
2474	-8098	-14894	-504	-827	-76	-61	-93	-123	585	2921	585	82023236	
2393	-8108	-14941	-506	-860	-158	-59	-99	-124	586	2926	586	82023236	
2180	-8077	-15064	-512	-865	-227	-58	-100	-124	587	2931	587	82023237	
2127	-8006	-15020	-540	-844	-265	-61	-100	-124	588	2936	588	82023237	
1900	-7884	-15116	-552	-790	-317	-62	-100	-124	589	2941	589	82023238	
1892	-8044	-15074	-487	-722	-355	-57	-101	-131	590	2946	590	82023238	
1842	-8046	-15096	-476	-637	-405	-57	-101	-131	591	2951	591	82023238	
1884	-8004	-15038	-468	-544	-441	-62	-98	-124	592	2956	592	82023239	
1914	-8016	-15050	-454	-460	-464	-62	-98	-124	593	2961	593	82023240	
1970	-8016	-15070	-435	-413	-508	-59	-101	-127	594	2966	594	82023240	
2030	-8034	-15050	-440	-362	-557	-59	-101	-127	595	2971	595	82023240	
2052	-8088	-15116	-389	-300	-592	-60	-100	-126	596	2976	596	82023241	
2073	-8209	-15252	-341	-205	-645	-60	-99	-127	597	2981	597	82023241	
2164	-8210	-15252	-332	-127	-680	-61	-97	-129	598	2986	598	82023242	
2248	-8240	-15218	-336	-61	-712	-61	-97	-128	599	2991	599	82023243	
2248	-8268	-15258	-349	-20	-731	-59	-99	-125	600	2996	600	82023245	
2285	-8321	-15352	-363	25	-755	-59	-100	-125	601	3001	601	82023246	
2318	-8342	-15363	-378	72	-778	-59	-105	-125	602	3006	602	82023249	
2337	-8328	-15486	-416	116	-822	-60	-105	-125	603	3011	603	82023266	
2354	-8278	-15582	-459	159	-865	-65	-103	-123	604	3016	604	82023288	
2413	-8245	-15733	-511	177	-911	-63	-103	-124	605	3021	605	82023289	
2384	-8178	-15842	-580	172	-967	-56	-102	-128	606	3026	606	82023289	
2344	-8202	-15974	-650	165	-1014	-57	-102	-129	607	3031	607	82023290	
2338	-8170	-16115	-715	159	-1052	-59	-103	-131	608	3036	608	82023290	
2285	-8185	-16196	-768	143	-1095	-59	-102	-128	609	3041	609	82023291	
2283	-8206	-16234	-816	141	-1147	-60	-100	-124	610	3046	610	82023291	
2258	-8178	-16295	-870	137	-1196	-60	-100	-125	611	3051	611	82023292	
2076	-8019	-16281	-943	107	-1228	-61	-99	-127	612	3056	612	82023293	
1987	-7840	-16142	-878	71	-1236	-60	-98	-125	613	3061	613	82023294	
1962	-7938	-16189	-653	114	-1237	-59	-97	-123	614	3066	614	82023305	
1925	-7975	-16328	-537	141	-1232	-60	-100	-125	615	3071	615	82023329	
1838	-7926	-16406	-469	132	-1224	-60	-102	-126	616	3076	616	82023341	
1721	-7893	-16372	-390	111	-1209	-63	-101	-123	617	3081	617	82023341	
1730	-7859	-16387	-334	105	-1195	-65	-101	-121	618	3086	618	82023342	
1748	-7788	-16422	-334	97	-1190	-65	-102	-129	619	3091	619	82023342	
1723	-7734	-16447	-376	92	-1179	-65	-103	-135	620	3096	620	82023343	
1848	-7691	-16397	-430	106	-1167	-61	-102	-131	621	3101	621	82023344	
2020	-7627	-16193	-507	93	-1156	-58	-102	-128	622	3106	622	82023344	
2086	-7580	-16058	-568	32	-1148	-61	-100	-130	623	3111	623	82023357	
2150	-7567	-15928	-591	-29	-1129	-62	-100	-130	624	3116	624	82023406	
2249	-7582	-15854	-576	-87	-1092	-64	-100	-128	625	3121	625	82023418	
2318	-7522	-15802	-549	-113	-1071	-64	-100	-128	626	3126	626	82023419	
2376	-7492	-15822	-501	-134	-1036	-58	-103	-125	627	3131	627	82023419	
