-3166	5987	-15036	-1598	1543	-16	-537	151	-243	1	1	1	82054788	
-3169	6142	-15079	-1765	1541	-2	-536	152	-241	2	6	2	82054788	
-3098	6348	-15157	-1960	1565	27	-534	154	-238	3	11	3	82054788	
-2876	6537	-15358	-2100	1607	64	-536	152	-240	4	16	4	82054789	
-2705	6662	-15544	-2157	1651	43	-538	148	-242	5	21	5	82054789	
-2480	6648	-15743	-2072	1604	-40	-534	149	-243	6	26	6	82054790	
-2205	6756	-16026	-1937	1329	-160	-530	150	-244	7	31	7	82054790	
-2023	6798	-16449	-1849	785	-243	-533	154	-246	8	36	8	82054791	
-1908	6792	-16970	-1833	51	-319	-535	157	-247	9	41	9	82054791	
-1802	6771	-17586	-1906	-914	-401	-537	151	-246	10	46	10	82054791	
-1752	6634	-18178	-2165	-2324	-478	-539	143	-245	11	51	11	82054791	
-1984	6374	-18575	-2799	-4205	-555	-536	147	-244	12	56	12	82054810	
-2623	6130	-19005	-3974	-6519	-606	-531	153	-243	13	61	13	82054838	
-3717	5959	-19490	-5803	-9094	-591	-533	155	-246	14	66	14	82054839	
-4809	6034	-19758	-7788	-10867	-529	-535	157	-249	15	71	15	82054839	
-5323	6267	-19374	-9340	-11060	-448	-537	158	-248	16	76	16	82054840	
-5373	6374	-18431	-10376	-9873	-441	-539	159	-247	17	81	17	82054840	
-5446	6346	-17217	-10888	-7828	-490	-538	158	-248	18	86	18	82054840	
-5670	6096	-16356	-11070	-5720	-391	-538	158	-248	19	91	19	82054841	
-6040	5846	-15834	-11247	-3850	-228	-540	157	-243	20	96	20	82054858	
-6355	5812	-14982	-11381	-2003	-44	-541	157	-239	21	101	21	82054883	
-6226	6045	-13373	-10975	-32	99	-546	158	-241	22	106	22	82054893	
-5738	6144	-11160	-9239	2511	79	-549	159	-243	23	111	23	82054893	
-5136	5906	-9570	-6623	4849	-1	-548	158	-241	24	116	24	82054894	
-4558	5472	-8338	-4156	6587	16	-548	158	-240	25	121	25	82054894	
-4030	5146	-7591	-2178	7536	90	-551	156	-240	26	126	26	82054895	
-3425	5066	-7565	-656	7814	316	-552	156	-240	27	131	27	82054895	
-3164	5068	-7806	209	7671	492	-549	159	-239	28	136	28	82054895	
-2922	4958	-8450	837	7317	667	-548	160	-238	29	141	29	82054896	
-2536	4898	-9563	1203	6784	808	-552	158	-238	30	146	30	82054896	
-2176	4965	-10756	1121	5976	827	-554	156	-238	31	151	31	82054896	
-2010	5192	-11949	700	4872	772	-549	158	-240	32	156	32	82054897	
-2051	5561	-13003	124	3591	669	-548	158	-240	33	161	33	82054936	
-2186	5912	-13939	-428	2404	528	-545	153	-240	34	166	34	82054946	
-2246	6257	-14687	-876	1715	356	-544	152	-240	35	171	35	82054946	
-2132	6412	-15151	-1278	1728	109	-546	155	-242	36	176	36	82054947	
-1947	6376	-15360	-1615	2203	-121	-546	156	-242	37	181	37	82054947	
-1654	6471	-15280	-2060	2844	-398	-544	154	-241	38	186	38	82054947	
-1416	6356	-15050	-2614	3367	-523	-543	153	-241	39	191	39	82054948	
-1068	6524	-14412	-3273	3684	-561	-542	158	-250	40	196	40	82054948	
-780	6408	-13796	-3493	3641	-560	-542	158	-250	41	201	41	82054975	
-574	6174	-13180	-3556	3280	-503	-546	148	-240	42	206	42	82054997	
-544	6130	-12812	-3630	2652	-388	-546	148	-240	43	211	43	82054998	
-632	6016	-12474	-3671	1846	-391	-544	154	-242	44	216	44	82054998	
-932	5950	-12172	-3614	1002	-439	-544	154	-242	45	221	45	82054999	
-1387	5915	-12072	-3332	374	-496	-548	158	-236	46	226	46	82054999	
-2012	5916	-12086	-2874	-208	-566	-549	159	-235	47	231	47	82054999	
-2558	5832	-12344	-2265	-633	-706	-549	155	-239	48	236	48	82055000	
-2916	5840	-12414	-1739	-670	-798	-549	155	-239	49	241	49	82055000	
-3058	5800	-12682	-1308	-536	-869	-542	154	-236	50	246	50	82055000	
-3176	5814	-13002	-914	-390	-922	-542	154	-236	51	251	51	82055047	
-3236	5874	-13344	-516	-351	-927	-547	147	-241	52	256	52	82055050	
-3396	5768	-13860	-281	-314	-903	-547	147	-241	53	261	53	82055051	
-3454	5974	-14256	-420	-260	-877	-544	152	-242	54	266	54	82055051	
-3520	6006	-14290	-751	-202	-865	-544	152	-242	55	271	55	82055051	
-3584	6050	-14671	-951	-134	-836	-545	151	-241	56	276	56	82055052	
-3516	5975	-14703	-1407	-102	-781	-544	152	-241	57	281	57	82055052	
-3509	6017	-14710	-2021	-117	-758	-541	155	-239	58	286	58	82055052	
-3576	5821	-14637	-2553	-203	-710	-542	155	-239	59	291	59	82055053	
-3576	5588	-14547	-2877	-368	-657	-548	154	-240	60	296	60	82055053	
-3576	5643	-14423	-3331	-453	-676	-548	153	-241	61	301	61	82055054	
-3470	5578	-14203	-3661	-362	-686	-547	147	-243	62	306	62	82055054	
-3357	5606	-13896	-3709	-92	-721	-547	148	-243	63	311	63	82055058	
-3200	5518	-13614	-3597	190	-741	-548	154	-244	64	316	64	82055078	
-3189	5417	-13060	-3404	484	-844	-547	154	-243	65	321	65	82055078	
-3403	5256	-12999	-3126	456	-768	-542	152	-240	66	326	66	82055079	
-3664	5044	-13242	-3017	276	-636	-543	152	-241	67	331	67	82055084	
-4104	4808	-13449	-3250	53	-500	-547	151	-243	68	336	68	82055101	
-4534	4405	-13646	-3712	-126	-318	-547	151	-243	69	341	69	82055102	
-5090	4167	-13765	-4417	-210	-174	-545	149	-245	70	346	70	82055102	
-5900	4064	-14024	-4989	-262	-29	-545	151	-244	71	351	71	82055102	
-6942	3737	-14215	-5134	-175	165	-547	159	-239	72	356	72	82055103	
-8106	3214	-14062	-4582	471	371	-545	159	-239	73	361	73	82055103	
-8735	2859	-13550	-3666	1761	558	-542	160	-240	74	366	74	82055104	
-8957	2914	-12833	-2673	3678	628	-543	156	-238	75	371	75	82055104	
-8667	3189	-12168	-2055	5816	574	-545	149	-235	76	376	76	82055114	
-7841	3809	-11809	-1995	7612	438	-546	146	-239	77	381	77	82055129	
-6481	4591	-11517	-2496	8833	456	-548	142	-244	78	386	78	82055138	
-4767	5563	-10738	-3256	9493	604	-550	143	-242	79	391	79	82055151	
-2683	6692	-9694	-3743	9685	787	-552	144	-240	80	396	80	82055152	
-7	7344	-8783	-3816	9471	990	-551	147	-241	81	401	81	82055153	
2518	7459	-9067	-3337	8668	966	-550	150	-242	82	406	82	82055154	
4673	7811	-10302	-2708	7148	781	-552	147	-242	83	411	83	82055154	
6619	8551	-12142	-2327	4595	433	-555	143	-241	84	416	84	82055156	
7451	9243	-13922	-2379	1409	-27	-553	144	-243	85	421	85	82055157	
7220	9621	-15191	-2680	-2001	-364	-551	145	-245	86	426	86	82055158	
6580	9740	-15376	-3071	-5013	-653	-549	147	-243	87	431	87	82055158	
5502	9315	-14726	-3292	-7061	-1104	-547	149	-239	88	436	88	82055159	
4060	8198	-13995	-3444	-8059	-1508	-549	149	-238	89	441	89	82055160	
2608	6570	-13514	-4005	-8219	-1785	-550	148	-236	90	446	90	82055160	
1180	4885	-12680	-4703	-8085	-1955	-548	151	-237	91	451	91	82055161	
-171	3338	-11738	-5030	-7990	-2047	-547	153	-237	92	456	92	82055172	
-1553	2484	-10792	-4855	-7779	-2219	-555	150	-238	93	461	93	82055194	
-2604	2322	-10258	-4093	-7245	-2373	-560	148	-238	94	466	94	82055205	
-3151	2661	-10284	-2942	-6420	-2492	-555	152	-240	95	471	95	82055206	
-3572	3392	-10788	-1623	-5411	-2548	-552	154	-242	96	476	96	82055206	
-4026	4548	-11847	-286	-4615	-2255	-552	152	-241	97	481	97	82055206	
-4582	6106	-13507	1054	-4448	-1529	-552	150	-240	98	486	98	82055207	
-5015	7478	-14976	1864	-4914	-797	-552	150	-242	99	491	99	82055207	
-5401	8412	-15924	2054	-5501	-311	-552	150	-242	100	496	100	82055208	
-5828	9069	-16746	1722	-6154	154	-550	153	-239	101	501	101	82055208	
-6323	9652	-17190	661	-6678	581	-549	155	-237	102	506	102	82055209	
-6701	10292	-17098	-887	-6815	865	-553	156	-238	103	511	103	82055222	
-6731	10679	-16522	-2302	-6508	961	-555	157	-239	104	516	104	82055246	
-6299	10462	-15783	-3024	-5860	778	-551	159	-241	105	521	105	82055257	
-5864	9871	-15209	-3006	-4874	323	-549	161	-243	106	526	106	82055258	
-5538	9241	-14596	-2651	-4000	242	-549	158	-240	107	531	107	82055258	
-4696	8583	-13997	-1797	-3421	336	-549	157	-239	108	536	108	82055259	
-4129	7922	-13848	-440	-3010	181	-554	157	-244	109	541	109	82055298	
-4020	7516	-14066	734	-2791	92	-555	157	-245	110	546	110	82055308	
-3912	7277	-14527	1533	-2845	163	-546	158	-247	111	551	111	82055309	
-4030	7248	-15034	1989	-3058	230	-544	158	-248	112	556	112	82055310	
-4303	7252	-15411	2100	-3259	337	-547	163	-245	113	561	113	82055311	
-4448	7143	-15798	1936	-3408	536	-548	164	-244	114	566	114	82055311	
-4780	7416	-16050	1495	-3442	764	-545	159	-239	115	571	115	82055312	
-4858	7520	-16414	1237	-3330	985	-545	159	-239	116	576	116	82055313	
-4854	7462	-16598	1116	-3125	1116	-546	160	-240	117	581	117	82055313	
-4711	7230	-16668	984	-2860	1154	-546	160	-240	118	586	118	82055313	
-4500	7109	-16602	816	-2545	1114	-544	162	-243	119	591	119	82055330	
-4104	6677	-16644	660	-2269	1044	-544	162	-244	120	596	120	82055334	
-3630	6041	-16721	535	-2060	953	-545	161	-246	121	601	121	82055334	
-3006	5610	-16557	264	-2009	768	-545	161	-247	122	606	122	82055335	
-2788	5608	-16158	-112	-1997	350	-540	162	-244	123	611	123	82055335	
-3048	5562	-15920	-93	-2025	109	-540	162	-244	124	616	124	82055335	
-3334	5436	-15750	94	-2115	-6	-544	160	-246	125	621	125	82055336	
-3906	5386	-15428	267	-2263	29	-544	160	-246	126	626	126	82055336	
-3580	4978	-15488	223	-2452	222	-539	163	-243	127	631	127	82055337	
-3414	4956	-15206	-113	-2417	24	-539	163	-243	128	636	128	82055337	
-3582	4952	-14742	-306	-2202	-71	-541	165	-247	129	641	129	82055364	
-3854	4850	-14396	-279	-1911	-115	-541	165	-247	130	646	130	82055413	
-3836	4459	-14214	-353	-1700	-336	-541	163	-245	131	651	131	82055413	
-3822	4098	-14312	-550	-1704	-597	-541	164	-245	132	656	132	82055414	
-3734	3518	-14459	-913	-1881	-756	-539	167	-243	133	661	133	82055414	
-3498	2996	-14832	-1399	-2203	-888	-540	166	-243	134	666	134	82055419	
-3476	2654	-14606	-1945	-2430	-1082	-544	164	-244	135	671	135	82055436	
-3566	2706	-13946	-2353	-2439	-1303	-544	164	-244	136	676	136	82055437	
-3486	2818	-13354	-2455	-2333	-1446	-544	166	-244	137	681	137	82055437	
-3214	3036	-13028	-2049	-2047	-1763	-544	166	-244	138	686	138	82055437	
-2682	3502	-13030	-1501	-1525	-2090	-541	167	-249	139	691	139	82055438	
-1777	4095	-13019	-965	-1049	-2644	-542	167	-250	140	696	140	82055438	
-1516	4546	-12984	-783	-1006	-3146	-544	168	-254	141	701	141	82055438	
-1514	4935	-12902	-783	-1375	-3621	-543	168	-252	142	706	142	82055439	
-1851	5046	-12662	-759	-1886	-4023	-541	167	-243	143	711	143	82055439	
-2219	4748	-12653	-665	-2551	-4338	-542	167	-245	144	716	144	82055445	
-2912	4445	-12595	-743	-3136	-4667	-545	169	-251	145	721	145	82055466	
-3557	4064	-12650	-917	-3690	-4898	-543	169	-251	146	726	146	82055466	
-3912	3855	-12691	-1156	-4076	-5087	-537	171	-249	147	731	147	82055467	
-3719	3756	-12477	-1331	-3946	-5287	-539	170	-249	148	736	148	82055467	
-3792	3498	-12171	-1396	-3539	-5503	-542	168	-248	149	741	149	82055468	
-4017	3231	-11848	-1367	-3224	-5694	-544	170	-246	150	746	150	82055469	
-4286	2789	-11606	-1256	-3261	-5719	-546	172	-244	151	751	151	82055469	
-4526	2393	-11438	-1239	-3701	-5509	-544	171	-244	152	756	152	82055470	
-4496	2151	-11515	-1274	-4334	-5202	-541	169	-245	153	761	153	82055470	
-4439	2392	-11535	-1379	-4860	-4944	-543	172	-247	154	766	154	82055470	
-4432	2677	-11604	-1381	-5270	-4692	-547	177	-251	155	771	155	82055477	
-4337	3013	-12157	-1107	-5510	-4429	-546	175	-250	156	776	156	82055489	
-4226	3302	-12831	-776	-5613	-4317	-544	168	-246	157	781	157	82055491	
-4435	3646	-13042	-649	-5880	-4326	-544	172	-247	158	786	158	82055492	
-4866	4120	-13329	-672	-6128	-4395	-545	177	-249	159	791	159	82055493	
-5572	4208	-13345	-931	-6345	-4390	-547	175	-250	160	796	160	82055523	
-6185	4394	-13204	-1146	-6505	-4422	-550	172	-252	161	801	161	82055566	
-6432	4398	-13279	-1311	-6360	-4601	-548	174	-249	162	806	162	82055567	
-6337	4232	-13308	-1587	-6023	-4719	-544	176	-244	163	811	163	82055568	
-6309	3805	-13026	-2111	-5984	-4725	-542	180	-248	164	816	164	82055569	
-6120	3354	-12917	-2542	-6216	-4480	-539	183	-251	165	821	165	82055569	
-6284	2822	-13039	-2799	-6536	-4310	-544	182	-248	166	826	166	82055570	
-6548	2914	-13082	-2851	-6890	-4193	-548	182	-246	167	831	167	82055570	
-6595	3156	-13246	-2606	-7065	-4194	-545	184	-249	168	836	168	82055571	
-6710	2627	-13670	-1981	-7169	-4157	-543	185	-251	169	841	169	82055572	
-6763	2605	-13921	-1416	-7150	-3990	-545	187	-252	170	846	170	82055586	
-6666	3439	-13991	-1203	-6788	-3981	-546	188	-252	171	851	171	82055612	
-6610	4096	-13944	-1217	-6390	-4052	-542	189	-249	172	856	172	82055623	
-6621	4577	-14021	-1296	-6316	-4090	-539	189	-247	173	861	173	82055624	
-6933	5418	-14117	-1549	-6552	-4166	-543	189	-246	174	866	174	82055624	
-7367	6364	-14196	-1927	-6952	-4208	-545	189	-245	175	871	175	82055624	
-7608	7040	-14161	-2393	-7400	-4186	-542	191	-250	176	876	176	82055625	
-7670	7358	-14029	-2861	-7758	-4218	-540	192	-254	177	881	177	82055625	
-7528	7368	-13805	-3305	-7994	-4282	-544	190	-250	178	886	178	82055625	
-7326	7222	-13536	-3744	-8147	-4418	-547	189	-247	179	891	179	82055626	
-7220	6815	-13370	-4046	-8184	-4603	-543	193	-248	180	896	180	82055626	
-7054	5767	-13375	-4062	-7998	-4703	-541	195	-249	181	901	181	82055659	
-7036	4985	-13150	-3793	-7607	-4660	-541	192	-255	182	906	182	82055694	
-7388	4484	-12887	-3284	-7190	-4584	-541	191	-257	183	911	183	82055701	
-7860	4422	-12825	-2638	-6781	-4467	-543	197	-250	184	916	184	82055701	
-8350	4905	-12984	-2023	-6441	-4353	-544	198	-248	185	921	185	82055702	
-8902	5720	-13426	-1421	-6230	-4250	-542	198	-253	186	926	186	82055702	
-9413	6524	-14380	-878	-6084	-4126	-542	198	-254	187	931	187	82055702	
-9872	7482	-15144	-612	-6069	-3975	-543	200	-252	188	936	188	82055703	
-10247	8276	-15415	-451	-6166	-3749	-543	201	-251	189	941	189	82055703	
-10492	8656	-15358	-511	-6360	-3414	-545	205	-249	190	946	190	82055703	
-10190	8816	-15204	-852	-6646	-3243	-545	205	-249	191	951	191	82055748	
-9943	8896	-15129	-1334	-7104	-3180	-547	205	-249	192	956	192	82055751	
-9806	8819	-14669	-1983	-7557	-3192	-547	205	-249	193	961	193	82055752	
-9598	8108	-14128	-2447	-7706	-3227	-547	203	-249	194	966	194	82055752	
-9216	7443	-13791	-2606	-7647	-3256	-547	203	-249	195	971	195	82055753	
-8911	6459	-13584	-2451	-7547	-3243	-544	205	-249	196	976	196	82055754	
-8608	5316	-13487	-2009	-7398	-3227	-543	205	-249	197	981	197	82055754	
-8000	4528	-13350	-1668	-7158	-3250	-546	210	-254	198	986	198	82055754	
-7812	4222	-13322	-1642	-6891	-3479	-546	210	-254	199	991	199	82055755	
-7966	3858	-13326	-1625	-6629	-3645	-542	212	-252	200	996	200	82055755	
-8050	3980	-13352	-1651	-6463	-3753	-542	212	-252	201	1001	201	82055755	
-8056	4170	-13468	-1487	-6418	-3718	-550	214	-250	202	1006	202	82055800	
-7904	4506	-13424	-1237	-6559	-3661	-550	214	-250	203	1011	203	82055800	
-7700	3964	-13088	-1198	-6817	-3570	-540	216	-256	204	1016	204	82055801	
-7748	4444	-12416	-1699	-7119	-3533	-540	216	-256	205	1021	205	82055801	
-8640	5588	-11601	-2612	-7530	-3520	-540	216	-254	206	1026	206	82055801	
-9600	6304	-11073	-3149	-7847	-3493	-541	216	-254	207	1031	207	82055802	
-10404	6356	-10956	-3378	-8023	-3339	-546	214	-254	208	1036	208	82055802	
-10835	5846	-10974	-3332	-7956	-3063	-545	214	-253	209	1041	209	82055803	
-11000	5328	-11062	-3213	-7728	-2784	-540	216	-250	210	1046	210	82055803	
-10952	4550	-11032	-2902	-7366	-2495	-540	216	-250	211	1051	211	82055803	
-10876	3780	-10950	-2488	-6991	-2251	-544	222	-248	212	1056	212	82055804	
-10576	3192	-10742	-2086	-6758	-2051	-544	222	-248	213	1061	213	82055804	
-10140	2784	-10628	-1854	-6747	-1941	-547	221	-255	214	1066	214	82055804	
-9630	2604	-10438	-2032	-6970	-1965	-546	222	-253	215	1071	215	82055825	
-9424	2694	-10475	-2388	-7323	-2028	-542	224	-246	216	1076	216	82055826	
-9489	2903	-10636	-2704	-7727	-2058	-542	224	-248	217	1081	217	82055827	
-9611	2893	-10696	-2936	-8063	-2117	-541	225	-255	218	1086	218	82055827	
-9736	2806	-10877	-3086	-8306	-2189	-541	226	-255	219	1091	219	82055828	
-9730	2548	-11082	-3132	-8403	-2269	-543	231	-253	220	1096	220	82055828	
-9714	2454	-11184	-3128	-8362	-2391	-544	230	-252	221	1101	221	82055828	
-9669	2392	-11342	-3023	-8180	-2529	-546	226	-250	222	1106	222	82055835	
-9385	2541	-11392	-2843	-7952	-2717	-550	228	-251	223	1111	223	82055851	
-9084	2993	-11183	-2731	-7787	-2930	-555	231	-253	224	1116	224	82055852	
-8926	3546	-11033	-2673	-7709	-3213	-551	234	-253	225	1121	225	82055852	
-8964	3864	-10864	-2746	-7680	-3532	-544	238	-252	226	1126	226	82055863	
-9308	4068	-10609	-3035	-7705	-3846	-544	236	-252	227	1131	227	82055877	
-9901	3837	-10383	-3446	-7730	-4056	-543	233	-251	228	1136	228	82055904	
-10688	3452	-10197	-3853	-7697	-4185	-544	233	-250	229	1141	229	82055957	
-11502	2772	-9979	-4258	-7595	-4212	-546	234	-246	230	1146	230	82055958	
-12152	2176	-9565	-4537	-7320	-4089	-547	235	-247	231	1151	231	82055958	
-12529	1836	-9284	-4477	-6910	-3877	-549	239	-251	232	1156	232	82055959	
-12386	1487	-9177	-4064	-6497	-3676	-552	238	-250	233	1161	233	82055959	
-11744	1275	-9252	-3506	-6130	-3491	-557	237	-249	234	1166	234	82055960	
-10821	1290	-9550	-2948	-6019	-3359	-553	238	-251	235	1171	235	82055960	
-9848	1582	-9914	-2552	-6296	-3252	-547	239	-255	236	1176	236	82055960	
-8976	2224	-10320	-2326	-6941	-3213	-549	243	-253	237	1181	237	82055961	
-8334	3203	-10686	-2223	-7749	-3283	-553	249	-251	238	1186	238	82055961	
-8027	4063	-10950	-2269	-8605	-3459	-550	245	-251	239	1191	239	82055962	
-8182	4477	-11156	-2548	-9290	-3700	-547	241	-251	240	1196	240	82055962	
-8643	4481	-11136	-3017	-9660	-3977	-547	245	-244	241	1201	241	82055962	
-9003	4088	-11034	-3594	-9813	-4234	-547	247	-239	242	1206	242	82055991	
-9494	3556	-10695	-4152	-9707	-4468	-549	248	-244	243	1211	243	82056010	
-10120	2974	-10285	-4614	-9420	-4627	-551	249	-247	244	1216	244	82056010	
-10816	2311	-9877	-4968	-9074	-4708	-553	254	-245	245	1221	245	82056011	
-11478	1700	-9659	-5187	-8759	-4733	-555	257	-243	246	1226	246	82056011	
-12228	1103	-9526	-5318	-8403	-4721	-553	258	-243	247	1231	247	82056012	
-13033	678	-9207	-5378	-8062	-4660	-550	258	-242	248	1236	248	82056012	
-13672	456	-8878	-5356	-7810	-4532	-545	257	-241	249	1241	249	82056012	
-14152	503	-8651	-5273	-7526	-4347	-541	257	-241	250	1246	250	82056013	
-14428	865	-8525	-5106	-7218	-4121	-545	257	-241	251	1251	251	82056013	
-14553	1345	-8491	-4825	-6986	-3814	-547	257	-241	252	1256	252	82056014	
-14332	1661	-8607	-4454	-6920	-3435	-552	259	-245	253	1261	253	82056026	
-13751	1924	-8764	-4117	-7084	-3076	-556	260	-248	254	1266	254	82056034	
-13015	2130	-8946	-3873	-7554	-2790	-550	262	-246	255	1271	255	82056034	
-12297	2233	-9220	-3695	-8335	-2656	-546	264	-244	256	1276	256	82056035	
-11872	2293	-9356	-3649	-9015	-2704	-548	266	-241	257	1281	257	82056035	
-11565	2357	-9384	-3587	-9542	-2827	-548	266	-240	258	1286	258	82056036	
-11386	2426	-9200	-3718	-9996	-2966	-546	266	-242	259	1291	259	82056036	
-11310	2395	-8984	-4050	-10366	-3171	-546	266	-242	260	1296	260	82056036	
-11580	2334	-8526	-4629	-10557	-3398	-549	266	-239	261	1301	261	82056037	
-12180	2056	-8184	-5387	-10582	-3550	-550	266	-238	262	1306	262	82056037	
-12874	1779	-7962	-6145	-10495	-3560	-548	268	-236	263	1311	263	82056038	
-13720	1422	-7748	-6723	-10335	-3452	-547	269	-235	264	1316	264	82056038	
-14355	1162	-7653	-6962	-10026	-3298	-553	270	-234	265	1321	265	82056056	
-14854	994	-7386	-6881	-9623	-3108	-554	270	-234	266	1326	266	82056060	
-15244	695	-7202	-6639	-9267	-2890	-549	272	-237	267	1331	267	82056062	
-15699	654	-7076	-6397	-9033	-2702	-548	272	-238	268	1336	268	82056080	
-16095	617	-6918	-6105	-8873	-2531	-550	274	-236	269	1341	269	82056086	
-16480	771	-6833	-5766	-8725	-2394	-551	275	-235	270	1346	270	82056086	
-16704	978	-6830	-5459	-8696	-2244	-552	274	-231	271	1351	271	82056086	
-16665	1191	-6890	-5174	-8837	-2134	-552	274	-230	272	1356	272	82056087	
-16374	1522	-6736	-5030	-9162	-2114	-552	278	-238	273	1361	273	82056088	
-16032	1894	-6612	-5190	-9542	-2287	-552	278	-238	274	1366	274	82056088	
-15726	1956	-6376	-5545	-9888	-2588	-556	286	-232	275	1371	275	82056088	
-15656	2220	-6194	-6236	-10099	-2970	-556	286	-232	276	1376	276	82056089	
-15770	2078	-6348	-6878	-10318	-3339	-552	284	-230	277	1381	277	82056090	
-15916	2254	-6430	-7650	-10451	-3560	-552	284	-230	278	1386	278	82056091	
-15728	2448	-6458	-8205	-10438	-3763	-563	289	-231	279	1391	279	82056162	
-15458	2746	-6246	-8490	-10309	-3938	-563	289	-231	280	1396	280	82056162	
-14766	2707	-6309	-8558	-10258	-4093	-562	288	-226	281	1401	281	82056163	
-14514	2770	-6366	-8545	-10135	-4310	-562	288	-226	282	1406	282	82056163	
-14552	2814	-6196	-8504	-10077	-4556	-555	295	-231	283	1411	283	82056163	
-14678	3092	-5814	-8310	-10282	-4709	-555	295	-231	284	1416	284	82056164	
-14446	2944	-5702	-8010	-10697	-4775	-561	295	-223	285	1421	285	82056191	
-14408	3534	-5612	-7894	-11227	-4800	-561	295	-223	286	1426	286	82056191	
-14248	3596	-5668	-7513	-11825	-4826	-555	295	-223	287	1431	287	82056192	
-14402	3618	-5816	-7200	-12398	-4887	-555	295	-223	288	1436	288	82056192	
-14002	3358	-5998	-7186	-13067	-4877	-556	298	-222	289	1441	289	82056193	
-13917	3295	-5683	-7564	-13723	-5065	-556	296	-223	290	1446	290	82056193	
-13834	3071	-5402	-7798	-14176	-5150	-556	288	-226	291	1451	291	82056193	
-13653	2851	-5163	-7922	-14475	-5180	-557	291	-225	292	1456	292	82056194	
-14227	2733	-5082	-7948	-14774	-5245	-559	301	-221	293	1461	293	82056195	
-14473	2465	-5096	-8017	-14994	-5164	-560	300	-220	294	1466	294	82056195	
-14444	2163	-4958	-8135	-14946	-5130	-562	298	-218	295	1471	295	82056195	
-14056	1865	-5000	-8281	-14911	-5168	-561	299	-218	296	1476	296	82056196	
-13427	1414	-5267	-8462	-15148	-5202	-557	305	-217	297	1481	297	82056196	
-12998	1387	-5525	-8699	-15535	-5307	-557	307	-215	298	1486	298	82056197	
-13006	1783	-5567	-8965	-15723	-5422	-556	310	-212	299	1491	299	82056197	
-13013	2496	-5522	-9219	-15776	-5430	-559	313	-211	300	1496	300	82056212	
-13077	3233	-5604	-9379	-15697	-5431	-566	318	-210	301	1501	301	82056243	
-13659	3682	-5676	-9513	-15324	-5492	-564	317	-209	302	1506	302	82056245	
-14444	3876	-5400	-9529	-14752	-5443	-558	314	-204	303	1511	303	82056245	
-15199	3987	-4853	-9431	-14353	-5435	-559	316	-205	304	1516	304	82056246	
-16047	4054	-4051	-9217	-13910	-5273	-563	325	-209	305	1521	305	82056246	
-16457	3466	-3561	-8914	-13465	-5047	-563	324	-207	306	1526	306	82056246	
-16921	3235	-2743	-8890	-12654	-4954	-562	322	-202	307	1531	307	82056247	
-17124	3302	-1812	-8906	-12256	-4938	-560	323	-201	308	1536	308	82056247	
-17422	2755	-1046	-8782	-12225	-4913	-558	324	-200	309	1541	309	82056247	
-17684	1807	-392	-8722	-12692	-4887	-562	325	-200	310	1546	310	82056256	
-17999	1197	101	-8658	-13719	-4943	-569	327	-199	311	1551	311	82056280	
-18348	386	137	-8587	-15148	-4931	-567	327	-197	312	1556	312	82056297	
-18847	-247	-188	-8588	-16501	-4916	-564	326	-194	313	1561	313	82056298	
-19522	-512	-947	-8513	-17369	-5022	-565	331	-193	314	1566	314	82056298	
-19992	-415	-1624	-8323	-17402	-5272	-566	336	-192	315	1571	315	82056299	
-20250	397	-1615	-8190	-16579	-5598	-564	333	-191	316	1576	316	82056299	
-19939	1481	-989	-7918	-15440	-5745	-563	331	-191	317	1581	317	82056300	
-19184	2605	89	-7655	-14644	-5717	-562	332	-188	318	1586	318	82056300	
-18460	3777	1136	-7411	-14337	-5754	-560	332	-184	319	1591	319	82056300	
-17919	4812	1766	-7100	-14679	-5921	-560	333	-185	320	1596	320	82056300	
-17544	5396	2102	-6868	-15472	-6149	-559	335	-187	321	1601	321	82056320	
-17380	5710	2478	-6864	-16449	-6506	-563	337	-184	322	1606	322	82056359	
-17521	5662	3076	-6899	-17495	-6818	-567	339	-181	323	1611	323	82056371	
-17757	4897	3050	-6832	-18436	-6976	-562	343	-178	324	1616	324	82056373	
-18063	4054	2877	-6968	-18931	-7065	-558	346	-176	325	1621	325	82056373	
-18595	3500	2781	-6913	-18978	-7084	-558	345	-171	326	1626	326	82056390	
-19260	2585	2075	-6533	-18442	-6968	-558	344	-168	327	1631	327	82056403	
-19696	1846	1581	-6251	-17133	-6622	-560	346	-168	328	1636	328	82056403	
-20016	1301	1396	-6006	-15691	-5948	-562	348	-168	329	1641	329	82056404	
-20092	814	1312	-5755	-14602	-5012	-560	347	-166	330	1646	330	82056404	
-19628	252	1343	-5591	-13832	-3803	-559	347	-165	331	1651	331	82056404	
-19164	-290	816	-5433	-13353	-2967	-561	350	-162	332	1656	332	82056405	
-18759	-379	588	-5388	-13099	-2303	-561	351	-161	333	1661	333	82056405	
-18280	-555	734	-5439	-13289	-1759	-559	352	-167	334	1666	334	82056407	
-17503	-446	1128	-5715	-13963	-1427	-558	352	-168	335	1671	335	82056409	
-17022	500	2251	-5966	-14675	-1317	-556	355	-163	336	1676	336	82056409	
-16993	1618	3295	-6066	-15691	-1177	-555	357	-161	337	1681	337	82056410	
-17364	2196	3814	-6193	-16913	-989	-557	358	-158	338	1686	338	82056411	
-18054	2919	4298	-6742	-17925	-845	-558	358	-156	339	1691	339	82056423	
-17959	3237	4817	-7455	-18126	-963	-553	361	-153	340	1696	340	82056428	
-18108	3482	5642	-8075	-17603	-1228	-552	362	-152	341	1701	341	82056430	
-17583	3200	6226	-8432	-16906	-1580	-558	363	-150	342	1706	342	82056448	
-17272	2761	6494	-8527	-15979	-2071	-559	363	-149	343	1711	343	82056453	
-17566	2758	6970	-8705	-15264	-2517	-557	361	-147	344	1716	344	82056454	
-15887	2073	6755	-8791	-14762	-2605	-556	360	-146	345	1721	345	82056455	
-16832	3506	7082	-9276	-14019	-2880	-557	366	-139	346	1726	346	82056455	
-17375	3775	8032	-9422	-14283	-1963	-557	367	-137	347	1731	347	82056455	
-17616	3414	7246	-8288	-15377	-868	-562	364	-138	348	1736	348	82056531	
-18228	4024	6670	-8080	-15674	-357	-562	364	-138	349	1741	349	82056532	
-18390	3910	6210	-7461	-15728	27	-559	363	-139	350	1746	350	82056533	
-18494	3628	5660	-6565	-16214	142	-559	363	-139	351	1751	351	82056534	
-18440	3596	5384	-5803	-16909	59	-564	364	-132	352	1756	352	82056535	
-18050	2826	5356	-4663	-17267	-121	-564	364	-132	353	1761	353	82056535	
-19143	2643	5453	-3862	-17338	-367	-567	363	-131	354	1766	354	82056535	
-18818	1379	5869	-3234	-16959	-415	-567	363	-131	355	1771	355	82056536	
-17770	1060	7264	-2909	-16264	-1140	-559	369	-125	356	1776	356	82056536	
-16944	606	7938	-3059	-16401	-1679	-559	369	-125	357	1781	357	82056536	
-16560	360	8832	-3760	-16772	-2108	-560	368	-124	358	1786	358	82056537	
-16432	-480	9254	-4478	-17395	-2494	-560	368	-124	359	1791	359	82056538	
-16326	-986	8816	-4922	-18166	-2612	-557	371	-113	360	1796	360	82056538	
-15674	-1698	9050	-5459	-18529	-2721	-557	371	-113	361	1801	361	82056539	
-15534	-2370	9256	-5675	-18873	-2847	-556	366	-112	362	1806	362	82056540	
-15690	-2880	9386	-5749	-19436	-2810	-556	366	-112	363	1811	363	82056583	
-16466	-3130	9462	-5713	-19852	-2757	-560	368	-114	364	1816	364	82056583	
-17016	-3376	9781	-5848	-20016	-2579	-560	369	-112	365	1821	365	82056584	
-17163	-2996	10386	-5966	-19765	-2535	-558	374	-106	366	1826	366	82056584	
-17281	-2600	11049	-6143	-19326	-2513	-558	373	-105	367	1831	367	82056588	
-17495	-2163	11588	-6443	-18840	-2453	-557	371	-103	368	1836	368	82056605	
-17580	-1702	12081	-6887	-17983	-2392	-558	371	-102	369	1841	369	82056612	
-17708	-1392	12638	-7409	-16943	-2370	-564	372	-100	370	1846	370	82056634	
-17892	-1077	13051	-8009	-15926	-2384	-562	372	-99	371	1851	371	82056635	
-17654	-1030	13196	-8532	-14899	-2408	-554	374	-94	372	1856	372	82056635	
-17209	-864	13419	-9264	-13245	-2073	-555	374	-93	373	1861	373	82056636	
-16864	-936	13649	-9818	-11901	-1753	-560	374	-88	374	1866	374	82056638	
-16643	-1258	13774	-10357	-10718	-1355	-559	374	-88	375	1871	375	82056639	
-15937	-1228	13786	-10759	-9533	-878	-556	374	-88	376	1876	376	82056640	
-15174	-1219	13566	-10945	-8333	-490	-556	374	-88	377	1881	377	82056640	
-14714	-1470	13641	-10984	-7169	-109	-554	374	-86	378	1886	378	82056641	
-14336	-1652	13673	-10798	-6283	234	-556	373	-86	379	1891	379	82056641	
-13684	-1410	13871	-10609	-5882	541	-563	369	-87	380	1896	380	82056642	
-13733	-1410	13234	-10414	-5802	894	-561	370	-86	381	1901	381	82056643	
-13950	-1119	12630	-10356	-5433	1087	-555	373	-83	382	1906	382	82056644	
-13618	-740	12431	-10511	-4882	1270	-558	372	-82	383	1911	383	82056650	
-13165	-304	12217	-10566	-4629	1347	-563	371	-81	384	1916	384	82056669	
-13383	-232	10966	-10550	-4571	1410	-561	371	-77	385	1921	385	82056686	
-13150	-278	11034	-10846	-3966	1561	-558	372	-72	386	1926	386	82056687	
-12652	-90	11550	-11129	-3568	1472	-556	373	-74	387	1931	387	82056688	
-12113	-396	11233	-11481	-3612	1423	-554	374	-76	388	1936	388	82056689	
-11650	-598	11625	-12071	-3579	1429	-558	373	-77	389	1941	389	82056690	
-11423	-331	11434	-12366	-3557	1561	-561	371	-77	390	1946	390	82056692	
-11098	-893	11465	-12511	-3491	1891	-563	371	-75	391	1951	391	82056693	
-11005	-1918	11909	-12664	-3716	2085	-565	371	-71	392	1956	392	82056694	
-11509	-1056	11569	-12813	-4183	2260	-562	373	-73	393	1961	393	82056695	
-11737	-1150	11639	-12773	-4139	3076	-557	377	-75	394	1966	394	82056697	
-10382	-3002	13466	-12536	-4410	3158	-560	374	-73	395	1971	395	82056698	
-9110	-3311	14919	-12408	-6277	2259	-565	369	-69	396	1976	396	82056714	
-9601	-2754	12025	-11953	-8986	2313	-562	369	-69	397	1981	397	82056737	
-13183	-486	7384	-11752	-9201	3316	-559	369	-69	398	1986	398	82056739	
-6285	-1097	7809	-11417	-7127	3433	-559	370	-64	399	1991	399	82056739	
-5679	-2040	9184	-11885	-9054	2828	-559	371	-61	400	1996	400	82056754	
-12244	-2853	9050	-12414	-10506	3681	-561	371	-67	401	2001	401	82056779	
-15850	-3162	9757	-12270	-8611	4780	-563	371	-71	402	2006	402	82056789	
-16686	-2978	11392	-12158	-5944	5179	-564	371	-67	403	2011	403	82056790	
-15700	-2706	12687	-12167	-3790	5381	-565	371	-65	404	2016	404	82056790	
-13873	-2533	13022	-12006	-2402	5513	-570	365	-61	405	2021	405	82056790	
-11897	-2233	12567	-12194	-1534	5736	-573	361	-59	406	2026	406	82056791	
-10601	-2008	12923	-12848	-1108	5931	-566	367	-58	407	2031	407	82056791	
-9986	-2107	12427	-12918	-1322	6049	-564	368	-58	408	2036	408	82056792	
-9944	-2072	11938	-13160	-1716	6141	-563	367	-58	409	2041	409	82056792	
-10129	-1888	11880	-13591	-1758	6285	-562	366	-58	410	2046	410	82056793	
-10396	-1684	11930	-14036	-1555	6546	-559	364	-57	411	2051	411	82056793	
-10702	-1390	12014	-14381	-1248	6887	-557	363	-57	412	2056	412	82056794	
-11023	-1272	12032	-14344	-925	7208	-559	361	-56	413	2061	413	82056807	
-10987	-1187	12037	-14140	-465	7453	-561	359	-55	414	2066	414	82056816	
-10733	-949	12166	-14375	-77	7612	-563	360	-53	415	2071	415	82056816	
-10431	-812	12046	-14433	6	7751	-564	360	-52	416	2076	416	82056817	
-10085	-630	11808	-14240	-103	7805	-574	360	-54	417	2081	417	82056817	
-9716	-492	11656	-14085	-131	7826	-576	360	-54	418	2086	418	82056818	
-9340	-641	11560	-14134	-225	7913	-573	360	-56	419	2091	419	82056819	
-9083	-762	11307	-14224	-364	7956	-572	360	-56	420	2096	420	82056836	
-8875	-832	10854	-14296	-458	7927	-569	357	-56	421	2101	421	82056841	
-8940	-743	10479	-14624	-495	7841	-568	356	-56	422	2106	422	82056841	
-8970	-1012	10220	-15163	-220	7939	-573	351	-51	423	2111	423	82056841	
-8888	-1176	10172	-15642	-155	7870	-573	351	-51	424	2116	424	82056842	
-8796	-1208	10248	-15933	-243	7713	-573	361	-51	425	2121	425	82056867	
-8900	-1154	10088	-15673	-96	7451	-573	361	-51	426	2126	426	82056868	
-8868	-1372	9828	-15315	165	7437	-576	356	-48	427	2131	427	82056932	
-8753	-1578	9616	-15006	455	7507	-577	355	-47	428	2136	428	82056945	
-8596	-1314	9430	-14848	891	7608	-575	357	-47	429	2141	429	82056946	
-8286	-1486	9517	-14610	1451	7714	-575	357	-47	430	2146	430	82056946	
-8038	-1388	9424	-13812	1883	7737	-584	348	-48	431	2151	431	82056946	
-7816	-1552	9188	-12906	1910	7775	-584	348	-48	432	2156	432	82056947	
-7528	-1544	9042	-12337	1712	7950	-572	354	-46	433	2161	433	82056947	
-7430	-1806	8906	-12299	1241	7954	-572	354	-46	434	2166	434	82056948	
-7404	-1922	8812	-12467	573	7903	-577	351	-47	435	2171	435	82056948	
-7432	-2284	8916	-13008	11	7901	-577	351	-47	436	2176	436	82056948	
-7548	-2382	9406	-13458	-520	7946	-581	353	-43	437	2181	437	82056949	
-7734	-2920	9708	-13558	-1214	8050	-581	353	-43	438	2186	438	82056949	
-8014	-2944	9986	-13635	-2070	8087	-577	355	-43	439	2191	439	82056949	
-8114	-3163	10153	-13622	-2964	8072	-577	354	-42	440	2196	440	82056960	
-8602	-3041	10403	-13510	-3563	8055	-578	352	-40	441	2201	441	82057001	
-8883	-2741	10708	-13450	-4041	8304	-579	351	-40	442	2206	442	82057003	
-9022	-2611	10982	-13347	-4330	8552	-585	345	-39	443	2211	443	82057003	
-9127	-2448	11240	-13003	-4490	8624	-584	346	-39	444	2216	444	82057004	
-9332	-2258	11422	-12552	-4541	8624	-579	349	-37	445	2221	445	82057004	
-9440	-2202	11350	-11919	-4451	8805	-579	349	-37	446	2226	446	82057005	
-9522	-2260	11118	-11352	-4189	8908	-586	346	-34	447	2231	447	82057005	
-9650	-2104	10619	-11172	-3235	8808	-586	346	-34	448	2236	448	82057006	
-9530	-1902	10256	-11175	-1886	8824	-585	347	-35	449	2241	449	82057006	
-9350	-1539	9883	-11115	-369	8823	-585	347	-35	450	2246	450	82057007	
-9528	-1020	9392	-10866	878	8870	-584	346	-34	451	2251	451	82057007	
-9378	-629	8675	-10209	1847	9218	-584	345	-33	452	2256	452	82057008	
-9088	-570	8044	-9427	2642	9400	-585	343	-31	453	2261	453	82057011	
-8848	-797	7160	-8534	3346	9171	-586	344	-31	454	2266	454	82057024	
-8427	-1220	6579	-7674	4051	8795	-588	348	-30	455	2271	455	82057024	
-7947	-1443	6610	-7053	4679	8288	-589	349	-31	456	2276	456	82057025	
-7558	-1669	7130	-6525	4569	7738	-591	351	-33	457	2281	457	82057025	
-7429	-1612	7703	-6127	3553	7352	-591	348	-33	458	2286	458	82057025	
-7324	-1507	8393	-5799	2033	7130	-590	344	-32	459	2291	459	82057026	
-7312	-1490	9096	-5534	630	6933	-590	344	-32	460	2296	460	82057026	
-7556	-1506	9794	-5455	-299	6716	-590	344	-32	461	2301	461	82057038	
-7914	-1391	10509	-5731	-725	6571	-592	344	-32	462	2306	462	82057055	
-8282	-1290	11215	-6282	-753	6452	-596	344	-32	463	2311	463	82057055	
-8738	-1262	11944	-7253	-212	6341	-595	343	-30	464	2316	464	82057056	
-9325	-1221	12934	-8725	784	6341	-593	339	-25	465	2321	465	82057056	
-10141	-1021	13480	-10080	1767	6372	-592	340	-27	466	2326	466	82057057	
-10955	-828	13752	-11062	2875	6528	-591	341	-29	467	2331	467	82057057	
-11707	-682	13748	-11263	4192	6604	-593	340	-30	468	2336	468	82057058	
-12387	-584	13334	-10553	5841	6400	-597	339	-31	469	2341	469	82057058	
-12887	-462	12688	-9135	7812	5989	-597	343	-31	470	2346	470	82057059	
-13049	-302	11937	-7470	9757	5504	-598	350	-32	471	2351	471	82057059	
-12760	-289	10985	-5768	11567	4982	-598	349	-34	472	2356	472	82057069	
-12109	-292	10044	-4081	13014	4400	-598	348	-36	473	2361	473	82057108	
-11403	-288	9090	-2509	13895	3700	-599	347	-37	474	2366	474	82057146	
-10776	-563	8113	-1080	14323	3065	-600	346	-38	475	2371	475	82057159	
-10401	-1248	7294	-37	14412	2549	-598	347	-34	476	2376	476	82057159	
-10222	-2048	6869	461	14155	2072	-596	348	-32	477	2381	477	82057160	
-10107	-2768	7103	405	13435	1667	-602	344	-37	478	2386	478	82057162	
-10342	-3194	7724	-86	12205	1327	-606	342	-40	479	2391	479	82057164	
-10905	-3344	8459	-787	10644	1089	-603	346	-39	480	2396	480	82057166	
-11655	-3399	9364	-1494	9253	888	-601	349	-39	481	2401	481	82057167	
-12426	-3532	10226	-1897	8487	663	-599	349	-38	482	2406	482	82057169	
-13195	-3790	10771	-1857	8511	414	-597	349	-37	483	2411	483	82057192	
-13843	-4146	10923	-1582	9102	176	-602	346	-42	484	2416	484	82057209	
-14284	-4390	10742	-1358	9887	36	-606	344	-46	485	2421	485	82057210	
-14434	-4438	10295	-1270	10651	-9	-604	346	-44	486	2426	486	82057211	
-14332	-4446	9616	-1171	11267	33	-602	348	-42	487	2431	487	82057211	
-14050	-4438	8968	-922	11768	119	-601	346	-43	488	2436	488	82057212	
-13584	-4459	8334	-434	12164	186	-600	344	-44	489	2441	489	82057212	
-13153	-4467	7595	-26	12094	192	-602	348	-46	490	2446	490	82057213	
-13235	-4543	7436	-41	11789	-50	-603	349	-47	491	2451	491	82057213	
-13434	-4309	7404	-116	11417	-207	-603	352	-52	492	2456	492	82057214	
-13741	-4108	7554	-117	11044	-390	-603	353	-53	493	2461	493	82057216	
-13960	-3988	7154	44	10600	-483	-600	351	-58	494	2466	494	82057217	
-14028	-4000	6674	-2	10066	-583	-599	351	-59	495	2471	495	82057218	
-14177	-3890	6388	-295	9320	-793	-605	357	-54	496	2476	496	82057228	
-14370	-3862	6471	-826	8673	-1042	-607	359	-53	497	2481	497	82057231	
-14642	-3810	6834	-1362	7944	-1275	-600	354	-60	498	2486	498	82057261	
-15140	-3823	7081	-1546	7566	-1395	-600	354	-60	499	2491	499	82057261	
-15805	-3708	7548	-1795	7259	-1440	-604	356	-58	500	2496	500	82057262	
-16640	-3881	7951	-1953	7197	-1413	-605	357	-57	501	2501	501	82057262	
-17374	-4084	8322	-2012	7370	-1279	-603	355	-59	502	2506	502	82057263	
-18000	-4469	8415	-2010	7684	-1110	-603	355	-59	503	2511	503	82057263	
-18581	-4615	8450	-2071	8037	-926	-605	353	-57	504	2516	504	82057264	
-19006	-4568	8434	-2126	8418	-675	-605	353	-57	505	2521	505	82057265	
-19264	-4636	8248	-2187	8895	-356	-607	357	-61	506	2526	506	82057265	
-19282	-4458	8104	-2226	9285	-175	-607	357	-61	507	2531	507	82057266	
-18980	-4212	7860	-2252	9559	-95	-601	353	-63	508	2536	508	82057266	
-18872	-3888	7620	-2338	9631	-86	-601	353	-63	509	2541	509	82057335	
-18770	-3430	7432	-2433	9486	-41	-615	353	-75	510	2546	510	82057339	
-18908	-3248	7396	-2487	9250	-44	-615	353	-75	511	2551	511	82057339	
-19396	-3016	7172	-2559	9026	-87	-601	355	-65	512	2556	512	82057339	
-19876	-2782	6970	-2672	8840	-69	-601	355	-65	513	2561	513	82057340	
-20612	-2844	6962	-2737	8884	-64	-609	361	-73	514	2566	514	82057340	
-21446	-2954	6648	-2676	9046	-58	-609	360	-73	515	2571	515	82057340	
-22089	-2993	6344	-2694	9349	-143	-609	355	-71	516	2576	516	82057341	
-22354	-3068	6554	-2816	9623	-241	-609	355	-71	517	2581	517	82057341	
-22248	-3024	7000	-2963	9637	-356	-611	359	-71	518	2586	518	82057342	
-21844	-2874	7436	-3115	9256	-511	-611	359	-71	519	2591	519	82057342	
-21302	-2802	7688	-3127	8686	-670	-613	355	-75	520	2596	520	82057392	
-21172	-2954	7774	-3029	8161	-930	-613	355	-75	521	2601	521	82057393	
-21166	-2932	7712	-2834	7631	-1067	-611	355	-73	522	2606	522	82057393	
-22314	-2961	7668	-2725	7052	-1204	-610	357	-74	523	2611	523	82057394	
-23151	-2961	7834	-2619	6905	-1179	-605	363	-79	524	2616	524	82057394	
-23755	-2685	7876	-2562	6928	-1116	-606	363	-78	525	2621	525	82057394	
-24327	-2446	7645	-2651	7213	-1098	-609	361	-75	526	2626	526	82057395	
-24399	-1988	7655	-2830	7768	-996	-608	360	-76	527	2631	527	82057397	
-24246	-1774	7010	-2762	8202	-799	-604	354	-80	528	2636	528	82057397	
-23844	-1326	6869	-2909	8605	-675	-605	356	-82	529	2641	529	82057397	
-23555	-756	7114	-3021	8959	-634	-608	362	-88	530	2646	530	82057398	
-23951	-656	6168	-2955	8950	-477	-608	362	-86	531	2651	531	82057398	
-24429	-360	5627	-3388	8720	-317	-609	363	-79	532	2656	532	82057404	
-24695	-327	4867	-3524	8279	-155	-609	363	-83	533	2661	533	82057412	
-24486	62	4589	-3613	7960	42	-608	362	-88	534	2666	534	82057413	
-24005	364	4424	-3435	7895	221	-609	361	-87	535	2671	535	82057414	
-23663	621	3933	-3118	7817	417	-611	359	-85	536	2676	536	82057414	
-23376	1136	3543	-2993	7633	639	-610	359	-85	537	2681	537	82057415	
-22762	1500	3251	-2862	7540	828	-605	361	-85	538	2686	538	82057415	
-22111	1892	3211	-2772	7418	972	-605	361	-85	539	2691	539	82057423	
-21868	1748	2804	-2410	7126	1182	-604	362	-86	540	2696	540	82057445	
-21418	1596	2180	-2171	6740	1388	-606	361	-85	541	2701	541	82057455	
-21132	1496	1642	-2266	6465	1437	-608	360	-84	542	2706	542	82057468	
-20894	1542	1433	-2517	6295	1505	-609	360	-83	543	2711	543	82057469	
-20501	1576	1214	-2586	6114	1582	-611	361	-81	544	2716	544	82057469	
-20098	1624	1056	-2573	5950	1571	-610	359	-84	545	2721	545	82057469	
-19558	1656	831	-2626	5792	1504	-609	357	-89	546	2726	546	82057470	
-18897	1425	648	-2703	5649	1388	-610	359	-91	547	2731	547	82057471	
-18398	1130	514	-2732	5445	1230	-610	360	-92	548	2736	548	82057471	
-18092	965	350	-2728	5112	1294	-606	358	-91	549	2741	549	82057471	
-17741	778	175	-2816	4563	1493	-603	357	-91	550	2746	550	82057472	
-17366	592	59	-2876	4084	1567	-607	359	-87	551	2751	551	82057472	
-16998	492	28	-2876	3697	1671	-609	361	-85	552	2756	552	82057472	
-16717	453	73	-2868	3371	1777	-609	357	-88	553	2761	553	82057473	
-16500	434	93	-2841	3074	1793	-609	353	-91	554	2766	554	82057481	
-16260	314	128	-2825	2779	1761	-611	356	-91	555	2771	555	82057523	
-15908	68	225	-2931	2413	1795	-613	361	-91	556	2776	556	82057571	
-15559	-48	157	-3147	1895	1834	-611	360	-90	557	2781	557	82057574	
-15464	-330	90	-3330	1484	1847	-609	359	-89	558	2786	558	82057574	
-15384	-707	33	-3597	1228	1851	-608	359	-89	559	2791	559	82057575	
-15165	-828	-40	-4087	1050	1725	-607	359	-89	560	2796	560	82057575	
-14958	-839	59	-4626	748	1523	-611	359	-89	561	2801	561	82057575	
-15026	-879	222	-4997	289	1377	-613	359	-89	562	2806	562	82057576	
-15090	-766	371	-5318	-209	1446	-614	360	-91	563	2811	563	82057576	
-14978	-1102	469	-5691	-800	1656	-614	360	-92	564	2816	564	82057576	
-14840	-1360	493	-6029	-1325	1585	-610	361	-88	565	2821	565	82057577	
-14782	-1168	1035	-6378	-1765	1350	-609	361	-87	566	2826	566	82057577	
-14729	-1077	1346	-6363	-2204	1214	-616	355	-93	567	2831	567	82057578	
-14584	-1018	1521	-6219	-2627	1120	-618	354	-94	568	2836	568	82057578	
-14388	-872	1484	-5882	-2941	967	-609	355	-88	569	2841	569	82057578	
-14511	-712	1484	-5580	-3370	822	-607	355	-87	570	2846	570	82057592	
-14492	-664	1395	-5592	-3742	850	-610	354	-86	571	2851	571	82057616	
-14506	-558	1272	-5793	-3902	819	-612	354	-86	572	2856	572	82057640	
-14656	-402	1341	-6218	-3695	666	-611	359	-84	573	2861	573	82057649	
-14677	-302	1393	-6699	-3290	473	-611	361	-83	574	2866	574	82057649	
-14526	-390	1722	-7081	-2679	252	-613	360	-79	575	2871	575	82057650	
-14509	-240	1990	-7121	-1965	21	-614	360	-78	576	2876	576	82057650	
-14292	-23	2330	-7069	-1339	-3	-614	358	-81	577	2881	577	82057651	
-14010	129	2543	-7034	-1059	17	-614	358	-82	578	2886	578	82057652	
-13840	86	2647	-6978	-1086	18	-615	359	-84	579	2891	579	82057653	
-13710	10	2840	-6920	-1123	5	-615	359	-85	580	2896	580	82057653	
-13618	-138	2946	-6819	-1177	-52	-616	358	-80	581	2901	581	82057653	
-13918	-282	2606	-6561	-1249	-88	-616	358	-80	582	2906	582	82057654	
-14074	-352	2118	-6424	-1168	-28	-612	356	-78	583	2911	583	82057654	
-14238	-834	1890	-6334	-694	-67	-612	356	-78	584	2916	584	82057675	
-14356	-1146	1810	-6218	-96	-253	-608	354	-80	585	2921	585	82057676	
-14518	-1458	1774	-6147	485	-404	-608	354	-80	586	2926	586	82057676	
-14544	-1506	1930	-5898	789	-482	-619	357	-87	587	2931	587	82057676	
-14494	-1554	2288	-5776	725	-454	-619	357	-87	588	2936	588	82057677	
-14272	-1586	2746	-5770	436	-459	-612	356	-81	589	2941	589	82057677	
-14050	-1542	3220	-5812	27	-509	-610	356	-80	590	2946	590	82057677	
-13684	-1552	3646	-6044	-338	-479	-610	362	-76	591	2951	591	82057678	
-13518	-1360	4350	-6354	-719	-505	-610	362	-76	592	2956	592	82057678	
-13344	-1146	5020	-6573	-1311	-582	-611	353	-81	593	2961	593	82057748	
-13428	-1008	5216	-6526	-2076	-670	-611	353	-81	594	2966	594	82057750	
-13438	-966	5960	-6337	-2866	-574	-611	359	-81	595	2971	595	82057751	
-13480	-1162	6188	-5988	-3731	-445	-611	359	-81	596	2976	596	82057751	
-13622	-1272	6316	-5804	-4579	-248	-610	358	-78	597	2981	597	82057752	
-13893	-1412	6685	-5592	-5285	-143	-610	357	-78	598	2986	598	82057752	
-14225	-1386	7124	-5297	-5657	-151	-612	352	-76	599	2991	599	82057752	
-14511	-1500	7282	-4942	-5889	-140	-612	354	-76	600	2996	600	82057753	
-14810	-1682	7406	-4536	-5900	-230	-610	362	-74	601	3001	601	82057753	
-15144	-1890	7581	-4215	-5826	-372	-611	361	-72	602	3006	602	82057759	
-15585	-1988	7684	-3857	-5673	-609	-614	356	-66	603	3011	603	82057781	
-16198	-2052	7725	-3369	-5466	-703	-613	356	-67	604	3016	604	82057781	
-16734	-2171	7680	-2949	-5453	-643	-607	357	-71	605	3021	605	82057782	
-17276	-2306	7602	-2639	-5518	-584	-607	357	-71	606	3026	606	82057782	
-17666	-2281	7674	-2218	-5371	-518	-607	357	-69	607	3031	607	82057783	
-17949	-1990	7662	-1722	-5045	-454	-609	357	-69	608	3036	608	82057783	
-18250	-1816	7593	-1454	-4733	-396	-615	355	-67	609	3041	609	82057784	
-18440	-1705	7474	-1543	-4522	-306	-614	356	-68	610	3046	610	82057784	
-18666	-1458	7282	-1853	-4261	-109	-608	358	-70	611	3051	611	82057784	
-18732	-1296	7239	-2052	-3751	76	-608	358	-70	612	3056	612	82057794	
-18873	-1182	7268	-2176	-3154	161	-609	357	-69	613	3061	613	82057828	
-19004	-1181	7128	-2328	-2796	385	-610	358	-68	614	3066	614	82057829	
