-16530	116	-1496	-1860	-1365	-142	-33	155	-25	7414	37070	7414	70069025
-16876	96	-1374	-1552	-1342	-109	-33	155	-25	7415	37075	7415	70069025
-17068	-14	-1430	-934	-956	-48	-37	155	-23	7416	37080	7416	70069025
-17144	176	-1500	-709	-873	-47	-37	155	-23	7417	37085	7417	70069026
-17278	204	-1374	-647	-943	-32	-32	158	-18	7418	37090	7418	70069027
-17752	58	-1536	-615	-984	-28	-32	158	-18	7419	37095	7419	70069027
-18036	224	-2188	-764	-831	41	-32	156	-22	7420	37100	7420	70069028
-17986	170	-1796	-499	-638	143	-32	156	-22	7421	37105	7421	70069028
-17770	-942	-2142	454	-174	365	-31	161	-23	7422	37110	7422	70069029
-17578	-1442	-2102	266	-88	502	-31	161	-23	7423	37115	7423	70069029
-17584	-1424	-2286	153	-168	536	-30	158	-24	7424	37120	7424	70069030
-17920	-1086	-2518	-82	-536	625	-30	158	-24	7425	37125	7425	70069030
-18466	-734	-2272	10	-726	689	-38	158	-22	7426	37130	7426	70069075
-18630	-640	-2440	168	-741	750	-38	158	-22	7427	37135	7427	70069075
-18882	-874	-2568	530	-653	859	-32	158	-24	7428	37140	7428	70069076
-18740	-1104	-2860	636	-479	911	-32	158	-24	7429	37145	7429	70069076
-18696	-1096	-3068	506	-509	1052	-29	159	-23	7430	37150	7430	70069077
-18882	-1128	-2520	524	-614	1148	-29	159	-23	7431	37155	7431	70069077
-19188	-1840	-2636	390	-770	1305	-37	159	-17	7432	37160	7432	70069078
-19230	-2306	-2582	-395	-875	1358	-37	159	-17	7433	37165	7433	70069079
-19106	-2246	-2574	-874	-906	1342	-32	160	-18	7434	37170	7434	70069080
-19088	-2184	-3294	-1702	-1003	1370	-32	160	-18	7435	37175	7435	70069080
-19256	-2204	-3850	-2101	-1024	1542	-36	160	-26	7436	37180	7436	70069123
-19228	-2286	-3798	-2076	-962	1648	-36	160	-26	7437	37185	7437	70069126
-19148	-2464	-3430	-1966	-767	1671	-35	155	-23	7438	37190	7438	70069127
-19264	-1864	-3164	-2035	-583	1482	-35	155	-23	7439	37195	7439	70069127
-19270	-1362	-3186	-2115	-596	1371	-32	158	-24	7440	37200	7440	70069128
-19644	-640	-2342	-1905	-726	1064	-32	158	-24	7441	37205	7441	70069175
-20258	-478	-2256	-1672	-738	647	-38	156	-18	7442	37210	7442	70069201
-20652	-134	-1906	-1670	-770	483	-38	156	-18	7443	37215	7443	70069202
-21378	112	-866	-955	-736	195	-33	159	-27	7444	37220	7444	70069203
-21632	-218	-546	-420	-544	3	-33	159	-27	7445	37225	7445	70069203
-21646	40	-754	-545	-424	-8	-36	158	-24	7446	37230	7446	70069203
-21584	1370	-362	-709	-274	132	-36	158	-24	7447	37235	7447	70069204
-21804	2290	-124	296	-202	406	-39	159	-25	7448	37240	7448	70069204
-21904	2362	-760	1359	-282	541	-39	159	-25	7449	37245	7449	70069204
-21974	2552	-1214	1825	-365	561	-35	157	-19	7450	37250	7450	70069205
-21762	1836	-2672	3214	-148	720	-35	157	-19	7451	37255	7451	70069205
-20772	692	-3438	3837	358	907	-36	162	-24	7452	37260	7452	70069206
-20050	296	-3662	3903	551	991	-36	162	-24	7453	37265	7453	70069207
-18800	-690	-4298	3561	557	1109	-35	161	-27	7454	37270	7454	70069208
-18582	-1540	-3060	2609	-279	976	-35	161	-27	7455	37275	7455	70069209
-18994	-2054	-2918	2462	-733	853	-38	158	-18	7456	37280	7456	70069209
-19688	-2518	-2354	1873	-986	596	-38	158	-18	7457	37285	7457	70069231
-19904	-1500	-1466	594	-1025	229	-41	161	-17	7458	37290	7458	70069280
-19872	-872	-1162	232	-977	57	-41	161	-17	7459	37295	7459	70069281
-19374	184	-812	187	-947	-183	-37	159	-19	7460	37300	7460	70069282
-19154	102	-648	1406	-1196	-404	-37	159	-19	7461	37305	7461	70069283
-19030	-280	-380	1760	-1361	-560	-39	159	-23	7462	37310	7462	70069283
-19054	78	436	1587	-1787	-934	-39	159	-23	7463	37315	7463	70069284
-19238	932	322	1880	-2060	-1244	-33	159	-21	7464	37320	7464	70069284
-19274	1068	52	2152	-2155	-1395	-33	159	-21	7465	37325	7465	70069284
-19426	1180	166	3090	-2394	-1620	-38	162	-20	7466	37330	7466	70069285
-19448	486	-138	4212	-2457	-1719	-38	162	-20	7467	37335	7467	70069286
-19226	120	-512	4473	-2516	-1845	-40	166	-18	7468	37340	7468	70069286
-18882	-320	-582	4674	-2514	-1917	-40	166	-18	7469	37345	7469	70069335
-18448	-1274	-1194	5143	-2674	-2167	-36	162	-18	7470	37350	7470	70069336
-18386	-1788	-1152	5242	-2945	-2315	-36	162	-18	7471	37355	7471	70069337
-18322	-2642	-842	5091	-3086	-2379	-35	163	-19	7472	37360	7472	70069337
-18276	-2794	-860	4563	-3462	-2733	-35	163	-19	7473	37365	7473	70069338
-18572	-2474	-384	4068	-4124	-3143	-35	159	-19	7474	37370	7474	70069339
-18764	-2420	-440	3964	-4426	-3303	-35	159	-19	7475	37375	7475	70069340
-19204	-2398	-374	3645	-4921	-3618	-35	159	-15	7476	37380	7476	70069341
-19440	-1986	-448	3377	-5004	-3749	-35	159	-15	7477	37385	7477	70069342
-19386	-1606	-16	3311	-4891	-3770	-31	165	-23	7478	37390	7478	70069387
-19350	-1406	536	3443	-4604	-3832	-31	165	-23	7479	37395	7479	70069414
-19274	-1260	86	3310	-4647	-3891	-36	162	-16	7480	37400	7480	70069415
-19144	-934	318	3374	-4744	-3916	-36	162	-16	7481	37405	7481	70069415
-18994	-936	190	4125	-4861	-3980	-33	161	-15	7482	37410	7482	70069415
-18796	-1592	308	4312	-4912	-3885	-33	161	-15	7483	37415	7483	70069416
-18534	-1788	218	4226	-4950	-3826	-33	159	-15	7484	37420	7484	70069416
-18170	-1916	-128	4169	-5103	-3758	-33	159	-15	7485	37425	7485	70069416
-17920	-2152	-540	4704	-5331	-3730	-33	163	-15	7486	37430	7486	70069417
-17876	-2404	-1154	4824	-5431	-3779	-33	163	-15	7487	37435	7487	70069417
-17710	-3070	-1768	4542	-5289	-3899	-34	160	-14	7488	37440	7488	70069418
-17410	-4046	-1838	4631	-5061	-4110	-34	160	-14	7489	37445	7489	70069441
-17248	-4648	-2060	4283	-5060	-4347	-38	160	-10	7490	37450	7490	70069442
-16836	-5614	-2424	3800	-5180	-4494	-38	160	-10	7491	37455	7491	70069442
-16828	-5980	-2158	2527	-5542	-4818	-31	163	-15	7492	37460	7492	70069443
-17116	-5978	-1764	1476	-6063	-5258	-31	163	-15	7493	37465	7493	70069443
-17586	-6052	-1464	1005	-6355	-5544	-33	165	-13	7494	37470	7494	70069443
-18548	-6226	-736	-371	-6736	-6209	-33	165	-13	7495	37475	7495	70069444
-19342	-5868	-112	-1509	-6846	-6852	-34	160	-12	7496	37480	7496	70069444
-19644	-5776	296	-1942	-6875	-7132	-34	160	-12	7497	37485	7497	70069445
-20022	-5184	438	-4046	-7260	-7506	-28	164	-10	7498	37490	7498	70069446
-20230	-3038	1276	-5681	-7634	-7593	-28	164	-10	7499	37495	7499	70069446
-20260	-1862	1346	-5579	-7664	-7543	-36	160	-8	7500	37500	7500	70069447
-20104	-430	1230	-4886	-7678	-7287	-36	160	-8	7501	37505	7501	70069463
-19988	696	956	-3682	-7741	-6993	-31	157	-7	7502	37510	7502	70069463
-20036	1116	1084	-2836	-7602	-6738	-31	157	-7	7503	37515	7503	70069465
-19742	888	632	-979	-7109	-6210	-27	161	-5	7504	37520	7504	70069466
-19168	296	56	191	-6562	-5952	-27	161	-5	7505	37525	7505	70069467
-18878	102	-212	488	-6311	-5852	-29	163	-3	7506	37530	7506	70069469
-18076	-380	-490	1052	-5914	-5719	-29	163	-3	7507	37535	7507	70069470
-17426	-886	-744	1519	-5741	-5716	-29	161	-7	7508	37540	7508	70069471
-17204	-1302	-948	1492	-5765	-5848	-29	161	-7	7509	37545	7509	70069471
-17088	-1968	-1294	1179	-5797	-5955	-26	160	-8	7510	37550	7510	70069489
-17098	-2176	-1518	311	-5850	-6185	-26	160	-8	7511	37555	7511	70069489
-17208	-2112	-1350	-781	-5825	-6402	-26	166	-10	7512	37560	7512	70069519
-17542	-1280	-1114	-1354	-5834	-6505	-26	166	-10	7513	37565	7513	70069594
-18288	128	-916	-2298	-6004	-6708	-28	162	-8	7514	37570	7514	70069594
-19252	1910	-840	-2594	-6271	-6751	-28	162	-8	7515	37575	7515	70069595
-19796	2768	-734	-2447	-6368	-6706	-27	155	-3	7516	37580	7516	70069595
-20880	4196	-546	-1808	-6486	-6476	-27	155	-3	7517	37585	7517	70069596
-22038	5190	-978	-900	-6321	-5971	-25	163	-1	7518	37590	7518	70069596
-22364	5518	-1360	-362	-6015	-5639	-25	163	-1	7519	37595	7519	70069596
-22770	6030	-1780	726	-4851	-4809	-24	166	0	7520	37600	7520	70069597
-22394	6120	-2054	1743	-3256	-3772	-24	166	0	7521	37605	7521	70069597
-21956	6082	-2084	2218	-2472	-3244	-30	162	-2	7522	37610	7522	70069598
-20716	5764	-2340	3218	-1114	-2269	-30	162	-2	7523	37615	7523	70069598
-19568	5434	-2650	4160	-317	-1453	-27	169	-3	7524	37620	7524	70069599
-19176	5222	-2888	4642	-83	-1081	-27	169	-3	7525	37625	7525	70069600
-18728	4940	-3112	5666	119	-506	-24	166	2	7526	37630	7526	70069702
-18654	4582	-3546	6702	215	-126	-24	166	2	7527	37635	7527	70069702
-18602	4238	-3646	7235	331	1	-28	168	-2	7528	37640	7528	70069702
-18724	3532	-3496	8346	763	171	-28	168	-2	7529	37645	7529	70069703
-18602	2710	-3368	9079	1344	262	-27	169	-7	7530	37650	7530	70069703
-18540	2300	-3088	8987	1949	431	-27	169	-7	7531	37655	7531	70069704
-18516	1580	-2592	8629	2216	524	-28	168	-4	7532	37660	7532	70069704
-18624	1072	-2078	7356	2514	740	-28	168	-4	7533	37665	7533	70069704
-18792	792	-2188	5951	2769	1026	-23	171	-5	7534	37670	7534	70069705
-18874	736	-2176	5373	2977	1174	-23	171	-5	7535	37675	7535	70069705
-19086	684	-2182	4429	3521	1330	-24	170	-2	7536	37680	7536	70069802
-19012	928	-1920	3571	4096	1484	-24	170	-2	7537	37685	7537	70069806
-19024	1144	-1730	3218	4379	1553	-34	168	-8	7538	37690	7538	70069809
-18826	1556	-1834	2628	4955	1769	-34	168	-8	7539	37695	7539	70069810
-18474	2130	-1970	2315	5506	2057	-22	170	-6	7540	37700	7540	70069810
-18310	2462	-2080	2361	5798	2218	-22	170	-6	7541	37705	7541	70069811
-17734	3146	-2016	2822	6392	2511	-24	170	-4	7542	37710	7542	70069812
-17132	3616	-2036	3585	6954	2795	-24	170	-4	7543	37715	7543	70069812
-16806	3742	-1994	4081	7197	2910	-30	170	-12	7544	37720	7544	70069813
-16268	3870	-1870	5279	7624	3128	-30	170	-12	7545	37725	7545	70069813
-15776	3660	-1714	6493	8034	3321	-26	172	-8	7546	37730	7546	70069814
-15544	3540	-1616	7130	8235	3390	-26	172	-8	7547	37735	7547	70069814
-15202	3070	-1294	8362	8600	3483	-27	175	-11	7548	37740	7548	70069815
-15008	2454	-1054	9387	8894	3551	-27	175	-11	7549	37745	7549	70069815
-14960	2210	-932	10127	8991	3597	-24	168	-12	7550	37750	7550	70069816
-14932	1700	-560	10418	8977	3638	-24	168	-12	7551	37755	7551	70069816
-15190	1100	-158	10875	9052	3720	-33	167	-13	7552	37760	7552	70069817
-15534	582	84	11195	9248	3794	-33	167	-13	7553	37765	7553	70069818
-15704	332	162	11305	9427	3831	-28	166	-14	7554	37770	7554	70069819
-15900	-240	244	11476	9906	3908	-28	166	-14	7555	37775	7555	70069819
-16020	-722	484	11691	10400	3947	-30	170	-18	7556	37780	7556	70069819
-15910	-1014	542	11854	10633	3987	-30	170	-18	7557	37785	7557	70069820
-15858	-1818	680	12279	10993	4030	-34	172	-24	7558	37790	7558	70069820
-15622	-2916	820	12630	11253	4056	-34	172	-24	7559	37795	7559	70069820
-15532	-3522	870	12699	11362	4048	-29	171	-21	7560	37800	7560	70069821
-15208	-4784	876	12583	11475	4011	-29	171	-21	7561	37805	7561	70069821
-14808	-5884	1192	12174	11457	3912	-36	170	-24	7562	37810	7562	70069821
-14526	-6410	1294	11854	11404	3865	-36	170	-24	7563	37815	7563	70069870
-14170	-7368	1552	10891	11105	3785	-34	168	-26	7564	37820	7564	70069871
-13836	-8038	1646	9415	10743	3747	-34	168	-26	7565	37825	7565	70069871
-13660	-8230	1666	8510	10552	3772	-30	170	-26	7566	37830	7566	70069872
-13254	-8476	1596	6526	10205	3902	-30	170	-26	7567	37835	7567	70069872
-12914	-8606	1616	4599	9975	4093	-35	169	-33	7568	37840	7568	70069872
-12620	-8708	1528	3021	9777	4302	-35	169	-33	7569	37845	7569	70069922
-11994	-8852	1662	2374	9671	4412	-37	171	-33	7570	37850	7570	70069922
-11428	-9070	1492	1299	9424	4590	-37	171	-33	7571	37855	7571	70069922
-11206	-9100	1536	383	9173	4790	-32	166	-32	7572	37860	7572	70069923
-10794	-9262	1760	-39	9026	4857	-32	166	-32	7573	37865	7573	70069923
-10448	-9384	1862	-893	8764	4910	-40	170	-38	7574	37870	7574	70069923
-10090	-9298	2116	-1717	8522	4948	-40	170	-38	7575	37875	7575	70069924
-9918	-9300	2324	-2085	8430	4943	-38	172	-40	7576	37880	7576	70069924
-9774	-9066	2632	-2791	8171	4892	-38	172	-40	7577	37885	7577	70069924
-9664	-8810	2812	-3551	7898	4792	-36	166	-42	7578	37890	7578	70069925
-9574	-8562	2864	-3908	7744	4741	-36	166	-42	7579	37895	7579	70069925
-9620	-8054	3090	-4513	7433	4626	-43	167	-45	7580	37900	7580	70069925
-9748	-7490	3068	-4902	7079	4477	-43	167	-45	7581	37905	7581	70069926
-9874	-7138	2930	-5017	6885	4396	-44	172	-40	7582	37910	7582	70069926
-10020	-6472	2898	-5054	6514	4323	-44	172	-40	7583	37915	7583	70069927
-10152	-5842	3102	-4895	6108	4304	-40	170	-46	7584	37920	7584	70069927
-10290	-5586	3084	-4695	5884	4264	-40	170	-46	7585	37925	7585	70069927
-10504	-5366	3156	-4011	5426	4171	-43	169	-45	7586	37930	7586	70069928
-10644	-5128	3192	-3229	5085	3992	-43	169	-45	7587	37935	7587	70069928
-10746	-5088	3312	-2887	4967	3865	-45	165	-53	7588	37940	7588	70069928
-10898	-4826	3248	-2282	4741	3651	-45	165	-53	7589	37945	7589	70069929
-10874	-4572	3184	-1661	4407	3392	-43	169	-49	7590	37950	7590	70069929
-10886	-4498	3102	-1037	3913	3193	-43	169	-49	7591	37955	7591	70069929
-10950	-4310	2870	-710	3661	3103	-42	164	-52	7592	37960	7592	70069930
-11134	-4244	2532	-38	3132	2871	-42	164	-52	7593	37965	7593	70069930
-11576	-4026	2114	651	2556	2544	-49	165	-51	7594	37970	7594	70069992
-11900	-3838	1788	1015	2286	2341	-49	165	-51	7595	37975	7595	70070031
-12632	-3750	1354	1741	1903	1959	-59	163	-53	7596	37980	7596	70070033
-13252	-3708	886	2555	1641	1486	-59	163	-53	7597	37985	7597	70070034
-13424	-3650	700	2985	1525	1260	-47	173	-57	7598	37990	7598	70070035
-13882	-3630	476	3922	1201	886	-47	173	-57	7599	37995	7599	70070035
-14160	-3814	-188	4970	910	660	-39	171	-55	7600	38000	7600	70070035
-14344	-3978	-352	5472	778	573	-39	171	-55	7601	38005	7601	70070036
-14868	-4276	-716	6340	521	424	-42	172	-52	7602	38010	7602	70070036
-15412	-4762	-1162	6986	299	343	-42	172	-52	7603	38015	7603	70070037
-15610	-5122	-1380	7218	200	347	-48	166	-52	7604	38020	7604	70070037
-16070	-5630	-1948	7450	95	459	-48	166	-52	7605	38025	7605	70070037
-16158	-6398	-2496	7511	105	680	-42	170	-54	7606	38030	7606	70070038
-16138	-6760	-2734	7492	103	798	-42	170	-54	7607	38035	7607	70070098
-15916	-7510	-3212	7214	-13	1009	-43	163	-53	7608	38040	7608	70070098
-15640	-8130	-3574	6621	-289	1164	-43	163	-53	7609	38045	7609	70070099
-15528	-8384	-3750	5770	-714	1289	-45	167	-53	7610	38050	7610	70070173
-15346	-8790	-3988	5275	-953	1323	-45	167	-53	7611	38055	7611	70070174
-15194	-8984	-4164	4127	-1382	1394	-44	172	-48	7612	38060	7612	70070174
-15104	-9170	-4252	2745	-1699	1477	-44	172	-48	7613	38065	7613	70070174
-15016	-9266	-4470	1980	-1827	1481	-50	164	-56	7614	38070	7614	70070175
-14848	-9086	-4228	423	-2032	1478	-50	164	-56	7615	38075	7615	70070175
-14810	-8728	-4050	-992	-2229	1454	-42	168	-54	7616	38080	7616	70070176
-14786	-8474	-3930	-1649	-2306	1431	-42	168	-54	7617	38085	7617	70070176
-14706	-7898	-3808	-2818	-2428	1412	-52	172	-56	7618	38090	7618	70070177
-14746	-7298	-3494	-3790	-2488	1400	-52	172	-56	7619	38095	7619	70070243
-14732	-7000	-3366	-4224	-2553	1395	-41	171	-53	7620	38100	7620	70070243
-14870	-6316	-3216	-4811	-2665	1416	-41	171	-53	7621	38105	7621	70070244
-15220	-5814	-3154	-4823	-2706	1358	-37	173	-53	7622	38110	7622	70070244
-15300	-5594	-3078	-4669	-2665	1324	-37	173	-53	7623	38115	7623	70070244
-15428	-5162	-2758	-4172	-2406	1227	-41	173	-49	7624	38120	7624	70070245
-15360	-4852	-2542	-3487	-2062	1108	-41	173	-49	7625	38125	7625	70070245
-15286	-4776	-2386	-3073	-1875	1020	-43	171	-51	7626	38130	7626	70070246
-15148	-4724	-2152	-2151	-1494	840	-43	171	-51	7627	38135	7627	70070247
-14928	-4828	-2070	-1277	-1190	658	-40	168	-48	7628	38140	7628	70070247
-14830	-4918	-1986	-911	-1077	568	-40	168	-48	7629	38145	7629	70070248
-14596	-5106	-1914	-322	-913	380	-42	172	-44	7630	38150	7630	70070248
-14438	-5250	-1682	145	-733	164	-42	172	-44	7631	38155	7631	70070248
-14302	-5322	-1600	492	-512	-84	-44	172	-52	7632	38160	7632	70070319
-14214	-5482	-1490	588	-413	-222	-44	172	-52	7633	38165	7633	70070319
-13964	-5644	-1180	716	-232	-462	-45	173	-51	7634	38170	7634	70070320
-13750	-5796	-1118	774	-193	-649	-45	173	-51	7635	38175	7635	70070320
-13748	-5828	-956	758	-246	-733	-45	169	-55	7636	38180	7636	70070321
-13694	-5990	-1040	636	-417	-833	-45	169	-55	7637	38185	7637	70070321
-13718	-5982	-614	412	-697	-904	-54	170	-48	7638	38190	7638	70070321
-13818	-5988	-614	237	-920	-921	-54	170	-48	7639	38195	7639	70070322
-14126	-6088	-690	-152	-1381	-921	-37	177	-53	7640	38200	7640	70070322
-14510	-6068	-884	-542	-1798	-901	-37	177	-53	7641	38205	7641	70070322
-14818	-6080	-888	-686	-1901	-924	-40	170	-46	7642	38210	7642	70070323
-15296	-6104	-1026	-872	-1866	-972	-40	170	-46	7643	38215	7643	70070323
-15576	-6174	-1182	-1001	-1768	-1026	-43	169	-51	7644	38220	7644	70070324
-15682	-6172	-1208	-1062	-1733	-1039	-43	169	-51	7645	38225	7645	70070324
-15896	-6298	-1438	-1211	-1782	-1058	-39	171	-47	7646	38230	7646	70070324
-16054	-6362	-1456	-1440	-1904	-1042	-39	171	-47	7647	38235	7647	70070325
-16230	-6242	-1630	-1584	-1938	-1044	-42	174	-46	7648	38240	7648	70070325
-16358	-6018	-1890	-1914	-1961	-1027	-42	174	-46	7649	38245	7649	70070325
-16394	-5844	-2206	-2170	-1884	-997	-38	170	-48	7650	38250	7650	70070326
-16340	-5714	-2490	-2365	-1764	-956	-38	170	-48	7651	38255	7651	70070326
-16044	-5676	-2882	-2460	-1754	-924	-37	171	-47	7652	38260	7652	70070326
-15720	-5660	-3090	-2636	-1868	-886	-37	171	-47	7653	38265	7653	70070327
-15648	-5662	-3306	-2795	-2047	-832	-36	168	-52	7654	38270	7654	70070327
-15462	-5554	-3740	-2889	-2119	-803	-36	168	-52	7655	38275	7655	70070328
-15144	-5406	-3762	-3098	-2215	-745	-40	170	-50	7656	38280	7656	70070328
-14824	-5244	-3818	-3435	-2344	-697	-40	170	-50	7657	38285	7657	70070375
-14670	-5078	-3792	-3619	-2417	-656	-42	168	-50	7658	38290	7658	70070375
-14300	-4834	-4088	-3964	-2545	-596	-42	168	-50	7659	38295	7659	70070376
-14146	-4468	-4162	-4266	-2539	-594	-45	169	-45	7660	38300	7660	70070376
-14094	-4254	-4212	-4417	-2512	-596	-45	169	-45	7661	38305	7661	70070377
-13990	-3902	-4094	-4643	-2351	-625	-44	172	-46	7662	38310	7662	70070377
-13856	-3510	-3982	-4709	-2155	-682	-44	172	-46	7663	38315	7663	70070377
-13802	-3392	-3912	-4698	-2082	-719	-41	171	-49	7664	38320	7664	70070378
-13694	-3292	-3672	-4683	-2020	-754	-41	171	-49	7665	38325	7665	70070378
-13864	-3154	-3354	-4667	-2071	-770	-44	172	-50	7666	38330	7666	70070379
-14026	-2984	-3252	-4638	-2101	-756	-44	172	-50	7667	38335	7667	70070379
-14312	-2752	-3034	-4537	-2066	-682	-44	174	-48	7668	38340	7668	70070380
-14478	-2622	-2798	-4406	-1892	-616	-44	174	-48	7669	38345	7669	70070380
-14492	-2648	-2686	-4326	-1810	-600	-40	172	-50	7670	38350	7670	70070396
-14604	-2702	-2198	-4112	-1787	-598	-40	172	-50	7671	38355	7671	70070397
-14836	-2512	-1690	-3910	-2070	-567	-42	172	-48	7672	38360	7672	70070398
-14918	-2534	-1502	-3785	-2591	-493	-42	172	-48	7673	38365	7673	70070399
-15428	-2488	-1184	-3704	-2831	-443	-46	172	-50	7674	38370	7674	70070399
-15900	-2386	-1202	-3444	-3123	-303	-46	172	-50	7675	38375	7675	70070439
-16158	-2442	-1136	-3139	-3085	-154	-40	174	-48	7676	38380	7676	70070440
-16136	-2432	-1010	-2997	-2999	-72	-40	174	-48	7677	38385	7677	70070440
-15994	-2524	-900	-2716	-2805	107	-44	174	-46	7678	38390	7678	70070440
-15626	-2746	-644	-2495	-2711	253	-44	174	-46	7679	38395	7679	70070441
-15462	-2834	-600	-2417	-2717	334	-46	174	-46	7680	38400	7680	70070441
-15102	-3086	-488	-2349	-2870	472	-46	174	-46	7681	38405	7681	70070442
-15022	-3292	-216	-2409	-3157	579	-46	180	-50	7682	38410	7682	70070465
-14980	-3518	-150	-2462	-3309	618	-46	180	-50	7683	38415	7683	70070466
-14908	-3724	-4	-2654	-3571	642	-41	177	-45	7684	38420	7684	70070548
-15030	-4006	168	-2912	-3853	642	-41	177	-45	7685	38425	7685	70070548
-15110	-4138	342	-3073	-4007	628	-38	174	-44	7686	38430	7686	70070549
-15286	-4464	694	-3440	-4418	543	-38	174	-44	7687	38435	7687	70070549
-15688	-4764	1132	-3874	-4920	441	-39	175	-43	7688	38440	7688	70070549
-15890	-4862	1290	-4122	-5211	393	-39	175	-43	7689	38445	7689	70070550
-16494	-5108	1696	-4698	-5881	259	-41	177	-47	7690	38450	7690	70070550
-17164	-5268	2052	-5446	-6566	97	-41	177	-47	7691	38455	7691	70070551
-17458	-5412	2226	-6301	-7183	-57	-46	174	-44	7692	38460	7692	70070551
-18174	-5250	2432	-6754	-7459	-143	-46	174	-44	7693	38465	7693	70070551
-18860	-5024	2706	-7682	-7791	-256	-42	174	-40	7694	38470	7694	70070552
-19112	-4900	2704	-8622	-7880	-279	-42	174	-40	7695	38475	7695	70070552
-19462	-4450	2386	-9056	-7839	-245	-39	177	-41	7696	38480	7696	70070552
-19342	-3794	2246	-9817	-7622	-220	-39	177	-41	7697	38485	7697	70070572
-18970	-3184	2070	-10300	-7325	-240	-52	172	-38	7698	38490	7698	70070572
-18550	-2896	1892	-10420	-7208	-261	-52	172	-38	7699	38495	7699	70070573
-17948	-2222	1802	-10501	-7225	-312	-44	176	-38	7700	38500	7700	70070573
-17452	-1602	1472	-10312	-7447	-265	-44	176	-38	7701	38505	7701	70070573
-17230	-1332	1292	-10094	-7552	-222	-45	175	-37	7702	38510	7702	70070574
-17114	-766	1058	-9556	-7701	-134	-45	175	-37	7703	38515	7703	70070574
-16976	-478	858	-8901	-7756	-91	-43	179	-35	7704	38520	7704	70070574
-16836	-350	924	-8575	-7744	-95	-43	179	-35	7705	38525	7705	70070575
-16722	-106	666	-7927	-7599	-71	-44	178	-34	7706	38530	7706	70070575
-16642	-28	428	-7249	-7349	-82	-44	178	-34	7707	38535	7707	70070575
-16564	-54	378	-6929	-7223	-94	-45	179	-31	7708	38540	7708	70070576
-16626	-174	76	-6290	-6881	-159	-45	179	-31	7709	38545	7709	70070599
-16694	-298	-202	-5745	-6488	-189	-42	176	-32	7710	38550	7710	70070599
-16810	-412	-372	-5245	-6038	-202	-42	176	-32	7711	38555	7711	70070599
-16960	-420	-574	-4989	-5830	-190	-41	179	-35	7712	38560	7712	70070601
-17212	-466	-756	-4413	-5369	-185	-41	179	-35	7713	38565	7713	70070677
-17294	-472	-838	-3769	-4860	-204	-49	177	-29	7714	38570	7714	70070698
-17526	-382	-866	-3410	-4610	-250	-49	177	-29	7715	38575	7715	70070698
-17950	-212	-1004	-2616	-4052	-316	-44	178	-34	7716	38580	7716	70070699
-18330	54	-1128	-1730	-3298	-357	-44	178	-34	7717	38585	7717	70070700
-18450	142	-1030	-1242	-2840	-357	-48	180	-26	7718	38590	7718	70070701
-18610	202	-1028	-154	-1947	-315	-48	180	-26	7719	38595	7719	70070701
-18512	186	-888	1090	-1192	-209	-45	179	-33	7720	38600	7720	70070701
-18432	-10	-762	1774	-880	-155	-45	179	-33	7721	38605	7721	70070702
-18290	-516	-778	3112	-371	-27	-53	179	-27	7722	38610	7722	70070702
-18162	-1164	-600	4224	0	120	-53	179	-27	7723	38615	7723	70070702
-18100	-1508	-498	4675	142	185	-41	183	-29	7724	38620	7724	70070703
-18048	-2382	-392	5332	405	340	-41	183	-29	7725	38625	7725	70070703
-18072	-3258	-280	5655	677	457	-48	178	-22	7726	38630	7726	70070703
-18064	-3522	-230	5721	808	516	-48	178	-22	7727	38635	7727	70070704
-17968	-4146	-90	5688	1086	605	-45	179	-29	7728	38640	7728	70070704
-17940	-4728	32	5412	1346	693	-45	179	-29	7729	38645	7729	70070705
-17884	-5030	-30	5208	1471	739	-41	173	-25	7730	38650	7730	70070705
-17730	-5372	128	4698	1658	838	-41	173	-25	7731	38655	7731	70070706
-17690	-5608	204	4112	1792	925	-43	179	-29	7732	38660	7732	70070706
-17624	-5684	152	3441	1861	984	-43	179	-29	7733	38665	7733	70070707
-17550	-5644	378	3125	1895	1023	-47	175	-31	7734	38670	7734	70070707
