-16729	-2182	-144	-2020	145	-112	-547	254	-141	1	1	1	81078346	
-16773	-2125	-174	-2009	184	-96	-553	245	-143	2	6	2	81078368	
-16824	-2128	-124	-2009	239	-105	-551	245	-141	3	11	3	81078369	
-16768	-2148	-173	-2007	300	-101	-545	245	-135	4	16	4	81078370	
-16717	-2107	-186	-2000	356	-97	-546	247	-138	5	21	5	81078370	
-16703	-2109	-209	-2010	399	-120	-547	249	-143	6	26	6	81078371	
-16712	-2121	-155	-2023	425	-127	-546	248	-141	7	31	7	81078371	
-16713	-2115	-136	-2042	445	-130	-545	247	-137	8	36	8	81078372	
-16684	-2100	-203	-2058	452	-143	-545	247	-139	9	41	9	81078372	
-16652	-2084	-247	-2070	448	-162	-545	247	-143	10	46	10	81078372	
-16678	-2078	-259	-2089	446	-181	-549	247	-143	11	51	11	81078373	
-16696	-2080	-217	-2106	434	-186	-553	247	-143	12	56	12	81078374	
-16677	-2097	-200	-2124	397	-183	-549	250	-141	13	61	13	81078374	
-16662	-2098	-198	-2137	346	-181	-546	252	-140	14	66	14	81078375	
-16670	-2118	-213	-2148	296	-184	-547	251	-141	15	71	15	81078375	
-16658	-2138	-200	-2157	251	-187	-547	249	-141	16	76	16	81078376	
-16631	-2134	-153	-2158	217	-182	-545	249	-141	17	81	17	81078384	
-16652	-2116	-148	-2152	189	-174	-542	250	-140	18	86	18	81078406	
-16673	-2124	-158	-2141	176	-169	-545	249	-140	19	91	19	81078425	
-16691	-2127	-145	-2130	167	-157	-549	247	-141	20	96	20	81078427	
-16712	-2083	-114	-2118	155	-156	-543	249	-142	21	101	21	81078428	
-16719	-2097	-130	-2105	148	-148	-539	251	-143	22	106	22	81078429	
-16702	-2078	-122	-2093	140	-145	-540	249	-142	23	111	23	81078430	
-16712	-2114	-85	-2084	129	-150	-541	247	-141	24	116	24	81078430	
-16724	-2165	-106	-2079	128	-153	-542	247	-140	25	121	25	81078430	
-16718	-2158	-132	-2079	141	-163	-543	247	-139	26	126	26	81078431	
-16756	-2143	-101	-2079	172	-169	-546	249	-137	27	131	27	81078431	
-16763	-2142	-55	-2074	219	-155	-548	250	-136	28	136	28	81078432	
-16716	-2152	-46	-2074	265	-139	-547	246	-137	29	141	29	81078433	
-16765	-2125	-80	-2069	297	-113	-547	245	-137	30	146	30	81078443	
-16822	-2115	-8	-2070	355	-88	-546	246	-144	31	151	31	81078447	
-16848	-2154	-134	-2055	402	-88	-546	246	-146	32	156	32	81078449	
-16767	-2124	-117	-2053	418	-83	-551	248	-140	33	161	33	81078470	
-16757	-2143	-159	-2046	431	-77	-552	248	-138	34	166	34	81078476	
-16727	-2111	-178	-2034	441	-74	-548	249	-140	35	171	35	81078476	
-16676	-2080	-179	-2027	441	-85	-545	249	-141	36	176	36	81078477	
-16678	-2128	-192	-2027	433	-94	-544	251	-143	37	181	37	81078477	
-16666	-2147	-144	-2033	411	-118	-543	251	-143	38	186	38	81078478	
-16702	-2102	-119	-2043	391	-129	-547	245	-137	39	191	39	81078534	
-16722	-2106	-98	-2059	375	-126	-548	244	-136	40	196	40	81078550	
-16718	-2139	-100	-2072	374	-133	-544	248	-140	41	201	41	81078552	
-16722	-2124	-240	-2082	376	-132	-543	249	-141	42	206	42	81078552	
-16727	-2107	-207	-2074	377	-131	-542	251	-137	43	211	43	81078553	
-16746	-2174	-179	-2062	391	-133	-542	252	-136	44	216	44	81078553	
-16668	-2136	-136	-2048	387	-116	-550	254	-138	45	221	45	81078553	
-16724	-2118	-178	-2035	394	-106	-550	254	-138	46	226	46	81078554	
-16712	-2134	-238	-2024	400	-97	-547	247	-139	47	231	47	81078554	
-16766	-2154	-160	-2022	413	-85	-547	247	-139	48	236	48	81078555	
-16698	-2096	-140	-2008	430	-105	-547	253	-137	49	241	49	81078556	
-16712	-2086	-158	-2010	460	-119	-547	253	-137	50	246	50	81078556	
-16706	-2128	-236	-2021	501	-122	-544	248	-142	51	251	51	81078557	
-16738	-2142	-152	-2038	516	-128	-544	248	-142	52	256	52	81078557	
-16614	-2090	-204	-2043	533	-134	-543	251	-141	53	261	53	81078558	
-16654	-2122	-210	-2060	526	-125	-543	251	-141	54	266	54	81078580	
-16638	-2152	-234	-2058	507	-140	-551	249	-141	55	271	55	81078605	
-16594	-2130	-336	-2066	480	-141	-551	249	-141	56	276	56	81078606	
-16656	-2080	-226	-2074	449	-122	-548	254	-142	57	281	57	81078606	
-16656	-2054	-210	-2082	433	-131	-548	254	-142	58	286	58	81078607	
-16568	-2130	-290	-2089	411	-155	-546	248	-138	59	291	59	81078608	
-16636	-2088	-254	-2100	388	-152	-546	248	-138	60	296	60	81078608	
-16672	-2086	-312	-2109	350	-138	-546	248	-138	61	301	61	81078609	
-16664	-2094	-283	-2104	300	-143	-546	249	-138	62	306	62	81078609	
-16692	-2056	-281	-2103	257	-141	-546	254	-138	63	311	63	81078610	
-16681	-2116	-204	-2111	218	-146	-545	254	-139	64	316	64	81078610	
-16675	-2169	-260	-2117	193	-140	-542	254	-142	65	321	65	81078614	
-16703	-2156	-214	-2114	164	-148	-543	254	-142	66	326	66	81078631	
-16706	-2150	-182	-2116	160	-141	-548	252	-142	67	331	67	81078631	
-16738	-2126	-160	-2121	165	-139	-548	252	-141	68	336	68	81078632	
-16744	-2130	-127	-2124	187	-128	-550	250	-138	69	341	69	81078632	
-16766	-2156	-180	-2121	233	-141	-549	249	-142	70	346	70	81078633	
-16751	-2142	-174	-2115	276	-140	-548	248	-148	71	351	71	81078633	
-16753	-2112	-178	-2103	330	-127	-548	249	-147	72	356	72	81078633	
-16730	-2092	-271	-2088	380	-143	-546	252	-142	73	361	73	81078634	
-16689	-2120	-266	-2089	402	-153	-545	251	-141	74	366	74	81078634	
-16706	-2124	-290	-2086	409	-157	-543	247	-139	75	371	75	81078644	
-16680	-2124	-248	-2089	390	-174	-545	248	-139	76	376	76	81078682	
-16640	-2156	-242	-2094	367	-181	-551	251	-139	77	381	77	81078683	
-16668	-2164	-249	-2092	328	-190	-550	251	-141	78	386	78	81078683	
-16685	-2124	-211	-2083	304	-201	-547	251	-145	79	391	79	81078684	
-16662	-2158	-193	-2091	299	-188	-547	250	-141	80	396	80	81078704	
-16628	-2200	-202	-2095	285	-176	-546	248	-136	81	401	81	81078735	
-16616	-2190	-241	-2095	279	-166	-546	248	-138	82	406	82	81078735	
-16587	-2157	-284	-2085	277	-152	-546	248	-142	83	411	83	81078736	
-16592	-2152	-261	-2072	267	-155	-545	250	-140	84	416	84	81078736	
-16568	-2128	-226	-2065	248	-158	-543	253	-137	85	421	85	81078736	
-16579	-2111	-230	-2059	219	-154	-546	250	-142	86	426	86	81078737	
-16621	-2151	-225	-2052	186	-149	-549	247	-147	87	431	87	81078738	
-16673	-2141	-284	-2044	160	-147	-549	251	-143	88	436	88	81078738	
-16691	-2127	-294	-2047	146	-151	-549	253	-141	89	441	89	81078739	
-16712	-2120	-216	-2059	159	-154	-547	254	-141	90	446	90	81078767	
-16760	-2114	-148	-2065	188	-160	-545	255	-141	91	451	91	81078801	
-16791	-2120	-130	-2069	223	-167	-545	253	-142	92	456	92	81078815	
-16810	-2110	-138	-2073	261	-171	-545	249	-143	93	461	93	81078816	
-16814	-2098	-123	-2074	291	-158	-547	250	-142	94	466	94	81078817	
-16775	-2097	-67	-2069	325	-131	-549	251	-141	95	471	95	81078818	
-16736	-2102	-50	-2058	360	-106	-550	252	-142	96	476	96	81078819	
-16664	-2108	-133	-2049	391	-83	-551	253	-143	97	481	97	81078819	
-16604	-2113	-181	-2046	395	-69	-547	252	-140	98	486	98	81078820	
-16584	-2092	-200	-2030	360	-75	-544	252	-138	99	491	99	81078820	
-16588	-2084	-228	-2014	289	-80	-544	250	-136	100	496	100	81078820	
-16573	-2121	-328	-2006	194	-76	-544	248	-134	101	501	101	81078821	
-16558	-2158	-356	-2003	102	-95	-545	249	-140	102	506	102	81078822	
-16627	-2109	-300	-2020	37	-123	-546	250	-144	103	511	103	81078822	
-16676	-2120	-269	-2036	21	-153	-544	247	-142	104	516	104	81078823	
-16781	-2134	-198	-2053	39	-178	-544	246	-142	105	521	105	81078825	
-16771	-2110	-131	-2071	76	-205	-550	252	-143	106	526	106	81078825	
-16837	-2146	-147	-2097	126	-227	-551	253	-143	107	531	107	81078826	
-16845	-2146	-152	-2111	167	-230	-549	250	-140	108	536	108	81078826	
-16845	-2184	-130	-2121	215	-217	-549	249	-139	109	541	109	81078827	
-16827	-2167	-123	-2134	270	-191	-546	254	-138	110	546	110	81078827	
-16777	-2141	-66	-2143	315	-162	-545	257	-137	111	551	111	81078828	
-16717	-2107	-57	-2146	342	-137	-544	253	-139	112	556	112	81078828	
-16703	-2117	-181	-2133	324	-130	-544	252	-140	113	561	113	81078838	
-16651	-2159	-132	-2142	300	-116	-550	250	-141	114	566	114	81078863	
-16632	-2110	-134	-2144	268	-107	-551	249	-141	115	571	115	81078870	
-16641	-2110	-162	-2146	233	-106	-547	250	-142	116	576	116	81078870	
-16617	-2144	-174	-2138	201	-116	-546	250	-142	117	581	117	81078871	
-16679	-2118	-221	-2122	169	-125	-551	250	-139	118	586	118	81078871	
-16622	-2126	-234	-2117	137	-124	-552	250	-138	119	591	119	81078873	
-16648	-2102	-254	-2119	113	-137	-547	247	-135	120	596	120	81078875	
-16620	-2178	-306	-2123	66	-145	-547	247	-135	121	601	121	81078875	
-16668	-2162	-372	-2107	36	-152	-544	248	-142	122	606	122	81078876	
-16676	-2138	-238	-2109	10	-168	-544	248	-142	123	611	123	81078943	
-16646	-2168	-172	-2100	15	-165	-548	244	-142	124	616	124	81078945	
-16662	-2186	-264	-2098	7	-174	-548	244	-142	125	621	125	81078946	
-16690	-2176	-194	-2098	18	-178	-541	253	-141	126	626	126	81078946	
-16762	-2142	-124	-2092	54	-147	-541	253	-141	127	631	127	81078947	
-16702	-2122	-130	-2090	83	-141	-549	245	-139	128	636	128	81078997	
-16802	-2122	-156	-2073	119	-150	-549	245	-139	129	641	129	81078998	
-16760	-2216	-148	-2074	166	-132	-548	254	-140	130	646	130	81078999	
-16766	-2154	-144	-2086	217	-122	-548	254	-140	131	651	131	81079001	
-16820	-2194	-48	-2096	273	-111	-545	249	-135	132	656	132	81079002	
-16724	-2152	-100	-2109	329	-94	-545	249	-135	133	661	133	81079002	
-16688	-2112	-178	-2093	361	-102	-553	251	-141	134	666	134	81079003	
-16664	-2092	-206	-2094	392	-108	-553	251	-141	135	671	135	81079004	
-16708	-2120	-96	-2102	392	-95	-548	248	-136	136	676	136	81079005	
-16738	-2205	-92	-2113	372	-87	-548	249	-137	137	681	137	81079009	
-16731	-2146	-103	-2123	368	-63	-549	253	-141	138	686	138	81079022	
-16650	-2107	-79	-2120	361	-61	-548	253	-141	139	691	139	81079023	
-16617	-2160	-188	-2109	349	-89	-544	254	-140	140	696	140	81079023	
-16669	-2133	-150	-2101	313	-96	-545	253	-140	141	701	141	81079024	
-16669	-2150	-121	-2111	266	-103	-547	247	-139	142	706	142	81079024	
-16697	-2151	-191	-2128	220	-110	-546	247	-140	143	711	143	81079025	
-16726	-2193	-185	-2122	199	-107	-543	247	-143	144	716	144	81079025	
-16676	-2192	-157	-2118	176	-95	-542	245	-141	145	721	145	81079026	
-16642	-2171	-179	-2108	144	-97	-541	243	-139	146	726	146	81079027	
-16655	-2148	-177	-2097	126	-86	-542	244	-138	147	731	147	81079028	
-16662	-2165	-153	-2093	118	-80	-545	247	-137	148	736	148	81079028	
-16618	-2136	-206	-2089	91	-73	-546	248	-138	149	741	149	81079029	
-16608	-2147	-169	-2090	55	-66	-548	250	-140	150	746	150	81079034	
-16603	-2172	-143	-2086	30	-80	-548	249	-140	151	751	151	81079051	
-16651	-2141	-130	-2080	32	-97	-547	247	-139	152	756	152	81079051	
-16657	-2179	-65	-2084	19	-89	-547	248	-139	153	761	153	81079057	
-16715	-2177	-92	-2095	2	-79	-548	252	-138	154	766	154	81079072	
-16724	-2166	-82	-2092	-2	-70	-548	254	-139	155	771	155	81079072	
-16750	-2138	-57	-2094	18	-60	-547	257	-141	156	776	156	81079073	
-16780	-2119	-82	-2091	70	-50	-546	256	-141	157	781	157	81079074	
-16746	-2135	-109	-2097	115	-30	-544	254	-140	158	786	158	81079074	
-16737	-2116	-111	-2098	148	-17	-545	252	-138	159	791	159	81079075	
-16704	-2114	-114	-2088	146	-23	-547	249	-135	160	796	160	81079095	
-16696	-2096	-138	-2070	94	-35	-551	247	-138	161	801	161	81079126	
-16717	-2112	-153	-2057	23	-50	-554	244	-140	162	806	162	81079126	
-16684	-2118	-106	-2057	-41	-67	-552	248	-141	163	811	163	81079127	
-16675	-2143	-94	-2066	-96	-64	-551	251	-141	164	816	164	81079129	
-16672	-2153	-176	-2080	-146	-61	-549	250	-141	165	821	165	81079130	
-16696	-2129	-138	-2089	-175	-58	-547	249	-141	166	826	166	81079130	
-16692	-2129	-69	-2087	-193	-40	-546	249	-141	167	831	167	81079130	
-16674	-2168	-86	-2084	-205	-16	-544	250	-140	168	836	168	81079131	
-16670	-2192	-71	-2078	-203	1	-544	251	-141	169	841	169	81079131	
-16637	-2165	-39	-2058	-203	25	-545	253	-143	170	846	170	81079155	
-16662	-2135	-24	-2036	-197	48	-547	254	-142	171	851	171	81079177	
-16676	-2107	-77	-2013	-185	56	-549	255	-141	172	856	172	81079178	
-16634	-2120	-55	-1997	-165	63	-547	251	-142	173	861	173	81079179	
-16656	-2117	-25	-1985	-132	57	-545	249	-143	174	866	174	81079193	
-16704	-2145	-66	-1975	-99	48	-549	250	-139	175	871	175	81079219	
-16735	-2132	-121	-1972	-65	40	-552	250	-136	176	876	176	81079231	
-16746	-2080	-83	-1965	-30	30	-547	250	-140	177	881	177	81079231	
-16742	-2040	-53	-1967	8	30	-544	250	-142	178	886	178	81079232	
-16780	-2085	-16	-1959	50	26	-543	249	-140	179	891	179	81079232	
-16812	-2010	-44	-1966	80	24	-543	249	-139	180	896	180	81079233	
-16815	-2031	16	-1975	96	22	-544	250	-140	181	901	181	81079234	
-16796	-2016	-67	-1995	120	38	-544	250	-140	182	906	182	81079234	
-16754	-2058	-44	-2009	137	29	-546	250	-143	183	911	183	81079234	
-16723	-2086	-34	-2022	154	16	-546	250	-144	184	916	184	81079235	
-16715	-2125	-66	-2031	159	20	-551	253	-141	185	921	185	81079235	
-16713	-2117	-46	-2050	153	28	-552	254	-140	186	926	186	81079236	
-16739	-2179	-73	-2079	143	72	-551	250	-139	187	931	187	81079236	
-16671	-2055	-104	-2116	119	143	-551	249	-139	188	936	188	81079236	
-16602	-2042	28	-2114	88	156	-549	247	-139	189	941	189	81079237	
-16684	-2013	-24	-2085	75	136	-549	247	-139	190	946	190	81079271	
-16713	-2050	-91	-2055	39	109	-547	249	-139	191	951	191	81079282	
-16688	-2076	-17	-2046	14	79	-547	249	-139	192	956	192	81079282	
-16669	-2010	46	-2063	11	74	-549	252	-139	193	961	193	81079284	
-16621	-2010	-5	-2074	-1	45	-549	253	-139	194	966	194	81079284	
-16658	-2024	-28	-2061	16	-21	-550	252	-136	195	971	195	81079285	
-16746	-2040	-4	-2059	36	-56	-550	252	-136	196	976	196	81079286	
-16748	-2070	76	-2070	55	-53	-550	248	-142	197	981	197	81079287	
-16770	-2038	70	-2081	91	-73	-550	248	-142	198	986	198	81079287	
-16782	-2042	92	-2086	105	-56	-542	250	-142	199	991	199	81079289	
-16726	-2032	18	-2066	103	-88	-542	250	-142	200	996	200	81079361	
-16718	-2036	62	-2049	94	-117	-550	248	-132	201	1001	201	81079362	
-16768	-2056	98	-2049	78	-91	-550	248	-132	202	1006	202	81079363	
-16702	-2008	10	-2040	55	-75	-542	252	-134	203	1011	203	81079363	
-16687	-2056	49	-2041	56	-82	-543	252	-136	204	1016	204	81079363	
-16730	-2026	6	-2030	63	-77	-546	250	-146	205	1021	205	81079364	
-16758	-2096	26	-2034	75	-66	-546	250	-146	206	1026	206	81079364	
-16648	-2050	90	-2046	82	-67	-548	250	-142	207	1031	207	81079365	
-16760	-2084	26	-2051	109	-63	-548	250	-142	208	1036	208	81079365	
-16672	-2074	-42	-2056	110	-54	-553	251	-137	209	1041	209	81079365	
-16636	-2070	18	-2053	87	-68	-553	251	-137	210	1046	210	81079366	
-16692	-2096	126	-2065	52	-65	-552	258	-138	211	1051	211	81079385	
-16684	-2044	52	-2080	16	-78	-550	256	-137	212	1056	212	81079385	
-16741	-2059	-18	-2088	10	-93	-541	247	-135	213	1061	213	81079386	
-16756	-1999	29	-2098	13	-96	-542	247	-136	214	1066	214	81079386	
-16785	-2070	50	-2109	14	-113	-545	245	-139	215	1071	215	81079387	
-16817	-2080	139	-2111	32	-125	-545	245	-139	216	1076	216	81079387	
-16765	-2077	111	-2125	60	-116	-545	247	-141	217	1081	217	81079387	
-16756	-2124	140	-2122	98	-105	-545	248	-141	218	1086	218	81079388	
-16756	-2072	148	-2119	147	-80	-546	254	-142	219	1091	219	81079388	
-16791	-2058	168	-2112	213	-57	-547	252	-140	220	1096	220	81079388	
-16716	-2051	120	-2104	260	-41	-549	249	-137	221	1101	221	81079389	
-16687	-2070	44	-2095	284	-35	-548	250	-139	222	1106	222	81079390	
-16683	-2101	50	-2074	270	-25	-547	251	-141	223	1111	223	81079390	
-16619	-2122	60	-2054	239	-19	-547	251	-141	224	1116	224	81079395	
-16619	-2110	-10	-2030	196	-26	-545	249	-143	225	1121	225	81079416	
-16601	-2063	2	-2016	136	-19	-546	248	-143	226	1126	226	81079436	
-16603	-2066	-24	-2006	108	-39	-551	245	-141	227	1131	227	81079437	
-16702	-2042	-79	-2003	90	-36	-550	247	-141	228	1136	228	81079437	
-16756	-2068	4	-2005	88	-47	-547	251	-141	229	1141	229	81079437	
-16799	-2045	51	-2016	106	-62	-547	250	-139	230	1146	230	81079438	
-16776	-2002	72	-2040	130	-80	-547	249	-137	231	1151	231	81079438	
-16766	-1998	94	-2063	163	-108	-549	248	-140	232	1156	232	81079439	
-16764	-2002	76	-2084	208	-146	-552	246	-144	233	1161	233	81079439	
-16768	-2032	78	-2103	253	-170	-549	246	-144	234	1166	234	81079440	
-16770	-2071	115	-2124	288	-179	-545	245	-145	235	1171	235	81079458	
-16768	-2078	69	-2144	321	-172	-550	247	-143	236	1176	236	81079486	
-16766	-2052	40	-2161	338	-153	-555	249	-141	237	1181	237	81079486	
-16748	-2050	44	-2167	336	-129	-550	250	-142	238	1186	238	81079486	
-16738	-2065	91	-2168	311	-105	-547	251	-143	239	1191	239	81079487	
-16724	-2052	77	-2161	271	-97	-545	252	-141	240	1196	240	81079488	
-16684	-2016	50	-2148	219	-100	-544	252	-140	241	1201	241	81079489	
-16670	-2042	24	-2140	168	-99	-546	252	-139	242	1206	242	81079515	
-16683	-2081	5	-2136	119	-88	-548	252	-138	243	1211	243	81079541	
-16692	-2067	8	-2130	69	-82	-547	251	-140	244	1216	244	81079542	
-16703	-2042	41	-2116	23	-83	-546	250	-142	245	1221	245	81079543	
-16664	-2038	114	-2104	-7	-71	-547	252	-141	246	1226	246	81079544	
-16681	-2102	98	-2094	-19	-66	-547	253	-141	247	1231	247	81079545	
-16755	-2120	82	-2087	-11	-58	-546	249	-139	248	1236	248	81079546	
-16742	-2105	124	-2076	6	-39	-546	246	-138	249	1241	249	81079546	
-16694	-2085	127	-2055	39	-32	-544	248	-134	250	1246	250	81079547	
-16757	-2120	130	-2030	80	-23	-543	249	-131	251	1251	251	81079547	
-16752	-2090	160	-2001	117	-25	-548	253	-138	252	1256	252	81079572	
-16698	-2030	69	-1973	163	-16	-552	256	-142	253	1261	253	81079588	
-16692	-2037	79	-1955	197	-13	-550	250	-138	254	1266	254	81079589	
-16710	-2051	84	-1942	209	-16	-549	249	-137	255	1271	255	81079590	
-16687	-1992	159	-1939	213	-37	-546	247	-137	256	1276	256	81079590	
-16699	-2022	191	-1945	200	-43	-545	247	-137	257	1281	257	81079613	
-16678	-1992	114	-1947	191	-52	-550	249	-137	258	1286	258	81079619	
-16699	-2030	100	-1941	177	-81	-551	249	-137	259	1291	259	81079620	
-16700	-2053	105	-1962	149	-115	-547	251	-139	260	1296	260	81079620	
-16673	-2072	117	-1978	115	-131	-546	252	-140	261	1301	261	81079621	
-16687	-2056	38	-2004	54	-141	-549	251	-137	262	1306	262	81079621	
-16734	-2040	50	-2035	-4	-144	-550	250	-136	263	1311	263	81079621	
-16701	-2084	90	-2060	-69	-166	-544	252	-140	264	1316	264	81079622	
-16653	-2050	90	-2079	-122	-176	-543	253	-141	265	1321	265	81079623	
-16676	-2038	50	-2094	-154	-184	-544	255	-140	266	1326	266	81079623	
-16754	-2049	128	-2121	-194	-184	-544	256	-140	267	1331	267	81079623	
-16710	-2042	112	-2139	-226	-193	-549	256	-138	268	1336	268	81079625	
-16673	-2043	78	-2152	-253	-190	-550	256	-138	269	1341	269	81079625	
-16642	-1982	150	-2161	-293	-200	-550	248	-140	270	1346	270	81079639	
-16732	-2014	74	-2160	-324	-213	-550	248	-140	271	1351	271	81079639	
-16648	-2008	138	-2156	-350	-204	-546	250	-134	272	1356	272	81079641	
-16636	-1960	134	-2151	-374	-206	-546	250	-134	273	1361	273	81079670	
-16694	-1964	154	-2158	-376	-227	-550	246	-142	274	1366	274	81079671	
-16702	-1956	170	-2164	-398	-226	-550	246	-142	275	1371	275	81079672	
-16806	-1978	162	-2181	-395	-240	-547	245	-139	276	1376	276	81079673	
-16782	-2028	266	-2182	-406	-230	-547	245	-139	277	1381	277	81079674	
-16758	-1974	214	-2184	-396	-224	-554	248	-140	278	1386	278	81079691	
-16814	-1991	240	-2187	-370	-219	-554	248	-139	279	1391	279	81079694	
-16804	-2036	242	-2188	-337	-196	-552	250	-136	280	1396	280	81079694	
-16760	-2002	282	-2182	-272	-186	-552	250	-136	281	1401	281	81079695	
-16778	-1972	222	-2178	-218	-182	-547	257	-137	282	1406	282	81079695	
-16768	-2070	222	-2166	-162	-185	-547	257	-137	283	1411	283	81079696	
-16750	-2012	214	-2153	-126	-185	-553	251	-137	284	1416	284	81079696	
-16744	-2038	210	-2142	-132	-179	-553	251	-137	285	1421	285	81079696	
-16758	-2064	162	-2129	-155	-191	-544	250	-138	286	1426	286	81079697	
-16756	-2091	142	-2135	-210	-194	-544	252	-138	287	1431	287	81079707	
-16710	-2046	236	-2142	-250	-190	-544	258	-140	288	1436	288	81079745	
-16720	-2052	234	-2150	-296	-167	-545	258	-140	289	1441	289	81079746	
-16721	-2117	267	-2161	-335	-161	-548	256	-138	290	1446	290	81079747	
-16695	-2124	208	-2150	-361	-149	-548	255	-138	291	1451	291	81079749	
-16697	-2116	259	-2147	-399	-132	-547	249	-137	292	1456	292	81079751	
-16682	-2058	285	-2138	-422	-124	-547	249	-138	293	1461	293	81079759	
-16641	-2081	264	-2140	-443	-120	-549	249	-143	294	1466	294	81079774	
-16681	-2088	314	-2136	-454	-111	-548	249	-140	295	1471	295	81079774	
-16731	-2114	314	-2124	-466	-108	-547	249	-135	296	1476	296	81079774	
-16753	-2113	331	-2114	-463	-115	-547	249	-137	297	1481	297	81079775	
-16769	-2102	355	-2108	-457	-113	-548	250	-140	298	1486	298	81079775	
-16821	-2085	338	-2101	-458	-120	-546	251	-140	299	1491	299	81079776	
-16839	-2101	332	-2094	-443	-136	-543	253	-139	300	1496	300	81079776	
-16815	-2106	362	-2095	-406	-135	-543	253	-139	301	1501	301	81079776	
-16737	-2089	388	-2101	-365	-145	-545	251	-139	302	1506	302	81079777	
-16735	-2118	424	-2110	-338	-151	-546	251	-139	303	1511	303	81079782	
-16742	-2106	474	-2113	-324	-164	-550	252	-140	304	1516	304	81079798	
-16746	-2089	442	-2117	-295	-165	-548	252	-140	305	1521	305	81079799	
-16767	-2106	432	-2124	-278	-170	-546	252	-140	306	1526	306	81079800	
-16720	-2110	475	-2136	-273	-170	-544	252	-139	307	1531	307	81079800	
-16755	-2102	456	-2139	-280	-167	-542	252	-138	308	1536	308	81079820	
-16751	-2107	417	-2134	-298	-163	-545	252	-139	309	1541	309	81079850	
-16690	-2096	406	-2134	-316	-154	-549	253	-141	310	1546	310	81079851	
-16689	-2089	443	-2143	-328	-153	-549	249	-140	311	1551	311	81079852	
-16724	-2125	443	-2145	-338	-148	-549	245	-139	312	1556	312	81079853	
-16729	-2097	462	-2144	-350	-135	-548	250	-136	313	1561	313	81079853	
-16730	-2048	483	-2138	-361	-134	-548	254	-134	314	1566	314	81079853	
-16737	-2022	511	-2126	-360	-123	-547	249	-136	315	1571	315	81079854	
-16733	-2062	541	-2129	-342	-114	-547	245	-137	316	1576	316	81079854	
-16716	-2071	523	-2133	-325	-116	-548	247	-136	317	1581	317	81079854	
-16719	-2052	574	-2134	-319	-108	-549	249	-135	318	1586	318	81079865	
-16724	-2051	619	-2132	-318	-100	-550	249	-136	319	1591	319	81079896	
-16755	-2080	545	-2115	-321	-98	-551	249	-137	320	1596	320	81079926	
-16789	-2091	509	-2098	-319	-88	-546	251	-136	321	1601	321	81079926	
-16779	-2063	541	-2106	-317	-86	-543	253	-135	322	1606	322	81079927	
-16775	-2058	558	-2112	-311	-92	-546	254	-139	323	1611	323	81079927	
-16757	-2068	536	-2106	-293	-97	-548	254	-142	324	1616	324	81079959	
-16726	-2080	503	-2104	-269	-96	-546	252	-143	325	1621	325	81079981	
-16726	-2096	556	-2113	-229	-87	-545	251	-143	326	1626	326	81079981	
-16756	-2110	607	-2113	-196	-90	-544	249	-141	327	1631	327	81079982	
-16743	-2094	615	-2109	-170	-87	-543	247	-139	328	1636	328	81079982	
-16750	-2073	552	-2108	-166	-92	-549	254	-143	329	1641	329	81079983	
-16685	-2076	517	-2110	-192	-92	-550	256	-144	330	1646	330	81079983	
-16670	-2080	523	-2110	-233	-84	-548	250	-142	331	1651	331	81079984	
-16779	-2118	526	-2123	-286	-96	-547	249	-141	332	1656	332	81079984	
-16806	-2064	580	-2127	-309	-95	-548	247	-142	333	1661	333	81079985	
-16852	-2093	602	-2133	-314	-104	-548	246	-142	334	1666	334	81080003	
-16886	-2098	673	-2135	-279	-108	-550	248	-139	335	1671	335	81080009	
-16894	-2133	637	-2132	-228	-102	-550	248	-138	336	1676	336	81080011	
-16864	-2144	653	-2125	-173	-98	-545	250	-138	337	1681	337	81080011	
-16760	-2058	652	-2122	-118	-84	-544	250	-138	338	1686	338	81080011	
-16763	-2074	656	-2120	-73	-50	-547	252	-138	339	1691	339	81080012	
-16690	-2052	671	-2109	-10	-44	-548	252	-138	340	1696	340	81080012	
-16694	-2006	610	-2096	15	-43	-548	252	-136	341	1701	341	81080013	
-16705	-2020	653	-2072	7	-33	-548	252	-136	342	1706	342	81080013	
-16655	-2010	578	-2045	-14	-40	-546	254	-135	343	1711	343	81080013	
-16695	-2041	526	-2019	-64	-44	-545	255	-135	344	1716	344	81080014	
-16650	-2028	502	-2003	-158	-40	-545	253	-141	345	1721	345	81080014	
-16666	-2060	534	-2019	-214	-52	-545	253	-141	346	1726	346	81080015	
-16702	-2046	628	-2038	-231	-47	-545	247	-139	347	1731	347	81080032	
-16758	-2092	606	-2050	-243	-63	-545	247	-139	348	1736	348	81080032	
-16804	-2106	570	-2070	-260	-88	-546	252	-140	349	1741	349	81080033	
-16826	-2034	698	-2075	-237	-87	-546	252	-140	350	1746	350	81080033	
-16828	-2052	710	-2092	-206	-107	-550	244	-142	351	1751	351	81080086	
-16874	-2086	774	-2105	-173	-116	-550	244	-142	352	1756	352	81080087	
-16856	-2034	744	-2120	-131	-122	-548	256	-138	353	1761	353	81080089	
-16849	-2068	733	-2141	-66	-118	-548	255	-138	354	1766	354	81080090	
-16812	-2076	775	-2146	-34	-121	-550	252	-138	355	1771	355	81080090	
-16842	-2066	732	-2145	-4	-110	-550	252	-138	356	1776	356	81080092	
-16790	-2078	634	-2141	5	-98	-551	247	-139	357	1781	357	81080138	
-16834	-2062	668	-2120	-4	-101	-551	247	-139	358	1786	358	81080139	
-16774	-2048	712	-2117	-31	-87	-550	254	-138	359	1791	359	81080139	
-16662	-2054	720	-2119	-69	-90	-550	254	-138	360	1796	360	81080140	
-16692	-2040	684	-2110	-98	-95	-543	253	-137	361	1801	361	81080140	
-16774	-2062	739	-2093	-151	-85	-544	252	-138	362	1806	362	81080141	
-16764	-2091	701	-2086	-202	-78	-546	250	-140	363	1811	363	81080141	
-16718	-2076	691	-2079	-255	-70	-546	250	-139	364	1816	364	81080142	
-16727	-2082	695	-2084	-279	-51	-546	248	-136	365	1821	365	81080146	
-16728	-2127	807	-2096	-286	-34	-547	248	-137	366	1826	366	81080168	
-16724	-2118	778	-2103	-271	-37	-553	247	-139	367	1831	367	81080191	
-16740	-2108	836	-2107	-244	-26	-551	248	-139	368	1836	368	81080192	
-16777	-2119	829	-2093	-196	-17	-545	253	-139	369	1841	369	81080192	
-16751	-2080	787	-2070	-130	-18	-547	252	-138	370	1846	370	81080193	
-16734	-2082	783	-2057	-75	-16	-551	251	-137	371	1851	371	81080193	
-16751	-2065	830	-2051	-21	-26	-548	251	-138	372	1856	372	81080194	
-16768	-2028	830	-2037	27	-32	-544	250	-140	373	1861	373	81080194	
-16754	-1998	828	-2031	65	-29	-544	250	-140	374	1866	374	81080195	
-16762	-2016	868	-2032	98	-40	-543	249	-139	375	1871	375	81080195	
-16776	-2011	830	-2031	118	-58	-544	250	-139	376	1876	376	81080195	
-16754	-2007	813	-2034	121	-68	-547	253	-141	377	1881	377	81080205	
-16762	-2014	776	-2040	121	-77	-546	253	-141	378	1886	378	81080242	
-16756	-2004	752	-2054	107	-83	-544	254	-140	379	1891	379	81080243	
-16758	-2004	738	-2070	91	-96	-544	254	-138	380	1896	380	81080243	
-16727	-2016	715	-2094	66	-107	-543	253	-135	381	1901	381	81080244	
-16723	-2009	738	-2115	43	-114	-546	252	-137	382	1906	382	81080244	
-16752	-2024	746	-2128	18	-128	-550	250	-140	383	1911	383	81080244	
-16773	-1994	688	-2139	-3	-144	-546	250	-138	384	1916	384	81080245	
-16780	-2036	687	-2156	-23	-147	-541	251	-135	385	1921	385	81080245	
-16831	-2069	749	-2166	-44	-146	-545	251	-135	386	1926	386	81080246	
-16821	-2028	810	-2167	-51	-136	-549	251	-135	387	1931	387	81080246	
-16780	-2017	892	-2154	-59	-117	-546	248	-137	388	1936	388	81080247	
-16808	-2034	874	-2150	-62	-100	-544	246	-138	389	1941	389	81080247	
-16775	-2069	851	-2146	-47	-93	-548	244	-136	390	1946	390	81080248	
-16705	-2055	860	-2135	-37	-85	-551	243	-135	391	1951	391	81080259	
-16719	-2053	856	-2120	-44	-71	-550	246	-134	392	1956	392	81080267	
-16743	-2032	856	-2108	-52	-69	-550	248	-134	393	1961	393	81080283	
-16757	-2020	844	-2101	-42	-69	-550	250	-135	394	1966	394	81080321	
-16765	-2036	847	-2097	-29	-70	-550	252	-136	395	1971	395	81080348	
-16796	-2050	878	-2099	-5	-79	-548	251	-138	396	1976	396	81080348	
-16822	-2043	868	-2108	37	-97	-547	251	-139	397	1981	397	81080349	
-16810	-2056	877	-2121	91	-107	-550	252	-140	398	1986	398	81080349	
-16813	-2083	906	-2128	147	-122	-552	252	-140	399	1991	399	81080350	
-16803	-2055	928	-2129	211	-121	-547	253	-140	400	1996	400	81080350	
-16789	-2044	930	-2134	280	-123	-544	254	-140	401	2001	401	81080350	
-16780	-2052	876	-2130	333	-137	-546	253	-140	402	2006	402	81080351	
-16749	-2047	866	-2121	370	-142	-548	252	-140	403	2011	403	81080351	
-16762	-1993	876	-2099	347	-154	-547	250	-138	404	2016	404	81080351	
-16728	-2039	806	-2084	307	-158	-547	249	-137	405	2021	405	81080352	
-16744	-2025	742	-2084	260	-163	-547	249	-135	406	2026	406	81080352	
-16662	-2055	752	-2090	220	-166	-547	249	-135	407	2031	407	81080353	
-16749	-2051	723	-2089	179	-164	-552	247	-133	408	2036	408	81080366	
-16739	-2062	770	-2097	137	-161	-553	247	-133	409	2041	409	81080392	
-16757	-2087	806	-2088	126	-154	-546	248	-137	410	2046	410	81080398	
-16721	-2081	766	-2089	123	-144	-544	248	-138	411	2051	411	81080398	
-16740	-2012	888	-2083	119	-127	-541	253	-137	412	2056	412	81080399	
-16760	-2029	855	-2085	117	-115	-541	253	-137	413	2061	413	81080399	
-16774	-2067	893	-2080	114	-122	-545	251	-146	414	2066	414	81080400	
-16770	-2047	872	-2079	125	-111	-546	250	-148	415	2071	415	81080400	
-16826	-2026	832	-2069	138	-114	-545	256	-144	416	2076	416	81080400	
-16814	-2011	869	-2069	147	-109	-545	257	-143	417	2081	417	81080401	
-16762	-2014	896	-2056	168	-87	-546	253	-139	418	2086	418	81080401	
-16748	-1976	847	-2050	191	-80	-546	252	-138	419	2091	419	81080402	
-16780	-2026	896	-2057	236	-90	-545	253	-135	420	2096	420	81080402	
-16792	-2052	878	-2057	257	-93	-545	253	-135	421	2101	421	81080424	
-16776	-2024	890	-2050	283	-100	-548	250	-134	422	2106	422	81080424	
-16692	-2018	842	-2058	311	-98	-548	250	-134	423	2111	423	81080425	
-16754	-1992	842	-2047	304	-87	-546	246	-138	424	2116	424	81080425	
-16742	-2012	804	-2053	306	-114	-546	246	-138	425	2121	425	81080426	
-16694	-2050	800	-2046	292	-96	-547	253	-137	426	2126	426	81080427	
-16742	-2016	858	-2039	263	-99	-547	253	-137	427	2131	427	81080427	
-16704	-2030	866	-2039	253	-104	-547	253	-141	428	2136	428	81080428	
-16672	-2084	885	-2063	240	-110	-548	252	-142	429	2141	429	81080453	
-16740	-2112	845	-2069	221	-110	-550	248	-144	430	2146	430	81080474	
-16759	-2082	862	-2075	207	-118	-549	249	-143	431	2151	431	81080475	
-16732	-2060	840	-2078	211	-123	-544	252	-140	432	2156	432	81080475	
-16738	-2040	830	-2075	215	-128	-544	252	-140	433	2161	433	81080476	
-16798	-2084	780	-2089	219	-121	-552	250	-138	434	2166	434	81080477	
-16772	-2064	890	-2089	228	-127	-552	250	-138	435	2171	435	81080527	
-16754	-2050	950	-2095	243	-147	-548	250	-140	436	2176	436	81080528	
-16782	-2050	886	-2104	262	-150	-547	251	-140	437	2181	437	81080529	
-16808	-2101	852	-2112	287	-163	-544	254	-138	438	2186	438	81080530	
-16816	-2080	928	-2114	314	-169	-545	253	-139	439	2191	439	81080530	
-16854	-2038	931	-2114	352	-166	-551	247	-141	440	2196	440	81080530	
-16846	-2010	799	-2110	371	-163	-550	247	-140	441	2201	441	81080531	
-16853	-1976	868	-2097	396	-166	-548	248	-136	442	2206	442	81080532	
-16768	-2052	877	-2082	419	-164	-549	248	-136	443	2211	443	81080532	
-16810	-2025	913	-2078	436	-160	-551	247	-135	444	2216	444	81080533	
-16747	-2019	882	-2053	436	-149	-550	248	-136	445	2221	445	81080534	
-16759	-2053	844	-2040	432	-137	-548	250	-138	446	2226	446	81080534	
-16764	-2052	865	-2028	420	-137	-546	251	-139	447	2231	447	81080536	
-16730	-2032	860	-2018	389	-140	-542	252	-140	448	2236	448	81080537	
-16706	-2012	826	-2013	334	-135	-544	251	-135	449	2241	449	81080544	
-16724	-2014	846	-2016	277	-149	-548	250	-128	450	2246	450	81080555	
-16747	-2047	835	-2028	242	-165	-546	252	-132	451	2251	451	81080556	
-16741	-2082	836	-2046	232	-167	-543	255	-139	452	2256	452	81080556	
-16786	-2059	890	-2065	262	-174	-543	254	-139	453	2261	453	81080557	
-16844	-2056	972	-2088	315	-189	-544	250	-138	454	2266	454	81080557	
-16836	-2033	1004	-2098	370	-185	-546	250	-139	455	2271	455	81080575	
-16773	-2076	983	-2110	429	-164	-549	251	-141	456	2276	456	81080601	
-16743	-2086	940	-2116	475	-138	-549	250	-140	457	2281	457	81080601	
-16744	-2072	887	-2115	510	-109	-549	249	-139	458	2286	458	81080602	
-16736	-2019	861	-2107	519	-96	-546	251	-139	459	2291	459	81080602	
-16742	-1983	849	-2087	505	-87	-542	254	-138	460	2296	460	81080603	
-16698	-2014	834	-2066	463	-81	-544	252	-138	461	2301	461	81080603	
-16694	-2051	779	-2037	396	-78	-546	250	-138	462	2306	462	81080604	
-16684	-2040	786	-2022	334	-84	-548	249	-139	463	2311	463	81080604	
-16691	-2020	766	-2030	286	-90	-549	249	-139	464	2316	464	81080605	
-16724	-2045	757	-2040	272	-102	-553	250	-137	465	2321	465	81080635	
-16784	-2055	816	-2049	290	-121	-556	250	-136	466	2326	466	81080655	
-16825	-2036	811	-2058	338	-140	-551	248	-137	467	2331	467	81080656	
-16846	-2042	864	-2065	402	-170	-548	246	-138	468	2336	468	81080656	
-16868	-2014	885	-2071	467	-187	-548	251	-139	469	2341	469	81080657	
-16844	-1984	836	-2075	526	-199	-548	254	-140	470	2346	470	81080657	
-16820	-2043	823	-2092	564	-216	-552	250	-139	471	2351	471	81080657	
-16812	-2058	772	-2102	581	-224	-554	248	-138	472	2356	472	81080658	
-16797	-2078	648	-2112	593	-225	-549	251	-140	473	2361	473	81080658	
-16730	-2081	650	-2129	588	-215	-545	253	-141	474	2366	474	81080669	
-16691	-2072	756	-2138	549	-196	-547	255	-144	475	2371	475	81080724	
-16706	-2065	793	-2142	498	-187	-548	256	-146	476	2376	476	81080755	
-16733	-2066	784	-2133	448	-178	-546	254	-141	477	2381	477	81080756	
-16737	-2035	734	-2128	386	-157	-545	253	-137	478	2386	478	81080756	
-16667	-2062	832	-2110	330	-152	-545	255	-139	479	2391	479	81080756	
-16719	-2051	798	-2095	284	-142	-545	255	-139	480	2396	480	81080757	
-16730	-2062	851	-2084	240	-144	-545	252	-137	481	2401	481	81080757	
-16746	-2085	882	-2064	221	-145	-545	251	-137	482	2406	482	81080757	
-16790	-2048	808	-2038	212	-143	-547	248	-139	483	2411	483	81080758	
-16763	-2072	804	-2023	224	-130	-547	247	-139	484	2416	484	81080758	
-16808	-2078	765	-2017	253	-131	-546	248	-141	485	2421	485	81080759	
-16736	-2027	800	-2003	303	-130	-546	248	-142	486	2426	486	81080776	
-16776	-2006	894	-1997	362	-118	-545	253	-137	487	2431	487	81080781	
-16756	-2072	876	-1992	418	-136	-545	253	-137	488	2436	488	81080782	
-16811	-2044	874	-1997	471	-139	-543	253	-135	489	2441	489	81080782	
-16809	-2076	850	-1998	519	-149	-543	253	-135	490	2446	490	81080783	
-16814	-2019	895	-2003	562	-168	-550	251	-142	491	2451	491	81080784	
-16758	-1999	793	-2026	608	-184	-552	250	-144	492	2456	492	81080785	
-16754	-2025	799	-2048	650	-201	-545	254	-135	493	2461	493	81080785	
-16718	-2018	787	-2078	687	-222	-543	255	-133	494	2466	494	81080804	
-16724	-2000	774	-2108	718	-234	-549	253	-143	495	2471	495	81080835	
-16702	-1984	828	-2138	735	-248	-549	253	-143	496	2476	496	81080836	
-16762	-1976	842	-2154	764	-257	-552	244	-136	497	2481	497	81080836	
-16790	-2112	880	-2171	777	-276	-552	244	-136	498	2486	498	81080837	
-16762	-2066	928	-2167	783	-267	-548	254	-136	499	2491	499	81080837	
-16810	-2038	826	-2178	791	-271	-548	254	-136	500	2496	500	81080838	
-16738	-2056	824	-2178	794	-266	-545	245	-143	501	2501	501	81080839	
-16764	-2096	792	-2178	789	-252	-545	245	-143	502	2506	502	81080841	
-16830	-2108	838	-2170	770	-247	-547	249	-141	503	2511	503	81080841	
-16814	-2072	764	-2162	752	-234	-546	249	-141	504	2516	504	81080842	
-16835	-2100	770	-2142	743	-219	-543	251	-139	505	2521	505	81080842	
-16796	-2116	745	-2121	743	-214	-544	251	-139	506	2526	506	81080843	
-16802	-2108	834	-2105	751	-178	-549	249	-139	507	2531	507	81080847	
-16739	-2119	840	-2089	761	-156	-549	250	-139	508	2536	508	81080858	
-16756	-2174	748	-2069	760	-145	-548	252	-140	509	2541	509	81080858	
-16742	-2130	690	-2057	760	-120	-548	252	-140	510	2546	510	81080859	
-16724	-2150	772	-2038	752	-100	-545	251	-133	511	2551	511	81080888	
-16765	-2103	742	-2000	739	-104	-546	251	-133	512	2556	512	81080889	
-16736	-2100	708	-1980	736	-99	-549	253	-131	513	2561	513	81080889	
-16748	-2077	672	-1975	731	-101	-550	253	-134	514	2566	514	81080890	
-16724	-2094	752	-1982	738	-113	-552	252	-144	515	2571	515	81080890	
-16830	-2137	658	-1977	756	-99	-552	252	-144	516	2576	516	81080890	
-16858	-2091	677	-1999	769	-82	-554	254	-142	517	2581	517	81080891	
-16792	-2122	690	-2021	789	-72	-552	252	-142	518	2586	518	81080891	
-16813	-2128	685	-2034	828	-60	-542	244	-142	519	2591	519	81080891	
-16819	-2138	704	-2057	861	-51	-543	246	-140	520	2596	520	81080892	
-16790	-2124	701	-2064	880	-51	-544	250	-138	521	2601	521	81080892	
-16721	-2103	645	-2065	884	-63	-546	250	-140	522	2606	522	81080911	
-16746	-2157	623	-2070	869	-71	-548	250	-144	523	2611	523	81080937	
-16737	-2163	582	-2072	826	-73	-548	249	-142	524	2616	524	81080938	
-16683	-2126	595	-2082	774	-79	-547	247	-139	525	2621	525	81080950	
-16665	-2134	561	-2097	727	-85	-548	248	-137	526	2626	526	81080979	
-16683	-2145	495	-2110	687	-81	-550	250	-134	527	2631	527	81080996	
-16719	-2114	418	-2113	659	-71	-548	251	-135	528	2636	528	81080997	
-16748	-2076	475	-2107	653	-64	-542	254	-138	529	2641	529	81080997	
-16770	-2102	510	-2095	661	-59	-546	252	-137	530	2646	530	81080998	
-16766	-2064	517	-2069	666	-56	-551	249	-135	531	2651	531	81080998	
-16779	-2019	530	-2054	671	-55	-548	249	-138	532	2656	532	81080999	
-16772	-2044	512	-2039	674	-48	-543	249	-143	533	2661	533	81081000	
-16771	-2062	503	-2010	676	-42	-543	249	-140	534	2666	534	81081001	
-16775	-2090	492	-2003	670	-42	-542	250	-136	535	2671	535	81081001	
-16785	-2101	552	-2009	670	-38	-546	253	-136	536	2676	536	81081002	
-16774	-2058	571	-2010	688	-42	-550	256	-136	537	2681	537	81081002	
-16752	-2083	598	-2019	723	-48	-549	254	-137	538	2686	538	81081003	
-16762	-2135	591	-2031	761	-44	-548	252	-138	539	2691	539	81081011	
-16769	-2096	572	-2040	811	-39	-546	250	-140	540	2696	540	81081016	
-16746	-2077	555	-2047	873	-38	-545	249	-141	541	2701	541	81081017	
-16760	-2111	558	-2056	925	-40	-547	248	-138	542	2706	542	81081017	
-16759	-2072	599	-2061	965	-42	-548	248	-136	543	2711	543	81081018	
-16769	-2067	620	-2062	984	-46	-549	250	-138	544	2716	544	81081018	
-16747	-2096	600	-2065	994	-41	-549	251	-139	545	2721	545	81081019	
-16711	-2079	500	-2063	991	-35	-549	254	-138	546	2726	546	81081020	
-16717	-2029	461	-2060	970	-29	-549	255	-137	547	2731	547	81081049	
-16703	-2056	526	-2043	925	-21	-548	251	-139	548	2736	548	81081068	
-16680	-2036	487	-2019	880	-21	-547	249	-141	549	2741	549	81081069	
-16687	-2032	454	-1999	833	-14	-546	253	-138	550	2746	550	81081069	
-16674	-2038	455	-1985	776	-1	-546	256	-136	551	2751	551	81081069	
-16662	-2006	488	-1975	734	-9	-546	251	-136	552	2756	552	81081070	
-16762	-1989	422	-1963	698	-21	-546	248	-136	553	2761	553	81081070	
-16770	-2018	435	-1954	673	-29	-545	246	-137	554	2766	554	81081113	
-16729	-2020	478	-1963	661	-50	-545	245	-137	555	2771	555	81081146	
-16739	-1994	558	-1977	645	-82	-551	246	-141	556	2776	556	81081152	
-16722	-2049	510	-1994	623	-119	-552	246	-142	557	2781	557	81081153	
-16694	-2035	547	-2030	604	-110	-550	248	-139	558	2786	558	81081154	
-16734	-2119	538	-2060	570	-97	-550	248	-138	559	2791	559	81081155	
-16727	-2033	622	-2086	565	-79	-548	244	-137	560	2796	560	81081156	
-16738	-1974	562	-2094	611	-89	-547	243	-137	561	2801	561	81081157	
-16728	-2060	410	-2078	642	-106	-544	250	-142	562	2806	562	81081157	
-16788	-2000	524	-2095	642	-92	-544	250	-142	563	2811	563	81081177	
-16880	-2030	522	-2099	642	-60	-550	252	-142	564	2816	564	81081202	
-16788	-2003	477	-2085	641	-38	-550	252	-142	565	2821	565	81081203	
-16773	-1972	484	-2070	660	-27	-549	250	-140	566	2826	566	81081203	
-16795	-2009	419	-2061	683	-32	-549	249	-139	567	2831	567	81081204	
-16763	-1988	450	-2036	693	-16	-549	257	-144	568	2836	568	81081204	
-16669	-2014	377	-2010	694	-18	-549	259	-145	569	2841	569	81081205	
-16756	-1936	354	-1979	669	-23	-543	249	-145	570	2846	570	81081205	
-16708	-1922	334	-1966	642	-40	-543	249	-145	571	2851	571	81081206	
-16672	-1954	360	-1958	601	-82	-546	252	-142	572	2856	572	81081206	
-16734	-1958	340	-1952	561	-119	-546	252	-142	573	2861	573	81081207	
-16742	-2014	374	-1947	558	-135	-552	248	-140	574	2866	574	81081207	
-16772	-2034	362	-1987	569	-142	-552	248	-140	575	2871	575	81081208	
-16816	-2042	424	-2002	613	-179	-547	249	-139	576	2876	576	81081231	
-16828	-2016	456	-2039	670	-194	-547	249	-139	577	2881	577	81081232	
-16754	-2046	390	-2055	714	-188	-538	250	-142	578	2886	578	81081232	
-16740	-2059	341	-2062	735	-153	-540	250	-141	579	2891	579	81081233	
-16684	-2002	385	-2074	759	-140	-546	252	-138	580	2896	580	81081233	
-16666	-2048	311	-2062	775	-138	-545	251	-138	581	2901	581	81081234	
-16640	-2072	346	-2034	757	-134	-542	248	-138	582	2906	582	81081234	
-16697	-2102	235	-2013	720	-116	-542	250	-139	583	2911	583	81081239	
-16741	-2096	290	-2019	686	-87	-544	256	-144	584	2916	584	81081257	
-16734	-2094	272	-2034	667	-49	-544	256	-144	585	2921	585	81081257	
-16690	-2092	292	-2018	622	0	-539	249	-141	586	2926	586	81081257	
-16797	-2027	324	-2000	594	-4	-541	249	-140	587	2931	587	81081258	
-16840	-2029	235	-1979	593	-6	-547	249	-137	588	2936	588	81081258	
-16849	-2043	268	-1957	619	-25	-547	248	-136	589	2941	589	81081259	
-16880	-2012	380	-1956	702	-48	-546	246	-134	590	2946	590	81081259	
-16809	-2013	384	-1957	797	-52	-546	245	-135	591	2951	591	81081259	
-16760	-2071	362	-1958	866	-66	-545	243	-139	592	2956	592	81081260	
-16770	-2027	348	-1950	913	-105	-544	244	-138	593	2961	593	81081260	
-16752	-2012	310	-1961	957	-148	-542	250	-134	594	2966	594	81081266	
-16693	-2067	302	-2002	977	-182	-548	250	-135	595	2971	595	81081302	
-16674	-2062	234	-2038	973	-197	-557	251	-137	596	2976	596	81081332	
-16658	-2077	216	-2072	935	-207	-553	251	-137	597	2981	597	81081332	
-16655	-2094	220	-2098	856	-212	-547	251	-137	598	2986	598	81081333	
-16641	-2096	227	-2106	752	-218	-547	253	-139	599	2991	599	81081333	
-16625	-2091	238	-2118	645	-212	-547	255	-141	600	2996	600	81081334	
-16672	-2044	245	-2124	560	-207	-547	253	-141	601	3001	601	81081335	
-16646	-2017	245	-2111	476	-204	-547	251	-141	602	3006	602	81081336	
-16668	-2036	245	-2101	412	-195	-547	251	-139	603	3011	603	81081337	
-16704	-2022	218	-2102	377	-187	-548	252	-136	604	3016	604	81081337	
-16715	-2040	227	-2109	349	-176	-548	254	-136	605	3021	605	81081337	
-16694	-2099	237	-2101	341	-155	-548	258	-136	606	3026	606	81081346	
-16681	-2116	216	-2092	331	-126	-548	254	-138	607	3031	607	81081357	
-16712	-2064	298	-2078	330	-99	-548	248	-142	608	3036	608	81081358	
-16739	-1999	313	-2053	348	-85	-547	250	-141	609	3041	609	81081358	
-16722	-1979	284	-2029	378	-75	-546	252	-140	610	3046	610	81081359	
-16709	-2017	346	-2014	413	-60	-547	250	-142	611	3051	611	81081360	
-16737	-1998	324	-1995	440	-57	-548	248	-144	612	3056	612	81081360	
-16715	-1975	280	-1978	457	-75	-551	250	-142	613	3061	613	81081360	
-16707	-1982	282	-1971	457	-106	-553	251	-141	614	3066	614	81081361	
-16724	-2012	274	-1975	464	-140	-549	253	-140	615	3071	615	81081415	
-16740	-2038	204	-2002	477	-153	-546	254	-140	616	3076	616	81081451	
-16726	-2025	231	-2036	500	-147	-550	254	-139	617	3081	617	81081452	
-16741	-2073	193	-2075	528	-151	-552	254	-138	618	3086	618	81081453	
-16725	-2073	135	-2100	539	-159	-550	252	-139	619	3091	619	81081454	
-16705	-2042	176	-2129	520	-166	-548	250	-140	620	3096	620	81081454	
-16728	-2102	252	-2147	495	-172	-548	252	-137	621	3101	621	81081455	
-16669	-2061	227	-2158	476	-180	-548	252	-136	622	3106	622	81081455	
-16667	-2045	211	-2173	447	-186	-545	257	-138	623	3111	623	81081456	
-16688	-2066	222	-2186	425	-193	-543	261	-139	624	3116	624	81081457	
-16732	-2082	204	-2196	418	-188	-546	256	-138	625	3121	625	81081457	
-16754	-2050	184	-2202	417	-176	-548	252	-138	626	3126	626	81081501	
-16773	-2010	218	-2202	440	-182	-547	251	-135	627	3131	627	81081530	
-16795	-2063	233	-2182	482	-199	-547	251	-133	628	3136	628	81081531	
-16769	-2010	232	-2166	512	-208	-547	256	-138	629	3141	629	81081531	
-16740	-2064	238	-2146	527	-231	-547	257	-139	630	3146	630	81081532	
-16691	-1970	259	-2123	521	-242	-552	249	-137	631	3151	631	81081532	
-16685	-2028	314	-2105	503	-257	-553	247	-137	632	3156	632	81081533	
-16680	-2029	265	-2100	499	-284	-549	251	-138	633	3161	633	81081533	
-16720	-2046	240	-2099	498	-318	-548	252	-138	634	3166	634	81081534	
-16722	-2033	323	-2092	504	-333	-545	250	-141	635	3171	635	81081534	
-16744	-2049	266	-2085	520	-349	-544	250	-142	636	3176	636	81081535	
-16756	-2024	346	-2081	551	-374	-544	250	-138	637	3181	637	81081535	
-16764	-2062	224	-2078	574	-356	-544	250	-138	638	3186	638	81081535	
-16790	-2134	280	-2088	591	-339	-545	251	-137	639	3191	639	81081582	
-16766	-2136	204	-2083	613	-317	-545	251	-137	640	3196	640	81081583	
-16768	-2099	264	-2092	656	-276	-546	255	-138	641	3201	641	81081584	
-16792	-2079	233	-2095	699	-256	-546	256	-138	642	3206	642	81081585	
-16816	-2036	204	-2088	731	-233	-544	254	-139	643	3211	643	81081586	
-16778	-2037	208	-2069	762	-202	-543	253	-139	644	3216	644	81081586	
-16724	-2064	166	-2046	786	-180	-552	248	-142	645	3221	645	81081587	
-16742	-2048	184	-2035	770	-160	-552	248	-142	646	3226	646	81081587	
-16728	-2004	172	-2041	747	-147	-543	249	-141	647	3231	647	81081587	
-16624	-2008	86	-2040	692	-169	-543	249	-141	648	3236	648	81081588	
-16650	-1998	138	-2038	651	-204	-543	253	-135	649	3241	649	81081588	
-16714	-2066	80	-2048	603	-190	-543	253	-135	650	3246	650	81081589	
-16806	-2042	224	-2069	565	-196	-552	248	-138	651	3251	651	81081590	
-16748	-2062	80	-2086	550	-190	-552	248	-138	652	3256	652	81081590	
-16670	-2066	120	-2080	551	-179	-542	252	-142	653	3261	653	81081591	
-16685	-2075	110	-2073	579	-187	-542	252	-141	654	3266	654	81081613	
-16694	-2068	128	-2065	604	-176	-544	254	-138	655	3271	655	81081633	
-16711	-2093	101	-2060	622	-162	-545	253	-138	656	3276	656	81081633	
-16696	-2125	100	-2051	641	-174	-548	250	-138	657	3281	657	81081633	
-16756	-2144	159	-2042	651	-176	-547	250	-140	658	3286	658	81081634	
-16786	-2147	78	-2040	665	-166	-544	252	-146	659	3291	659	81081634	
-16825	-2144	82	-2036	675	-162	-544	251	-145	660	3296	660	81081635	
-16738	-2074	50	-2043	687	-153	-544	246	-138	661	3301	661	81081635	
-16774	-2078	35	-2033	744	-138	-544	247	-138	662	3306	662	81081635	
-16814	-2124	47	-2027	792	-132	-545	249	-139	663	3311	663	81081636	
-16758	-2086	28	-2036	818	-130	-546	248	-140	664	3316	664	81081636	
-16711	-2077	60	-2037	824	-117	-550	246	-144	665	3321	665	81081637	
-16756	-2167	66	-2038	820	-110	-549	246	-143	666	3326	666	81081643	
-16756	-2149	86	-2043	806	-99	-546	248	-138	667	3331	667	81081660	
-16743	-2111	70	-2052	778	-86	-545	249	-137	668	3336	668	81081660	
-16743	-2162	84	-2054	777	-68	-543	251	-135	669	3341	669	81081661	
-16778	-2136	135	-2063	800	-49	-544	251	-135	670	3346	670	81081661	
-16765	-2138	134	-2064	830	-40	-546	252	-136	671	3351	671	81081673	
-16715	-2140	92	-2069	869	-44	-548	250	-139	672	3356	672	81081689	
-16691	-2149	45	-2071	916	-51	-552	246	-144	673	3361	673	81081690	
-16714	-2167	12	-2071	961	-58	-550	248	-140	674	3366	674	81081691	
-16674	-2175	20	-2078	989	-48	-546	252	-134	675	3371	675	81081691	
-16662	-2182	38	-2075	991	-30	-546	252	-136	676	3376	676	81081692	
-16684	-2182	-8	-2066	987	-29	-547	251	-139	677	3381	677	81081693	
-16667	-2162	-30	-2049	974	-30	-548	249	-137	678	3386	678	81081693	
-16659	-2138	-28	-2039	944	-27	-549	247	-135	679	3391	679	81081694	
-16663	-2160	-36	-2035	909	-29	-547	247	-136	680	3396	680	81081713	
-16652	-2142	-26	-2032	873	-21	-544	248	-138	681	3401	681	81081743	
-16645	-2135	-83	-2030	820	-14	-546	250	-140	682	3406	682	81081761	
-16662	-2119	-121	-2031	775	-13	-548	254	-142	683	3411	683	81081787	
-16680	-2091	-115	-2029	743	-15	-547	254	-141	684	3416	684	81081788	
-16635	-2080	-114	-2018	709	-17	-546	254	-140	685	3421	685	81081789	
-16680	-2070	-76	-2009	653	-8	-547	253	-140	686	3426	686	81081790	
-16739	-2070	-154	-2009	604	8	-547	251	-139	687	3431	687	81081790	
-16732	-2086	-108	-2012	567	15	-546	253	-136	688	3436	688	81081790	
-16730	-2062	-58	-2024	523	14	-546	254	-134	689	3441	689	81081791	
-16732	-2072	-54	-2030	498	13	-545	252	-138	690	3446	690	81081791	
-16719	-2093	-71	-2029	489	4	-545	251	-141	691	3451	691	81081792	
-16682	-2058	-59	-2030	491	0	-548	246	-142	692	3456	692	81081818	
-16686	-2062	-47	-2035	500	7	-550	242	-142	693	3461	693	81081850	
-16698	-2100	-50	-2026	506	1	-551	249	-143	694	3466	694	81081861	
-16702	-2028	-77	-2023	508	-3	-551	253	-143	695	3471	695	81081861	
-16688	-2077	-62	-2025	497	6	-549	251	-139	696	3476	696	81081862	
-16687	-2072	-117	-2023	486	2	-548	250	-138	697	3481	697	81081862	
-16691	-2067	-215	-2026	489	3	-549	247	-141	698	3486	698	81081862	
-16663	-2055	-137	-2025	489	6	-550	246	-142	699	3491	699	81081863	
-16664	-2069	-116	-2019	485	-9	-548	250	-138	700	3496	700	81081863	
-16682	-2068	-204	-2021	482	-27	-547	253	-135	701	3501	701	81081864	
-16702	-2040	-232	-2022	481	-32	-545	251	-139	702	3506	702	81081865	
-16632	-2049	-182	-2024	470	-48	-543	249	-141	703	3511	703	81081865	
-16703	-2058	-184	-2030	454	-61	-549	255	-143	704	3516	704	81081866	
-16758	-2023	-150	-2025	438	-68	-550	256	-144	705	3521	705	81081866	
-16782	-2030	-202	-2021	440	-90	-548	250	-138	706	3526	706	81081867	
-16773	-2015	-184	-2032	445	-105	-547	249	-137	707	3531	707	81081868	
-16797	-2023	-91	-2040	448	-114	-549	248	-141	708	3536	708	81081868	
-16866	-1983	-81	-2061	460	-121	-550	248	-142	709	3541	709	81081869	
-16872	-2001	-44	-2072	497	-112	-549	250	-141	710	3546	710	81081869	
-16844	-2037	-26	-2065	538	-79	-549	251	-141	711	3551	711	81081870	
-16692	-2006	-18	-2071	615	-48	-547	247	-139	712	3556	712	81081870	
-16720	-1972	-52	-2077	658	-23	-547	247	-139	713	3561	713	81081871	
-16656	-1934	-140	-2065	680	-7	-545	249	-135	714	3566	714	81081871	
-16632	-1992	-132	-2046	634	0	-545	249	-135	715	3571	715	81081872	
-16542	-2036	-248	-2036	555	11	-550	254	-142	716	3576	716	81081886	
-16610	-2026	-183	-2018	478	17	-550	254	-142	717	3581	717	81081887	
-16554	-1986	-237	-2004	374	2	-542	254	-139	718	3586	718	81081888	
-16600	-1978	-262	-1991	267	-12	-540	254	-138	719	3591	719	81081889	
-16712	-2002	-234	-2007	200	-16	-542	254	-140	720	3596	720	81081939	
-16714	-2012	-146	-2009	184	-29	-542	254	-140	721	3601	721	81081940	
-16802	-1968	-74	-2018	180	-46	-548	252	-140	722	3606	722	81081940	
-16818	-2054	-30	-2036	226	-77	-548	252	-140	723	3611	723	81081962	
-16822	-2052	-4	-2051	281	-100	-544	250	-142	724	3616	724	81081963	
-16824	-2010	22	-2072	367	-97	-544	250	-142	725	3621	725	81081964	
-16832	-2072	50	-2080	441	-95	-544	252	-136	726	3626	726	81081964	
-16892	-2038	-10	-2099	526	-103	-544	252	-136	727	3631	727	81081965	
-16806	-2070	-8	-2099	603	-91	-552	242	-144	728	3636	728	81081966	
-16798	-2100	17	-2108	679	-73	-551	244	-144	729	3641	729	81081967	
-16709	-2068	-38	-2110	728	-67	-548	250	-144	730	3646	730	81081968	
-16706	-2019	-88	-2108	742	-50	-549	250	-142	731	3651	731	81081968	
-16660	-2030	-110	-2106	733	-40	-554	252	-136	732	3656	732	81081969	
-16568	-1993	-146	-2086	718	-53	-552	251	-137	733	3661	733	81081969	
-16595	-2005	-191	-2072	671	-51	-546	248	-142	734	3666	734	81081970	
