-4827	-16008	-1809	-1761	140	1140	108	24	-104	1	1	1	84930172	
-4864	-15887	-1854	-1838	142	1155	108	24	-104	2	6	2	84930172	
-4885	-15792	-1967	-1921	132	1211	108	24	-104	3	11	3	84930172	
-4888	-15734	-1862	-1970	116	1272	106	22	-106	4	16	4	84930173	
-4837	-15801	-1840	-1986	99	1297	105	21	-107	5	21	5	84930173	
-4854	-15858	-1842	-2002	110	1289	107	19	-109	6	26	6	84930175	
-4865	-15914	-1960	-2035	124	1289	107	19	-109	7	31	7	84930176	
-4879	-15979	-2038	-2116	142	1302	106	21	-107	8	36	8	84930198	
-4852	-16112	-2106	-2249	167	1343	106	22	-106	9	41	9	84930204	
-4908	-16188	-2098	-2374	137	1382	106	16	-100	10	46	10	84930204	
-4930	-16276	-2104	-2530	129	1410	106	16	-100	11	51	11	84930204	
-4922	-16272	-2096	-2686	147	1418	106	22	-108	12	56	12	84930204	
-4998	-16314	-2182	-2864	156	1431	106	22	-108	13	61	13	84930204	
-5062	-16268	-2254	-3037	165	1435	104	26	-104	14	66	14	84930204	
-5008	-16284	-2290	-3174	179	1443	104	26	-104	15	71	15	84930204	
-5042	-16200	-2140	-3327	201	1471	104	24	-108	16	76	16	84930233	
-4956	-16222	-2378	-3427	222	1476	104	24	-108	17	81	17	84930273	
-5023	-16123	-2241	-3539	258	1459	106	28	-112	18	86	18	84930273	
-4995	-16101	-2182	-3619	256	1434	105	27	-112	19	91	19	84930273	
-4998	-16136	-2104	-3667	245	1417	103	23	-111	20	96	20	84930274	
-5024	-16083	-2023	-3677	219	1399	103	23	-111	21	101	21	84930274	
-5007	-16111	-1941	-3678	202	1370	101	25	-111	22	106	22	84930274	
-5034	-16084	-1906	-3689	189	1356	101	25	-111	23	111	23	84930282	
-5032	-16126	-1824	-3736	156	1344	99	23	-113	24	116	24	84930320	
-5054	-16188	-1738	-3878	88	1365	99	23	-113	25	121	25	84930324	
-5034	-16107	-1742	-3930	56	1413	102	18	-110	26	126	26	84930325	
-5118	-16051	-1832	-3849	121	1462	100	20	-111	27	131	27	84930325	
-5222	-16003	-2053	-3772	229	1466	93	27	-113	28	136	28	84930325	
-5308	-16017	-2147	-3822	299	1430	95	26	-112	29	141	29	84930326	
-5282	-16069	-2064	-3939	286	1393	102	24	-110	30	146	30	84930327	
-5194	-16292	-2064	-4034	233	1334	101	24	-110	31	151	31	84930339	
-5179	-16565	-2016	-4074	206	1209	97	25	-111	32	156	32	84930365	
-5260	-16749	-2019	-4123	205	1098	98	26	-113	33	161	33	84930365	
-5294	-16798	-2248	-4281	313	1071	101	27	-117	34	166	34	84930365	
-5356	-16728	-2233	-4525	427	1123	100	26	-115	35	171	35	84930365	
-5390	-16635	-2176	-4784	492	1174	98	24	-112	36	176	36	84930366	
-5324	-16487	-2172	-4968	483	1176	97	22	-112	37	181	37	84930366	
-5290	-16346	-2107	-5112	457	1148	96	20	-112	38	186	38	84930366	
-5332	-16198	-2096	-5184	501	1126	96	22	-114	39	191	39	84930366	
-5387	-16097	-2110	-5086	615	1127	95	25	-117	40	196	40	84930366	
-5454	-15942	-2198	-4940	723	1126	95	24	-118	41	201	41	84930366	
-5530	-15796	-2280	-4869	807	1096	95	20	-122	42	206	42	84930366	
-5572	-15652	-2264	-4762	837	1088	97	23	-121	43	211	43	84930371	
-5624	-15679	-2257	-4555	843	1076	99	25	-119	44	216	44	84930375	
-5678	-15879	-2364	-4393	900	975	96	22	-118	45	221	45	84930375	
-5867	-15926	-2483	-4477	991	816	94	20	-118	46	226	46	84930376	
-6276	-15859	-2815	-4877	971	711	94	19	-120	47	231	47	84930382	
-6574	-15750	-2904	-5589	971	723	94	18	-122	48	236	48	84930399	
-6654	-15445	-2573	-6266	1057	886	93	22	-120	49	241	49	84930407	
-6699	-15068	-2291	-6659	1084	1212	92	26	-118	50	246	50	84930407	
-6716	-14925	-2539	-6496	1012	1448	89	23	-121	51	251	51	84930407	
-6851	-14975	-2947	-6161	1020	1360	87	21	-123	52	256	52	84930407	
-7091	-15067	-3161	-6052	1071	1214	87	22	-122	53	261	53	84930407	
-7197	-14953	-3124	-6141	1125	1244	87	23	-121	54	266	54	84930408	
-7290	-14772	-3042	-6030	1171	1401	88	26	-123	55	271	55	84930413	
-7473	-14543	-3262	-5595	1120	1585	88	28	-124	56	276	56	84930433	
-7692	-14313	-3784	-5034	1117	1728	88	24	-125	57	281	57	84930445	
-7888	-14298	-4260	-4534	1329	1765	88	22	-126	58	286	58	84930445	
-7928	-14454	-4499	-4194	1709	1717	86	21	-128	59	291	59	84930445	
-7944	-14826	-4592	-4008	1974	1643	85	21	-129	60	296	60	84930445	
-8131	-14939	-4630	-3885	2064	1597	83	23	-129	61	301	61	84930445	
-8283	-15010	-4791	-3727	2041	1657	83	23	-129	62	306	62	84930445	
-8297	-15383	-4992	-3584	2084	1818	81	17	-125	63	311	63	84930452	
-8273	-15629	-5150	-3752	2339	1936	80	16	-124	64	316	64	84930476	
-8214	-15486	-5023	-4053	2682	1952	83	16	-127	65	321	65	84930482	
-8250	-15587	-5210	-4145	2878	1990	84	16	-128	66	326	66	84930482	
-8422	-15654	-5444	-4375	2792	2170	77	15	-133	67	331	67	84930482	
-8372	-15224	-5490	-4627	2835	2338	77	15	-133	68	336	68	84930482	
-8580	-14784	-5458	-4604	3088	2420	77	23	-129	69	341	69	84930482	
-8754	-15024	-5518	-4482	3191	2547	77	23	-129	70	346	70	84930482	
-9006	-14862	-5428	-4577	3275	2691	78	20	-130	71	351	71	84930491	
-9058	-14684	-5688	-4425	3482	2791	78	20	-130	72	356	72	84930519	
-8944	-14624	-5744	-4197	3945	2783	77	15	-129	73	361	73	84930520	
-8982	-14182	-5448	-4133	4217	2749	77	15	-129	74	366	74	84930520	
-9260	-14155	-5450	-3906	4118	2856	77	15	-131	75	371	75	84930520	
-9284	-14380	-5678	-3578	3997	3083	77	15	-131	76	376	76	84930520	
-9434	-14360	-5412	-3480	4316	3052	73	15	-129	77	381	77	84930520	
-9664	-13802	-5368	-3279	4593	2968	73	15	-129	78	386	78	84930520	
-9672	-12998	-5160	-2578	4856	3038	77	17	-135	79	391	79	84930559	
-10070	-13950	-5314	-1659	4815	3197	77	17	-135	80	396	80	84930560	
-10044	-14840	-5446	-1490	4700	3309	77	19	-133	81	401	81	84930560	
-9752	-14568	-5048	-1438	5262	3090	77	19	-133	82	406	82	84930560	
-9642	-14968	-4880	-1068	5832	2881	75	11	-133	83	411	83	84930560	
-9853	-15101	-4838	-1277	5658	3026	74	12	-134	84	416	84	84930560	
-9827	-14730	-4838	-1538	5536	3258	70	14	-138	85	421	85	84930562	
-9855	-14752	-4698	-1731	5821	3386	70	14	-137	86	426	86	84930575	
-9920	-14418	-4697	-2095	6090	3457	71	13	-133	87	431	87	84930597	
-9741	-14382	-4816	-2383	6306	3597	71	14	-134	88	436	88	84930598	
-9591	-14242	-4686	-2740	6601	3624	72	18	-138	89	441	89	84930598	
-9512	-14044	-4764	-3033	6815	3660	71	18	-136	90	446	90	84930598	
-9512	-14038	-4895	-3240	6877	3805	67	17	-129	91	451	91	84930598	
-9715	-13689	-5025	-3457	6916	3955	69	16	-128	92	456	92	84930598	
-9880	-13132	-5262	-3490	7065	4142	74	12	-126	93	461	93	84930598	
-9918	-12762	-5270	-3394	7277	4311	72	11	-132	94	466	94	84930613	
-9752	-12567	-5280	-3205	7628	4456	69	9	-141	95	471	95	84930635	
-9530	-12504	-5275	-2943	8102	4534	67	8	-140	96	476	96	84930635	
-9314	-12474	-5324	-2688	8540	4598	65	7	-139	97	481	97	84930635	
-9110	-12488	-5422	-2511	8782	4720	66	8	-139	98	486	98	84930635	
-9019	-12508	-5473	-2425	8863	4873	68	10	-140	99	491	99	84930635	
-8976	-12472	-5521	-2416	8964	5007	66	12	-139	100	496	100	84930635	
-8903	-12411	-5468	-2459	9186	5116	64	14	-138	101	501	101	84930639	
-8787	-12256	-5428	-2504	9494	5229	66	13	-139	102	506	102	84930651	
-8613	-12051	-5399	-2540	9794	5363	68	12	-140	103	511	103	84930666	
-8388	-11863	-5354	-2570	10059	5516	68	11	-139	104	516	104	84930673	
-8156	-11664	-5385	-2578	10294	5682	67	9	-137	105	521	105	84930673	
-7990	-11401	-5391	-2558	10515	5829	67	8	-138	106	526	106	84930673	
-7850	-11231	-5370	-2494	10750	5966	68	6	-140	107	531	107	84930673	
-7700	-11109	-5394	-2403	10990	6109	67	5	-140	108	536	108	84930673	
-7545	-10996	-5347	-2289	11244	6259	66	4	-140	109	541	109	84930687	
-7399	-10877	-5342	-2198	11491	6408	67	6	-142	110	546	110	84930707	
-7240	-10767	-5234	-2135	11727	6544	67	7	-143	111	551	111	84930711	
-7094	-10671	-5163	-2049	11948	6686	65	6	-141	112	556	112	84930711	
-6936	-10624	-5051	-1933	12138	6847	64	6	-140	113	561	113	84930711	
-6751	-10674	-4921	-1794	12308	7029	66	6	-144	114	566	114	84930711	
-6579	-10750	-4804	-1630	12465	7229	68	6	-146	115	571	115	84930711	
-6397	-10861	-4614	-1450	12614	7461	66	3	-145	116	576	116	84930716	
-6362	-10978	-4491	-1240	12768	7763	65	1	-145	117	581	117	84930742	
-6224	-11195	-4389	-1051	12880	8027	63	2	-141	118	586	118	84930749	
-6154	-11335	-4249	-837	12971	8283	62	2	-140	119	591	119	84930750	
-6029	-11476	-4116	-634	13021	8551	63	4	-142	120	596	120	84930750	
-5931	-11639	-4040	-468	13065	8821	63	5	-143	121	601	121	84930750	
-5858	-11846	-3943	-335	13136	9077	58	0	-140	122	606	122	84930751	
-5838	-12048	-3989	-249	13237	9321	57	-1	-139	123	611	123	84930752	
-5775	-12262	-3969	-226	13309	9551	62	-3	-136	124	616	124	84930777	
-5731	-12437	-3922	-234	13349	9799	63	-3	-135	125	621	125	84930799	
-5679	-12579	-3864	-254	13342	10057	67	-4	-141	126	626	126	84930803	
-5708	-12662	-3833	-242	13318	10319	68	-4	-142	127	631	127	84930803	
-5712	-12716	-3726	-205	13319	10563	65	-7	-139	128	636	128	84930803	
-5681	-12803	-3730	-143	13319	10792	64	-8	-138	129	641	129	84930803	
-5677	-12995	-3759	-25	13341	10978	66	-5	-140	130	646	130	84930803	
-5769	-13321	-3857	115	13365	11127	66	-4	-140	131	651	131	84930804	
-5798	-13742	-3923	241	13424	11226	69	-2	-135	132	656	132	84930851	
-5878	-14267	-3976	340	13491	11258	70	-2	-134	133	661	133	84930865	
-5966	-14910	-4066	417	13531	11228	66	-4	-132	134	666	134	84930866	
-6096	-15386	-4132	384	13538	11146	66	-4	-132	135	671	135	84930866	
-6284	-15916	-4272	277	13540	11057	73	-3	-135	136	676	136	84930866	
-6414	-16388	-4364	115	13603	10938	73	-3	-135	137	681	137	84930867	
-6530	-16806	-4542	-72	13666	10816	70	-8	-134	138	686	138	84930867	
-6548	-17132	-4624	-277	13706	10684	70	-8	-134	139	691	139	84930867	
-6612	-17310	-4740	-481	13709	10518	71	-7	-133	140	696	140	84930867	
-6630	-17414	-4646	-681	13680	10358	71	-7	-133	141	701	141	84930867	
-6520	-17420	-4528	-844	13653	10160	71	-7	-131	142	706	142	84930867	
-6496	-17335	-4627	-960	13666	9877	72	-6	-131	143	711	143	84930889	
-6450	-17232	-4606	-1016	13727	9624	75	-3	-131	144	716	144	84930899	
-6389	-17190	-4678	-1039	13798	9353	75	-5	-131	145	721	145	84930899	
-6286	-17190	-4731	-1065	13863	9084	76	-12	-132	146	726	146	84930899	
-6277	-17089	-4730	-1079	13909	8805	76	-12	-133	147	731	147	84930899	
-6353	-15428	-4873	-906	13945	8593	75	-11	-135	148	736	148	84930899	
-6903	-10124	-5423	643	14127	8841	75	-12	-134	149	741	149	84930899	
-6170	-9092	-6302	5289	14621	9544	76	-16	-130	150	746	150	84930899	
-5884	-13040	-7177	9397	14828	8671	76	-15	-130	151	751	151	84930911	
-6374	-16815	-7591	9838	14355	6914	76	-14	-130	152	756	152	84930929	
-7034	-17757	-7918	9123	14137	5333	77	-14	-131	153	761	153	84930929	
-7084	-18888	-8059	9707	15459	4662	81	-15	-133	154	766	154	84930929	
-6462	-19789	-8545	10414	17078	4390	81	-15	-132	155	771	155	84930929	
-5874	-18258	-9588	10162	17828	4093	82	-16	-128	156	776	156	84930929	
-5215	-15758	-10706	10658	18198	4135	82	-17	-127	157	781	157	84930929	
-4079	-14462	-11305	13070	18736	4012	82	-20	-124	158	786	158	84930929	
-3602	-14258	-11197	17446	19309	3025	86	-21	-123	159	791	159	84930929	
-3949	-15253	-11296	21758	19504	2207	91	-23	-121	160	796	160	84930929	
-4284	-17475	-11359	25148	19458	1905	91	-26	-119	161	801	161	84930936	
-4458	-19666	-10626	26574	19197	1788	91	-31	-117	162	806	162	84930969	
-4769	-20974	-9155	26321	18725	1540	93	-28	-114	163	811	163	84931002	
-5197	-21225	-7733	25101	18217	1179	95	-23	-109	164	816	164	84931002	
-5306	-20769	-6586	23281	18096	806	98	-24	-107	165	821	165	84931002	
-5040	-20175	-5602	21185	18488	298	102	-26	-104	166	826	166	84931002	
-4406	-19778	-4846	18839	19087	-453	104	-30	-102	167	831	167	84931007	
-3690	-19644	-4296	16498	19381	-1278	106	-34	-100	168	836	168	84931031	
-3202	-19530	-3901	14413	19280	-1878	108	-38	-96	169	841	169	84931044	
-2844	-19523	-3582	12356	18934	-2235	110	-40	-94	170	846	170	84931044	
-2581	-19692	-3301	10200	18453	-2390	110	-41	-98	171	851	171	84931044	
-2417	-19862	-3206	8005	17940	-2413	110	-42	-100	172	856	172	84931044	
-2355	-19840	-3310	5916	17517	-2349	109	-41	-93	173	861	173	84931044	
-2382	-19456	-3619	3976	17256	-2205	109	-41	-89	174	866	174	84931044	
-2326	-18778	-4118	2205	17102	-1974	107	-46	-89	175	871	175	84931044	
-2262	-17792	-4547	456	16913	-1667	105	-49	-89	176	876	176	84931045	
-2202	-17039	-4802	-827	16630	-1486	109	-45	-88	177	881	177	84931045	
-2151	-16398	-5088	-1804	16328	-1432	110	-44	-88	178	886	178	84931045	
-2098	-15883	-5249	-2445	16115	-1430	111	-46	-87	179	891	179	84931045	
-2078	-15347	-5307	-2928	15948	-1397	111	-47	-87	180	896	180	84931059	
-2031	-14781	-5432	-3280	15815	-1232	106	-49	-87	181	901	181	84931076	
-1978	-14178	-5488	-3573	15674	-893	103	-51	-87	182	906	182	84931080	
-1909	-13706	-5441	-3739	15455	-447	108	-55	-87	183	911	183	84931080	
-1875	-13361	-5405	-3760	15072	-6	111	-57	-87	184	916	184	84931080	
-2066	-12201	-5334	-3546	14667	390	110	-53	-86	185	921	185	84931080	
-2026	-10914	-5508	-2569	14428	936	110	-52	-86	186	926	186	84931080	
-1684	-9804	-5599	-1088	14479	1283	105	-55	-84	187	931	187	84931080	
-1185	-9102	-5533	545	14676	1313	104	-56	-84	188	936	188	84931080	
-704	-9111	-5261	2096	14793	1419	106	-54	-81	189	941	189	84931081	
-212	-9899	-5081	3385	14563	1743	106	-54	-80	190	946	190	84931081	
-10	-10544	-4839	4123	13875	2167	113	-56	-78	191	951	191	84931121	
-290	-9740	-4680	4748	12765	2878	115	-57	-77	192	956	192	84931131	
-210	-8512	-4992	6091	12206	3527	110	-60	-82	193	961	193	84931131	
346	-8366	-5160	7849	12479	3557	110	-60	-82	194	966	194	84931131	
1182	-9620	-5062	8727	13339	2986	107	-57	-77	195	971	195	84931131	
1496	-10266	-4830	8246	14060	2574	107	-57	-77	196	976	196	84931131	
1400	-10054	-4798	7758	13960	3051	113	-63	-75	197	981	197	84931131	
1578	-11274	-5254	8142	13016	3867	113	-63	-75	198	986	198	84931141	
1444	-12572	-5546	8039	11975	4029	117	-61	-71	199	991	199	84931171	
968	-12068	-5426	7175	11328	4023	117	-61	-71	200	996	200	84931171	
686	-11608	-5395	6829	11223	4403	109	-67	-59	201	1001	201	84931171	
554	-10728	-5599	6902	11415	4411	111	-65	-60	202	1006	202	84931171	
605	-9910	-5551	7281	11704	4457	118	-58	-66	203	1011	203	84931171	
925	-10001	-5855	7832	11891	4757	118	-59	-65	204	1016	204	84931171	
1392	-10288	-5870	8156	11974	5001	116	-64	-58	205	1021	205	84931171	
1926	-10662	-5652	8407	11884	5186	116	-64	-58	206	1026	206	84931183	
2304	-11094	-5734	8544	11556	5229	116	-58	-58	207	1031	207	84931211	
2316	-11202	-5972	8503	11093	5245	116	-58	-58	208	1036	208	84931211	
1904	-11574	-6312	8161	10502	5477	118	-60	-58	209	1041	209	84931211	
1306	-11051	-6419	7577	9994	5689	118	-60	-57	210	1046	210	84931211	
501	-8882	-6188	7399	9531	5897	118	-60	-54	211	1051	211	84931211	
272	-8788	-6304	8317	9355	6088	120	-60	-53	212	1056	212	84931211	
238	-9684	-6020	8830	9683	5918	127	-61	-51	213	1061	213	84931211	
285	-10546	-5764	8742	10121	5742	126	-61	-51	214	1066	214	84931211	
452	-11259	-5529	8656	10294	5748	124	-60	-50	215	1071	215	84931212	
672	-12285	-5365	8565	10124	5879	125	-60	-48	216	1076	216	84931214	
691	-13493	-5398	7979	9726	5966	130	-60	-42	217	1081	217	84931228	
525	-14837	-5412	6618	9306	5870	129	-60	-45	218	1086	218	84931253	
239	-15410	-5433	5016	9062	5668	127	-59	-49	219	1091	219	84931253	
-306	-14475	-5398	3374	8843	5601	127	-59	-46	220	1096	220	84931253	
-1033	-11833	-5312	2352	8548	6007	126	-60	-42	221	1101	221	84931253	
-1371	-10164	-5639	2497	8210	6900	128	-58	-43	222	1106	222	84931254	
-1120	-10860	-6216	2953	8142	7369	132	-56	-44	223	1111	223	84931254	
-922	-11272	-6152	2618	8552	6908	131	-56	-44	224	1116	224	84931255	
-845	-11028	-5895	2240	8876	6349	129	-57	-43	225	1121	225	84931267	
-802	-10815	-6026	2227	8536	6372	129	-57	-41	226	1126	226	84931279	
-972	-11007	-6252	2012	7940	6615	129	-57	-39	227	1131	227	84931279	
-1268	-11326	-6358	1619	7477	6677	130	-53	-40	228	1136	228	84931279	
-1622	-11444	-6291	1327	7302	6433	131	-51	-41	229	1141	229	84931280	
-1973	-11333	-6173	1296	7293	6129	133	-52	-38	230	1146	230	84931286	
-2244	-11194	-6072	1475	7273	5936	135	-53	-35	231	1151	231	84931302	
-2441	-11214	-6028	1817	7168	5880	135	-53	-35	232	1156	232	84931318	
-2576	-11392	-6018	2196	7069	5833	136	-54	-36	233	1161	233	84931318	
-2615	-11630	-5897	2647	7076	5691	136	-53	-35	234	1166	234	84931318	
-2586	-11798	-5718	3170	7147	5523	135	-51	-33	235	1171	235	84931319	
-2369	-11755	-5542	3732	7178	5391	133	-51	-33	236	1176	236	84931319	
-2198	-11650	-5286	4302	7119	5236	131	-51	-33	237	1181	237	84931319	
-2152	-11505	-5044	4762	6986	5044	135	-50	-31	238	1186	238	84931326	
-2122	-11413	-4804	5122	6817	4854	138	-50	-30	239	1191	239	84931347	
-2098	-11385	-4551	5396	6665	4727	140	-47	-31	240	1196	240	84931359	
-2082	-11716	-4410	5520	6593	4641	141	-45	-31	241	1201	241	84931359	
-2003	-12406	-4044	5335	6556	4489	140	-45	-30	242	1206	242	84931359	
-2034	-13291	-3818	4853	6433	4315	139	-45	-29	243	1211	243	84931360	
-2117	-13509	-3390	4188	6186	4179	137	-49	-27	244	1216	244	84931360	
-2145	-12596	-3060	3658	5861	4216	136	-50	-26	245	1221	245	84931360	
-2100	-11096	-2996	3798	5694	4498	145	-43	-28	246	1226	246	84931387	
-1922	-10565	-2997	4616	5682	4846	147	-41	-29	247	1231	247	84931395	
-1997	-10696	-2868	5646	5595	5026	144	-41	-27	248	1236	248	84931395	
-2146	-11068	-2823	6800	5301	5164	143	-41	-27	249	1241	249	84931395	
-2238	-11534	-2878	8061	4919	5354	149	-45	-26	250	1246	250	84931395	
-2346	-12106	-2924	9632	4568	5521	150	-46	-26	251	1251	251	84931395	
-2326	-12502	-3000	11110	4463	5545	149	-41	-23	252	1256	252	84931395	
-2142	-13052	-3032	12460	4456	5606	149	-41	-23	253	1261	253	84931395	
-1840	-13474	-3090	13677	4478	5733	149	-35	-23	254	1266	254	84931432	
-1714	-13776	-2998	14529	4443	5863	149	-35	-23	255	1271	255	84931432	
-1824	-13729	-3036	15241	4255	5881	154	-37	-20	256	1276	256	84931433	
-1873	-13483	-2828	16079	4018	5958	155	-37	-19	257	1281	257	84931433	
-1934	-13259	-2281	16944	3765	6094	153	-33	-17	258	1286	258	84931433	
-2240	-13358	-1672	18263	3370	6004	152	-32	-16	259	1291	259	84931433	
-2476	-13494	-1004	19655	3038	5718	158	-34	-8	260	1296	260	84931433	
-2614	-13820	-308	21085	2802	5469	158	-34	-8	261	1301	261	84931440	
-2646	-14174	602	22551	2728	5197	161	-35	-3	262	1306	262	84931464	
-2472	-14738	1476	23981	2711	4982	161	-35	-3	263	1311	263	84931464	
-2252	-15200	2190	25299	2632	4777	158	-32	-2	264	1316	264	84931464	
-2130	-15360	2838	26568	2410	4550	158	-32	-2	265	1321	265	84931465	
-1914	-15294	3500	27831	2151	4431	159	-33	7	266	1326	266	84931465	
-1568	-15188	4110	29053	1846	4483	159	-33	7	267	1331	267	84931465	
-1262	-15111	4821	30622	1418	4557	160	-32	14	268	1336	268	84931512	
-1186	-15134	5592	31905	1006	4619	160	-31	15	269	1341	269	84931622	
-1075	-15402	6399	32767	537	4784	161	-27	21	270	1346	270	84931622	
-1015	-15871	6932	32767	71	5002	162	-27	23	271	1351	271	84931622	
-1136	-15890	7307	32767	-387	5116	165	-25	29	272	1356	272	84931622	
-954	-17308	7551	32767	-936	5246	164	-25	30	273	1361	273	84931622	
-809	-18949	8098	32767	-1444	5502	160	-26	36	274	1366	274	84931622	
-824	-20186	8074	32767	-2050	5641	161	-26	39	275	1371	275	84931636	
-769	-22381	8747	32719	-2694	5313	165	-25	47	276	1376	276	84931677	
-1101	-24039	9474	31722	-3261	4825	165	-23	49	277	1381	277	84931677	
-1677	-25196	9373	29281	-3987	4081	166	-20	52	278	1386	278	84931677	
-1934	-26259	9222	26632	-4462	3047	166	-20	56	279	1391	279	84931677	
-1552	-27910	9526	23739	-4563	1863	167	-19	61	280	1396	280	84931677	
-795	-29555	9710	20613	-4634	682	167	-19	62	281	1401	281	84931677	
-98	-30668	9562	17454	-4797	-493	166	-18	64	282	1406	282	84931677	
656	-31238	9488	13385	-5299	-1909	164	-17	65	283	1411	283	84931678	
875	-31043	9241	8798	-6293	-3395	159	-15	69	284	1416	284	84931694	
671	-29940	8293	5244	-6865	-4645	161	-17	68	285	1421	285	84931723	
537	-27990	7196	2239	-6861	-5777	165	-19	67	286	1426	286	84931729	
632	-25414	6404	-299	-6790	-6711	165	-18	69	287	1431	287	84931729	
827	-22579	5900	-2258	-7170	-7463	165	-17	73	288	1436	288	84931729	
963	-19871	5566	-3501	-7921	-8019	166	-19	72	289	1441	289	84931729	
1091	-17525	5539	-3904	-8711	-8340	167	-23	71	290	1446	290	84931729	
1296	-15831	5507	-3487	-9400	-8481	167	-24	71	291	1451	291	84931729	
1587	-14865	5295	-2485	-9954	-8606	166	-26	70	292	1456	292	84931729	
1908	-14568	4914	-1487	-10151	-8812	167	-30	68	293	1461	293	84931729	
2144	-14508	4388	-711	-10044	-8968	168	-32	66	294	1466	294	84931730	
2414	-14389	3731	-26	-9905	-8946	165	-33	65	295	1471	295	84931730	
2680	-14182	3402	469	-9936	-8674	163	-33	65	296	1476	296	84931730	
2832	-13834	3438	681	-10219	-8230	164	-37	68	297	1481	297	84931743	
2725	-13310	3544	922	-10410	-7778	164	-40	70	298	1486	298	84931751	
2539	-12884	3873	1537	-10288	-7327	165	-35	69	299	1491	299	84931751	
2363	-12680	4259	2458	-10084	-6823	166	-32	68	300	1496	300	84931752	
2201	-12752	4699	3778	-9971	-6201	165	-37	65	301	1501	301	84931752	
2154	-13114	4959	5240	-9898	-5588	164	-38	64	302	1506	302	84931752	
1904	-13495	5345	6533	-9772	-5086	166	-45	66	303	1511	303	84931752	
1607	-13840	5842	7676	-9517	-4751	167	-47	67	304	1516	304	84931752	
1298	-14258	6227	8715	-9247	-4514	163	-48	69	305	1521	305	84931752	
1023	-14826	6317	9549	-9044	-4246	162	-48	70	306	1526	306	84931752	
804	-15399	6272	9962	-8784	-3870	166	-49	74	307	1531	307	84931752	
725	-15913	6273	9903	-8391	-3569	167	-49	75	308	1536	308	84931752	
741	-16434	6424	9450	-7840	-3355	162	-53	74	309	1541	309	84931752	
722	-16665	6266	8841	-7405	-3353	160	-54	74	310	1546	310	84931775	
628	-16784	6065	8227	-7037	-3409	159	-50	75	311	1551	311	84931781	
481	-16681	5980	7557	-6658	-3419	159	-49	75	312	1556	312	84931782	
380	-16191	5867	6972	-6255	-3343	158	-53	73	313	1561	313	84931789	
423	-15250	5607	6592	-5935	-3162	158	-54	72	314	1566	314	84931806	
529	-14057	5993	6302	-5773	-2960	160	-55	76	315	1571	315	84931810	
494	-12616	7074	6194	-5859	-2829	161	-55	77	316	1576	316	84931810	
120	-11094	7592	7133	-6217	-2638	160	-56	74	317	1581	317	84931810	
-484	-11008	6348	9265	-6424	-2319	160	-56	74	318	1586	318	84931810	
-1522	-12262	4154	11386	-6566	-1904	159	-61	81	319	1591	319	84931810	
-2650	-12392	1636	12143	-6548	-1647	159	-61	81	320	1596	320	84931811	
-3430	-13064	544	12237	-6425	-1339	158	-56	84	321	1601	321	84931811	
-4234	-14118	-636	11458	-6708	-1228	158	-56	84	322	1606	322	84931811	
-4404	-14176	-120	10226	-6578	-1707	155	-59	85	323	1611	323	84931811	
-4102	-13594	1126	9325	-6036	-2327	155	-59	85	324	1616	324	84931811	
-3874	-13330	1888	9304	-5433	-2722	157	-61	87	325	1621	325	84931811	
-3832	-13731	1962	9912	-5015	-2784	158	-62	87	326	1626	326	84931819	
-3744	-14056	2429	10157	-4903	-2866	160	-66	88	327	1631	327	84931821	
-3694	-14484	3451	10121	-4954	-3076	159	-65	88	328	1636	328	84931836	
-3419	-15214	4531	10118	-5043	-3282	156	-62	88	329	1641	329	84931862	
-2960	-15993	5526	9995	-5150	-3471	155	-64	91	330	1646	330	84931862	
-2586	-16655	6429	9585	-5308	-3705	149	-71	103	331	1651	331	84931862	
-2172	-17278	7370	9059	-5457	-3915	149	-70	102	332	1656	332	84931862	
-1861	-18091	8667	8265	-5658	-4060	151	-65	97	333	1661	333	84931862	
-1566	-18913	9591	7294	-5869	-4224	151	-65	98	334	1666	334	84931862	
-1201	-19701	10259	6422	-5849	-4543	149	-65	103	335	1671	335	84931862	
-709	-20332	11032	5405	-5674	-4948	148	-66	103	336	1676	336	84931865	
-257	-20805	11617	4196	-5607	-5252	143	-69	103	337	1681	337	84931879	
240	-21529	11896	2944	-5542	-5450	144	-69	103	338	1686	338	84931897	
633	-22063	11987	1674	-5288	-5768	147	-67	103	339	1691	339	84931898	
896	-21906	11982	449	-4938	-6190	148	-68	104	340	1696	340	84931898	
1150	-21963	11558	-665	-4613	-6441	153	-73	107	341	1701	341	84931899	
1219	-22318	11189	-2159	-4159	-6622	153	-75	106	342	1706	342	84931899	
1227	-22601	10810	-4220	-3252	-6940	151	-81	103	343	1711	343	84931899	
1355	-22070	10409	-6114	-2267	-7256	150	-79	104	344	1716	344	84931899	
1384	-21305	9926	-7753	-1311	-7379	149	-77	105	345	1721	345	84931899	
1339	-20687	9293	-9059	-491	-7273	150	-77	104	346	1726	346	84931900	
1226	-19971	8719	-10103	234	-7131	152	-76	102	347	1731	347	84931900	
1052	-19273	8204	-10730	893	-6976	152	-75	101	348	1736	348	84931900	
926	-19344	7303	-10954	1529	-6700	152	-74	100	349	1741	349	84931906	
984	-19998	6169	-11331	2271	-6311	152	-75	100	350	1746	350	84931929	
1204	-19689	5482	-12133	3016	-5883	152	-76	100	351	1751	351	84931943	
1321	-19056	5137	-12673	3639	-5302	155	-80	99	352	1756	352	84931943	
1224	-18888	4900	-12743	4137	-4625	157	-83	99	353	1761	353	84931943	
903	-19188	4725	-12550	4596	-4175	154	-82	96	354	1766	354	84931944	
554	-20156	4584	-12474	5113	-4063	152	-82	94	355	1771	355	84931944	
300	-20910	4579	-12825	5717	-4174	156	-81	92	356	1776	356	84931944	
140	-19797	4836	-13388	6300	-4320	158	-80	90	357	1781	357	84931944	
-58	-16751	5459	-13248	6646	-4167	157	-82	94	358	1786	358	84931945	
-184	-18344	5145	-11599	6609	-3545	156	-84	96	359	1791	359	84931945	
-246	-21736	4137	-10777	6710	-3173	157	-82	94	360	1796	360	84931950	
-190	-21686	4220	-12399	7514	-3244	157	-81	93	361	1801	361	84931976	
97	-20793	4575	-14299	8233	-2996	159	-78	89	362	1806	362	84931991	
164	-19026	4677	-15600	8422	-2513	160	-76	86	363	1811	363	84931991	
-91	-13981	5101	-16072	8471	-2186	158	-78	88	364	1816	364	84931991	
-373	-7144	6077	-14182	8371	-1479	157	-79	89	365	1821	365	84931991	
-53	-5468	5818	-8218	7955	-254	162	-78	84	366	1826	366	84931991	
1022	-12183	3393	1289	7727	660	165	-77	81	367	1831	367	84931991	
1313	-19144	742	6340	8014	408	169	-79	82	368	1836	368	84931992	
18	-14530	1630	5194	8232	45	170	-80	82	369	1841	369	84931992	
-481	-11392	3399	6083	7984	519	165	-77	87	370	1846	370	84931998	
-662	-11262	2984	10469	8003	495	164	-76	88	371	1851	371	84932025	
-816	-9947	3752	13739	9027	377	159	-79	83	372	1856	372	84932033	
5	-8106	5499	17128	9805	1132	158	-80	82	373	1861	373	84932039	
1066	-6702	7137	22018	9513	2172	163	-78	82	374	1866	374	84932042	
795	-21566	4910	27353	8428	2453	164	-78	82	375	1871	375	84932042	
1350	-32768	-476	22825	8866	807	166	-68	100	376	1876	376	84932043	
2848	-28088	4002	7054	13608	-814	166	-68	100	377	1881	377	84932043	
3960	-11930	9252	-2159	16203	-1187	161	-69	97	378	1886	378	84932043	
4564	7374	15430	-125	14594	750	161	-69	97	379	1891	379	84932044	
4350	12100	16626	14961	10118	3391	160	-62	104	380	1896	380	84932044	
1136	60	13978	31657	5519	3950	160	-62	104	381	1901	381	84932069	
-46	-13946	9474	32767	3748	2885	157	-63	111	382	1906	382	84932069	
1502	-23034	7586	32767	6547	1555	157	-63	111	383	1911	383	84932069	
71	-24928	8241	27185	10311	1938	152	-68	114	384	1916	384	84932070	
1744	-23678	10128	21664	12461	2555	152	-68	114	385	1921	385	84932070	
-1276	-21126	7426	16438	12816	1895	150	-58	124	386	1926	386	84932070	
334	-17372	9952	9800	13097	2827	150	-58	124	387	1931	387	84932070	
-490	-15334	8454	6597	12909	1291	150	-52	120	388	1936	388	84932080	
-556	-13442	8830	2683	12097	1913	150	-52	120	389	1941	389	84932108	
3338	-10760	12762	861	11678	2409	152	-50	126	390	1946	390	84932108	
-690	-10030	10158	2318	10129	1829	152	-50	126	391	1951	391	84932108	
764	-11180	12122	1279	9785	3185	152	-48	130	392	1956	392	84932108	
-1	-11717	11612	655	9075	3120	154	-47	131	393	1961	393	84932109	
931	-11332	13345	178	9277	2906	161	-43	133	394	1966	394	84932109	
377	-12605	11759	870	8564	2642	160	-44	132	395	1971	395	84932111	
1160	-13555	11693	-581	7981	2939	156	-46	128	396	1976	396	84932122	
2369	-12056	13882	-2401	7253	2453	156	-44	128	397	1981	397	84932143	
-164	-12303	11172	-1422	5988	1733	156	-36	126	398	1986	398	84932143	
-791	-13695	9795	-2768	6002	2577	156	-37	127	399	1991	399	84932143	
-185	-12436	10309	-4936	6981	2067	157	-43	129	400	1996	400	84932143	
2286	-9412	13781	-4922	5616	1885	157	-42	129	401	2001	401	84932143	
1377	-10246	12735	-1912	4544	1010	157	-41	129	402	2006	402	84932143	
488	-12609	10117	-412	4057	1064	156	-41	128	403	2011	403	84932144	
67	-12743	10340	-1819	3724	1899	154	-40	126	404	2016	404	84932154	
-697	-13708	9754	-2356	3784	1917	153	-39	126	405	2021	405	84932172	
-762	-13742	9766	-3143	3906	1817	152	-38	126	406	2026	406	84932179	
985	-12782	10099	-3824	2593	3072	153	-36	126	407	2031	407	84932179	
170	-13028	9051	-1942	2685	1696	155	-33	125	408	2036	408	84932180	
-339	-12306	9812	-1833	4023	278	157	-30	124	409	2041	409	84932180	
-181	-12030	10442	-1640	3322	1349	158	-26	122	410	2046	410	84932181	
-456	-13554	9735	-259	2048	2468	158	-29	123	411	2051	411	84932195	
-756	-14629	9619	496	1855	2329	158	-34	124	412	2056	412	84932217	
-862	-14631	9895	326	2496	1365	158	-32	124	413	2061	413	84932217	
-902	-14160	10530	50	2837	793	158	-28	124	414	2066	414	84932217	
-954	-14161	10837	536	2672	848	157	-29	124	415	2071	415	84932217	
-1029	-14775	10517	1159	2227	1133	156	-30	124	416	2076	416	84932217	
-1134	-15151	10649	1234	1905	1199	158	-29	127	417	2081	417	84932225	
-1235	-15739	10840	1026	1630	1167	160	-28	130	418	2086	418	84932248	
-1258	-16093	11017	750	1450	1100	155	-29	129	419	2091	419	84932260	
-1304	-16286	11054	503	1312	987	152	-30	128	420	2096	420	84932260	
-1311	-16362	11136	223	1174	817	154	-30	128	421	2101	421	84932260	
-1423	-16392	11110	29	985	681	156	-30	128	422	2106	422	84932260	
-1660	-16244	11020	-77	789	565	157	-32	129	423	2111	423	84932260	
-1818	-15948	10949	-141	638	469	157	-33	129	424	2116	424	84932260	
-1717	-15836	10865	-157	460	339	158	-28	128	425	2121	425	84932264	
-1656	-16223	10783	-103	226	128	159	-25	127	426	2126	426	84932293	
-1720	-16430	10643	-8	114	-31	155	-26	129	427	2131	427	84932302	
-1545	-16301	10454	53	2	-157	154	-26	130	428	2136	428	84932302	
-1570	-15901	10291	-41	-146	-324	158	-28	128	429	2141	429	84932302	
-1673	-15370	10018	-281	-271	-508	159	-29	127	430	2146	430	84932302	
-1400	-14966	10216	-539	-413	-707	156	-29	129	431	2151	431	84932302	
-1312	-14535	10094	-529	-645	-900	155	-29	129	432	2156	432	84932302	
-449	-14192	10306	-431	-835	-1107	158	-27	126	433	2161	433	84932302	
-104	-14182	10402	-411	-1062	-1471	159	-27	125	434	2166	434	84932326	
-664	-14354	9968	-672	-926	-1348	158	-34	128	435	2171	435	84932361	
-656	-13779	9858	-1402	-777	-991	158	-34	128	436	2176	436	84932361	
-1681	-13622	9054	-2154	-557	-778	156	-35	129	437	2181	437	84932362	
-2354	-14302	8138	-3787	-19	-573	155	-35	129	438	2186	438	84932362	
-1360	-11708	9888	-5838	637	-723	157	-30	129	439	2191	439	84932362	
-804	-10619	9695	-5208	141	-254	157	-29	129	440	2196	440	84932362	
-104	-10278	9366	-3761	-441	550	163	-32	127	441	2201	441	84932363	
46	-10688	9270	-2490	-265	449	165	-33	127	442	2206	442	84932382	
-234	-11964	9394	-2203	-310	343	154	-34	128	443	2211	443	84932401	
-548	-13736	9408	-2106	-214	580	154	-34	128	444	2216	444	84932401	
-952	-14432	9646	-2322	76	993	160	-30	126	445	2221	445	84932401	
-1128	-14506	9718	-2535	185	1105	160	-30	126	446	2226	446	84932401	
-1338	-15048	9634	-2706	79	963	163	-37	123	447	2231	447	84932402	
-1760	-16264	9798	-2804	-163	646	163	-37	123	448	2236	448	84932402	
-1808	-17318	10208	-2909	-467	248	158	-30	122	449	2241	449	84932402	
-1654	-17574	10198	-2954	-718	-109	158	-30	122	450	2246	450	84932402	
-1565	-17634	10221	-3038	-1001	-392	159	-31	121	451	2251	451	84932402	
-1539	-17462	9969	-3279	-1184	-592	158	-32	120	452	2256	452	84932404	
-1492	-17222	9588	-3654	-1421	-822	154	-34	116	453	2261	453	84932415	
-1350	-17086	9418	-4214	-1794	-1120	155	-33	117	454	2266	454	84932437	
