-1045	-12144	-12858	-126	-355	24	130	-25	-104	1	1	1	68842769	
-1069	-12227	-12935	-110	-361	31	129	-27	-103	2	6	2	68842781	
-1014	-12251	-12921	-110	-363	39	131	-26	-104	3	11	3	68842804	
-1092	-12230	-12899	-125	-363	49	135	-21	-105	4	16	4	68842804	
-1059	-12236	-12944	-121	-362	57	131	-24	-108	5	21	5	68842805	
-984	-12226	-12968	-102	-363	63	124	-28	-112	6	26	6	68842805	
-989	-12219	-12946	-77	-371	71	124	-26	-106	7	31	7	68842805	
-988	-12189	-12941	-47	-384	82	124	-24	-98	8	36	8	68842805	
-1012	-12206	-12913	-25	-397	85	129	-22	-102	9	41	9	68842815	
-1046	-12197	-12851	-16	-401	87	136	-18	-108	10	46	10	68842834	
-1074	-12176	-12813	-1	-407	93	135	-21	-106	11	51	11	68842841	
-1106	-12146	-12825	1	-416	93	133	-25	-103	12	56	12	68842841	
-1115	-12164	-12770	-5	-413	94	131	-26	-105	13	61	13	68842841	
-1095	-12218	-12788	-20	-403	101	130	-26	-106	14	66	14	68842841	
-1134	-12211	-12811	-36	-394	100	126	-25	-106	15	71	15	68842842	
-1167	-12238	-12819	-58	-381	88	124	-24	-106	16	76	16	68842847	
-1152	-12270	-12827	-79	-360	77	128	-25	-104	17	81	17	68842866	
-1101	-12260	-12860	-94	-333	73	131	-25	-103	18	86	18	68842877	
-1046	-12313	-12815	-112	-316	62	133	-24	-103	19	91	19	68842877	
-1079	-12325	-12790	-138	-322	56	135	-23	-103	20	96	20	68842877	
-1091	-12335	-12844	-134	-327	46	129	-21	-105	21	101	21	68842877	
-1060	-12326	-12794	-139	-342	34	128	-20	-106	22	106	22	68842877	
-1062	-12300	-12853	-139	-355	28	132	-22	-102	23	111	23	68842878	
-1099	-12388	-12864	-133	-352	32	133	-23	-101	24	116	24	68842892	
-1103	-12332	-12830	-130	-341	25	134	-22	-99	25	121	25	68842911	
-1086	-12272	-12856	-127	-351	13	134	-22	-98	26	126	26	68842915	
-1037	-12289	-12858	-126	-350	18	132	-24	-94	27	131	27	68842915	
-1034	-12256	-12965	-109	-341	18	131	-25	-93	28	136	28	68842915	
-1092	-12206	-12892	-94	-332	17	133	-27	-105	29	141	29	68842915	
-1154	-12152	-12910	-87	-330	36	133	-27	-105	30	146	30	68842915	
-1050	-12210	-12910	-76	-315	26	127	-23	-105	31	151	31	68842915	
-1068	-12132	-12826	-84	-309	7	127	-23	-105	32	156	32	68842955	
-1064	-12188	-12798	-69	-305	-5	130	-20	-98	33	161	33	68842955	
-992	-12200	-12726	-61	-322	-17	130	-20	-98	34	166	34	68842955	
-990	-12150	-12744	-44	-333	-25	123	-21	-101	35	171	35	68842955	
-998	-12144	-12766	-40	-345	-31	123	-21	-101	36	176	36	68842955	
-971	-12216	-12779	-38	-364	-25	131	-23	-103	37	181	37	68842955	
-948	-12204	-12798	-52	-369	-15	131	-23	-104	38	186	38	68842957	
-988	-12169	-12784	-83	-372	-3	131	-25	-109	39	191	39	68842971	
-940	-12147	-12852	-107	-375	21	130	-25	-108	40	196	40	68843001	
-990	-12197	-12840	-122	-376	38	128	-26	-106	41	201	41	68843002	
-955	-12190	-12839	-142	-374	54	128	-27	-106	42	206	42	68843002	
-963	-12211	-12858	-149	-363	72	128	-30	-104	43	211	43	68843003	
-1010	-12198	-12821	-152	-363	77	129	-29	-105	44	216	44	68843004	
-1028	-12192	-12836	-140	-368	96	131	-23	-107	45	221	45	68843004	
-1016	-12187	-12864	-116	-371	98	131	-24	-106	46	226	46	68843005	
-987	-12188	-12862	-99	-382	101	132	-26	-104	47	231	47	68843011	
-1023	-12201	-12872	-78	-390	105	130	-25	-105	48	236	48	68843023	
-1033	-12218	-12835	-62	-397	106	128	-24	-106	49	241	49	68843028	
-1047	-12224	-12831	-62	-406	100	126	-24	-104	50	246	50	68843029	
-1072	-12248	-12879	-57	-399	92	122	-24	-102	51	251	51	68843029	
-1098	-12281	-12874	-57	-390	90	124	-23	-104	52	256	52	68843029	
-1101	-12236	-12849	-67	-383	83	128	-22	-106	53	261	53	68843029	
-1062	-12212	-12881	-65	-377	79	130	-20	-110	54	266	54	68843034	
-1054	-12236	-12928	-85	-375	76	132	-18	-112	55	271	55	68843051	
-1056	-12243	-12911	-110	-370	73	134	-22	-107	56	276	56	68843060	
-1039	-12238	-12830	-120	-366	66	135	-25	-103	57	281	57	68843060	
-1067	-12232	-12815	-109	-367	54	131	-26	-106	58	286	58	68843060	
-1102	-12216	-12802	-90	-374	43	128	-26	-108	59	291	59	68843060	
-1078	-12152	-12834	-71	-373	38	129	-27	-104	60	296	60	68843060	
-1049	-12140	-12934	-58	-371	34	130	-28	-102	61	301	61	68843060	
-1044	-12170	-12912	-48	-376	30	132	-24	-103	62	306	62	68843083	
-1093	-12190	-12840	-35	-383	30	134	-22	-104	63	311	63	68843104	
-1094	-12182	-12842	-12	-396	34	132	-20	-106	64	316	64	68843107	
-1060	-12158	-12839	8	-399	40	131	-19	-107	65	321	65	68843107	
-1052	-12148	-12829	16	-407	50	130	-21	-103	66	326	66	68843107	
-1032	-12143	-12842	22	-418	54	129	-23	-101	67	331	67	68843108	
-1060	-12171	-12786	20	-421	59	130	-21	-104	68	336	68	68843108	
-1106	-12184	-12791	13	-417	64	130	-20	-106	69	341	69	68843108	
-1087	-12213	-12813	-3	-407	63	132	-24	-102	70	346	70	68843129	
-1058	-12238	-12804	-11	-397	65	133	-25	-101	71	351	71	68843150	
-1068	-12290	-12847	-27	-385	61	128	-28	-104	72	356	72	68843154	
-1088	-12305	-12844	-21	-381	56	127	-29	-105	73	361	73	68843154	
-1065	-12269	-12867	-8	-383	58	129	-22	-101	74	366	74	68843154	
-1069	-12279	-12869	-8	-394	63	130	-20	-100	75	371	75	68843154	
-1006	-12284	-12809	2	-405	65	134	-22	-102	76	376	76	68843154	
-1064	-12337	-12812	20	-406	71	135	-23	-103	77	381	77	68843154	
-1095	-12348	-12822	30	-408	70	136	-22	-104	78	386	78	68843161	
-1066	-12386	-12828	48	-417	63	136	-22	-104	79	391	79	68843206	
-1104	-12386	-12870	39	-404	56	130	-26	-102	80	396	80	68843214	
-1112	-12306	-12878	37	-403	60	130	-26	-102	81	401	81	68843219	
-1028	-12284	-12748	30	-385	54	129	-21	-103	82	406	82	68843223	
-1056	-12284	-12814	5	-384	46	129	-21	-103	83	411	83	68843223	
-1064	-12300	-12812	-25	-394	44	130	-26	-106	84	416	84	68843223	
-1068	-12220	-12822	-55	-386	33	130	-26	-106	85	421	85	68843223	
-1094	-12220	-12792	-81	-369	27	132	-18	-104	86	426	86	68843224	
-1038	-12187	-12807	-97	-380	20	132	-18	-105	87	431	87	68843224	
-1008	-12206	-12824	-94	-370	18	133	-19	-107	88	436	88	68843224	
-1057	-12207	-12871	-93	-369	17	133	-19	-106	89	441	89	68843224	
-1039	-12202	-12845	-92	-366	11	132	-20	-104	90	446	90	68843224	
-979	-12167	-12900	-83	-361	9	131	-21	-105	91	451	91	68843224	
-983	-12151	-12804	-81	-363	5	129	-23	-109	92	456	92	68843224	
-1000	-12182	-12780	-55	-364	13	129	-23	-108	93	461	93	68843224	
-1047	-12218	-12799	-37	-366	11	129	-23	-105	94	466	94	68843225	
-1029	-12169	-12836	-25	-374	27	129	-23	-103	95	471	95	68843235	
-972	-12155	-12796	-3	-377	27	130	-24	-98	96	476	96	68843257	
-990	-12170	-12800	0	-373	34	128	-25	-100	97	481	97	68843257	
-998	-12201	-12772	8	-376	49	124	-26	-104	98	486	98	68843257	
-1008	-12210	-12754	6	-379	62	128	-25	-104	99	491	99	68843257	
-1009	-12267	-12790	-1	-386	67	134	-24	-104	100	496	100	68843257	
-1030	-12278	-12830	-1	-389	71	133	-23	-104	101	501	101	68843276	
-1019	-12299	-12810	-3	-397	82	131	-21	-103	102	506	102	68843304	
-1018	-12346	-12808	-17	-403	81	130	-19	-105	103	511	103	68843304	
-1050	-12377	-12760	-27	-404	83	129	-17	-107	104	516	104	68843304	
-1034	-12372	-12718	-34	-413	88	129	-21	-106	105	521	105	68843304	
-1035	-12382	-12753	-50	-416	90	129	-23	-105	106	526	106	68843304	
-1054	-12373	-12765	-71	-413	88	130	-22	-102	107	531	107	68843304	
-1075	-12355	-12743	-96	-397	87	130	-22	-100	108	536	108	68843309	
-1105	-12321	-12785	-124	-382	84	130	-26	-101	109	541	109	68843330	
-1115	-12284	-12823	-136	-373	79	130	-28	-102	110	546	110	68843342	
-1081	-12281	-12826	-137	-368	79	129	-26	-103	111	551	111	68843343	
-1060	-12265	-12867	-136	-361	71	129	-25	-103	112	556	112	68843345	
-1055	-12220	-12846	-138	-362	67	133	-26	-102	113	561	113	68843345	
-1065	-12237	-12872	-128	-369	60	134	-26	-102	114	566	114	68843345	
-1082	-12214	-12846	-112	-374	52	132	-23	-105	115	571	115	68843345	
-1116	-12217	-12806	-95	-378	47	132	-22	-106	116	576	116	68843373	
-1092	-12241	-12777	-90	-381	46	130	-20	-107	117	581	117	68843381	
-1049	-12216	-12863	-80	-384	39	129	-19	-107	118	586	118	68843381	
-1035	-12197	-12798	-70	-395	33	128	-26	-106	119	591	119	68843381	
-1092	-12208	-12832	-55	-390	30	128	-28	-106	120	596	120	68843381	
-1056	-12208	-12902	-41	-388	36	132	-24	-104	121	601	121	68843381	
-1130	-12254	-12810	-38	-384	28	132	-24	-104	122	606	122	68843381	
-1048	-12268	-12828	-39	-382	35	132	-22	-100	123	611	123	68843381	
-1040	-12292	-12716	-34	-369	33	132	-22	-100	124	616	124	68843381	
-1064	-12224	-12726	-33	-378	29	128	-24	-102	125	621	125	68843382	
-1038	-12230	-12768	-31	-377	28	128	-24	-102	126	626	126	68843419	
-1080	-12190	-12780	-38	-374	29	126	-24	-102	127	631	127	68843429	
-1030	-12226	-12732	-40	-368	27	126	-24	-102	128	636	128	68843429	
-1082	-12220	-12778	-64	-358	17	130	-26	-106	129	641	129	68843429	
-1024	-12184	-12802	-64	-354	19	130	-26	-105	130	646	130	68843429	
-1042	-12179	-12778	-75	-352	3	129	-25	-101	131	651	131	68843429	
-1039	-12186	-12717	-79	-358	-1	129	-24	-103	132	656	132	68843432	
-1023	-12170	-12738	-69	-359	2	128	-22	-110	133	661	133	68843446	
-980	-12180	-12775	-62	-368	-5	128	-23	-109	134	666	134	68843469	
-1019	-12176	-12819	-63	-383	1	128	-26	-106	135	671	135	68843469	
-1042	-12160	-12866	-62	-386	-1	130	-26	-106	136	676	136	68843469	
-1043	-12190	-12799	-82	-381	-1	134	-26	-104	137	681	137	68843469	
-1004	-12247	-12891	-83	-361	1	130	-26	-104	138	686	138	68843470	
-953	-12238	-12892	-72	-358	10	125	-25	-103	139	691	139	68843470	
-956	-12214	-12899	-41	-368	16	130	-23	-102	140	696	140	68843470	
-966	-12245	-12862	-17	-378	21	137	-21	-101	141	701	141	68843470	
-953	-12282	-12871	-6	-394	28	134	-21	-104	142	706	142	68843473	
-961	-12331	-12867	0	-407	32	129	-21	-109	143	711	143	68843493	
-970	-12307	-12814	4	-414	44	131	-23	-108	144	716	144	68843516	
-1033	-12250	-12834	-1	-411	71	133	-25	-107	145	721	145	68843516	
-1088	-12247	-12797	-20	-404	91	134	-22	-104	146	726	146	68843517	
-1114	-12263	-12774	-29	-395	100	134	-20	-102	147	731	147	68843517	
-1126	-12337	-12760	-41	-388	105	131	-22	-105	148	736	148	68843517	
-1146	-12342	-12768	-56	-371	103	129	-23	-107	149	741	149	68843517	
-1105	-12336	-12774	-53	-349	98	134	-22	-106	150	746	150	68843539	
-1094	-12298	-12725	-33	-328	91	137	-21	-105	151	751	151	68843554	
-1047	-12328	-12746	-21	-307	87	132	-25	-106	152	756	152	68843554	
-1053	-12333	-12813	-19	-301	80	129	-27	-107	153	761	153	68843555	
-1071	-12363	-12818	-18	-318	58	130	-23	-105	154	766	154	68843555	
-1075	-12338	-12767	-13	-326	47	130	-22	-104	155	771	155	68843555	
-1040	-12338	-12764	-12	-338	33	131	-23	-103	156	776	156	68843555	
-1027	-12386	-12796	-10	-358	28	132	-24	-102	157	781	157	68843555	
-1056	-12415	-12831	-27	-370	17	132	-23	-103	158	786	158	68843555	
-1054	-12412	-12822	-45	-365	9	132	-22	-104	159	791	159	68843555	
-1056	-12384	-12790	-51	-360	7	131	-20	-102	160	796	160	68843570	
-1092	-12332	-12815	-49	-355	7	131	-19	-101	161	801	161	68843588	
-1104	-12317	-12814	-56	-355	9	126	-26	-108	162	806	162	68843595	
-1096	-12293	-12740	-73	-345	9	124	-28	-110	163	811	163	68843595	
-1041	-12206	-12748	-76	-331	8	130	-29	-108	164	816	164	68843595	
-1009	-12194	-12804	-64	-317	-5	131	-29	-107	165	821	165	68843595	
-1017	-12209	-12779	-52	-305	-18	129	-22	-105	166	826	166	68843595	
-1022	-12175	-12797	-36	-305	-27	128	-20	-104	167	831	167	68843598	
-971	-12188	-12737	-6	-308	-35	126	-22	-102	168	836	168	68843636	
-992	-12216	-12739	18	-321	-32	126	-22	-102	169	841	169	68843645	
-972	-12182	-12696	21	-338	-26	130	-20	-104	170	846	170	68843645	
-986	-12202	-12710	24	-359	-18	130	-20	-104	171	851	171	68843645	
-948	-12274	-12706	6	-368	-9	132	-26	-104	172	856	172	68843645	
-946	-12216	-12782	-9	-386	10	132	-26	-104	173	861	173	68843645	
-1022	-12222	-12728	-55	-385	17	131	-25	-103	174	866	174	68843646	
-924	-12230	-12764	-80	-380	32	131	-25	-103	175	871	175	68843674	
-1034	-12292	-12768	-108	-386	51	131	-25	-101	176	876	176	68843683	
-1004	-12260	-12772	-126	-381	57	131	-25	-101	177	881	177	68843683	
-1040	-12264	-12742	-123	-380	63	129	-27	-103	178	886	178	68843683	
-1004	-12294	-12719	-114	-387	70	130	-26	-103	179	891	179	68843683	
-957	-12320	-12781	-95	-391	86	132	-22	-102	180	896	180	68843683	
-1059	-12278	-12733	-76	-390	95	133	-23	-102	181	901	181	68843684	
-1066	-12306	-12755	-57	-398	97	137	-27	-101	182	906	182	68843684	
-1074	-12352	-12786	-37	-404	110	135	-27	-102	183	911	183	68843684	
-1065	-12310	-12762	-43	-406	109	126	-26	-106	184	916	184	68843684	
-1066	-12310	-12779	-46	-407	113	128	-26	-106	185	921	185	68843686	
-1056	-12353	-12804	-57	-400	103	134	-24	-104	186	926	186	68843703	
-1058	-12323	-12816	-68	-389	96	132	-26	-106	187	931	187	68843734	
-1094	-12302	-12824	-68	-381	90	130	-28	-108	188	936	188	68843734	
