-2727	-1710	-19876	-2895	7505	-2515	9911	85	-123	1	1	1	15625930	
-2766	-1715	-20230	-3258	7750	-2556	9912	86	-120	2	6	2	15625931	
-3025	-1719	-20117	-3727	7808	-2586	9913	85	-121	3	11	3	15625931	
-3259	-1595	-19619	-4244	8022	-2643	9914	83	-123	4	16	4	15625931	
-3219	-1420	-19737	-4361	8326	-2665	9916	82	-123	5	21	5	15625933	
-3123	-1550	-20260	-3830	8456	-2617	9917	80	-122	6	26	6	15625933	
-3215	-1819	-20237	-3433	8449	-2643	9918	79	-120	7	31	7	15625933	
-3410	-2014	-19954	-3252	8574	-2750	9918	78	-118	8	36	8	15625933	
-3437	-2185	-19663	-3075	9028	-2900	9919	77	-119	9	41	9	15625934	
-3206	-2473	-19510	-2850	9539	-3019	9920	75	-121	10	46	10	15625934	
-3050	-2657	-19413	-2833	9876	-3096	9921	74	-121	11	51	11	15625935	
-2949	-2669	-19291	-2921	10126	-3159	9922	72	-122	12	56	12	15625939	
-2719	-2574	-19085	-2870	10429	-3241	9924	74	-119	13	61	13	15625956	
-2392	-2360	-19105	-2782	10673	-3318	9925	76	-116	14	66	14	15625966	
-2031	-1949	-19739	-2740	10695	-3366	9926	72	-117	15	71	15	15625966	
-1929	-1366	-20049	-2700	10698	-3401	9927	69	-117	16	76	16	15625966	
-1839	-696	-19461	-2739	11045	-3454	9928	69	-121	17	81	17	15625966	
-1617	-94	-18530	-2755	11711	-3518	9929	69	-123	18	86	18	15625967	
-1407	-94	-17945	-2517	12525	-3579	9930	65	-122	19	91	19	15625967	
-984	-288	-17726	-2511	13347	-3664	9931	63	-121	20	96	20	15625967	
-543	-576	-17838	-2720	13764	-3676	9932	64	-123	21	101	21	15625989	
-366	-1379	-18658	-2519	13813	-3539	9933	64	-124	22	106	22	15626004	
-165	-1711	-18814	-2223	14030	-3413	9934	61	-120	23	111	23	15626005	
204	-1838	-18514	-1844	14235	-3299	9935	60	-118	24	116	24	15626005	
531	-1449	-18280	-1397	14168	-3226	9936	59	-120	25	121	25	15626005	
602	-807	-18355	-827	13937	-3186	9937	58	-122	26	126	26	15626006	
468	-410	-18551	-157	13910	-3207	9938	58	-121	27	131	27	15626006	
475	-184	-18493	200	14147	-3336	9939	58	-120	28	136	28	15626007	
654	-77	-18198	297	14327	-3463	9940	54	-118	29	141	29	15626011	
787	-219	-17728	539	14372	-3489	9941	52	-116	30	146	30	15626037	
1137	-270	-16922	704	14531	-3387	9942	50	-118	31	151	31	15626044	
1535	-190	-16159	895	14580	-3196	9943	49	-119	32	156	32	15626044	
1689	4	-15735	1367	14412	-2958	9944	49	-117	33	161	33	15626044	
2018	-246	-15666	1984	14200	-2724	9945	49	-117	34	166	34	15626045	
2491	-666	-16181	2651	14093	-2524	9946	48	-116	35	171	35	15626054	
2574	-851	-16315	2843	14312	-2431	9947	48	-116	36	176	36	15626068	
2634	-812	-16026	2517	14613	-2410	9948	49	-118	37	181	37	15626071	
2746	-892	-16095	2617	14593	-2222	9949	49	-119	38	186	38	15626079	
2789	-1271	-16000	3459	14171	-1902	9950	39	-116	39	191	39	15626081	
2688	-1402	-14917	3745	13956	-1720	9951	37	-115	40	196	40	15626081	
2516	-727	-13500	3142	14094	-1766	9952	31	-119	41	201	41	15626081	
2317	-82	-12620	2694	14512	-1883	9953	30	-120	42	206	42	15626081	
2394	-1	-12589	2796	15056	-1957	9954	29	-119	43	211	43	15626081	
2734	-351	-13085	3022	15430	-1990	9955	29	-119	44	216	44	15626082	
3138	-929	-13416	2968	15459	-2014	9956	28	-115	45	221	45	15626082	
3546	-1225	-13310	2406	15176	-2059	9957	28	-114	46	226	46	15626106	
3882	-1310	-12838	1733	14706	-2091	9958	25	-115	47	231	47	15626126	
4086	-1758	-13032	1936	14336	-2008	9959	25	-115	48	236	48	15626127	
4558	-2176	-13452	2325	14058	-1914	9960	18	-114	49	241	49	15626127	
4964	-2530	-13908	2406	13733	-1737	9961	18	-114	50	246	50	15626127	
4884	-3064	-13472	1933	13355	-1556	9962	19	-111	51	251	51	15626127	
5120	-2988	-12750	1037	12932	-1418	9963	19	-111	52	256	52	15626127	
5618	-2658	-12368	680	12412	-1234	9964	12	-112	53	261	53	15626128	
5410	-2748	-11721	799	12012	-1141	9965	12	-112	54	266	54	15626141	
5388	-2502	-11116	511	12164	-1198	9966	11	-113	55	271	55	15626143	
5732	-2040	-11274	1	12579	-1350	9967	11	-113	56	276	56	15626143	
5768	-2428	-12014	-65	12657	-1340	9968	7	-111	57	281	57	15626143	
5500	-3192	-11984	-497	12646	-1247	9969	7	-111	58	286	58	15626144	
5432	-3374	-11152	-1575	12639	-1218	9970	4	-112	59	291	59	15626151	
5718	-3044	-10704	-2316	12484	-1142	9971	4	-112	60	296	60	15626184	
5980	-2660	-10880	-2186	12196	-937	9972	5	-109	61	301	61	15626185	
6536	-2110	-11710	-1551	11815	-744	9973	5	-109	62	306	62	15626185	
6704	-1520	-12510	-1324	11167	-628	9974	0	-108	63	311	63	15626185	
6287	-682	-12952	-1561	10573	-540	9975	0	-108	64	316	64	15626186	
6273	-12	-13433	-1787	10618	-513	9976	2	-106	65	321	65	15626186	
6536	277	-13385	-1915	10693	-435	9977	2	-106	66	326	66	15626192	
6595	-143	-12638	-2040	10660	-414	9978	2	-106	67	331	67	15626218	
5977	159	-11937	-2371	10796	-631	9979	1	-107	68	336	68	15626218	
5824	734	-11602	-2653	10941	-703	9980	-7	-111	69	341	69	15626218	
5924	176	-11810	-1883	11379	-543	9981	-7	-111	70	346	70	15626218	
6504	328	-11318	-1609	12018	-308	9982	-6	-106	71	351	71	15626218	
7077	546	-11378	-1277	11827	120	9983	-7	-105	72	356	72	15626228	
7181	327	-12012	-624	11398	518	9984	-11	-99	73	361	73	15626268	
7339	85	-12512	-176	11252	893	9985	-12	-100	74	366	74	15626280	
7545	404	-12006	-97	11263	1253	9986	-15	-103	75	371	75	15626280	
7725	827	-11392	39	11290	1609	9987	-15	-102	76	376	76	15626280	
7824	665	-11170	709	11313	1976	9988	-16	-100	77	381	77	15626280	
8218	510	-11473	1414	11487	2239	9989	-16	-100	78	386	78	15626280	
8707	656	-11811	1373	11507	2445	9990	-18	-100	79	391	79	15626280	
8400	1226	-10546	880	11287	2502	9991	-20	-98	80	396	80	15626286	
8493	1267	-10381	1309	11396	2469	9992	-24	-94	81	401	81	15626296	
8787	977	-10411	2114	11638	2436	9993	-22	-96	82	406	82	15626296	
9127	785	-10415	2861	11757	2360	9994	-20	-98	83	411	83	15626296	
9440	449	-10787	3766	11766	2241	9995	-21	-97	84	416	84	15626296	
9524	70	-10542	4667	11765	2115	9996	-26	-92	85	421	85	15626296	
9896	-290	-10032	5583	12063	2078	9997	-27	-93	86	426	86	15626296	
10512	-947	-9586	6629	12518	2048	9998	-30	-96	87	431	87	15626303	
10482	-1343	-9046	7545	12759	1977	9999	-31	-95	88	436	88	15626330	
10826	-1649	-8661	8117	13009	1864	10000	-34	-92	89	441	89	15626334	
11290	-1992	-8652	8264	12878	1806	10001	-36	-93	90	446	90	15626334	
11425	-2347	-8751	8452	12564	1846	10002	-40	-94	91	451	91	15626334	
11999	-2752	-8921	8747	12532	1891	10003	-40	-91	92	456	92	15626335	
12666	-3374	-9130	8654	12264	1860	10004	-40	-86	93	461	93	15626335	
12597	-4021	-9098	8024	11617	1747	10005	-40	-85	94	466	94	15626337	
12310	-4592	-8511	7346	11268	1573	10006	-39	-83	95	471	95	15626356	
12622	-5083	-8494	6888	11073	1427	10008	-41	-82	96	476	96	15626379	
12803	-5877	-8994	6946	10450	1314	10009	-42	-80	97	481	97	15626379	
12676	-6276	-9174	6899	9758	1183	10010	-47	-76	98	486	98	15626379	
12679	-6384	-9093	6718	9277	1042	10011	-50	-74	99	491	99	15626379	
12648	-6658	-9376	6468	8742	949	10011	-50	-76	100	496	100	15626379	
11611	-6780	-9523	6090	7963	912	10012	-49	-79	101	501	101	15626380	
10829	-6692	-9106	6052	7731	724	10013	-50	-80	102	506	102	15626382	
12027	-6848	-9086	6404	8435	267	10014	-51	-81	103	511	103	15626398	
12610	-7263	-8524	6526	8993	-229	10015	-52	-83	104	516	104	15626416	
12630	-7740	-7988	6454	9057	-701	10017	-53	-85	105	521	105	15626416	
13012	-7694	-8393	6595	8950	-1101	10018	-54	-82	106	526	106	15626416	
13829	-8015	-8641	6929	8817	-1369	10019	-54	-80	107	531	107	15626416	
14382	-8074	-8252	6594	8279	-1621	10020	-56	-78	108	536	108	15626416	
13740	-7581	-7858	5533	7532	-1958	10021	-57	-77	109	541	109	15626416	
13288	-6765	-7744	4404	7516	-2300	10022	-56	-78	110	546	110	15626448	
13499	-6234	-7418	3955	7749	-2487	10023	-55	-79	111	551	111	15626469	
13884	-6024	-6770	4143	7935	-2588	10024	-54	-76	112	556	112	15626469	
14571	-6087	-6257	4628	7998	-2662	10025	-54	-74	113	561	113	15626469	
14557	-6315	-6177	4765	7428	-2662	10026	-60	-73	114	566	114	15626469	
14136	-6251	-5941	4424	6651	-2697	10027	-63	-73	115	571	115	15626469	
13978	-5682	-5827	3755	6092	-2800	10028	-62	-76	116	576	116	15626469	
13940	-4885	-4643	3269	5872	-2986	10029	-62	-78	117	581	117	15626469	
14201	-4501	-3637	3098	5684	-3258	10030	-62	-76	118	586	118	15626469	
14091	-4036	-3826	2680	5126	-3596	10031	-62	-74	119	591	119	15626469	
13976	-3501	-3756	2180	4650	-3877	10032	-63	-73	120	596	120	15626486	
14244	-3315	-3474	2083	4297	-4046	10033	-63	-73	121	601	121	15626502	
14087	-3112	-3766	2339	3610	-4147	10034	-65	-75	122	606	122	15626507	
13560	-3093	-3652	2764	2884	-4176	10035	-65	-75	123	611	123	15626507	
13678	-2797	-3159	2856	2553	-4249	10036	-67	-72	124	616	124	15626507	
14321	-2419	-3268	2751	2282	-4276	10037	-67	-71	125	621	125	15626507	
14646	-1909	-3613	2546	1768	-4228	10038	-62	-71	126	626	126	15626508	
14964	-1595	-3726	2498	1234	-4070	10039	-61	-71	127	631	127	15626508	
15208	-1739	-3669	2534	691	-3850	10040	-62	-72	128	636	128	15626508	
15390	-1356	-3562	2163	161	-3681	10041	-62	-72	129	641	129	15626509	
15744	-1077	-3311	1630	-481	-3520	10042	-67	-75	130	646	130	15626518	
15181	-1264	-3348	1255	-1481	-3321	10043	-68	-76	131	651	131	15626538	
13889	-1682	-4105	1125	-2428	-3166	10044	-64	-70	132	656	132	15626543	
12827	-1345	-3018	691	-2920	-3102	10045	-63	-69	133	661	133	15626543	
12640	-379	-2854	301	-3032	-3004	10046	-61	-73	134	666	134	15626543	
12336	306	-3826	474	-3197	-2765	10047	-60	-74	135	671	135	15626543	
11942	1002	-4530	745	-3295	-2479	10048	-58	-74	136	676	136	15626544	
11816	1194	-4563	1106	-3136	-2168	10049	-58	-74	137	681	137	15626544	
11902	754	-4450	1750	-2766	-1734	10050	-65	-73	138	686	138	15626582	
12014	720	-4834	2160	-2491	-1349	10051	-65	-73	139	691	139	15626582	
12332	102	-5696	2648	-2472	-922	10052	-60	-78	140	696	140	15626582	
12166	-186	-6892	2794	-2746	-528	10053	-60	-78	141	701	141	15626582	
12386	-774	-7910	2865	-2879	-248	10054	-69	-77	142	706	142	15626582	
13202	-1350	-8582	2761	-2680	-90	10055	-69	-77	143	711	143	15626582	
14082	-2346	-9330	2805	-2615	23	10056	-64	-74	144	716	144	15626582	
14342	-2940	-9788	2374	-2967	111	10057	-64	-74	145	721	145	15626591	
13922	-2752	-9365	1687	-3380	98	10058	-62	-75	146	726	146	15626614	
13236	-3294	-9592	1544	-3779	35	10059	-61	-75	147	731	147	15626619	
12890	-4102	-9094	1743	-3869	-64	10060	-64	-76	148	736	148	15626619	
12724	-4020	-9104	1458	-3733	-141	10061	-64	-76	149	741	149	15626619	
12710	-4092	-9616	1358	-3428	-145	10062	-58	-80	150	746	150	15626619	
12822	-4082	-9808	1476	-3032	-83	10063	-58	-80	151	751	151	15626620	
12720	-3698	-9908	1402	-2849	-19	10064	-60	-82	152	756	152	15626620	
12482	-3378	-9782	1317	-2738	38	10065	-60	-82	153	761	153	15626633	
12210	-2774	-9922	934	-2622	51	10066	-57	-77	154	766	154	15626662	
11914	-2482	-10020	975	-2452	114	10067	-58	-75	155	771	155	15626670	
11957	-2558	-10343	1067	-2405	175	10068	-61	-69	156	776	156	15626670	
11710	-2162	-10433	937	-2666	200	10069	-60	-71	157	781	157	15626671	
11282	-2205	-9893	1143	-2876	195	10070	-57	-81	158	786	158	15626671	
11009	-2707	-8965	1481	-2866	114	10071	-57	-81	159	791	159	15626671	
11015	-2706	-8828	1472	-2728	-39	10072	-55	-79	160	796	160	15626674	
11190	-3008	-10156	1661	-2525	-41	10073	-55	-79	161	801	161	15626691	
11908	-3684	-11004	1856	-2051	37	10074	-59	-81	162	806	162	15626702	
12452	-3880	-10616	1752	-1757	70	10075	-59	-81	163	811	163	15626703	
12873	-3432	-9794	1337	-1581	70	10076	-59	-81	164	816	164	15626703	
13148	-3383	-9652	1107	-1566	127	10077	-58	-80	165	821	165	15626703	
13188	-3586	-9390	1039	-1721	267	10078	-55	-77	166	826	166	15626703	
12886	-3728	-8885	818	-2147	359	10079	-55	-77	167	831	167	15626704	
12504	-3422	-9050	607	-2535	367	10080	-57	-75	168	836	168	15626706	
12776	-3523	-8816	931	-2504	348	10081	-57	-77	169	841	169	15626722	
12833	-4145	-8871	1286	-2697	308	10082	-57	-83	170	846	170	15626761	
12458	-4108	-9238	1310	-3053	232	10083	-58	-81	171	851	171	15626761	
12617	-4511	-9308	1407	-3051	148	10084	-60	-76	172	856	172	15626761	
12832	-4646	-8965	1269	-3034	77	10085	-56	-80	173	861	173	15626761	
12814	-4635	-8530	931	-3274	-11	10086	-50	-86	174	866	174	15626761	
