-2898	-5152	-13275	2634	509	-876	37	10	-61	1	1	1	15629758	
-2317	-4983	-13300	1934	852	-1144	37	7	-59	2	6	2	15629777	
-2111	-4840	-13261	1201	881	-1278	37	7	-59	3	11	3	15629777	
-2232	-4838	-13571	367	650	-1370	36	8	-58	4	16	4	15629777	
-2446	-4796	-13783	-365	609	-1490	39	7	-60	5	21	5	15629777	
-2474	-4727	-13439	-850	816	-1646	44	6	-62	6	26	6	15629777	
-2293	-4796	-12855	-1055	902	-1782	42	6	-62	7	31	7	15629777	
-2212	-4902	-12523	-1084	765	-1856	40	6	-62	8	36	8	15629777	
-2326	-4909	-12510	-1061	610	-1892	40	7	-61	9	41	9	15629778	
-2560	-4874	-12518	-954	550	-1894	39	9	-59	10	46	10	15629778	
-2898	-4907	-12691	-797	448	-1875	40	9	-58	11	51	11	15629778	
-3239	-5044	-12996	-700	309	-1872	41	9	-57	12	56	12	15629778	
-3254	-5306	-13326	-673	276	-1954	40	9	-57	13	61	13	15629782	
-3192	-5533	-13492	-719	414	-2141	38	8	-58	14	66	14	15629788	
-3182	-5703	-13556	-781	626	-2375	37	6	-58	15	71	15	15629788	
-3054	-6031	-13707	-639	949	-2632	36	4	-58	16	76	16	15629788	
-2730	-6513	-14205	-356	1423	-2947	38	3	-60	17	81	17	15629800	
-2201	-6801	-14830	-232	1994	-3346	40	2	-64	18	86	18	15629818	
-1750	-6813	-15421	-221	2403	-3709	41	3	-62	19	91	19	15629818	
-1280	-6727	-15882	-261	2565	-3961	42	4	-60	20	96	20	15629818	
-791	-6552	-15906	-617	2580	-4148	40	7	-61	21	101	21	15629818	
-545	-6111	-15566	-1489	2403	-4293	39	9	-61	22	106	22	15629818	
-741	-5426	-15090	-2731	1918	-4378	38	5	-62	23	111	23	15629818	
-1246	-4598	-14616	-4009	1266	-4420	37	3	-63	24	116	24	15629818	
-1667	-3853	-14248	-5077	711	-4471	39	4	-61	25	121	25	15629825	
-2118	-3309	-13841	-5970	307	-4536	40	4	-60	26	126	26	15629844	
-2392	-3062	-13479	-6512	132	-4583	36	10	-66	27	131	27	15629849	
-2532	-2928	-13175	-6803	108	-4635	35	11	-67	28	136	28	15629849	
-2642	-2925	-12716	-6862	162	-4665	39	4	-60	29	141	29	15629849	
-2678	-2861	-12498	-6616	253	-4660	40	2	-58	30	146	30	15629849	
-2711	-2849	-12217	-6123	401	-4599	34	2	-61	31	151	31	15629849	
-2667	-2808	-12034	-5472	599	-4518	32	2	-62	32	156	32	15629849	
-2585	-2761	-12074	-4833	732	-4400	35	0	-62	33	161	33	15629879	
-2538	-2800	-12313	-4337	789	-4259	36	0	-62	34	166	34	15629896	
-2464	-2762	-12832	-3998	789	-4082	31	7	-61	35	171	35	15629899	
-2522	-2732	-13586	-3921	745	-3975	31	7	-61	36	176	36	15629899	
-2544	-2538	-14296	-3865	730	-3883	33	5	-61	37	181	37	15629899	
-2364	-2444	-14866	-3865	736	-3852	33	5	-61	38	186	38	15629899	
-2272	-2304	-15238	-4017	685	-3844	33	3	-61	39	191	39	15629908	
-2372	-2186	-15540	-4348	527	-3889	33	3	-61	40	196	40	15629938	
-2548	-2076	-15740	-4831	323	-3981	38	0	-58	41	201	41	15629939	
-2562	-1778	-15684	-5318	166	-4035	38	0	-58	42	206	42	15629942	
-2735	-1583	-15279	-5669	46	-4108	35	-3	-59	43	211	43	15629942	
-2864	-1315	-15191	-5966	16	-4138	35	-3	-60	44	216	44	15629942	
-3084	-1167	-14990	-6224	75	-4151	33	-3	-63	45	221	45	15629942	
-3091	-1027	-14742	-6529	215	-4161	32	-3	-63	46	226	46	15629942	
-3078	-784	-14530	-6866	369	-4171	28	0	-60	47	231	47	15629942	
-3172	-488	-14436	-7123	482	-4144	28	0	-60	48	236	48	15629943	
-3176	44	-14232	-7124	432	-3970	34	6	-62	49	241	49	15629975	
-3322	422	-14368	-6878	320	-3737	34	6	-62	50	246	50	15629975	
-3440	678	-14470	-6575	257	-3489	25	3	-67	51	251	51	15629975	
-3518	1033	-14509	-6289	382	-3204	26	2	-66	52	256	52	15629975	
-3410	1340	-14631	-6056	534	-2952	28	-2	-62	53	261	53	15629975	
-3268	1669	-14694	-5854	557	-2747	28	-1	-62	54	266	54	15629976	
-3126	1981	-14904	-5521	504	-2553	26	2	-60	55	271	55	15629976	
-3121	2117	-15264	-5078	394	-2361	26	2	-60	56	276	56	15629978	
-3078	2371	-15708	-4619	325	-2200	24	0	-60	57	281	57	15629992	
-3107	2584	-16033	-4206	321	-2051	23	1	-60	58	286	58	15630015	
-3080	2625	-15886	-3801	364	-1913	21	3	-61	59	291	59	15630015	
-3071	2588	-15577	-3515	325	-1760	20	0	-62	60	296	60	15630015	
-3157	2430	-15270	-3383	178	-1574	19	-5	-63	61	301	61	15630015	
-3252	2300	-15012	-3331	17	-1373	22	-4	-64	62	306	62	15630015	
-3373	2197	-14845	-3305	-13	-1185	26	-2	-66	63	311	63	15630015	
-3529	2122	-14660	-3262	103	-999	26	-2	-62	64	316	64	15630019	
-3670	2081	-14429	-3162	330	-783	25	-1	-57	65	321	65	15630038	
-3639	2053	-14355	-2999	621	-551	25	-1	-59	66	326	66	15630060	
-3490	2014	-14350	-2737	862	-315	24	-2	-62	67	331	67	15630065	
-3413	2084	-14272	-2355	945	-27	22	-3	-62	68	336	68	15630065	
-3389	2228	-14191	-1923	784	295	19	-3	-61	69	341	69	15630065	
-3437	2158	-14206	-1413	463	606	20	-1	-62	70	346	70	15630065	
-3466	2093	-14294	-926	123	906	20	0	-62	71	351	71	15630065	
-3483	2170	-14331	-576	-144	1165	20	1	-62	72	356	72	15630073	
-3530	2130	-14348	-266	-298	1360	20	2	-62	73	361	73	15630087	
-3594	1986	-14364	-71	-317	1483	19	2	-64	74	366	74	15630093	
-3500	1810	-14393	10	-235	1538	18	2	-66	75	371	75	15630093	
-3358	1576	-14260	82	-99	1558	17	2	-62	76	376	76	15630093	
-3252	1450	-14172	244	-51	1568	16	2	-60	77	381	77	15630093	
-3156	1246	-13952	549	-74	1582	21	-1	-60	78	386	78	15630093	
-3087	987	-13961	895	-104	1581	22	-2	-60	79	391	79	15630093	
-2982	714	-14091	1121	-108	1537	22	-2	-61	80	396	80	15630111	
-2867	439	-14235	1317	-106	1483	21	-3	-63	81	401	81	15630134	
-2727	133	-14243	1366	-95	1420	23	-3	-61	82	406	82	15630140	
-2725	-53	-14235	1249	-131	1381	23	-3	-61	83	411	83	15630140	
-2689	-264	-14197	1023	-234	1360	19	-1	-60	84	416	84	15630141	
-2770	-310	-14244	734	-433	1341	16	0	-60	85	421	85	15630141	
-2926	-300	-14415	645	-638	1334	15	2	-66	86	426	86	15630141	
-3006	-392	-14735	769	-776	1320	15	3	-67	87	431	87	15630142	
-3140	-596	-14851	951	-790	1288	22	2	-63	88	436	88	15630163	
-3240	-781	-14716	1068	-698	1244	24	2	-62	89	441	89	15630168	
-3362	-894	-14442	1131	-550	1203	18	1	-60	90	446	90	15630168	
-3374	-941	-14228	1252	-446	1171	17	1	-59	91	451	91	15630168	
-3420	-1006	-14204	1401	-408	1162	23	-1	-57	92	456	92	15630168	
-3372	-1128	-14310	1550	-413	1173	25	-1	-57	93	461	93	15630168	
-3386	-1266	-14374	1597	-436	1182	26	-2	-60	94	466	94	15630168	
-3278	-1412	-14554	1495	-570	1203	26	-2	-60	95	471	95	15630177	
-3252	-1384	-14508	1183	-763	1194	21	1	-63	96	476	96	15630208	
-3338	-1370	-14508	956	-770	1149	21	1	-63	97	481	97	15630213	
-3308	-1184	-14354	886	-635	1133	18	0	-62	98	486	98	15630213	
-3204	-1000	-14336	973	-615	1133	18	0	-62	99	491	99	15630213	
-3144	-1056	-14228	1203	-672	1148	21	3	-63	100	496	100	15630213	
-3090	-1244	-14224	1481	-709	1144	21	3	-63	101	501	101	15630213	
-3016	-1327	-14306	1686	-710	1140	18	2	-58	102	506	102	15630214	
-3017	-1330	-14318	1778	-725	1125	19	1	-58	103	511	103	15630225	
-3059	-1349	-14280	1801	-724	1089	25	-3	-57	104	516	104	15630258	
-3084	-1329	-14277	1779	-671	1036	24	-2	-57	105	521	105	15630263	
-3088	-1296	-14282	1675	-647	949	21	1	-55	106	526	106	15630263	
-3016	-1296	-14376	1504	-691	865	21	0	-56	107	531	107	15630264	
-3013	-1206	-14448	1368	-801	800	22	-4	-62	108	536	108	15630264	
-2965	-1103	-14438	1365	-911	739	23	-2	-61	109	541	109	15630264	
-2908	-1140	-14491	1492	-952	644	24	4	-58	110	546	110	15630266	
-2810	-1272	-14460	1624	-934	554	21	2	-58	111	551	111	15630279	
-2702	-1443	-14524	1673	-905	463	17	-1	-59	112	556	112	15630296	
-2515	-1606	-14491	1615	-915	389	19	1	-60	113	561	113	15630296	
-2362	-1779	-14378	1521	-999	354	23	3	-61	114	566	114	15630296	
-2273	-1942	-14333	1490	-1152	356	23	3	-60	115	571	115	15630296	
-2221	-2034	-14308	1535	-1289	376	24	2	-58	116	576	116	15630297	
-2305	-2089	-14365	1610	-1316	381	23	2	-60	117	581	117	15630297	
-2303	-2030	-14394	1699	-1225	367	21	1	-63	118	586	118	15630302	
-2311	-1907	-14387	1784	-1145	358	22	4	-61	119	591	119	15630321	
-2345	-1831	-14530	1810	-1164	355	22	6	-58	120	596	120	15630334	
-2459	-1739	-14719	1753	-1271	343	22	5	-60	121	601	121	15630335	
-2645	-1590	-14782	1644	-1385	323	21	3	-63	122	606	122	15630335	
-2823	-1438	-14737	1521	-1441	297	21	2	-64	123	611	123	15630335	
-2897	-1360	-14759	1401	-1443	269	20	0	-66	124	616	124	15630335	
-3013	-1292	-14757	1291	-1421	237	18	-2	-63	125	621	125	15630335	
-3178	-1265	-14733	1168	-1371	218	16	-4	-58	126	626	126	15630335	
-3220	-1322	-14631	1078	-1304	215	21	-2	-59	127	631	127	15630335	
-3229	-1325	-14526	1073	-1277	228	24	0	-60	128	636	128	15630340	
-3223	-1320	-14478	1158	-1284	260	25	2	-59	129	641	129	15630372	
-3245	-1373	-14524	1304	-1283	301	25	3	-59	130	646	130	15630399	
-3350	-1437	-14558	1489	-1237	336	21	4	-60	131	651	131	15630405	
-3304	-1432	-14622	1665	-1146	351	19	5	-61	132	656	132	15630406	
-3226	-1404	-14613	1823	-1043	367	20	4	-59	133	661	133	15630406	
-3105	-1385	-14607	1974	-988	383	21	3	-57	134	666	134	15630406	
-2967	-1370	-14655	2135	-1019	406	25	2	-61	135	671	135	15630406	
-2880	-1389	-14674	2234	-1050	427	26	2	-62	136	676	136	15630427	
-2810	-1482	-14740	2248	-1040	437	24	0	-63	137	681	137	15630432	
-2810	-1470	-14844	2196	-1023	442	23	-1	-63	138	686	138	15630432	
-2833	-1422	-14623	2041	-1061	437	24	1	-59	139	691	139	15630432	
-2896	-1463	-14592	1900	-1061	415	24	2	-58	140	696	140	15630432	
-2953	-1559	-14526	1728	-1032	391	24	-4	-60	141	701	141	15630432	
-2855	-1551	-14372	1540	-1002	364	24	-6	-60	142	706	142	15630432	
-2640	-1612	-14348	1440	-1050	355	19	-1	-57	143	711	143	15630432	
-2666	-1570	-14438	1364	-1221	359	19	-1	-57	144	716	144	15630432	
-2634	-1562	-14402	1282	-1367	364	23	5	-57	145	721	145	15630432	
-2738	-1490	-14400	1275	-1387	343	23	5	-57	146	726	146	15630432	
-2748	-1386	-14232	1317	-1309	322	28	4	-60	147	731	147	15630432	
-2898	-1542	-14208	1359	-1195	289	28	4	-60	148	736	148	15630460	
-2922	-1610	-14144	1318	-1164	289	30	2	-60	149	741	149	15630475	
-2942	-1724	-14194	1224	-1237	293	30	2	-60	150	746	150	15630476	
-3146	-1792	-14084	1170	-1323	322	28	4	-62	151	751	151	15630476	
-3290	-1893	-13980	1255	-1340	373	28	4	-61	152	756	152	15630476	
-3363	-2000	-13894	1402	-1311	429	28	4	-56	153	761	153	15630477	
-3362	-2173	-14002	1485	-1309	481	27	4	-57	154	766	154	15630477	
-3321	-2249	-14130	1467	-1337	511	22	4	-62	155	771	155	15630478	
-3224	-2322	-14238	1424	-1351	530	22	4	-62	156	776	156	15630479	
-3226	-2356	-14204	1442	-1352	567	26	2	-56	157	781	157	15630509	
-3148	-2594	-14386	1458	-1303	592	26	2	-56	158	786	158	15630509	
-2986	-2640	-14796	1425	-1235	604	28	6	-58	159	791	159	15630509	
-2765	-2670	-14734	1294	-1193	593	28	5	-58	160	796	160	15630509	
-2589	-2734	-14752	1088	-1182	557	28	2	-58	161	801	161	15630509	
