-16542	-1870	4255	-93	-256	334	-64	144	78	1	1	1	73026235	
-16551	-1935	4153	-14	-215	337	-65	143	77	2	6	2	73026236	
-16534	-2048	3962	6	-128	340	-67	139	75	3	11	3	73026236	
-16538	-2114	3880	-79	-23	324	-67	139	76	4	16	4	73026236	
-16485	-2137	3852	-181	57	295	-66	140	78	5	21	5	73026236	
-16453	-2105	3884	-234	82	274	-65	141	77	6	26	6	73026251	
-16464	-2069	3966	-229	77	263	-60	146	72	7	31	7	73026308	
-16537	-1997	3860	-177	75	256	-60	146	73	8	36	8	73026309	
-16499	-1948	3792	-93	120	239	-61	145	77	9	41	9	73026309	
-16562	-1915	3779	-13	191	214	-61	144	77	10	46	10	73026309	
-16621	-1884	3686	35	249	199	-63	141	75	11	51	11	73026309	
-16657	-1853	3600	79	331	185	-64	141	74	12	56	12	73026310	
-16670	-1803	3490	114	437	163	-67	141	69	13	61	13	73026310	
-16692	-1865	3395	165	558	140	-65	142	73	14	66	14	73026310	
-16683	-1901	3305	200	648	119	-63	143	79	15	71	15	73026310	
-16672	-1925	3221	210	727	93	-63	142	78	16	76	16	73026311	
-16702	-1918	3108	229	797	63	-63	141	77	17	81	17	73026311	
-16732	-1889	3070	275	869	31	-65	143	77	18	86	18	73026311	
-16721	-1818	3004	356	937	-3	-69	145	77	19	91	19	73026311	
-16749	-1716	2979	454	1008	-33	-67	144	77	20	96	20	73026311	
-16790	-1621	2898	569	1114	-45	-58	140	78	21	101	21	73026321	
-16827	-1515	2764	687	1236	-60	-60	140	79	22	106	22	73026360	
-16971	-1414	2647	801	1386	-87	-66	140	82	23	111	23	73026361	
-17098	-1275	2489	914	1516	-117	-67	140	79	24	116	24	73026362	
-17070	-1148	2368	1040	1692	-144	-69	141	75	25	121	25	73026362	
-17064	-1108	2367	1183	1871	-156	-66	143	74	26	126	26	73026382	
-17137	-1088	2289	1314	1999	-188	-62	146	72	27	131	27	73026424	
-17216	-988	2180	1414	2120	-239	-64	146	72	28	136	28	73026443	
-17260	-956	2055	1537	2282	-296	-68	146	72	29	141	29	73026443	
-17294	-897	1860	1689	2496	-363	-64	145	73	30	146	30	73026444	
-17340	-909	1779	1871	2714	-427	-59	143	73	31	151	31	73026444	
-17414	-934	1755	2075	2911	-487	-61	142	71	32	156	32	73026445	
-17467	-943	1635	2292	3102	-543	-62	142	70	33	161	33	73026445	
-17470	-966	1468	2549	3352	-603	-61	141	66	34	166	34	73026445	
-17484	-979	1388	2857	3722	-655	-59	139	61	35	171	35	73026445	
-17565	-986	1381	3157	4109	-676	-61	141	65	36	176	36	73026446	
-17705	-1018	1266	3442	4508	-709	-65	142	71	37	181	37	73026455	
-17923	-1042	962	3706	4942	-762	-66	140	70	38	186	38	73026478	
-18085	-1098	684	3983	5554	-833	-66	138	70	39	191	39	73026491	
-18244	-1157	714	4193	6362	-902	-62	140	70	40	196	40	73026491	
-18301	-1101	994	4329	7123	-968	-60	142	70	41	201	41	73026492	
-18224	-923	1489	4496	7947	-1049	-58	143	66	42	206	42	73026492	
-18170	-612	2039	4725	8598	-1095	-57	143	63	43	211	43	73026492	
-18197	-169	2542	5062	8941	-1102	-58	144	64	44	216	44	73026493	
-18203	111	2802	5566	9107	-1068	-59	145	65	45	221	45	73026493	
-18218	132	3144	6150	9367	-1016	-60	146	65	46	226	46	73026493	
-18232	54	3660	6485	9726	-954	-61	147	65	47	231	47	73026493	
-18141	77	4196	6372	10087	-936	-65	149	61	48	236	48	73026494	
-18096	311	4570	6029	10359	-949	-67	151	59	49	241	49	73026494	
-17996	558	4759	5713	10498	-957	-62	150	58	50	246	50	73026494	
-17898	637	4760	5515	10606	-942	-59	149	57	51	251	51	73026495	
-18016	662	4378	5519	10808	-924	-60	146	55	52	256	52	73026495	
-18129	618	3439	5657	11180	-903	-60	144	54	53	261	53	73026495	
-17977	526	2457	5809	11905	-900	-59	144	48	54	266	54	73026495	
-17874	422	1568	6017	12816	-904	-58	144	44	55	271	55	73026496	
-18303	103	-1288	6283	13692	-921	-57	145	43	56	276	56	73026496	
-19297	-655	-4720	6910	15483	-1179	-57	145	43	57	281	57	73026497	
-19054	-1044	-4832	8563	18530	-1830	-63	147	43	58	286	58	73026514	
-16620	-706	-648	10966	20557	-2338	-65	147	43	59	291	59	73026519	
-13944	-5	4855	12001	18989	-2131	-59	140	37	60	296	60	73026519	
-13501	706	7251	10693	14681	-1653	-58	138	36	61	301	61	73026519	
-14946	1809	7601	7989	9660	-1215	-55	145	33	62	306	62	73026519	
-17368	3103	6434	5565	6237	-917	-53	149	31	63	311	63	73026519	
-18834	3920	5408	4638	5745	-864	-62	146	30	64	316	64	73026520	
-18494	3959	5832	4939	7203	-1090	-65	145	29	65	321	65	73026520	
-17298	3638	6477	5696	8060	-1269	-58	146	27	66	326	66	73026520	
-16433	2840	6495	6656	7784	-1316	-56	146	26	67	331	67	73026521	
-16263	1742	5830	7652	7004	-1304	-54	144	32	68	336	68	73026538	
-16400	730	4739	8433	6240	-1254	-53	143	33	69	341	69	73026542	
-16310	-144	3951	8882	5855	-1231	-54	141	26	70	346	70	73026562	
-16086	-1093	3398	9016	5754	-1236	-54	140	24	71	351	71	73026568	
-15758	-2170	2880	8662	5521	-1273	-55	151	27	72	356	72	73026568	
-15656	-2844	2446	7879	5152	-1320	-55	151	27	73	361	73	73026568	
-15648	-3262	2194	7082	4825	-1371	-62	143	22	74	366	74	73026568	
-15654	-3725	1878	6140	4494	-1415	-63	141	21	75	371	75	73026568	
-15539	-4172	1650	5131	4199	-1462	-58	139	19	76	376	76	73026569	
-15417	-4249	1514	4010	3831	-1478	-57	139	19	77	381	77	73026569	
-15453	-4012	1282	2907	3379	-1434	-52	142	17	78	386	78	73026569	
-15487	-3580	865	2043	2863	-1349	-51	143	17	79	391	79	73026610	
-15580	-3104	60	1400	2379	-1260	-56	137	17	80	396	80	73026705	
-15534	-2422	-948	624	1857	-1164	-57	135	17	81	401	81	73026726	
-15406	-1652	-1998	-161	1352	-1010	-55	139	11	82	406	82	73026726	
-15230	-978	-2962	-866	587	-826	-55	139	11	83	411	83	73026726	
-15260	-408	-4012	-1110	-319	-645	-54	144	16	84	416	84	73026727	
-15778	0	-5260	-770	-1154	-455	-54	144	16	85	421	85	73026727	
-16508	464	-6122	104	-1565	-266	-55	141	15	86	426	86	73026727	
-17080	788	-6582	1540	-1375	-37	-55	141	15	87	431	87	73026727	
-17217	1053	-6539	3119	-839	200	-53	146	15	88	436	88	73026728	
-17128	1516	-6256	5699	54	617	-53	147	15	89	441	89	73026755	
-17060	1964	-5916	8402	788	1092	-56	142	16	90	446	90	73026804	
-16918	2160	-5620	11295	1401	1663	-56	142	16	91	451	91	73026804	
-16936	2340	-5168	13950	2039	2216	-53	143	17	92	456	92	73026804	
-16880	2482	-4570	16227	2779	2687	-53	143	17	93	461	93	73026804	
-16954	2750	-4104	18003	3606	3102	-46	140	18	94	466	94	73026805	
-17178	2980	-3616	19221	4426	3445	-46	140	18	95	471	95	73026805	
-17358	3294	-3404	20035	5318	3722	-48	138	12	96	476	96	73026805	
-17496	3646	-3398	20571	6417	3913	-48	138	12	97	481	97	73026806	
-17391	3959	-3415	20817	7987	4089	-53	135	9	98	486	98	73026806	
-17238	4171	-3202	20799	9317	4173	-53	135	8	99	491	99	73026806	
-16962	4272	-2880	20783	10438	4241	-51	133	3	100	496	100	73026806	
-16620	4519	-2389	20689	11137	4374	-51	133	3	101	501	101	73026807	
-16148	4954	-1892	20521	11503	4530	-51	133	1	102	506	102	73026807	
-15936	5474	-1488	20540	11512	4790	-51	133	1	103	511	103	73026807	
-15910	5834	-1484	20601	11126	5130	-44	132	-8	104	516	104	73026808	
-16396	6146	-2274	20587	10741	5502	-44	132	-8	105	521	105	73026808	
-16756	6491	-2559	20087	10823	6023	-49	129	-11	106	526	106	73026808	
-16393	7037	-1678	20200	11185	6344	-48	128	-12	107	531	107	73026808	
-15936	7118	-756	21717	11161	6658	-43	125	-15	108	536	108	73026809	
-15591	6487	-349	24056	10410	7054	-43	124	-16	109	541	109	73026813	
-15618	5456	-343	26365	9272	7391	-43	119	-19	110	546	110	73026834	
-15936	4234	-424	28206	8137	7642	-44	119	-21	111	551	111	73026856	
-16116	3022	-239	29515	7318	7757	-46	120	-30	112	556	112	73026856	
-16203	2036	437	30615	6747	7697	-45	120	-30	113	561	113	73026856	
-16165	1186	1076	31752	6076	7606	-40	118	-28	114	566	114	73026856	
-16303	367	1722	32473	5351	7669	-38	118	-30	115	571	115	73026857	
-16604	-623	2209	32767	4502	7632	-33	117	-35	116	576	116	73026857	
-16954	-1364	2334	32757	3658	7371	-34	116	-34	117	581	117	73026857	
-17258	-1555	2410	32545	3297	7001	-36	110	-32	118	586	118	73026857	
-17397	-1526	2454	31658	3226	6675	-36	112	-33	119	591	119	73026858	
-17626	-1551	2392	30665	3363	6369	-34	118	-36	120	596	120	73026858	
-17938	-1559	2286	29466	3728	6074	-34	115	-38	121	601	121	73026858	
-18161	-1665	2261	27898	4414	5785	-35	105	-45	122	606	122	73026864	
-17907	-1630	2660	26111	5481	5461	-33	106	-45	123	611	123	73026880	
-17204	-1484	3134	24892	6335	5142	-29	107	-45	124	616	124	73026880	
-16544	-1174	3598	24076	6670	4881	-25	105	-47	125	621	125	73026881	
-16178	-1074	3932	23674	6292	4773	-19	103	-49	126	626	126	73026892	
-16148	-1379	4107	23538	5461	4788	-24	101	-51	127	631	127	73026907	
-16327	-1685	4168	23294	4638	4857	-31	99	-53	128	636	128	73026907	
-16617	-2086	3969	22923	4115	4931	-25	101	-55	129	641	129	73026908	
-16913	-2479	3654	22446	3806	4994	-12	106	-58	130	646	130	73026908	
-17052	-2655	3566	21777	3530	5083	-13	104	-57	131	651	131	73026908	
-17018	-2824	3740	21431	3164	5127	-14	100	-56	132	656	132	73026908	
-16907	-3276	4015	21305	2626	5109	-14	99	-56	133	661	133	73026909	
-16819	-3755	4133	21046	1963	5089	-14	98	-56	134	666	134	73026909	
-16920	-4166	4038	20505	1237	5036	-12	98	-59	135	671	135	73026909	
-16922	-4496	3973	19803	649	4882	-9	99	-63	136	676	136	73026909	
-16697	-4682	3784	19109	355	4635	-11	97	-64	137	681	137	73026910	
-16393	-5049	3460	18434	307	4402	-13	95	-65	138	686	138	73026920	
-16211	-5576	3129	17565	135	4207	-8	96	-64	139	691	139	73026935	
-16069	-5970	2997	16632	-340	3969	-2	96	-62	140	696	140	73026935	
-15886	-6342	2971	15887	-770	3705	-1	100	-63	141	701	141	73026949	
-15682	-6679	2808	15134	-1150	3434	-1	103	-63	142	706	142	73026960	
-15468	-6859	2343	14237	-1439	3197	1	98	-62	143	711	143	73026960	
-15320	-6981	1945	13401	-1565	2968	2	94	-62	144	716	144	73026960	
-15261	-7102	1561	12641	-1639	2694	4	96	-63	145	721	145	73026960	
-15352	-7245	906	11804	-1742	2362	6	98	-64	146	726	146	73026960	
-15565	-7366	434	10743	-1775	2001	2	96	-65	147	731	147	73026961	
-15537	-7331	718	9774	-1725	1647	-2	94	-66	148	736	148	73026961	
-15259	-7129	1377	9148	-1815	1350	4	95	-64	149	741	149	73026961	
-15070	-6798	1961	8816	-2185	1089	8	96	-62	150	746	150	73026962	
-15130	-6722	2051	8711	-2768	886	10	94	-61	151	751	151	73026962	
-15292	-6795	1939	8649	-3318	702	11	93	-61	152	756	152	73026991	
-15509	-6772	1971	8585	-3786	512	12	96	-64	153	761	153	73027029	
-15496	-6996	1674	8597	-4208	336	12	98	-66	154	766	154	73027041	
-15258	-7248	1646	8262	-4535	184	14	99	-65	155	771	155	73027041	
-15147	-6866	2171	7100	-5119	20	16	100	-64	156	776	156	73027041	
-15344	-6040	2475	5966	-6071	-75	13	98	-62	157	781	157	73027042	
-15808	-5462	2203	5264	-6944	-102	12	98	-62	158	786	158	73027042	
-16247	-5039	1428	4771	-7348	-131	16	103	-65	159	791	159	73027042	
-16812	-4412	161	4280	-7349	-201	18	106	-66	160	796	160	73027042	
-17341	-3833	-1411	3899	-6746	-325	16	108	-65	161	801	161	73027043	
-17510	-3416	-2429	3624	-5626	-524	15	109	-65	162	806	162	73027043	
-17505	-3082	-2948	3360	-4484	-785	16	108	-60	163	811	163	73027071	
-17605	-3185	-3782	3255	-3541	-1138	17	107	-57	164	816	164	73027110	
-17385	-4192	-3918	3600	-3106	-1479	21	106	-61	165	821	165	73027116	
-16743	-5543	-2754	4422	-3315	-1778	22	106	-62	166	826	166	73027117	
-15961	-6649	-732	5143	-4336	-1907	19	111	-64	167	831	167	73027117	
-15754	-6925	1196	5053	-6133	-1784	18	112	-64	168	836	168	73027117	
-16235	-6273	2148	4149	-8201	-1459	18	112	-59	169	841	169	73027117	
-17024	-5098	2113	2655	-9782	-1052	18	112	-58	170	846	170	73027118	
-17776	-3668	1327	967	-10283	-814	24	115	-58	171	851	171	73027118	
-18094	-2196	-26	-1070	-9781	-628	26	116	-58	172	856	172	73027118	
-17332	-1224	-278	-2767	-9110	-476	25	115	-57	173	861	173	73027118	
-16428	-298	86	-3930	-8700	-400	25	115	-57	174	866	174	73027119	
-15743	259	746	-4379	-8941	-271	28	120	-59	175	871	175	73027119	
-15844	788	1192	-4199	-9687	-101	29	121	-59	176	876	176	73027119	
-16677	998	1004	-3159	-10834	141	28	115	-57	177	881	177	73027119	
-17896	749	500	-1538	-11666	450	28	114	-56	178	886	178	73027201	
-19021	861	-309	231	-12005	843	15	125	-58	179	891	179	73027222	
-20034	1070	-1299	1861	-11963	1204	19	126	-55	180	896	180	73027222	
-21028	1276	-2318	3453	-11850	1553	28	124	-52	181	901	181	73027222	
-21446	1428	-2784	3680	-11774	1720	28	124	-52	182	906	182	73027223	
-21258	1146	-2996	3374	-12010	1871	21	127	-49	183	911	183	73027223	
-21026	714	-3402	2776	-12434	1889	21	127	-49	184	916	184	73027223	
-20436	-300	-3586	2011	-13374	1782	27	129	-53	185	921	185	73027224	
-19838	-2166	-4490	1703	-14514	1467	27	129	-53	186	926	186	73027224	
-18704	-3518	-5636	846	-15760	1057	29	129	-51	187	931	187	73027273	
-17198	-3860	-6488	-785	-16430	388	29	129	-51	188	936	188	73027273	
-15770	-3386	-6422	-2961	-16003	-409	22	136	-40	189	941	189	73027298	
-15060	-3556	-6310	-4216	-15834	-713	22	136	-40	190	946	190	73027298	
-14518	-3778	-6044	-5554	-16041	-829	24	142	-42	191	951	191	73027299	
-14636	-3256	-5708	-6826	-16043	-1037	24	142	-42	192	956	192	73027299	
-14834	-1978	-5338	-7689	-15523	-1078	24	146	-34	193	961	193	73027299	
-14932	-858	-4994	-7392	-14585	-970	24	146	-34	194	966	194	73027299	
-15358	74	-4696	-5952	-13608	-755	22	148	-32	195	971	195	73027300	
-15812	616	-4592	-3736	-12965	-452	22	148	-32	196	976	196	73027300	
-16398	894	-4372	-1169	-12253	-171	25	145	-31	197	981	197	73027300	
-17281	444	-3660	1922	-11063	59	24	146	-31	198	986	198	73027301	
-17905	-224	-3180	4117	-9973	104	18	148	-30	199	991	199	73027301	
-18160	-469	-2609	5589	-8813	-36	20	148	-29	200	996	200	73027301	
-18210	-630	-1808	6470	-7633	-319	30	148	-26	201	1001	201	73027306	
-18086	-415	-1070	6872	-6736	-661	29	148	-27	202	1006	202	73027328	
-17869	103	-384	6877	-6198	-967	24	150	-30	203	1011	203	73027328	
-17696	430	168	6770	-5884	-1214	24	150	-30	204	1016	204	73027329	
-17844	462	650	6540	-5760	-1513	26	148	-26	205	1021	205	73027329	
-18032	814	930	5866	-5702	-1870	26	149	-26	206	1026	206	73027329	
-17956	616	1103	5379	-5430	-2123	28	154	-26	207	1031	207	73027329	
-17863	254	1368	5079	-4929	-2273	28	154	-26	208	1036	208	73027330	
-17729	-178	1645	4958	-4372	-2338	28	152	-24	209	1041	209	73027330	
-17452	-552	1967	5164	-3801	-2354	28	152	-23	210	1046	210	73027330	
-17063	-971	2223	5762	-3265	-2315	30	154	-20	211	1051	211	73027330	
-16738	-1568	2546	6650	-2935	-2219	31	154	-19	212	1056	212	73027331	
-16411	-2385	2608	7617	-2933	-2158	34	152	-16	213	1061	213	73027336	
-16280	-2962	2652	8323	-3105	-2134	36	153	-18	214	1066	214	73027350	
-16244	-3265	2765	8675	-3373	-2198	40	154	-22	215	1071	215	73027350	
-16261	-3363	2774	8828	-3658	-2317	38	152	-21	216	1076	216	73027350	
-16404	-3372	2693	8840	-3892	-2439	33	149	-19	217	1081	217	73027350	
-16568	-3201	2701	8698	-4034	-2575	34	150	-19	218	1086	218	73027351	
-16685	-2926	2547	8430	-3967	-2695	40	156	-20	219	1091	219	73027362	
-16718	-2645	2489	8083	-3759	-2767	40	155	-20	220	1096	220	73027411	
-16674	-2451	2335	7715	-3451	-2810	38	150	-18	221	1101	221	73027433	
-16629	-2104	2293	7286	-3077	-2837	40	152	-19	222	1106	222	73027434	
-16480	-1811	2313	6921	-2640	-2819	44	156	-20	223	1111	223	73027434	
-16299	-1666	2390	6764	-2316	-2758	43	155	-20	224	1116	224	73027434	
-16259	-1754	2415	6723	-2065	-2665	41	153	-19	225	1121	225	73027434	
-16286	-1952	2569	6671	-1895	-2559	43	154	-19	226	1126	226	73027435	
-16283	-2245	2799	6517	-1803	-2483	46	156	-20	227	1131	227	73027435	
-16282	-2555	3071	6205	-1788	-2437	47	154	-18	228	1136	228	73027436	
-16235	-2790	3401	5774	-1820	-2425	48	152	-14	229	1141	229	73027436	
-16274	-2912	3756	5333	-1894	-2447	46	155	-17	230	1146	230	73027436	
-16226	-3016	4030	4956	-2000	-2486	43	159	-21	231	1151	231	73027437	
-16080	-3182	4290	4608	-2121	-2553	44	157	-21	232	1156	232	73027445	
-15966	-3081	4536	4146	-2241	-2618	46	154	-20	233	1161	233	73027458	
-15934	-2824	4732	3702	-2352	-2641	46	154	-19	234	1166	234	73027458	
-16027	-2739	4784	3408	-2453	-2651	47	155	-17	235	1171	235	73027459	
-16105	-2926	4698	3092	-2542	-2631	47	152	-18	236	1176	236	73027459	
-16137	-3010	4797	2607	-2580	-2615	48	148	-20	237	1181	237	73027459	
-16064	-2928	4852	2071	-2541	-2599	50	153	-18	238	1186	238	73027460	
-15899	-2685	5057	1683	-2472	-2564	52	160	-16	239	1191	239	73027460	
-15753	-2483	5316	1582	-2475	-2496	50	160	-15	240	1196	240	73027461	
-15726	-2564	5298	1662	-2577	-2413	48	160	-14	241	1201	241	73027493	
-15640	-2733	5280	1675	-2670	-2321	47	158	-13	242	1206	242	73027515	
-15671	-2893	5200	1556	-2709	-2225	46	156	-12	243	1211	243	73027515	
-15769	-3059	5114	1371	-2719	-2145	51	158	-14	244	1216	244	73027515	
-15747	-3255	5083	1168	-2722	-2069	56	160	-16	245	1221	245	73027515	
-15668	-3503	5039	992	-2733	-1988	55	160	-14	246	1226	246	73027515	
-15681	-3758	4983	857	-2757	-1900	54	160	-10	247	1231	247	73027516	
-15734	-3999	4924	750	-2791	-1791	55	159	-9	248	1236	248	73027516	
-15863	-4238	4776	688	-2809	-1689	55	159	-9	249	1241	249	73027516	
-15966	-4461	4690	638	-2810	-1595	57	159	-13	250	1246	250	73027516	
-16084	-4658	4498	583	-2771	-1510	59	159	-15	251	1251	251	73027517	
-16188	-4798	4319	534	-2708	-1438	59	155	-11	252	1256	252	73027517	
-16307	-4900	4139	484	-2623	-1372	59	153	-9	253	1261	253	73027517	
-16423	-4993	3937	412	-2510	-1314	59	155	-11	254	1266	254	73027558	
-16510	-5060	3738	302	-2381	-1274	59	157	-13	255	1271	255	73027586	
-16564	-4986	3528	109	-2199	-1258	55	155	-9	256	1276	256	73027587	
-16602	-4924	3283	-9	-2038	-1251	54	154	-8	257	1281	257	73027587	
-16546	-4884	3036	-66	-1884	-1228	58	158	-9	258	1286	258	73027587	
-16513	-4915	2880	-102	-1712	-1188	60	160	-10	259	1291	259	73027588	
-16595	-4882	2788	-110	-1553	-1142	62	160	-10	260	1296	260	73027588	
-16662	-4904	2638	-82	-1414	-1106	64	160	-10	261	1301	261	73027589	
-16800	-5052	2450	-15	-1271	-1083	61	161	-9	262	1306	262	73027638	
-16957	-5158	2321	7	-1135	-1077	59	161	-9	263	1311	263	73027671	
-17048	-5167	2382	-28	-1015	-1085	58	164	-11	264	1316	264	73027672	
-17062	-5128	2468	-13	-940	-1124	57	165	-11	265	1321	265	73027672	
-17012	-5003	2498	27	-875	-1161	59	162	-9	266	1326	266	73027672	
-16936	-4793	2542	70	-793	-1171	59	161	-9	267	1331	267	73027672	
-16874	-4626	2722	116	-702	-1168	57	156	-9	268	1336	268	73027673	
-16835	-4383	2906	181	-607	-1145	57	155	-9	269	1341	269	73027673	
-16754	-4253	3033	289	-542	-1106	63	159	-10	270	1346	270	73027673	
-16656	-4034	3131	442	-484	-1068	64	160	-10	271	1351	271	73027673	
-16562	-3766	3275	655	-428	-1026	56	162	-12	272	1356	272	73027713	
-16475	-3466	3381	899	-384	-971	54	162	-12	273	1361	273	73027745	
-16388	-3087	3573	1155	-342	-933	55	160	-10	274	1366	274	73027750	
-16280	-2742	3698	1437	-290	-898	55	159	-9	275	1371	275	73027750	
-16205	-2564	3884	1756	-243	-849	61	161	-9	276	1376	276	73027750	
-16200	-2525	3920	2046	-215	-797	63	161	-9	277	1381	277	73027751	
-16237	-2530	3942	2250	-214	-751	62	160	-7	278	1386	278	73027751	
-16177	-2534	3897	2324	-197	-724	62	160	-6	279	1391	279	73027751	
-16101	-2675	3914	2302	-120	-728	63	159	-12	280	1396	280	73027751	
-16082	-2694	4022	2238	-47	-754	63	159	-13	281	1401	281	73027752	
-15956	-2578	4106	2222	-78	-788	69	161	-9	282	1406	282	73027752	
-16008	-2478	4092	2318	-102	-814	69	161	-9	283	1411	283	73027752	
-16120	-2488	4140	2466	-133	-834	60	158	-14	284	1416	284	73027752	
-16132	-2380	4210	2563	-116	-857	60	158	-14	285	1421	285	73027770	
-16086	-2288	4373	2652	-57	-883	66	159	-10	286	1426	286	73027774	
-16085	-2217	4332	2752	-7	-917	67	159	-9	287	1431	287	73027774	
-16002	-2247	4462	2875	-4	-943	64	161	-12	288	1436	288	73027774	
-15884	-2356	4734	3018	0	-958	63	161	-13	289	1441	289	73027774	
-15812	-2388	4800	3129	-50	-968	60	162	-12	290	1446	290	73027775	
-15744	-2522	4734	3209	-132	-971	60	162	-12	291	1451	291	73027775	
-15794	-2516	4796	3207	-220	-992	64	162	-8	292	1456	292	73027775	
-15690	-2686	4842	3181	-316	-1011	64	162	-8	293	1461	293	73027775	
-15732	-2566	4692	3033	-451	-1055	60	154	-6	294	1466	294	73027776	
-15704	-2070	4602	2827	-477	-1032	60	154	-6	295	1471	295	73027776	
-15716	-1882	4476	2885	-491	-1006	62	156	-6	296	1476	296	73027776	
-15878	-1864	4278	2921	-601	-954	62	156	-6	297	1481	297	73027777	
-15910	-1811	4105	2861	-649	-874	64	158	-8	298	1486	298	73027781	
-15918	-1856	3900	2812	-640	-820	64	158	-8	299	1491	299	73027800	
-15860	-2272	3706	2672	-618	-733	62	164	-6	300	1496	300	73027803	
-15832	-2468	3712	2412	-611	-665	62	164	-6	301	1501	301	73027804	
-15818	-2676	3628	2177	-686	-595	71	155	-9	302	1506	302	73027804	
-16008	-3014	3546	1972	-807	-519	71	155	-9	303	1511	303	73027804	
-16128	-3272	3536	1741	-909	-447	72	160	-10	304	1516	304	73027804	
-16244	-3530	3466	1449	-980	-364	72	160	-10	305	1521	305	73027805	
-16326	-3605	3514	1083	-1015	-276	68	160	-6	306	1526	306	73027805	
-16418	-3678	3485	831	-1050	-200	68	159	-6	307	1531	307	73027805	
-16383	-3765	3402	621	-1056	-112	68	156	-8	308	1536	308	73027806	
-16399	-3776	3407	424	-1035	-16	67	157	-8	309	1541	309	73027806	
-16339	-3844	3456	241	-1005	85	63	163	-7	310	1546	310	73027806	
-16301	-3914	3587	44	-984	169	64	162	-7	311	1551	311	73027810	
-16247	-3968	3632	-132	-1018	220	67	159	-9	312	1556	312	73027824	
-16204	-3990	3684	-258	-1055	282	67	159	-9	313	1561	313	73027824	
-16259	-4272	3725	-379	-1098	343	57	163	-5	314	1566	314	73027824	
-16395	-4410	3592	-500	-1152	387	59	162	-7	315	1571	315	73027825	
-16673	-4510	3545	-718	-1208	389	66	158	-14	316	1576	316	73027825	
-16876	-4407	3430	-1035	-1234	344	66	160	-13	317	1581	317	73027826	
-16999	-3926	3234	-1376	-1152	267	67	169	-11	318	1586	318	73027826	
-17035	-3270	3182	-1601	-997	186	67	168	-10	319	1591	319	73027831	
-17097	-2626	2942	-1592	-822	126	66	164	-8	320	1596	320	73027852	
-17081	-2065	2731	-1386	-627	85	66	163	-8	321	1601	321	73027858	
-17092	-1761	2705	-1042	-417	54	65	159	-9	322	1606	322	73027876	
-17056	-1775	2596	-619	-216	10	64	160	-10	323	1611	323	73027876	
-16948	-2032	2596	-316	-56	-45	63	161	-11	324	1616	324	73027876	
-16845	-2343	2633	-150	56	-109	62	159	-8	325	1621	325	73027877	
-16796	-2554	2776	-87	104	-170	60	154	-2	326	1626	326	73027877	
-16644	-2703	3046	-48	93	-264	62	154	-4	327	1631	327	73027877	
-16615	-2752	3150	9	28	-336	68	156	-10	328	1636	328	73027878	
-16671	-2613	3166	136	-18	-411	68	157	-10	329	1641	329	73027878	
-16756	-2483	3099	382	-30	-510	69	159	-9	330	1646	330	73027878	
-16840	-2322	3071	705	27	-641	67	157	-9	331	1651	331	73027898	
-16767	-2158	3197	996	164	-755	65	155	-9	332	1656	332	73027927	
-16642	-2048	3364	1335	324	-847	65	157	-10	333	1661	333	73027928	
-16466	-1995	3562	1726	440	-903	65	161	-11	334	1666	334	73027928	
-16258	-1973	3803	2173	519	-905	66	160	-11	335	1671	335	73027928	
-16097	-1964	4086	2679	571	-870	68	158	-10	336	1676	336	73027928	
-16016	-1860	4224	3220	577	-817	67	158	-12	337	1681	337	73027929	
-16005	-1766	4284	3753	597	-747	65	159	-15	338	1686	338	73027929	
-15977	-1762	4434	4257	658	-679	66	159	-15	339	1691	339	73027929	
-15868	-1868	4609	4699	731	-619	68	160	-14	340	1696	340	73027929	
-15787	-2060	4610	5017	758	-576	68	160	-14	341	1701	341	73027930	
-15786	-2264	4644	5177	729	-545	67	159	-13	342	1706	342	73027930	
-15751	-2326	4666	5183	686	-543	69	159	-11	343	1711	343	73027930	
-15722	-2218	4735	5102	640	-545	72	160	-8	344	1716	344	73027930	
-15611	-2038	4818	5068	623	-526	70	158	-10	345	1721	345	73027931	
-15508	-1924	4886	5157	630	-491	66	156	-12	346	1726	346	73027961	
-15397	-1886	4879	5328	578	-430	66	155	-12	347	1731	347	73028006	
-15338	-1993	4951	5408	496	-354	66	154	-12	348	1736	348	73028006	
-15371	-2282	5040	5295	365	-316	70	156	-13	349	1741	349	73028006	
-15343	-2455	5262	4985	213	-299	73	157	-13	350	1746	350	73028007	
-15342	-2595	5532	4655	87	-280	66	158	-11	351	1751	351	73028007	
-15386	-2786	5603	4346	-86	-259	62	158	-10	352	1756	352	73028007	
-15501	-2881	5539	4019	-265	-231	65	158	-12	353	1761	353	73028007	
-15653	-2901	5476	3652	-416	-197	67	157	-13	354	1766	354	73028007	
-15789	-2890	5426	3162	-554	-158	71	157	-12	355	1771	355	73028008	
-15868	-2701	5276	2623	-646	-111	74	156	-10	356	1776	356	73028054	
-15907	-2588	5130	2153	-700	-48	69	155	-6	357	1781	357	73028085	
-15967	-2577	4992	1697	-767	24	66	154	-4	358	1786	358	73028086	
-16006	-2563	4943	1235	-864	88	68	156	-7	359	1791	359	73028086	
-16103	-2532	4889	760	-940	149	69	157	-9	360	1796	360	73028086	
-16218	-2617	4667	295	-962	212	68	155	-6	361	1801	361	73028086	
-16279	-2699	4436	-152	-969	270	68	154	-4	362	1806	362	73028087	
-16320	-2818	4168	-567	-953	309	69	155	-7	363	1811	363	73028087	
-16326	-2990	4010	-1010	-895	333	69	155	-9	364	1816	364	73028087	
-16304	-3147	3843	-1418	-826	337	70	156	-11	365	1821	365	73028088	
-16324	-3157	3868	-1748	-785	334	70	156	-12	366	1826	366	73028088	
-16362	-3164	3869	-1922	-757	331	69	159	-9	367	1831	367	73028118	
-16421	-3204	3893	-2004	-761	315	68	160	-8	368	1836	368	73028133	
-16418	-3244	3885	-2011	-784	289	70	158	-10	369	1841	369	73028134	
-16454	-3186	3834	-1968	-814	255	71	157	-11	370	1846	370	73028134	
-16488	-3068	3772	-1890	-832	219	72	155	-10	371	1851	371	73028134	
-16486	-2861	3755	-1775	-819	190	72	154	-10	372	1856	372	73028134	
-16451	-2602	3769	-1596	-795	172	73	158	-9	373	1861	373	73028134	
-16356	-2390	3705	-1387	-764	168	73	159	-9	374	1866	374	73028135	
-16326	-2225	3720	-1098	-723	161	71	156	-12	375	1871	375	73028135	
-16310	-2128	3691	-776	-687	165	71	155	-13	376	1876	376	73028135	
-16346	-2029	3746	-485	-651	163	67	157	-9	377	1881	377	73028135	
-16342	-2006	3650	-227	-618	169	66	158	-8	378	1886	378	73028136	
-16375	-2028	3673	14	-553	163	71	158	-10	379	1891	379	73028136	
-16349	-1997	3659	179	-487	148	72	158	-10	380	1896	380	73028136	
-16353	-1923	3672	341	-412	128	71	156	-8	381	1901	381	73028136	
-16402	-1880	3698	498	-361	101	71	155	-7	382	1906	382	73028137	
-16428	-1784	3824	624	-330	87	63	155	-10	383	1911	383	73028137	
-16488	-1757	3792	713	-309	66	61	155	-11	384	1916	384	73028137	
-16507	-1692	3933	763	-277	43	66	157	-9	385	1921	385	73028137	
-16454	-1711	3918	784	-240	20	67	157	-9	386	1926	386	73028138	
-16419	-1746	4051	755	-200	-2	67	154	-12	387	1931	387	73028159	
-16235	-1762	4096	677	-146	-17	67	153	-13	388	1936	388	73028165	
-15898	-2388	4472	538	-76	78	67	153	-13	389	1941	389	73028165	
-16212	-2398	4198	338	-354	61	67	153	-13	390	1946	390	73028165	
-16492	-2154	4214	27	-484	-9	69	155	-9	391	1951	391	73028165	
-16216	-2172	4332	-37	-290	-41	69	155	-9	392	1956	392	73028165	
-15976	-2066	4532	-116	-128	-64	66	156	-6	393	1961	393	73028166	
-15919	-2019	4682	-148	-166	-85	66	156	-6	394	1966	394	73028166	
-15849	-2108	4699	-95	-211	-105	68	156	-9	395	1971	395	73028166	
-15992	-2121	4712	-78	-215	-119	68	156	-10	396	1976	396	73028166	
-16108	-1876	4958	-180	-283	-17	70	160	-16	397	1981	397	73028213	
-15784	-3052	4904	-146	-229	165	70	160	-16	398	1986	398	73028213	
-16114	-2578	4722	-489	-351	35	65	149	-11	399	1991	399	73028239	
-15928	-2182	4848	-939	-358	-21	65	149	-11	400	1996	400	73028261	
-15874	-2386	4914	-949	-343	28	67	157	-13	401	2001	401	73028261	
-15904	-2196	4882	-1159	-465	66	67	157	-13	402	2006	402	73028262	
-15966	-2314	4596	-1237	-548	45	65	149	-5	403	2011	403	73028262	
-15864	-2204	4722	-1292	-511	12	65	149	-5	404	2016	404	73028262	
-15814	-2012	4798	-1296	-513	-2	72	152	-12	405	2021	405	73028262	
-15962	-1800	4723	-1130	-660	28	72	153	-11	406	2026	406	73028263	
-16179	-1741	4626	-977	-749	28	71	155	-9	407	2031	407	73028272	
-16234	-1684	4528	-881	-723	10	71	155	-9	408	2036	408	73028317	
-16236	-1446	4578	-817	-616	-50	67	149	-5	409	2041	409	73028317	
-15998	-1438	4688	-814	-545	-50	67	149	-5	410	2046	410	73028317	
-16056	-1582	4472	-789	-563	-18	69	153	-15	411	2051	411	73028318	
-16262	-1528	4404	-828	-639	-19	69	153	-15	412	2056	412	73028318	
-16434	-1584	4202	-824	-603	-40	68	154	-16	413	2061	413	73028318	
-16448	-1672	3996	-765	-529	-88	68	154	-15	414	2066	414	73028318	
-16385	-1787	3909	-790	-465	-118	70	154	-10	415	2071	415	73028319	
-16315	-1711	3801	-828	-424	-139	69	153	-10	416	2076	416	73028319	
-16270	-1793	3867	-783	-422	-158	67	151	-11	417	2081	417	73028319	
-16409	-1826	3755	-665	-465	-173	67	153	-12	418	2086	418	73028319	
-16464	-1723	3813	-523	-465	-182	66	162	-16	419	2091	419	73028320	
-16402	-1744	3753	-370	-374	-173	66	160	-16	420	2096	420	73028329	
-16402	-1784	3790	-253	-319	-179	66	154	-14	421	2101	421	73028366	
-16510	-1776	3682	-218	-293	-201	66	154	-14	422	2106	422	73028367	
-16564	-1784	3669	-157	-258	-224	68	156	-16	423	2111	423	73028379	
-16471	-1866	3807	-155	-187	-239	68	155	-16	424	2116	424	73028421	
-16424	-1932	3900	-178	-157	-256	67	151	-15	425	2121	425	73028421	
-16346	-2050	3927	-242	-156	-283	67	152	-14	426	2126	426	73028421	
-16340	-2136	3878	-274	-165	-313	68	154	-12	427	2131	427	73028427	
-16286	-2078	3942	-334	-132	-337	67	154	-12	428	2136	428	73028446	
-16238	-2003	4090	-346	-90	-359	61	153	-13	429	2141	429	73028452	
-16145	-1973	4304	-332	-109	-365	63	154	-12	430	2146	430	73028470	
-16004	-1788	4461	-320	-151	-355	70	158	-8	431	2151	431	73028471	
-15981	-1668	4567	-306	-199	-339	69	158	-8	432	2156	432	73028471	
-15984	-1520	4636	-263	-227	-329	68	158	-8	433	2161	433	73028471	
-15918	-1387	4718	-205	-234	-313	68	156	-9	434	2166	434	73028471	
-15850	-1378	4904	-116	-233	-284	67	153	-11	435	2171	435	73028472	
-15751	-1331	5030	-7	-259	-256	68	153	-11	436	2176	436	73028472	
-15697	-1386	5252	55	-321	-207	72	154	-12	437	2181	437	73028472	
-15773	-1529	5305	83	-454	-135	71	154	-13	438	2186	438	73028472	
-15834	-1844	5377	-46	-618	-72	67	153	-17	439	2191	439	73028473	
-15932	-2109	5436	-325	-718	-18	71	154	-14	440	2196	440	73028473	
-16062	-2321	5502	-722	-794	42	76	156	-10	441	2201	441	73028473	
-16168	-2399	5460	-1200	-866	95	71	155	-11	442	2206	442	73028483	
-16262	-2415	5440	-1673	-925	133	64	154	-12	443	2211	443	73028497	
-16296	-2412	5458	-2089	-1002	149	65	156	-12	444	2216	444	73028498	
-16355	-2430	5283	-2485	-1084	167	66	160	-12	445	2221	445	73028498	
-16278	-2540	5133	-2865	-1069	199	67	157	-12	446	2226	446	73028498	
-16151	-2920	5112	-3264	-991	233	68	152	-12	447	2231	447	73028499	
-16061	-3251	5008	-3652	-966	257	70	154	-13	448	2236	448	73028499	
-16031	-3459	4929	-3953	-954	301	72	156	-14	449	2241	449	73028519	
-16093	-3760	4796	-4149	-965	356	70	156	-13	450	2246	450	73028549	
-16115	-4032	4616	-4255	-974	413	67	155	-11	451	2251	451	73028549	
-16060	-4254	4433	-4313	-908	469	69	155	-11	452	2256	452	73028550	
-16042	-4344	4127	-4381	-827	493	72	156	-10	453	2261	453	73028550	
-16118	-4296	3824	-4548	-746	500	73	156	-12	454	2266	454	73028550	
-16304	-4167	3642	-4826	-625	495	74	156	-16	455	2271	455	73028551	
-16340	-3989	3464	-5136	-416	440	71	155	-14	456	2276	456	73028551	
-16351	-3770	3383	-5372	-223	366	69	155	-13	457	2281	457	73028551	
-16343	-3582	3356	-5536	-183	319	68	156	-12	458	2286	458	73028551	
-16319	-3549	3214	-5637	-253	303	68	156	-12	459	2291	459	73028552	
-16328	-3470	3052	-5706	-328	295	64	160	-14	460	2296	460	73028552	
-16262	-3243	3064	-5677	-377	276	61	163	-15	461	2301	461	73028552	
-16218	-3033	3149	-5545	-428	271	62	158	-13	462	2306	462	73028563	
-16216	-2828	3191	-5366	-517	295	62	152	-10	463	2311	463	73028574	
-16259	-2451	3163	-5131	-663	344	63	153	-12	464	2316	464	73028574	
-16330	-2073	3156	-4856	-790	393	64	154	-14	465	2321	465	73028574	
-16279	-1883	3102	-4578	-866	448	60	152	-15	466	2326	466	73028575	
-16207	-1848	2996	-4308	-889	497	57	151	-15	467	2331	467	73028575	
-16110	-1958	2885	-4080	-896	549	58	153	-14	468	2336	468	73028575	
-16042	-2132	2825	-3915	-922	605	59	155	-13	469	2341	469	73028622	
-16021	-2334	2670	-3744	-950	667	58	157	-10	470	2346	470	73028653	
-16052	-2593	2628	-3554	-1000	729	58	158	-8	471	2351	471	73028654	
-16110	-2834	2705	-3357	-1084	812	58	158	-13	472	2356	472	73028654	
-16082	-3042	2736	-3201	-1149	880	58	158	-14	473	2361	473	73028654	
-16133	-3031	2742	-3141	-1187	924	60	157	-20	474	2366	474	73028654	
-16178	-2981	2841	-3153	-1177	966	61	157	-21	475	2371	475	73028655	
-16221	-2893	2905	-3208	-1166	994	58	156	-16	476	2376	476	73028655	
-16248	-2756	2872	-3288	-1123	1026	56	156	-14	477	2381	477	73028655	
-16279	-2593	2826	-3377	-1091	1073	56	158	-13	478	2386	478	73028655	
-16295	-2504	2801	-3465	-1077	1126	56	160	-12	479	2391	479	73028656	
-16272	-2513	2770	-3594	-1056	1166	55	161	-13	480	2396	480	73028669	
-16275	-2596	2789	-3807	-1070	1199	54	162	-14	481	2401	481	73028699	
-16294	-2589	2946	-4031	-1135	1223	59	160	-12	482	2406	482	73028706	
-16356	-2643	2934	-4186	-1211	1244	60	160	-12	483	2411	483	73028706	
-16404	-2711	3044	-4268	-1242	1252	59	159	-13	484	2416	484	73028707	
-16378	-2810	3079	-4347	-1244	1240	59	159	-13	485	2421	485	73028707	
-16365	-2821	3134	-4426	-1232	1221	53	153	-7	486	2426	486	73028707	
-16366	-2754	3204	-4480	-1248	1202	52	152	-6	487	2431	487	73028707	
-16348	-2696	3325	-4475	-1314	1171	56	158	-12	488	2436	488	73028708	
-16338	-2606	3381	-4429	-1358	1143	57	159	-13	489	2441	489	73028708	
-16320	-2679	3319	-4381	-1373	1128	56	157	-14	490	2446	490	73028708	
-16295	-2635	3339	-4370	-1371	1115	56	156	-14	491	2451	491	73028746	
-16212	-2695	3417	-4367	-1343	1112	51	156	-12	492	2456	492	73028756	
-16234	-2703	3400	-4344	-1339	1114	50	156	-12	493	2461	493	73028756	
-16242	-2810	3309	-4281	-1366	1150	51	155	-18	494	2466	494	73028756	
-16256	-2835	3262	-4194	-1387	1185	51	155	-19	495	2471	495	73028757	
-16236	-2925	3328	-4128	-1411	1221	53	160	-13	496	2476	496	73028757	
-16204	-2966	3232	-4110	-1418	1276	53	161	-11	497	2481	497	73028757	
-16146	-3072	3288	-4129	-1387	1318	52	162	-14	498	2486	498	73028758	
-16188	-2954	3268	-4184	-1360	1343	52	162	-14	499	2491	499	73028758	
-16196	-2914	3290	-4199	-1340	1368	51	161	-17	500	2496	500	73028758	
-16254	-2838	3288	-4146	-1336	1398	51	161	-17	501	2501	501	73028759	
-16312	-2778	3082	-4076	-1317	1428	45	157	-15	502	2506	502	73028759	
-16269	-2818	3024	-4015	-1247	1432	45	157	-15	503	2511	503	73028759	
-16334	-2844	3012	-3960	-1172	1438	48	162	-15	504	2516	504	73028884	
-16352	-2888	2961	-3923	-1119	1435	49	163	-15	505	2521	505	73028915	
-16296	-3146	2864	-3874	-1066	1427	44	162	-16	506	2526	506	73028915	
-16304	-3332	3006	-3832	-1063	1406	44	162	-16	507	2531	507	73028916	
-16210	-3506	3138	-3785	-1075	1395	50	160	-12	508	2536	508	73028916	
-16246	-3646	3264	-3722	-1118	1388	50	160	-12	509	2541	509	73028916	
-16208	-3764	3434	-3598	-1231	1383	49	159	-9	510	2546	510	73028936	
-16142	-3756	3572	-3472	-1337	1380	49	159	-9	511	2551	511	73028961	
-16164	-3850	3674	-3397	-1353	1380	44	158	-10	512	2556	512	73028962	
-16088	-3780	3714	-3423	-1343	1399	44	158	-10	513	2561	513	73028962	
-16053	-3802	3829	-3486	-1347	1445	39	155	-15	514	2566	514	73028962	
-16127	-3783	3878	-3539	-1346	1507	40	156	-15	515	2571	515	73028963	
-16230	-3800	3906	-3541	-1389	1575	47	159	-15	516	2576	516	73028963	
-16354	-3878	3946	-3552	-1409	1664	47	159	-15	517	2581	517	73028963	
-16362	-4022	3962	-3600	-1411	1748	44	158	-14	518	2586	518	73029043	
-16322	-4120	3832	-3790	-1360	1798	44	158	-14	519	2591	519	73029043	
-16388	-4252	4142	-4121	-1240	1798	40	158	-20	520	2596	520	73029044	
-16266	-4402	4082	-4541	-1279	1847	40	158	-20	521	2601	521	73029044	
-16178	-4390	4258	-4978	-1287	1869	31	155	-13	522	2606	522	73029044	
-16201	-4197	4364	-5428	-1298	1921	33	156	-14	523	2611	523	73029044	
-16185	-4117	4430	-5682	-1305	1994	42	160	-18	524	2616	524	73029045	
-16252	-4112	4369	-5891	-1284	2097	42	160	-18	525	2621	525	73029045	
-16359	-4135	4213	-6137	-1214	2194	41	161	-17	526	2626	526	73029045	
-16422	-4086	4066	-6429	-1070	2272	40	160	-17	527	2631	527	73029045	
-16390	-4079	4137	-6727	-890	2343	34	154	-16	528	2636	528	73029046	
-16343	-4168	4169	-7020	-741	2388	34	155	-16	529	2641	529	73029046	
-16226	-4230	4226	-7302	-661	2405	35	157	-15	530	2646	530	73029046	
-16070	-4208	4382	-7689	-652	2435	35	158	-15	531	2651	531	73029065	
-15971	-4160	4519	-7901	-713	2471	34	164	-14	532	2656	532	73029066	
-15930	-4068	4414	-7996	-823	2529	34	163	-14	533	2661	533	73029066	
-15955	-3916	4447	-8037	-910	2589	35	157	-13	534	2666	534	73029066	
-16064	-3838	4427	-8070	-943	2644	35	157	-13	535	2671	535	73029066	
-16205	-3786	4456	-8114	-892	2694	33	159	-13	536	2676	536	73029067	
-16224	-3756	4426	-8176	-764	2748	32	159	-14	537	2681	537	73029067	
-16266	-3658	4361	-8195	-633	2796	30	160	-18	538	2686	538	73029067	
-16311	-3638	4158	-8132	-548	2842	31	160	-16	539	2691	539	73029067	
-16317	-3719	4004	-8056	-486	2870	33	161	-13	540	2696	540	73029068	
-16332	-3802	3836	-8039	-412	2897	29	159	-14	541	2701	541	73029068	
-16417	-3836	3724	-8095	-321	2904	24	156	-16	542	2706	542	73029078	
-16513	-3809	3608	-8184	-214	2895	24	155	-16	543	2711	543	73029093	
-16604	-3752	3448	-8270	-115	2875	25	153	-17	544	2716	544	73029093	
-16646	-3623	3301	-8300	-15	2835	25	153	-16	545	2721	545	73029093	
-16662	-3538	3116	-8258	83	2803	23	155	-13	546	2726	546	73029094	
-16740	-3425	2878	-8177	223	2778	24	156	-14	547	2731	547	73029094	
-16927	-3386	2467	-8071	427	2732	26	158	-16	548	2736	548	73029094	
-17099	-3351	2139	-8041	662	2650	22	157	-16	549	2741	549	73029094	
-17239	-3317	1821	-8059	960	2536	16	156	-16	550	2746	550	73029095	
-17401	-3379	1581	-8106	1277	2405	18	155	-14	551	2751	551	73029095	
-17596	-3415	1349	-8188	1596	2246	20	154	-12	552	2756	552	73029095	
-17634	-3331	1134	-8287	1889	2072	17	154	-14	553	2761	553	73029095	
-17598	-3135	983	-8324	2150	1906	13	153	-17	554	2766	554	73029096	
-17561	-2833	840	-8249	2402	1775	16	156	-16	555	2771	555	73029108	
-17492	-2682	589	-8094	2677	1689	19	159	-15	556	2776	556	73029120	
-17426	-2687	408	-7988	2983	1619	14	158	-16	557	2781	557	73029120	
-17369	-2826	297	-7942	3343	1543	8	156	-16	558	2786	558	73029120	
-17273	-3044	292	-7937	3734	1449	8	156	-17	559	2791	559	73029120	
-17126	-3309	445	-7901	4016	1340	7	155	-19	560	2796	560	73029120	
-16966	-3565	688	-7815	4136	1241	9	154	-19	561	2801	561	73029121	
-16849	-3740	934	-7693	4126	1160	11	153	-19	562	2806	562	73029121	
-16768	-3864	1120	-7554	4081	1106	11	153	-18	563	2811	563	73029121	
-16731	-3838	1261	-7446	4108	1086	12	152	-16	564	2816	564	73029122	
-16806	-3516	1396	-7419	4251	1103	11	150	-17	565	2821	565	73029122	
-16909	-3096	1470	-7411	4438	1107	11	149	-17	566	2826	566	73029122	
-17004	-2616	1555	-7409	4710	1096	10	149	-21	567	2831	567	73029122	
-17098	-2113	1631	-7328	5116	1099	9	149	-23	568	2836	568	73029134	
-17224	-1599	1746	-7009	5650	1102	5	147	-21	569	2841	569	73029142	
-17311	-1212	1806	-6426	6286	1096	3	145	-19	570	2846	570	73029158	
-17324	-908	1775	-5756	6915	1076	1	146	-21	571	2851	571	73029171	
-17379	-649	1674	-4947	7627	1025	-2	146	-22	572	2856	572	73029172	
-17436	-535	1473	-4148	8403	975	2	144	-26	573	2861	573	73029173	
-17358	-380	1364	-3723	9146	963	5	143	-29	574	2866	574	73029173	
-17087	-210	1430	-3582	9854	975	0	148	-27	575	2871	575	73029173	
-16819	-111	1641	-3564	10419	1018	-3	151	-25	576	2876	576	73029173	
-16666	-124	1764	-3509	10697	1056	-3	147	-25	577	2881	577	73029173	
-16540	-151	1814	-3499	10757	1078	-3	145	-25	578	2886	578	73029174	
-16456	-126	1860	-3565	10690	1128	-8	143	-24	579	2891	579	73029174	
-16423	-116	1890	-3674	10521	1226	-11	141	-23	580	2896	580	73029174	
-16659	-224	2101	-3872	10210	1354	-7	141	-31	581	2901	581	73029175	
-16929	-381	1906	-3997	9669	1453	-5	141	-33	582	2906	582	73029175	
-17197	-740	1262	-4016	9145	1565	0	138	-33	583	2911	583	73029233	
-17337	-1323	769	-3997	8893	1646	1	137	-33	584	2916	584	73029247	
-17359	-1973	193	-3947	8908	1641	-6	133	-34	585	2921	585	73029247	
-17215	-2708	-298	-3917	9063	1586	-9	131	-35	586	2926	586	73029248	
-16928	-3446	-539	-3934	9246	1498	-5	132	-35	587	2931	587	73029248	
-16665	-3979	-650	-4029	9291	1395	-3	133	-35	588	2936	588	73029248	
-16439	-4373	-626	-4197	9105	1269	-11	134	-31	589	2941	589	73029249	
-16282	-4690	-530	-4347	8766	1191	-14	134	-30	590	2946	590	73029249	
-16233	-5046	-627	-4570	8382	1073	-4	133	-36	591	2951	591	73029250	
-16279	-5104	-742	-5001	8029	989	-1	133	-37	592	2956	592	73029250	
-16372	-5012	-833	-5572	7778	928	-3	131	-39	593	2961	593	73029250	
-16530	-4830	-1004	-6226	7590	870	-3	131	-39	594	2966	594	73029250	
-16698	-4691	-1293	-6863	7500	783	-14	123	-42	595	2971	595	73029271	
-16897	-4784	-1790	-7492	7507	653	-17	121	-43	596	2976	596	73029276	
-17072	-5138	-2364	-8356	7701	355	-12	124	-38	597	2981	597	73029276	
-17087	-5233	-2924	-9190	7996	29	-12	124	-38	598	2986	598	73029277	
-17100	-5308	-3361	-10189	8462	-354	-11	125	-40	599	2991	599	73029277	
-17041	-5295	-3743	-11162	8925	-744	-11	125	-41	600	2996	600	73029277	
-16989	-5504	-4138	-12086	9237	-1090	-15	123	-45	601	3001	601	73029278	
-16921	-5593	-4408	-13238	9484	-1369	-16	122	-46	602	3006	602	73029278	
-16780	-5280	-4586	-14471	9675	-1578	-14	127	-43	603	3011	603	73029278	
-16585	-4787	-4565	-15753	9807	-1723	-14	128	-42	604	3016	604	73029296	
-16594	-4161	-4210	-16776	9771	-1817	-23	121	-46	605	3021	605	73029300	
-16540	-3408	-4044	-17280	9532	-1886	-25	119	-47	606	3026	606	73029301	
-16508	-2060	-3478	-17390	9372	-1880	-23	115	-41	607	3031	607	73029326	
-16276	-888	-2964	-17026	9077	-1770	-23	115	-41	608	3036	608	73029326	
-16008	260	-2610	-16255	8513	-1578	-22	120	-46	609	3041	609	73029326	
-16030	1138	-2380	-15104	7845	-1254	-22	120	-46	610	3046	610	73029327	
-16384	2128	-2270	-13720	7216	-738	-32	116	-48	611	3051	611	73029327	
-16879	3013	-1947	-12525	6789	-234	-32	116	-48	612	3056	612	73029327	
-17290	3228	-1786	-10914	6447	397	-26	118	-46	613	3061	613	73029328	
-17518	3042	-1098	-9069	6247	989	-25	119	-45	614	3066	614	73029328	
-17826	2906	-474	-7668	5957	1171	-33	113	-43	615	3071	615	73029329	
-18066	2976	-144	-6280	5576	1172	-33	113	-43	616	3076	616	73029329	
-18416	2410	-10	-4872	5287	1072	-36	108	-44	617	3081	617	73029329	
-18860	1452	212	-3480	5010	796	-36	108	-44	618	3086	618	73029330	
-19290	342	226	-2390	4832	386	-34	110	-42	619	3091	619	73029330	
-19514	-852	492	-1651	4878	-152	-34	110	-42	620	3096	620	73029330	
-19370	-1938	1196	-1208	5029	-791	-44	108	-38	621	3101	621	73029330	
-19118	-2828	2310	-1025	4916	-1399	-44	108	-38	622	3106	622	73029330	
-18818	-3683	3065	-1261	4329	-1991	-37	105	-41	623	3111	623	73029331	
-18492	-4307	3540	-1927	3706	-2368	-37	106	-42	624	3116	624	73029345	
-18273	-4596	4232	-3048	3152	-2673	-38	108	-46	625	3121	625	73029403	
-17960	-4998	4799	-4211	2646	-2919	-38	108	-45	626	3126	626	73029404	
-17688	-5318	5154	-5116	2229	-3140	-40	108	-42	627	3131	627	73029405	
-17570	-5898	4836	-6169	1927	-3249	-40	108	-42	628	3136	628	73029426	
-17000	-6510	5076	-7045	1715	-3423	-33	111	-41	629	3141	629	73029429	
-16530	-6742	5404	-7959	1498	-3940	-33	111	-41	630	3146	630	73029430	
-16011	-6803	6069	-9276	1094	-4376	-40	106	-46	631	3151	631	73029430	
-15930	-6724	6303	-10344	493	-4643	-40	106	-46	632	3156	632	73029430	
-16099	-6302	6192	-11307	-195	-4758	-40	108	-44	633	3161	633	73029431	
-15954	-5700	6177	-12121	-524	-4741	-39	109	-43	634	3166	634	73029431	
-15763	-5311	6103	-12532	-457	-4650	-37	113	-39	635	3171	635	73029431	
-15424	-5174	5785	-12757	-361	-4607	-37	112	-39	636	3176	636	73029431	
-15152	-5068	5527	-13136	-393	-4689	-36	110	-38	637	3181	637	73029432	
-14970	-5656	5175	-13995	-574	-4734	-37	111	-37	638	3186	638	73029432	
-15112	-6320	5216	-15756	-1120	-4800	-40	112	-34	639	3191	639	73029432	
-15363	-6525	5378	-17812	-1792	-4928	-42	113	-35	640	3196	640	73029449	
-15715	-6029	5437	-20145	-2496	-5174	-46	114	-38	641	3201	641	73029483	
-16307	-4897	5229	-22831	-3260	-5537	-46	114	-36	642	3206	642	73029483	
-16796	-3671	4711	-24867	-3755	-5870	-47	113	-29	643	3211	643	73029483	
-17138	-2368	4302	-26386	-3884	-6207	-47	114	-29	644	3216	644	73029483	
-17126	-1093	3953	-27461	-3941	-6446	-46	120	-30	645	3221	645	73029484	
-16872	195	3790	-28053	-4124	-6620	-46	120	-29	646	3226	646	73029484	
-16513	1373	3614	-28000	-4541	-6763	-48	122	-26	647	3231	647	73029484	
-16079	2594	3255	-27459	-5004	-6904	-48	122	-22	648	3236	648	73029485	
-15708	3273	2966	-26732	-5266	-6928	-47	121	-17	649	3241	649	73029485	
-15601	3648	2666	-25906	-5527	-6818	-49	122	-17	650	3246	650	73029485	
-15618	3658	2368	-24997	-5850	-6663	-51	123	-17	651	3251	651	73029486	
-15678	3341	1894	-24025	-6160	-6486	-50	123	-17	652	3256	652	73029486	
-15822	2984	1588	-23211	-6400	-6314	-49	123	-17	653	3261	653	73029495	
-15989	2821	1464	-22676	-6494	-6162	-49	124	-15	654	3266	654	73029509	
-16024	2868	1253	-22402	-6508	-6037	-50	126	-10	655	3271	655	73029509	
-15998	3308	840	-22229	-6498	-5943	-52	126	-9	656	3276	656	73029509	
-16043	3817	392	-21966	-6499	-5871	-55	127	-7	657	3281	657	73029509	
-16106	4490	-159	-21597	-6463	-5811	-54	126	-5	658	3286	658	73029510	
-16186	5209	-624	-21135	-6291	-5765	-53	125	-3	659	3291	659	73029510	
-16188	5869	-1003	-20541	-6038	-5676	-54	129	-4	660	3296	660	73029510	
-16226	6267	-1151	-19770	-5791	-5521	-56	134	-6	661	3301	661	73029529	
-16194	6351	-1480	-18827	-5647	-5319	-58	135	-5	662	3306	662	73029557	
-16129	6478	-1906	-17948	-5526	-5050	-62	136	-4	663	3311	663	73029557	
-16120	6743	-2076	-17181	-5345	-4665	-60	137	1	664	3316	664	73029558	
-16164	7007	-2160	-16377	-5090	-4250	-57	137	5	665	3321	665	73029558	
-16146	7329	-2370	-15612	-4708	-3870	-56	138	3	666	3326	666	73029559	
-16241	7692	-2721	-14814	-4168	-3487	-56	138	2	667	3331	667	73029559	
-16440	7765	-2998	-13883	-3649	-3171	-54	137	8	668	3336	668	73029584	
-16536	7592	-3253	-12741	-3097	-2884	-52	136	14	669	3341	669	73029610	
-16522	7196	-3580	-11410	-2409	-2551	-51	137	15	670	3346	670	73029612	
-16478	6703	-3894	-10090	-1744	-2186	-50	138	16	671	3351	671	73029612	
-16352	6150	-4251	-8487	-1169	-1760	-56	139	12	672	3356	672	73029613	
-16163	5424	-4419	-6655	-797	-1262	-61	139	7	673	3361	673	73029613	
-15955	4720	-4503	-4786	-587	-781	-58	138	9	674	3366	674	73029613	
-15914	3896	-4683	-2811	-554	-324	-56	138	10	675	3371	675	73029614	
-16303	2532	-5325	-979	-764	-19	-55	141	7	676	3376	676	73029614	
-17056	669	-6805	240	-925	89	-55	143	5	677	3381	677	73029614	
-17986	-1226	-8663	556	-462	-37	-57	139	7	678	3386	678	73029614	
-18735	-2661	-9926	148	756	-495	-59	137	9	679	3391	679	73029615	
-18893	-3092	-9970	-360	2246	-1206	-57	138	9	680	3396	680	73029615	
-18285	-2380	-8819	-110	3458	-2010	-55	139	9	681	3401	681	73029616	
-17760	-1415	-8101	1390	3470	-2365	-55	142	9	682	3406	682	73029645	
-17568	-375	-8412	3545	2762	-2370	-55	143	9	683	3411	683	73029660	
-17513	733	-9697	5460	1890	-2007	-53	141	10	684	3416	684	73029660	
-17137	2008	-9442	6092	1421	-1365	-52	140	10	685	3421	685	73029661	
-16080	3792	-5008	5204	674	-589	-50	141	11	686	3426	686	73029661	
-14842	6206	2834	3542	-1531	185	-49	141	11	687	3431	687	73029661	
-14762	8712	10082	3168	-5264	952	-54	138	7	688	3436	688	73029693	
