-15593	-5276	-1218	-829	-625	617	-49	175	-59	1	1	1	73030209	
-15729	-5302	-1235	-818	-625	809	-47	175	-58	2	6	2	73030210	
-15828	-5271	-1223	-806	-606	1004	-43	175	-57	3	11	3	73030210	
-15952	-5246	-1213	-781	-564	1207	-44	175	-60	4	16	4	73030212	
-16102	-5282	-1160	-754	-520	1400	-44	174	-62	5	21	5	73030212	
-16224	-5299	-1149	-724	-474	1574	-44	173	-61	6	26	6	73030213	
-16326	-5287	-1211	-682	-421	1734	-44	172	-60	7	31	7	73030213	
-16434	-5337	-1201	-622	-372	1894	-47	175	-62	8	36	8	73030214	
-16628	-5374	-1174	-548	-309	2049	-49	177	-63	9	41	9	73030242	
-16758	-5340	-1206	-469	-235	2201	-48	177	-59	10	46	10	73030261	
-16810	-5404	-1294	-398	-164	2338	-47	177	-57	11	51	11	73030261	
-16900	-5432	-1289	-333	-86	2462	-53	175	-61	12	56	12	73030262	
-17037	-5424	-1252	-254	0	2581	-57	173	-63	13	61	13	73030262	
-17144	-5353	-1321	-160	86	2675	-55	172	-60	14	66	14	73030262	
-17242	-5333	-1372	-49	195	2761	-54	172	-58	15	71	15	73030262	
-17322	-5499	-1427	69	324	2847	-55	173	-60	16	76	16	73030263	
-17439	-5559	-1506	138	429	2876	-55	173	-61	17	81	17	73030263	
-17510	-5600	-1566	225	544	2908	-51	172	-59	18	86	18	73030264	
-17529	-5640	-1550	312	668	2948	-48	172	-58	19	91	19	73030264	
-17555	-5658	-1514	400	794	2970	-51	174	-60	20	96	20	73030264	
-17607	-5741	-1437	536	931	2939	-53	175	-61	21	101	21	73030339	
-17625	-5689	-1324	635	1055	2906	-55	171	-62	22	106	22	73030365	
-17650	-5403	-1329	794	1192	2876	-56	170	-62	23	111	23	73030365	
-17658	-5186	-1200	1060	1346	2808	-54	170	-60	24	116	24	73030365	
-17589	-5214	-1056	1339	1516	2733	-54	170	-60	25	121	25	73030365	
-17556	-5244	-929	1575	1670	2679	-55	166	-58	26	126	26	73030366	
-17528	-5158	-808	1780	1807	2601	-55	165	-57	27	131	27	73030366	
-17508	-4834	-771	2005	1921	2502	-53	173	-59	28	136	28	73030366	
-17464	-5018	-602	2309	2086	2405	-53	175	-59	29	141	29	73030367	
-17376	-4970	-634	2443	2205	2338	-51	177	-63	30	146	30	73030367	
-17318	-4932	-644	2571	2302	2228	-51	177	-63	31	151	31	73030367	
-17261	-4794	-516	2674	2380	2156	-53	177	-65	32	156	32	73030367	
-17242	-4916	-479	2787	2469	2055	-53	177	-65	33	161	33	73030367	
-17182	-4919	-450	2799	2533	1968	-53	174	-62	34	166	34	73030424	
-17184	-4788	-514	2874	2600	1890	-53	173	-61	35	171	35	73030438	
-17110	-4772	-401	2920	2687	1808	-51	171	-62	36	176	36	73030438	
-16980	-4934	-430	2984	2783	1722	-50	170	-62	37	181	37	73030439	
-16926	-4936	-412	3000	2876	1608	-43	171	-63	38	186	38	73030439	
-16768	-4934	-488	3122	2966	1578	-43	171	-63	39	191	39	73030439	
-16602	-4876	-438	3199	3062	1491	-51	173	-65	40	196	40	73030439	
-16530	-4816	-484	3296	3110	1406	-51	173	-65	41	201	41	73030440	
-16454	-4564	-530	3396	3157	1322	-55	171	-61	42	206	42	73030440	
-16338	-4228	-562	3626	3283	1301	-55	171	-61	43	211	43	73030440	
-16196	-4332	-486	3928	3456	1224	-49	171	-71	44	216	44	73030440	
-16266	-4492	-472	4090	3521	1117	-49	171	-71	45	221	45	73030441	
-16282	-4612	-377	4203	3546	1069	-44	172	-64	46	226	46	73030441	
-16327	-4581	-403	4311	3562	1027	-46	171	-65	47	231	47	73030443	
-16464	-4495	-334	4359	3533	953	-53	167	-67	48	236	48	73030444	
-16650	-4433	-311	4383	3461	911	-51	168	-67	49	241	49	73030444	
-16722	-4444	-263	4418	3392	914	-44	170	-68	50	246	50	73030444	
-16836	-4311	-417	4479	3362	950	-45	171	-68	51	251	51	73030444	
-16797	-4052	-496	4544	3344	1032	-48	174	-66	52	256	52	73030445	
-16884	-3930	-796	4679	3341	1111	-48	174	-66	53	261	53	73030445	
-17117	-3883	-1092	4755	3418	1243	-55	171	-73	54	266	54	73030445	
-17232	-3797	-1158	4702	3411	1368	-53	171	-71	55	271	55	73030446	
-17320	-3657	-1457	4688	3387	1512	-47	171	-65	56	276	56	73030446	
-17318	-3488	-1646	4653	3425	1703	-47	171	-66	57	281	57	73030446	
-17326	-3321	-1912	4585	3500	1905	-48	170	-70	58	286	58	73030455	
-17347	-3345	-2113	4580	3606	2091	-48	170	-70	59	291	59	73030492	
-17313	-3271	-2310	4576	3725	2284	-46	170	-70	60	296	60	73030492	
-17242	-3187	-2600	4578	3888	2531	-47	172	-71	61	301	61	73030493	
-17159	-3221	-2766	4555	4051	2804	-52	178	-74	62	306	62	73030493	
-17002	-3101	-3080	4514	4221	3100	-53	173	-74	63	311	63	73030493	
-16874	-2797	-3288	4566	4379	3385	-54	166	-74	64	316	64	73030494	
-16703	-2439	-3298	4810	4552	3703	-50	166	-72	65	321	65	73030494	
-16408	-2030	-3257	5341	4745	4024	-45	167	-69	66	326	66	73030504	
-16122	-1702	-3056	6099	4965	4297	-46	169	-69	67	331	67	73030519	
-15856	-1590	-2750	6976	5183	4574	-48	172	-70	68	336	68	73030520	
-15567	-1534	-2550	7955	5387	4865	-45	169	-72	69	341	69	73030520	
-15293	-1537	-2286	8987	5593	5105	-41	165	-75	70	346	70	73030520	
-14992	-1644	-1978	10115	5811	5316	-44	166	-73	71	351	71	73030521	
-14817	-1816	-1673	11153	5981	5508	-47	167	-71	72	356	72	73030521	
-14689	-2016	-1463	12158	6127	5691	-43	167	-73	73	361	73	73030521	
-14590	-2282	-1392	13316	6297	5906	-37	167	-75	74	366	74	73030521	
-14516	-2569	-1370	14385	6466	6113	-38	167	-75	75	371	75	73030521	
-14461	-2792	-1395	15354	6608	6313	-39	167	-75	76	376	76	73030521	
-14386	-2977	-1483	16270	6727	6540	-39	169	-77	77	381	77	73030522	
-14357	-3195	-1586	17067	6861	6799	-40	172	-80	78	386	78	73030522	
-14407	-3649	-1605	17736	7015	7057	-41	170	-77	79	391	79	73030534	
-14428	-4114	-1551	18175	7135	7293	-41	167	-73	80	396	80	73030546	
-14466	-4722	-1419	18439	7193	7473	-39	168	-76	81	401	81	73030546	
-14217	-5994	-1204	18404	7138	7616	-38	168	-78	82	406	82	73030546	
-13965	-7552	-834	17595	6804	7692	-43	168	-76	83	411	83	73030546	
-13850	-8591	-506	16014	6122	7732	-46	168	-74	84	416	84	73030547	
-13984	-7778	-490	14210	5310	7694	-40	163	-79	85	421	85	73030547	
-14044	-6934	-672	12854	4730	7675	-36	160	-82	86	426	86	73030547	
-14006	-6331	-497	11279	4175	7641	-36	166	-81	87	431	87	73030548	
-14868	-4776	-808	10524	3789	7407	-36	168	-80	88	436	88	73030548	
-15031	-4296	-518	10525	3862	7476	-37	167	-81	89	441	89	73030548	
-14320	-5884	-564	10909	4187	7632	-37	167	-81	90	446	90	73030548	
-14236	-6124	-326	10594	4268	7476	-38	166	-75	91	451	91	73030549	
-14245	-6668	-522	10465	4132	7449	-38	166	-74	92	456	92	73030549	
-14250	-6967	-172	9841	3841	7455	-39	167	-77	93	461	93	73030549	
-14522	-7063	-400	9165	3408	7357	-39	167	-79	94	466	94	73030549	
-14324	-7060	-365	8300	3089	7352	-35	163	-77	95	471	95	73030550	
-14103	-7106	-475	7412	2762	7175	-32	160	-76	96	476	96	73030550	
-14238	-5700	-690	6605	2434	7129	-33	167	-78	97	481	97	73030551	
-14072	-5318	-644	6348	2346	7230	-33	169	-79	98	486	98	73030568	
-14192	-5197	-658	6282	2265	7003	-41	163	-76	99	491	99	73030572	
-14511	-4597	-904	6442	2257	6773	-43	161	-75	100	496	100	73030573	
-14092	-5326	-486	6617	2374	6721	-38	161	-83	101	501	101	73030573	
-14223	-5278	-715	6768	2253	6391	-37	161	-85	102	506	102	73030573	
-13920	-5207	-567	6921	2239	6277	-35	163	-82	103	511	103	73030573	
-14160	-5370	-800	7127	2042	5959	-35	163	-81	104	516	104	73030573	
-14184	-5466	-524	7128	1872	5818	-38	162	-80	105	521	105	73030574	
-14320	-5402	-1088	7744	1855	5558	-38	162	-80	106	526	106	73030574	
-14108	-5094	-758	8154	1827	5410	-28	170	-82	107	531	107	73030574	
-14738	-4772	-1594	9105	1814	5056	-28	170	-82	108	536	108	73030574	
-14298	-5642	-1246	9598	1887	4920	-36	168	-76	109	541	109	73030599	
-14844	-4870	-1602	10150	1811	4535	-36	168	-76	110	546	110	73030622	
-14942	-5668	-1962	11257	2034	4378	-33	167	-85	111	551	111	73030731	
-14758	-5840	-2136	11607	2061	4319	-33	167	-85	112	556	112	73030731	
-14870	-6092	-2118	12105	2106	4014	-30	168	-82	113	561	113	73030732	
-14946	-5916	-2562	12639	2042	3893	-30	168	-82	114	566	114	73030732	
-15008	-5736	-2374	12983	1959	3788	-42	168	-84	115	571	115	73030732	
-15282	-5560	-2728	13744	1976	3648	-42	168	-84	116	576	116	73030732	
-15332	-5972	-2728	14216	2109	3497	-27	161	-85	117	581	117	73030733	
-15334	-5784	-2958	14648	2104	3477	-27	161	-85	118	586	118	73030733	
-15348	-5906	-3090	15210	2237	3381	-29	167	-83	119	591	119	73030733	
-15474	-6556	-2914	15221	2226	3213	-29	167	-83	120	596	120	73030887	
-15488	-6817	-2997	14693	2168	3123	-33	171	-81	121	601	121	73030887	
-15667	-6544	-3138	14215	2206	3055	-32	170	-81	122	606	122	73030887	
-15811	-6369	-3143	13816	2226	2976	-29	167	-81	123	611	123	73030887	
-15743	-6414	-3140	13203	2217	2888	-31	167	-81	124	616	124	73030888	
-15788	-6610	-3220	12440	2221	2792	-37	165	-81	125	621	125	73030888	
-15826	-6727	-3304	11700	2262	2724	-35	166	-81	126	626	126	73030888	
-15814	-6774	-3367	10981	2240	2700	-26	170	-82	127	631	127	73030888	
-15815	-6676	-3358	10209	2128	2694	-26	170	-80	128	636	128	73030889	
-15919	-5811	-3476	9533	2013	2693	-28	168	-72	129	641	129	73030889	
-16011	-5348	-3541	9397	2041	2668	-25	168	-75	130	646	130	73030889	
-15935	-5747	-3346	9278	2041	2656	-21	169	-79	131	651	131	73030889	
-15755	-6182	-3206	9013	1959	2667	-22	168	-80	132	656	132	73030890	
-15556	-6258	-3174	8729	1833	2610	-23	167	-81	133	661	133	73030890	
-15579	-5991	-3180	8395	1609	2531	-22	167	-81	134	666	134	73030894	
-15552	-5643	-3054	8095	1400	2513	-20	168	-82	135	671	135	73030915	
-15445	-5559	-2998	7886	1272	2502	-20	168	-82	136	676	136	73030935	
-15382	-5963	-2966	7565	1180	2451	-18	168	-82	137	681	137	73030935	
-15514	-6103	-2914	6944	980	2383	-20	170	-80	138	686	138	73030935	
-15488	-5926	-2921	6451	827	2367	-22	172	-78	139	691	139	73030935	
-15285	-5994	-2841	5969	708	2381	-20	172	-79	140	696	140	73030936	
-15310	-6078	-2765	5419	513	2241	-18	172	-80	141	701	141	73030936	
-15452	-6118	-2763	4867	286	2077	-22	169	-80	142	706	142	73030936	
-15700	-5985	-2801	4309	104	2021	-27	165	-81	143	711	143	73030937	
-15770	-5888	-2907	3862	40	1962	-23	169	-81	144	716	144	73030937	
-15495	-6339	-2852	3364	81	1880	-16	176	-80	145	721	145	73030937	
-15717	-6278	-2752	2601	-107	1599	-16	173	-79	146	726	146	73030938	
-15898	-6089	-2873	2136	-392	1434	-15	169	-77	147	731	147	73030938	
-16005	-6430	-2641	1693	-524	1295	-18	168	-79	148	736	148	73030938	
-16248	-6316	-2694	1204	-727	1034	-20	168	-80	149	741	149	73030938	
-15533	-6081	-2600	870	-612	1242	-19	171	-77	150	746	150	73030939	
-14848	-6123	-2485	610	-428	1283	-19	173	-75	151	751	151	73030939	
-15569	-6431	-2461	59	-773	697	-18	168	-76	152	756	152	73030939	
-16961	-6751	-2639	-799	-1400	216	-17	165	-77	153	761	153	73030940	
-15745	-6901	-2385	-1646	-1460	763	-19	169	-79	154	766	154	73030940	
-12988	-6554	-2404	-1839	-412	1514	-20	172	-80	155	771	155	73030940	
-13954	-6100	-2840	-2566	-458	996	-20	173	-79	156	776	156	73030941	
-15671	-5641	-2695	-3998	-1509	887	-20	174	-78	157	781	157	73030941	
-16154	-5334	-2521	-4649	-1979	1039	-19	173	-77	158	786	158	73030941	
-16003	-4949	-2711	-4705	-1810	849	-19	173	-77	159	791	159	73030941	
-15741	-4844	-3003	-4677	-1568	722	-17	170	-76	160	796	160	73030942	
-15339	-5308	-2904	-4800	-1488	773	-16	168	-76	161	801	161	73030942	
-15243	-5423	-2874	-5016	-1582	735	-20	176	-78	162	806	162	73031015	
-15557	-4900	-3185	-5012	-1682	646	-21	179	-79	163	811	163	73031039	
-15772	-4606	-3265	-4895	-1751	692	-15	173	-75	164	816	164	73031040	
-15888	-4429	-3289	-4626	-1781	706	-14	172	-74	165	821	165	73031040	
-15954	-4545	-3323	-4163	-1723	615	-16	171	-76	166	826	166	73031041	
-15958	-4614	-3440	-3760	-1672	499	-17	171	-77	167	831	167	73031041	
-15942	-4696	-3508	-3326	-1661	424	-19	173	-77	168	836	168	73031041	
-15938	-4888	-3608	-2885	-1675	353	-19	173	-77	169	841	169	73031042	
-16013	-4687	-3686	-2463	-1709	205	-16	173	-75	170	846	170	73031042	
-16360	-4602	-3774	-1988	-1737	104	-15	173	-75	171	851	171	73031042	
-16274	-5094	-3742	-1475	-1722	9	-24	178	-84	172	856	172	73031042	
-16232	-6074	-3492	-1289	-1814	-165	-24	178	-84	173	861	173	73031043	
-16483	-5747	-3461	-1499	-2102	-334	-18	176	-80	174	866	174	73031043	
-16730	-4518	-3570	-1414	-2250	-401	-17	175	-79	175	871	175	73031043	
-16198	-5953	-3322	-1201	-2230	-357	-18	176	-73	176	876	176	73031044	
-15617	-9060	-2995	-1959	-2607	-579	-18	176	-72	177	881	177	73031044	
-15071	-12735	-2876	-4382	-3614	-1086	-23	179	-77	178	886	178	73031044	
-14836	528	528	-9097	-5903	-2373	-24	180	-78	179	891	179	73031044	
-25158	8326	-7206	-1681	-6752	-6389	-16	172	-76	180	896	180	73031045	
-30804	1442	-5184	-227	-7108	-6696	-16	172	-76	181	901	181	73031045	
-15018	-8078	-604	-303	-3489	453	-26	178	-76	182	906	182	73031046	
-6102	-8738	-3468	5474	2371	-1337	-26	178	-76	183	911	183	73031046	
-5232	-7760	-4104	4238	2173	-2527	-21	171	-75	184	916	184	73031046	
-10096	-7596	-3242	-979	-1776	-1251	-21	171	-75	185	921	185	73031047	
-16616	-6720	-2876	-3256	-4230	-1820	-17	171	-73	186	926	186	73031047	
-18666	-5100	-2516	-3719	-4308	-2175	-17	171	-73	187	931	187	73031048	
-16251	-3824	-2951	-2938	-2622	-1814	-20	174	-64	188	936	188	73031048	
-13858	-3374	-3333	-2237	-1633	-1784	-19	175	-66	189	941	189	73031048	
-12543	-3653	-3275	-1971	-1430	-1823	-17	179	-75	190	946	190	73031048	
-12852	-4069	-3102	-1947	-1490	-2167	-17	178	-75	191	951	191	73031048	
-14016	-4749	-2942	-2106	-1636	-2426	-18	176	-74	192	956	192	73031053	
-14636	-5525	-2703	-2396	-1674	-2365	-18	175	-74	193	961	193	73031067	
-14446	-6300	-2748	-2598	-1611	-2232	-20	168	-74	194	966	194	73031067	
-13998	-6934	-2486	-3383	-1708	-2400	-20	168	-74	195	971	195	73031067	
-14930	-5103	-2996	-4384	-2181	-2420	-15	177	-75	196	976	196	73031067	
-15421	-3833	-3177	-4688	-2235	-2014	-18	177	-74	197	981	197	73031068	
-15577	-2718	-3206	-4470	-1858	-1741	-28	176	-72	198	986	198	73031068	
-16002	-2440	-3388	-3679	-1198	-1713	-26	176	-72	199	991	199	73031068	
-16631	-2892	-3265	-2891	-695	-1647	-19	177	-73	200	996	200	73031068	
-16841	-4327	-2884	-2226	-318	-1488	-18	177	-73	201	1001	201	73031069	
-16709	-4999	-2796	-1715	2	-1345	-15	175	-71	202	1006	202	73031069	
-16852	-5115	-2798	-1329	264	-1264	-16	174	-71	203	1011	203	73031079	
-17049	-5318	-2617	-1249	323	-1082	-20	172	-72	204	1016	204	73031119	
-17501	-4888	-2494	-1055	322	-957	-19	170	-73	205	1021	205	73031119	
-17657	-4564	-2364	-644	459	-884	-17	167	-75	206	1026	206	73031120	
-17656	-4382	-2240	-112	691	-830	-16	169	-73	207	1031	207	73031120	
-17572	-4231	-2173	572	935	-798	-15	173	-71	208	1036	208	73031120	
-17423	-4065	-2033	1319	1153	-769	-14	174	-71	209	1041	209	73031121	
-17285	-3954	-1873	2092	1375	-764	-12	176	-72	210	1046	210	73031121	
-17153	-3909	-1756	2879	1607	-800	-11	177	-74	211	1051	211	73031122	
-16946	-3921	-1641	3717	1866	-873	-9	179	-77	212	1056	212	73031122	
-16697	-4029	-1528	4426	2084	-961	-12	174	-73	213	1061	213	73031123	
-16441	-4176	-1366	4988	2251	-1063	-15	169	-69	214	1066	214	73031123	
-16190	-4310	-1309	5513	2401	-1186	-16	171	-71	215	1071	215	73031123	
-15990	-4363	-1324	5965	2523	-1304	-17	175	-73	216	1076	216	73031131	
-15749	-4348	-1277	6362	2622	-1423	-13	174	-73	217	1081	217	73031144	
-15546	-4352	-1250	6722	2705	-1545	-8	172	-72	218	1086	218	73031145	
-15368	-4342	-1241	7046	2779	-1680	-10	171	-71	219	1091	219	73031157	
-15174	-4353	-1218	7333	2833	-1826	-14	170	-70	220	1096	220	73031173	
-15057	-4416	-1114	7594	2861	-1982	-11	171	-74	221	1101	221	73031173	
-14972	-4549	-1017	7750	2880	-2125	-8	172	-78	222	1106	222	73031174	
-14908	-4646	-1000	7808	2886	-2237	-10	174	-75	223	1111	223	73031174	
-14907	-4701	-1044	7824	2864	-2318	-11	175	-73	224	1116	224	73031175	
-14961	-4700	-1013	7791	2848	-2369	-6	172	-72	225	1121	225	73031175	
-15023	-4674	-986	7683	2832	-2393	-2	170	-72	226	1126	226	73031175	
-15096	-4688	-950	7541	2797	-2403	-4	174	-73	227	1131	227	73031175	
-15293	-4738	-954	7380	2765	-2390	-5	177	-73	228	1136	228	73031176	
-15507	-4889	-899	7171	2748	-2344	-8	170	-72	229	1141	229	73031212	
-15680	-4938	-917	6983	2734	-2270	-9	167	-71	230	1146	230	73031244	
-15797	-4991	-898	6793	2740	-2164	1	170	-73	231	1151	231	73031249	
-15928	-5001	-813	6591	2725	-2034	3	171	-73	232	1156	232	73031250	
-16073	-4985	-775	6424	2714	-1908	1	170	-71	233	1161	233	73031250	
-16190	-4985	-736	6244	2711	-1752	0	170	-70	234	1166	234	73031250	
-16320	-4925	-645	6084	2713	-1584	-1	166	-71	235	1171	235	73031250	
-16402	-4877	-550	5954	2710	-1410	-2	164	-72	236	1176	236	73031251	
-16421	-4805	-452	5856	2710	-1189	-1	166	-76	237	1181	237	73031251	
-16512	-4769	-283	5822	2709	-983	-1	167	-77	238	1186	238	73031251	
-16561	-4755	-204	5838	2715	-774	5	169	-76	239	1191	239	73031251	
-16566	-4728	-55	5904	2726	-572	6	170	-76	240	1196	240	73031313	
-16564	-4692	73	6019	2730	-358	0	164	-74	241	1201	241	73031329	
-16604	-4614	208	6169	2724	-133	-1	163	-73	242	1206	242	73031330	
-16579	-4638	305	6355	2711	87	5	166	-71	243	1211	243	73031330	
-16612	-4522	378	6562	2686	300	7	167	-71	244	1216	244	73031330	
-16601	-4511	482	6800	2654	519	5	164	-68	245	1221	245	73031330	
-16386	-4454	568	7102	2605	781	5	163	-67	246	1226	246	73031331	
-16292	-4462	688	7376	2569	976	3	169	-67	247	1231	247	73031331	
-16388	-4530	642	7645	2500	1183	3	169	-67	248	1236	248	73031331	
-16250	-4652	730	7885	2438	1362	8	170	-70	249	1241	249	73031332	
-16186	-4704	800	8071	2343	1542	8	170	-70	250	1246	250	73031332	
-16032	-4806	724	8237	2261	1731	8	170	-70	251	1251	251	73031332	
-15840	-4888	796	8361	2166	1910	8	170	-70	252	1256	252	73031333	
-15787	-4915	734	8422	2068	2043	10	168	-72	253	1261	253	73031347	
-15624	-5088	674	8455	1948	2223	10	168	-72	254	1266	254	73031402	
-15444	-5150	732	8434	1822	2370	7	169	-71	255	1271	255	73031432	
-15330	-5184	664	8382	1709	2532	7	169	-71	256	1276	256	73031432	
-15234	-5258	504	8272	1603	2672	20	164	-74	257	1281	257	73031432	
-15034	-5260	540	8113	1494	2797	20	164	-74	258	1286	258	73031433	
-15012	-5366	446	7887	1382	2920	14	166	-72	259	1291	259	73031433	
-14876	-5476	382	7592	1272	3037	14	166	-72	260	1296	260	73031433	
-14784	-5620	276	7256	1172	3149	4	166	-74	261	1301	261	73031433	
-14628	-5666	410	6879	1067	3256	4	166	-74	262	1306	262	73031433	
-14552	-5700	310	6362	953	3364	12	166	-70	263	1311	263	73031434	
-14582	-5724	238	5895	841	3443	12	167	-69	264	1316	264	73031434	
-14612	-5765	214	5405	757	3527	11	169	-67	265	1321	265	73031444	
-14601	-5808	202	4914	669	3615	10	168	-68	266	1326	266	73031488	
-14629	-5852	156	4429	598	3681	6	166	-72	267	1331	267	73031510	
-14636	-5904	92	3921	532	3750	7	166	-72	268	1336	268	73031511	
-14702	-5898	196	3418	502	3810	10	168	-70	269	1341	269	73031511	
-14822	-5922	242	2941	460	3860	10	168	-68	270	1346	270	73031511	
-14923	-5813	199	2516	426	3910	9	169	-63	271	1351	271	73031511	
-14962	-5713	178	2236	427	3952	11	172	-65	272	1356	272	73031512	
-15009	-5628	196	2053	446	3978	13	177	-69	273	1361	273	73031512	
-15116	-5560	195	1954	484	3998	12	176	-69	274	1366	274	73031512	
-15219	-5514	122	1926	545	4005	9	171	-69	275	1371	275	73031513	
-15278	-5404	40	1970	611	4010	8	172	-68	276	1376	276	73031513	
-15401	-5424	50	2079	725	3989	2	176	-66	277	1381	277	73031513	
-15434	-5346	84	2203	853	3962	4	176	-67	278	1386	278	73031518	
-15557	-5331	76	2390	989	3936	11	175	-69	279	1391	279	73031534	
-15706	-5282	84	2687	1151	3884	12	175	-69	280	1396	280	73031534	
-15809	-5261	169	2992	1291	3811	14	174	-68	281	1401	281	73031535	
-15952	-5165	180	3389	1429	3728	12	176	-69	282	1406	282	73031535	
-16067	-5075	216	3888	1567	3642	10	178	-70	283	1411	283	73031535	
-16127	-5051	248	4442	1725	3560	8	179	-69	284	1416	284	73031536	
-16163	-5027	307	5033	1889	3456	6	180	-68	285	1421	285	73031536	
-16243	-5046	414	5649	2030	3336	8	178	-68	286	1426	286	73031537	
-16295	-5068	487	6335	2171	3213	10	176	-68	287	1431	287	73031538	
-16263	-5124	537	7015	2315	3091	13	173	-67	288	1436	288	73031538	
-16242	-5170	620	7614	2420	2977	15	171	-67	289	1441	289	73031539	
-16257	-5215	626	8173	2506	2855	12	168	-65	290	1446	290	73031539	
-16276	-5260	610	8685	2584	2730	10	166	-64	291	1451	291	73031598	
-16313	-5359	611	9139	2636	2599	6	168	-68	292	1456	292	73031637	
-16376	-5494	588	9494	2668	2492	3	169	-71	293	1461	293	73031637	
-16456	-5612	583	9799	2690	2394	8	172	-70	294	1466	294	73031637	
-16589	-5736	572	10074	2701	2284	16	176	-68	295	1471	295	73031637	
-16785	-5864	494	10312	2692	2179	16	177	-70	296	1476	296	73031638	
-17005	-5952	461	10485	2650	2100	15	177	-71	297	1481	297	73031638	
-17248	-6060	469	10582	2596	2051	14	177	-70	298	1486	298	73031638	
-17456	-6199	468	10646	2525	2028	13	177	-69	299	1491	299	73031639	
-17684	-6277	502	10682	2436	2009	14	179	-66	300	1496	300	73031639	
-17919	-6391	501	10677	2345	2017	14	180	-64	301	1501	301	73031639	
-18110	-6504	488	10624	2244	2060	12	176	-68	302	1506	302	73031639	
-18230	-6612	487	10534	2131	2116	10	174	-70	303	1511	303	73031667	
-18306	-6700	463	10389	1956	2195	13	174	-64	304	1516	304	73031708	
-18275	-6786	419	10218	1790	2284	14	174	-62	305	1521	305	73031716	
-18102	-6815	444	10010	1637	2372	12	174	-64	306	1526	306	73031716	
-17870	-6804	356	9762	1457	2444	12	174	-64	307	1531	307	73031716	
-17691	-6840	226	9497	1261	2493	14	171	-67	308	1536	308	73031716	
-17439	-6823	155	9209	1043	2517	14	170	-68	309	1541	309	73031717	
-17104	-6875	126	8921	824	2535	17	176	-66	310	1546	310	73031717	
-16756	-6812	-17	8630	610	2518	18	178	-66	311	1551	311	73031717	
-16409	-6830	-212	8335	397	2481	10	176	-60	312	1556	312	73031717	
-16004	-6806	-332	8027	161	2428	8	176	-58	313	1561	313	73031718	
-15613	-6764	-459	7690	-72	2341	14	179	-63	314	1566	314	73031718	
-15310	-6738	-579	7315	-316	2217	16	180	-64	315	1571	315	73031718	
-14976	-6798	-714	6896	-559	2077	17	179	-63	316	1576	316	73031733	
-14733	-6771	-856	6421	-800	1938	17	179	-63	317	1581	317	73031737	
-14496	-6794	-1078	5879	-1026	1802	11	175	-65	318	1586	318	73031737	
-14238	-6797	-1248	5298	-1254	1640	10	174	-66	319	1591	319	73031738	
-13980	-6791	-1347	4657	-1487	1481	21	182	-58	320	1596	320	73031738	
-13894	-6880	-1548	3811	-1761	1284	24	184	-56	321	1601	321	73031738	
-13850	-7028	-1698	3032	-1987	1120	18	180	-60	322	1606	322	73031843	
-13764	-7092	-1782	2217	-2205	984	18	180	-60	323	1611	323	73031843	
-13856	-7204	-1956	1355	-2426	839	14	178	-60	324	1616	324	73031843	
-13928	-7272	-2188	444	-2629	724	14	178	-60	325	1621	325	73031844	
-13994	-7240	-2264	-462	-2803	621	18	180	-56	326	1626	326	73031844	
-14086	-7102	-2292	-1344	-2954	523	18	180	-56	327	1631	327	73031844	
-14206	-6932	-2624	-2220	-3057	454	19	179	-61	328	1636	328	73031844	
-14509	-4718	-3390	-2646	-2978	439	19	179	-61	329	1641	329	73031845	
-14436	-4116	-3874	-1969	-2529	494	18	180	-60	330	1646	330	73031845	
-15022	-5064	-3868	-1458	-2185	318	18	180	-60	331	1651	331	73031845	
-15663	-5401	-4209	-1108	-1952	181	19	179	-61	332	1656	332	73031845	
-15113	-6207	-4104	-566	-1374	353	19	179	-61	333	1661	333	73031846	
-15070	-5932	-4604	-142	-1021	355	18	178	-60	334	1666	334	73031846	
-14660	-7204	-4234	101	-748	374	18	178	-60	335	1671	335	73031867	
-15198	-5502	-4930	-37	-1003	255	13	177	-57	336	1676	336	73031867	
-15226	-5664	-5072	768	-708	486	13	177	-57	337	1681	337	73031867	
-15443	-5943	-5122	1306	-523	371	8	180	-54	338	1686	338	73031869	
-15577	-6092	-5516	1676	-405	282	9	180	-55	339	1691	339	73031874	
-15647	-5980	-5836	2043	-348	246	15	181	-57	340	1696	340	73031893	
-15774	-5947	-6034	2585	-265	259	16	181	-58	341	1701	341	73031893	
-15759	-6075	-5922	2993	-217	357	19	181	-61	342	1706	342	73031893	
-15830	-5917	-5736	3145	-235	432	19	180	-59	343	1711	343	73031894	
-16000	-5596	-5621	3134	-248	574	17	177	-51	344	1716	344	73031894	
-16127	-5580	-5495	3025	-149	724	18	177	-53	345	1721	345	73031894	
-16201	-5930	-5122	2592	34	803	19	177	-57	346	1726	346	73031895	
-16215	-6259	-4774	1837	181	882	15	177	-56	347	1731	347	73031895	
-16145	-6522	-4376	910	284	947	8	176	-54	348	1736	348	73031895	
-16122	-6739	-4055	-50	334	975	11	179	-55	349	1741	349	73031896	
-16126	-6874	-3874	-1039	362	1027	16	184	-56	350	1746	350	73031896	
-16140	-6924	-3727	-1996	354	1111	16	180	-54	351	1751	351	73031896	
-16088	-6981	-3602	-2869	300	1188	17	175	-51	352	1756	352	73031897	
-16047	-7017	-3529	-3664	207	1229	14	175	-51	353	1761	353	73031897	
-16068	-7101	-3391	-4479	108	1207	7	175	-51	354	1766	354	73031897	
-16071	-7310	-3187	-5584	-5	1118	13	177	-51	355	1771	355	73031897	
-16090	-7368	-3014	-6571	-121	1006	21	181	-51	356	1776	356	73031898	
-16135	-7299	-2865	-7488	-229	884	21	183	-54	357	1781	357	73031898	
-16169	-7073	-2666	-8233	-309	783	21	185	-59	358	1786	358	73031907	
-16158	-6702	-2582	-8713	-403	677	17	181	-61	359	1791	359	73031921	
-16165	-6175	-2655	-8929	-432	557	11	175	-63	360	1796	360	73031922	
-16210	-5664	-2748	-8893	-332	419	11	179	-61	361	1801	361	73031922	
-16181	-5076	-2868	-8557	-90	260	11	185	-57	362	1806	362	73031922	
-16069	-4643	-2915	-7984	245	117	12	181	-59	363	1811	363	73031923	
-15878	-4794	-2902	-7380	570	-35	13	179	-61	364	1816	364	73031923	
-15983	-4568	-2940	-6800	806	-309	14	177	-62	365	1821	365	73031923	
-16000	-4542	-2937	-5936	1096	-498	15	175	-63	366	1826	366	73031924	
-15700	-4982	-2825	-4997	1448	-605	15	180	-61	367	1831	367	73031924	
-15530	-5020	-2790	-4061	1720	-829	15	183	-59	368	1836	368	73031924	
-15399	-5389	-2736	-3109	1861	-1097	15	182	-59	369	1841	369	73031925	
-15410	-6007	-2512	-2551	1745	-1358	15	181	-59	370	1846	370	73031925	
-15348	-6151	-2342	-2238	1491	-1599	16	179	-63	371	1851	371	73031940	
-15226	-5719	-2220	-1977	1357	-1742	16	178	-64	372	1856	372	73031946	
-15235	-5176	-2218	-1790	1236	-1929	14	180	-65	373	1861	373	73031946	
-15422	-4958	-2089	-1608	1181	-2103	13	181	-65	374	1866	374	73031946	
-15510	-4969	-1860	-1343	1183	-2282	9	176	-63	375	1871	375	73031947	
-15545	-5200	-1673	-1037	1251	-2461	6	172	-62	376	1876	376	73031947	
-15469	-5487	-1440	-788	1310	-2619	11	176	-66	377	1881	377	73031947	
-15400	-5738	-1261	-630	1305	-2736	14	178	-68	378	1886	378	73031948	
-15425	-5950	-1126	-632	1243	-2837	12	177	-60	379	1891	379	73031948	
-15517	-6130	-1022	-773	1141	-2917	11	177	-57	380	1896	380	73031948	
-15548	-6115	-1034	-982	1032	-2993	12	178	-63	381	1901	381	73031948	
-15635	-6104	-946	-1228	920	-3066	12	178	-64	382	1906	382	73031949	
-15664	-6138	-896	-1474	834	-3103	14	174	-63	383	1911	383	73031949	
-15701	-6159	-840	-1757	753	-3136	15	173	-63	384	1916	384	73031968	
-15739	-6135	-825	-2037	689	-3146	8	174	-61	385	1921	385	73031973	
-15724	-6022	-838	-2326	611	-3132	6	174	-60	386	1926	386	73031974	
-15676	-5975	-824	-2603	500	-3114	12	178	-64	387	1931	387	73031974	
-15796	-5868	-818	-2901	395	-3063	13	179	-65	388	1936	388	73031974	
-15690	-5746	-878	-3087	293	-3022	9	169	-65	389	1941	389	73032047	
-15656	-5654	-918	-3215	176	-2974	9	169	-65	390	1946	390	73032047	
-15670	-5506	-850	-3312	82	-2917	17	173	-63	391	1951	391	73032049	
-15602	-5524	-846	-3380	-41	-2863	17	173	-63	392	1956	392	73032080	
-15552	-5428	-798	-3428	-119	-2798	19	171	-65	393	1961	393	73032081	
-15607	-5405	-771	-3448	-214	-2738	19	171	-65	394	1966	394	73032081	
-15560	-5325	-788	-3460	-329	-2673	8	173	-62	395	1971	395	73032081	
-15530	-5502	-846	-3495	-460	-2604	5	173	-61	396	1976	396	73032082	
-15470	-5522	-906	-3539	-560	-2551	17	167	-65	397	1981	397	73032082	
-15410	-5542	-792	-3601	-679	-2491	17	167	-65	398	1986	398	73032082	
-15336	-5560	-790	-3692	-824	-2439	19	167	-63	399	1991	399	73032083	
-15424	-5568	-858	-3797	-950	-2393	19	167	-63	400	1996	400	73032157	
-15400	-5570	-822	-3882	-1057	-2334	16	170	-64	401	2001	401	73032157	
-15306	-5526	-896	-3977	-1182	-2274	16	170	-64	402	2006	402	73032157	
-15246	-5588	-1000	-4085	-1303	-2243	25	169	-65	403	2011	403	73032158	
-15194	-5585	-1073	-4220	-1439	-2214	23	169	-66	404	2016	404	73032158	
-15212	-5664	-1011	-4346	-1565	-2182	15	171	-71	405	2021	405	73032158	
-15146	-5679	-1060	-4498	-1682	-2151	15	170	-70	406	2026	406	73032158	
-15116	-5671	-1018	-4660	-1812	-2134	16	166	-64	407	2031	407	73032158	
-15114	-5641	-1015	-4835	-1939	-2108	17	166	-64	408	2036	408	73032159	
-15109	-5565	-950	-4992	-2071	-2086	22	168	-62	409	2041	409	73032159	
-15142	-5556	-961	-5155	-2188	-2065	21	168	-63	410	2046	410	73032159	
-15111	-5535	-881	-5317	-2304	-2045	17	167	-65	411	2051	411	73032160	
-15150	-5520	-1002	-5472	-2425	-2016	18	167	-65	412	2056	412	73032173	
-15183	-5506	-959	-5622	-2562	-1986	22	166	-64	413	2061	413	73032207	
-15201	-5492	-980	-5744	-2666	-1954	22	168	-66	414	2066	414	73032207	
-15173	-5468	-960	-5859	-2755	-1923	23	171	-69	415	2071	415	73032207	
-15232	-5448	-911	-5974	-2855	-1902	22	170	-69	416	2076	416	73032208	
-15191	-5443	-912	-6081	-2953	-1876	19	167	-67	417	2081	417	73032208	
-15165	-5441	-927	-6200	-3065	-1846	18	167	-67	418	2086	418	73032208	
-15242	-5369	-908	-6306	-3174	-1805	15	167	-67	419	2091	419	73032208	
-15255	-5414	-990	-6423	-3281	-1766	14	167	-67	420	2096	420	73032235	
-15319	-5383	-965	-6533	-3382	-1722	11	167	-67	421	2101	421	73032313	
-15354	-5376	-987	-6620	-3471	-1686	13	167	-67	422	2106	422	73032313	
-15358	-5384	-949	-6696	-3553	-1648	16	166	-68	423	2111	423	73032313	
-15356	-5368	-896	-6766	-3625	-1616	16	166	-68	424	2116	424	73032313	
-15359	-5288	-858	-6827	-3705	-1587	17	165	-67	425	2121	425	73032314	
-15371	-5226	-918	-6877	-3778	-1545	14	165	-66	426	2126	426	73032314	
-15378	-5259	-968	-6936	-3850	-1513	10	166	-64	427	2131	427	73032314	
-15394	-5280	-910	-6982	-3926	-1485	13	168	-66	428	2136	428	73032314	
-15426	-5266	-927	-7012	-3997	-1454	18	170	-70	429	2141	429	73032315	
-15419	-5266	-902	-7036	-4063	-1407	17	168	-67	430	2146	430	73032330	
-15426	-5267	-876	-7056	-4131	-1369	17	167	-65	431	2151	431	73032340	
-15452	-5268	-904	-7069	-4203	-1328	18	166	-65	432	2156	432	73032354	
-15473	-5244	-870	-7077	-4265	-1288	19	165	-65	433	2161	433	73032363	
-15505	-5249	-862	-7081	-4306	-1258	17	166	-65	434	2166	434	73032363	
-15539	-5261	-865	-7081	-4351	-1222	15	167	-65	435	2171	435	73032363	
-15533	-5245	-866	-7081	-4411	-1170	12	167	-65	436	2176	436	73032363	
-15547	-5257	-866	-7085	-4468	-1120	8	166	-66	437	2181	437	73032364	
-15648	-5267	-905	-7104	-4530	-1064	12	167	-66	438	2186	438	73032364	
-15664	-5274	-992	-7140	-4591	-1017	14	168	-66	439	2191	439	73032364	
-15661	-5304	-992	-7179	-4642	-977	13	169	-67	440	2196	440	73032365	
-15632	-5369	-1014	-7222	-4691	-934	12	170	-68	441	2201	441	73032365	
-15630	-5396	-1019	-7276	-4738	-891	7	168	-63	442	2206	442	73032365	
-15640	-5418	-1018	-7345	-4782	-847	3	167	-59	443	2211	443	73032365	
-15616	-5449	-1030	-7437	-4837	-809	11	169	-59	444	2216	444	73032366	
-15650	-5394	-998	-7534	-4892	-777	17	171	-59	445	2221	445	73032396	
-15696	-5454	-945	-7649	-4938	-739	11	171	-67	446	2226	446	73032416	
-15550	-5430	-993	-7769	-4978	-687	9	171	-69	447	2231	447	73032416	
-15494	-5456	-1002	-7908	-5026	-642	14	169	-66	448	2236	448	73032416	
-15428	-5469	-1008	-8048	-5074	-605	15	169	-65	449	2241	449	73032417	
-15353	-5444	-960	-8211	-5106	-571	13	170	-63	450	2246	450	73032418	
-15320	-5464	-886	-8388	-5153	-534	12	170	-62	451	2251	451	73032418	
-15214	-5483	-908	-8591	-5191	-498	6	166	-68	452	2256	452	73032440	
-15105	-5556	-1011	-8810	-5227	-450	5	165	-69	453	2261	453	73032446	
-15044	-5561	-1034	-9054	-5248	-415	9	171	-63	454	2266	454	73032446	
-14957	-5524	-1101	-9296	-5291	-375	10	172	-62	455	2271	455	73032446	
-14978	-5623	-1100	-9566	-5323	-329	8	171	-69	456	2276	456	73032447	
-14914	-5636	-1136	-9858	-5353	-266	7	171	-71	457	2281	457	73032447	
-14910	-5648	-1132	-10163	-5381	-222	9	172	-65	458	2286	458	73032447	
-14869	-5639	-1174	-10465	-5409	-170	10	172	-64	459	2291	459	73032448	
-14932	-5604	-1223	-10774	-5420	-120	10	170	-59	460	2296	460	73032448	
-14937	-5596	-1256	-11080	-5419	-54	10	170	-58	461	2301	461	73032448	
-14960	-5633	-1235	-11375	-5400	30	7	168	-61	462	2306	462	73032448	
-15128	-5560	-1274	-11706	-5375	137	6	168	-62	463	2311	463	73032449	
-15134	-5622	-1268	-11960	-5349	242	6	168	-66	464	2316	464	73032450	
-15346	-5590	-1324	-12190	-5306	350	6	168	-66	465	2321	465	73032468	
-15478	-5584	-1366	-12397	-5256	473	9	175	-61	466	2326	466	73032468	
-15636	-5566	-1360	-12576	-5177	590	9	175	-61	467	2331	467	73032468	
-15786	-5598	-1350	-12759	-5093	704	-1	167	-67	468	2336	468	73032468	
-15790	-5640	-1358	-12878	-4990	859	-1	167	-67	469	2341	469	73032469	
-15906	-5570	-1392	-12973	-4854	1014	4	172	-64	470	2346	470	73032469	
-16042	-5667	-1380	-13021	-4700	1201	4	172	-65	471	2351	471	73032469	
-16136	-5629	-1365	-13031	-4532	1345	3	173	-69	472	2356	472	73032470	
-16157	-5623	-1446	-13005	-4366	1489	2	172	-68	473	2361	473	73032470	
-16290	-5620	-1478	-12957	-4202	1606	-3	165	-65	474	2366	474	73032470	
-16258	-5618	-1494	-12927	-3999	1747	-3	165	-65	475	2371	475	73032470	
-16334	-5616	-1346	-12814	-3842	1874	0	170	-64	476	2376	476	73032471	
-16392	-5556	-1462	-12629	-3632	2009	0	170	-64	477	2381	477	73032471	
-16426	-5528	-1398	-12406	-3403	2119	-2	176	-70	478	2386	478	73032471	
-16474	-5513	-1387	-12078	-3134	2234	-2	176	-69	479	2391	479	73032472	
-16491	-5504	-1419	-11762	-2879	2328	-2	174	-66	480	2396	480	73032472	
-16475	-5504	-1419	-11435	-2615	2400	-3	174	-65	481	2401	481	73032472	
-16472	-5470	-1367	-11056	-2364	2445	-8	172	-62	482	2406	482	73032476	
-16408	-5399	-1355	-10643	-2119	2489	-10	171	-64	483	2411	483	73032500	
-16384	-5198	-1341	-10140	-1878	2515	-17	169	-73	484	2416	484	73032523	
-16435	-5024	-1381	-9528	-1606	2541	-15	170	-72	485	2421	485	73032523	
-16398	-4890	-1342	-8782	-1266	2592	-7	173	-67	486	2426	486	73032523	
-16329	-4795	-1359	-7859	-916	2622	-7	172	-69	487	2431	487	73032523	
-16281	-4826	-1306	-6767	-529	2578	-6	170	-74	488	2436	488	73032524	
-16217	-4954	-1208	-5784	-202	2496	-7	170	-73	489	2441	489	73032524	
-16163	-5171	-1067	-4788	89	2394	-9	171	-71	490	2446	490	73032524	
-16124	-5357	-890	-3827	341	2273	-9	171	-70	491	2451	491	73032525	
-16158	-5473	-686	-2921	566	2128	-10	172	-68	492	2456	492	73032525	
-16180	-5548	-548	-2015	766	1972	-11	172	-69	493	2461	493	73032525	
-16203	-5566	-469	-1144	953	1829	-12	172	-70	494	2466	494	73032525	
-16178	-5615	-380	-320	1162	1684	-12	172	-69	495	2471	495	73032531	
-16172	-5731	-334	666	1394	1476	-13	171	-67	496	2476	496	73032545	
-16188	-5794	-382	1522	1578	1284	-13	171	-67	497	2481	497	73032546	
-16128	-5967	-442	2300	1775	1084	-12	170	-68	498	2486	498	73032546	
-16000	-6202	-398	2926	1929	870	-16	172	-65	499	2491	499	73032558	
-15949	-6449	-316	3447	1967	652	-21	175	-61	500	2496	500	73032575	
-15954	-6520	-241	3875	1980	443	-17	175	-64	501	2501	501	73032575	
-15932	-6540	-84	4228	2031	241	-12	176	-68	502	2506	502	73032576	
-15896	-6593	3	4526	2114	41	-13	173	-68	503	2511	503	73032576	
-15790	-6619	168	4768	2195	-185	-15	169	-69	504	2516	504	73032577	
-15737	-6623	279	4925	2244	-415	-14	168	-69	505	2521	505	73032577	
-15628	-6647	375	5000	2255	-614	-13	167	-69	506	2526	506	73032578	
-15529	-6708	542	5010	2227	-804	-9	166	-73	507	2531	507	73032578	
-15558	-6802	703	4965	2161	-980	-7	165	-75	508	2536	508	73032578	
-15536	-6938	782	4843	2079	-1128	-13	166	-74	509	2541	509	73032623	
-15481	-6987	804	4642	1976	-1253	-17	167	-73	510	2546	510	73032653	
-15448	-6940	848	4366	1838	-1379	-11	167	-71	511	2551	511	73032653	
-15434	-6937	886	3977	1667	-1504	-7	167	-69	512	2556	512	73032654	
-15495	-6954	943	3575	1525	-1578	-5	167	-71	513	2561	513	73032654	
-15567	-7017	916	3211	1385	-1616	-5	167	-71	514	2566	514	73032654	
-15586	-7139	808	2754	1205	-1649	-11	168	-72	515	2571	515	73032654	
-15585	-7298	701	2195	995	-1688	-15	169	-73	516	2576	516	73032655	
-15647	-7484	730	1570	780	-1712	-10	165	-71	517	2581	517	73032655	
-15670	-7587	738	867	547	-1698	-7	163	-69	518	2586	518	73032655	
-15700	-7678	638	81	333	-1669	-7	168	-70	519	2591	519	73032656	
-15739	-7782	543	-767	125	-1636	-7	171	-71	520	2596	520	73032668	
-15690	-7886	493	-1781	-122	-1578	-5	167	-70	521	2601	521	73032677	
-15694	-7886	475	-2717	-349	-1503	-4	166	-70	522	2606	522	73032677	
-15636	-7872	467	-3641	-558	-1439	-6	166	-70	523	2611	523	73032677	
-15647	-7867	437	-4598	-770	-1360	-6	166	-70	524	2616	524	73032677	
-15619	-7871	408	-5544	-974	-1274	-12	165	-71	525	2621	525	73032678	
-15584	-7819	394	-6478	-1160	-1187	-13	165	-71	526	2626	526	73032678	
-15602	-7785	379	-7386	-1344	-1100	-8	168	-71	527	2631	527	73032678	
-15512	-7622	379	-8203	-1531	-1026	-7	169	-71	528	2636	528	73032679	
-15474	-7500	344	-9049	-1750	-921	-7	167	-69	529	2641	529	73032679	
-15442	-7344	314	-9622	-1893	-840	-7	167	-69	530	2646	530	73032679	
-15420	-7178	340	-10115	-2009	-787	-7	163	-77	531	2651	531	73032679	
-15402	-7078	326	-10570	-2121	-726	-7	163	-77	532	2656	532	73032680	
-15322	-6962	180	-10962	-2227	-694	-3	165	-69	533	2661	533	73032701	
-15249	-6922	160	-11286	-2275	-669	-3	165	-69	534	2666	534	73032702	
-15154	-6935	146	-11696	-2323	-660	-7	166	-70	535	2671	535	73032722	
-15123	-6986	93	-12077	-2389	-638	-8	166	-70	536	2676	536	73032727	
-15139	-6892	168	-12408	-2442	-628	-11	166	-70	537	2681	537	73032787	
-15136	-6862	10	-12675	-2467	-631	-12	166	-70	538	2686	538	73032803	
-15068	-6820	6	-12844	-2424	-647	-10	172	-68	539	2691	539	73032803	
-15080	-6792	-82	-12980	-2391	-667	-10	172	-68	540	2696	540	73032803	
-15078	-6770	-156	-13073	-2352	-718	-20	164	-68	541	2701	541	73032803	
-14972	-6770	-244	-13178	-2296	-759	-20	164	-68	542	2706	542	73032804	
-15006	-6686	-200	-13279	-2265	-814	-19	165	-75	543	2711	543	73032804	
-15060	-6760	-290	-13347	-2220	-886	-19	165	-75	544	2716	544	73032804	
-15090	-6608	-284	-13377	-2164	-957	-18	164	-72	545	2721	545	73032804	
-15136	-6453	-258	-13330	-2129	-1038	-18	165	-73	546	2726	546	73032805	
-15219	-6316	-312	-13234	-2061	-1116	-17	167	-75	547	2731	547	73032805	
-15262	-6214	-260	-13072	-1973	-1197	-18	167	-75	548	2736	548	73032805	
-15407	-6086	-197	-12842	-1897	-1271	-23	165	-75	549	2741	549	73032810	
-15512	-5939	-150	-12542	-1823	-1335	-22	165	-75	550	2746	550	73032839	
-15659	-5818	-190	-12195	-1738	-1402	-17	167	-73	551	2751	551	73032878	
-15780	-5771	-132	-11785	-1642	-1458	-18	166	-72	552	2756	552	73032880	
-15902	-5747	-153	-11342	-1566	-1502	-21	163	-67	553	2761	553	73032880	
-16112	-5632	-149	-10877	-1483	-1533	-22	162	-68	554	2766	554	73032881	
-16332	-5647	-196	-10379	-1399	-1557	-25	157	-73	555	2771	555	73032882	
-16595	-5678	-296	-9847	-1307	-1564	-24	158	-74	556	2776	556	73032882	
-16747	-5703	-404	-9296	-1199	-1569	-22	164	-78	557	2781	557	73032882	
-16859	-5760	-534	-8742	-1086	-1571	-22	165	-77	558	2786	558	73032883	
-16972	-5820	-555	-8204	-977	-1591	-24	168	-74	559	2791	559	73032883	
-16997	-5835	-768	-7690	-883	-1634	-24	168	-74	560	2796	560	73032888	
-17056	-5806	-928	-7205	-805	-1699	-22	170	-76	561	2801	561	73032916	
-17111	-5780	-1035	-6683	-721	-1791	-22	168	-75	562	2806	562	73032958	
-16966	-5736	-1137	-6107	-626	-1940	-23	163	-71	563	2811	563	73032958	
-16850	-5704	-1244	-5626	-531	-2096	-25	165	-73	564	2816	564	73032958	
-16711	-5598	-1263	-5179	-434	-2285	-27	169	-75	565	2821	565	73032959	
-16576	-5545	-1348	-4774	-349	-2500	-28	167	-76	566	2826	566	73032959	
-16460	-5519	-1403	-4420	-277	-2710	-29	163	-77	567	2831	567	73032959	
-16217	-5434	-1338	-4098	-199	-2927	-27	165	-77	568	2836	568	73032959	
-15963	-5315	-1372	-3774	-130	-3151	-24	168	-78	569	2841	569	73032960	
-15730	-5211	-1393	-3457	-71	-3362	-27	169	-77	570	2846	570	73032960	
-15523	-4986	-1373	-3108	-17	-3597	-32	170	-76	571	2851	571	73032962	
-15370	-4826	-1401	-2769	25	-3798	-32	168	-77	572	2856	572	73032963	
-15245	-4729	-1326	-2486	56	-3957	-32	166	-78	573	2861	573	73032989	
-15152	-4712	-1271	-2235	84	-4113	-27	165	-79	574	2866	574	73033007	
-15033	-4748	-1216	-2074	101	-4226	-24	164	-80	575	2871	575	73033007	
-14908	-4788	-1193	-1992	109	-4310	-28	163	-78	576	2876	576	73033007	
-14803	-4776	-1268	-1983	90	-4390	-34	162	-74	577	2881	577	73033007	
-14803	-4719	-1417	-2045	40	-4441	-34	161	-77	578	2886	578	73033008	
-14857	-4632	-1671	-2173	-20	-4462	-34	160	-82	579	2891	579	73033008	
-14943	-4471	-1864	-2308	-70	-4461	-30	161	-79	580	2896	580	73033009	
-15007	-4326	-2056	-2431	-77	-4429	-27	161	-77	581	2901	581	73033042	
-14975	-4194	-2194	-2505	-59	-4382	-30	162	-78	582	2906	582	73033065	
-14942	-4010	-2305	-2521	-36	-4313	-32	162	-78	583	2911	583	73033065	
-14975	-3828	-2333	-2497	-20	-4212	-28	161	-79	584	2916	584	73033065	
-14984	-3728	-2284	-2429	-4	-4094	-25	161	-79	585	2921	585	73033066	
-15024	-3719	-2227	-2353	17	-3964	-29	157	-75	586	2926	586	73033066	
-15046	-3774	-2201	-2276	34	-3764	-31	155	-73	587	2931	587	73033067	
-15164	-3844	-1984	-2195	14	-3545	-29	158	-76	588	2936	588	73033067	
-15292	-3896	-1893	-2107	-19	-3303	-29	159	-77	589	2941	589	73033067	
-15444	-4015	-1804	-2035	-56	-3037	-27	157	-78	590	2946	590	73033067	
-15582	-4095	-1859	-1975	-110	-2745	-26	156	-78	591	2951	591	73033106	
-15720	-4127	-1848	-1915	-170	-2435	-28	162	-76	592	2956	592	73033117	
-15834	-4183	-1835	-1856	-252	-2112	-29	163	-75	593	2961	593	73033117	
-16006	-4164	-1903	-1839	-346	-1782	-28	157	-77	594	2966	594	73033117	
-16160	-4188	-2036	-1852	-440	-1497	-28	156	-78	595	2971	595	73033118	
-16292	-4198	-2072	-1880	-568	-1144	-28	161	-81	596	2976	596	73033118	
-16434	-4254	-2160	-1901	-693	-805	-28	162	-82	597	2981	597	73033118	
-16506	-4326	-2277	-1942	-811	-498	-30	160	-77	598	2986	598	73033119	
-16550	-4385	-2406	-1980	-922	-211	-30	160	-76	599	2991	599	73033119	
-16644	-4542	-2482	-2034	-1019	50	-28	161	-80	600	2996	600	73033119	
-16712	-4604	-2585	-2118	-1123	286	-27	161	-81	601	3001	601	73033120	
-16655	-4597	-2710	-2224	-1218	505	-29	166	-76	602	3006	602	73033120	
-16545	-4607	-2802	-2274	-1320	722	-29	167	-75	603	3011	603	73033120	
-16378	-4626	-2790	-2316	-1443	950	-23	163	-75	604	3016	604	73033141	
-16224	-4818	-2710	-2371	-1547	1107	-23	163	-75	605	3021	605	73033141	
-16054	-5020	-2630	-2480	-1658	1240	-27	163	-79	606	3026	606	73033141	
-15924	-5086	-2474	-2661	-1781	1384	-27	163	-79	607	3031	607	73033141	
-15828	-5196	-2422	-2808	-1943	1533	-28	164	-74	608	3036	608	73033142	
-15816	-5268	-2498	-2999	-2051	1691	-28	164	-74	609	3041	609	73033142	
-15702	-5312	-2426	-3264	-2202	1822	-31	157	-79	610	3046	610	73033142	
-15668	-5448	-2396	-3542	-2373	1956	-31	157	-79	611	3051	611	73033143	
-15672	-5620	-2552	-3887	-2512	2074	-30	156	-74	612	3056	612	73033166	
-15633	-5752	-2795	-4400	-2667	2178	-31	157	-75	613	3061	613	73033166	
-15642	-5862	-2844	-4879	-2813	2240	-37	163	-77	614	3066	614	73033167	
-15540	-5934	-2832	-5318	-2953	2281	-37	163	-77	615	3071	615	73033167	
-15508	-5924	-2910	-5848	-3134	2318	-30	162	-80	616	3076	616	73033167	
-15550	-5852	-3066	-6403	-3292	2358	-30	162	-80	617	3081	617	73033169	
-15496	-5780	-3094	-6995	-3430	2383	-32	166	-72	618	3086	618	73033169	
-15458	-5638	-2960	-7496	-3568	2372	-32	166	-72	619	3091	619	73033169	
-15430	-5536	-3032	-7827	-3755	2346	-32	164	-78	620	3096	620	73033169	
-15318	-5442	-3196	-8168	-3911	2303	-33	165	-78	621	3101	621	73033170	
-15288	-5409	-3171	-8430	-4013	2212	-35	167	-77	622	3106	622	73033170	
-15322	-5452	-3102	-8659	-4124	2098	-36	166	-78	623	3111	623	73033170	
-15288	-5542	-3105	-8893	-4236	1983	-40	164	-80	624	3116	624	73033170	
-15211	-5543	-3114	-9146	-4373	1851	-39	164	-78	625	3121	625	73033171	
-15082	-5517	-3091	-9413	-4506	1693	-36	162	-72	626	3126	626	73033171	
-15067	-5562	-3200	-9670	-4640	1518	-37	163	-72	627	3131	627	73033181	
-15049	-5549	-3258	-9867	-4757	1360	-39	167	-73	628	3136	628	73033220	
-15022	-5140	-3261	-9978	-4861	1199	-40	167	-73	629	3141	629	73033226	
-15106	-4162	-3573	-9772	-4899	1026	-41	167	-73	630	3146	630	73033245	
-15139	-3814	-3870	-9182	-4744	900	-40	165	-72	631	3151	631	73033246	
-15224	-3680	-4020	-8447	-4489	729	-38	162	-70	632	3156	632	73033246	
-15175	-3290	-4338	-7340	-4138	573	-44	165	-71	633	3161	633	73033246	
-14987	-3312	-4902	-5852	-3712	475	-53	169	-73	634	3166	634	73033267	
-14967	-3681	-5302	-4587	-3332	411	-50	168	-74	635	3171	635	73033298	
-14909	-4543	-5362	-3552	-2950	318	-45	165	-75	636	3176	636	73033298	
-14798	-5573	-5388	-2478	-2676	35	-44	166	-75	637	3181	637	73033298	
-14480	-6684	-5323	-1886	-2736	-184	-42	170	-74	638	3186	638	73033299	
-14486	-6740	-5742	-1932	-3042	-314	-43	168	-72	639	3191	639	73033299	
-14435	-6002	-6146	-2031	-3254	-304	-44	166	-70	640	3196	640	73033299	
-14301	-5965	-6004	-1909	-3280	-283	-42	167	-69	641	3201	641	73033300	
-14420	-5971	-5836	-2102	-3369	-303	-38	168	-68	642	3206	642	73033300	
-14567	-6143	-5700	-2417	-3375	-248	-42	168	-68	643	3211	643	73033300	
-14516	-6530	-5354	-2884	-3347	-181	-47	167	-69	644	3216	644	73033300	
-14419	-6934	-5063	-3708	-3434	-175	-47	168	-69	645	3221	645	73033301	
-14332	-7081	-4771	-4996	-3617	-109	-46	170	-68	646	3226	646	73033314	
-14322	-7040	-4468	-6364	-3785	-18	-45	171	-70	647	3231	647	73033327	
-14402	-6902	-4266	-7676	-3920	36	-45	171	-71	648	3236	648	73033327	
-14333	-6734	-4067	-9011	-4045	79	-47	170	-71	649	3241	649	73033327	
-14214	-6586	-3857	-10257	-4184	97	-49	169	-71	650	3246	650	73033328	
-14144	-6558	-3750	-11422	-4368	83	-51	168	-72	651	3251	651	73033328	
-13984	-6928	-3644	-12622	-4602	54	-53	167	-73	652	3256	652	73033328	
-13656	-8614	-3357	-14088	-4990	-34	-50	169	-71	653	3261	653	73033329	
-14005	-9339	-2366	-17294	-6166	-405	-48	170	-70	654	3266	654	73033329	
-15572	-5757	-3136	-19632	-7424	-589	-54	168	-65	655	3271	655	73033347	
-15005	-3639	-3222	-19652	-7210	-35	-56	168	-64	656	3276	656	73033385	
-14239	-2618	-3044	-18920	-6427	222	-52	171	-67	657	3281	657	73033402	
-14321	-2531	-2812	-18288	-5725	113	-49	173	-69	658	3286	658	73033402	
-14613	-3266	-2406	-17842	-5321	176	-50	171	-64	659	3291	659	73033402	
-14772	-4305	-2026	-17361	-5066	241	-51	169	-61	660	3296	660	73033403	
-14880	-4891	-1849	-17025	-4916	83	-53	170	-63	661	3301	661	73033403	
-14820	-4647	-1730	-16900	-4852	6	-54	170	-64	662	3306	662	73033403	
-14918	-3982	-1745	-16676	-4806	53	-59	168	-66	663	3311	663	73033404	
-15232	-3528	-1652	-16207	-4690	-29	-60	168	-66	664	3316	664	73033404	
-15390	-3086	-1604	-15521	-4459	-132	-66	166	-66	665	3321	665	73033404	
-15554	-3039	-1752	-14517	-4085	-224	-68	166	-66	666	3326	666	73033405	
-15611	-3626	-1726	-13520	-3698	-320	-63	171	-66	667	3331	667	73033405	
-15598	-4344	-1521	-12858	-3469	-422	-62	172	-66	668	3336	668	73033405	
-15794	-4821	-1332	-12475	-3378	-570	-60	173	-62	669	3341	669	73033405	
-16063	-4904	-1280	-12300	-3368	-731	-59	173	-61	670	3346	670	73033406	
-16358	-4850	-1214	-12131	-3363	-903	-68	170	-66	671	3351	671	73033406	
-16588	-4504	-1126	-11863	-3282	-1033	-68	170	-66	672	3356	672	73033406	
-16854	-4298	-1026	-11505	-3112	-1171	-64	178	-58	673	3361	673	73033407	
-17204	-4218	-864	-11053	-2919	-1318	-64	178	-58	674	3366	674	73033407	
