-17072	1109	2505	1655	1648	11	6343	310	56	1	1	1	83100574	
-16985	1094	2588	1753	1687	-28	6344	310	55	2	6	2	83100574	
-16915	1144	2715	1844	1759	-53	6345	310	54	3	11	3	83100574	
-16953	1239	2765	1935	1886	-83	6346	309	52	4	16	4	83100575	
-17011	1334	2755	2022	2034	-106	6347	308	50	5	21	5	83100575	
-17030	1406	2862	2107	2187	-122	6348	309	51	6	26	6	83100575	
-17040	1434	3018	2202	2352	-141	6349	310	52	7	31	7	83100591	
-17097	1535	3084	2323	2520	-155	6350	308	54	8	36	8	83100616	
-17217	1620	3121	2499	2689	-155	6351	307	55	9	41	9	83100630	
-17369	1677	3141	2739	2864	-149	6352	306	54	10	46	10	83100633	
-17461	1768	3151	3076	3103	-143	6353	306	54	11	51	11	83100633	
-17448	1898	3138	3406	3336	-155	6354	308	48	12	56	12	83100634	
-17469	2070	3057	3708	3542	-191	6355	309	47	13	61	13	83100635	
-17410	2156	3139	3978	3748	-248	6356	309	49	14	66	14	83100635	
-17341	2229	3182	4236	3966	-322	6357	309	49	15	71	15	83100661	
-17275	2286	3189	4430	4200	-406	6358	307	47	16	76	16	83100668	
-17281	2342	3187	4580	4479	-494	6359	307	47	17	81	17	83100668	
-17242	2433	3122	4697	4740	-568	6360	302	42	18	86	18	83100668	
-17250	2522	3027	4803	5066	-659	6361	300	40	19	91	19	83100668	
-17204	2647	2982	4897	5347	-737	6362	307	44	20	96	20	83100668	
-17235	2720	2901	4969	5570	-806	6363	309	45	21	101	21	83100668	
-17220	2705	2911	5033	5737	-875	6364	310	38	22	106	22	83100686	
-17171	2698	2849	5065	5878	-961	6365	310	36	23	111	23	83100736	
-17214	2690	2819	5077	5981	-1041	6366	311	35	24	116	24	83100747	
-17284	2579	2872	5097	6070	-1122	6367	311	35	25	121	25	83100747	
-17340	2514	2787	5124	6174	-1192	6368	309	35	26	126	26	83100747	
-17376	2378	2751	5167	6309	-1249	6369	309	35	27	131	27	83100747	
-17422	2306	2696	5222	6472	-1322	6370	301	33	28	136	28	83100747	
-17460	2192	2644	5315	6626	-1352	6371	301	33	29	141	29	83100747	
-17442	2296	2672	5464	6791	-1364	6372	308	36	30	146	30	83100784	
-17506	2228	2688	5717	6926	-1338	6373	308	36	31	151	31	83100784	
-17536	2350	2522	5991	7028	-1304	6374	313	29	32	156	32	83100784	
-17614	2440	2462	6294	7119	-1243	6375	313	29	33	161	33	83100784	
-17602	2353	2472	6552	7201	-1200	6376	316	31	34	166	34	83100784	
-17592	2294	2338	6823	7307	-1137	6377	317	31	35	171	35	83100784	
-17572	2148	2174	7090	7464	-1044	6378	305	21	36	176	36	83100784	
-17534	2186	2024	7225	7567	-958	6379	305	21	37	181	37	83100784	
-17436	1954	1926	7356	7612	-905	6380	307	19	38	186	38	83100784	
-17474	1896	1786	7401	7654	-849	6381	307	19	39	191	39	83100784	
-17320	1836	1632	7399	7693	-838	6382	303	21	40	196	40	83100784	
-17242	1792	1580	7384	7744	-827	6383	303	21	41	201	41	83100785	
-17164	1602	1546	7340	7738	-825	6384	307	19	42	206	42	83100785	
-16918	1612	1416	7298	7708	-822	6385	307	19	43	211	43	83100794	
-16695	1382	1584	7238	7616	-783	6386	303	15	44	216	44	83100794	
-16464	1274	1650	7197	7544	-739	6387	303	14	45	221	45	83100794	
-16301	1164	1850	7198	7449	-650	6388	304	12	46	226	46	83100794	
-16174	1009	2026	7252	7335	-522	6389	306	11	47	231	47	83100794	
-16034	890	2190	7386	7227	-362	6390	314	8	48	236	48	83100800	
-15857	798	2206	7573	7114	-177	6391	313	8	49	241	49	83100822	
-15722	736	2236	7775	6997	-9	6392	306	6	50	246	50	83100823	
-15596	806	2498	8061	6779	202	6393	306	6	51	251	51	83100824	
-15554	902	2612	8437	6457	418	6394	307	3	52	256	52	83100825	
-15375	1007	2738	8968	5979	679	6395	307	3	53	261	53	83100826	
-15302	1050	2899	9441	5516	889	6396	306	2	54	266	54	83100827	
-15269	1396	3026	9872	5018	1107	6397	306	2	55	271	55	83100829	
-15202	1719	3305	10420	4467	1338	6398	308	0	56	276	56	83100839	
-15005	2119	3550	11055	3925	1579	6399	308	-1	57	281	57	83100860	
-14839	2504	3882	11775	3403	1817	6400	309	-7	58	286	58	83100860	
-14683	2890	4220	12554	2923	2052	6401	308	-5	59	291	59	83100861	
-14460	3275	4372	13377	2437	2312	6402	306	2	60	296	60	83100861	
-14244	3629	4548	14269	1943	2590	6403	304	0	61	301	61	83100861	
-14057	3884	4614	15010	1561	2824	6404	300	-2	62	306	62	83100861	
-14099	4134	4559	15709	1194	3069	6405	303	-2	63	311	63	83100865	
-14339	4363	4500	16392	833	3341	6406	307	-3	64	316	64	83100879	
-14651	4561	4308	17011	515	3621	6407	307	-4	65	321	65	83100893	
-15018	4752	3979	17558	262	3874	6408	306	-6	66	326	66	83100893	
-15427	4883	3611	18147	55	4177	6409	305	-7	67	331	67	83100894	
-15817	4993	3141	18658	-44	4452	6410	301	-9	68	336	68	83100894	
-16141	4986	2561	19070	-50	4691	6411	302	-9	69	341	69	83100894	
-16420	5033	1780	19458	36	4942	6412	305	-9	70	346	70	83100895	
-16627	5058	1250	19790	140	5163	6413	307	-11	71	351	71	83100895	
-16775	5057	746	20178	256	5369	6414	311	-13	72	356	72	83100910	
-16788	5001	396	20645	351	5555	6415	308	-10	73	361	73	83100939	
-16740	4916	118	21189	400	5707	6416	304	-6	74	366	74	83100952	
-16720	4814	-172	21776	403	5833	6417	304	-10	75	371	75	83100952	
-16670	4670	-314	22388	377	5941	6418	303	-17	76	376	76	83100952	
-16597	4348	-337	23051	331	6051	6420	305	-16	77	381	77	83100952	
-16553	4033	-298	23659	270	6156	6421	306	-14	78	386	78	83100952	
-16668	3820	-263	24155	136	6244	6422	307	-15	79	391	79	83100957	
-17222	3189	-283	24691	-202	6236	6423	307	-15	80	396	80	83100976	
-17428	2555	-501	25340	-595	6180	6424	307	-16	81	401	81	83100987	
-17077	2239	-450	25766	-632	6198	6425	307	-17	82	406	82	83100987	
-16886	1966	-127	25906	-393	6286	6425	305	-17	83	411	83	83100987	
-17039	1559	112	25804	-112	6373	6426	302	-18	84	416	84	83100987	
-17064	1219	326	25359	101	6371	6428	301	-21	85	421	85	83100987	
-17056	1038	568	24850	215	6341	6429	300	-24	86	426	86	83100987	
-17253	219	661	24705	172	6384	6430	304	-24	87	431	87	83100992	
-17490	-338	655	24672	61	6362	6431	306	-24	88	436	88	83101013	
-17412	-616	491	24620	-32	6270	6432	306	-24	89	441	89	83101025	
-17194	-1062	230	24475	-91	6291	6433	306	-24	90	446	90	83101025	
-17137	-1436	171	24068	-82	6365	6434	305	-23	91	451	91	83101025	
-17244	-1664	133	23459	-4	6399	6435	304	-22	92	456	92	83101025	
-17324	-1758	-64	22857	83	6428	6436	308	-20	93	461	93	83101025	
-17401	-1756	-132	22206	177	6467	6437	311	-19	94	466	94	83101025	
-17536	-1705	-103	21619	337	6509	6438	308	-21	95	471	95	83101025	
-17492	-1680	-106	21112	546	6562	6439	307	-21	96	476	96	83101025	
-17375	-1607	-143	20663	760	6634	6440	309	-22	97	481	97	83101047	
-17270	-1517	-284	20354	882	6712	6441	310	-22	98	486	98	83101059	
-17129	-1457	-374	20081	964	6819	6442	306	-22	99	491	99	83101062	
-17021	-1332	-455	19791	990	6956	6443	304	-22	100	496	100	83101062	
-16827	-1244	-528	19461	962	7081	6444	302	-27	101	501	101	83101062	
-16649	-1134	-649	19044	887	7179	6445	301	-31	102	506	102	83101062	
-16648	-1022	-642	18656	812	7239	6446	304	-31	103	511	103	83101062	
-16707	-938	-645	18286	804	7274	6447	305	-31	104	516	104	83101062	
-16864	-884	-613	17915	849	7302	6448	305	-33	105	521	105	83101083	
-16897	-885	-751	17518	931	7318	6449	305	-33	106	526	106	83101096	
-16826	-888	-874	17051	1056	7302	6450	305	-31	107	531	107	83101098	
-16712	-971	-1163	16460	1189	7271	6451	305	-31	108	536	108	83101098	
-16565	-974	-1401	15686	1313	7213	6452	302	-31	109	541	109	83101098	
-16475	-967	-1617	14761	1394	7102	6453	301	-31	110	546	110	83101098	
-16332	-858	-1686	13540	1451	6912	6454	305	-31	111	551	111	83101098	
-16284	-636	-1820	12593	1441	6747	6455	305	-31	112	556	112	83101121	
-16194	-539	-1883	11923	1409	6572	6456	297	-31	113	561	113	83101144	
-16082	-528	-2082	11286	1360	6361	6457	295	-31	114	566	114	83101149	
-15954	-541	-2397	10751	1300	6138	6458	297	-35	115	571	115	83101149	
-15805	-632	-2723	10307	1229	5898	6459	298	-36	116	576	116	83101149	
-15609	-683	-2857	9912	1147	5638	6460	304	-42	117	581	117	83101149	
-15430	-778	-2986	9583	1051	5376	6461	305	-43	118	586	118	83101149	
-15174	-818	-3168	9290	837	5062	6462	301	-37	119	591	119	83101155	
-15350	-688	-3150	9136	566	4783	6463	301	-37	120	596	120	83101188	
-15494	-528	-3110	9062	184	4480	6464	302	-38	121	601	121	83101188	
-15684	-430	-3128	9035	-248	4181	6465	302	-38	122	606	122	83101188	
-15718	-388	-3052	9070	-655	3873	6466	300	-44	123	611	123	83101189	
-15778	-200	-2838	9145	-999	3536	6467	300	-44	124	616	124	83101189	
-15910	-14	-2624	9275	-1349	3171	6468	299	-41	125	621	125	83101189	
-16030	136	-2266	9457	-1671	2804	6469	299	-41	126	626	126	83101189	
-16278	260	-1944	9742	-1963	2445	6470	298	-40	127	631	127	83101189	
-16474	413	-1804	10114	-2212	2045	6471	299	-40	128	636	128	83101189	
-16416	568	-1634	10334	-2339	1767	6472	301	-41	129	641	129	83101189	
-16300	778	-1462	10524	-2543	1472	6473	301	-41	130	646	130	83101222	
-16128	1156	-1250	10672	-2868	1199	6474	299	-41	131	651	131	83101233	
-15878	1452	-1148	10780	-3349	978	6475	299	-41	132	656	132	83101246	
-15736	1746	-1144	10901	-3845	803	6476	308	-42	133	661	133	83101246	
-15470	1902	-1262	11012	-4251	675	6477	308	-42	134	666	134	83101246	
-15344	2122	-1570	11097	-4514	587	6478	304	-40	135	671	135	83101246	
-15204	2262	-2028	11173	-4663	559	6479	305	-41	136	676	136	83101247	
-15010	2246	-2371	11193	-4699	580	6480	307	-45	137	681	137	83101254	
-14876	2180	-2652	11120	-4733	621	6481	306	-43	138	686	138	83101271	
-14740	2118	-3083	10956	-4760	668	6482	304	-36	139	691	139	83101271	
-14576	1952	-3548	10677	-4767	663	6483	304	-37	140	696	140	83101271	
-14530	1664	-3913	10271	-4745	604	6484	304	-42	141	701	141	83101271	
-14564	1258	-4165	9762	-4701	466	6485	304	-42	142	706	142	83101271	
-14576	839	-4168	9186	-4717	251	6486	302	-42	143	711	143	83101271	
-14688	394	-4012	8586	-4814	-51	6487	303	-41	144	716	144	83101271	
-14978	134	-3758	7993	-5009	-419	6488	307	-39	145	721	145	83101271	
-15242	-67	-3527	7445	-5261	-820	6489	307	-39	146	726	146	83101273	
-15426	-376	-3118	6896	-5588	-1229	6490	305	-39	147	731	147	83101286	
-15491	-722	-2616	6308	-5947	-1651	6491	306	-39	148	736	148	83101308	
-15558	-998	-2091	5679	-6296	-2098	6492	309	-39	149	741	149	83101308	
-15660	-1223	-1463	4997	-6670	-2513	6493	309	-38	150	746	150	83101308	
-15698	-1334	-687	4289	-7095	-2863	6494	309	-33	151	751	151	83101308	
-15700	-1367	5	3617	-7606	-3143	6495	309	-33	152	756	152	83101308	
-15570	-1448	660	3012	-8179	-3373	6496	310	-32	153	761	153	83101308	
-15388	-1444	1224	2519	-8703	-3542	6497	311	-32	154	766	154	83101337	
-15315	-1358	1652	1993	-9257	-3687	6498	313	-31	155	771	155	83101380	
-15393	-1070	2056	1409	-9863	-3805	6499	312	-31	156	776	156	83101380	
-15740	-631	2385	846	-10558	-3882	6500	310	-30	157	781	157	83101381	
-16304	-150	2439	393	-11306	-3907	6501	311	-30	158	786	158	83101381	
-17018	300	2302	58	-12052	-3895	6502	313	-31	159	791	159	83101381	
-17924	657	1915	-210	-12709	-3850	6503	312	-29	160	796	160	83101381	
-18950	915	1260	-492	-13163	-3750	6504	311	-25	161	801	161	83101385	
-19936	1074	411	-805	-13352	-3599	6505	315	-22	162	806	162	83101421	
-20794	1253	-693	-1083	-13233	-3459	6506	320	-18	163	811	163	83101464	
-21276	1471	-2015	-1254	-12766	-3389	6507	320	-16	164	816	164	83101465	
-21396	1715	-3520	-1297	-11991	-3421	6508	321	-13	165	821	165	83101465	
-21178	1935	-5025	-1231	-10995	-3518	6509	317	-10	166	826	166	83101466	
-20492	2198	-6222	-1116	-9860	-3612	6510	311	-5	167	831	167	83101466	
-19601	2486	-7268	-996	-8665	-3644	6511	315	-6	168	836	168	83101467	
-18441	2818	-8334	-823	-7427	-3621	6513	320	-8	169	841	169	83101480	
-16988	3423	-9135	-720	-6378	-3617	6514	319	-2	170	846	170	83101498	
-15765	3466	-9353	-823	-5693	-3538	6515	318	2	171	851	171	83101503	
-15104	3150	-8852	-1161	-5452	-3381	6516	319	-3	172	856	172	83101503	
-14906	2824	-7724	-1594	-5640	-3193	6517	320	-6	173	861	173	83101503	
-14940	2425	-6366	-2011	-6094	-3005	6518	318	-5	174	866	174	83101503	
-15176	2296	-5026	-2465	-6618	-2929	6519	317	-5	175	871	175	83101503	
-15372	2295	-3759	-3079	-7132	-2942	6519	318	-5	176	876	176	83101503	
-15388	2312	-2422	-4082	-7607	-3001	6521	320	-6	177	881	177	83101503	
-15573	2532	-1169	-5224	-7892	-3080	6522	320	-1	178	886	178	83101503	
-16094	2696	-284	-6140	-8005	-3159	6523	320	2	179	891	179	83101503	
-16786	2784	428	-6843	-7965	-3186	6524	321	4	180	896	180	83101503	
-17566	2819	989	-7327	-7775	-3195	6525	322	6	181	901	181	83101503	
-18208	3059	1361	-7527	-7465	-3265	6526	324	6	182	906	182	83101510	
-18557	3473	1404	-7310	-7007	-3375	6527	326	6	183	911	183	83101514	
-18618	3840	1202	-6578	-6387	-3488	6528	322	10	184	916	184	83101514	
-18468	4092	753	-5342	-5673	-3592	6529	320	12	185	921	185	83101515	
-18105	4215	-26	-3410	-4814	-3640	6530	321	19	186	926	186	83101515	
-17644	4070	-757	-1350	-4080	-3605	6531	321	21	187	931	187	83101515	
-17120	3694	-1227	669	-3511	-3494	6532	323	16	188	936	188	83101515	
-16514	3247	-1438	2460	-3142	-3296	6533	323	15	189	941	189	83101515	
-15976	2743	-1273	3848	-3021	-3019	6534	321	21	190	946	190	83101525	
-15616	2319	-1093	4638	-3087	-2748	6535	321	23	191	951	191	83101540	
-15381	1938	-692	5120	-3306	-2470	6536	320	18	192	956	192	83101547	
-15292	1551	-94	5295	-3684	-2225	6537	320	14	193	961	193	83101548	
-15151	831	672	5186	-4273	-1976	6538	321	19	194	966	194	83101548	
-14978	559	1530	4819	-4920	-1755	6539	321	21	195	971	195	83101549	
-14917	380	2398	4410	-5550	-1613	6540	320	17	196	976	196	83101549	
-14886	102	3182	4077	-6046	-1510	6541	320	16	197	981	197	83101549	
-14942	-348	3846	3688	-6449	-1426	6542	324	23	198	986	198	83101550	
-15008	-908	4468	3176	-6781	-1339	6543	325	25	199	991	199	83101557	
-15311	-1541	5006	2573	-7068	-1257	6544	321	18	200	996	200	83101559	
-15805	-2286	5555	1885	-7369	-1199	6545	320	16	201	1001	201	83101581	
-16316	-3016	5991	1078	-7619	-1157	6546	326	23	202	1006	202	83101587	
-16974	-3960	6348	15	-7752	-1169	6547	327	25	203	1011	203	83101587	
-17358	-4472	6662	-870	-7697	-1210	6548	325	27	204	1016	204	83101587	
-17874	-5008	6674	-1640	-7559	-1393	6549	325	27	205	1021	205	83101587	
-18280	-5320	6744	-2103	-7332	-1713	6550	325	31	206	1026	206	83101587	
-18518	-5362	6497	-2236	-7055	-2030	6551	325	31	207	1031	207	83101587	
-18640	-5317	5997	-2057	-6712	-2357	6552	326	30	208	1036	208	83101587	
-18692	-5189	5537	-1424	-6338	-2676	6553	326	30	209	1041	209	83101587	
-18606	-4976	4845	-462	-5949	-2925	6554	326	30	210	1046	210	83101610	
-18548	-4620	4138	849	-5484	-3137	6555	326	30	211	1051	211	83101628	
-18290	-4152	3568	1947	-5137	-3240	6556	320	34	212	1056	212	83101629	
-18120	-3896	3268	2991	-4845	-3344	6557	320	34	213	1061	213	83101629	
-18188	-3436	2716	3943	-4573	-3422	6558	328	34	214	1066	214	83101629	
-18296	-2958	2184	4738	-4270	-3453	6559	328	34	215	1071	215	83101630	
-18592	-2336	1584	5307	-3973	-3503	6560	323	41	216	1076	216	83101630	
-18816	-1648	968	5640	-3634	-3594	6561	323	41	217	1081	217	83101630	
-18746	-874	380	5840	-3208	-3652	6562	325	41	218	1086	218	83101675	
-18773	-63	-560	5955	-2676	-3729	6563	325	40	219	1091	219	83101676	
-18926	998	-1201	6009	-2281	-3788	6564	323	35	220	1096	220	83101676	
-18933	1871	-1910	6208	-1859	-3792	6565	323	35	221	1101	221	83101676	
-18846	2364	-2392	6510	-1486	-3767	6566	325	35	222	1106	222	83101676	
-18678	2916	-2610	6890	-1116	-3656	6567	325	35	223	1111	223	83101676	
-18488	3034	-2828	7473	-828	-3497	6568	327	37	224	1116	224	83101676	
-18284	3028	-2738	8006	-613	-3341	6569	327	37	225	1121	225	83101687	
-18060	2812	-2468	8476	-445	-3208	6570	320	42	226	1126	226	83101727	
-17868	2598	-1884	8939	-327	-3103	6571	320	42	227	1131	227	83101727	
-17633	2197	-816	9549	-238	-3014	6572	332	38	228	1136	228	83101727	
-17456	1729	21	10019	-282	-2914	6573	331	38	229	1141	229	83101727	
-17243	1174	1000	10343	-410	-2810	6574	325	37	230	1146	230	83101728	
-17012	626	1837	10506	-582	-2742	6575	325	36	231	1151	231	83101728	
-16662	127	2708	10531	-776	-2706	6576	325	33	232	1156	232	83101728	
-16421	-366	3598	10441	-938	-2693	6577	327	34	233	1161	233	83101737	
-16213	-760	4366	10251	-1055	-2679	6578	333	37	234	1166	234	83101778	
-16123	-1231	4825	9999	-1114	-2653	6579	330	38	235	1171	235	83101789	
-15962	-1601	5141	9670	-1095	-2610	6580	322	40	236	1176	236	83101790	
-15879	-1865	5271	9378	-1043	-2557	6581	322	39	237	1181	237	83101790	
-15857	-2098	5339	9083	-986	-2489	6582	322	38	238	1186	238	83101790	
-15791	-2292	5270	8726	-897	-2393	6583	322	38	239	1191	239	83101790	
-15639	-2460	5081	8380	-770	-2282	6584	324	36	240	1196	240	83101790	
-15461	-2590	4767	8045	-625	-2186	6585	324	35	241	1201	241	83101790	
-15339	-2624	4444	7741	-512	-2110	6586	325	31	242	1206	242	83101790	
-15320	-2529	4084	7449	-447	-2027	6587	325	33	243	1211	243	83101790	
-15364	-2348	3728	7169	-400	-1949	6588	326	40	244	1216	244	83101792	
-15413	-2132	3532	6898	-388	-1871	6589	324	39	245	1221	245	83101811	
-15510	-2010	3359	6686	-453	-1805	6590	322	38	246	1226	246	83101828	
-15635	-1938	3214	6450	-553	-1733	6591	324	37	247	1231	247	83101829	
-15716	-1837	3134	6158	-648	-1673	6592	328	36	248	1236	248	83101829	
-15792	-1774	3170	5814	-751	-1622	6593	328	36	249	1241	249	83101829	
-15905	-1714	3168	5431	-871	-1583	6594	328	36	250	1246	250	83101829	
-16092	-1615	3297	5057	-1003	-1572	6595	326	39	251	1251	251	83101829	
-16190	-1534	3374	4702	-1119	-1614	6597	323	43	252	1256	252	83101829	
-16212	-1454	3379	4373	-1177	-1660	6598	326	42	253	1261	253	83101829	
-16233	-1358	3426	4097	-1221	-1690	6598	328	40	254	1266	254	83101829	
-16289	-1220	3467	3856	-1282	-1706	6599	329	40	255	1271	255	83101829	
-16387	-987	3371	3665	-1347	-1701	6600	331	39	256	1276	256	83101832	
-16492	-681	3232	3534	-1397	-1679	6601	328	36	257	1281	257	83101870	
-16592	-403	3141	3479	-1440	-1642	6602	324	32	258	1286	258	83101925	
-16709	-97	2918	3522	-1481	-1594	6603	325	34	259	1291	259	83101930	
-16867	183	2597	3698	-1539	-1544	6605	326	36	260	1296	260	83101931	
-17021	386	2284	3958	-1587	-1505	6606	328	37	261	1301	261	83101931	
-17072	479	2014	4186	-1593	-1478	6607	330	38	262	1306	262	83101931	
-17090	487	1793	4349	-1581	-1435	6608	327	39	263	1311	263	83101931	
-17126	460	1659	4464	-1561	-1403	6609	325	39	264	1316	264	83101931	
-17164	456	1612	4574	-1525	-1392	6610	327	35	265	1321	265	83101931	
-17188	469	1583	4719	-1472	-1399	6611	328	32	266	1326	266	83101931	
-17198	450	1545	4924	-1406	-1427	6612	324	35	267	1331	267	83101932	
-17200	381	1600	5199	-1351	-1452	6613	321	37	268	1336	268	83101932	
-17228	318	1625	5503	-1311	-1472	6614	323	37	269	1341	269	83101932	
-17228	224	1687	5812	-1280	-1477	6615	325	37	270	1346	270	83101932	
-17216	31	1725	6099	-1290	-1464	6616	326	36	271	1351	271	83101932	
-17173	-141	1788	6345	-1347	-1452	6617	326	36	272	1356	272	83101932	
-17091	-304	1908	6528	-1408	-1445	6618	325	38	273	1361	273	83101953	
-16989	-401	2053	6653	-1467	-1441	6619	325	39	274	1366	274	83101967	
-17003	-576	2153	6772	-1566	-1444	6620	324	41	275	1371	275	83101967	
-17017	-754	2255	6888	-1703	-1466	6621	324	42	276	1376	276	83101967	
-16931	-858	2320	7036	-1820	-1484	6622	330	35	277	1381	277	83101967	
-16772	-978	2348	7249	-1940	-1483	6623	332	32	278	1386	278	83101967	
-16626	-1098	2375	7471	-2089	-1464	6624	326	36	279	1391	279	83101967	
-16601	-1111	2362	7684	-2214	-1412	6625	325	37	280	1396	280	83101967	
-16533	-1166	2360	7875	-2291	-1340	6626	323	36	281	1401	281	83101967	
-16399	-1156	2256	7982	-2312	-1259	6627	322	36	282	1406	282	83101968	
-16410	-1203	2292	8017	-2289	-1172	6628	326	37	283	1411	283	83101974	
-16350	-1173	2236	7951	-2271	-1080	6629	327	37	284	1416	284	83101998	
-16388	-1171	2267	7804	-2264	-995	6630	326	39	285	1421	285	83102004	
-16437	-1152	2460	7525	-2258	-889	6631	326	40	286	1426	286	83102004	
-16527	-1192	2580	7139	-2266	-787	6632	331	32	287	1431	287	83102005	
-16606	-1170	2546	6691	-2256	-684	6633	332	30	288	1436	288	83102005	
-16662	-1242	2556	6225	-2191	-597	6634	326	34	289	1441	289	83102005	
-16709	-1296	2488	5723	-2086	-515	6635	325	35	290	1446	290	83102005	
-16697	-1296	2395	5217	-1998	-418	6636	327	37	291	1451	291	83102005	
-16686	-1456	2336	4695	-1930	-320	6637	328	38	292	1456	292	83102011	
-16649	-1616	2155	4127	-1895	-228	6638	327	39	293	1461	293	83102037	
-16654	-1776	2136	3367	-1884	-127	6639	327	39	294	1466	294	83102044	
-16586	-1904	2140	2741	-1889	-97	6640	324	36	295	1471	295	83102044	
-16456	-2048	2206	2080	-1944	-60	6641	324	36	296	1476	296	83102044	
-16466	-2050	2376	1430	-2066	-21	6642	330	38	297	1481	297	83102044	
-16560	-1960	2454	874	-2142	-28	6643	330	38	298	1486	298	83102044	
-16720	-1992	2664	390	-2161	-28	6644	328	38	299	1491	299	83102045	
-16830	-1896	2678	-38	-2161	-16	6645	328	38	300	1496	300	83102045	
-16988	-1844	2785	-410	-2164	28	6646	324	37	301	1501	301	83102067	
-17126	-1834	2798	-813	-2134	73	6647	323	37	302	1506	302	83102072	
-17324	-1756	2900	-1326	-2047	111	6648	320	40	303	1511	303	83102072	
-17358	-1636	2958	-1811	-1979	137	6649	320	40	304	1516	304	83102072	
-17430	-1552	2984	-2265	-1931	144	6650	325	39	305	1521	305	83102072	
-17584	-1528	3038	-2661	-1880	117	6651	325	39	306	1526	306	83102072	
-17382	-1418	3002	-2928	-1839	47	6652	319	47	307	1531	307	83102072	
-17374	-1276	3056	-3007	-1750	-37	6653	319	47	308	1536	308	83102121	
-17280	-1090	3106	-2959	-1677	-128	6654	323	43	309	1541	309	83102122	
-17262	-798	3116	-2783	-1598	-213	6655	323	43	310	1546	310	83102122	
-17065	-571	2964	-2441	-1438	-319	6656	324	48	311	1551	311	83102122	
-16865	-436	2976	-2039	-1305	-407	6657	325	48	312	1556	312	83102122	
-16764	-339	3057	-1568	-1174	-479	6658	327	47	313	1561	313	83102122	
-16658	-236	3102	-1120	-1066	-544	6659	326	47	314	1566	314	83102128	
-16482	-70	3177	-759	-973	-597	6660	323	45	315	1571	315	83102153	
-16419	92	3351	-543	-883	-651	6661	324	45	316	1576	316	83102153	
-16314	314	3394	-411	-830	-692	6662	329	45	317	1581	317	83102153	
-16352	508	3600	-273	-781	-741	6663	329	45	318	1586	318	83102153	
-16388	785	3824	-72	-780	-772	6664	325	41	319	1591	319	83102153	
-16258	918	3765	149	-767	-780	6665	325	41	320	1596	320	83102153	
-16223	1008	3817	387	-773	-760	6666	323	43	321	1601	321	83102155	
-16248	1091	3820	627	-793	-735	6667	324	43	322	1606	322	83102172	
-16205	1115	3882	906	-784	-714	6668	327	43	323	1611	323	83102206	
-16092	1189	4054	1263	-779	-670	6669	326	43	324	1616	324	83102206	
-16096	1142	4104	1680	-794	-601	6670	321	45	325	1621	325	83102206	
-16024	970	4158	2132	-807	-531	6671	322	45	326	1626	326	83102207	
-15930	778	4226	2578	-801	-474	6672	324	44	327	1631	327	83102207	
-15893	519	4303	2972	-811	-422	6673	322	43	328	1636	328	83102208	
-15856	274	4347	3202	-803	-366	6674	320	42	329	1641	329	83102208	
-15857	62	4344	3306	-788	-312	6675	321	45	330	1646	330	83102209	
-15900	-50	4399	3290	-782	-268	6676	323	49	331	1651	331	83102216	
-15895	-115	4396	3231	-798	-231	6677	321	45	332	1656	332	83102236	
-15862	-340	4352	3149	-823	-200	6678	316	38	333	1661	333	83102257	
-15930	-528	4495	2938	-817	-161	6679	318	38	334	1666	334	83102257	
-15890	-637	4551	2661	-814	-134	6680	325	37	335	1671	335	83102257	
-15978	-712	4484	2353	-805	-90	6681	324	38	336	1676	336	83102257	
-16060	-728	4438	2098	-813	-57	6682	323	39	337	1681	337	83102257	
-16062	-824	4479	1875	-812	-40	6683	324	41	338	1686	338	83102257	
-16078	-934	4525	1647	-823	-36	6684	325	43	339	1691	339	83102257	
-16149	-987	4459	1413	-847	-38	6685	325	44	340	1696	340	83102257	
-16125	-993	4355	1191	-857	-43	6686	325	45	341	1701	341	83102272	
-16067	-936	4236	992	-870	-47	6687	323	45	342	1706	342	83102294	
-16062	-920	4114	791	-891	-51	6688	320	44	343	1711	343	83102294	
-16091	-950	3877	579	-920	-49	6690	320	41	344	1716	344	83102294	
-16120	-896	3759	360	-963	-41	6691	319	37	345	1721	345	83102294	
-16190	-780	3732	171	-1012	-34	6692	321	41	346	1726	346	83102294	
-16293	-704	3774	37	-1060	-27	6693	323	43	347	1731	347	83102294	
-16376	-654	3857	-45	-1105	-21	6693	322	43	348	1736	348	83102294	
-16420	-624	3922	-67	-1142	-22	6694	320	44	349	1741	349	83102295	
-16535	-588	3959	-42	-1152	-24	6695	321	43	350	1746	350	83102299	
-16667	-538	4004	-2	-1137	-30	6696	322	42	351	1751	351	83102320	
