-17187	264	2796	629	865	-25	3696	309	51	1	1	1	83087517	
-17161	226	2781	589	940	-34	3697	309	54	2	6	2	83087517	
-17128	193	2776	582	1062	-39	3698	307	61	3	11	3	83087517	
-17129	212	2682	594	1189	-45	3699	309	59	4	16	4	83087517	
-17097	276	2630	624	1333	-39	3700	312	56	5	21	5	83087521	
-17050	309	2510	648	1478	-33	3701	310	52	6	26	6	83087539	
-17084	401	2388	674	1603	-25	3702	307	47	7	31	7	83087556	
-17153	519	2324	692	1700	-13	3703	311	49	8	36	8	83087556	
-17179	553	2236	720	1810	-4	3704	316	52	9	41	9	83087556	
-17215	557	2102	774	1928	4	3705	313	52	10	46	10	83087556	
-17239	622	2074	844	2056	9	3707	309	51	11	51	11	83087557	
-17202	649	2046	925	2176	3	3708	311	51	12	56	12	83087557	
-17084	664	1987	1007	2274	-12	3709	313	51	13	61	13	83087557	
-17059	706	1976	1113	2351	-29	3710	311	50	14	66	14	83087557	
-17084	785	1998	1260	2414	-31	3711	309	49	15	71	15	83087557	
-17081	837	2046	1409	2468	-22	3712	308	50	16	76	16	83087557	
-17082	854	2091	1557	2519	-15	3712	306	50	17	81	17	83087557	
-17061	878	2168	1702	2576	-13	3713	309	49	18	86	18	83087557	
-17074	911	2251	1830	2625	-21	3715	313	47	19	91	19	83087570	
-17182	962	2366	1966	2667	-44	3716	311	50	20	96	20	83087590	
-17264	1017	2476	2126	2723	-60	3717	310	52	21	101	21	83087597	
-17310	1067	2437	2280	2788	-68	3718	310	50	22	106	22	83087597	
-17388	1175	2506	2413	2873	-76	3719	310	48	23	111	23	83087597	
-17427	1242	2642	2570	2975	-84	3720	311	46	24	116	24	83087597	
-17426	1277	2641	2720	3079	-103	3721	311	45	25	121	25	83087597	
-17384	1348	2629	2843	3184	-138	3722	309	41	26	126	26	83087597	
-17349	1467	2657	2987	3287	-188	3723	307	39	27	131	27	83087616	
-17399	1560	2596	3200	3428	-246	3724	309	46	28	136	28	83087629	
-17382	1625	2455	3379	3595	-301	3725	310	48	29	141	29	83087629	
-17371	1659	2440	3543	3769	-346	3726	313	46	30	146	30	83087630	
-17383	1785	2371	3683	3959	-368	3727	314	46	31	151	31	83087630	
-17422	1877	2372	3827	4191	-391	3728	310	42	32	156	32	83087630	
-17468	1935	2268	3976	4451	-409	3729	307	39	33	161	33	83087630	
-17533	2088	2211	4118	4719	-429	3730	311	41	34	166	34	83087654	
-17642	2160	2141	4249	5000	-437	3731	314	42	35	171	35	83087677	
-17824	2258	2099	4377	5324	-446	3732	312	38	36	176	36	83087682	
-17908	2345	2010	4488	5631	-452	3733	311	37	37	181	37	83087682	
-17966	2358	1884	4620	5913	-494	3734	309	37	38	186	38	83087682	
-17944	2396	1706	4754	6170	-552	3735	309	37	39	191	39	83087682	
-17925	2470	1479	4888	6428	-635	3736	310	35	40	196	40	83087682	
-17885	2596	1219	5037	6695	-715	3737	310	34	41	201	41	83087682	
-17934	2555	1060	5236	6991	-784	3738	308	32	42	206	42	83087736	
-17866	2672	882	5443	7295	-847	3739	308	32	43	211	43	83087750	
-17742	2730	630	5666	7582	-914	3740	312	23	44	216	44	83087750	
-17608	2830	248	5912	7862	-978	3741	313	21	45	221	45	83087750	
-17578	2887	110	6073	7999	-1030	3742	312	25	46	226	46	83087750	
-17554	3042	-238	6271	8158	-1067	3743	312	26	47	231	47	83087750	
-17606	3131	-456	6407	8377	-1091	3744	311	24	48	236	48	83087750	
-17590	3248	-652	6457	8631	-1102	3745	311	23	49	241	49	83087750	
-17502	3344	-937	6408	8918	-1126	3746	308	23	50	246	50	83087750	
-17426	3436	-1075	6276	9182	-1149	3747	307	23	51	251	51	83087750	
-17302	3488	-1051	6143	9433	-1162	3748	311	13	52	256	52	83087780	
-17140	3418	-654	6135	9672	-1126	3749	312	10	53	261	53	83087788	
-16936	3454	-316	6362	9791	-1037	3750	309	11	54	266	54	83087788	
-16750	3354	126	6840	9850	-894	3751	309	11	55	271	55	83087788	
-16682	3320	666	7484	9822	-702	3752	313	11	56	276	56	83087788	
-16678	3092	1206	8208	9741	-513	3753	313	11	57	281	57	83087788	
-16534	2970	1604	8881	9590	-362	3754	304	10	58	286	58	83087788	
-16262	2696	1942	9436	9365	-197	3755	304	10	59	291	59	83087789	
-16040	2486	2318	9777	9136	37	3756	309	3	60	296	60	83087789	
-15981	2208	2767	10023	8749	375	3757	308	2	61	301	61	83087789	
-16016	2070	3050	10146	8390	591	3758	304	-2	62	306	62	83087789	
-15978	1984	3418	10233	7905	864	3759	304	-2	63	311	63	83087789	
-15968	1858	3860	10312	7449	1189	3760	303	-1	64	316	64	83087789	
-15698	1864	4180	10429	6987	1506	3761	303	-1	65	321	65	83087800	
-15572	1734	4712	10508	6572	1834	3762	307	-11	66	326	66	83087823	
-15302	1880	4960	10617	6092	2096	3763	307	-11	67	331	67	83087823	
-15092	2034	5412	10727	5615	2343	3764	306	-12	68	336	68	83087823	
-14808	2134	5656	10829	5123	2603	3765	306	-12	69	341	69	83087823	
-14577	2356	5736	10990	4511	2897	3766	302	-22	70	346	70	83087823	
-14447	2496	5768	11176	4017	3142	3767	301	-21	71	351	71	83087823	
-14382	2677	5635	11343	3569	3376	3768	299	-15	72	356	72	83087825	
-14369	2988	5490	11499	3178	3607	3769	300	-16	73	361	73	83087843	
-14580	3257	5464	11721	2802	3784	3770	305	-21	74	366	74	83087873	
-14880	3412	5312	12126	2376	3925	3771	305	-20	75	371	75	83087873	
-15074	3489	4807	12753	1988	4129	3772	305	-15	76	376	76	83087873	
-15154	3916	4310	13289	1740	4408	3773	305	-15	77	381	77	83087873	
-15480	4213	3989	13734	1533	4851	3774	308	-16	78	386	78	83087873	
-15570	4396	3656	14247	1368	5215	3775	309	-17	79	391	79	83087873	
-15675	4550	3163	14990	1113	5553	3776	312	-20	80	396	80	83087877	
-15821	4771	2666	15851	766	5883	3777	310	-19	81	401	81	83087896	
-15896	4944	2188	16797	388	6246	3778	304	-16	82	406	82	83087912	
-16151	5177	1690	17855	-41	6614	3779	304	-16	83	411	83	83087912	
-16325	5267	1240	19003	-500	6975	3780	302	-16	84	416	84	83087912	
-16640	5035	676	20216	-891	7268	3781	302	-17	85	421	85	83087912	
-17034	4711	154	21371	-1227	7490	3782	300	-20	86	426	86	83087912	
-17227	4246	-374	22394	-1463	7685	3783	301	-20	87	431	87	83087912	
-17316	3828	-799	23050	-1530	7830	3784	303	-21	88	436	88	83087927	
-17338	3442	-1192	23488	-1497	7946	3785	303	-22	89	441	89	83087950	
-17268	2996	-1488	23720	-1423	8018	3786	303	-23	90	446	90	83087950	
-17183	2714	-1621	23749	-1325	8023	3787	303	-23	91	451	91	83087950	
-17122	2499	-1544	23636	-1232	7977	3788	302	-22	92	456	92	83087950	
-17100	2163	-1513	23366	-1135	7929	3789	302	-22	93	461	93	83087950	
-17082	1763	-1291	22937	-1041	7891	3790	303	-21	94	466	94	83087950	
-17092	1252	-1027	22365	-974	7800	3791	302	-21	95	471	95	83087950	
-16951	883	-824	21862	-953	7692	3792	300	-22	96	476	96	83087950	
-16669	500	-619	21344	-944	7597	3793	304	-23	97	481	97	83087950	
-16438	227	-372	20779	-985	7504	3794	311	-25	98	486	98	83087966	
-16272	99	-112	20249	-1155	7432	3795	309	-27	99	491	99	83087995	
-16256	8	68	19885	-1429	7396	3796	307	-31	100	496	100	83088002	
-16342	-94	203	19753	-1728	7375	3797	307	-27	101	501	101	83088002	
-16419	-170	313	19836	-2028	7372	3799	308	-22	102	506	102	83088002	
-16535	-243	389	20038	-2275	7403	3800	307	-24	103	511	103	83088002	
-16634	-360	412	20272	-2452	7460	3801	307	-25	104	516	104	83088002	
-16802	-482	376	20511	-2591	7550	3802	303	-27	105	521	105	83088002	
-17020	-530	333	20682	-2696	7661	3803	300	-28	106	526	106	83088023	
-17254	-519	255	20789	-2782	7786	3803	302	-28	107	531	107	83088047	
-17514	-485	110	20834	-2832	7930	3804	305	-27	108	536	108	83088052	
-17701	-403	-72	20796	-2801	8058	3805	302	-30	109	541	109	83088053	
-17733	-152	-200	20675	-2690	8149	3806	297	-35	110	546	110	83088053	
-17628	203	-280	20464	-2483	8219	3808	301	-33	111	551	111	83088054	
-17422	481	-393	20178	-2239	8262	3809	305	-31	112	556	112	83088054	
-17296	706	-524	19865	-2044	8264	3810	306	-29	113	561	113	83088054	
-17191	922	-618	19543	-1892	8244	3811	307	-27	114	566	114	83088055	
-17034	1002	-830	19251	-1762	8223	3812	302	-32	115	571	115	83088055	
-16809	950	-1097	18993	-1611	8191	3813	298	-36	116	576	116	83088070	
-16659	815	-1320	18731	-1469	8131	3814	299	-34	117	581	117	83088085	
-16566	639	-1514	18420	-1356	8051	3815	299	-33	118	586	118	83088090	
-16509	481	-1613	18018	-1248	7947	3816	307	-35	119	591	119	83088090	
-16600	346	-1894	17610	-1186	7854	3817	309	-35	120	596	120	83088090	
-16714	206	-2034	17232	-1118	7750	3818	299	-33	121	601	121	83088090	
-16820	105	-2183	16945	-1066	7645	3819	297	-33	122	606	122	83088090	
-16921	-16	-2230	16632	-1022	7498	3820	302	-31	123	611	123	83088090	
-16973	-146	-2249	16249	-958	7277	3821	306	-30	124	616	124	83088090	
-16939	-261	-2325	15799	-908	6995	3822	303	-33	125	621	125	83088090	
-16934	-174	-2409	15278	-912	6649	3823	301	-35	126	626	126	83088095	
-16997	296	-2436	14775	-1001	6161	3824	300	-33	127	631	127	83088119	
-17213	1218	-2517	14317	-1169	5230	3825	300	-32	128	636	128	83088132	
-17026	989	-2482	14127	-1216	4400	3826	304	-30	129	641	129	83088132	
-16790	217	-2584	14107	-1439	4334	3827	305	-29	130	646	130	83088132	
-16706	74	-2740	14067	-1704	4313	3828	299	-33	131	651	131	83088133	
-16469	78	-2679	14027	-1768	4095	3829	298	-34	132	656	132	83088133	
-16260	12	-2522	14187	-1770	3819	3830	298	-37	133	661	133	83088133	
-16416	25	-2502	14547	-1746	3536	3831	298	-38	134	666	134	83088161	
-16696	10	-2383	15032	-1513	3244	3832	298	-36	135	671	135	83088168	
-17026	4	-2408	15658	-931	2910	3833	298	-36	136	676	136	83088168	
-17131	7	-2561	16035	-460	2698	3834	300	-41	137	681	137	83088168	
-16984	0	-2787	16259	14	2460	3835	300	-42	138	686	138	83088168	
-16452	180	-3210	16040	376	2229	3836	300	-45	139	691	139	83088168	
-15501	580	-3395	15195	566	1975	3837	300	-46	140	696	140	83088168	
-14417	1186	-2927	13938	469	1659	3838	302	-45	141	701	141	83088176	
-13441	1567	-1791	12836	-72	1313	3839	303	-45	142	706	142	83088200	
-12761	1620	-607	12347	-1118	1013	3840	299	-44	143	711	143	83088206	
-12625	1175	255	12503	-2570	820	3841	298	-44	144	716	144	83088206	
-13162	254	200	13037	-4364	702	3842	304	-42	145	721	145	83088206	
-13768	-648	-348	13247	-5330	561	3843	304	-42	146	726	146	83088206	
-14166	-1460	-1184	12972	-5670	391	3844	304	-38	147	731	147	83088206	
-14318	-2024	-1784	12163	-5577	201	3845	304	-38	148	736	148	83088206	
-14304	-2518	-2160	11015	-5418	19	3846	300	-44	149	741	149	83088216	
-14192	-2956	-2218	9801	-5344	-217	3847	300	-44	150	746	150	83088246	
-14162	-3328	-2226	8737	-5520	-521	3848	300	-48	151	751	151	83088246	
-14245	-3496	-1911	8106	-5888	-776	3849	300	-48	152	756	152	83088246	
-14570	-3772	-1038	7586	-6642	-1132	3850	298	-46	153	761	153	83088246	
-15000	-4084	310	7282	-7557	-1376	3851	298	-46	154	766	154	83088246	
-15278	-4192	1740	6754	-8611	-1582	3852	310	-32	155	771	155	83088246	
-15372	-4134	3078	6066	-9704	-1763	3853	310	-32	156	776	156	83088246	
-15398	-4002	3990	5313	-10765	-1950	3854	307	-37	157	781	157	83088256	
-15598	-3678	4632	4578	-11804	-2191	3855	307	-37	158	786	158	83088283	
-15942	-3294	4708	3827	-12788	-2486	3856	306	-34	159	791	159	83088283	
-16338	-2656	4348	3029	-13644	-2768	3857	306	-34	160	796	160	83088283	
-16875	-1620	3639	2026	-14393	-3123	3858	306	-32	161	801	161	83088283	
-17346	-706	2872	1159	-14759	-3353	3859	307	-30	162	806	162	83088283	
-17856	231	2039	207	-14857	-3490	3860	312	-24	163	811	163	83088284	
-18444	911	1104	-791	-14788	-3562	3861	311	-24	164	816	164	83088286	
-19042	1663	-118	-1782	-14455	-3564	3862	308	-22	165	821	165	83088299	
-19662	2119	-1704	-2563	-13793	-3515	3863	308	-21	166	826	166	83088320	
-20167	2428	-3298	-2976	-12850	-3463	3864	309	-17	167	831	167	83088320	
-20482	2800	-4828	-3111	-11784	-3435	3865	309	-17	168	836	168	83088321	
-20422	3404	-6464	-3013	-10282	-3456	3866	319	-13	169	841	169	83088321	
-19908	3826	-8308	-2741	-8538	-3599	3867	319	-12	170	846	170	83088323	
-19231	4124	-9600	-2483	-7305	-3708	3868	318	-8	171	851	171	83088323	
-18400	4390	-10390	-2220	-6323	-3762	3869	317	-8	172	856	172	83088331	
-17479	4567	-10474	-1909	-5603	-3748	3870	315	-9	173	861	173	83088357	
-16479	5382	-9855	-1700	-5221	-3714	3871	315	-8	174	866	174	83088357	
-15727	5500	-8573	-1675	-5395	-3634	3872	315	-3	175	871	175	83088357	
-15980	5328	-7076	-1755	-6185	-3520	3873	315	-3	176	876	176	83088357	
-16798	4944	-5685	-1698	-7176	-3382	3874	316	-4	177	881	177	83088357	
-17781	4320	-4044	-1407	-7930	-3304	3875	317	-2	178	886	178	83088357	
-18266	3490	-2585	-990	-8266	-3289	3876	319	1	179	891	179	83088361	
-18452	2544	-1234	-396	-8415	-3234	3877	321	0	180	896	180	83088377	
-18364	1744	-83	353	-8509	-3173	3878	323	-1	181	901	181	83088394	
-17995	1283	765	1085	-8572	-3147	3879	320	3	182	906	182	83088394	
-17548	1114	1255	1681	-8608	-3179	3880	314	10	183	911	183	83088394	
-17103	999	1219	2171	-8691	-3289	3881	315	10	184	916	184	83088394	
-16842	965	713	2397	-8753	-3441	3882	318	12	185	921	185	83088394	
-16628	828	363	2504	-8682	-3586	3883	318	12	186	926	186	83088395	
-16447	520	-85	2739	-8362	-3641	3884	318	10	187	931	187	83088403	
-16620	176	-454	2963	-7975	-3582	3885	318	12	188	936	188	83088430	
-16951	154	-892	3080	-7509	-3593	3886	319	15	189	941	189	83088455	
-16788	511	-1252	3101	-6949	-3769	3887	319	13	190	946	190	83088456	
-16258	980	-1569	3090	-6492	-3935	3888	319	9	191	951	191	83088456	
-15893	1409	-1940	3110	-6157	-4039	3889	321	9	192	956	192	83088456	
-15848	1777	-2073	3128	-5805	-3988	3890	324	10	193	961	193	83088456	
-15996	2062	-1964	3052	-5295	-3780	3892	322	12	194	966	194	83088456	
-15966	2253	-1606	2775	-4714	-3511	3893	319	13	195	971	195	83088473	
-15773	2362	-1228	2345	-4317	-3288	3894	319	18	196	976	196	83088490	
-15604	2468	-803	1785	-4182	-3092	3895	319	21	197	981	197	83088493	
-15673	2504	-408	1186	-4287	-2917	3896	322	20	198	986	198	83088493	
-15928	2449	58	511	-4487	-2758	3896	325	19	199	991	199	83088493	
-16263	2373	659	-279	-4703	-2624	3897	326	20	200	996	200	83088493	
-16534	2432	1210	-1025	-4914	-2531	3898	327	21	201	1001	201	83088493	
-16817	2465	1772	-1647	-5150	-2461	3900	324	21	202	1006	202	83088498	
-17073	2253	2175	-2001	-5323	-2379	3901	321	21	203	1011	203	83088522	
-17321	2078	2360	-2250	-5391	-2301	3902	319	20	204	1016	204	83088534	
-17512	1966	2319	-2506	-5402	-2226	3903	318	20	205	1021	205	83088535	
-17614	1977	2112	-2729	-5347	-2176	3904	326	24	206	1026	206	83088535	
-17542	2110	1877	-2871	-5209	-2143	3905	331	27	207	1031	207	83088535	
-17275	2240	1620	-2904	-5006	-2134	3906	331	28	208	1036	208	83088535	
-16953	2269	1393	-2849	-4770	-2153	3907	331	29	209	1041	209	83088535	
-16627	2152	1276	-2724	-4535	-2194	3908	327	28	210	1046	210	83088535	
-16236	1727	1156	-2507	-4344	-2272	3909	325	27	211	1051	211	83088536	
-15980	1381	1066	-2355	-4283	-2317	3910	328	32	212	1056	212	83088536	
-15874	1375	1056	-2271	-4273	-2337	3911	329	33	213	1061	213	83088536	
-15855	1266	1240	-2010	-4259	-2340	3912	326	34	214	1066	214	83088539	
-15932	919	1522	-1569	-4231	-2307	3913	324	34	215	1071	215	83088558	
-16140	425	1881	-1108	-4259	-2251	3914	326	35	216	1076	216	83088569	
-16463	-162	2374	-658	-4369	-2201	3915	327	35	217	1081	217	83088569	
-16890	-702	3088	-201	-4522	-2141	3916	325	35	218	1086	218	83088569	
-17323	-1232	3965	346	-4676	-2054	3917	323	35	219	1091	219	83088570	
-17570	-1730	4650	921	-4706	-1963	3918	318	30	220	1096	220	83088570	
-17791	-2333	5099	1554	-4578	-1903	3919	317	29	221	1101	221	83088570	
-17967	-2914	5418	2139	-4310	-1902	3920	326	36	222	1106	222	83088577	
-18021	-3479	5587	2559	-3939	-1971	3921	328	38	223	1111	223	83088601	
-18164	-3816	5523	2819	-3581	-2113	3922	330	40	224	1116	224	83088607	
-18286	-3965	5078	2984	-3285	-2280	3923	330	40	225	1121	225	83088607	
-18252	-4121	4452	3141	-3023	-2449	3924	324	38	226	1126	226	83088607	
-18262	-4007	3684	3368	-2775	-2610	3925	322	38	227	1131	227	83088607	
-18148	-3714	2906	3797	-2513	-2768	3926	323	35	228	1136	228	83088607	
-18030	-3401	2284	4191	-2356	-2876	3927	323	35	229	1141	229	83088607	
-18097	-3133	1726	4656	-2218	-2955	3928	327	37	230	1146	230	83088657	
-18091	-2820	1060	5110	-2036	-3012	3929	328	38	231	1151	231	83088683	
-18023	-2552	544	5466	-1809	-3029	3930	326	38	232	1156	232	83088687	
-18080	-2216	176	5716	-1623	-3037	3931	326	38	233	1161	233	83088687	
-18050	-2035	10	5889	-1435	-3037	3932	325	40	234	1166	234	83088687	
-18124	-1891	47	6011	-1262	-3028	3933	325	41	235	1171	235	83088687	
-18042	-1486	128	6147	-1067	-3003	3934	329	39	236	1176	236	83088687	
-18080	-1160	204	6359	-912	-2958	3935	329	39	237	1181	237	83088697	
-17792	-810	412	6609	-731	-2943	3936	331	39	238	1186	238	83088725	
-17530	-642	548	6795	-568	-2905	3937	331	39	239	1191	239	83088742	
-17398	-494	562	6881	-451	-2880	3938	323	43	240	1196	240	83088742	
-17236	-418	702	6837	-333	-2828	3939	323	43	241	1201	241	83088742	
-17216	-276	940	6703	-222	-2770	3940	329	41	242	1206	242	83088742	
-17116	-164	1270	6543	-116	-2681	3941	329	41	243	1211	243	83088743	
-17074	-247	1542	6443	-61	-2608	3942	326	43	244	1216	244	83088743	
-17006	-218	1838	6316	18	-2511	3943	325	43	245	1221	245	83088743	
-17004	-314	2072	6347	97	-2422	3944	325	41	246	1226	246	83088743	
-16942	-432	2342	6494	173	-2342	3945	325	41	247	1231	247	83088743	
-16894	-578	2426	6613	237	-2261	3946	327	39	248	1236	248	83088744	
-16732	-664	2558	6757	312	-2176	3947	327	39	249	1241	249	83088744	
-16618	-770	2584	6915	426	-2078	3948	332	36	250	1246	250	83088744	
-16404	-876	2688	7035	477	-1977	3949	332	36	251	1251	251	83088744	
-16294	-874	2774	7159	408	-1864	3950	329	39	252	1256	252	83088744	
-16174	-931	2777	7296	259	-1742	3951	329	38	253	1261	253	83088749	
-16012	-1042	2766	7312	74	-1654	3952	328	34	254	1266	254	83088768	
-15920	-1095	2844	7165	-113	-1599	3953	327	34	255	1271	255	83088768	
-15968	-1114	2899	6948	-281	-1578	3954	325	33	256	1276	256	83088768	
-16032	-933	2943	6751	-456	-1575	3955	326	33	257	1281	257	83088768	
-16136	-813	2926	6610	-589	-1599	3956	332	34	258	1286	258	83088768	
-16191	-659	2735	6520	-681	-1636	3957	333	35	259	1291	259	83088768	
-16278	-476	2858	6460	-736	-1674	3958	335	39	260	1296	260	83088768	
-16351	-400	2752	6427	-803	-1694	3959	334	39	261	1301	261	83088783	
-16418	-185	2702	6383	-854	-1704	3960	329	37	262	1306	262	83088807	
-16419	-189	2620	6327	-858	-1705	3961	328	38	263	1311	263	83088807	
-16490	-298	2516	6216	-828	-1691	3962	322	42	264	1316	264	83088807	
-16640	-373	2652	5990	-805	-1677	3963	323	41	265	1321	265	83088807	
-16686	-392	2735	5689	-804	-1652	3964	325	37	266	1326	266	83088807	
-16803	-464	2831	5435	-827	-1616	3965	326	38	267	1331	267	83088807	
-16826	-646	2710	5251	-890	-1587	3966	330	40	268	1336	268	83088809	
-16909	-662	2539	5088	-942	-1595	3967	330	38	269	1341	269	83088825	
-16801	-710	2394	5016	-939	-1619	3968	330	32	270	1346	270	83088847	
-16670	-676	2192	5016	-872	-1632	3969	328	35	271	1351	271	83088847	
-16538	-626	2012	5053	-784	-1623	3970	325	39	272	1356	272	83088847	
-16418	-482	1911	5074	-733	-1581	3971	327	35	273	1361	273	83088847	
-16311	-378	1831	5079	-730	-1513	3972	330	30	274	1366	274	83088847	
-16314	-417	1802	5092	-768	-1416	3973	329	31	275	1371	275	83088847	
-16374	-402	1792	5073	-873	-1313	3974	324	34	276	1376	276	83088849	
-16428	-429	1924	4967	-1012	-1260	3975	325	35	277	1381	277	83088862	
-16462	-474	1898	4881	-1139	-1257	3976	329	39	278	1386	278	83088884	
-16438	-560	1991	4848	-1238	-1287	3977	330	37	279	1391	279	83088884	
-16468	-619	2110	4831	-1367	-1343	3978	331	33	280	1396	280	83088884	
-16572	-661	2260	4839	-1555	-1397	3979	331	34	281	1401	281	83088884	
-16705	-744	2559	4859	-1760	-1440	3980	330	36	282	1406	282	83088885	
-16830	-909	2872	4849	-1952	-1478	3981	327	35	283	1411	283	83088885	
-16910	-1027	3031	4764	-2099	-1501	3982	322	34	284	1416	284	83088885	
-16915	-1132	3253	4588	-2164	-1517	3983	323	35	285	1421	285	83088895	
-16868	-1233	3388	4351	-2154	-1523	3985	325	37	286	1426	286	83088916	
-16837	-1263	3368	4132	-2086	-1513	3986	325	36	287	1431	287	83088922	
-16862	-1187	3212	4032	-1957	-1491	3987	325	35	288	1436	288	83088922	
-16926	-1087	2942	4029	-1841	-1443	3988	326	37	289	1441	289	83088922	
-17036	-987	2574	4089	-1775	-1358	3988	327	39	290	1446	290	83088922	
-17193	-913	2116	4175	-1754	-1242	3989	325	38	291	1451	291	83088922	
-17333	-939	1651	4198	-1735	-1121	3990	323	37	292	1456	292	83088926	
-17501	-990	1235	4101	-1688	-996	3991	324	38	293	1461	293	83088943	
-17714	-1095	962	3785	-1568	-866	3993	326	40	294	1466	294	83088959	
-18012	-1190	998	3173	-1437	-772	3994	325	40	295	1471	295	83088959	
-18319	-1247	1175	2392	-1298	-753	3995	324	40	296	1476	296	83088959	
-18406	-1439	1405	1502	-1045	-806	3996	328	41	297	1481	297	83088959	
-18355	-1546	1634	630	-737	-918	3997	331	41	298	1486	298	83088959	
-18309	-1469	1816	-55	-416	-1041	3998	333	38	299	1491	299	83088967	
-18157	-1349	1850	-430	-94	-1139	3999	334	36	300	1496	300	83088989	
-17920	-1167	1831	-497	191	-1181	4000	331	37	301	1501	301	83089001	
-17596	-865	1686	-336	396	-1155	4001	329	37	302	1506	302	83089001	
-17140	-576	1408	29	494	-1071	4002	330	35	303	1511	303	83089001	
-16736	-390	1383	404	388	-976	4003	330	34	304	1516	304	83089001	
-16589	-347	1493	678	191	-902	4004	331	35	305	1521	305	83089001	
-16466	-253	1544	893	-66	-858	4005	331	35	306	1526	306	83089001	
-16355	-169	1658	965	-346	-840	4006	328	37	307	1531	307	83089006	
-16241	-121	1853	912	-588	-866	4007	326	38	308	1536	308	83089027	
-16144	-110	2126	852	-770	-944	4008	324	40	309	1541	309	83089038	
-16071	-4	2568	872	-893	-1059	4009	322	42	310	1546	310	83089038	
-15886	166	2974	1097	-996	-1183	4010	323	40	311	1551	311	83089038	
-15727	353	3157	1554	-1029	-1274	4011	323	39	312	1556	312	83089038	
-15529	464	3256	2212	-1009	-1333	4012	324	35	313	1561	313	83089038	
-15500	644	3231	3047	-959	-1327	4013	324	34	314	1566	314	83089038	
-15587	606	3279	3889	-907	-1268	4014	327	39	315	1571	315	83089068	
-15648	637	3227	4543	-851	-1157	4015	328	40	316	1576	316	83089086	
-15751	472	3239	4940	-749	-1032	4016	323	37	317	1581	317	83089088	
-15798	201	3248	5070	-616	-913	4017	322	36	318	1586	318	83089088	
-15839	-56	3395	4968	-494	-840	4018	332	38	319	1591	319	83089088	
-15908	-504	3652	4706	-347	-794	4019	335	39	320	1596	320	83089088	
-15911	-786	3807	4473	-243	-754	4020	329	37	321	1601	321	83089088	
-15835	-1042	4083	4177	-152	-717	4021	328	36	322	1606	322	83089088	
-15875	-1148	4269	3899	-52	-683	4022	327	35	323	1611	323	83089110	
-15780	-1165	4375	3709	12	-661	4023	327	35	324	1616	324	83089124	
-15784	-1262	4354	3629	18	-630	4024	327	33	325	1621	325	83089126	
-15838	-1406	4331	3584	-49	-568	4025	327	33	326	1626	326	83089126	
-15916	-1498	4280	3514	-145	-490	4026	327	30	327	1631	327	83089126	
-15942	-1614	4106	3341	-243	-399	4027	327	29	328	1636	328	83089126	
-16004	-1548	4132	3105	-342	-345	4028	325	39	329	1641	329	83089126	
-16004	-1686	4004	2837	-429	-293	4029	325	39	330	1646	330	83089126	
-16014	-1748	4106	2443	-514	-265	4030	327	37	331	1651	331	83089126	
-16174	-1566	3914	1983	-586	-254	4031	327	37	332	1656	332	83089127	
-16204	-1568	3766	1548	-638	-244	4032	327	39	333	1661	333	83089134	
-16252	-1442	3880	1092	-685	-258	4033	327	39	334	1666	334	83089163	
-16332	-1208	3780	624	-731	-262	4034	323	37	335	1671	335	83089163	
-16302	-866	3714	260	-753	-273	4035	323	37	336	1676	336	83089163	
-16240	-640	3590	3	-785	-287	4036	326	30	337	1681	337	83089164	
-16070	-446	3418	-148	-845	-302	4037	326	30	338	1686	338	83089164	
-15972	-248	3430	-238	-910	-284	4038	325	41	339	1691	339	83089164	
-15904	-114	3498	-268	-963	-253	4039	325	41	340	1696	340	83089164	
