-15081	-617	9927	-3231	1917	-1757	-243	105	171	1	1	1	14258505	
-14985	-1103	9684	-3817	1915	-1529	-239	103	167	2	6	2	14258505	
-14556	-1589	9506	-4375	1935	-1280	-238	102	166	3	11	3	14258505	
-13504	-2090	9376	-4982	1875	-1003	-237	103	169	4	16	4	14258505	
-12748	-2468	9614	-5427	1753	-769	-237	103	169	5	21	5	14258505	
-12536	-2662	9780	-5805	1621	-525	-237	103	169	6	26	6	14258534	
-12762	-2558	9832	-6223	1551	-256	-237	103	169	7	31	7	14258544	
-13230	-2330	9809	-6463	1476	-44	-238	109	172	8	36	8	14258545	
-13846	-1908	9801	-6600	1485	247	-238	110	172	9	41	9	14258546	
-14582	-1313	9845	-6584	1529	522	-231	103	178	10	46	10	14258547	
-15188	-865	9787	-6221	1605	754	-229	101	179	11	51	11	14258547	
-15534	-379	9695	-5584	1669	888	-232	101	179	12	56	12	14258553	
-15720	192	9590	-4630	1716	1012	-233	101	179	13	61	13	14258579	
-15638	398	9664	-3803	1775	1147	-235	101	181	14	66	14	14258579	
-15500	570	9890	-3130	1838	1300	-235	101	181	15	71	15	14258580	
-15688	50	9122	-2449	2031	1367	-233	103	175	16	76	16	14258580	
-16014	-160	8916	-2222	2969	1122	-233	103	175	17	81	17	14258580	
-15748	-292	8960	-2173	3894	861	-231	103	179	18	86	18	14258580	
-15793	-464	8930	-2142	4261	741	-231	103	179	19	91	19	14258613	
-15887	-660	8930	-2045	4692	567	-229	103	182	20	96	20	14258624	
-15682	-464	9482	-1850	5228	278	-229	103	183	21	101	21	14258626	
-15452	198	9596	-1597	5598	1	-229	107	177	22	106	22	14258626	
-15118	560	9638	-1223	5926	-191	-229	107	177	23	111	23	14258626	
-14708	986	9738	-800	6226	-385	-226	108	180	24	116	24	14258626	
-14152	1460	9590	-371	6479	-547	-226	108	180	25	121	25	14258626	
-14036	1754	9820	70	6671	-596	-230	108	178	26	126	26	14258626	
-14148	1578	9666	449	6811	-553	-230	108	178	27	131	27	14258655	
-14394	806	8940	824	7023	-483	-228	106	178	28	136	28	14258655	
-14634	-776	7828	979	7231	-414	-228	106	178	29	141	29	14258655	
-15310	-2814	7558	900	7251	-437	-226	110	172	30	146	30	14258655	
-16162	-4354	8008	783	7355	-581	-226	110	172	31	151	31	14258655	
-16174	-4460	8024	471	7850	-897	-226	114	174	32	156	32	14258655	
-15834	-3242	8122	27	8347	-1269	-226	114	174	33	161	33	14258655	
-15616	-2178	8388	-182	8662	-1476	-223	113	175	34	166	34	14258697	
-15398	-1270	8572	-36	8933	-1630	-223	113	175	35	171	35	14258697	
-15062	-692	8548	367	9165	-1682	-225	119	171	36	176	36	14258697	
-14766	-398	8390	933	9379	-1641	-225	119	171	37	181	37	14258697	
-14835	-257	8144	1541	9529	-1464	-229	121	173	38	186	38	14258697	
-15006	-333	8084	1930	9686	-1290	-228	121	172	39	191	39	14258698	
-15326	-538	8132	2259	9857	-1111	-225	123	169	40	196	40	14258698	
-15788	-1154	7770	2660	9976	-855	-225	123	169	41	201	41	14258704	
-16058	-1788	7218	2868	10219	-619	-228	128	168	42	206	42	14258749	
-15954	-2106	7438	2749	10595	-485	-228	128	168	43	211	43	14258750	
-15304	-2028	7772	2577	10823	-342	-226	128	166	44	216	44	14258750	
-14734	-1816	7840	2465	10911	-168	-226	128	166	45	221	45	14258750	
-14337	-1851	7636	2303	10915	39	-226	132	164	46	226	46	14258750	
-14220	-1570	7316	2133	10932	180	-227	132	163	47	231	47	14258750	
-14468	-1288	6988	2051	11084	257	-229	133	161	48	236	48	14258752	
-14605	-799	7067	1939	11385	290	-229	133	161	49	241	49	14258760	
-14850	-316	6939	2007	11645	304	-227	131	159	50	246	50	14258786	
-15222	-4	6804	2099	11832	330	-227	131	159	51	251	51	14258786	
-15688	292	6980	2107	12092	390	-230	134	160	52	256	52	14258787	
-15958	560	6642	2167	12366	434	-230	134	160	53	261	53	14258787	
-16186	776	6940	2121	12732	459	-226	138	154	54	266	54	14258787	
-16365	718	6595	2265	13017	496	-226	139	153	55	271	55	14258787	
-16481	166	6110	2518	13285	545	-227	141	151	56	276	56	14258793	
-16702	-789	5949	2595	13491	559	-227	140	151	57	281	57	14258817	
-17006	-1492	5824	2567	13692	546	-228	136	150	58	286	58	14258826	
-17229	-1838	5759	2456	13992	490	-228	137	148	59	291	59	14258826	
-16850	-1835	5962	2065	14395	423	-230	140	142	60	296	60	14258826	
-16292	-1612	6400	1683	14693	384	-230	140	142	61	301	61	14258826	
-15786	-964	6848	1223	14851	383	-230	146	144	62	306	62	14258826	
-15645	-272	6525	833	15074	504	-230	146	144	63	311	63	14258827	
-15823	-17	5928	669	15381	585	-232	146	144	64	316	64	14258827	
-16025	147	5316	605	15804	589	-232	146	143	65	321	65	14258827	
-16053	117	5245	608	16213	618	-231	147	139	66	326	66	14258839	
-15974	284	5400	730	16639	650	-232	149	138	67	331	67	14258891	
-16291	487	5345	1013	17095	687	-237	155	133	68	336	68	14258904	
-16816	1056	5039	1271	17502	701	-236	154	133	69	341	69	14258904	
-17283	1420	4578	1472	18049	762	-233	151	133	70	346	70	14258904	
-17603	1444	4261	1655	18661	827	-233	153	132	71	351	71	14258904	
-17505	1371	4434	1736	19181	877	-233	157	129	72	356	72	14258904	
-17362	1310	4698	1907	19758	913	-232	157	128	73	361	73	14258904	
-17684	1017	4322	2242	20266	925	-228	156	122	74	366	74	14258905	
-17990	311	3906	2567	20811	931	-229	156	122	75	371	75	14258906	
-18139	-787	3168	2787	21350	894	-234	158	124	76	376	76	14258912	
-19312	-2339	477	3087	22272	718	-234	158	122	77	381	77	14258912	
-22834	-4098	-4976	4482	25497	-28	-236	160	114	78	386	78	14258912	
-21185	-5884	-2880	8060	31907	-1846	-236	161	113	79	391	79	14258913	
-14814	-3214	5326	9448	32167	-3025	-234	164	108	80	396	80	14258913	
-16001	294	5172	9156	30631	-2151	-234	166	104	81	401	81	14258913	
-15526	738	7238	8454	28609	-830	-233	169	97	82	406	82	14258913	
-15434	657	8322	7229	25938	201	-233	170	96	83	411	83	14258913	
-16463	1987	8157	5202	23642	1145	-234	176	94	84	416	84	14258921	
-17164	2437	8737	3328	22980	1622	-235	175	93	85	421	85	14258952	
-17624	1981	9691	1988	22910	1915	-239	173	87	86	426	86	14258954	
-17968	1537	8952	765	23195	2012	-239	172	86	87	431	87	14258955	
-18466	1202	10499	-500	23929	1864	-240	168	84	88	436	88	14258955	
-19299	348	14937	-1347	24473	1544	-240	169	81	89	441	89	14258955	
-20185	-1333	17219	-1556	24681	1075	-239	171	77	90	446	90	14258955	
-21261	-3248	14977	-483	25000	315	-240	173	75	91	451	91	14258955	
-23837	-3904	13586	735	25175	-779	-241	175	73	92	456	92	14258973	
-27313	-2285	11677	979	24820	-1833	-240	176	72	93	461	93	14258999	
-29795	261	9433	739	24259	-2647	-239	179	69	94	466	94	14258999	
-31267	1881	7520	216	23500	-3379	-240	179	67	95	471	95	14258999	
-30134	2066	5792	-22	22609	-3788	-242	178	60	96	476	96	14258999	
-27635	2449	3320	192	22031	-3669	-244	178	60	97	481	97	14259000	
-25191	2178	1313	861	21641	-3401	-248	178	60	98	486	98	14259000	
-22789	892	-94	1291	21341	-3273	-245	178	58	99	491	99	14259000	
-20646	228	-1182	1430	21034	-3395	-240	178	56	100	496	100	14259018	
-19589	1175	-3572	1805	20678	-3644	-241	179	55	101	501	101	14259044	
-18490	2683	-6172	2272	20296	-3646	-242	180	54	102	506	102	14259044	
-16491	2181	-7490	2908	19804	-3192	-243	178	51	103	511	103	14259044	
-14162	221	-7537	3717	19241	-2516	-245	173	45	104	516	104	14259045	
-11946	738	-7353	4576	18649	-2070	-247	173	46	105	521	105	14259045	
-12128	2746	-8338	5482	18231	-1969	-249	173	47	106	526	106	14259045	
-14045	2094	-5678	6657	17655	-2010	-247	175	42	107	531	107	14259058	
-15136	-1357	8034	7469	15979	-2129	-245	179	35	108	536	108	14259094	
-15422	-3932	23491	7022	12412	-1774	-245	178	32	109	541	109	14259117	
-17026	-3126	24316	6469	8977	-681	-246	176	28	110	546	110	14259117	
-20650	-1428	19568	7745	6529	290	-248	175	28	111	551	111	14259117	
-22730	-1233	20599	8200	3246	457	-251	173	29	112	556	112	14259118	
-19890	-1154	22191	6187	-494	676	-252	172	30	113	561	113	14259118	
-16847	-1433	21133	4764	-3352	950	-252	172	30	114	566	114	14259118	
-13838	-2675	19382	3846	-5910	1065	-254	170	31	115	571	115	14259118	
-10658	-4506	18144	3000	-8420	1014	-257	167	33	116	576	116	14259118	
-8649	-5722	17365	2054	-10859	987	-259	166	31	117	581	117	14259133	
-7612	-6459	15946	1005	-13104	1147	-261	165	27	118	586	118	14259155	
-6715	-6781	14102	58	-15029	1506	-264	163	25	119	591	119	14259155	
-6223	-6374	12747	-867	-17029	1883	-269	161	23	120	596	120	14259156	
-6834	-5530	12710	-1821	-18975	2294	-270	159	29	121	601	121	14259156	
-8240	-4764	12908	-2535	-20481	2638	-271	157	33	122	606	122	14259156	
-10160	-3956	12203	-2797	-21642	2715	-273	159	38	123	611	123	14259156	
-12318	-3326	10666	-2514	-22409	2541	-275	161	41	124	616	124	14259156	
-14211	-2678	9225	-1934	-22900	2301	-283	159	41	125	621	125	14259156	
-15972	-1937	7963	-1294	-23359	2092	-290	156	40	126	626	126	14259156	
-17716	-1192	6805	-673	-23909	1967	-292	153	40	127	631	127	14259156	
-19017	-434	5956	-164	-24548	1943	-296	148	40	128	636	128	14259156	
-19856	257	5191	187	-25380	1986	-301	142	47	129	641	129	14259156	
-20180	562	4843	585	-26320	2080	-305	135	53	130	646	130	14259161	
-20120	586	4479	1379	-27297	2196	-308	136	51	131	651	131	14259165	
-19880	326	3880	2516	-28249	2306	-310	136	50	132	656	132	14259166	
-19332	-208	4209	3937	-29014	2364	-318	134	52	133	661	133	14259171	
-18707	-584	5291	5322	-29750	2429	-324	132	54	134	666	134	14259187	
-18396	-608	5765	6070	-30343	2506	-328	129	54	135	671	135	14259195	
-18497	-688	5406	6517	-30736	2541	-332	126	54	136	676	136	14259195	
-19006	-1036	4227	7312	-30860	2467	-336	121	53	137	681	137	14259195	
-19430	-1231	3202	8359	-30771	2325	-340	116	52	138	686	138	14259195	
-19865	-1152	2230	8722	-30685	2187	-348	109	45	139	691	139	14259195	
-20447	-1031	848	8471	-30454	2030	-353	105	41	140	696	140	14259195	
-20978	-972	-270	8150	-30133	1886	-355	104	42	141	701	141	14259211	
-21277	-1069	-899	7936	-29909	1819	-356	104	42	142	706	142	14259228	
-21630	-1384	-1272	7814	-29731	1793	-364	102	35	143	711	143	14259232	
-22117	-1546	-1564	7658	-29419	1808	-369	101	31	144	716	144	14259232	
-22413	-1860	-1997	7417	-28938	1900	-370	94	26	145	721	145	14259232	
-22517	-2277	-2389	7135	-28461	2043	-370	90	22	146	726	146	14259232	
-22378	-2622	-2256	6998	-28098	2150	-375	85	18	147	731	147	14259232	
-22204	-2386	-1644	6753	-27885	2249	-379	81	15	148	736	148	14259237	
-22102	-1954	-228	6192	-27641	2372	-380	77	9	149	741	149	14259258	
-22394	-1653	448	5502	-27285	2462	-381	75	5	150	746	150	14259270	
-22828	-1485	-32	4729	-26715	2477	-383	72	-3	151	751	151	14259270	
-23216	-1552	-1377	3798	-26031	2407	-384	70	-8	152	756	152	14259271	
-23512	-1833	-3312	2799	-25301	2200	-380	71	-18	153	761	153	14259271	
-23498	-2128	-5811	1890	-24394	1881	-377	71	-25	154	766	154	14259271	
-23090	-2301	-8173	1277	-23473	1659	-377	68	-33	155	771	155	14259271	
-22418	-2385	-10202	808	-22558	1536	-377	67	-35	156	776	156	14259293	
-21662	-2626	-11372	373	-21783	1515	-377	66	-42	157	781	157	14259307	
-20870	-2846	-12314	-224	-20944	1522	-377	65	-45	158	786	158	14259312	
-20184	-3059	-12612	-1231	-19989	1570	-375	67	-49	159	791	159	14259312	
-19606	-3224	-12004	-2467	-18946	1631	-373	69	-51	160	796	160	14259312	
-19273	-3005	-11042	-3642	-17754	1559	-369	70	-59	161	801	161	14259312	
-19014	-2327	-10424	-4889	-16086	1243	-367	71	-65	162	806	162	14259312	
-18923	-1971	-10546	-5367	-14326	734	-360	75	-67	163	811	163	14259312	
-18892	-1703	-10722	-4658	-12722	-16	-358	76	-68	164	816	164	14259340	
-18968	-925	-10668	-3568	-11161	-881	-356	80	-75	165	821	165	14259347	
-19166	-650	-11081	-2557	-9405	-1730	-355	81	-77	166	826	166	14259347	
-19372	-664	-12249	-1193	-7629	-2533	-350	89	-83	167	831	167	14259347	
-19823	-581	-13231	128	-6211	-3188	-349	91	-85	168	836	168	14259348	
-20286	-546	-14137	1601	-4759	-3924	-342	100	-88	169	841	169	14259348	
-20034	-805	-14882	3272	-3296	-4724	-338	106	-90	170	846	170	14259348	
-18011	-2793	-15136	4763	-1543	-4817	-334	111	-99	171	851	171	14259353	
-18478	-3211	-14781	4909	86	-4143	-332	112	-102	172	856	172	14259379	
-18666	-2807	-13642	4318	1727	-3947	-322	120	-108	173	861	173	14259385	
-18939	-2243	-12519	3714	3222	-3929	-320	122	-110	174	866	174	14259385	
-19735	-2031	-12477	3266	4734	-3968	-317	130	-112	175	871	175	14259385	
-20247	-2530	-13150	3310	6332	-4080	-316	132	-112	176	876	176	14259385	
-20668	-3063	-13546	3509	7816	-4271	-314	136	-116	177	881	177	14259385	
-21064	-3321	-13662	3485	8999	-4448	-313	137	-117	178	886	178	14259385	
-21660	-3216	-13528	2876	10432	-4554	-307	140	-122	179	891	179	14259400	
-22372	-3184	-13365	1579	11893	-4529	-305	141	-123	180	896	180	14259425	
-23023	-3336	-13848	-63	13315	-4456	-300	143	-133	181	901	181	14259430	
-23683	-3626	-14659	-1352	14634	-4494	-299	143	-135	182	906	182	14259431	
-23739	-4474	-9952	-1077	15582	-4773	-291	148	-132	183	911	183	14259432	
-24283	-9233	-420	1279	15736	-5729	-289	149	-131	184	916	184	14259432	
-25654	-5777	-13328	6072	16672	-7012	-290	150	-138	185	921	185	14259433	
-28693	5178	-26533	6000	19645	-6663	-290	150	-140	186	926	186	14259433	
-28677	3396	-20832	2802	22676	-6614	-284	151	-144	187	931	187	14259460	
-23294	-2806	-14046	7951	23154	-7822	-283	151	-145	188	936	188	14259467	
-22242	-856	-10978	11664	22237	-7346	-281	155	-148	189	941	189	14259467	
-21750	833	-5575	12007	21798	-6740	-280	156	-148	190	946	190	14259467	
-20469	715	705	11514	21075	-6254	-276	155	-152	191	951	191	14259468	
-19616	343	5408	10381	20012	-5855	-275	155	-153	192	956	192	14259468	
-18720	961	7248	9002	18947	-5332	-265	149	-163	193	961	193	14259468	
-18373	2646	6400	8299	17503	-4764	-263	147	-165	194	966	194	14259468	
-18982	5642	3755	7636	15732	-4151	-260	149	-173	195	971	195	14259468	
-18182	6018	2810	7010	13896	-3238	-259	149	-175	196	976	196	14259496	
-16442	3838	652	8241	12562	-2451	-259	141	-173	197	981	197	14259505	
-16830	1304	-3430	10209	11380	-1795	-259	141	-173	198	986	198	14259505	
-16636	-1830	-5666	11543	10754	-1573	-257	139	-179	199	991	199	14259505	
-15131	-2787	-3934	11812	9598	-1569	-257	139	-179	200	996	200	14259505	
-14568	-2813	-1122	10405	7973	-1590	-246	142	-185	201	1001	201	14259505	
-14000	-2945	544	8394	7029	-1687	-243	143	-187	202	1006	202	14259505	
-12959	-1500	494	6448	6589	-1807	-243	138	-190	203	1011	203	14259505	
-12608	924	-488	4164	6174	-1840	-243	137	-191	204	1016	204	14259547	
-13090	1458	-1480	3546	5858	-1870	-248	136	-194	205	1021	205	14259547	
-13684	640	-2392	4114	5411	-1999	-248	136	-194	206	1026	206	14259547	
-14396	-1308	-3130	5285	4887	-2095	-239	133	-197	207	1031	207	14259547	
-15108	-4170	-3712	6344	4365	-2186	-239	133	-197	208	1036	208	14259547	
-15920	-6932	-3812	6774	3776	-2309	-235	127	-199	209	1041	209	14259547	
-17048	-8516	-3300	6202	3177	-2465	-235	127	-199	210	1046	210	14259547	
-17920	-8769	-2465	4931	2774	-2601	-229	131	-203	211	1051	211	14259555	
-18696	-8362	-1645	3235	2419	-2735	-228	132	-204	212	1056	212	14259579	
-18936	-7568	-1074	1308	2080	-2692	-233	133	-207	213	1061	213	14259586	
-18726	-6898	-1332	95	1848	-2461	-233	133	-207	214	1066	214	14259586	
-18342	-6320	-1582	-980	1622	-2201	-232	136	-216	215	1071	215	14259586	
-17372	-5814	-1316	-1739	1475	-2049	-232	136	-216	216	1076	216	14259586	
-16232	-5214	-776	-2127	1327	-1938	-229	127	-209	217	1081	217	14259586	
-15178	-4514	-150	-2370	1236	-1815	-229	127	-209	218	1086	218	14259586	
-14736	-3614	454	-2461	1169	-1695	-234	132	-208	219	1091	219	14259595	
-14884	-2478	746	-2333	1183	-1623	-234	132	-208	220	1096	220	14259623	
-15314	-1056	1206	-2024	1298	-1605	-235	139	-203	221	1101	221	14259623	
-15752	-254	1474	-1672	1380	-1574	-235	139	-203	222	1106	222	14259623	
-16226	238	1442	-966	1380	-1545	-229	131	-205	223	1111	223	14259623	
-16854	500	1158	-157	1314	-1535	-229	131	-205	224	1116	224	14259624	
-17382	610	780	737	1247	-1563	-233	131	-207	225	1121	225	14259624	
-17698	482	880	1695	1130	-1562	-233	131	-207	226	1126	226	14259624	
-17710	460	1466	2327	906	-1501	-227	135	-211	227	1131	227	14259651	
