-16050	-3940	-1138	1772	1697	-1968	-64	180	-90	1	1	1	14259905	
-16084	-3860	-1318	1805	1755	-2103	-62	180	-94	2	6	2	14259905	
-15878	-3744	-1362	1855	1854	-2247	-62	180	-94	3	11	3	14259905	
-15642	-3590	-1378	1939	1972	-2362	-59	185	-89	4	16	4	14259905	
-15340	-3443	-1424	2038	2080	-2465	-59	184	-90	5	21	5	14259906	
-14950	-3257	-1412	2118	2165	-2555	-61	179	-95	6	26	6	14259906	
-14610	-3039	-1292	2236	2199	-2637	-62	180	-94	7	31	7	14259906	
-14268	-2899	-1283	2404	2187	-2725	-65	183	-89	8	36	8	14259906	
-14022	-2796	-1318	2602	2116	-2796	-64	182	-90	9	41	9	14259906	
-13988	-2777	-1264	2779	1996	-2836	-60	180	-92	10	46	10	14259906	
-13938	-2720	-1304	2940	1884	-2901	-60	180	-92	11	51	11	14259906	
-14054	-2736	-1300	3140	1738	-2949	-64	176	-94	12	56	12	14259914	
-14306	-2810	-1288	3319	1591	-2994	-63	176	-95	13	61	13	14259914	
-14525	-2952	-1334	3400	1529	-3002	-61	177	-97	14	66	14	14259916	
-14716	-3111	-1503	3419	1498	-3011	-60	178	-97	15	71	15	14259927	
-14938	-3267	-1618	3394	1473	-3029	-57	181	-97	16	76	16	14259943	
-15200	-3463	-1720	3322	1474	-3035	-57	181	-96	17	81	17	14259944	
-15426	-3616	-1937	3220	1474	-3020	-55	179	-93	18	86	18	14259944	
-15648	-3710	-2146	3106	1465	-2996	-55	179	-94	19	91	19	14259944	
-15899	-3759	-2144	2975	1466	-2964	-56	180	-96	20	96	20	14259945	
-16119	-3744	-2293	2893	1472	-2909	-57	179	-96	21	101	21	14259952	
-16299	-3586	-2305	2863	1504	-2850	-59	177	-95	22	106	22	14259968	
-16427	-3407	-2350	2939	1565	-2796	-59	176	-95	23	111	23	14259984	
-16469	-3241	-2446	3111	1667	-2759	-59	175	-95	24	116	24	14259984	
-16418	-3127	-2458	3350	1809	-2723	-61	173	-96	25	121	25	14259984	
-16290	-3140	-2368	3671	1956	-2662	-64	170	-98	26	126	26	14259984	
-16131	-3211	-2265	4007	2070	-2589	-63	172	-99	27	131	27	14259984	
-15977	-3263	-2207	4331	2117	-2516	-60	176	-100	28	136	28	14259985	
-15797	-3417	-2232	4726	2121	-2436	-59	177	-99	29	141	29	14259993	
-15724	-3656	-2172	5080	2081	-2318	-54	178	-96	30	146	30	14260022	
-15723	-3893	-2135	5324	2024	-2180	-52	176	-96	31	151	31	14260029	
-15766	-4150	-2054	5467	1947	-2007	-50	174	-96	32	156	32	14260030	
-15798	-4475	-2080	5483	1866	-1840	-50	176	-98	33	161	33	14260030	
-15938	-4757	-2102	5385	1797	-1688	-50	178	-100	34	166	34	14260030	
-16098	-5039	-2090	5189	1742	-1508	-52	176	-98	35	171	35	14260030	
-16217	-5298	-2043	4920	1696	-1296	-54	174	-96	36	176	36	14260030	
-16322	-5493	-2043	4585	1671	-1091	-50	173	-96	37	181	37	14260040	
-16400	-5719	-2054	4136	1687	-884	-45	171	-97	38	186	38	14260061	
-16364	-5912	-2025	3610	1706	-670	-47	175	-96	39	191	39	14260066	
-16312	-6086	-1997	3101	1708	-451	-48	178	-96	40	196	40	14260067	
-16203	-6192	-1950	2597	1705	-233	-47	178	-97	41	201	41	14260067	
-16143	-6241	-1878	2097	1707	-29	-46	178	-98	42	206	42	14260067	
-16030	-6266	-1860	1624	1710	172	-50	173	-96	43	211	43	14260068	
-15873	-6255	-1875	1251	1687	355	-52	170	-94	44	216	44	14260068	
-15723	-6236	-1906	933	1646	533	-54	172	-96	45	221	45	14260068	
-15526	-6188	-1979	605	1598	734	-56	176	-98	46	226	46	14260075	
-15310	-6119	-2019	354	1551	906	-52	174	-98	47	231	47	14260094	
-15103	-6093	-2068	216	1525	1021	-50	172	-98	48	236	48	14260103	
-14858	-6064	-2104	142	1516	1125	-51	171	-96	49	241	49	14260103	
-14627	-6097	-2024	95	1513	1230	-51	171	-95	50	246	50	14260103	
-14347	-6185	-2011	80	1507	1314	-53	170	-98	51	251	51	14260103	
-14083	-6282	-1932	101	1496	1355	-54	170	-100	52	256	52	14260103	
-13824	-6392	-1861	125	1470	1357	-53	169	-98	53	261	53	14260104	
-13567	-6482	-1804	123	1418	1345	-52	168	-96	54	266	54	14260114	
-13399	-6538	-1822	128	1337	1354	-48	170	-98	55	271	55	14260136	
-13264	-6554	-1813	105	1260	1358	-46	170	-98	56	276	56	14260141	
-13161	-6609	-1736	56	1217	1332	-52	168	-100	57	281	57	14260141	
-13070	-6595	-1785	-5	1181	1314	-54	168	-100	58	286	58	14260142	
-12942	-6756	-1741	-76	1121	1295	-56	169	-102	59	291	59	14260142	
-12909	-6872	-1748	-170	1039	1276	-57	169	-103	60	296	60	14260142	
-12883	-6994	-1709	-273	964	1255	-56	172	-100	61	301	61	14260147	
-12858	-7086	-1697	-421	880	1230	-55	173	-99	62	306	62	14260169	
-12919	-7078	-1637	-672	825	1198	-57	175	-98	63	311	63	14260182	
-13024	-6994	-1670	-909	776	1169	-58	176	-98	64	316	64	14260182	
-13076	-6886	-1705	-1106	719	1144	-57	167	-99	65	321	65	14260182	
-13103	-6848	-1800	-1278	697	1154	-57	165	-99	66	326	66	14260182	
-13159	-6786	-1697	-1441	697	1136	-55	171	-97	67	331	67	14260183	
-13159	-6729	-1709	-1529	657	1084	-54	172	-96	68	336	68	14260183	
-13262	-6665	-1720	-1547	591	1052	-52	165	-103	69	341	69	14260189	
-13358	-6590	-1792	-1566	533	1054	-51	163	-105	70	346	70	14260213	
-13358	-6618	-1766	-1549	502	1077	-58	162	-102	71	351	71	14260219	
-13384	-6704	-1804	-1476	495	1081	-58	162	-102	72	356	72	14260219	
-13372	-6670	-1892	-1428	433	1029	-62	166	-102	73	361	73	14260219	
-13424	-6688	-1842	-1359	379	991	-62	166	-102	74	366	74	14260219	
-13488	-6646	-1834	-1244	315	972	-57	163	-101	75	371	75	14260219	
-13500	-6598	-1890	-1142	239	973	-57	163	-101	76	376	76	14260219	
-13550	-6650	-1974	-1022	175	970	-53	167	-99	77	381	77	14260227	
-13565	-6705	-1866	-881	129	947	-53	167	-99	78	386	78	14260253	
-13477	-6777	-1889	-749	102	909	-56	164	-101	79	391	79	14260258	
-13492	-6758	-1794	-667	94	823	-57	163	-101	80	396	80	14260259	
-13384	-6814	-1692	-618	53	751	-58	162	-100	81	401	81	14260259	
-13120	-6874	-1718	-585	-10	719	-58	162	-100	82	406	82	14260259	
-13006	-7012	-1648	-625	-92	660	-61	161	-103	83	411	83	14260260	
-12882	-7088	-1686	-687	-219	620	-61	161	-103	84	416	84	14260260	
-12804	-7116	-1686	-765	-401	553	-57	165	-99	85	421	85	14260277	
-12744	-7048	-1714	-867	-588	482	-57	165	-99	86	426	86	14260297	
-12690	-6970	-1678	-963	-745	390	-56	162	-100	87	431	87	14260297	
-12718	-7026	-1613	-1061	-915	330	-57	163	-100	88	436	88	14260297	
-12725	-7043	-1632	-1177	-1071	303	-62	166	-100	89	441	89	14260297	
-12723	-7079	-1636	-1311	-1219	265	-62	165	-100	90	446	90	14260297	
-12774	-7075	-1682	-1468	-1359	203	-64	160	-100	91	451	91	14260299	
-12830	-7040	-1681	-1623	-1485	141	-63	160	-99	92	456	92	14260320	
-12934	-7004	-1583	-1764	-1601	90	-57	159	-97	93	461	93	14260378	
-13008	-6983	-1636	-1863	-1711	36	-57	158	-98	94	466	94	14260378	
-13046	-6910	-1688	-1947	-1808	-29	-57	155	-105	95	471	95	14260378	
-13104	-6828	-1854	-1986	-1902	-132	-57	155	-105	96	476	96	14260378	
-13126	-6650	-1951	-2016	-1990	-257	-63	161	-99	97	481	97	14260379	
-13166	-6412	-2007	-1969	-2049	-363	-62	160	-99	98	486	98	14260379	
-13161	-6217	-2113	-1845	-2096	-485	-59	157	-97	99	491	99	14260379	
-13064	-6107	-2200	-1693	-2101	-611	-60	158	-99	100	496	100	14260387	
-12847	-5962	-2073	-1510	-2124	-764	-65	163	-105	101	501	101	14260423	
-12794	-5750	-2040	-1276	-2149	-911	-64	163	-104	102	506	102	14260430	
-12735	-5622	-2033	-1043	-2204	-1063	-61	161	-101	103	511	103	14260432	
-12829	-5515	-1956	-837	-2346	-1173	-62	160	-101	104	516	104	14260432	
-13088	-5524	-2048	-686	-2543	-1244	-63	157	-99	105	521	105	14260433	
-13386	-5577	-2229	-661	-2671	-1306	-65	158	-97	106	526	106	14260434	
-13693	-5587	-2386	-724	-2695	-1363	-67	159	-93	107	531	107	14260435	
-13906	-5542	-2491	-838	-2596	-1408	-66	159	-95	108	536	108	14260435	
-13947	-5422	-2613	-970	-2389	-1470	-64	158	-98	109	541	109	14260435	
-13827	-5133	-2727	-1103	-2131	-1545	-65	157	-97	110	546	110	14260435	
-13549	-4700	-2769	-1218	-1871	-1637	-66	154	-94	111	551	111	14260435	
-13069	-4145	-2747	-1314	-1578	-1744	-67	153	-95	112	556	112	14260435	
-12418	-3615	-2697	-1333	-1312	-1835	-70	148	-98	113	561	113	14260435	
-11924	-3198	-2594	-1287	-1113	-1908	-70	149	-101	114	566	114	14260435	
-11461	-2891	-2556	-1196	-950	-1992	-71	151	-105	115	571	115	14260437	
-11004	-2668	-2586	-1089	-804	-2087	-70	150	-102	116	576	116	14260443	
-10517	-2506	-2556	-990	-663	-2182	-68	148	-98	117	581	117	14260448	
-10027	-2291	-2496	-895	-524	-2272	-70	149	-100	118	586	118	14260448	
-9629	-1992	-2373	-834	-417	-2361	-72	150	-104	119	591	119	14260448	
-9256	-1693	-2193	-834	-359	-2454	-71	150	-105	120	596	120	14260448	
-8983	-1415	-2079	-783	-361	-2536	-69	149	-107	121	601	121	14260449	
-8791	-1262	-1956	-677	-375	-2563	-69	150	-100	122	606	122	14260449	
-8746	-1225	-1771	-641	-424	-2537	-69	151	-95	123	611	123	14260473	
-8856	-1200	-1657	-688	-538	-2503	-67	151	-99	124	616	124	14260489	
-9100	-1160	-1622	-789	-691	-2458	-65	151	-101	125	621	125	14260489	
-9481	-1095	-1590	-947	-842	-2381	-71	149	-97	126	626	126	14260490	
-9919	-988	-1648	-1138	-963	-2270	-75	147	-95	127	631	127	14260490	
-10452	-896	-1763	-1362	-1057	-2117	-73	147	-97	128	636	128	14260490	
-11105	-905	-1812	-1693	-1082	-1916	-70	146	-100	129	641	129	14260490	
-11701	-1013	-1780	-2058	-964	-1737	-71	145	-99	130	646	130	14260490	
-12200	-1113	-1712	-2381	-771	-1592	-71	145	-99	131	651	131	14260513	
-12565	-1226	-1646	-2753	-536	-1442	-73	143	-98	132	656	132	14260530	
-12833	-1260	-1679	-3179	-296	-1285	-75	141	-97	133	661	133	14260530	
-13086	-1172	-1576	-3586	-83	-1116	-76	137	-101	134	666	134	14260530	
-13340	-936	-1426	-3906	113	-945	-76	134	-104	135	671	135	14260531	
-13502	-643	-1340	-4101	274	-800	-77	138	-100	136	676	136	14260531	
-13683	-351	-1363	-4138	403	-668	-77	141	-97	137	681	137	14260531	
-13914	-1	-1397	-4008	515	-539	-77	137	-105	138	686	138	14260531	
-13958	370	-1478	-3724	627	-452	-77	135	-107	139	691	139	14260567	
-14068	642	-1656	-3324	798	-400	-78	136	-103	140	696	140	14260580	
-13962	770	-1605	-2825	1009	-409	-78	136	-102	141	701	141	14260582	
-13725	846	-1537	-2230	1203	-441	-77	138	-101	142	706	142	14260582	
-13482	849	-1614	-1596	1358	-523	-77	139	-101	143	711	143	14260582	
-13209	797	-1623	-1080	1440	-607	-78	133	-100	144	716	144	14260582	
-12942	650	-1587	-573	1448	-685	-78	130	-100	145	721	145	14260582	
-12689	402	-1385	-57	1348	-746	-80	129	-99	146	726	146	14260582	
-12558	128	-1316	256	1149	-774	-80	128	-98	147	731	147	14260604	
-12532	-275	-1328	364	829	-769	-83	125	-103	148	736	148	14260609	
-12775	-733	-1510	303	438	-761	-84	124	-104	149	741	149	14260609	
-13169	-1181	-1549	103	31	-741	-82	124	-102	150	746	150	14260609	
-13649	-1544	-1774	-236	-337	-728	-82	124	-102	151	751	151	14260609	
-14218	-1721	-1977	-652	-599	-710	-82	121	-105	152	756	152	14260609	
-14720	-1830	-2120	-1116	-783	-682	-82	120	-106	153	761	153	14260610	
-15301	-1812	-2186	-1583	-900	-680	-87	117	-104	154	766	154	14260622	
-15926	-1598	-2134	-2080	-994	-677	-88	116	-104	155	771	155	14260646	
-16492	-1476	-2132	-2409	-1057	-664	-82	116	-108	156	776	156	14260646	
-17180	-1228	-2002	-2630	-1142	-649	-82	116	-108	157	781	157	14260646	
-17870	-998	-1888	-2674	-1175	-625	-86	110	-106	158	786	158	14260647	
-18470	-758	-1934	-2592	-1153	-627	-86	110	-106	159	791	159	14260647	
-19126	-450	-1870	-2346	-1086	-633	-90	104	-102	160	796	160	14260647	
-19684	-228	-1872	-2024	-954	-610	-90	104	-102	161	801	161	14260647	
-20286	-112	-1814	-1548	-741	-597	-88	111	-109	162	806	162	14260647	
-20820	-24	-1942	-826	-381	-584	-87	113	-111	163	811	163	14260666	
-21176	90	-1982	-124	-16	-574	-93	105	-103	164	816	164	14260697	
-21296	188	-2084	590	405	-512	-93	105	-103	165	821	165	14260697	
-21402	292	-1904	1354	887	-405	-91	103	-107	166	826	166	14260697	
-21326	238	-1684	2109	1351	-270	-91	103	-107	167	831	167	14260697	
-21060	-14	-1458	2801	1727	-108	-92	98	-108	168	836	168	14260697	
-20900	-418	-1196	3398	1903	50	-92	98	-108	169	841	169	14260697	
-20892	-930	-1046	3797	1936	233	-94	100	-112	170	846	170	14260697	
-20856	-1332	-1112	3988	1882	445	-94	100	-112	171	851	171	14260725	
-21194	-1569	-932	4139	1779	718	-94	92	-112	172	856	172	14260735	
-21394	-1729	-914	4228	1707	954	-95	90	-113	173	861	173	14260735	
-21597	-1825	-858	4219	1666	1171	-100	84	-116	174	866	174	14260735	
-21768	-2017	-906	4107	1619	1333	-100	85	-115	175	871	175	14260736	
-21893	-2109	-966	3947	1596	1465	-101	91	-111	176	876	176	14260736	
-21857	-2209	-1056	3773	1596	1585	-101	90	-111	177	881	177	14260736	
-21774	-2376	-1116	3611	1618	1706	-100	84	-110	178	886	178	14260737	
-21488	-2534	-1250	3355	1611	1826	-100	84	-110	179	891	179	14260737	
-21276	-2734	-1211	3055	1482	1950	-100	80	-114	180	896	180	14260742	
-21229	-2945	-1198	2777	1273	2061	-100	80	-113	181	901	181	14260766	
-21157	-3052	-1212	2473	1033	2184	-102	80	-110	182	906	182	14260772	
-21142	-3109	-1186	2154	769	2307	-102	80	-111	183	911	183	14260772	
-21265	-2974	-1222	1832	502	2416	-101	79	-113	184	916	184	14260772	
-21310	-2961	-1301	1549	226	2537	-101	78	-113	185	921	185	14260772	
-21366	-2974	-1318	1338	5	2646	-100	74	-112	186	926	186	14260772	
-21436	-3000	-1247	1190	-188	2725	-101	73	-114	187	931	187	14260772	
-21484	-3109	-1150	1042	-406	2795	-102	70	-120	188	936	188	14260784	
-21482	-3204	-1102	861	-576	2837	-104	69	-118	189	941	189	14260803	
-21472	-3289	-1116	668	-765	2873	-106	68	-114	190	946	190	14260803	
-21554	-3312	-1132	505	-999	2917	-109	64	-121	191	951	191	14260804	
-21624	-3290	-1149	362	-1222	2923	-113	59	-131	192	956	192	14260804	
-21682	-3245	-1261	249	-1393	2884	-112	59	-128	193	961	193	14260804	
-21814	-3209	-1466	196	-1511	2842	-110	60	-122	194	966	194	14260804	
-21894	-3194	-1598	201	-1636	2794	-110	61	-122	195	971	195	14260808	
-21948	-3146	-1663	284	-1729	2737	-111	63	-121	196	976	196	14260824	
-21890	-3212	-1720	431	-1778	2638	-111	62	-120	197	981	197	14260840	
-21772	-3195	-1771	585	-1786	2552	-110	60	-118	198	986	198	14260840	
-21601	-3172	-1734	773	-1775	2466	-110	60	-118	199	991	199	14260840	
-21323	-3180	-1705	985	-1754	2390	-109	61	-119	200	996	200	14260841	
-21037	-3239	-1735	1208	-1759	2329	-111	57	-122	201	1001	201	14260841	
-20774	-3337	-1725	1472	-1821	2265	-114	52	-126	202	1006	202	14260841	
-20504	-3472	-1779	1767	-1928	2203	-112	52	-126	203	1011	203	14260857	
-20280	-3628	-1847	2025	-2049	2140	-109	53	-127	204	1016	204	14260881	
-20030	-3814	-1849	2160	-2143	2079	-114	51	-130	205	1021	205	14260883	
-19698	-3937	-1942	2221	-2181	2029	-118	50	-132	206	1026	206	14260884	
-19308	-4034	-1970	2223	-2172	1940	-115	51	-131	207	1031	207	14260884	
-18966	-4056	-1940	2168	-2176	1811	-113	51	-131	208	1036	208	14260885	
-18578	-4038	-1942	2071	-2216	1698	-112	50	-127	209	1041	209	14260896	
-18250	-3975	-1988	1981	-2288	1623	-112	50	-124	210	1046	210	14260912	
-17935	-3898	-2005	1900	-2372	1563	-114	47	-124	211	1051	211	14260921	
-17553	-3850	-1949	1822	-2444	1499	-117	43	-123	212	1056	212	14260921	
-17216	-3858	-1833	1767	-2527	1406	-114	47	-128	213	1061	213	14260921	
-16925	-3921	-1790	1701	-2653	1311	-110	50	-132	214	1066	214	14260921	
-16750	-3996	-1824	1602	-2799	1242	-115	49	-131	215	1071	215	14260921	
-16681	-4194	-1872	1487	-2963	1199	-118	48	-130	216	1076	216	14260921	
-16684	-4352	-1947	1372	-3127	1151	-116	45	-131	217	1081	217	14260938	
-16797	-4426	-2003	1248	-3265	1099	-115	43	-131	218	1086	218	14260964	
-16996	-4369	-2142	1122	-3345	1047	-114	42	-132	219	1091	219	14260975	
-17215	-4204	-2208	1021	-3358	988	-114	42	-132	220	1096	220	14260975	
-17475	-3971	-2212	972	-3286	938	-114	44	-132	221	1101	221	14260975	
-17617	-3881	-2197	997	-3127	892	-114	44	-132	222	1106	222	14260975	
-17702	-3926	-2094	1063	-2913	848	-116	42	-130	223	1111	223	14260979	
-17708	-4073	-2044	1117	-2704	774	-116	42	-130	224	1116	224	14260981	
-17695	-4212	-1963	1130	-2530	690	-115	41	-134	225	1121	225	14260981	
-17772	-4289	-1902	1121	-2382	619	-115	41	-135	226	1126	226	14260995	
-17836	-4218	-1843	1107	-2258	561	-116	40	-134	227	1131	227	14260999	
-17888	-4103	-1816	1097	-2098	487	-117	39	-133	228	1136	228	14260999	
