-15460	-1309	-7990	-137	-410	134	-8	9	-73	1	1	1	79593	
-15457	-1336	-7969	-139	-393	138	-12	8	-68	2	6	2	79593	
-15452	-1382	-7924	-149	-375	133	-12	6	-71	3	11	3	79593	
-15442	-1378	-7907	-162	-369	115	-11	3	-75	4	16	4	79597	
-15424	-1396	-7932	-168	-368	100	-9	3	-75	5	21	5	79615	
-15447	-1394	-7964	-171	-363	90	-7	3	-75	6	26	6	79632	
-15443	-1387	-8009	-167	-364	89	-7	7	-74	7	31	7	79632	
-15452	-1346	-8088	-161	-365	95	-7	11	-73	8	36	8	79632	
-15454	-1307	-8085	-145	-374	92	-14	12	-70	9	41	9	79632	
-15451	-1289	-8062	-108	-394	83	-18	12	-68	10	46	10	79632	
-15466	-1252	-8099	-50	-411	79	-11	7	-69	11	51	11	79632	
-15455	-1293	-8100	19	-420	69	-6	4	-70	12	56	12	79643	
-15455	-1318	-8118	99	-418	49	-8	2	-68	13	61	13	79679	
-15420	-1312	-8104	170	-397	34	-9	1	-67	14	66	14	79698	
-15376	-1312	-8108	214	-362	16	-13	3	-69	15	71	15	79699	
-15315	-1319	-8087	247	-342	-1	-16	4	-70	16	76	16	79699	
-15268	-1245	-8005	268	-342	-6	-10	8	-71	17	81	17	79699	
-15209	-1232	-7996	274	-336	1	-9	9	-71	18	86	18	79699	
-15198	-1255	-7968	267	-347	16	-10	10	-77	19	91	19	79699	
-15200	-1239	-7915	251	-352	35	-10	10	-78	20	96	20	79705	
-15218	-1258	-7896	230	-362	56	-11	6	-74	21	101	21	79726	
-15208	-1253	-7840	193	-378	78	-11	5	-73	22	106	22	79732	
-15274	-1224	-7882	158	-386	104	-13	5	-70	23	111	23	79732	
-15254	-1188	-7926	94	-389	130	-13	5	-69	24	116	24	79733	
-15280	-1244	-7856	54	-397	148	-11	5	-79	25	121	25	79733	
-15284	-1192	-7892	-8	-402	167	-11	5	-79	26	126	26	79733	
-15360	-1216	-7824	-55	-405	173	-14	4	-68	27	131	27	79734	
-15350	-1306	-7854	-100	-409	165	-14	4	-68	28	136	28	79742	
-15386	-1246	-7898	-129	-425	162	-10	6	-70	29	141	29	79743	
-15510	-1292	-7918	-152	-434	161	-10	6	-70	30	146	30	79743	
-15458	-1274	-7900	-167	-440	146	-15	11	-71	31	151	31	79743	
-15482	-1252	-7920	-142	-426	138	-15	11	-71	32	156	32	79744	
-15464	-1206	-7992	-133	-408	122	-12	6	-66	33	161	33	79745	
-15476	-1193	-8066	-131	-398	117	-12	7	-67	34	166	34	79752	
-15426	-1133	-8057	-110	-396	110	-10	10	-72	35	171	35	79768	
-15448	-1200	-8025	-82	-404	96	-10	9	-72	36	176	36	79768	
-15464	-1202	-8032	-64	-419	83	-11	7	-71	37	181	37	79768	
-15448	-1251	-8004	-45	-425	50	-11	7	-73	38	186	38	79768	
-15463	-1232	-8004	-15	-425	38	-9	5	-79	39	191	39	79772	
-15412	-1202	-8034	7	-411	27	-9	6	-76	40	196	40	79803	
-15358	-1220	-7963	44	-389	29	-8	8	-68	41	201	41	79849	
-15318	-1177	-7981	61	-377	37	-12	8	-74	42	206	42	79850	
-15351	-1255	-8010	79	-375	48	-18	8	-82	43	211	43	79850	
-15379	-1285	-8020	90	-389	59	-15	6	-76	44	216	44	79850	
-15400	-1291	-7980	88	-408	55	-10	2	-68	45	221	45	79850	
-15403	-1295	-7943	78	-417	53	-11	3	-68	46	226	46	79851	
-15394	-1258	-7940	66	-404	48	-12	4	-68	47	231	47	79873	
-15424	-1278	-7904	53	-390	32	-12	6	-68	48	236	48	79907	
-15397	-1310	-7897	37	-386	14	-11	9	-69	49	241	49	79908	
-15372	-1293	-7970	30	-383	0	-13	7	-70	50	246	50	79908	
-15333	-1313	-7982	26	-383	-7	-15	5	-71	51	251	51	79909	
-15283	-1296	-7884	32	-387	-11	-16	7	-69	52	256	52	79909	
-15262	-1285	-7853	35	-401	-15	-16	8	-68	53	261	53	79909	
-15271	-1305	-7896	22	-419	-13	-12	13	-67	54	266	54	79909	
-15285	-1290	-7991	1	-435	-12	-10	16	-66	55	271	55	79909	
-15329	-1290	-7969	-8	-451	-4	-9	11	-68	56	276	56	79909	
-15319	-1324	-7964	-11	-462	9	-8	8	-70	57	281	57	79909	
-15336	-1370	-8007	-22	-457	15	-10	10	-73	58	286	58	79909	
-15373	-1361	-7939	-43	-445	18	-10	10	-74	59	291	59	79909	
-15386	-1417	-7974	-50	-429	29	-10	8	-71	60	296	60	79915	
-15362	-1390	-7962	-66	-425	45	-10	8	-70	61	301	61	79916	
-15353	-1390	-7914	-60	-409	63	-8	6	-66	62	306	62	79916	
-15374	-1354	-7938	-59	-411	71	-7	5	-65	63	311	63	79916	
-15399	-1378	-8007	-57	-413	72	-6	7	-71	64	316	64	79927	
-15393	-1362	-7968	-64	-402	84	-6	8	-72	65	321	65	79949	
-15368	-1388	-7962	-59	-407	88	-11	3	-77	66	326	66	79956	
-15402	-1408	-7908	-43	-404	87	-11	3	-77	67	331	67	79961	
-15450	-1382	-7906	-48	-398	83	-8	8	-78	68	336	68	79964	
-15460	-1348	-7968	-44	-410	78	-8	8	-78	69	341	69	79964	
-15364	-1388	-7962	-51	-421	85	-13	5	-73	70	346	70	79966	
-15392	-1364	-7948	-36	-408	71	-13	5	-73	71	351	71	79967	
-15356	-1300	-7990	-43	-404	82	-13	7	-71	72	356	72	80035	
-15414	-1336	-7940	-39	-389	82	-13	7	-71	73	361	73	80035	
-15450	-1305	-7982	-48	-397	85	-12	6	-70	74	366	74	80035	
-15452	-1305	-7963	-56	-385	88	-12	5	-70	75	371	75	80035	
-15387	-1270	-8026	-49	-390	92	-12	2	-68	76	376	76	80035	
-15374	-1311	-7941	-45	-388	92	-12	3	-69	77	381	77	80035	
-15413	-1300	-7927	-52	-386	97	-10	8	-74	78	386	78	80035	
-15365	-1254	-7956	-41	-390	95	-9	8	-75	79	391	79	80035	
-15413	-1285	-7975	-28	-390	94	-6	8	-78	80	396	80	80035	
-15421	-1282	-8024	-22	-399	88	-6	8	-76	81	401	81	80035	
-15369	-1316	-8009	-9	-400	73	-8	6	-70	82	406	82	80035	
-15363	-1298	-7976	2	-400	67	-9	5	-72	83	411	83	80040	
-15353	-1310	-7972	10	-409	66	-10	4	-74	84	416	84	80059	
-15367	-1312	-7992	7	-414	71	-10	6	-71	85	421	85	80080	
-15394	-1305	-7987	11	-410	67	-10	8	-66	86	426	86	80081	
-15399	-1320	-7979	21	-410	58	-12	6	-68	87	431	87	80082	
-15369	-1336	-8023	20	-413	55	-15	3	-71	88	436	88	80083	
-15360	-1332	-7962	18	-416	60	-13	5	-71	89	441	89	80084	
-15333	-1355	-7855	14	-424	58	-10	8	-72	90	446	90	80085	
-15328	-1363	-7920	8	-430	52	-10	8	-71	91	451	91	80086	
-15356	-1311	-7969	1	-428	49	-10	8	-70	92	456	92	80087	
-15366	-1323	-7916	-9	-415	50	-11	6	-71	93	461	93	80088	
-15404	-1314	-7904	-15	-409	53	-12	4	-72	94	466	94	80088	
-15410	-1326	-7898	-25	-407	50	-13	3	-71	95	471	95	80089	
-15358	-1321	-7902	-41	-405	51	-14	2	-70	96	476	96	80089	
-15369	-1357	-7931	-51	-396	51	-10	4	-69	97	481	97	80089	
-15372	-1334	-7955	-58	-389	56	-7	5	-69	98	486	98	80089	
-15349	-1332	-7920	-50	-397	63	-6	9	-74	99	491	99	80089	
-15364	-1298	-7975	-43	-404	80	-6	10	-76	100	496	100	80089	
-15318	-1308	-7965	-46	-406	82	-12	8	-72	101	501	101	80097	
-15386	-1314	-7937	-40	-404	90	-13	7	-71	102	506	102	80111	
-15400	-1346	-7969	-41	-400	103	-11	8	-72	103	511	103	80114	
-15264	-1308	-7968	-32	-410	111	-10	8	-72	104	516	104	80114	
-15374	-1318	-8028	-41	-406	110	-8	10	-70	105	521	105	80114	
-15360	-1311	-8009	-38	-419	124	-8	10	-70	106	526	106	80114	
-15370	-1294	-7892	-28	-430	118	-9	5	-71	107	531	107	80119	
-15416	-1320	-7990	-18	-427	117	-9	5	-71	108	536	108	80119	
-15452	-1242	-7892	-26	-423	113	-11	5	-69	109	541	109	80152	
-15396	-1340	-7890	-7	-410	114	-11	5	-69	110	546	110	80152	
-15354	-1264	-7956	-13	-410	100	-8	12	-78	111	551	111	80152	
-15314	-1278	-7976	-33	-400	103	-8	12	-78	112	556	112	80152	
-15290	-1288	-7884	-24	-399	99	-5	7	-75	113	561	113	80152	
-15414	-1298	-7870	-18	-409	108	-5	7	-75	114	566	114	80152	
-15334	-1306	-7856	-5	-426	116	-12	6	-70	115	571	115	80152	
-15387	-1282	-7894	-3	-440	127	-11	6	-71	116	576	116	80158	
-15330	-1228	-7954	4	-439	123	-7	5	-75	117	581	117	80183	
-15357	-1259	-7972	4	-438	119	-7	5	-75	118	586	118	80191	
-15398	-1254	-7950	8	-450	108	-5	3	-73	119	591	119	80191	
-15385	-1270	-7861	13	-459	99	-5	3	-72	120	596	120	80191	
-15369	-1243	-7878	8	-452	102	-7	5	-69	121	601	121	80192	
-15398	-1273	-7910	19	-447	93	-8	6	-70	122	606	122	80192	
-15419	-1285	-7874	27	-438	75	-10	8	-72	123	611	123	80193	
-15391	-1327	-7964	31	-438	61	-9	7	-71	124	616	124	80215	
-15401	-1335	-7951	14	-447	50	-8	6	-70	125	621	125	80249	
-15394	-1301	-7976	-3	-455	41	-10	8	-72	126	626	126	80250	
-15391	-1283	-7972	-22	-455	29	-12	12	-76	127	631	127	80250	
-15369	-1296	-7934	-39	-449	13	-12	11	-75	128	636	128	80250	
-15320	-1300	-7966	-45	-441	-3	-11	9	-73	129	641	129	80250	
-15297	-1270	-8004	-47	-448	-1	-11	8	-74	130	646	130	80251	
-15251	-1281	-8006	-64	-466	11	-11	7	-75	131	651	131	80251	
-15204	-1268	-7972	-68	-474	26	-10	7	-76	132	656	132	80271	
-15193	-1235	-7943	-48	-476	58	-8	6	-76	133	661	133	80291	
-15216	-1272	-7932	-32	-472	94	-8	6	-74	134	666	134	80291	
-15279	-1297	-7930	-13	-469	130	-8	6	-72	135	671	135	80291	
-15358	-1350	-7907	4	-463	169	-11	8	-75	136	676	136	80292	
-15428	-1404	-7915	20	-453	191	-13	9	-77	137	681	137	80293	
-15512	-1479	-7922	17	-438	205	-13	9	-73	138	686	138	80293	
-15593	-1536	-7880	3	-416	207	-13	9	-71	139	691	139	80294	
-15634	-1602	-7789	-18	-402	188	-12	8	-73	140	696	140	80294	
-15687	-1546	-7785	-50	-388	138	-12	8	-74	141	701	141	80295	
-15721	-1503	-7729	-83	-379	91	-13	6	-70	142	706	142	80295	
-15619	-1449	-7843	-95	-365	45	-13	5	-69	143	711	143	80296	
-15520	-1398	-7908	-93	-359	10	-7	11	-75	144	716	144	80304	
-15488	-1324	-7934	-70	-373	-22	-5	13	-77	145	721	145	80321	
-15473	-1222	-7994	-34	-391	-25	-11	13	-72	146	726	146	80325	
-15430	-1186	-8006	2	-422	-18	-13	13	-71	147	731	147	80326	
-15458	-1145	-7987	19	-451	-1	-6	6	-73	148	736	148	80326	
-15438	-1200	-7990	38	-469	17	-4	4	-74	149	741	149	80326	
-15414	-1202	-7990	67	-454	23	-8	8	-76	150	746	150	80326	
-15308	-1256	-8018	73	-440	27	-8	8	-76	151	751	151	80326	
-15232	-1310	-7928	52	-434	35	-13	5	-73	152	756	152	80365	
-15298	-1292	-7846	33	-418	31	-13	5	-73	153	761	153	80365	
-15262	-1322	-7876	25	-397	35	-12	8	-76	154	766	154	80365	
-15302	-1342	-7916	-2	-373	53	-12	8	-76	155	771	155	80366	
-15292	-1272	-7830	-15	-387	67	-8	14	-74	156	776	156	80366	
-15220	-1346	-7808	-7	-395	77	-8	14	-74	157	781	157	80366	
-15323	-1324	-7793	7	-399	86	-11	11	-73	158	786	158	80368	
-15319	-1368	-7796	21	-407	87	-11	10	-72	159	791	159	80380	
-15308	-1274	-7839	34	-417	82	-12	8	-70	160	796	160	80403	
-15421	-1333	-7786	35	-422	72	-12	6	-70	161	801	161	80403	
-15441	-1386	-7802	15	-418	59	-13	-1	-71	162	806	162	80404	
-15352	-1384	-7779	-1	-411	54	-12	0	-71	163	811	163	80404	
-15390	-1334	-7793	-36	-406	56	-9	3	-71	164	816	164	80404	
-15342	-1312	-7821	-85	-408	63	-9	4	-71	165	821	165	80404	
-15340	-1316	-7792	-137	-418	69	-9	7	-71	166	826	166	80405	
-15391	-1344	-7789	-176	-416	76	-10	7	-71	167	831	167	80416	
-15459	-1329	-7838	-210	-417	87	-12	8	-70	168	836	168	80436	
-15492	-1334	-7895	-236	-412	98	-11	8	-71	169	841	169	80441	
-15519	-1362	-7914	-252	-400	105	-9	9	-73	170	846	170	80441	
-15581	-1341	-7960	-253	-390	105	-11	8	-73	171	851	171	80442	
-15577	-1338	-7965	-233	-376	101	-14	6	-74	172	856	172	80442	
-15573	-1382	-7922	-204	-364	84	-12	8	-74	173	861	173	80443	
-15518	-1450	-7883	-164	-352	62	-10	10	-74	174	866	174	80447	
-15472	-1430	-7856	-127	-338	37	-10	9	-72	175	871	175	80467	
-15428	-1414	-7876	-99	-330	20	-10	8	-70	176	876	176	80478	
-15401	-1356	-7912	-73	-328	14	-13	1	-73	177	881	177	80478	
-15391	-1311	-7895	-49	-319	14	-15	-3	-75	178	886	178	80478	
-15351	-1302	-7871	-30	-312	19	-11	3	-75	179	891	179	80478	
-15294	-1305	-7919	-11	-313	29	-9	7	-75	180	896	180	80478	
-15271	-1364	-7920	-12	-332	35	-11	8	-75	181	901	181	80478	
-15399	-1374	-7845	-24	-357	41	-13	9	-75	182	906	182	80486	
-15376	-1369	-7863	-29	-367	54	-10	4	-72	183	911	183	80511	
-15454	-1370	-7850	-51	-374	58	-9	3	-71	184	916	184	80517	
-15404	-1392	-7847	-86	-377	61	-12	6	-71	185	921	185	80517	
-15399	-1361	-7842	-122	-371	58	-13	7	-71	186	926	186	80518	
-15426	-1310	-7902	-160	-355	47	-11	9	-72	187	931	187	80518	
-15403	-1314	-7852	-192	-343	47	-10	10	-72	188	936	188	80518	
-15434	-1288	-7854	-220	-317	45	-11	9	-73	189	941	189	80519	
-15414	-1243	-7863	-229	-307	49	-11	9	-73	190	946	190	80537	
-15402	-1266	-7930	-208	-311	52	-8	6	-70	191	951	191	80556	
-15368	-1250	-8022	-179	-304	61	-8	6	-70	192	956	192	80556	
-15446	-1298	-7928	-143	-324	74	-15	1	-73	193	961	193	80556	
-15442	-1284	-7960	-112	-324	72	-15	1	-73	194	966	194	80556	
-15366	-1326	-7842	-107	-319	69	-5	7	-77	195	971	195	80557	
-15416	-1378	-7966	-93	-326	64	-5	7	-77	196	976	196	80557	
-15416	-1364	-7948	-107	-327	58	-11	11	-73	197	981	197	80557	
-15368	-1378	-7838	-113	-325	58	-11	11	-73	198	986	198	80600	
-15380	-1442	-7822	-132	-316	80	-9	11	-69	199	991	199	80601	
-15361	-1429	-7843	-159	-314	100	-9	8	-69	200	996	200	80605	
