-16693	490	727	218	-297	-153	176	202	85	1	1	1	85455970	
-16690	473	638	212	-292	-140	177	201	85	2	6	2	85455977	
-16678	412	615	228	-293	-138	174	199	83	3	11	3	85455977	
-16636	473	694	235	-292	-134	173	199	83	4	16	4	85455977	
-16621	485	691	248	-284	-125	176	200	80	5	21	5	85455977	
-16611	490	697	273	-277	-113	177	201	79	6	26	6	85455977	
-16634	472	676	302	-285	-107	177	197	79	7	31	7	85455977	
-16684	439	620	315	-285	-101	177	195	79	8	36	8	85455984	
-16687	449	586	321	-296	-89	174	198	82	9	41	9	85456014	
-16664	446	603	338	-307	-88	173	199	83	10	46	10	85456023	
-16676	444	600	328	-290	-66	174	201	85	11	51	11	85456023	
-16739	465	568	303	-294	-67	174	202	86	12	56	12	85456024	
-16720	504	642	293	-301	-65	176	200	88	13	61	13	85456024	
-16706	565	558	304	-304	-52	176	200	88	14	66	14	85456025	
-16699	544	607	303	-304	-50	173	202	86	15	71	15	85456026	
-16743	538	730	312	-306	-44	172	202	86	16	76	16	85456047	
-16742	542	672	337	-308	-36	173	197	85	17	81	17	85456052	
-16693	517	647	370	-304	-22	174	194	84	18	86	18	85456052	
-16691	495	609	392	-301	-13	173	200	80	19	91	19	85456052	
-16652	534	635	399	-303	-1	173	201	79	20	96	20	85456052	
-16642	522	674	413	-305	3	171	201	89	21	101	21	85456052	
-16597	506	645	421	-311	2	171	201	91	22	106	22	85456052	
-16592	504	650	423	-327	18	177	199	87	23	111	23	85456060	
-16655	507	598	407	-344	36	178	198	86	24	116	24	85456084	
-16624	484	587	428	-367	45	173	201	83	25	121	25	85456090	
-16634	442	588	463	-373	57	172	202	82	26	126	26	85456090	
-16576	506	664	479	-383	84	173	201	85	27	131	27	85456091	
-16642	538	566	495	-399	99	173	201	85	28	136	28	85456091	
-16652	545	563	517	-425	101	171	203	83	29	141	29	85456091	
-16644	543	535	531	-464	108	171	203	83	30	146	30	85456092	
-16645	489	517	523	-509	125	172	204	85	31	151	31	85456114	
-16571	516	536	521	-543	136	172	204	86	32	156	32	85456127	
-16603	539	462	507	-587	136	175	199	88	33	161	33	85456129	
-16608	585	412	480	-615	169	176	198	88	34	166	34	85456129	
-16608	556	488	459	-658	184	170	198	92	35	171	35	85456129	
-16598	568	534	452	-698	188	170	198	92	36	176	36	85456129	
-16640	526	508	453	-758	218	172	198	80	37	181	37	85456130	
-16568	510	462	427	-788	252	172	198	80	38	186	38	85456141	
-16574	476	422	425	-837	270	173	197	83	39	191	39	85456167	
-16566	396	350	407	-895	286	173	197	83	40	196	40	85456167	
-16474	406	502	361	-965	308	170	197	85	41	201	41	85456167	
-16431	330	542	298	-1046	327	169	197	85	42	206	42	85456168	
-16534	272	540	249	-1148	337	173	201	79	43	211	43	85456168	
-16502	244	436	197	-1195	342	173	201	79	44	216	44	85456168	
-16570	326	510	106	-1255	361	171	199	87	45	221	45	85456168	
-16574	548	436	49	-1302	369	171	199	87	46	226	46	85456179	
-16476	672	524	75	-1355	390	171	199	83	47	231	47	85456204	
-16566	642	530	140	-1435	429	171	199	83	48	236	48	85456204	
-16594	702	290	191	-1544	458	165	203	85	49	241	49	85456205	
-16518	676	278	240	-1667	494	165	203	85	50	246	50	85456205	
-16491	775	83	306	-1802	522	170	198	88	51	251	51	85456205	
-16408	880	-54	404	-1900	557	170	198	88	52	256	52	85456205	
-16338	836	-100	551	-2067	588	162	200	88	53	261	53	85456206	
-16238	524	-88	636	-2295	641	162	200	88	54	266	54	85456218	
-16100	108	-40	578	-2576	708	170	200	92	55	271	55	85456245	
-16142	-300	-382	353	-2852	770	170	200	92	56	276	56	85456245	
-16256	-444	-454	-11	-3180	830	168	202	92	57	281	57	85456246	
-16394	-440	-378	-374	-3438	854	168	202	92	58	286	58	85456246	
-16348	-358	-26	-763	-3605	873	169	203	89	59	291	59	85456247	
-16412	9	496	-1133	-3844	924	169	202	90	60	296	60	85456251	
-16465	384	705	-1202	-4025	1009	168	200	92	61	301	61	85456270	
-16518	530	550	-1165	-4133	1102	169	200	91	62	306	62	85456280	
-16515	562	474	-1103	-4231	1184	171	201	85	63	311	63	85456281	
-16470	694	532	-1025	-4357	1259	171	201	85	64	316	64	85456281	
-16478	694	580	-868	-4539	1349	167	195	87	65	321	65	85456281	
-16436	554	410	-728	-4706	1452	167	195	87	66	326	66	85456281	
-16586	350	396	-666	-4839	1502	169	203	91	67	331	67	85456281	
-16590	375	598	-618	-5009	1568	170	203	92	68	336	68	85456281	
-16784	419	786	-587	-5164	1621	174	202	96	69	341	69	85456288	
-16994	404	674	-555	-5317	1685	173	201	95	70	346	70	85456318	
-17252	346	548	-568	-5429	1717	167	195	91	71	351	71	85456318	
-17580	277	695	-585	-5506	1752	167	196	92	72	356	72	85456318	
-17852	330	978	-579	-5489	1779	166	198	94	73	361	73	85456318	
-18049	545	1344	-575	-5464	1827	166	198	95	74	366	74	85456318	
-18186	630	1444	-569	-5525	1889	163	195	101	75	371	75	85456318	
-18203	844	1250	-514	-5555	1916	164	197	102	76	376	76	85456322	
-17978	1117	1229	-438	-5584	1946	167	207	105	77	381	77	85456343	
-17714	1278	1271	-242	-5639	1978	166	206	104	78	386	78	85456368	
-17638	1279	1131	93	-5714	2023	160	202	100	79	391	79	85456369	
-17610	1212	972	445	-5782	2049	161	202	100	80	396	80	85456370	
-17812	1376	796	730	-5852	2049	167	201	99	81	401	81	85456370	
-18241	1868	681	899	-5946	2056	166	201	100	82	406	82	85456370	
-18340	2321	798	1026	-6021	2116	161	201	105	83	411	83	85456372	
-18338	2235	958	1183	-6094	2212	161	201	104	84	416	84	85456378	
-18647	2058	1065	1204	-6218	2324	162	202	100	85	421	85	85456393	
-18945	1891	866	1096	-6300	2405	162	202	103	86	426	86	85456393	
-19219	1674	562	926	-6398	2478	161	203	109	87	431	87	85456393	
-19414	1462	188	656	-6575	2576	160	203	109	88	436	88	85456393	
-19430	1303	89	380	-6758	2624	156	204	108	89	441	89	85456393	
-19482	1247	38	131	-6952	2669	156	203	108	90	446	90	85456393	
-19446	1115	-144	-33	-7139	2701	154	200	108	91	451	91	85456395	
-19444	1006	-358	-234	-7328	2729	155	201	110	92	456	92	85456411	
-19762	923	-321	-462	-7615	2753	156	204	114	93	461	93	85456430	
-20055	993	-125	-689	-7847	2744	154	206	114	94	466	94	85456431	
-20222	1036	58	-871	-7989	2762	152	208	114	95	471	95	85456432	
-20578	1091	85	-1006	-8113	2779	152	206	114	96	476	96	85456432	
-20656	1103	192	-1075	-8136	2771	153	203	115	97	481	97	85456433	
-20603	1069	371	-1045	-8128	2774	151	204	116	98	486	98	85456435	
-20591	1018	545	-950	-8107	2768	147	205	117	99	491	99	85456445	
-20515	906	603	-793	-8073	2749	147	204	116	100	496	100	85456467	
-20335	753	754	-623	-8007	2715	146	202	114	101	501	101	85456467	
-19974	502	1039	-439	-7857	2625	146	200	117	102	506	102	85456467	
-19819	349	1267	-307	-7747	2519	146	196	122	103	511	103	85456468	
-19833	161	1425	-122	-7562	2398	144	197	121	104	516	104	85456468	
-19853	-36	1432	185	-7106	2243	142	198	120	105	521	105	85456468	
-19948	-260	1069	618	-6314	2013	142	199	120	106	526	106	85456482	
-19820	-444	523	1136	-5102	1644	141	201	119	107	531	107	85456504	
-19223	-470	258	1764	-3604	1183	139	203	119	108	536	108	85456504	
-18337	-397	392	2531	-2152	811	137	207	119	109	541	109	85456504	
-17356	-374	752	3433	-993	578	137	205	121	110	546	110	85456504	
-15992	-436	1976	4384	-351	392	137	201	123	111	551	111	85456504	
-14637	-291	4190	5037	-722	279	136	201	122	112	556	112	85456504	
-14151	-72	6463	5279	-2188	320	135	201	121	113	561	113	85456509	
-14653	-104	7761	5299	-3959	387	135	203	124	114	566	114	85456526	
-15630	-159	7832	4721	-5314	337	134	206	128	115	571	115	85456542	
-16558	189	7359	3699	-6030	153	132	203	128	116	576	116	85456544	
-17052	986	7442	3043	-6218	-133	130	198	128	117	581	117	85456548	
-16887	2268	7049	2601	-5794	-496	130	200	126	118	586	118	85456548	
-15920	3068	5527	2463	-5045	-899	130	202	124	119	591	119	85456548	
-14511	3474	3971	2978	-4536	-1269	129	199	127	120	596	120	85456549	
-13547	3609	2804	3939	-4430	-1517	129	197	129	121	601	121	85456569	
-12904	3531	1718	4964	-4347	-1715	129	201	130	122	606	122	85456589	
-12339	3248	546	5800	-3956	-1921	128	206	132	123	611	123	85456589	
-11870	2844	-486	6398	-3254	-2160	127	205	133	124	616	124	85456589	
-11354	2560	-1272	6967	-2368	-2447	125	203	135	125	621	125	85456590	
-10831	2270	-2021	7618	-1321	-2780	123	201	136	126	626	126	85456590	
-10431	1914	-2528	8153	-292	-3170	121	199	137	127	631	127	85456590	
-10195	1544	-2828	8374	603	-3585	117	200	137	128	636	128	85456591	
-10045	1312	-2829	8344	1441	-4013	115	201	137	129	641	129	85456608	
-10051	1283	-2415	8017	2186	-4406	114	203	139	130	646	130	85456618	
-10275	1250	-1886	7447	2859	-4751	114	204	140	131	651	131	85456618	
-10717	998	-1698	6813	3574	-5078	114	199	138	132	656	132	85456618	
-11258	705	-1977	6233	4342	-5367	114	196	136	133	661	133	85456618	
-11790	592	-2509	5533	5335	-5661	112	199	138	134	666	134	85456618	
-12207	659	-2970	4716	6485	-5955	109	201	139	135	671	135	85456618	
-12434	802	-3116	4000	7514	-6218	111	207	137	136	676	136	85456618	
-12564	1022	-2875	3392	8476	-6452	113	211	135	137	681	137	85456640	
-12660	1244	-2508	2863	9339	-6636	111	208	136	138	686	138	85456656	
-12742	1360	-2284	2329	10159	-6782	110	206	136	139	691	139	85456656	
-12902	1384	-2110	1785	10949	-6904	109	209	131	140	696	140	85456656	
-13182	1288	-1886	1228	11706	-7014	109	211	127	141	701	141	85456656	
-13560	1145	-1627	676	12482	-7101	108	211	132	142	706	142	85456657	
-13927	1202	-1426	45	13411	-7181	107	211	135	143	711	143	85456657	
-14187	1247	-1238	-464	14147	-7253	109	216	133	144	716	144	85456672	
-14427	1391	-1104	-957	14879	-7330	110	218	132	145	721	145	85456695	
-14686	1664	-988	-1409	15626	-7425	109	220	128	146	726	146	85456707	
-14989	1980	-866	-1764	16317	-7520	109	221	125	147	731	147	85456707	
-15293	2237	-704	-1980	16966	-7584	107	225	123	148	736	148	85456707	
-15633	2382	-540	-2062	17580	-7601	106	228	122	149	741	149	85456707	
-16030	2392	-337	-2067	18166	-7553	107	230	117	150	746	150	85456707	
-16468	2381	-147	-2078	18804	-7461	108	232	114	151	751	151	85456707	
-16867	2416	162	-2176	19333	-7347	105	234	109	152	756	152	85456740	
-17227	2406	373	-2329	19773	-7218	104	234	108	153	761	153	85456748	
-17599	2362	576	-2564	20163	-7056	102	233	104	154	766	154	85456749	
-17928	2302	716	-2785	20524	-6843	101	233	103	155	771	155	85456749	
-18160	2134	731	-2912	20808	-6630	98	242	101	156	776	156	85456749	
-18495	1965	826	-3049	21099	-6392	96	246	100	157	781	157	85456749	
-19018	1747	1128	-3255	21422	-6127	101	247	94	158	786	158	85456750	
-19670	1455	1571	-3607	21836	-5829	104	248	90	159	791	159	85456750	
-20002	1296	2183	-4022	22179	-5559	99	253	85	160	796	160	85456750	
-20148	1154	2818	-4461	22367	-5292	98	254	84	161	801	161	85456756	
-20105	998	3454	-4964	22431	-5059	98	257	79	162	806	162	85456780	
-19822	846	3977	-5505	22434	-4868	98	258	78	163	811	163	85456786	
-19393	544	4374	-5932	22304	-4722	100	264	71	164	816	164	85456786	
-18913	255	4677	-6245	21974	-4649	101	265	69	165	821	165	85456786	
-18480	-32	5148	-6525	21495	-4680	99	268	66	166	826	166	85456787	
-18163	-123	5604	-6752	21017	-4773	99	269	65	167	831	167	85456787	
-17877	-185	5744	-6999	20348	-4951	100	267	60	168	836	168	85456787	
-19196	-1182	4121	-7001	19646	-5125	100	266	58	169	841	169	85456800	
-19879	-1553	3656	-6404	19152	-5183	100	271	52	170	846	170	85456819	
-19038	64	5293	-6084	17864	-5228	100	272	50	171	851	171	85456824	
-18614	2098	7802	-6162	15902	-5206	99	273	41	172	856	172	85456824	
-19084	2672	10406	-6441	13911	-4808	99	273	39	173	861	173	85456824	
-19401	4056	13950	-6513	11493	-4305	100	275	38	174	866	174	85456824	
-19360	6314	20256	-5839	7896	-3638	100	276	38	175	871	175	85456825	
-16216	4912	32767	-3806	2522	-2769	100	276	34	176	876	176	85456825	
-25576	-11924	32767	-1599	-2694	-2648	100	276	34	177	881	177	85456832	
-24688	-14410	19844	-647	1406	-4255	97	273	35	178	886	178	85456860	
-27448	-4578	12037	-4715	247	-3521	97	273	35	179	891	179	85456860	
-31814	6898	-791	-10625	-1295	-1628	99	276	30	180	896	180	85456860	
-32768	11143	-14541	-13109	66	1157	99	277	29	181	901	181	85456860	
-26442	2885	-24223	-13388	728	2009	97	279	31	182	906	182	85456861	
-16964	2054	-19747	-14226	178	-891	97	279	31	183	911	183	85456861	
-9902	9958	-4632	-11390	-216	-3414	102	271	33	184	916	184	85456861	
-11370	17626	2558	-5563	-3040	-3482	103	269	33	185	921	185	85456899	
-13042	15492	-502	-2740	-2857	-3129	100	274	34	186	926	186	85456899	
-14434	8142	-4684	2103	-2215	-1880	100	274	34	187	931	187	85456899	
-16310	1800	-4646	7471	-1930	-418	103	267	33	188	936	188	85456899	
-17028	-120	-2836	8936	-974	24	103	267	33	189	941	189	85456899	
-15882	-780	-2724	7370	103	-214	100	278	30	190	946	190	85456900	
-14977	-1345	-4582	5850	-161	-547	100	278	30	191	951	191	85456900	
-14586	-2493	-5584	5104	-1228	-766	99	272	29	192	956	192	85456906	
-14922	-5234	-4666	4884	-2736	-1097	99	271	29	193	961	193	85456937	
-15032	-7736	-3748	4327	-3630	-1312	100	274	28	194	966	194	85456937	
-15108	-8972	-2672	3063	-3907	-1304	100	274	28	195	971	195	85456937	
-15674	-8900	-1454	1168	-3499	-1294	97	265	33	196	976	196	85456937	
-16522	-6466	-1138	-1112	-2711	-1420	97	265	33	197	981	197	85456937	
-16248	-3044	-1588	-3085	-1817	-1642	98	276	32	198	986	198	85456937	
-15618	-14	-2654	-3824	-1380	-1764	98	276	32	199	991	199	85456937	
-15736	1808	-3242	-3097	-1554	-1582	103	271	35	200	996	200	85456978	
-16589	2445	-2941	-1201	-1914	-1206	103	271	35	201	1001	201	85457018	
-17302	2200	-2584	436	-1999	-978	102	270	34	202	1006	202	85457018	
-17644	1760	-2334	1649	-1877	-881	102	270	34	203	1011	203	85457018	
-17620	1458	-2214	2573	-1510	-901	102	270	28	204	1016	204	85457019	
-17022	1424	-2154	3343	-1135	-894	102	270	28	205	1021	205	85457019	
-16310	1186	-2390	4117	-884	-848	97	271	37	206	1026	206	85457019	
-16046	390	-2670	4730	-890	-769	97	271	37	207	1031	207	85457019	
-16312	-570	-3032	4976	-1141	-686	104	270	38	208	1036	208	85457055	
-16454	-1490	-3214	4746	-1322	-694	104	270	38	209	1041	209	85457055	
-16442	-2237	-3392	3911	-1326	-790	104	276	36	210	1046	210	85457055	
-16208	-2377	-3380	3037	-1281	-910	103	276	37	211	1051	211	85457055	
-16068	-2034	-2976	2183	-1254	-1035	99	275	41	212	1056	212	85457055	
-15939	-1617	-2708	1460	-1264	-1130	100	275	41	213	1061	213	85457055	
-16122	-1202	-2560	897	-1306	-1190	106	272	38	214	1066	214	85457055	
-16178	-804	-2652	406	-1344	-1238	106	272	38	215	1071	215	85457055	
-16430	-568	-2818	49	-1348	-1274	103	275	41	216	1076	216	85457055	
-16494	-370	-2806	-151	-1293	-1290	103	275	41	217	1081	217	85457055	
-16509	-321	-2663	-119	-1170	-1274	106	270	38	218	1086	218	85457055	
-16390	-500	-2665	62	-1071	-1219	104	270	38	219	1091	219	85457056	
-16316	-642	-2742	337	-1029	-1151	97	271	37	220	1096	220	85457058	
-16188	-930	-2960	630	-1035	-1069	99	271	37	221	1101	221	85457066	
-16109	-1333	-3110	839	-1075	-1036	105	269	37	222	1106	222	85457066	
-16063	-1710	-3330	916	-1154	-1016	104	270	38	223	1111	223	85457068	
-16017	-2026	-3351	834	-1238	-1006	100	274	40	224	1116	224	85457079	
-15964	-2076	-3268	646	-1307	-987	100	273	40	225	1121	225	85457096	
-15912	-2073	-3218	408	-1380	-944	99	267	41	226	1126	226	85457096	
-15859	-1972	-3292	131	-1475	-903	100	267	41	227	1131	227	85457096	
-15852	-1608	-3358	-165	-1595	-876	105	269	39	228	1136	228	85457096	
-15920	-1129	-3404	-420	-1720	-885	104	268	39	229	1141	229	85457097	
-15996	-806	-3305	-575	-1814	-920	98	266	40	230	1146	230	85457100	
-16160	-629	-3166	-638	-1882	-938	98	266	40	231	1151	231	85457112	
-16224	-556	-2875	-662	-1932	-934	100	268	40	232	1156	232	85457133	
-16200	-640	-2786	-710	-1981	-931	101	269	39	233	1161	233	85457133	
-16207	-682	-2609	-865	-2012	-934	103	271	37	234	1166	234	85457133	
-16194	-628	-2564	-1111	-2010	-978	102	272	37	235	1171	235	85457133	
-16318	-686	-2416	-1315	-1994	-1018	100	274	38	236	1176	236	85457134	
-16417	-823	-2229	-1490	-1957	-1042	103	275	39	237	1181	237	85457134	
-16521	-904	-2061	-1652	-1896	-1063	108	276	40	238	1186	238	85457136	
-16631	-914	-1929	-1849	-1790	-1087	107	275	40	239	1191	239	85457151	
-16668	-892	-1900	-2049	-1661	-1101	104	272	38	240	1196	240	85457177	
-16671	-834	-1918	-2198	-1516	-1119	103	273	38	241	1201	241	85457178	
-16677	-742	-1893	-2277	-1377	-1120	101	275	39	242	1206	242	85457178	
-16640	-695	-1912	-2279	-1245	-1107	101	274	39	243	1211	243	85457178	
-16608	-492	-1935	-2239	-1138	-1096	102	272	40	244	1216	244	85457179	
-16682	-223	-1943	-2125	-1013	-1081	103	271	41	245	1221	245	85457180	
-16692	-88	-1978	-1905	-887	-1063	104	270	42	246	1226	246	85457182	
-16620	-70	-2095	-1606	-786	-1032	104	270	44	247	1231	247	85457196	
-16525	-59	-2157	-1295	-714	-993	105	271	47	248	1236	248	85457213	
-16521	-51	-2209	-1039	-661	-953	105	270	46	249	1241	249	85457213	
-16595	-80	-2258	-824	-611	-912	104	268	44	250	1246	250	85457213	
-16618	-176	-2292	-575	-539	-865	104	268	43	251	1251	251	85457213	
-16576	-531	-2357	-284	-489	-790	105	267	41	252	1256	252	85457213	
-16511	-908	-2436	-92	-457	-718	105	267	43	253	1261	253	85457213	
-16415	-1203	-2510	-2	-447	-658	105	267	47	254	1266	254	85457213	
-16279	-1350	-2576	-15	-467	-624	106	269	44	255	1271	255	85457228	
-16169	-1372	-2684	-88	-505	-596	108	272	40	256	1276	256	85457250	
-16127	-1374	-2804	-164	-549	-566	107	271	40	257	1281	257	85457250	
-16185	-1294	-2860	-245	-605	-547	105	269	41	258	1286	258	85457251	
-16228	-1105	-2789	-347	-656	-533	106	268	42	259	1291	259	85457251	
-16294	-834	-2585	-413	-685	-520	107	267	43	260	1296	260	85457251	
-16374	-649	-2486	-389	-694	-502	107	268	42	261	1301	261	85457251	
-16430	-554	-2401	-251	-706	-466	107	269	41	262	1306	262	85457255	
-16447	-540	-2358	-60	-709	-410	106	270	41	263	1311	263	85457274	
-16408	-609	-2450	98	-698	-348	104	272	42	264	1316	264	85457294	
-16412	-735	-2506	194	-686	-308	103	274	41	265	1321	265	85457295	
-16416	-867	-2508	251	-678	-292	101	277	39	266	1326	266	85457295	
-16376	-946	-2481	283	-674	-280	104	270	42	267	1331	267	85457296	
-16344	-1001	-2453	274	-689	-267	107	263	45	268	1336	268	85457296	
-16312	-1016	-2435	240	-707	-260	105	267	43	269	1341	269	85457297	
-16326	-899	-2393	172	-723	-260	104	270	42	270	1346	270	85457302	
-16313	-739	-2423	98	-725	-271	105	269	45	271	1351	271	85457317	
-16342	-664	-2418	89	-715	-275	105	269	47	272	1356	272	85457325	
-16404	-648	-2352	140	-694	-264	103	269	47	273	1361	273	85457325	
-16441	-644	-2364	225	-663	-239	99	269	47	274	1366	274	85457325	
-16467	-616	-2390	291	-632	-213	103	268	47	275	1371	275	85457325	
-16496	-585	-2298	342	-609	-203	108	266	46	276	1376	276	85457326	
-16525	-559	-2289	415	-579	-197	107	271	49	277	1381	277	85457332	
-16501	-556	-2280	485	-552	-196	107	275	51	278	1386	278	85457350	
-16468	-564	-2282	553	-540	-188	102	271	45	279	1391	279	85457361	
-16453	-610	-2281	596	-524	-182	99	269	41	280	1396	280	85457361	
-16443	-614	-2275	624	-497	-184	100	272	42	281	1401	281	85457361	
