-16744	-1240	3792	-2	295	266	119	65	-19	1	1	1	80181504	
-16618	-712	3616	-75	480	355	119	65	-19	2	6	2	80181504	
-16478	-430	3606	-184	699	380	122	62	-14	3	11	3	80181504	
-16134	-442	3354	-118	816	442	122	62	-14	4	16	4	80181510	
-15810	-164	3500	-92	904	514	113	65	-17	5	21	5	80181538	
-15564	-114	3512	20	821	464	113	65	-17	6	26	6	80181538	
-15386	-222	3426	201	561	574	118	60	-14	7	31	7	80181538	
-15428	-476	3474	254	271	596	118	60	-14	8	36	8	80181538	
-15670	-1032	3670	164	-48	620	116	64	-16	9	41	9	80181538	
-15990	-1480	3880	-79	-297	746	116	64	-16	10	46	10	80181539	
-16286	-1830	4004	-452	-291	906	114	60	-22	11	51	11	80181539	
-16350	-2220	4408	-820	-151	1122	114	60	-22	12	56	12	80181564	
-16124	-2936	4604	-1289	-44	1329	113	59	-11	13	61	13	80181573	
-15924	-3484	4824	-1913	-24	1425	113	59	-11	14	66	14	80181573	
-15830	-4120	4794	-2584	-130	1484	112	72	-14	15	71	15	80181573	
-15866	-4940	4432	-3213	-296	1516	112	72	-14	16	76	16	80181573	
-16204	-5638	4024	-3886	-515	1543	118	66	-14	17	81	17	80181573	
-16652	-6042	3534	-4641	-723	1586	118	66	-14	18	86	18	80181574	
-17066	-6304	2834	-5340	-728	1667	119	59	-15	19	91	19	80181584	
-17128	-6518	2502	-5997	-502	1738	119	59	-15	20	96	20	80181604	
-16720	-6540	2196	-6552	-106	1771	112	60	-18	21	101	21	80181604	
-16272	-6482	2234	-6962	189	1739	112	60	-18	22	106	22	80181604	
-16026	-6194	2062	-7255	222	1656	114	60	-16	23	111	23	80181604	
-15858	-5854	2212	-7455	6	1540	114	60	-16	24	116	24	80181605	
-16038	-5512	2238	-7659	-300	1403	118	60	-16	25	121	25	80181605	
-16156	-5024	2044	-7957	-522	1265	118	60	-16	26	126	26	80181605	
-16256	-4600	1944	-8397	-636	1123	118	62	-18	27	131	27	80181634	
-16444	-4272	2302	-8799	-655	1024	118	62	-18	28	136	28	80181634	
-16638	-3786	2974	-9189	-585	952	122	62	-22	29	141	29	80181635	
-16654	-3188	3594	-9397	-433	906	122	62	-22	30	146	30	80181635	
-16520	-2774	4168	-9442	-326	915	115	65	-17	31	151	31	80181635	
-16432	-2354	4668	-9479	-356	931	115	65	-17	32	156	32	80181635	
-16294	-1994	4898	-9474	-480	921	117	57	-21	33	161	33	80181635	
-16106	-1718	4674	-9391	-570	906	117	57	-21	34	166	34	80181635	
-16000	-1526	4804	-9273	-636	878	119	61	-21	35	171	35	80181667	
-15800	-1456	4936	-9080	-668	867	119	61	-21	36	176	36	80181699	
-15830	-1514	4898	-8847	-718	947	120	64	-26	37	181	37	80181699	
-15722	-1480	4930	-8714	-804	1024	120	64	-26	38	186	38	80181699	
-15832	-1494	4820	-8613	-978	1111	119	69	-25	39	191	39	80181699	
-16102	-1748	4420	-8486	-1124	1296	119	69	-25	40	196	40	80181699	
-16272	-2092	4024	-8445	-1174	1482	120	66	-30	41	201	41	80181713	
-16352	-2436	3658	-8500	-1029	1679	120	66	-30	42	206	42	80181739	
-16160	-2688	3650	-8556	-743	1892	120	58	-30	43	211	43	80181739	
-15934	-3030	3590	-8543	-597	2027	120	58	-30	44	216	44	80181739	
-15782	-3092	3558	-8620	-648	2123	119	61	-23	45	221	45	80181739	
-15662	-2930	3338	-8715	-777	2232	119	61	-23	46	226	46	80181739	
-15694	-3068	3234	-8846	-926	2273	118	68	-28	47	231	47	80181739	
-15820	-3118	3090	-9072	-1050	2236	118	68	-28	48	236	48	80181739	
-16092	-2768	3332	-9288	-1148	2194	116	60	-34	49	241	49	80181739	
-16562	-2994	3786	-9387	-1173	2121	116	60	-34	50	246	50	80181739	
-17142	-3472	4124	-9535	-1037	2061	122	62	-28	51	251	51	80181739	
-17228	-2852	4602	-10013	-725	1992	122	62	-28	52	256	52	80181739	
-16932	-2234	5004	-10405	-513	1900	116	66	-30	53	261	53	80181740	
-16578	-1926	4968	-10557	-466	1817	116	66	-30	54	266	54	80181765	
-16134	-1272	4772	-10689	-468	1748	120	66	-38	55	271	55	80181776	
-15828	-686	4576	-10589	-581	1673	120	66	-38	56	276	56	80181776	
-15608	-422	3972	-10135	-790	1690	124	70	-28	57	281	57	80181776	
-15622	-260	3582	-9565	-1000	1719	124	70	-28	58	286	58	80181776	
-15876	-218	3064	-8939	-1159	1763	117	69	-35	59	291	59	80181776	
-16270	-196	3116	-8350	-1250	1847	117	69	-35	60	296	60	80181787	
-16558	-388	3390	-7972	-1238	1898	121	67	-37	61	301	61	80181812	
-16696	-668	3612	-7742	-1165	1976	121	67	-37	62	306	62	80181812	
-16886	-1010	3570	-7614	-1098	2038	114	62	-34	63	311	63	80181812	
-16924	-1354	3564	-7681	-997	2016	114	62	-34	64	316	64	80181812	
-16944	-1586	3534	-7784	-886	1981	115	65	-41	65	321	65	80181812	
-16896	-1744	3442	-7875	-766	2014	115	65	-41	66	326	66	80181812	
-16670	-2158	3252	-7851	-666	2047	119	65	-35	67	331	67	80181812	
-16468	-2366	2998	-7802	-585	2081	119	65	-35	68	336	68	80181862	
-16426	-2578	2716	-7691	-583	2056	124	70	-40	69	341	69	80181862	
-16728	-2920	2668	-7648	-750	1961	124	70	-40	70	346	70	80181862	
-17134	-3200	2760	-7841	-856	1868	123	67	-43	71	351	71	80181862	
-17108	-3276	2936	-8140	-661	1835	123	67	-43	72	356	72	80181862	
-16700	-3396	3182	-8440	-449	1787	123	61	-37	73	361	73	80181862	
-16586	-3418	3402	-8764	-448	1678	123	61	-37	74	366	74	80181862	
-16460	-3180	3294	-9055	-604	1580	123	65	-43	75	371	75	80181870	
-16240	-3036	3262	-9229	-653	1548	123	65	-43	76	376	76	80181900	
-16416	-2832	3000	-9378	-690	1546	119	65	-41	77	381	77	80181902	
-16476	-3104	3320	-9439	-813	1622	119	65	-41	78	386	78	80181902	
-16414	-2800	3518	-9317	-890	1768	123	65	-43	79	391	79	80181902	
-16014	-2112	3920	-9138	-529	1869	123	65	-43	80	396	80	80181902	
-15320	-2024	3826	-8670	-379	1940	116	72	-44	81	401	81	80181902	
-15376	-2058	3658	-8347	-835	1897	116	72	-44	82	406	82	80181902	
-15930	-1894	3604	-8299	-1394	1765	122	68	-46	83	411	83	80181902	
-16630	-1928	3370	-8278	-1537	1684	122	68	-46	84	416	84	80181937	
-16768	-2040	3204	-8156	-1152	1729	123	67	-45	85	421	85	80181937	
-16414	-1920	3698	-8099	-702	1849	123	67	-45	86	426	86	80181937	
-16216	-2242	4106	-7841	-586	1905	118	64	-52	87	431	87	80181937	
-16150	-2524	4106	-7554	-668	1973	118	64	-52	88	436	88	80181937	
-16098	-2518	4264	-7396	-758	1921	117	67	-57	89	441	89	80181937	
-16082	-2438	4140	-7251	-827	1799	117	67	-57	90	446	90	80181937	
-16154	-2498	3924	-7176	-954	1791	118	70	-52	91	451	91	80181937	
-16148	-2834	3558	-7111	-1109	1845	118	70	-52	92	456	92	80181938	
-16074	-3158	3104	-7047	-1112	1880	120	72	-54	93	461	93	80181977	
-15786	-2958	3400	-7089	-1036	1927	120	72	-54	94	466	94	80181979	
-15718	-2922	3702	-7148	-1178	1946	123	67	-51	95	471	95	80181983	
-16038	-3352	3654	-7099	-1398	1959	123	67	-51	96	476	96	80181983	
-16424	-3320	3810	-7353	-1505	1913	114	72	-50	97	481	97	80181984	
-16702	-3062	4058	-7615	-1333	1814	114	72	-50	98	486	98	80181984	
-16754	-2730	4230	-7800	-1022	1787	118	66	-52	99	491	99	80181984	
-16568	-2588	3892	-7973	-823	1810	118	66	-52	100	496	100	80181985	
-16286	-2386	4156	-8113	-675	1828	123	69	-49	101	501	101	80182016	
-15982	-1876	4566	-8339	-572	1871	123	69	-49	102	506	102	80182016	
-15884	-1914	4648	-8201	-622	1938	113	69	-59	103	511	103	80182016	
-15970	-1928	4348	-8007	-921	2022	113	69	-59	104	516	104	80182016	
-16200	-1522	4126	-7818	-1201	2051	117	73	-59	105	521	105	80182016	
-16482	-1202	3800	-7345	-1215	2160	117	73	-59	106	526	106	80182016	
-16348	-1296	3438	-6711	-1094	2367	112	68	-60	107	531	107	80182016	
-16260	-1588	3178	-6216	-959	2510	112	68	-60	108	536	108	80182026	
-15922	-1654	3328	-5922	-781	2589	119	75	-55	109	541	109	80182051	
-15644	-1518	3788	-5792	-718	2654	119	75	-55	110	546	110	80182051	
-15590	-1904	3712	-5513	-874	2662	116	72	-58	111	551	111	80182051	
-15830	-2248	3422	-5309	-1225	2650	116	72	-58	112	556	112	80182051	
-16050	-2100	3514	-5141	-1460	2651	119	69	-59	113	561	113	80182051	
-16050	-2260	3554	-4703	-1506	2641	119	69	-59	114	566	114	80182051	
-15972	-2666	3534	-4062	-1451	2713	118	72	-62	115	571	115	80182051	
-15746	-3064	3410	-3405	-1527	2794	118	72	-62	116	576	116	80182051	
-15714	-3322	3644	-2878	-1750	2801	113	79	-55	117	581	117	80182081	
-15944	-3362	4084	-2563	-2000	2796	113	79	-55	118	586	118	80182089	
-16216	-3418	4114	-2257	-2338	2802	115	75	-63	119	591	119	80182089	
-16742	-3510	3930	-2075	-2663	2809	115	75	-63	120	596	120	80182089	
-17276	-3528	3654	-2063	-2806	2783	113	77	-63	121	601	121	80182090	
-17730	-3342	3282	-2044	-2598	2769	113	77	-63	122	606	122	80182090	
-18076	-3352	3068	-1991	-2149	2835	114	78	-64	123	611	123	80182090	
-18124	-3316	2994	-2061	-1572	2963	114	78	-64	124	616	124	80182101	
-18142	-3206	3222	-2463	-878	2971	111	79	-61	125	621	125	80182127	
-17880	-3174	3488	-3183	-175	2861	111	79	-61	126	626	126	80182127	
-17406	-3134	3356	-4130	532	2720	108	70	-66	127	631	127	80182127	
-16656	-3160	3408	-5182	1076	2570	108	70	-66	128	636	128	80182127	
-16148	-3180	3758	-6139	1158	2421	113	77	-59	129	641	129	80182127	
-15858	-2940	3912	-6965	902	2361	113	77	-59	130	646	130	80182127	
-15722	-2728	4250	-7644	518	2341	110	68	-64	131	651	131	80182128	
-15728	-2288	4356	-8185	-71	2350	110	68	-64	132	656	132	80182164	
-16112	-1704	4300	-8604	-675	2425	111	79	-61	133	661	133	80182164	
-16678	-1084	4132	-8816	-1132	2614	111	79	-61	134	666	134	80182165	
-17098	-624	4004	-8819	-1303	2910	108	70	-68	135	671	135	80182165	
-17314	-342	3622	-8750	-1086	3193	108	70	-68	136	676	136	80182165	
-17264	42	3348	-8742	-541	3365	114	74	-58	137	681	137	80182165	
-16978	332	3036	-8693	96	3474	114	74	-58	138	686	138	80182165	
-16616	514	2770	-8536	611	3577	118	76	-64	139	691	139	80182175	
-16258	578	2470	-8142	946	3668	118	76	-64	140	696	140	80182207	
-16066	482	2338	-7556	1089	3700	111	77	-71	141	701	141	80182207	
-15984	170	2054	-6846	1115	3686	111	77	-71	142	706	142	80182207	
-16076	-246	1874	-6196	1117	3661	107	79	-69	143	711	143	80182207	
-16264	-682	1784	-5602	1212	3625	107	79	-69	144	716	144	80182207	
-16330	-1222	1764	-5120	1430	3630	104	74	-72	145	721	145	80182207	
-16302	-1694	2044	-4825	1743	3612	104	74	-72	146	726	146	80182207	
-16114	-1836	2566	-4750	2049	3569	109	75	-73	147	731	147	80182245	
-16236	-2088	3116	-4819	2228	3518	109	75	-73	148	736	148	80182245	
-16334	-2324	3674	-5033	2299	3486	111	85	-71	149	741	149	80182245	
-16420	-2644	4268	-5421	2429	3454	111	85	-71	150	746	150	80182245	
-16186	-2788	5040	-5976	2531	3416	112	80	-68	151	751	151	80182245	
-15722	-2592	5520	-6653	2369	3301	112	80	-68	152	756	152	80182245	
-15522	-2148	5760	-7293	1923	3109	108	78	-70	153	761	153	80182245	
-15718	-1552	5620	-7708	1369	2921	108	78	-70	154	766	154	80182245	
-15850	-1070	5188	-7783	953	2920	108	82	-72	155	771	155	80182254	
-15982	-932	4630	-7608	740	2993	108	82	-72	156	776	156	80182282	
-15994	-904	4260	-7267	606	3137	111	81	-75	157	781	157	80182282	
-16240	-1196	3614	-6838	495	3306	111	81	-75	158	786	158	80182282	
-16634	-1402	2956	-6382	401	3498	110	78	-76	159	791	159	80182282	
-17140	-1708	2356	-6003	599	3715	110	78	-76	160	796	160	80182282	
-17222	-2042	2214	-5810	1242	3894	106	80	-74	161	801	161	80182282	
-16944	-2128	2134	-5813	2095	4001	106	80	-74	162	806	162	80182282	
-16350	-2334	2174	-5915	2757	4100	106	80	-74	163	811	163	80182293	
-16026	-2500	1918	-6119	3035	4127	107	81	-75	164	816	164	80182364	
-16082	-2776	1822	-6465	3111	4128	105	79	-77	165	821	165	80182374	
-16112	-2858	1882	-6909	3147	4191	105	79	-77	166	826	166	80182374	
-16208	-2872	2168	-7397	3154	4265	107	79	-79	167	831	167	80182374	
-16456	-2922	2530	-7898	3041	4328	107	79	-79	168	836	168	80182374	
-16992	-2812	2714	-8373	2762	4467	108	86	-74	169	841	169	80182374	
-17570	-2408	2932	-8793	2447	4620	108	86	-74	170	846	170	80182375	
-18290	-2072	2852	-9161	2191	4812	104	78	-84	171	851	171	80182403	
-18910	-1736	2894	-9556	2068	4955	104	78	-84	172	856	172	80182403	
-19336	-1408	2594	-9975	2292	5002	103	85	-83	173	861	173	80182403	
-19474	-1034	2184	-10464	2840	4963	103	85	-83	174	866	174	80182403	
-19150	-570	1982	-11051	3573	4850	104	86	-76	175	871	175	80182403	
-18686	60	1802	-11536	4287	4578	104	86	-76	176	876	176	80182403	
-18120	532	1696	-11840	4926	4315	101	81	-79	177	881	177	80182403	
-17690	1274	1644	-12020	5351	4092	101	81	-79	178	886	178	80182403	
-17390	1846	1656	-12136	5644	3982	97	81	-83	179	891	179	80182403	
-17396	2484	1550	-12256	5751	3987	97	81	-83	180	896	180	80182403	
-17622	3250	876	-12462	5912	4120	101	81	-83	181	901	181	80182403	
-17676	3924	614	-12750	6390	4266	101	81	-83	182	906	182	80182403	
-17758	4448	1094	-13081	6728	4128	101	85	-87	183	911	183	80182403	
-17856	4552	1108	-13065	6822	3985	101	85	-87	184	916	184	80182411	
-17370	4214	1400	-12946	7179	3991	94	84	-90	185	921	185	80182411	
-16878	4130	2402	-12755	7750	3863	94	84	-90	186	926	186	80182411	
-16310	3932	3348	-11987	8047	3633	101	89	-89	187	931	187	80182422	
-16008	3660	3648	-10449	7790	3278	101	89	-89	188	936	188	80182446	
-16072	3220	3394	-8435	7172	2752	94	86	-94	189	941	189	80182452	
-16332	2636	2996	-6224	6590	2217	94	86	-94	190	946	190	80182452	
-16506	1796	2412	-3811	6132	1842	90	86	-94	191	951	191	80182452	
-16520	598	1990	-1414	5809	1654	90	86	-94	192	956	192	80182453	
-16540	-740	1790	785	5465	1433	91	87	-91	193	961	193	80182453	
-16632	-2040	1698	2675	5031	1213	91	87	-91	194	966	194	80182453	
-16862	-3438	1816	4044	4615	974	96	84	-90	195	971	195	80182507	
-17386	-4776	2020	4771	4319	773	96	84	-90	196	976	196	80182508	
-17602	-6042	2438	4840	4390	677	94	84	-94	197	981	197	80182508	
-17480	-6940	2834	4320	4726	618	94	84	-94	198	986	198	80182508	
-17128	-7702	3198	3411	4965	477	91	81	-95	199	991	199	80182508	
-16794	-8384	3384	2177	5010	212	91	81	-95	200	996	200	80182508	
-16424	-8770	3502	545	4879	-109	90	86	-96	201	1001	201	80182508	
-16170	-9000	3602	-1353	4578	-407	90	86	-96	202	1006	202	80182508	
-15888	-9350	3408	-3486	4107	-680	94	84	-96	203	1011	203	80182515	
-15856	-9510	3356	-5825	3545	-900	94	84	-96	204	1016	204	80182545	
-16016	-9656	3338	-8310	2959	-1063	99	81	-93	205	1021	205	80182545	
-16280	-9532	3252	-10839	2481	-1177	99	81	-93	206	1026	206	80182545	
-16402	-9312	3360	-13345	2164	-1239	96	80	-102	207	1031	207	80182545	
-16560	-8762	3624	-15735	1869	-1320	96	80	-102	208	1036	208	80182545	
-16770	-8130	3900	-17929	1591	-1406	94	82	-100	209	1041	209	80182546	
-16984	-7192	4186	-19867	1388	-1533	94	82	-100	210	1046	210	80182546	
-17222	-6114	4220	-21499	1339	-1700	100	82	-102	211	1051	211	80182546	
-17312	-4922	4226	-22825	1493	-1900	100	82	-102	212	1056	212	80182546	
-17138	-3720	4398	-23920	1840	-2122	91	77	-97	213	1061	213	80182546	
-16714	-2632	4506	-24784	2286	-2355	91	77	-97	214	1066	214	80182546	
-16296	-1732	4780	-25432	2673	-2595	88	82	-100	215	1071	215	80182546	
-15968	-1096	4998	-25964	2960	-2819	88	82	-100	216	1076	216	80182553	
-15922	-1124	4672	-26279	3215	-3079	88	76	-108	217	1081	217	80182553	
-16100	-1090	4120	-26729	3460	-3289	88	76	-108	218	1086	218	80182564	
-16398	-1070	4250	-27231	3631	-3461	82	80	-108	219	1091	219	80182590	
-16904	-1262	3782	-27497	3828	-3551	82	80	-108	220	1096	220	80182590	
-17148	-1126	3564	-27576	4216	-3503	84	76	-114	221	1101	221	80182590	
-16882	-842	3622	-27334	4601	-3315	84	76	-114	222	1106	222	80182590	
-16440	-436	3590	-26731	4769	-3183	82	80	-116	223	1111	223	80182590	
-16242	-100	3130	-25875	4678	-3144	82	80	-116	224	1116	224	80182590	
-16076	592	3560	-25054	4399	-3195	76	76	-124	225	1121	225	80182590	
-16728	1464	3702	-23608	4242	-3455	76	76	-124	226	1126	226	80182590	
-17054	1544	3178	-21822	4454	-3445	82	74	-124	227	1131	227	80182601	
-16960	1724	3382	-20396	4849	-3533	82	74	-124	228	1136	228	80182627	
-16556	1614	4032	-19111	5211	-3695	74	74	-130	229	1141	229	80182638	
-16030	1738	4706	-17495	5301	-3857	74	74	-130	230	1146	230	80182638	
-15282	1112	4726	-15975	5236	-4083	75	77	-129	231	1151	231	80182638	
-14714	1166	5364	-14988	4614	-4428	75	77	-129	232	1156	232	80182638	
-14436	1224	5598	-14030	3345	-4681	71	69	-127	233	1161	233	80182638	
-14770	1302	5332	-13175	1920	-4811	71	69	-127	234	1166	234	80182639	
-15352	1514	4978	-12493	872	-4861	73	69	-125	235	1171	235	80182665	
-15738	1628	4612	-11895	435	-4698	73	69	-125	236	1176	236	80182676	
-15780	1778	4582	-11402	572	-4441	69	69	-131	237	1181	237	80182676	
-15380	1744	4828	-11080	863	-4146	69	69	-131	238	1186	238	80182676	
-14534	1598	5084	-10910	1034	-3851	69	71	-131	239	1191	239	80182676	
-13800	1524	5318	-10902	975	-3679	69	71	-131	240	1196	240	80182676	
-13364	1438	5518	-10973	498	-3589	70	72	-132	241	1201	241	80182676	
-13542	1644	5338	-11059	-243	-3470	70	72	-132	242	1206	242	80182676	
-14096	1958	5280	-11110	-875	-3288	67	67	-133	243	1211	243	80182702	
-14588	2438	5108	-11054	-1223	-3035	67	67	-133	244	1216	244	80182713	
-15078	2798	4938	-10815	-1362	-2754	68	64	-134	245	1221	245	80182713	
-15656	3182	4462	-10508	-1417	-2566	68	64	-134	246	1226	246	80182713	
-16480	3218	4168	-10175	-1524	-2375	64	72	-134	247	1231	247	80182713	
-17908	3222	3226	-9848	-1769	-2081	64	72	-134	248	1236	248	80182713	
-19736	3252	2314	-9665	-1799	-1670	60	70	-136	249	1241	249	80182713	
-21034	3260	1950	-9704	-1505	-1139	60	70	-136	250	1246	250	80182721	
-21152	2922	2534	-9675	-842	-732	63	67	-133	251	1251	251	80182751	
-19444	2500	3712	-9500	30	-610	63	67	-133	252	1256	252	80182751	
-17186	2536	4534	-8991	542	-732	60	64	-134	253	1261	253	80182751	
-15068	3042	5960	-8114	86	-967	60	64	-134	254	1266	254	80182751	
-13888	3918	7648	-6740	-1329	-1256	61	63	-137	255	1271	255	80182751	
-13696	4204	8184	-4856	-3153	-1397	61	63	-137	256	1276	256	80182751	
-13566	4324	8350	-3141	-4422	-1422	57	69	-135	257	1281	257	80182751	
-13122	4812	8934	-1659	-4927	-1315	57	69	-135	258	1286	258	80182788	
-12502	5040	9252	-108	-5386	-1090	57	71	-141	259	1291	259	80182788	
-12358	4744	9182	1359	-6156	-858	57	71	-141	260	1296	260	80182788	
-12508	4356	8616	2663	-7325	-616	59	71	-139	261	1301	261	80182788	
-13276	3708	7632	3647	-8389	-357	59	71	-139	262	1306	262	80182788	
-14330	2958	6914	4229	-9233	-126	61	69	-139	263	1311	263	80182788	
-15782	2088	6250	4505	-9989	331	61	69	-139	264	1316	264	80182789	
-17486	1150	5826	4522	-10568	875	58	64	-138	265	1321	265	80182800	
-19330	268	5638	4207	-10694	1282	58	64	-138	266	1326	266	80182829	
-21086	-690	5844	3805	-10330	1552	55	71	-135	267	1331	267	80182830	
-21974	-2066	5444	3513	-9505	1796	55	71	-135	268	1336	268	80182830	
-22012	-2890	5170	2838	-8410	1810	55	63	-135	269	1341	269	80182830	
-21254	-3650	4918	2221	-7500	1674	55	63	-135	270	1346	270	80182830	
-20096	-4340	4470	1721	-6981	1397	59	73	-131	271	1351	271	80182830	
-18760	-4342	3760	1030	-6851	935	59	73	-131	272	1356	272	80182830	
-17702	-4274	2934	348	-7014	411	61	73	-133	273	1361	273	80182867	
-16766	-3744	2168	-316	-7250	-53	61	73	-133	274	1366	274	80182867	
-15958	-3260	1846	-855	-7416	-484	63	73	-129	275	1371	275	80182867	
-15334	-2758	1298	-1169	-7580	-857	63	73	-129	276	1376	276	80182867	
-14924	-2344	864	-1389	-7713	-1136	59	75	-133	277	1381	277	80182867	
-14882	-2314	638	-1360	-7929	-1392	59	75	-133	278	1386	278	80182867	
-15102	-2398	636	-1281	-8206	-1571	55	75	-137	279	1391	279	80182868	
-15450	-2624	1116	-1209	-8354	-1664	55	75	-137	280	1396	280	80182868	
-15622	-2692	1428	-1131	-8345	-1731	63	81	-129	281	1401	281	80182875	
-15788	-3020	1882	-982	-8200	-1788	63	81	-129	282	1406	282	80182904	
-15486	-3226	2292	-942	-8133	-1794	63	79	-131	283	1411	283	80182908	
-15460	-3422	2614	-937	-8246	-1869	63	79	-131	284	1416	284	80182908	
-15290	-3384	2758	-988	-8506	-1981	53	75	-127	285	1421	285	80182908	
-15736	-3046	2974	-1241	-8747	-2253	53	75	-127	286	1426	286	80182908	
-16168	-2308	3288	-1409	-9215	-2170	66	80	-124	287	1431	287	80182908	
-16648	-1890	2956	-1380	-9467	-1820	66	80	-124	288	1436	288	80182908	
-17326	-1424	2718	-1817	-9125	-1822	61	77	-125	289	1441	289	80182934	
-17710	-756	2250	-2202	-8500	-1522	61	77	-125	290	1446	290	80182943	
-17506	-202	1908	-2794	-7471	-1158	67	79	-125	291	1451	291	80182943	
-17276	-162	1962	-3425	-6394	-1118	67	79	-125	292	1456	292	80182943	
-17088	-106	1736	-3760	-5669	-967	64	78	-126	293	1461	293	80182944	
-17014	30	1478	-4058	-5075	-763	64	78	-126	294	1466	294	80182944	
-17084	442	1266	-4256	-4576	-656	67	85	-123	295	1471	295	80182944	
-17070	896	1232	-4237	-4280	-500	67	85	-123	296	1476	296	80182954	
-17226	822	1302	-3990	-4162	-463	59	85	-123	297	1481	297	80182981	
-17356	792	1432	-3634	-4152	-435	59	85	-123	298	1486	298	80182981	
-17314	436	1564	-3166	-4052	-387	58	86	-126	299	1491	299	80182981	
-17088	260	1894	-2671	-3839	-353	58	86	-126	300	1496	300	80182981	
-16742	-108	2130	-2087	-3674	-339	59	87	-125	301	1501	301	80182981	
-16404	-616	2424	-1528	-3680	-293	59	87	-125	302	1506	302	80182981	
-16272	-1198	2802	-1153	-3872	-286	57	81	-129	303	1511	303	80182981	
-16486	-1262	2982	-995	-4154	-372	57	81	-129	304	1516	304	80182981	
-16918	-1668	3144	-874	-4429	-401	59	87	-121	305	1521	305	80183007	
-17360	-1964	3132	-844	-4539	-329	59	87	-121	306	1526	306	80183020	
-17502	-2032	3428	-988	-4344	-270	61	85	-123	307	1531	307	80183020	
-17400	-1912	3422	-1212	-3991	-266	61	85	-123	308	1536	308	80183021	
-17252	-1722	3442	-1481	-3629	-265	59	83	-125	309	1541	309	80183021	
-17130	-2034	3348	-1674	-3325	-304	59	83	-125	310	1546	310	80183021	
-16888	-2044	3260	-1949	-3062	-292	60	82	-118	311	1551	311	80183021	
-16700	-2074	3228	-2191	-2768	-307	60	82	-118	312	1556	312	80183032	
-16490	-2138	3182	-2316	-2544	-267	54	82	-124	313	1561	313	80183062	
-16302	-2190	3328	-2414	-2461	-248	54	82	-124	314	1566	314	80183062	
-16404	-2072	3442	-2464	-2483	-198	57	85	-121	315	1571	315	80183062	
-16492	-1940	3300	-2480	-2548	-143	57	85	-121	316	1576	316	80183062	
-16662	-1856	3412	-2490	-2611	-113	64	82	-122	317	1581	317	80183062	
-17032	-1622	3426	-2487	-2608	-63	64	82	-122	318	1586	318	80183062	
-17330	-1454	3254	-2367	-2412	19	64	86	-122	319	1591	319	80183062	
-17394	-1286	3240	-2237	-2074	32	64	86	-122	320	1596	320	80183087	
-17364	-878	3306	-2032	-1718	48	62	88	-122	321	1601	321	80183112	
-17198	-848	3264	-1717	-1479	29	62	88	-122	322	1606	322	80183112	
-17260	-832	3176	-1432	-1408	-15	63	87	-119	323	1611	323	80183112	
-17466	-922	3138	-1214	-1381	-71	63	87	-119	324	1616	324	80183112	
-17614	-952	3182	-1117	-1279	-103	59	83	-123	325	1621	325	80183112	
-17652	-912	3028	-1097	-1067	-109	59	83	-123	326	1626	326	80183112	
-17606	-792	3070	-1113	-802	-116	59	89	-119	327	1631	327	80183112	
-17566	-682	3076	-1066	-567	-110	59	89	-119	328	1636	328	80183120	
-17452	-690	3156	-1014	-371	-86	55	85	-125	329	1641	329	80183142	
-17520	-556	3246	-975	-169	-81	55	85	-125	330	1646	330	80183142	
-17446	-614	3578	-896	-20	-44	57	87	-127	331	1651	331	80183142	
-17504	-702	3574	-844	91	18	57	87	-127	332	1656	332	80183142	
-17504	-826	3792	-833	283	92	58	84	-122	333	1661	333	80183142	
-17040	-916	3964	-831	576	155	58	84	-122	334	1666	334	80183142	
-16550	-1038	4014	-804	703	175	56	84	-124	335	1671	335	80183142	
-16274	-1176	4002	-723	683	161	56	84	-124	336	1676	336	80183180	
-16104	-1354	3838	-635	613	168	56	92	-124	337	1681	337	80183181	
-15924	-1602	3860	-565	560	170	56	92	-124	338	1686	338	80183181	
-15724	-1908	3916	-519	505	198	60	90	-116	339	1691	339	80183181	
-15748	-2122	3848	-551	405	215	60	90	-116	340	1696	340	80183181	
-15764	-2374	3890	-586	309	213	59	89	-121	341	1701	341	80183182	
-16014	-2502	3816	-694	274	227	59	89	-121	342	1706	342	80183182	
-16046	-2690	3986	-799	299	254	61	83	-121	343	1711	343	80183182	
-16148	-2710	4144	-916	373	289	61	83	-121	344	1716	344	80183182	
-16222	-2688	4336	-1060	454	308	59	83	-117	345	1721	345	80183182	
-16210	-2686	4456	-1222	520	334	59	83	-117	346	1726	346	80183189	
-16216	-2670	4708	-1402	583	350	64	90	-120	347	1731	347	80183206	
-16100	-2500	5072	-1647	682	333	64	90	-120	348	1736	348	80183216	
-15978	-2422	5240	-1856	704	320	55	87	-125	349	1741	349	80183216	
-15900	-2422	5234	-1965	619	298	55	87	-125	350	1746	350	80183217	
-15934	-2182	5320	-2066	507	239	56	84	-126	351	1751	351	80183217	
-16010	-2060	5500	-2111	454	225	56	84	-126	352	1756	352	80183226	
-15918	-2020	5292	-2106	438	247	56	88	-122	353	1761	353	80183254	
-15788	-1702	5284	-2085	392	229	56	88	-122	354	1766	354	80183254	
-15898	-1602	5146	-1969	279	212	54	84	-124	355	1771	355	80183255	
-15978	-1566	5138	-1781	191	221	54	84	-124	356	1776	356	80183255	
-15918	-1500	4936	-1558	186	201	62	92	-122	357	1781	357	80183255	
-15846	-1424	4810	-1352	176	141	62	92	-122	358	1786	358	80183255	
-15876	-1374	4760	-1111	102	53	56	86	-128	359	1791	359	80183255	
-16006	-1312	4708	-872	1	-16	56	86	-128	360	1796	360	80183292	
-16074	-1220	4778	-624	-49	-17	58	86	-118	361	1801	361	80183292	
-16070	-1260	5066	-409	-23	-27	58	86	-118	362	1806	362	80183292	
-15964	-1302	5046	-274	29	-41	59	85	-125	363	1811	363	80183292	
-15958	-1336	5084	-225	-9	-69	59	85	-125	364	1816	364	80183292	
-16108	-1348	5068	-237	-109	-71	59	87	-119	365	1821	365	80183292	
-16436	-1338	5040	-286	-201	-24	59	87	-119	366	1826	366	80183292	
-16652	-1442	4952	-411	-187	71	53	81	-123	367	1831	367	80183304	
-16872	-1406	4692	-504	-97	201	53	81	-123	368	1836	368	80183332	
-17040	-1566	4476	-606	22	300	50	84	-130	369	1841	369	80183332	
-17208	-1602	4292	-689	162	405	50	84	-130	370	1846	370	80183332	
-17318	-1532	3996	-812	387	495	50	82	-132	371	1851	371	80183332	
-17284	-1476	3762	-933	659	586	50	82	-132	372	1856	372	80183332	
-17174	-1304	3678	-1082	930	642	54	84	-124	373	1861	373	80183332	
-16900	-1272	3554	-1193	1170	690	54	84	-124	374	1866	374	80183332	
-16848	-1188	3584	-1268	1364	738	53	85	-125	375	1871	375	80183369	
-16772	-1060	3614	-1353	1496	758	53	85	-125	376	1876	376	80183370	
-16784	-1030	3824	-1369	1569	764	56	84	-124	377	1881	377	80183370	
-16814	-1156	3768	-1310	1618	799	56	84	-124	378	1886	378	80183370	
-16634	-1182	3924	-1221	1702	790	57	89	-123	379	1891	379	80183371	
-16466	-1178	4076	-1095	1764	773	57	89	-123	380	1896	380	80183371	
-16324	-1386	4178	-860	1748	755	56	86	-122	381	1901	381	80183371	
-16300	-1510	4202	-637	1676	713	56	86	-122	382	1906	382	80183371	
-16412	-1792	4160	-401	1596	678	57	85	-123	383	1911	383	80183379	
-16402	-2054	4014	-197	1566	658	57	85	-123	384	1916	384	80183407	
-16396	-2132	4076	-77	1586	613	54	84	-128	385	1921	385	80183407	
-16356	-2458	4040	40	1591	559	54	84	-128	386	1926	386	80183407	
-16338	-2696	4032	106	1588	524	53	81	-123	387	1931	387	80183407	
-16448	-2694	4138	66	1635	461	53	81	-123	388	1936	388	80183407	
-16516	-2796	4170	66	1702	439	54	82	-130	389	1941	389	80183407	
-16536	-2746	4086	-29	1773	476	54	82	-130	390	1946	390	80183407	
-16538	-2318	4220	-262	1976	459	58	86	-124	391	1951	391	80183434	
-16416	-2246	4144	-377	2150	463	58	86	-124	392	1956	392	80183444	
-16430	-2176	4206	-497	2240	521	58	88	-126	393	1961	393	80183444	
-16466	-1928	4284	-666	2333	547	58	88	-126	394	1966	394	80183444	
-16402	-1764	4448	-799	2440	595	55	85	-121	395	1971	395	80183444	
-16352	-1536	4580	-855	2501	622	55	85	-121	396	1976	396	80183445	
-16270	-1530	4584	-915	2510	642	54	90	-126	397	1981	397	80183445	
-16210	-1406	4586	-1020	2513	654	54	90	-126	398	1986	398	80183453	
-16084	-1022	4504	-1163	2497	632	55	93	-123	399	1991	399	80183482	
-15944	-938	4422	-1196	2428	616	55	93	-123	400	1996	400	80183482	
-16106	-866	4266	-1138	2262	638	59	85	-121	401	2001	401	80183482	
-16144	-674	4146	-1054	2165	673	59	85	-121	402	2006	402	80183482	
-16320	-610	3866	-897	2137	746	54	84	-124	403	2011	403	80183482	
-16394	-618	3616	-691	2157	826	54	84	-124	404	2016	404	80183482	
-16450	-624	3372	-476	2249	877	54	82	-124	405	2021	405	80183482	
-16530	-808	3172	-208	2342	919	54	82	-124	406	2026	406	80183558	
-16512	-1084	3176	1	2461	924	50	78	-130	407	2031	407	80183558	
-16530	-1240	3236	164	2559	890	50	78	-130	408	2036	408	80183558	
-16564	-1474	3276	302	2655	873	53	81	-129	409	2041	409	80183558	
-16630	-1794	3310	427	2814	869	53	81	-129	410	2046	410	80183558	
-16452	-1938	3428	430	3005	883	59	87	-123	411	2051	411	80183558	
-16320	-1896	3404	426	3137	872	59	87	-123	412	2056	412	80183559	
-16180	-2050	3394	464	3136	845	55	81	-121	413	2061	413	80183559	
-16186	-2050	3200	466	3083	822	55	81	-121	414	2066	414	80183619	
-16260	-2058	3100	410	3021	797	55	75	-129	415	2071	415	80183637	
-16398	-2058	2946	333	2928	776	55	75	-129	416	2076	416	80183637	
-16704	-1968	2954	219	2807	762	56	80	-130	417	2081	417	80183637	
-17092	-2074	2962	127	2757	762	56	80	-130	418	2086	418	80183638	
-17344	-2022	2984	71	2892	806	51	81	-127	419	2091	419	80183638	
-17324	-2006	2940	54	3199	874	51	81	-127	420	2096	420	80183638	
-17124	-1882	3046	67	3501	943	54	78	-128	421	2101	421	80183638	
-16800	-1742	3152	87	3718	934	54	78	-128	422	2106	422	80183638	
-16556	-1610	3444	13	3842	840	49	77	-129	423	2111	423	80183638	
-16388	-1600	3630	5	3829	764	49	77	-129	424	2116	424	80183638	
-16368	-1556	3604	-6	3723	749	51	79	-127	425	2121	425	80183646	
-16350	-1260	3674	-100	3657	695	51	79	-127	426	2126	426	80183675	
-16470	-1090	3390	-85	3614	645	55	77	-131	427	2131	427	80183675	
-16678	-928	3082	-96	3579	674	55	77	-131	428	2136	428	80183675	
-17098	-660	2700	-230	3600	694	52	80	-130	429	2141	429	80183675	
-17398	-290	2642	-245	3854	726	52	80	-130	430	2146	430	80183675	
-17342	-422	2442	-227	4347	805	56	86	-128	431	2151	431	80183675	
-17156	-108	2472	-323	4862	933	56	86	-128	432	2156	432	80183676	
-16940	70	2778	-312	5278	958	57	87	-129	433	2161	433	80183676	
-16718	-50	2876	-107	5517	1053	57	87	-129	434	2166	434	80183676	
-16332	276	3146	78	5602	1132	55	77	-131	435	2171	435	80183676	
-15926	252	3314	349	5526	1103	55	77	-131	436	2176	436	80183676	
-15556	132	3438	683	5279	1030	54	80	-132	437	2181	437	80183676	
-15418	328	3580	987	4889	936	54	80	-132	438	2186	438	80183680	
-15746	-8	3712	1470	4413	882	56	78	-130	439	2191	439	80183680	
-16246	-368	3714	2071	4010	919	56	78	-130	440	2196	440	80183680	
-16470	-620	3756	2649	3846	941	58	76	-126	441	2201	441	80183681	
-16598	-814	3700	3222	3835	949	58	76	-126	442	2206	442	80183681	
-16518	-1108	3718	3630	3845	893	50	74	-132	443	2211	443	80183691	
-16730	-1324	3564	3866	3799	823	50	74	-132	444	2216	444	80183708	
-16918	-1552	3658	3886	3789	761	53	75	-131	445	2221	445	80183712	
-17008	-1624	4016	3817	3859	713	53	75	-131	446	2226	446	80183712	
-17050	-1670	4502	3670	3962	693	57	77	-137	447	2231	447	80183712	
-16842	-1460	4810	3552	4040	682	57	77	-137	448	2236	448	80183712	
-16606	-1282	5052	3426	4080	693	59	71	-133	449	2241	449	80183712	
-16144	-880	5076	3362	4060	698	59	71	-133	450	2246	450	80183712	
-15832	-372	4890	3391	3886	677	55	75	-131	451	2251	451	80183712	
-15666	6	4604	3518	3618	671	55	75	-131	452	2256	452	80183718	
-15660	176	4440	3680	3395	709	58	78	-134	453	2261	453	80183750	
-15758	372	4158	3863	3284	753	58	78	-134	454	2266	454	80183751	
-16024	370	4000	4025	3213	820	58	78	-136	455	2271	455	80183751	
-16350	560	4090	4182	3147	944	58	78	-136	456	2276	456	80183751	
-16632	858	4194	4317	3135	1133	62	74	-126	457	2281	457	80183751	
-16542	1198	4368	4473	3247	1333	62	74	-126	458	2286	458	80183751	
-16340	1450	4620	4631	3378	1462	67	69	-123	459	2291	459	80183751	
-16154	1528	4856	4828	3363	1532	67	69	-123	460	2296	460	80183777	
-16174	1504	5056	5138	3240	1593	60	76	-128	461	2301	461	80183788	
-16216	1588	5166	5627	3093	1667	60	76	-128	462	2306	462	80183788	
-16152	1756	5064	6287	2852	1735	55	73	-135	463	2311	463	80183788	
-16276	1824	4614	7047	2531	1737	55	73	-135	464	2316	464	80183788	
-16576	1872	4172	7831	2188	1645	59	73	-129	465	2321	465	80183788	
-16990	1810	3430	8569	1948	1579	59	73	-129	466	2326	466	80183789	
-17376	1526	2830	9186	1975	1513	65	79	-129	467	2331	467	80183789	
-17680	902	2376	9702	2306	1457	65	79	-129	468	2336	468	80183797	
-17622	428	2088	10023	2788	1458	67	75	-131	469	2341	469	80183825	
-17590	58	1990	10185	3204	1452	67	75	-131	470	2346	470	80183826	
-17540	-286	1794	10311	3421	1436	61	75	-127	471	2351	471	80183826	
-17444	-262	1642	10363	3496	1451	61	75	-127	472	2356	472	80183826	
-17360	-382	1574	10426	3529	1502	64	76	-128	473	2361	473	80183826	
-17146	-468	1392	10464	3560	1598	64	76	-128	474	2366	474	80183826	
-16972	-434	1412	10392	3570	1709	70	74	-124	475	2371	475	80183826	
-16740	-540	1514	10224	3499	1812	70	74	-124	476	2376	476	80183863	
-16632	-324	1704	9957	3336	1902	68	78	-128	477	2381	477	80183863	
-16482	-130	1816	9618	3122	2012	68	78	-128	478	2386	478	80183863	
-16354	222	2008	9182	2923	2145	69	69	-131	479	2391	479	80183863	
-16216	408	2184	8768	2685	2362	69	69	-131	480	2396	480	80183863	
-16080	742	2444	8396	2594	2546	66	76	-124	481	2401	481	80183863	
-15908	964	2710	8151	2578	2717	66	76	-124	482	2406	482	80183863	
-15832	1202	3100	8135	2560	2907	69	79	-129	483	2411	483	80183872	
-15628	1434	3266	8275	2478	3074	69	79	-129	484	2416	484	80183899	
-15716	1666	3392	8563	2306	3232	71	73	-133	485	2421	485	80183899	
-15638	1862	3546	8983	2080	3372	71	73	-133	486	2426	486	80183900	
-15710	2044	3548	9524	1810	3435	66	70	-128	487	2431	487	80183900	
-15990	2152	3526	10117	1555	3501	66	70	-128	488	2436	488	80183900	
-16138	2272	3526	10701	1350	3614	70	76	-124	489	2441	489	80183900	
-16444	2332	3388	11286	1145	3718	70	76	-124	490	2446	490	80183900	
-16824	2332	3108	11856	974	3860	74	72	-120	491	2451	491	80183937	
-17108	2324	2720	12350	869	3990	74	72	-120	492	2456	492	80183937	
-17286	2434	2282	12814	936	4118	75	77	-125	493	2461	493	80183937	
-17450	2290	1972	13195	1048	4224	75	77	-125	494	2466	494	80183937	
-17464	2068	1598	13544	1185	4312	71	75	-119	495	2471	495	80183937	
-17418	1862	1256	13850	1381	4338	71	75	-119	496	2476	496	80183937	
-17260	1610	1088	14052	1596	4343	75	79	-123	497	2481	497	80183937	
-17348	1400	1148	14217	1650	4179	75	79	-123	498	2486	498	80183947	
-17514	1028	1166	14453	1507	4039	73	77	-117	499	2491	499	80183976	
-17898	642	1102	14641	1417	3914	73	77	-117	500	2496	500	80183976	
-18102	538	1290	14645	1569	3726	81	75	-117	501	2501	501	80183976	
-18122	502	1478	14715	1907	3547	81	75	-117	502	2506	502	80183976	
-17818	344	1596	14925	2285	3363	83	75	-115	503	2511	503	80183976	
-17546	388	1728	15131	2513	3138	83	75	-115	504	2516	504	80183976	
-17346	394	1994	15418	2600	2918	84	80	-114	505	2521	505	80183976	
-17072	438	2026	15815	2651	2742	84	80	-114	506	2526	506	80183994	
-16794	492	2182	16242	2672	2575	83	83	-119	507	2531	507	80184012	
-16560	550	2282	16687	2626	2420	83	83	-119	508	2536	508	80184012	
-16348	438	2240	17193	2493	2267	87	83	-113	509	2541	509	80184012	
-16258	206	2228	17655	2325	2176	87	83	-113	510	2546	510	80184012	
-16136	14	2420	18003	2110	2152	84	80	-106	511	2551	511	80184012	
-15888	-62	2658	18236	1905	2199	84	80	-106	512	2556	512	80184012	
-15998	-154	2842	18303	1727	2034	89	83	-105	513	2561	513	80184012	
-16102	-56	3266	18298	1383	2059	89	83	-105	514	2566	514	80184052	
-15870	-364	3536	18362	1005	2472	90	80	-106	515	2571	515	80184052	
-15828	-142	3996	17969	795	2511	90	80	-106	516	2576	516	80184052	
-15746	-10	4452	17589	414	2516	86	74	-108	517	2581	517	80184052	
-15680	94	4644	17207	-147	2675	86	74	-108	518	2586	518	80184052	
-15804	392	4794	16573	-679	2832	88	78	-104	519	2591	519	80184052	
-15958	866	4936	15876	-1080	3070	88	78	-104	520	2596	520	80184052	
-15944	1184	4730	15207	-1348	3464	87	79	-107	521	2601	521	80184092	
-16010	1634	4530	14527	-1428	3898	87	79	-107	522	2606	522	80184092	
-15906	1828	4230	13868	-1356	4324	94	82	-106	523	2611	523	80184092	
-15748	1986	3970	13310	-1169	4736	94	82	-106	524	2616	524	80184092	
-15534	2032	3614	12899	-981	5031	96	82	-98	525	2621	525	80184092	
-15242	1808	3322	12660	-841	5146	96	82	-98	526	2626	526	80184092	
-14842	1326	2986	12632	-741	5099	90	82	-100	527	2631	527	80184092	
-14612	848	2528	12701	-728	4902	90	82	-100	528	2636	528	80184092	
-14584	378	2070	12841	-773	4627	96	84	-94	529	2641	529	80184104	
-14548	-236	1558	13076	-875	4318	96	84	-94	530	2646	530	80184129	
-14698	-746	1290	13416	-1048	3964	96	86	-92	531	2651	531	80184129	
-14712	-1222	1140	13785	-1339	3637	96	86	-92	532	2656	532	80184129	
-15010	-1666	1212	14214	-1826	3280	98	86	-94	533	2661	533	80184129	
-15388	-2092	1172	14710	-2426	2913	98	86	-94	534	2666	534	80184130	
-15842	-2248	1250	15177	-2954	2586	89	79	-93	535	2671	535	80184130	
-16372	-2578	1552	15532	-3270	2332	89	79	-93	536	2676	536	80184130	
-16768	-2620	2036	15862	-3447	2036	92	84	-92	537	2681	537	80184140	
-17162	-2944	2376	16148	-3455	1769	92	84	-92	538	2686	538	80184168	
-17280	-3354	2732	16227	-3294	1586	95	89	-89	539	2691	539	80184193	
-17440	-3738	2942	16012	-3047	1481	95	89	-89	540	2696	540	80184194	
-17378	-4044	3026	15506	-2780	1418	96	86	-90	541	2701	541	80184194	
-17250	-4450	2878	14784	-2545	1329	96	86	-90	542	2706	542	80184194	
-16962	-4838	2494	13876	-2364	1258	98	90	-86	543	2711	543	80184194	
-16744	-5036	2012	12800	-2354	1165	98	90	-86	544	2716	544	80184196	
-16504	-5098	1522	11650	-2522	1036	98	88	-86	545	2721	545	80184197	
-16414	-5000	1004	10460	-2714	848	98	88	-86	546	2726	546	80184201	
-16328	-4964	636	9385	-2835	619	102	86	-82	547	2731	547	80184201	
-16314	-4656	168	8392	-2890	373	102	86	-82	548	2736	548	80184201	
-16626	-4156	-288	7464	-2858	126	99	89	-79	549	2741	549	80184201	
-16936	-3662	-606	6601	-2690	-73	99	89	-79	550	2746	550	80184201	
-17048	-3200	-424	5881	-2439	-254	98	88	-78	551	2751	551	80184201	
-16872	-3042	64	5354	-2300	-479	98	88	-78	552	2756	552	80184207	
-16360	-2836	524	4978	-2299	-767	101	89	-75	553	2761	553	80184228	
-15730	-2324	838	4567	-2340	-1020	101	89	-75	554	2766	554	80184228	
-15406	-1420	1090	4039	-2604	-1201	93	87	-81	555	2771	555	80184228	
-15418	-398	1280	3502	-3091	-1316	93	87	-81	556	2776	556	80184228	
-15906	670	1634	3026	-3821	-1413	97	91	-83	557	2781	557	80184228	
-16646	1664	1798	2580	-4578	-1464	97	91	-83	558	2786	558	80184228	
-17556	2568	2004	2189	-5081	-1455	98	90	-70	559	2791	559	80184228	
-18378	3144	1824	1791	-5271	-1349	98	90	-70	560	2796	560	80184267	
-18982	3534	1482	1432	-5198	-1155	99	91	-77	561	2801	561	80184267	
-19140	3758	820	1022	-4990	-1070	99	91	-77	562	2806	562	80184267	
-19042	3818	428	736	-4573	-1140	104	88	-76	563	2811	563	80184267	
-18534	3084	-56	915	-3988	-1341	104	88	-76	564	2816	564	80184267	
-17746	1872	-454	1394	-3410	-1638	104	86	-80	565	2821	565	80184267	
-16956	668	-466	1866	-3163	-1922	104	86	-80	566	2826	566	80184275	
-16470	-328	-296	2344	-3364	-2185	100	94	-78	567	2831	567	80184298	
-16420	-844	-38	2744	-3846	-2398	100	94	-78	568	2836	568	80184298	
-16598	-996	280	2970	-4359	-2477	103	87	-75	569	2841	569	80184298	
-16858	-820	506	3008	-4704	-2526	103	87	-75	570	2846	570	80184298	
-16938	-312	830	2804	-4800	-2556	102	90	-74	571	2851	571	80184298	
-16818	304	1176	2406	-4934	-2606	102	90	-74	572	2856	572	80184299	
-16836	972	1678	2052	-5118	-2697	101	87	-77	573	2861	573	80184326	
-17146	1396	1928	1837	-5287	-2740	101	87	-77	574	2866	574	80184335	
-17456	1588	2222	1668	-5324	-2670	102	84	-68	575	2871	575	80184335	
-17874	1836	2378	1527	-5185	-2506	102	84	-68	576	2876	576	80184335	
-17898	1962	2214	1473	-4853	-2362	102	88	-72	577	2881	577	80184335	
-17828	1962	1980	1388	-4386	-2314	102	88	-72	578	2886	578	80184335	
-17468	2046	1834	1422	-3890	-2324	102	82	-72	579	2891	579	80184345	
-17082	2026	1508	1528	-3506	-2424	102	82	-72	580	2896	580	80184373	
-16792	2096	1246	1654	-3205	-2641	102	82	-72	581	2901	581	80184373	
-16576	2010	968	1858	-3020	-2876	102	82	-72	582	2906	582	80184373	
-16418	1800	820	2156	-3055	-3101	103	87	-67	583	2911	583	80184373	
-16408	1582	856	2463	-3166	-3401	103	87	-67	584	2916	584	80184373	
-16342	1336	1044	2628	-3171	-3655	105	91	-69	585	2921	585	80184373	
-16180	1420	1412	2674	-3111	-3862	105	91	-69	586	2926	586	80184374	
-15974	1498	1616	2791	-3030	-4008	103	85	-67	587	2931	587	80184401	
-15900	1622	1520	2994	-2959	-4136	103	85	-67	588	2936	588	80184411	
-15868	1736	1122	3201	-2984	-4207	103	87	-69	589	2941	589	80184411	
-15828	1832	1228	3213	-3090	-4330	103	87	-69	590	2946	590	80184411	
-15924	1884	1256	3033	-3332	-4376	100	80	-66	591	2951	591	80184411	
-15942	1752	944	2829	-3464	-4223	100	80	-66	592	2956	592	80184411	
-15990	1686	1000	2637	-3509	-3898	102	88	-74	593	2961	593	80184411	
-16100	1574	1330	2596	-3598	-3574	102	88	-74	594	2966	594	80184411	
-16404	1102	1016	2857	-3510	-3262	103	87	-67	595	2971	595	80184469	
-16642	518	378	3117	-3330	-2904	103	87	-67	596	2976	596	80184469	
-17024	76	230	3258	-3114	-2538	106	86	-70	597	2981	597	80184469	
-17184	-478	358	3652	-2736	-2109	106	86	-70	598	2986	598	80184469	
-17160	-1304	850	4401	-2228	-1678	104	84	-66	599	2991	599	80184469	
-17252	-2204	1058	5231	-1856	-1245	104	84	-66	600	2996	600	80184469	
-17440	-3076	1666	5877	-1765	-880	107	79	-67	601	3001	601	80184470	
-17438	-4070	1964	6186	-1756	-743	107	79	-67	602	3006	602	80184480	
-17632	-4456	2228	6006	-1544	-930	109	83	-63	603	3011	603	80184507	
-17590	-4702	2682	5406	-1350	-1306	109	83	-63	604	3016	604	80184507	
-17516	-4564	2916	4567	-1244	-1804	111	85	-63	605	3021	605	80184507	
-17566	-4378	2742	3655	-1226	-2405	111	85	-63	606	3026	606	80184507	
-17748	-4294	2324	2712	-1274	-2999	104	82	-64	607	3031	607	80184507	
-17734	-4112	2002	1828	-1202	-3481	104	82	-64	608	3036	608	80184508	
-17594	-3822	1672	1075	-976	-3910	109	79	-63	609	3041	609	80184508	
-17174	-3544	1510	473	-747	-4194	109	79	-63	610	3046	610	80184508	
-16746	-3350	1456	-141	-682	-4357	103	81	-61	611	3051	611	80184508	
-16536	-3070	1342	-897	-898	-4472	103	81	-61	612	3056	612	80184543	
-16580	-2530	1386	-1865	-1211	-4531	108	78	-62	613	3061	613	80184543	
-16502	-1830	1490	-2857	-1333	-4494	108	78	-62	614	3066	614	80184543	
-16684	-998	1508	-3641	-1214	-4464	107	79	-63	615	3071	615	80184543	
-16842	-260	1154	-4168	-1008	-4364	107	79	-63	616	3076	616	80184544	
-16812	504	958	-4281	-795	-4157	111	81	-67	617	3081	617	80184544	
-16496	1256	756	-3888	-605	-3931	111	81	-67	618	3086	618	80184544	
-16362	1638	496	-3098	-539	-3732	111	79	-63	619	3091	619	80184544	
-16222	1920	358	-2043	-656	-3546	111	79	-63	620	3096	620	80184544	
-16314	1924	98	-827	-837	-3368	107	77	-73	621	3101	621	80184554	
-16382	1818	216	338	-932	-3227	107	77	-73	622	3106	622	80184627	
-16554	1752	440	1386	-941	-3142	101	81	-63	623	3111	623	80184627	
-16710	1398	892	2413	-902	-3023	101	81	-63	624	3116	624	80184627	
-16656	1152	1066	3280	-806	-2880	104	76	-66	625	3121	625	80184627	
-16524	942	1354	3898	-748	-2813	104	76	-66	626	3126	626	80184627	
-16540	666	1438	4380	-905	-2752	110	80	-62	627	3131	627	80184627	
-16680	342	1554	4667	-1148	-2738	110	80	-62	628	3136	628	80184627	
-16922	214	1920	4649	-1396	-2759	107	77	-69	629	3141	629	80184652	
-16998	44	2026	4416	-1494	-2774	107	77	-69	630	3146	630	80184666	
-16820	42	1980	3975	-1407	-2756	108	78	-64	631	3151	631	80184666	
-16632	60	2014	3402	-1253	-2707	108	78	-64	632	3156	632	80184666	
-16370	10	2078	2789	-1154	-2631	113	81	-65	633	3161	633	80184666	
-16352	110	1920	2238	-1057	-2562	113	81	-65	634	3166	634	80184666	
-16492	54	1860	1765	-976	-2492	111	79	-61	635	3171	635	80184666	
-16738	-218	1876	1271	-853	-2485	111	79	-61	636	3176	636	80184666	
-16858	-494	2052	815	-538	-2395	111	77	-59	637	3181	637	80184666	
-16464	-660	2066	496	-68	-2202	111	77	-59	638	3186	638	80184666	
-15846	-540	2548	256	282	-2074	117	77	-61	639	3191	639	80184667	
-15512	-756	2800	243	408	-2062	117	77	-61	640	3196	640	80184677	
-15574	-958	3322	395	304	-2152	111	75	-61	641	3201	641	80184703	
-15866	-1108	3756	535	14	-2205	111	75	-61	642	3206	642	80184704	
-16146	-1064	3940	782	-228	-2034	111	77	-61	643	3211	643	80184704	
-16416	-1424	3932	1052	-261	-1835	111	77	-61	644	3216	644	80184704	
-16834	-1760	3822	1185	-283	-1703	114	76	-58	645	3221	645	80184704	
-16916	-1796	3900	1193	-216	-1531	114	76	-58	646	3226	646	80184704	
-16852	-1616	4050	1216	21	-1315	108	76	-58	647	3231	647	80184704	
-16556	-1440	3912	1275	252	-1167	108	76	-58	648	3236	648	80184704	
-16238	-1440	3760	1154	310	-941	116	72	-62	649	3241	649	80184704	
-16088	-1450	3496	842	252	-831	116	72	-62	650	3246	650	80184704	
-16260	-1238	3480	427	239	-837	110	80	-68	651	3251	651	80184716	
-16394	-898	3746	110	289	-885	110	80	-68	652	3256	652	80184732	
-16834	-688	4148	236	492	-937	114	76	-62	653	3261	653	80184732	
-16940	-936	4456	821	817	-1000	114	76	-62	654	3266	654	80184732	
-16494	-1082	5018	1586	1121	-1056	111	79	-59	655	3271	655	80184732	
-15890	-1328	5160	2546	1156	-1164	111	79	-59	656	3276	656	80184732	
-15338	-1824	4962	3446	692	-1347	111	71	-67	657	3281	657	80184732	
-15276	-2338	4558	4131	-188	-1576	111	71	-67	658	3286	658	80184742	
-15586	-2722	4082	4637	-1066	-1754	119	75	-59	659	3291	659	80184762	
-15872	-2926	3696	5038	-1594	-1856	119	75	-59	660	3296	660	80184762	
-16014	-3126	3022	5452	-1749	-1817	119	79	-63	661	3301	661	80184762	
-15910	-3310	2708	5854	-1749	-1729	119	79	-63	662	3306	662	80184762	
-16016	-3486	2682	6189	-1823	-1638	119	79	-63	663	3311	663	80184762	
-16252	-3668	2674	6417	-1985	-1606	119	79	-63	664	3316	664	80184762	
-16622	-4008	2824	6439	-2126	-1612	112	68	-60	665	3321	665	80184762	
-16826	-4292	3174	6251	-2150	-1653	112	68	-60	666	3326	666	80184790	
-16714	-4284	3428	5847	-2008	-1731	112	72	-62	667	3331	667	80184799	
-16486	-4346	3624	5333	-1794	-1863	112	72	-62	668	3336	668	80184799	
-16070	-4226	3938	4779	-1694	-2024	118	72	-58	669	3341	669	80184799	
-15924	-4012	4212	4312	-1766	-2187	118	72	-58	670	3346	670	80184799	
-15784	-3916	4364	4006	-1960	-2299	115	73	-57	671	3351	671	80184799	
-15830	-3816	4038	3835	-2187	-2367	115	73	-57	672	3356	672	80184799	
-15982	-3650	3612	3674	-2369	-2412	115	73	-57	673	3361	673	80184806	
-16164	-3458	3260	3485	-2490	-2444	115	73	-57	674	3366	674	80184835	
-16316	-3354	2934	3269	-2496	-2418	112	68	-54	675	3371	675	80184836	
-16450	-3278	2778	3003	-2468	-2367	112	68	-54	676	3376	676	80184836	
-16680	-3194	2706	2726	-2445	-2353	119	71	-53	677	3381	677	80184836	
-16936	-3122	2720	2499	-2352	-2323	119	71	-53	678	3386	678	80184836	
-17184	-3040	2602	2359	-2186	-2262	120	70	-50	679	3391	679	80184836	
-17232	-2850	2554	2300	-2007	-2148	120	70	-50	680	3396	680	80184836	
-17104	-2622	2518	2415	-1838	-2012	121	75	-49	681	3401	681	80184900	
-16830	-2442	2608	2624	-1582	-1911	121	75	-49	682	3406	682	80184917	
-16344	-2350	2918	2899	-1269	-1878	114	74	-52	683	3411	683	80184917	
-16134	-2060	3336	3179	-1074	-1912	114	74	-52	684	3416	684	80184917	
-16010	-1778	3854	3370	-1112	-1991	121	73	-47	685	3421	685	80184917	
-16242	-1454	4116	3453	-1337	-2124	121	73	-47	686	3426	686	80184917	
-16728	-1020	3932	3465	-1555	-2246	112	68	-50	687	3431	687	80184917	
-17108	-730	3456	3487	-1563	-2256	112	68	-50	688	3436	688	80184917	
-17220	-564	2910	3496	-1395	-2231	119	77	-45	689	3441	689	80184943	
-17338	-476	2490	3530	-1110	-2166	119	77	-45	690	3446	690	80184954	
-17416	-354	2514	3720	-765	-1989	123	67	-51	691	3451	691	80184954	
-17182	-446	2520	4088	-446	-1772	123	67	-51	692	3456	692	80184954	
-16902	-584	2622	4508	-262	-1601	121	73	-51	693	3461	693	80184954	
-16556	-512	2614	4902	-225	-1474	121	73	-51	694	3466	694	80184954	
-16254	-590	2862	5259	-355	-1376	125	69	-45	695	3471	695	80184954	
-16198	-750	3022	5570	-501	-1350	125	69	-45	696	3476	696	80184954	
-16110	-674	3048	5974	-625	-1334	124	64	-48	697	3481	697	80184954	
-16132	-688	3510	6458	-758	-1313	124	64	-48	698	3486	698	80184954	
-16110	-946	3572	7094	-1049	-1202	118	68	-50	699	3491	699	80184954	
-16378	-1020	3536	7655	-1312	-1219	118	68	-50	700	3496	700	80184954	
-16390	-1260	3402	8255	-1496	-1200	124	68	-44	701	3501	701	80184954	
-16500	-1646	3378	8739	-1501	-1240	124	68	-44	702	3506	702	80184962	
-16572	-2108	3344	9068	-1519	-1322	117	67	-45	703	3511	703	80184973	
-16736	-2526	3490	9198	-1509	-1398	117	67	-45	704	3516	704	80184996	
-16908	-2818	3498	9192	-1458	-1448	123	69	-43	705	3521	705	80184996	
-16988	-3248	3368	9071	-1337	-1530	123	69	-43	706	3526	706	80184996	
-17048	-3428	3354	8793	-1116	-1614	111	71	-45	707	3531	707	80184996	
-16872	-3426	3436	8450	-867	-1571	111	71	-45	708	3536	708	80184996	
-16656	-3302	3302	8028	-641	-1659	121	71	-45	709	3541	709	80184996	
-16472	-3146	3262	7547	-497	-1685	121	71	-45	710	3546	710	80184996	
-16288	-2852	3232	7098	-424	-1665	121	63	-39	711	3551	711	80184996	
-16260	-2730	3148	6630	-298	-1691	121	63	-39	712	3556	712	80185006	
-16294	-2756	3258	6137	-282	-1663	117	71	-37	713	3561	713	80185038	
-16462	-2718	3264	5527	-286	-1660	117	71	-37	714	3566	714	80185038	
-16514	-2502	3330	4904	-184	-1594	123	67	-29	715	3571	715	80185038	
-16322	-2270	3200	4399	-119	-1463	123	67	-29	716	3576	716	80185038	
-16206	-2132	3000	4021	-152	-1348	122	70	-34	717	3581	717	80185038	
-16232	-1814	3034	3746	-260	-1238	122	70	-34	718	3586	718	80185038	
-16348	-1496	3200	3681	-392	-1104	118	70	-34	719	3591	719	80185039	
-16562	-1178	2988	3795	-468	-931	118	70	-34	720	3596	720	80185047	
-16630	-732	3116	4033	-423	-818	124	62	-34	721	3601	721	80185078	
-16584	-676	3106	4400	-344	-745	124	62	-34	722	3606	722	80185078	
-16424	-890	2986	4807	-307	-709	112	68	-40	723	3611	723	80185078	
-16284	-1324	2854	5115	-310	-715	112	68	-40	724	3616	724	80185078	
-16334	-1910	2908	5247	-417	-743	119	69	-35	725	3621	725	80185078	
-16530	-2728	3084	5155	-583	-774	119	69	-35	726	3626	726	80185079	
-16736	-3246	3234	4802	-610	-804	117	65	-35	727	3631	727	80185079	
-16806	-3536	3340	4275	-494	-838	117	65	-35	728	3636	728	80185079	
-16800	-3734	3552	3746	-424	-855	121	71	-27	729	3641	729	80185091	
-16752	-3722	3660	3143	-420	-882	121	71	-27	730	3646	730	80185120	
-16726	-3542	3784	2519	-388	-905	120	58	-36	731	3651	731	80185146	
-16542	-3200	3636	1957	-291	-940	120	58	-36	732	3656	732	80185147	
-16300	-2856	3500	1481	-153	-973	124	70	-30	733	3661	733	80185147	
-16090	-2616	3406	1170	-42	-1012	124	70	-30	734	3666	734	80185147	
-16044	-2526	3456	1000	-16	-1015	124	68	-36	735	3671	735	80185147	
-15896	-2508	3460	994	-57	-973	124	68	-36	736	3676	736	80185147	
-15894	-2580	3524	1116	-164	-937	121	67	-27	737	3681	737	80185158	
-15958	-2726	3606	1270	-356	-880	121	67	-27	738	3686	738	80185158	
-16052	-2712	3730	1395	-489	-829	122	64	-26	739	3691	739	80185158	
-16096	-2798	4034	1448	-564	-775	122	64	-26	740	3696	740	80185158	
-16122	-2820	4138	1485	-650	-732	119	59	-31	741	3701	741	80185158	
-16196	-3010	4402	1540	-819	-693	119	59	-31	742	3706	742	80185158	
-16370	-2920	4388	1584	-989	-706	119	61	-35	743	3711	743	80185158	
-16664	-2822	4276	1634	-1052	-719	119	61	-35	744	3716	744	80185159	
-16766	-2846	4300	1684	-956	-729	117	69	-29	745	3721	745	80185168	
-16642	-2636	4484	1655	-782	-788	117	69	-29	746	3726	746	80185193	
-16468	-2516	4478	1617	-706	-853	122	64	-30	747	3731	747	80185193	
-16280	-2408	4198	1572	-767	-917	122	64	-30	748	3736	748	80185193	
-16292	-2102	4052	1512	-828	-994	121	65	-27	749	3741	749	80185193	
-16258	-1924	3864	1495	-786	-1006	121	65	-27	750	3746	750	80185193	
-16278	-1910	3970	1578	-645	-982	122	64	-24	751	3751	751	80185193	
-16382	-1998	4020	1731	-557	-992	122	64	-24	752	3756	752	80185193	
-16512	-1806	4232	1728	-511	-998	119	65	-27	753	3761	753	80185203	
-16638	-1710	4536	1656	-360	-1093	119	65	-27	754	3766	754	80185232	
-16606	-1694	4830	1570	-109	-1037	122	62	-30	755	3771	755	80185232	
-16398	-1404	5302	1377	81	-1026	122	62	-30	756	3776	756	80185232	
-16268	-1368	5548	1274	130	-1022	111	59	-37	757	3781	757	80185232	
-16004	-1232	5720	1245	106	-924	111	59	-37	758	3786	758	80185232	
-15934	-1114	5962	1278	59	-851	128	62	-24	759	3791	759	80185232	
-15836	-1076	5786	1498	-63	-777	128	62	-24	760	3796	760	80185232	
-15740	-1192	5702	1758	-201	-652	125	61	-33	761	3801	761	80185269	
-15814	-1412	5328	2080	-308	-602	125	61	-33	762	3806	762	80185270	
-15818	-1276	5066	2269	-310	-475	114	68	-30	763	3811	763	80185270	
-15900	-1270	5048	2495	-268	-444	114	68	-30	764	3816	764	80185270	
-15782	-1348	4884	2778	-235	-403	118	66	-28	765	3821	765	80185270	
-15872	-1194	4842	2960	-273	-388	118	66	-28	766	3826	766	80185270	
-16098	-910	5074	3097	-157	-362	122	68	-30	767	3831	767	80185270	
-15948	-774	5238	3360	-41	-287	122	68	-30	768	3836	768	80185270	
-15796	-822	5380	3650	51	-251	119	61	-27	769	3841	769	80185300	
-15678	-990	5474	3854	97	-256	119	61	-27	770	3846	770	80185301	
-15536	-1268	5496	4040	138	-301	120	66	-24	771	3851	771	80185301	
-15426	-1592	5690	4125	191	-309	120	66	-24	772	3856	772	80185301	
-15292	-1780	5850	4148	220	-308	118	64	-24	773	3861	773	80185301	
-15028	-2116	5914	4150	166	-290	118	64	-24	774	3866	774	80185301	
-14732	-2574	5796	4095	56	-308	120	58	-24	775	3871	775	80185301	
-15332	-2130	6150	3794	-148	-548	120	58	-24	776	3876	776	80185310	
-15412	-2420	5750	4079	-462	-256	118	64	-26	777	3881	777	80185338	
-15616	-2872	5372	4232	-491	-230	118	64	-26	778	3886	778	80185338	
-15812	-2828	5246	4223	-508	-290	116	62	-20	779	3891	779	80185338	
-16048	-3022	4998	4456	-657	-216	116	62	-20	780	3896	780	80185338	
-16288	-3484	4494	4601	-756	-255	118	64	-22	781	3901	781	80185338	
-16474	-3714	4290	4614	-773	-314	118	64	-22	782	3906	782	80185338	
-16628	-4094	3980	4586	-809	-378	120	60	-20	783	3911	783	80185339	
-17002	-4448	3528	4430	-896	-442	120	60	-20	784	3916	784	80185375	
-17364	-4706	3382	4056	-859	-480	117	65	-19	785	3921	785	80185375	
-17574	-4688	3320	3465	-630	-509	117	65	-19	786	3926	786	80185375	
-17556	-4408	3264	2798	-264	-541	119	61	-21	787	3931	787	80185375	
-17334	-4054	3276	2116	147	-546	119	61	-21	788	3936	788	80185376	
-17042	-3582	3270	1433	463	-552	123	63	-23	789	3941	789	80185376	
-16962	-3144	3220	789	603	-587	123	63	-23	790	3946	790	80185383	
-16966	-2486	3274	224	652	-587	114	66	-18	791	3951	791	80185413	
-17002	-1912	3376	-140	732	-547	114	66	-18	792	3956	792	80185413	
-16908	-1572	3578	-332	876	-447	124	62	-20	793	3961	793	80185413	
-16728	-1244	3608	-411	1028	-353	124	62	-20	794	3966	794	80185413	
-16624	-926	3570	-401	1098	-250	120	62	-18	795	3971	795	80185414	
-16418	-826	3630	-206	1152	-149	120	62	-18	796	3976	796	80185414	
-16230	-798	3712	134	1247	-51	114	60	-20	797	3981	797	80185414	
-16088	-858	3866	572	1261	-1	114	60	-20	798	3986	798	80185421	
-15966	-926	4068	1074	1259	-19	118	68	-22	799	3991	799	80185450	
-15766	-1070	4132	1595	1115	-37	118	68	-22	800	3996	800	80185457	
-15840	-1436	4258	2065	774	-93	110	54	-28	801	4001	801	80185457	
-16176	-1744	4224	2437	450	-136	110	54	-28	802	4006	802	80185457	
-16258	-2020	4310	2561	375	-143	121	61	-25	803	4011	803	80185457	
-16122	-2216	4482	2535	389	-135	121	61	-25	804	4016	804	80185457	
-15958	-2356	4500	2364	360	-96	122	68	-24	805	4021	805	80185458	
-15860	-2588	4400	2031	291	-75	122	68	-24	806	4026	806	80185488	
-15894	-2684	4354	1634	226	-42	119	63	-21	807	4031	807	80185488	
-15890	-2938	4274	1231	195	5	119	63	-21	808	4036	808	80185488	
-15888	-3118	4262	779	209	55	115	61	-15	809	4041	809	80185488	
-15860	-3250	3960	322	250	59	115	61	-15	810	4046	810	80185488	
-15812	-3380	4002	-117	246	58	124	64	-16	811	4051	811	80185488	
-15946	-3496	3986	-470	218	51	124	64	-16	812	4056	812	80185488	
-15954	-3556	3926	-749	218	73	119	63	-23	813	4061	813	80185503	
-15880	-3594	4038	-931	211	132	119	63	-23	814	4066	814	80185526	
-15916	-3622	4088	-1100	104	158	121	65	-21	815	4071	815	80185526	
-16080	-3556	4168	-1289	-56	147	121	65	-21	816	4076	816	80185526	
-16218	-3262	4210	-1484	-98	161	117	65	-13	817	4081	817	80185526	
-16202	-2964	4408	-1666	-79	203	117	65	-13	818	4086	818	80185526	
-16190	-2624	4494	-1837	-120	257	118	66	-16	819	4091	819	80185526	
-16298	-2420	4444	-1930	-201	288	118	66	-16	820	4096	820	80185533	
-16508	-2308	4338	-1954	-209	317	119	65	-19	821	4101	821	80185563	
-16534	-2076	4242	-1984	-70	353	119	65	-19	822	4106	822	80185563	
-16402	-1868	4172	-2044	98	374	118	68	-20	823	4111	823	80185563	
-16216	-1824	4058	-2120	164	334	118	68	-20	824	4116	824	80185563	
-16104	-1782	4064	-2206	131	282	117	65	-19	825	4121	825	80185563	
-16276	-1866	3996	-2281	-43	191	117	65	-19	826	4126	826	80185563	
-16398	-1676	3838	-2373	-203	181	119	63	-19	827	4131	827	80185563	
-16508	-1460	3576	-2535	-179	175	119	63	-19	828	4136	828	80185572	
-16356	-1256	3542	-2676	-66	255	116	66	-18	829	4141	829	80185600	
-16232	-1136	3416	-2744	37	352	116	66	-18	830	4146	830	80185600	
-16158	-1078	3354	-2724	94	449	114	64	-22	831	4151	831	80185601	
-16248	-1152	3278	-2557	117	559	114	64	-22	832	4156	832	80185601	
-16336	-1146	3478	-2358	151	702	122	62	-16	833	4161	833	80185601	
-16562	-1258	3374	-2116	240	817	122	62	-16	834	4166	834	80185601	
-16274	-1256	3828	-1946	365	989	114	66	-22	835	4171	835	80185601	
-16256	-1634	4168	-1742	249	758	114	66	-22	836	4176	836	80185638	
-16534	-1804	4026	-1776	39	939	121	69	-21	837	4181	837	80185640	
-16746	-1856	4138	-1748	3	964	121	69	-21	838	4186	838	80185640	
-16558	-2032	4206	-1682	-45	972	110	58	-28	839	4191	839	80185640	
-16216	-2030	4138	-1735	-111	987	110	58	-28	840	4196	840	80185641	
-16126	-2204	3962	-1897	-268	873	116	56	-26	841	4201	841	80185641	
-16200	-2258	3602	-2193	-475	847	116	56	-26	842	4206	842	80185641	
-16614	-2230	3136	-2662	-537	799	119	63	-23	843	4211	843	80185641	
-16952	-2214	2758	-3208	-350	881	119	63	-23	844	4216	844	80185667	
-16986	-2382	2702	-3700	74	1039	117	69	-21	845	4221	845	80185675	
