-16540	1153	6083	2581	33	129	13	180	184	1	1	1	65853800	
-16604	1227	6025	2592	10	250	14	180	184	2	6	2	65853801	
-16560	1200	5989	2559	-66	388	15	181	185	3	11	3	65853809	
-16533	1170	5826	2485	-283	538	15	181	185	4	16	4	65853827	
-16600	1096	5539	2428	-611	667	14	176	186	5	21	5	65853835	
-16641	887	5103	2449	-914	727	13	173	187	6	26	6	65853835	
-16544	610	4644	2492	-1042	692	14	176	188	7	31	7	65853835	
-16408	444	4048	2404	-916	578	14	178	188	8	36	8	65853835	
-16084	339	3824	2071	-613	430	12	179	190	9	41	9	65853835	
-15576	454	3924	1449	-325	280	11	179	191	10	46	10	65853835	
-15148	822	4168	657	-204	169	13	175	193	11	51	11	65853863	
-14899	1319	4794	-74	-283	111	14	172	194	12	56	12	65853883	
-14770	1804	5566	-540	-511	76	12	175	189	13	61	13	65853884	
-14797	2212	6110	-693	-809	55	11	177	185	14	66	14	65853884	
-15140	2517	6450	-690	-1081	-1	13	180	182	15	71	15	65853884	
-15594	2677	6748	-698	-1088	-101	13	181	181	16	76	16	65853885	
-15940	2718	6778	-594	-831	-211	11	179	186	17	81	17	65853891	
-16044	2813	6642	-189	-472	-315	11	179	187	18	86	18	65853893	
-15960	2985	6485	560	-190	-412	14	181	184	19	91	19	65853905	
-15827	3121	6331	1533	-38	-480	15	181	183	20	96	20	65853926	
-15698	3442	6106	2453	-15	-486	13	179	188	21	101	21	65853930	
-15624	3898	5954	3145	-108	-420	13	179	189	22	106	22	65853930	
-15727	4231	5818	3580	-295	-308	15	174	186	23	111	23	65853930	
-16052	4542	5694	3878	-522	-151	15	173	185	24	116	24	65853930	
-16364	4668	5658	4108	-634	-14	7	179	187	25	121	25	65853930	
-16464	4734	5714	4350	-486	63	7	179	187	26	126	26	65853947	
-16374	4618	6070	4517	-142	96	9	179	187	27	131	27	65853985	
-15966	4462	6512	4532	146	155	9	179	187	28	136	28	65853986	
-15642	4350	7166	4425	235	260	12	182	180	29	141	29	65853986	
-15344	4008	7610	4306	94	413	12	182	180	30	146	30	65853986	
-15122	3572	7816	4297	-201	539	12	178	182	31	151	31	65853986	
-15119	2772	7617	4321	-588	644	12	178	183	32	156	32	65853987	
-15212	2210	7364	4305	-800	675	12	176	186	33	161	33	65853987	
-15248	1564	7146	4282	-920	649	12	176	186	34	166	34	65853987	
-15280	1150	6986	4226	-914	587	12	174	182	35	171	35	65854022	
-15412	888	6790	4151	-840	521	12	174	182	36	176	36	65854033	
-15510	634	6286	4193	-806	475	6	168	184	37	181	37	65854033	
-15718	392	5820	4308	-837	466	6	168	184	38	186	38	65854033	
-15720	220	5466	4341	-815	489	10	174	188	39	191	39	65854033	
-15953	118	4913	4118	-624	487	9	173	186	40	196	40	65854033	
-15925	63	4706	3671	-366	447	5	169	179	41	201	41	65854033	
-15812	181	4530	2973	-98	419	4	169	180	42	206	42	65854034	
-15729	410	4730	2136	83	401	1	171	185	43	211	43	65854034	
-15696	702	5131	1297	148	392	1	173	185	44	216	44	65854034	
-15598	908	5580	537	84	402	3	179	183	45	221	45	65854034	
-15529	1187	6189	-192	-69	434	4	179	182	46	226	46	65854039	
-15549	1482	6602	-887	-261	490	10	180	178	47	231	47	65854060	
-15521	1856	7147	-1445	-413	531	9	178	180	48	236	48	65854060	
-15342	2141	7578	-1765	-485	597	7	171	185	49	241	49	65854060	
-15210	2268	7982	-1837	-557	653	9	173	183	50	246	50	65854060	
-15248	2244	8266	-1822	-737	687	11	175	181	51	251	51	65854061	
-15390	2116	8148	-1772	-1033	695	8	176	183	52	256	52	65854061	
-15475	1928	7798	-1633	-1322	714	3	177	185	53	261	53	65854061	
-15390	1659	7370	-1362	-1435	720	5	175	181	54	266	54	65854061	
-15246	1282	6829	-1090	-1380	675	8	172	176	55	271	55	65854061	
-15076	967	6217	-1006	-1328	605	8	173	180	56	276	56	65854075	
-14959	721	5722	-1191	-1382	549	7	173	183	57	281	57	65854094	
-15003	595	5322	-1491	-1514	514	3	177	181	58	286	58	65854097	
-15111	581	4989	-1863	-1690	473	-1	181	179	59	291	59	65854097	
-15226	653	4664	-2266	-1868	417	0	177	181	60	296	60	65854098	
-15377	748	4332	-2572	-1989	342	2	172	184	61	301	61	65854098	
-15526	864	4186	-2794	-2062	244	3	172	186	62	306	62	65854098	
-15733	1062	4226	-2948	-2110	137	4	172	190	63	311	63	65854101	
-15961	1316	4417	-2994	-2125	37	4	174	186	64	316	64	65854119	
-16140	1645	4767	-2891	-2124	-50	5	177	179	65	321	65	65854139	
-16274	2028	5122	-2694	-2180	-101	3	176	183	66	326	66	65854139	
-16490	2350	5238	-2472	-2289	-114	2	176	186	67	331	67	65854139	
-16640	2561	5204	-2144	-2341	-105	2	171	185	68	336	68	65854139	
-16569	2635	5110	-1698	-2216	-105	2	168	184	69	341	69	65854139	
-16309	2606	4867	-1207	-1951	-135	2	170	188	70	346	70	65854139	
-15922	2494	4716	-801	-1681	-187	2	172	190	71	351	71	65854156	
-15575	2416	4602	-515	-1535	-242	6	176	190	72	356	72	65854173	
-15251	2486	4583	-259	-1581	-292	8	178	190	73	361	73	65854177	
-15056	2525	4640	-49	-1751	-343	4	168	188	74	366	74	65854177	
-15043	2597	4415	104	-1906	-407	3	165	187	75	371	75	65854177	
-14960	2625	4375	195	-1996	-489	3	171	193	76	376	76	65854178	
-14932	2710	4545	253	-2057	-578	3	173	195	77	381	77	65854178	
-14812	2751	4725	351	-2144	-669	7	167	189	78	386	78	65854178	
-14808	2790	4840	509	-2265	-774	8	166	188	79	391	79	65854188	
-14891	2760	5241	696	-2404	-882	2	170	187	80	396	80	65854213	
-14955	2865	5499	842	-2530	-987	1	171	187	81	401	81	65854218	
-15048	2884	5738	953	-2698	-1061	7	171	187	82	406	82	65854218	
-15213	2939	6056	997	-2804	-1068	7	171	187	83	411	83	65854219	
-15340	2960	6253	1042	-2870	-1073	9	170	189	84	416	84	65854219	
-15356	2805	6313	1126	-2852	-1046	10	170	190	85	421	85	65854219	
-15208	2702	6514	1183	-2740	-996	6	171	192	86	426	86	65854219	
-15137	2500	6714	1207	-2639	-955	5	171	193	87	431	87	65854256	
-15013	2216	6782	1131	-2662	-933	4	164	189	88	436	88	65854275	
-14912	2022	6912	971	-2764	-907	4	162	188	89	441	89	65854277	
-14918	1840	7042	781	-2918	-864	1	163	183	90	446	90	65854277	
-14996	1646	7036	680	-3015	-847	1	163	183	91	451	91	65854277	
-15248	1556	6836	638	-3140	-925	3	169	187	92	456	92	65854278	
-15448	1454	6674	648	-3222	-990	3	169	187	93	461	93	65854278	
-15660	1408	6474	690	-3281	-1030	9	175	193	94	466	94	65854278	
-15880	1356	6336	684	-3310	-1078	9	175	193	95	471	95	65854287	
-15996	1352	6210	578	-3262	-1141	7	171	189	96	476	96	65854346	
-16044	1470	6074	453	-3163	-1187	7	171	189	97	481	97	65854347	
-15996	1566	5988	387	-3085	-1229	4	170	192	98	486	98	65854347	
-16081	1648	5842	362	-2982	-1272	5	170	192	99	491	99	65854347	
-16137	1631	5725	293	-2867	-1320	10	168	192	100	496	100	65854347	
-16184	1600	5819	130	-2713	-1365	9	167	192	101	501	101	65854348	
-16200	1618	5886	-128	-2526	-1390	3	165	193	102	506	102	65854348	
-16303	1609	6020	-472	-2348	-1378	5	165	193	103	511	103	65854348	
-16215	1536	6211	-875	-2228	-1350	12	166	194	104	516	104	65854349	
-16118	1456	6395	-1331	-2100	-1298	11	167	195	105	521	105	65854349	
-16031	1286	6733	-1832	-1944	-1251	7	171	197	106	526	106	65854356	
-15860	993	7108	-2269	-1732	-1220	7	169	196	107	531	107	65854376	
-15687	696	7415	-2554	-1660	-1188	6	166	194	108	536	108	65854376	
-15523	470	7577	-2790	-1693	-1158	6	167	194	109	541	109	65854376	
-15365	279	7706	-2999	-1775	-1120	8	170	194	110	546	110	65854376	
-15271	201	7583	-3134	-1867	-1109	7	169	195	111	551	111	65854377	
-15330	284	7425	-3160	-1996	-1102	5	163	201	112	556	112	65854377	
-15459	396	7078	-3089	-2039	-1105	7	163	201	113	561	113	65854377	
-15480	524	6777	-2989	-2033	-1130	13	165	199	114	566	114	65854377	
-15430	720	6402	-2840	-2005	-1150	12	165	199	115	571	115	65854377	
-15332	914	6255	-2652	-1962	-1166	10	166	200	116	576	116	65854377	
-15266	1122	6154	-2531	-2008	-1178	8	165	199	117	581	117	65854377	
-15235	1303	6048	-2589	-2175	-1182	6	164	198	118	586	118	65854391	
-15200	1509	5950	-2878	-2421	-1190	6	166	196	119	591	119	65854411	
-15244	1809	5957	-3328	-2658	-1223	6	168	194	120	596	120	65854411	
-15278	2108	6081	-3800	-2845	-1284	3	168	194	121	601	121	65854411	
-15378	2404	6250	-4212	-2981	-1388	-1	169	193	122	606	122	65854411	
-15518	2731	6503	-4503	-3159	-1555	3	169	197	123	611	123	65854412	
-15816	2981	6780	-4567	-3453	-1756	7	169	201	124	616	124	65854412	
-16219	3173	7005	-4435	-3812	-1961	9	165	199	125	621	125	65854412	
-16760	3475	7206	-4113	-4198	-2170	11	163	197	126	626	126	65854422	
-17400	3822	7318	-3595	-4557	-2366	13	165	199	127	631	127	65854454	
-18124	4077	7166	-2916	-4802	-2500	15	167	201	128	636	128	65854471	
-18959	4237	6770	-2164	-4965	-2615	14	164	199	129	641	129	65854472	
-19670	4356	6338	-1512	-5048	-2679	14	162	198	130	646	130	65854473	
-20125	4424	5801	-1104	-4958	-2678	11	163	201	131	651	131	65854473	
-20273	4587	5214	-879	-4599	-2575	9	163	203	132	656	132	65854474	
-20164	4756	4809	-758	-4102	-2423	11	157	199	133	661	133	65854474	
-19797	4877	4458	-612	-3643	-2219	12	156	198	134	666	134	65854488	
-19511	4859	4268	-387	-3284	-2031	15	157	201	135	671	135	65854497	
-19240	4785	4035	0	-2927	-1850	17	157	203	136	676	136	65854500	
-19060	4660	3739	600	-2572	-1696	16	156	203	137	681	137	65854500	
-19056	4410	3388	1347	-2212	-1583	15	155	203	138	686	138	65854500	
-19188	4054	3034	2153	-1793	-1508	14	159	204	139	691	139	65854500	
-19281	3546	2632	3066	-1209	-1491	14	162	204	140	696	140	65854500	
-19392	3130	2396	3795	-623	-1535	15	160	205	141	701	141	65854500	
-19535	2883	2190	4366	-66	-1615	15	159	205	142	706	142	65854546	
-19734	2728	2068	4810	506	-1715	15	154	205	143	711	143	65854565	
-19904	2462	1949	5157	1085	-1785	15	153	205	144	716	144	65854568	
-20027	2207	1855	5393	1697	-1843	14	157	204	145	721	145	65854568	
-20084	2059	1705	5497	2359	-1852	14	158	204	146	726	146	65854569	
-20079	1831	1669	5475	3037	-1810	12	159	203	147	731	147	65854570	
-19954	1654	1569	5393	3676	-1714	11	159	203	148	736	148	65854570	
-20026	1414	1196	5325	4436	-1530	15	157	203	149	741	149	65854571	
-20118	1206	720	5285	5132	-1340	15	157	203	150	746	150	65854571	
-20274	1064	340	5338	5943	-1140	12	154	192	151	751	151	65854572	
-20256	780	-312	5617	6885	-893	12	154	192	152	756	152	65854625	
-20644	308	-1632	6383	8031	-620	12	156	194	153	761	153	65854628	
-21438	-404	-3940	7723	9759	-333	12	156	194	154	766	154	65854628	
-22248	-1710	-6668	8990	12589	-110	13	157	191	155	771	155	65854628	
-22450	-3228	-8184	9081	16362	-20	13	157	191	156	776	156	65854629	
-21248	-4683	-7588	7691	20870	-230	7	153	189	157	781	157	65854629	
-19749	-5632	-5808	6510	23579	-549	7	153	187	158	786	158	65854629	
-18239	-6260	-3640	5478	24846	-938	9	153	179	159	791	159	65854630	
-16974	-6570	-1412	4216	24569	-1263	9	153	178	160	796	160	65854630	
-16436	-6638	-80	2634	23331	-1474	7	151	173	161	801	161	65854630	
-17084	-6014	402	-70	21185	-1681	7	151	173	162	806	162	65854630	
-18530	-5538	718	-2911	19654	-1938	10	156	164	163	811	163	65854644	
-19776	-4862	946	-5174	19493	-2048	10	156	164	164	816	164	65854644	
-20150	-4057	1655	-6862	20721	-1805	6	156	154	165	821	165	65854644	
-19742	-3712	2735	-7520	21793	-1337	7	156	155	166	826	166	65854644	
-19181	-3436	3710	-7871	22229	-736	11	157	159	167	831	167	65854644	
-19208	-3406	4414	-8333	21932	-137	11	158	158	168	836	168	65854644	
-19613	-3223	4811	-8790	21306	529	12	162	156	169	841	169	65854644	
-20378	-2532	5335	-9641	20780	1218	12	160	154	170	846	170	65854644	
-21038	-1761	6279	-10701	20467	1996	12	152	144	171	851	171	65854644	
-21533	-1028	7518	-11795	20248	2816	13	154	144	172	856	172	65854662	
-21873	-617	9101	-12727	19861	3615	19	161	145	173	861	173	65854735	
-22392	-110	10821	-13425	19163	4356	18	157	146	174	866	174	65854748	
-22860	277	12210	-13637	18460	4927	17	151	147	175	871	175	65854749	
-23368	696	13400	-13326	17806	5434	14	150	143	176	876	176	65854749	
-23816	1328	14115	-12352	17429	5838	10	148	138	177	881	177	65854751	
-24171	1984	14440	-10693	17523	6101	11	148	134	178	886	178	65854753	
-24222	2552	14436	-8469	18086	6254	13	149	129	179	891	179	65854757	
-24058	3346	14065	-5969	18938	6281	10	149	130	180	896	180	65854776	
-23524	4186	13076	-3309	19970	6216	5	149	131	181	901	181	65854795	
-22846	5030	12390	-900	20808	6125	5	149	121	182	906	182	65854795	
-22298	5885	11725	1282	21159	6094	5	149	115	183	911	183	65854795	
-21798	6347	10864	3412	21156	6094	3	149	116	184	916	184	65854796	
-21412	6346	10003	5293	20981	6056	1	149	117	185	921	185	65854796	
-21138	6158	9327	6613	20758	5948	3	149	116	186	926	186	65854796	
-20848	5829	8720	7533	20482	5756	4	148	114	187	931	187	65854796	
-20453	5256	8206	8150	20112	5455	5	148	114	188	936	188	65854797	
-19970	4591	7892	8510	19662	5114	6	148	114	189	941	189	65854797	
-19416	3918	7653	8713	19052	4730	5	146	113	190	946	190	65854797	
-18952	3287	7512	8749	18359	4370	3	143	111	191	951	191	65854798	
-18519	2761	7437	8661	17721	4080	4	143	107	192	956	192	65854806	
-18000	2388	7364	8513	17143	3778	5	143	105	193	961	193	65854812	
-17428	2068	7387	8453	16630	3454	3	141	98	194	966	194	65854812	
-16758	1828	7797	8536	16091	3142	2	140	94	195	971	195	65854812	
-16013	1554	8419	8784	15368	2879	0	141	95	196	976	196	65854813	
-15365	1252	9122	9154	14372	2705	-1	141	95	197	981	197	65854813	
-14711	950	9717	9645	12948	2652	-3	140	90	198	986	198	65854813	
-14293	664	9936	10081	11559	2717	-4	140	88	199	991	199	65854817	
-13880	368	10046	10361	10334	2850	0	138	84	200	996	200	65854835	
-13495	201	9964	10408	9232	3019	1	137	83	201	1001	201	65854839	
-13031	240	10036	10181	8225	3152	-3	141	85	202	1006	202	65854839	
-12510	574	10127	9878	7235	3246	-4	142	86	203	1011	203	65854839	
-11961	904	10386	9772	6187	3307	-1	134	84	204	1016	204	65854839	
-11319	1084	10598	9997	5033	3300	0	132	84	205	1021	205	65854839	
-10658	1032	11065	10512	3779	3272	-2	129	84	206	1026	206	65854839	
-9876	580	11232	11301	2192	3251	-2	128	84	207	1031	207	65854840	
-9432	-40	11332	11872	753	3261	-5	129	81	208	1036	208	65854840	
-9012	-644	11262	12218	-728	3284	-5	129	81	209	1041	209	65854840	
-9008	-1164	11016	12427	-2216	3269	5	131	85	210	1046	210	65854848	
-8893	-1706	10961	12588	-3364	3212	5	131	85	211	1051	211	65854866	
-8704	-2289	10564	12707	-4519	3071	-1	126	83	212	1056	212	65854870	
-8563	-2776	9865	12606	-5519	2896	-3	125	83	213	1061	213	65854871	
-8544	-3193	8890	12012	-6386	2761	2	130	80	214	1066	214	65854871	
-8686	-3288	7692	10524	-7347	2684	3	131	79	215	1071	215	65854871	
-8832	-3184	6350	8741	-8120	2733	-3	131	81	216	1076	216	65854871	
-9286	-2980	4962	6847	-8840	2869	-3	131	81	217	1081	217	65854872	
-9882	-2634	3368	5070	-9421	3005	-3	133	85	218	1086	218	65854872	
-10462	-2390	1666	3575	-9806	3095	-3	133	85	219	1091	219	65854878	
-10964	-1982	468	2485	-10039	3138	-6	140	84	220	1096	220	65854907	
-11622	-1372	-518	1852	-10270	3146	-6	140	84	221	1101	221	65854907	
-12156	-714	-1208	1738	-10619	3209	-10	132	94	222	1106	222	65854907	
-12700	-254	-1576	2104	-11108	3315	-10	132	94	223	1111	223	65854907	
-13378	343	-1742	2978	-11921	3432	-11	133	89	224	1116	224	65854910	
-14074	936	-1421	3857	-12685	3519	-10	132	89	225	1121	225	65854922	
-14778	1522	-1025	4789	-13424	3575	-8	130	90	226	1126	226	65854946	
-15552	2246	-523	5741	-13991	3619	-9	131	90	227	1131	227	65854950	
-16379	2774	78	6592	-14334	3687	-15	133	91	228	1136	228	65854951	
-17118	3190	620	7245	-14341	3755	-14	132	92	229	1141	229	65854951	
-17666	3472	1029	7632	-13940	3808	-10	130	98	230	1146	230	65854951	
-18138	3514	1529	7741	-13161	3832	-11	130	98	231	1151	231	65854951	
-18244	3283	1897	7371	-12024	3764	-15	129	97	232	1156	232	65854952	
-18160	2861	2284	6678	-11034	3580	-12	131	99	233	1161	233	65854965	
-18048	2124	2761	5766	-10215	3276	-7	133	103	234	1166	234	65854982	
-17818	1170	3089	4748	-9602	2824	-11	132	105	235	1171	235	65854982	
-17487	278	3208	3808	-9192	2279	-17	131	109	236	1176	236	65854983	
-17149	-545	3306	3060	-8941	1680	-17	130	109	237	1181	237	65854983	
-16809	-1466	3363	2523	-8880	931	-15	127	109	238	1186	238	65854983	
-16489	-2494	3212	2342	-8988	159	-14	128	110	239	1191	239	65854983	
-16211	-3501	2681	2337	-9164	-633	-10	134	112	240	1196	240	65854987	
-16207	-4230	1551	2300	-9363	-1422	-13	135	110	241	1201	241	65855006	
-16489	-4382	153	2200	-9503	-1939	-17	137	107	242	1206	242	65855015	
-17213	-3966	-1152	2158	-9433	-2270	-17	137	109	243	1211	243	65855016	
-18107	-3055	-1910	2463	-9000	-2383	-18	138	112	244	1216	244	65855016	
-18814	-2048	-1963	3292	-8186	-2271	-17	138	110	245	1221	245	65855017	
-19159	-1156	-1544	4383	-7239	-2018	-15	137	107	246	1226	246	65855017	
-19211	-666	-606	5192	-6542	-1687	-13	137	110	247	1231	247	65855018	
-19007	-822	756	5141	-6525	-1235	-9	137	115	248	1236	248	65855029	
-18919	-1606	1997	3873	-7379	-776	-8	134	114	249	1241	249	65855047	
-19022	-2423	2976	1977	-8703	-410	-8	132	114	250	1246	250	65855051	
-19247	-3240	3620	-89	-10243	-94	-11	128	113	251	1251	251	65855051	
-19542	-3954	3861	-1903	-11625	85	-13	125	113	252	1256	252	65855051	
-19731	-4442	3672	-3340	-12559	109	-12	129	118	253	1261	253	65855051	
-19849	-4480	3087	-4559	-12899	-7	-12	132	122	254	1266	254	65855051	
-19710	-3826	2352	-5666	-12615	-203	-11	134	127	255	1271	255	65855056	
-19402	-2579	1627	-6589	-11860	-415	-10	136	130	256	1276	256	65855078	
-18913	-969	792	-7221	-10808	-562	-13	136	129	257	1281	257	65855091	
-18326	531	147	-7359	-9920	-520	-14	136	128	258	1286	258	65855092	
-17788	1746	-162	-7184	-9290	-379	-14	131	130	259	1291	259	65855092	
-17460	2696	-188	-6815	-8957	-190	-14	130	130	260	1296	260	65855092	
-17156	3364	26	-6349	-8848	7	-12	128	132	261	1301	261	65855098	
-16868	3814	440	-5848	-8798	191	-11	127	133	262	1306	262	65855136	
-16600	3905	990	-5443	-8707	337	-11	128	136	263	1311	263	65855145	
-16228	3826	1585	-5072	-8590	471	-11	129	137	264	1316	264	65855145	
-15701	3517	2361	-4791	-8456	605	-13	128	133	265	1321	265	65855146	
-15118	3171	3256	-4756	-8438	670	-13	127	131	266	1326	266	65855146	
-14703	2796	4017	-4889	-8557	627	-10	125	137	267	1331	267	65855146	
-14294	2547	4762	-5156	-8800	478	-9	125	139	268	1336	268	65855146	
-14024	2390	5443	-5441	-9096	208	-9	130	144	269	1341	269	65855146	
-13877	2437	5810	-5625	-9337	-148	-9	131	145	270	1346	270	65855174	
-13847	2710	5982	-5613	-9460	-559	-13	127	146	271	1351	271	65855181	
-13948	3166	5992	-5436	-9446	-995	-14	126	146	272	1356	272	65855181	
-14131	3659	5788	-5107	-9284	-1381	-9	124	143	273	1361	273	65855181	
-14524	4304	5214	-4579	-8942	-1720	-8	124	142	274	1366	274	65855181	
-14738	4726	4758	-4087	-8560	-1884	-6	132	148	275	1371	275	65855182	
-15024	5064	4308	-3576	-8153	-1971	-6	132	148	276	1376	276	65855182	
-15286	5218	3824	-3154	-7799	-1961	-3	125	149	277	1381	277	65855190	
-15600	5228	3206	-2892	-7455	-1894	-3	125	149	278	1386	278	65855219	
-15872	5148	2638	-2802	-7116	-1782	-8	128	154	279	1391	279	65855219	
-16210	4870	2266	-2909	-6738	-1680	-8	128	154	280	1396	280	65855220	
-16512	4502	2086	-3183	-6332	-1585	1	127	149	281	1401	281	65855220	
-16783	4112	2177	-3577	-5858	-1499	1	128	151	282	1406	282	65855220	
-16932	3726	2372	-3816	-5501	-1439	1	131	157	283	1411	283	65855220	
-17137	3458	2667	-3843	-5172	-1391	1	130	157	284	1416	284	65855221	
-17346	3220	3033	-3629	-4874	-1341	1	127	157	285	1421	285	65855221	
-17476	2903	3293	-3275	-4627	-1269	1	128	157	286	1426	286	65855222	
-17563	2570	3456	-2858	-4466	-1186	-1	133	159	287	1431	287	65855236	
-17748	2344	3776	-2378	-4361	-1096	-1	133	159	288	1436	288	65855269	
-17900	2162	3978	-1840	-4204	-1026	1	135	161	289	1441	289	65855269	
-18063	1730	4122	-861	-3794	-940	0	136	161	290	1446	290	65855269	
-18182	1339	4058	-131	-3295	-900	-3	141	163	291	1451	291	65855270	
-18167	1075	3958	399	-2719	-868	-2	139	163	292	1456	292	65855270	
-18064	898	3760	687	-2168	-817	1	133	161	293	1461	293	65855270	
-18006	871	3709	786	-1689	-742	1	132	162	294	1466	294	65855271	
-17756	909	3737	778	-1371	-630	0	130	168	295	1471	295	65855283	
-17570	1066	3576	687	-1225	-475	-1	130	167	296	1476	296	65855307	
-17443	1070	3453	470	-1211	-320	-3	131	163	297	1481	297	65855308	
-17373	1236	3399	131	-1226	-149	-4	129	162	298	1486	298	65855308	
-17340	1429	3308	-263	-1204	28	-8	124	158	299	1491	299	65855308	
-17263	1523	3240	-518	-1154	184	-5	125	159	300	1496	300	65855308	
-17221	1660	3228	-714	-1058	342	-1	127	161	301	1501	301	65855308	
-17196	1793	3318	-881	-971	485	1	127	163	302	1506	302	65855312	
-17086	1872	3506	-1025	-933	621	5	127	165	303	1511	303	65855332	
-17001	1988	3740	-1152	-979	744	3	129	164	304	1516	304	65855354	
-16894	2128	4018	-1281	-1085	841	0	132	162	305	1521	305	65855354	
-16826	2264	4280	-1420	-1227	925	0	132	163	306	1526	306	65855354	
-16799	2312	4576	-1489	-1302	976	0	132	164	307	1531	307	65855354	
-16700	2272	4829	-1487	-1263	998	-1	131	164	308	1536	308	65855354	
-16593	2224	5052	-1437	-1124	989	-2	130	164	309	1541	309	65855354	
-16461	2108	5299	-1322	-924	948	-2	128	163	310	1546	310	65855354	
-16328	1976	5589	-1201	-687	895	-2	126	162	311	1551	311	65855354	
-16172	1841	5760	-1092	-445	828	-1	127	161	312	1556	312	65855354	
-15985	1727	5955	-977	-241	749	0	128	160	313	1561	313	65855373	
-15870	1643	6131	-857	-108	670	-1	130	163	314	1566	314	65855385	
-15744	1569	6274	-716	-24	578	-2	132	166	315	1571	315	65855385	
-15660	1560	6418	-554	18	481	0	128	163	316	1576	316	65855385	
-15600	1474	6492	-395	6	399	1	125	161	317	1581	317	65855385	
-15473	1376	6583	-245	-24	328	1	126	159	318	1586	318	65855385	
-15367	1313	6594	-108	-76	261	1	127	157	319	1591	319	65855385	
-15285	1212	6619	4	-189	202	-1	130	160	320	1596	320	65855393	
-15182	1102	6690	91	-345	146	-2	132	162	321	1601	321	65855414	
-15093	1022	6784	183	-520	91	-1	133	164	322	1606	322	65855424	
-15040	1020	6829	321	-718	31	0	134	166	323	1611	323	65855424	
-15035	1002	6873	504	-866	-27	-6	132	164	324	1616	324	65855425	
-15089	919	6903	707	-971	-99	-7	131	163	325	1621	325	65855425	
-15051	878	6996	901	-1022	-186	-2	129	168	326	1626	326	65855426	
-15049	923	6976	1147	-1030	-278	-1	129	169	327	1631	327	65855426	
-15126	920	7107	1465	-1028	-361	3	128	163	328	1636	328	65855434	
-15122	842	7032	1818	-1049	-443	4	128	162	329	1641	329	65855456	
-15154	781	7041	2122	-1077	-530	2	128	164	330	1646	330	65855461	
-15330	884	7200	2342	-1128	-627	2	128	164	331	1651	331	65855461	
-15666	1038	7084	2634	-1194	-742	-4	130	168	332	1656	332	65855461	
-15914	1142	6954	2961	-1196	-878	-4	130	168	333	1661	333	65855461	
-16270	1078	6844	3347	-1137	-1084	2	128	162	334	1666	334	65855461	
-16660	1184	6600	3713	-1005	-1361	2	128	162	335	1671	335	65855462	
-16856	1374	6242	4066	-883	-1692	2	132	164	336	1676	336	65855477	
-16904	1784	5840	4419	-799	-2068	2	132	164	337	1681	337	65855499	
-16816	2314	5508	4763	-718	-2406	1	129	161	338	1686	338	65855499	
-16858	2914	5310	5106	-687	-2711	1	129	161	339	1691	339	65855499	
-16872	3356	5164	5470	-703	-2942	6	134	166	340	1696	340	65855499	
-16968	3788	5060	5856	-737	-3103	6	134	166	341	1701	341	65855500	
-17026	4440	4934	6256	-739	-3206	-1	131	159	342	1706	342	65855500	
-17260	4882	4918	6679	-633	-3235	-1	131	159	343	1711	343	65855501	
-17432	5132	4906	7219	-382	-3186	4	128	164	344	1716	344	65855542	
-17606	5018	4904	7798	0	-3129	4	128	164	345	1721	345	65855545	
-17630	4928	4886	8370	460	-3095	0	130	166	346	1726	346	65855546	
-17556	4568	5046	8797	884	-3075	0	130	166	347	1731	347	65855547	
-17330	4222	5212	9022	1242	-3052	5	131	163	348	1736	348	65855547	
-16866	3910	5552	9095	1537	-2946	5	132	163	349	1741	349	65855549	
-16554	3588	5892	9079	1702	-2831	3	135	161	350	1746	350	65855549	
-16226	3171	6136	9042	1837	-2696	2	136	160	351	1751	351	65855556	
-16010	2604	6410	8988	1959	-2554	-3	139	155	352	1756	352	65855579	
-15946	1973	6492	8943	2063	-2430	-3	138	154	353	1761	353	65855579	
-15984	1253	6661	8896	2172	-2328	-4	134	150	354	1766	354	65855579	
-16065	553	6492	8849	2309	-2260	-2	133	151	355	1771	355	65855579	
-16157	-165	6353	8827	2444	-2208	5	129	153	356	1776	356	65855579	
-16119	-818	6052	8826	2558	-2144	3	133	155	357	1781	357	65855579	
-16016	-1322	5724	8798	2603	-2050	1	139	157	358	1786	358	65855583	
-15777	-1612	5433	8676	2590	-1920	1	140	155	359	1791	359	65855601	
-15507	-1803	5211	8455	2493	-1760	0	142	152	360	1796	360	65855621	
-15292	-1950	4963	8176	2283	-1585	2	140	154	361	1801	361	65855621	
-15174	-2006	4760	7899	1952	-1420	4	136	156	362	1806	362	65855622	
-15138	-2052	4526	7654	1509	-1276	5	136	155	363	1811	363	65855622	
-15114	-2054	4226	7390	1000	-1135	7	135	153	364	1816	364	65855622	
-15148	-1956	3969	7066	445	-988	7	134	152	365	1821	365	65855623	
-15171	-1764	3701	6646	-135	-839	7	133	151	366	1826	366	65855623	
-15286	-1555	3434	6116	-697	-694	3	136	149	367	1831	367	65855634	
-15431	-1388	3333	5472	-1231	-561	-3	141	147	368	1836	368	65855652	
-15584	-1280	3262	4701	-1700	-450	-1	139	145	369	1841	369	65855657	
-15740	-1226	3066	3780	-2083	-357	3	137	143	370	1846	370	65855658	
-15859	-1202	3021	2711	-2348	-292	3	137	144	371	1851	371	65855658	
-15968	-1140	3209	1563	-2486	-239	2	138	146	372	1856	372	65855658	
-16117	-907	3393	321	-2535	-203	1	139	146	373	1861	373	65855659	
-16290	-527	3624	-794	-2476	-208	0	140	146	374	1866	374	65855660	
-16417	-212	3913	-1597	-2343	-229	4	139	147	375	1871	375	65855691	
-16530	36	4198	-2196	-2154	-255	6	138	148	376	1876	376	65855713	
-16634	267	4312	-2643	-1932	-269	4	137	151	377	1881	377	65855714	
-16732	554	4300	-2956	-1685	-250	3	137	153	378	1886	378	65855714	
-16839	817	4201	-3125	-1430	-208	4	135	152	379	1891	379	65855714	
-16950	1086	3980	-3142	-1184	-156	4	134	152	380	1896	380	65855714	
-17067	1390	3669	-3018	-961	-91	3	130	153	381	1901	381	65855714	
-17281	1820	3393	-2713	-699	13	2	128	154	382	1906	382	65855719	
-17373	2239	3280	-2276	-422	131	1	137	150	383	1911	383	65855743	
-17430	2694	3285	-1705	-124	285	1	139	149	384	1916	384	65855749	
-17450	3126	3432	-993	203	491	1	139	152	385	1921	385	65855749	
-17466	3378	3666	-202	545	717	1	139	153	386	1926	386	65855749	
-17355	3522	3801	561	879	936	4	133	150	387	1931	387	65855749	
-17126	3521	4024	1229	1199	1140	5	131	149	388	1936	388	65855749	
-16873	3314	4253	1702	1449	1298	8	136	149	389	1941	389	65855750	
-16648	2984	4487	1932	1606	1380	9	137	149	390	1946	390	65855750	
-16321	2581	4702	1894	1640	1369	5	141	147	391	1951	391	65855750	
-16069	2184	4789	1619	1562	1305	4	142	146	392	1956	392	65855750	
-15918	1768	4928	1197	1415	1200	2	136	150	393	1961	393	65855755	
-15780	1407	4958	717	1222	1067	1	135	151	394	1966	394	65855780	
-15744	1112	5030	259	1010	917	1	130	146	395	1971	395	65855787	
-15812	877	5077	-181	821	769	1	129	145	396	1976	396	65855787	
-15798	712	5106	-586	683	622	2	136	146	397	1981	397	65855787	
-15732	592	5094	-895	571	497	2	138	146	398	1986	398	65855787	
-15740	518	5174	-1104	457	375	6	138	144	399	1991	399	65855788	
-15672	534	5186	-1144	360	312	6	138	144	400	1996	400	65855788	
-15598	596	5286	-1116	243	286	2	140	152	401	2001	401	65855794	
-15600	730	5264	-1023	115	309	2	140	152	402	2006	402	65855822	
-15638	998	5314	-867	-14	357	1	135	153	403	2011	403	65855823	
-15628	1244	5482	-628	-105	413	1	135	153	404	2016	404	65855823	
-15642	1498	5650	-373	-177	488	4	140	146	405	2021	405	65855823	
-15700	1794	5794	-74	-196	563	4	140	146	406	2026	406	65855823	
-15920	2140	6088	303	-167	649	7	139	149	407	2031	407	65855824	
-15984	2485	6092	645	-88	721	6	139	150	408	2036	408	65855831	
-16105	2630	6078	990	49	769	2	138	152	409	2041	409	65855859	
-16204	2765	5910	1294	240	785	1	138	150	410	2046	410	65855860	
-16382	2703	5794	1535	484	749	-4	140	142	411	2051	411	65855860	
-16478	2740	5705	1728	741	695	-3	140	142	412	2056	412	65855860	
-16620	2673	5523	1844	991	622	-1	141	143	413	2061	413	65855860	
-16691	2607	5400	1871	1223	547	0	141	145	414	2066	414	65855860	
-16742	2536	5185	1809	1446	483	6	140	152	415	2071	415	65855864	
-16812	2480	5087	1658	1650	433	6	141	150	416	2076	416	65855885	
-16860	2419	5006	1433	1843	391	8	144	144	417	2081	417	65855906	
-16819	2422	4750	1170	2032	331	8	143	144	418	2086	418	65855906	
-16687	2401	4672	929	2198	268	6	140	144	419	2091	419	65855906	
-16642	2369	4663	701	2294	230	6	140	144	420	2096	420	65855906	
-16545	2430	4852	449	2323	210	4	142	142	421	2101	421	65855906	
-16382	2478	4995	195	2270	188	4	143	142	422	2106	422	65855906	
-16222	2566	5163	-71	2166	167	5	145	143	423	2111	423	65855911	
-16086	2699	5273	-361	2021	140	3	145	143	424	2116	424	65855934	
-16046	2834	5391	-576	1917	99	0	146	142	425	2121	425	65855944	
-15970	2942	5618	-661	1863	39	0	144	140	426	2126	426	65855945	
-15910	2936	5998	-564	1849	-26	0	140	138	427	2131	427	65855945	
-15926	2973	6277	-323	1832	-93	0	138	139	428	2136	428	65855946	
-15917	2993	6394	-42	1806	-174	0	134	140	429	2141	429	65855947	
-15898	2875	6382	182	1814	-275	1	134	140	430	2146	430	65855947	
-15894	2803	6360	358	1894	-420	3	133	139	431	2151	431	65855948	
-15874	2774	6282	517	2064	-584	2	138	141	432	2156	432	65855948	
-15820	2709	6247	674	2290	-737	2	142	142	433	2161	433	65855990	
-15732	2662	6251	849	2524	-886	3	145	138	434	2166	434	65856018	
-15653	2607	6176	1066	2745	-1021	3	147	135	435	2171	435	65856018	
-15603	2595	6213	1325	2947	-1149	1	146	137	436	2176	436	65856018	
-15628	2556	6204	1640	3103	-1261	0	146	138	437	2181	437	65856018	
-15629	2449	6116	2006	3231	-1353	3	143	134	438	2186	438	65856025	
-15643	2342	6035	2370	3327	-1433	5	141	131	439	2191	439	65856046	
-15688	2222	5981	2725	3425	-1502	4	141	136	440	2196	440	65856057	
-15675	2135	5911	2967	3501	-1548	3	141	137	441	2201	441	65856058	
-15680	2096	5903	3181	3568	-1581	2	143	135	442	2206	442	65856058	
-15698	2030	5950	3384	3642	-1612	2	144	134	443	2211	443	65856058	
-15732	1967	5901	3568	3728	-1640	1	146	131	444	2216	444	65856059	
-15720	1918	5802	3714	3827	-1666	1	147	129	445	2221	445	65856059	
-15730	1878	5713	3830	3947	-1685	2	145	129	446	2226	446	65856059	
-15762	1888	5635	3913	4084	-1707	3	143	129	447	2231	447	65856060	
-15817	1893	5493	3929	4273	-1742	5	148	128	448	2236	448	65856060	
-15914	1936	5408	3851	4467	-1776	5	149	127	449	2241	449	65856061	
-16046	1999	5350	3740	4651	-1792	3	149	127	450	2246	450	65856061	
-16218	1990	5199	3603	4863	-1800	3	149	127	451	2251	451	65856067	
-16344	1990	5074	3415	5109	-1787	5	150	125	452	2256	452	65856069	
-16513	2083	4850	3137	5389	-1756	6	150	124	453	2261	453	65856069	
-16579	2028	4736	2766	5712	-1695	6	148	122	454	2266	454	65856069	
-16554	1973	4477	2374	6076	-1620	6	148	122	455	2271	455	65856111	
-16540	1870	4194	2038	6506	-1579	6	151	125	456	2276	456	65856123	
-16300	1692	4060	1755	7057	-1543	6	152	126	457	2281	457	65856123	
-16128	1544	3968	1682	7449	-1549	1	149	119	458	2286	458	65856123	
-16016	1344	4006	1692	7712	-1541	1	149	119	459	2291	459	65856123	
-15844	1260	3902	1759	7870	-1513	2	150	114	460	2296	460	65856124	
-15820	1164	4000	1857	7925	-1471	2	150	114	461	2301	461	65856124	
-15900	1086	3906	1987	7969	-1413	4	152	114	462	2306	462	65856132	
-15926	984	3782	2120	8051	-1379	4	152	114	463	2311	463	65856164	
-16018	834	3574	2188	8153	-1327	10	148	112	464	2316	464	65856164	
-16138	733	3266	2215	8234	-1299	8	148	110	465	2321	465	65856165	
-16244	675	2914	2188	8256	-1261	0	146	100	466	2326	466	65856165	
-16326	570	2554	2123	8285	-1217	0	146	100	467	2331	467	65856165	
-16400	550	2036	1970	8449	-1166	7	155	103	468	2336	468	65856165	
-16668	568	1692	1746	8649	-1121	7	155	103	469	2341	469	65856166	
-16720	644	1224	1515	8877	-1015	6	158	108	470	2346	470	65856166	
-17050	674	676	1301	9171	-965	6	158	108	471	2351	471	65856166	
-17328	800	146	1154	9471	-907	5	151	99	472	2356	472	65856167	
-17690	852	-444	1025	9753	-835	5	151	99	473	2361	473	65856167	
-18249	869	-888	839	10183	-765	6	150	96	474	2366	474	65856168	
-18677	901	-1357	661	10575	-685	6	151	95	475	2371	475	65856173	
-19138	921	-1877	552	11033	-593	5	153	91	476	2376	476	65856195	
-19508	904	-2250	505	11541	-497	5	153	91	477	2381	477	65856202	
-19911	842	-2498	487	12088	-441	3	151	89	478	2386	478	65856203	
-20314	738	-2890	461	12625	-391	4	152	89	479	2391	479	65856203	
-20674	506	-3077	411	13123	-333	6	156	90	480	2396	480	65856203	
-20941	233	-3345	298	13679	-305	7	155	88	481	2401	481	65856203	
-21213	-151	-3494	79	14330	-334	10	152	80	482	2406	482	65856204	
-21331	-395	-3522	-170	14888	-393	10	155	80	483	2411	483	65856217	
-21338	-621	-3392	-463	15403	-465	11	159	81	484	2416	484	65856241	
-21372	-842	-3082	-760	15784	-562	10	155	77	485	2421	485	65856247	
-21421	-1003	-2695	-1036	15932	-684	8	148	70	486	2426	486	65856247	
-21446	-1230	-2313	-1330	15779	-820	7	149	68	487	2431	487	65856247	
-21436	-1519	-2131	-1682	15367	-947	6	150	64	488	2436	488	65856247	
-21331	-1765	-2082	-2171	14815	-1041	6	151	64	489	2441	489	65856247	
-21012	-2092	-2024	-2915	14191	-1103	7	153	65	490	2446	490	65856248	
-20525	-2428	-1856	-3826	13505	-1132	6	154	61	491	2451	491	65856255	
-20086	-2576	-1676	-4622	12768	-1106	6	154	58	492	2456	492	65856273	
-19497	-2633	-1542	-5423	11882	-1006	6	153	56	493	2461	493	65856285	
-18558	-2529	-1494	-6307	10875	-793	5	151	53	494	2466	494	65856285	
-17438	-2134	-1649	-7146	10058	-482	8	151	53	495	2471	495	65856285	
-16239	-1691	-1728	-7831	9498	-134	12	152	54	496	2476	496	65856285	
-15144	-1346	-1577	-8257	9042	205	10	151	55	497	2481	497	65856285	
-14200	-1149	-1450	-8329	8400	590	6	150	56	498	2486	498	65856286	
-13654	-1158	-1287	-8100	7505	924	7	149	54	499	2491	499	65856286	
-13505	-1188	-1355	-7790	6506	1098	8	148	52	500	2496	500	65856291	
-13790	-1126	-1715	-7434	5382	1128	6	146	49	501	2501	501	65856311	
-14533	-1048	-2355	-7049	4219	1048	5	145	47	502	2506	502	65856322	
-15618	-890	-3215	-6691	3098	920	4	144	49	503	2511	503	65856322	
-16882	-664	-4276	-6406	2094	828	4	144	50	504	2516	504	65856322	
-18227	-122	-5622	-6097	1316	810	2	145	47	505	2521	505	65856322	
-19608	858	-7074	-5527	916	837	1	145	45	506	2526	506	65856322	
-21566	1969	-8444	-4113	829	867	0	147	46	507	2531	507	65856323	
-22652	3238	-10442	-1792	679	1070	0	148	46	508	2536	508	65856331	
-22096	4774	-11937	390	1529	2130	4	150	48	509	2541	509	65856355	
-20339	6722	-11842	1791	3420	2641	5	151	49	510	2546	510	65856360	
-18266	9048	-11176	3177	5335	2412	3	149	47	511	2551	511	65856360	
-15704	9254	-12011	5364	4881	2429	2	148	46	512	2556	512	65856360	
-17293	7023	-11238	5520	3142	1341	0	145	46	513	2561	513	65856360	
-19734	4303	-8550	2229	3180	268	0	144	46	514	2566	514	65856360	
-18560	4092	-5432	-2399	5595	-102	5	143	45	515	2571	515	65856360	
-15280	5306	-4112	-2360	7922	-27	5	143	45	516	2576	516	65856397	
-12178	5562	-2686	-25	9260	135	2	146	42	517	2581	517	65856397	
-9006	5036	-1964	1792	8523	721	2	146	42	518	2586	518	65856398	
-7321	4713	-1312	1875	6250	1234	-3	143	40	519	2591	519	65856398	
-6430	5053	-649	1058	3002	1624	-4	142	40	520	2596	520	65856398	
-6614	6045	-252	392	-58	1838	-1	142	42	521	2601	521	65856398	
-7092	7063	-500	1022	-2101	2059	0	142	42	522	2606	522	65856399	
-7202	7528	-932	3002	-3138	2391	2	143	46	523	2611	523	65856406	
-7064	7372	-1374	6215	-4072	2750	3	143	47	524	2616	524	65856434	
-7066	6554	-1374	8591	-5068	2830	-3	141	39	525	2621	525	65856435	
-7478	5740	-1430	10250	-6142	2656	-3	141	39	526	2626	526	65856435	
-8092	4714	-1148	11388	-7008	2236	5	145	45	527	2631	527	65856435	
-8912	3956	-832	12133	-7462	1625	5	145	45	528	2636	528	65856435	
-9760	3098	-342	12662	-7459	1021	4	138	44	529	2641	529	65856435	
-10820	2274	-798	13099	-6944	493	4	138	44	530	2646	530	65856435	
-11984	1300	-1712	13495	-5560	38	4	144	44	531	2651	531	65856455	
-12966	433	-2489	13523	-2411	-520	4	143	44	532	2656	532	65856472	
-13003	-56	-1469	12825	731	-968	4	140	46	533	2661	533	65856473	
-12124	-376	1209	11468	3172	-1335	5	141	45	534	2666	534	65856473	
-10639	-833	4529	9951	3942	-1552	10	144	40	535	2671	535	65856473	
-9354	-1548	7550	8763	2728	-1656	8	144	41	536	2676	536	65856473	
-8834	-2384	9404	8212	-86	-1720	0	142	44	537	2681	537	65856474	
-9347	-3168	9932	8520	-3725	-1764	1	143	43	538	2686	538	65856481	
-10712	-3734	8599	9649	-7087	-1699	7	147	39	539	2691	539	65856510	
-12610	-4107	5589	11130	-8918	-1506	6	148	40	540	2696	540	65856510	
-14031	-4235	2490	12222	-8105	-1284	2	150	42	541	2701	541	65856510	
-14345	-3978	860	12393	-5792	-1063	6	149	41	542	2706	542	65856510	
-13900	-3590	462	11988	-3380	-704	12	148	40	543	2711	543	65856510	
-13159	-3237	864	11373	-2114	-157	12	148	40	544	2716	544	65856510	
-12556	-3010	1332	10804	-2106	554	13	149	39	545	2721	545	65856512	
-12498	-2734	1608	10387	-3296	1482	12	149	40	546	2726	546	65856527	
-12955	-2588	1521	10263	-4913	2378	9	149	43	547	2731	547	65856556	
-13518	-2374	1317	10264	-6318	3193	10	149	42	548	2736	548	65856559	
-13925	-2090	1244	10047	-7269	3921	12	150	38	549	2741	549	65856561	
-14010	-1855	1174	9417	-7874	4408	11	152	40	550	2746	550	65856561	
-14020	-1757	1010	8292	-8577	4705	10	154	44	551	2751	551	65856562	
-14205	-1724	829	6764	-9571	4824	9	152	45	552	2756	552	65856562	
-14613	-1811	630	5025	-10847	4845	8	150	46	553	2761	553	65856563	
-15121	-1979	335	3290	-12215	4821	8	151	47	554	2766	554	65856573	
-15507	-2235	-38	1676	-13383	4784	7	153	49	555	2771	555	65856588	
-15819	-2656	-168	-14	-14292	4700	8	152	49	556	2776	556	65856588	
-16073	-3138	-15	-1724	-14878	4544	9	151	49	557	2781	557	65856588	
-16182	-3552	296	-3378	-15231	4386	8	156	53	558	2786	558	65856589	
-16282	-3809	727	-5150	-15484	4231	8	160	56	559	2791	559	65856589	
-16454	-3870	1126	-6987	-15640	4063	7	159	61	560	2796	560	65856594	
-16720	-3784	1566	-8821	-15718	3879	7	159	65	561	2801	561	65856615	
-17046	-3557	1945	-10536	-15756	3687	3	159	61	562	2806	562	65856627	
-17440	-3245	2271	-12008	-15765	3499	1	159	59	563	2811	563	65856627	
-17822	-2879	2430	-13162	-15761	3364	-1	161	64	564	2816	564	65856627	
-18101	-2418	2342	-14150	-15785	3315	-2	162	68	565	2821	565	65856627	
-18161	-2020	2351	-14798	-15815	3390	0	161	69	566	2826	566	65856627	
-18038	-1536	2269	-15219	-15840	3531	1	161	69	567	2831	567	65856628	
-17841	-1130	2163	-15494	-15846	3700	-1	166	77	568	2836	568	65856634	
-17582	-836	2068	-15638	-15863	3848	-1	167	79	569	2841	569	65856659	
-17297	-641	2097	-15653	-15934	3919	-1	164	78	570	2846	570	65856665	
-17019	-424	2109	-15526	-16081	3918	-1	163	77	571	2851	571	65856665	
-16833	-187	2080	-15257	-16322	3829	-3	165	81	572	2856	572	65856665	
-16851	65	2008	-14851	-16656	3604	-4	166	84	573	2861	573	65856665	
-17076	411	1929	-14442	-16773	3297	-2	170	90	574	2866	574	65856665	
-17294	798	1972	-14040	-16768	2942	-1	171	91	575	2871	575	65856665	
-17390	1204	2092	-13596	-16751	2576	-4	171	97	576	2876	576	65856675	
-17481	1537	2155	-13082	-16743	2237	-5	171	99	577	2881	577	65856692	
-17489	1874	2410	-12473	-16720	1929	-9	172	101	578	2886	578	65856695	
-17598	2132	2502	-11710	-16512	1625	-10	172	102	579	2891	579	65856696	
-17847	2321	2651	-10745	-16283	1336	-6	173	100	580	2896	580	65856696	
-18112	2452	2825	-9583	-16073	1026	-5	173	99	581	2901	581	65856696	
-18714	2378	3094	-8048	-15971	629	-6	174	112	582	2906	582	65856697	
-19578	1962	3308	-6738	-16065	330	-6	174	112	583	2911	583	65856697	
-20554	1476	3400	-5590	-16115	84	-3	177	121	584	2916	584	65856713	
-21308	1016	2986	-4507	-15910	-86	-3	177	121	585	2921	585	65856732	
-21864	596	2386	-3489	-15330	-215	-4	176	124	586	2926	586	65856732	
-21880	20	1708	-2609	-14481	-369	-4	176	124	587	2931	587	65856732	
-21626	-400	754	-1921	-13573	-495	-10	178	132	588	2936	588	65856732	
-21262	-950	-238	-1437	-12598	-637	-10	178	132	589	2941	589	65856732	
-20711	-1269	-1583	-1038	-11331	-833	-2	174	134	590	2946	590	65856758	
-20312	-1144	-2504	-789	-10183	-1010	-2	175	134	591	2951	591	65856796	
-19840	-744	-2986	-591	-9031	-1194	0	178	136	592	2956	592	65856796	
-19364	-38	-3076	-588	-8021	-1405	-1	178	136	593	2961	593	65856796	
-19260	757	-3201	-991	-7427	-1545	-6	176	138	594	2966	594	65856797	
-19631	1284	-3496	-1983	-7516	-1595	-5	177	138	595	2971	595	65856797	
-20964	1475	-4578	-3604	-8208	-1643	-1	179	137	596	2976	596	65856798	
-22972	1560	-6230	-5361	-9080	-1705	-1	179	137	597	2981	597	65856798	
-26362	1940	-8396	-7462	-9741	-1861	4	186	144	598	2986	598	65856839	
-30692	3120	-9858	-9308	-8617	-2105	3	186	145	599	2991	599	65856857	
-32177	4824	-9113	-10039	-6171	-2074	1	185	147	600	2996	600	65856858	
-30565	7375	-6411	-9985	-3057	-1678	1	186	148	601	3001	601	65856858	
-26206	9694	-2655	-9232	-508	-635	3	189	153	602	3006	602	65856858	
-20973	10712	877	-7753	120	818	3	188	153	603	3011	603	65856858	
-16452	10078	3329	-6162	-1707	2503	3	183	155	604	3016	604	65856858	
-13426	8458	4346	-5415	-5168	4083	3	182	156	605	3021	605	65856858	
-11873	6357	4627	-6186	-8919	5271	2	180	160	606	3026	606	65856858	
-11309	4666	4828	-8241	-11401	5806	4	180	156	607	3031	607	65856862	
-11194	3714	5090	-9772	-11631	5696	7	181	151	608	3036	608	65856883	
-10886	2883	5388	-10289	-10286	5218	5	182	156	609	3041	609	65856904	
-10298	1980	5583	-9869	-8093	4505	1	183	163	610	3046	610	65856904	
-9632	997	5792	-9159	-5926	3646	1	182	163	611	3051	611	65856909	
-9096	209	6039	-8751	-4435	2747	2	180	164	612	3056	612	65856914	
-9016	-241	6202	-8768	-3920	1898	0	181	162	613	3061	613	65856914	
-9658	-239	6196	-8955	-4330	1164	-2	182	160	614	3066	614	65856914	
-11061	222	5737	-8959	-5423	499	1	181	166	615	3071	615	65856915	
-12974	1091	4854	-8553	-6529	-96	4	180	172	616	3076	616	65856915	
-14893	1977	4214	-7760	-7001	-615	5	183	171	617	3081	617	65856915	
-16505	2600	3581	-6643	-6840	-1040	5	185	171	618	3086	618	65856915	
-17670	3038	3229	-5579	-6269	-1319	5	183	173	619	3091	619	65856915	
-18336	3470	3217	-4901	-5588	-1426	5	181	175	620	3096	620	65856915	
-18539	3718	3311	-4664	-5118	-1332	6	182	174	621	3101	621	65856920	
-18584	3720	3337	-4692	-4852	-1083	7	183	173	622	3106	622	65856927	
-18554	3410	3251	-5041	-4771	-648	7	184	171	623	3111	623	65856932	
-18366	2962	3066	-5629	-4778	-217	6	184	168	624	3116	624	65856932	
-18071	2550	2909	-6274	-4708	50	9	183	176	625	3121	625	65856933	
-17728	2423	2950	-6907	-4595	219	11	183	181	626	3126	626	65856933	
-17291	2550	3257	-7147	-4458	301	9	182	180	627	3131	627	65856933	
-16853	2833	4004	-6614	-4282	317	8	182	180	628	3136	628	65856933	
