-2340	-13415	-8351	-164	28	448	222	-71	-131	1	1	1	85087228	
-2307	-13437	-8344	-157	36	458	219	-73	-129	2	6	2	85087229	
-2292	-13451	-8300	-153	42	474	224	-72	-128	3	11	3	85087230	
-2297	-13455	-8357	-152	34	492	228	-72	-128	4	16	4	85087235	
-2270	-13400	-8434	-161	6	526	226	-67	-130	5	21	5	85087258	
-2302	-13410	-8507	-153	-14	576	226	-66	-130	6	26	6	85087264	
-2266	-13411	-8428	-153	-16	619	225	-68	-131	7	31	7	85087265	
-2292	-13399	-8367	-162	-13	669	225	-69	-131	8	36	8	85087265	
-2332	-13385	-8376	-148	13	709	224	-68	-129	9	41	9	85087265	
-2356	-13313	-8326	-125	41	743	224	-68	-128	10	46	10	85087265	
-2346	-13266	-8379	-105	68	783	224	-65	-130	11	51	11	85087265	
-2313	-13356	-8366	-95	86	825	224	-64	-130	12	56	12	85087295	
-2422	-13348	-8368	-75	90	888	222	-70	-126	13	61	13	85087303	
-2464	-13310	-8492	-69	112	950	222	-70	-126	14	66	14	85087304	
-2376	-13382	-8342	-46	116	999	229	-67	-135	15	71	15	85087304	
-2466	-13464	-8538	31	126	1056	229	-67	-135	16	76	16	85087304	
-2534	-13412	-8478	66	138	1103	222	-70	-126	17	81	17	85087304	
-2542	-13372	-8380	117	152	1178	222	-70	-126	18	86	18	85087304	
-2532	-13466	-8404	162	169	1218	225	-69	-129	19	91	19	85087312	
-2574	-13433	-8387	188	190	1226	225	-69	-129	20	96	20	85087338	
-2600	-13374	-8470	200	236	1242	227	-69	-133	21	101	21	85087343	
-2574	-13376	-8374	183	292	1231	227	-69	-133	22	106	22	85087343	
-2556	-13452	-8404	172	330	1251	224	-64	-130	23	111	23	85087343	
-2524	-13498	-8328	117	343	1276	224	-64	-130	24	116	24	85087343	
-2458	-13452	-8362	88	345	1269	226	-68	-130	25	121	25	85087343	
-2456	-13338	-8274	91	322	1273	226	-68	-130	26	126	26	85087343	
-2496	-13294	-8312	115	348	1286	228	-68	-132	27	131	27	85087356	
-2394	-13244	-8276	152	413	1291	228	-68	-132	28	136	28	85087383	
-2358	-13345	-8279	149	508	1258	225	-71	-131	29	141	29	85087383	
-2278	-13285	-8236	110	593	1266	225	-70	-131	30	146	30	85087383	
-2182	-13192	-8212	70	663	1284	227	-67	-129	31	151	31	85087383	
-1989	-13196	-8152	40	721	1292	226	-67	-128	32	156	32	85087383	
-1888	-13214	-8320	-47	810	1239	224	-66	-126	33	161	33	85087384	
-1921	-13240	-8405	-218	868	1259	224	-66	-127	34	166	34	85087386	
-1934	-13318	-8464	-332	783	1443	223	-67	-133	35	171	35	85087398	
-1986	-13469	-8706	-379	599	1677	223	-67	-133	36	176	36	85087419	
-2270	-13475	-8647	-410	438	1909	224	-68	-134	37	181	37	85087419	
-2588	-13556	-8694	-327	263	2259	225	-68	-131	38	186	38	85087419	
-2798	-13637	-8779	-182	130	2598	226	-68	-126	39	191	39	85087419	
-2965	-13646	-8778	-27	102	2818	226	-65	-127	40	196	40	85087420	
-3177	-13550	-8655	93	196	2861	226	-60	-128	41	201	41	85087420	
-3290	-13392	-8505	187	370	2860	227	-62	-129	42	206	42	85087424	
-3301	-13385	-8404	294	519	2882	228	-66	-130	43	211	43	85087440	
-3261	-13475	-8353	419	612	2863	228	-66	-129	44	216	44	85087458	
-3226	-13628	-8311	548	694	2748	230	-64	-126	45	221	45	85087458	
-3217	-13776	-8223	583	739	2569	229	-65	-124	46	226	46	85087458	
-3276	-13918	-8178	527	724	2439	228	-66	-122	47	231	47	85087458	
-3321	-14002	-8226	407	654	2344	228	-65	-124	48	236	48	85087458	
-3324	-13950	-8235	240	590	2239	228	-64	-128	49	241	49	85087458	
-3355	-13795	-8186	97	539	2146	230	-63	-128	50	246	50	85087462	
-3350	-13717	-8109	26	533	2071	232	-62	-128	51	251	51	85087480	
-3270	-13627	-8045	23	600	1957	234	-62	-130	52	256	52	85087499	
-3225	-13611	-8001	36	690	1838	236	-62	-134	53	261	53	85087499	
-3167	-13692	-8064	8	755	1783	233	-60	-130	54	266	54	85087500	
-3084	-13797	-8143	-68	782	1773	229	-57	-125	55	271	55	85087500	
-3100	-13884	-8230	-238	804	1764	227	-59	-126	56	276	56	85087500	
-3156	-13933	-8313	-452	798	1795	225	-61	-127	57	281	57	85087501	
-3271	-13972	-8462	-650	757	1875	226	-62	-129	58	286	58	85087546	
-3371	-13990	-8608	-791	697	1980	226	-62	-130	59	291	59	85087576	
-3502	-14015	-8705	-874	650	2077	230	-61	-127	60	296	60	85087577	
-3614	-13935	-8652	-946	625	2149	233	-61	-125	61	301	61	85087578	
-3635	-13828	-8586	-998	632	2203	232	-57	-126	62	306	62	85087578	
-3600	-13619	-8541	-1038	677	2181	232	-56	-126	63	311	63	85087579	
-3531	-13340	-8378	-1048	713	2146	230	-62	-128	64	316	64	85087579	
-3498	-13101	-8217	-977	739	2105	230	-64	-128	65	321	65	85087583	
-3457	-12979	-8212	-837	733	2027	229	-62	-127	66	326	66	85087608	
-3403	-12975	-8161	-707	717	1917	229	-61	-127	67	331	67	85087614	
-3372	-13084	-8132	-559	674	1799	229	-61	-131	68	336	68	85087614	
-3421	-13339	-8181	-439	610	1698	229	-61	-133	69	341	69	85087614	
-3452	-13522	-8232	-413	566	1592	233	-57	-129	70	346	70	85087614	
-3460	-13559	-8289	-493	595	1457	235	-55	-127	71	351	71	85087614	
-3373	-13464	-8288	-641	673	1335	233	-54	-131	72	356	72	85087614	
-3323	-13277	-8310	-782	756	1191	232	-54	-132	73	361	73	85087614	
-3233	-13127	-8466	-863	830	1071	229	-56	-129	74	366	74	85087614	
-3204	-13127	-8498	-950	866	986	228	-56	-128	75	371	75	85087614	
-3140	-13236	-8666	-987	874	917	233	-53	-128	76	376	76	85087614	
-3148	-13315	-8714	-1016	876	872	234	-52	-128	77	381	77	85087614	
-3173	-13272	-8839	-1056	848	902	231	-58	-126	78	386	78	85087614	
-3168	-13322	-8920	-1024	733	1030	230	-60	-126	79	391	79	85087623	
-3240	-13324	-8960	-968	673	1105	235	-57	-127	80	396	80	85087623	
-3210	-13288	-8968	-910	658	1116	235	-57	-127	81	401	81	85087624	
-3206	-13100	-8914	-871	651	1081	234	-62	-126	82	406	82	85087653	
-3214	-12942	-8852	-774	609	1073	234	-62	-126	83	411	83	85087653	
-3180	-12840	-8786	-577	556	1077	230	-56	-130	84	416	84	85087653	
-3146	-12926	-8714	-332	546	1062	230	-56	-130	85	421	85	85087653	
-3190	-13044	-8544	-75	522	980	229	-53	-127	86	426	86	85087653	
-3066	-13010	-8540	183	499	854	229	-53	-127	87	431	87	85087653	
-2990	-13147	-8363	461	480	767	226	-58	-130	88	436	88	85087655	
-2882	-13248	-8307	644	455	686	227	-57	-130	89	441	89	85087668	
-2752	-13387	-8260	792	439	552	231	-55	-129	90	446	90	85087694	
-2672	-13436	-8225	870	416	390	231	-54	-130	91	451	91	85087694	
-2522	-13458	-8088	887	373	248	230	-48	-132	92	456	92	85087695	
-2438	-13598	-8088	880	319	95	230	-48	-132	93	461	93	85087695	
-2266	-13672	-8118	838	243	-50	235	-57	-131	94	466	94	85087696	
-2126	-13778	-8042	754	176	-215	235	-57	-131	95	471	95	85087696	
-2009	-13798	-8000	676	87	-373	234	-58	-126	96	476	96	85087697	
-1955	-13764	-7940	643	19	-463	233	-58	-127	97	481	97	85087701	
-1852	-13769	-8030	630	-24	-555	229	-59	-131	98	486	98	85087718	
-1752	-13779	-8052	641	-67	-627	229	-58	-131	99	491	99	85087727	
-1738	-14005	-7969	685	-152	-650	231	-55	-129	100	496	100	85087727	
-1610	-14201	-7897	706	-318	-681	230	-56	-128	101	501	101	85087727	
-1692	-14294	-7904	672	-521	-708	225	-61	-123	102	506	102	85087727	
-1789	-14445	-8007	628	-751	-673	225	-61	-124	103	511	103	85087727	
-1965	-14649	-8037	551	-1007	-618	226	-60	-126	104	516	104	85087729	
-2191	-14639	-8036	409	-1190	-642	229	-59	-126	105	521	105	85087751	
-2272	-14462	-7968	268	-1239	-739	233	-57	-127	106	526	106	85087773	
-2338	-14309	-8019	166	-1202	-868	233	-59	-124	107	531	107	85087774	
-2333	-14229	-7934	123	-1142	-1016	232	-62	-120	108	536	108	85087774	
-2282	-14269	-7788	124	-1127	-1201	233	-60	-124	109	541	109	85087774	
-2207	-14292	-7717	98	-1194	-1409	235	-57	-129	110	546	110	85087775	
-2128	-14303	-7696	66	-1303	-1596	234	-59	-128	111	551	111	85087775	
-2030	-14315	-7622	2	-1408	-1794	233	-63	-127	112	556	112	85087790	
-1941	-14298	-7618	-125	-1494	-2018	229	-63	-131	113	561	113	85087804	
-1891	-14345	-7631	-264	-1559	-2207	227	-63	-133	114	566	114	85087804	
-1845	-14429	-7673	-436	-1624	-2355	226	-62	-134	115	571	115	85087804	
-1791	-14503	-7715	-659	-1721	-2492	224	-60	-134	116	576	116	85087804	
-1770	-14437	-7720	-938	-1855	-2628	224	-60	-134	117	581	117	85087805	
-1775	-14270	-7731	-1188	-1958	-2725	225	-61	-133	118	586	118	85087805	
-1804	-14119	-7775	-1373	-2052	-2799	227	-60	-132	119	591	119	85087808	
-1934	-14065	-7921	-1519	-2247	-2821	231	-59	-131	120	596	120	85087823	
-2007	-14249	-8053	-1652	-2522	-2798	229	-62	-129	121	601	121	85087834	
-2066	-14114	-8143	-1790	-2676	-2920	228	-64	-128	122	606	122	85087834	
-2101	-13720	-8079	-1870	-2727	-3056	231	-62	-126	123	611	123	85087834	
-2132	-13388	-7944	-1766	-2835	-3075	233	-61	-125	124	616	124	85087834	
-2183	-13478	-7971	-1431	-3023	-3054	229	-63	-128	125	621	125	85087835	
-2197	-13842	-8073	-1133	-3193	-3127	226	-64	-130	126	626	126	85087835	
-2274	-13966	-8111	-992	-3300	-3309	227	-66	-128	127	631	127	85087841	
-2328	-13834	-8012	-913	-3333	-3460	227	-67	-127	128	636	128	85087862	
-2328	-13610	-7908	-796	-3336	-3561	225	-66	-129	129	641	129	85087873	
-2322	-13514	-7890	-592	-3406	-3650	224	-66	-130	130	646	130	85087873	
-2357	-13713	-7845	-301	-3589	-3718	223	-65	-132	131	651	131	85087874	
-2344	-14136	-7884	-43	-3800	-3773	223	-65	-133	132	656	132	85087874	
-2343	-14382	-7883	83	-3879	-3883	220	-68	-131	133	661	133	85087896	
-2422	-14343	-7846	54	-3793	-4053	219	-69	-131	134	666	134	85087910	
-2460	-14134	-7827	27	-3683	-4143	228	-68	-127	135	671	135	85087912	
-2414	-13974	-7776	21	-3619	-4123	230	-68	-126	136	676	136	85087913	
-2308	-14039	-7854	70	-3617	-4053	225	-73	-128	137	681	137	85087913	
-2167	-14160	-7959	161	-3615	-4044	224	-74	-128	138	686	138	85087913	
-2064	-14240	-7854	260	-3557	-4111	222	-69	-131	139	691	139	85087913	
-1988	-14313	-7702	414	-3574	-4071	222	-68	-132	140	696	140	85087914	
-1904	-14629	-7598	672	-3760	-3903	220	-68	-132	141	701	141	85087920	
-1836	-15240	-7748	762	-3958	-3803	220	-68	-132	142	706	142	85087970	
-1995	-15504	-7707	453	-3934	-3882	227	-69	-128	143	711	143	85087982	
-2291	-15312	-7798	-73	-3829	-3889	229	-69	-127	144	716	144	85087982	
-2631	-14894	-7781	-591	-3775	-3639	223	-72	-133	145	721	145	85087982	
-2780	-14584	-8034	-1088	-3704	-3258	221	-73	-135	146	726	146	85087982	
-2886	-14240	-8170	-1502	-3450	-3119	217	-73	-133	147	731	147	85087982	
-3110	-13866	-8324	-1861	-3163	-3041	217	-73	-133	148	736	148	85087982	
-3204	-13180	-8398	-2126	-2994	-2905	221	-71	-133	149	741	149	85087990	
-3606	-13068	-8884	-2320	-2852	-2682	221	-71	-133	150	746	150	85088026	
-4304	-12754	-8290	-2683	-3000	-2073	223	-75	-133	151	751	151	85088027	
-4236	-12284	-8628	-2291	-3342	-1496	223	-75	-133	152	756	152	85088028	
-3804	-12776	-9272	-1714	-2821	-1724	226	-72	-132	153	761	153	85088028	
-3488	-12469	-8452	-1643	-1388	-2272	224	-72	-133	154	766	154	85088028	
-2895	-12377	-8479	-1186	-742	-2202	218	-74	-136	155	771	155	85088029	
-2084	-12562	-8331	-939	-721	-1989	218	-74	-134	156	776	156	85088029	
-1522	-12539	-8226	-930	-725	-2064	220	-72	-128	157	781	157	85088030	
-1343	-12611	-8302	-951	-773	-2202	219	-73	-128	158	786	158	85088030	
-1389	-12656	-8196	-1149	-1150	-2113	216	-76	-130	159	791	159	85088030	
-1414	-12906	-8465	-1345	-1639	-1858	217	-76	-131	160	796	160	85088031	
-1564	-13434	-8783	-1618	-1880	-1697	220	-74	-134	161	801	161	85088031	
-1874	-13766	-8868	-1989	-1932	-1649	220	-74	-134	162	806	162	85088032	
-2189	-13889	-9200	-2500	-2084	-1545	216	-72	-138	163	811	163	85088037	
-2417	-13754	-9345	-2921	-2187	-1462	217	-73	-137	164	816	164	85088055	
-2479	-13410	-9463	-3248	-2086	-1435	223	-75	-133	165	821	165	85088055	
-2468	-13003	-9413	-3438	-1901	-1481	222	-76	-134	166	826	166	85088056	
-2390	-12488	-9312	-3454	-1862	-1543	218	-80	-136	167	831	167	85088056	
-2338	-12126	-9218	-3284	-1968	-1602	218	-80	-136	168	836	168	85088056	
-2320	-11895	-9130	-3016	-2088	-1636	216	-80	-138	169	841	169	85088058	
-2331	-11786	-9155	-2654	-2248	-1667	217	-80	-137	170	846	170	85088072	
-2413	-11858	-9150	-2207	-2509	-1688	218	-80	-134	171	851	171	85088092	
-2513	-12011	-9134	-1846	-2720	-1688	218	-79	-133	172	856	172	85088093	
-2652	-12164	-9086	-1494	-2839	-1675	217	-77	-131	173	861	173	85088094	
-2706	-12297	-9107	-1113	-2867	-1650	217	-76	-133	174	866	174	85088094	
-2704	-12541	-9093	-715	-2843	-1619	216	-74	-136	175	871	175	85088095	
-2705	-12830	-9100	-405	-2756	-1614	216	-77	-134	176	876	176	85088095	
-2770	-13025	-9025	-264	-2662	-1634	215	-81	-131	177	881	177	85088109	
-2870	-13074	-8912	-221	-2647	-1596	216	-80	-134	178	886	178	85088129	
-2885	-13084	-8824	-197	-2657	-1489	217	-79	-139	179	891	179	85088129	
-2945	-13175	-8814	-171	-2589	-1402	216	-81	-140	180	896	180	85088129	
-3077	-13302	-8767	-168	-2522	-1353	216	-82	-140	181	901	181	85088129	
-3218	-13424	-8720	-201	-2501	-1273	212	-81	-138	182	906	182	85088129	
-3349	-13546	-8804	-279	-2461	-1162	210	-80	-136	183	911	183	85088129	
-3463	-13556	-8817	-396	-2344	-1071	212	-80	-136	184	916	184	85088135	
-3552	-13524	-8836	-532	-2167	-982	213	-79	-135	185	921	185	85088152	
-3636	-13532	-8940	-691	-1967	-875	215	-79	-134	186	926	186	85088170	
-3695	-13495	-8967	-885	-1791	-763	219	-79	-133	187	931	187	85088172	
-3718	-13292	-8964	-1057	-1644	-648	218	-81	-134	188	936	188	85088172	
-3697	-13064	-8839	-1166	-1503	-553	218	-82	-134	189	941	189	85088173	
-3673	-12739	-8736	-1231	-1358	-489	214	-81	-138	190	946	190	85088173	
-3720	-12382	-8728	-1281	-1232	-411	211	-81	-141	191	951	191	85088174	
-3847	-12056	-8835	-1378	-1140	-288	210	-82	-140	192	956	192	85088175	
-4018	-11728	-8916	-1481	-1085	-143	210	-82	-140	193	961	193	85088193	
-4118	-11318	-9003	-1509	-1001	-5	213	-79	-143	194	966	194	85088205	
-4132	-10988	-9184	-1369	-839	140	215	-77	-145	195	971	195	85088205	
-4160	-10991	-9309	-985	-580	358	214	-82	-139	196	976	196	85088205	
-4045	-11451	-9452	-488	-381	586	213	-83	-137	197	981	197	85088206	
-3793	-11904	-9481	14	-195	734	210	-83	-139	198	986	198	85088206	
-3396	-12027	-9342	504	77	774	209	-83	-139	199	991	199	85088206	
-2920	-11977	-8983	1049	379	783	215	-81	-135	200	996	200	85088239	
-2366	-12188	-8691	1627	575	798	216	-80	-134	201	1001	201	85088247	
-1974	-12542	-8640	2172	564	790	215	-78	-138	202	1006	202	85088248	
-1650	-13198	-8634	2613	396	784	215	-77	-139	203	1011	203	85088248	
-1454	-13862	-8588	2871	150	745	219	-81	-139	204	1016	204	85088248	
-1432	-14318	-8580	2953	-34	588	219	-81	-139	205	1021	205	85088249	
-1384	-14658	-8776	2917	-93	408	221	-81	-135	206	1026	206	85088249	
-1278	-14940	-8760	2678	13	238	221	-81	-135	207	1031	207	85088250	
-1266	-14915	-8672	2373	101	127	215	-79	-134	208	1036	208	85088278	
-1202	-14864	-8670	2007	132	49	214	-78	-134	209	1041	209	85088284	
-1108	-14662	-8610	1545	145	25	216	-81	-136	210	1046	210	85088284	
-1026	-14304	-8300	1087	105	0	216	-82	-136	211	1051	211	85088284	
-980	-13773	-8130	734	-15	-12	215	-81	-134	212	1056	212	85088285	
-996	-13130	-8074	445	-198	-1	215	-81	-133	213	1061	213	85088285	
-1018	-12818	-8074	244	-280	5	215	-75	-135	214	1066	214	85088285	
-1164	-12730	-8224	94	-367	109	215	-75	-135	215	1071	215	85088293	
-1408	-12740	-8346	-37	-535	314	216	-78	-132	216	1076	216	85088320	
-1678	-12928	-8524	-63	-747	617	216	-78	-132	217	1081	217	85088321	
-1938	-13024	-8452	44	-933	918	222	-78	-134	218	1086	218	85088321	
-2248	-13116	-8552	246	-900	1146	222	-78	-134	219	1091	219	85088321	
-2428	-13244	-8614	414	-640	1312	221	-79	-133	220	1096	220	85088321	
-2498	-13225	-8611	422	-237	1564	220	-79	-133	221	1101	221	85088321	
-2489	-13184	-8523	383	6	1803	215	-79	-131	222	1106	222	85088323	
-2399	-13058	-8410	403	117	1977	215	-78	-131	223	1111	223	85088338	
-2362	-13082	-8428	523	111	1984	216	-76	-132	224	1116	224	85088368	
-2425	-13366	-8552	768	44	1896	216	-77	-132	225	1121	225	85088370	
-2480	-13841	-8519	1043	-58	1906	216	-80	-134	226	1126	226	85088370	
-2605	-14206	-8433	1211	-215	1986	216	-79	-134	227	1131	227	85088370	
-2658	-14459	-8392	1291	-330	1946	217	-75	-135	228	1136	228	85088370	
-2719	-14421	-8130	1349	-340	1785	217	-76	-136	229	1141	229	85088371	
-2729	-14302	-7976	1410	-218	1593	218	-80	-138	230	1146	230	85088371	
-2611	-14210	-7725	1444	-109	1429	217	-79	-136	231	1151	231	85088376	
-2488	-14144	-7520	1463	-53	1228	213	-75	-129	232	1156	232	85088395	
-2340	-14125	-7370	1446	-109	1030	212	-77	-129	233	1161	233	85088395	
-2266	-14100	-7336	1390	-187	827	209	-83	-127	234	1166	234	85088395	
-2315	-14155	-7414	1261	-234	646	210	-81	-128	235	1171	235	85088396	
-2320	-14185	-7530	1026	-212	537	213	-73	-133	236	1176	236	85088396	
-2440	-14252	-7645	708	-255	544	214	-75	-132	237	1181	237	85088396	
-2569	-14326	-7862	377	-386	617	218	-80	-130	238	1186	238	85088410	
-2755	-14301	-8050	91	-396	683	216	-79	-130	239	1191	239	85088438	
-2936	-14192	-8192	-174	-324	775	214	-78	-130	240	1196	240	85088453	
-3071	-14044	-8300	-386	-226	906	214	-79	-130	241	1201	241	85088459	
-3088	-13912	-8340	-505	-99	1035	215	-81	-129	242	1206	242	85088460	
-3053	-13798	-8496	-551	79	1114	215	-79	-130	243	1211	243	85088460	
-3111	-13725	-8688	-655	247	1187	215	-77	-131	244	1216	244	85088460	
-3229	-13646	-8725	-752	288	1340	214	-74	-134	245	1221	245	85088461	
-3290	-13585	-8706	-645	180	1500	212	-70	-136	246	1226	246	85088466	
-3325	-13587	-8652	-512	113	1498	214	-73	-135	247	1231	247	85088470	
-3377	-13591	-8619	-332	150	1387	215	-75	-135	248	1236	248	85088470	
-3416	-13606	-8566	-146	214	1321	216	-77	-134	249	1241	249	85088471	
-3409	-13614	-8504	-28	211	1261	216	-78	-134	250	1246	250	85088471	
-3372	-13590	-8474	46	184	1130	217	-77	-130	251	1251	251	85088471	
-3330	-13458	-8359	87	212	944	217	-77	-127	252	1256	252	85088471	
-3314	-13398	-8270	129	226	793	219	-75	-130	253	1261	253	85088490	
-3264	-13432	-8249	218	165	663	221	-73	-133	254	1266	254	85088508	
-3238	-13492	-8199	327	92	519	219	-73	-128	255	1271	255	85088508	
-3277	-13601	-8184	366	43	394	217	-73	-125	256	1276	256	85088508	
-3313	-13775	-8260	353	-9	297	216	-74	-130	257	1281	257	85088508	
-3379	-13876	-8286	292	-32	243	216	-74	-134	258	1286	258	85088508	
-3406	-13840	-8329	204	-20	197	217	-76	-133	259	1291	259	85088508	
-3398	-13721	-8311	139	52	143	217	-77	-133	260	1296	260	85088508	
-3310	-13622	-8238	125	167	66	217	-75	-133	261	1301	261	85088524	
-3194	-13552	-8153	153	281	-23	217	-73	-133	262	1306	262	85088542	
-2966	-13623	-8031	164	321	-82	215	-74	-131	263	1311	263	85088544	
-2813	-13692	-8076	139	293	-127	214	-74	-130	264	1316	264	85088545	
-2700	-13842	-8168	82	211	-169	218	-73	-128	265	1321	265	85088545	
-2619	-13974	-8175	20	94	-207	219	-73	-127	266	1326	266	85088545	
-2580	-14105	-8162	-38	-9	-263	218	-72	-125	267	1331	267	85088545	
-2544	-14164	-8059	-111	-101	-342	218	-72	-124	268	1336	268	85088553	
-2507	-14194	-7949	-183	-161	-432	216	-78	-124	269	1341	269	85088577	
-2506	-14202	-7907	-287	-199	-496	216	-80	-124	270	1346	270	85088582	
-2440	-14252	-7932	-409	-209	-578	214	-74	-126	271	1351	271	85088582	
-2358	-14234	-7874	-482	-216	-642	214	-74	-126	272	1356	272	85088582	
-2432	-14250	-7834	-532	-222	-689	215	-79	-127	273	1361	273	85088582	
-2348	-14200	-7806	-583	-250	-737	215	-79	-127	274	1366	274	85088582	
-2342	-14088	-7856	-655	-228	-779	215	-75	-127	275	1371	275	85088582	
-2389	-14056	-7914	-693	-201	-787	215	-75	-127	276	1376	276	85088613	
-2318	-13912	-7998	-702	-169	-771	216	-77	-128	277	1381	277	85088619	
-2264	-13857	-8024	-681	-106	-742	216	-78	-128	278	1386	278	85088619	
-2184	-13788	-8080	-668	-26	-706	212	-76	-134	279	1391	279	85088619	
-2112	-13752	-8026	-629	2	-666	212	-76	-134	280	1396	280	85088619	
-1990	-13812	-7956	-629	-11	-642	215	-81	-127	281	1401	281	85088619	
-1908	-13768	-8036	-681	35	-616	215	-81	-127	282	1406	282	85088619	
-1882	-13690	-8084	-742	74	-555	218	-74	-130	283	1411	283	85088630	
-1818	-13688	-8100	-790	42	-463	218	-74	-130	284	1416	284	85088658	
-1804	-13528	-8184	-851	3	-413	210	-78	-136	285	1421	285	85088658	
-1750	-13580	-8176	-859	-30	-402	210	-78	-136	286	1426	286	85088659	
-1716	-13598	-8260	-853	-30	-407	222	-76	-132	287	1431	287	85088659	
-1795	-13398	-8325	-868	-52	-300	221	-77	-133	288	1436	288	85088659	
-1794	-13360	-8246	-802	-104	-160	217	-79	-135	289	1441	289	85088660	
-1810	-13271	-8239	-713	-148	-63	217	-79	-135	290	1446	290	85088669	
-1814	-13280	-8281	-600	-175	-31	217	-81	-135	291	1451	291	85088705	
-1868	-13284	-8329	-494	-182	-7	217	-81	-135	292	1456	292	85088705	
-1882	-13216	-8318	-426	-201	68	217	-79	-135	293	1461	293	85088706	
-2006	-13279	-8357	-356	-222	186	217	-78	-134	294	1466	294	85088707	
-2076	-13222	-8349	-251	-201	276	216	-76	-132	295	1471	295	85088707	
-2126	-13327	-8347	-144	-158	329	216	-77	-132	296	1476	296	85088708	
-2118	-13464	-8299	-56	-136	362	217	-79	-133	297	1481	297	85088708	
-2149	-13584	-8240	12	-127	392	217	-79	-132	298	1486	298	85088718	
-2199	-13660	-8206	13	-116	423	216	-78	-130	299	1491	299	85088735	
-2207	-13708	-8254	-28	-94	458	217	-77	-130	300	1496	300	85088735	
-2220	-13703	-8280	-85	-55	476	222	-74	-128	301	1501	301	85088735	
-2187	-13675	-8206	-151	-24	491	222	-75	-129	302	1506	302	85088736	
-2176	-13661	-8191	-227	-5	475	221	-77	-133	303	1511	303	85088736	
-2137	-13646	-8260	-301	15	451	220	-78	-132	304	1516	304	85088736	
-2135	-13716	-8247	-388	3	446	216	-80	-130	305	1521	305	85088739	
-2150	-13715	-8228	-464	-22	450	216	-82	-134	306	1526	306	85088756	
-2130	-13664	-8278	-525	-49	459	216	-86	-140	307	1531	307	85088776	
-2152	-13583	-8265	-565	-82	462	217	-82	-136	308	1536	308	85088776	
-2227	-13513	-8286	-584	-113	452	219	-75	-131	309	1541	309	85088776	
-2270	-13430	-8330	-573	-143	439	218	-75	-133	310	1546	310	85088776	
-2305	-13386	-8388	-549	-166	439	216	-76	-136	311	1551	311	85088776	
-2337	-13381	-8379	-538	-194	456	218	-77	-134	312	1556	312	85088777	
-2402	-13341	-8433	-514	-224	481	219	-77	-131	313	1561	313	85088777	
-2442	-13322	-8464	-472	-230	513	219	-79	-131	314	1566	314	85088823	
-2456	-13331	-8475	-411	-225	543	219	-81	-131	315	1571	315	85088854	
-2508	-13338	-8486	-345	-231	548	218	-76	-131	316	1576	316	85088854	
-2522	-13348	-8523	-276	-241	543	217	-73	-131	317	1581	317	85088854	
-2585	-13336	-8507	-201	-227	528	218	-76	-129	318	1586	318	85088854	
-2562	-13342	-8520	-119	-216	503	218	-78	-128	319	1591	319	85088854	
-2521	-13352	-8466	-34	-227	481	218	-78	-130	320	1596	320	85088854	
-2526	-13451	-8456	61	-260	443	218	-78	-132	321	1601	321	85088861	
