-15588	-2018	-8674	-52	-396	25	43	203	1	1	1	1	85138806	
-15554	-1902	-8698	-142	-433	77	43	203	1	2	6	2	85138838	
-15590	-1836	-8664	-222	-451	101	42	204	-2	3	11	3	85138839	
-15502	-1726	-8680	-283	-455	140	42	204	-2	4	16	4	85138839	
-15546	-1624	-8700	-342	-441	163	45	211	5	5	21	5	85138839	
-15546	-1480	-8752	-389	-416	184	45	211	5	6	26	6	85138839	
-15470	-1304	-8738	-411	-422	222	39	211	3	7	31	7	85138840	
-15501	-1232	-8724	-365	-408	263	40	211	3	8	36	8	85138840	
-15479	-1166	-8765	-329	-400	286	43	209	3	9	41	9	85138842	
-15437	-1117	-8697	-280	-381	314	43	209	4	10	46	10	85138855	
-15300	-1084	-8700	-237	-373	338	41	209	7	11	51	11	85138878	
-15224	-1056	-8668	-196	-372	381	39	209	6	12	56	12	85138878	
-15118	-1024	-8547	-151	-368	419	31	209	1	13	61	13	85138878	
-15020	-978	-8428	-142	-378	472	33	209	2	14	66	14	85138878	
-14929	-937	-8445	-143	-398	519	43	207	7	15	71	15	85138878	
-14949	-909	-8372	-199	-412	561	41	207	6	16	76	16	85138878	
-14910	-908	-8506	-247	-430	599	35	205	1	17	81	17	85138893	
-14882	-861	-8496	-275	-444	628	38	206	1	18	86	18	85138927	
-14883	-804	-8484	-317	-438	642	43	207	1	19	91	19	85138944	
-14902	-752	-8438	-370	-423	651	42	207	3	20	96	20	85138944	
-14876	-645	-8436	-416	-418	660	40	208	6	21	101	21	85138944	
-14865	-586	-8460	-436	-406	655	41	207	5	22	106	22	85138945	
-14882	-502	-8474	-438	-392	644	43	205	3	23	111	23	85138945	
-14894	-428	-8477	-432	-383	642	42	207	2	24	116	24	85138945	
-14933	-374	-8486	-407	-362	637	41	209	1	25	121	25	85138945	
-14958	-358	-8482	-364	-339	617	38	210	4	26	126	26	85138975	
-14952	-360	-8522	-311	-321	588	36	210	6	27	131	27	85138995	
-14944	-342	-8526	-265	-295	564	36	208	5	28	136	28	85138995	
-15001	-410	-8569	-229	-269	533	36	206	4	29	141	29	85138995	
-15024	-414	-8574	-192	-251	493	38	207	2	30	146	30	85138995	
-14992	-401	-8494	-153	-246	448	40	208	0	31	151	31	85138995	
-14966	-422	-8518	-122	-237	404	39	209	-1	32	156	32	85138995	
-14973	-502	-8482	-89	-225	343	39	209	-1	33	161	33	85138996	
-15072	-529	-8486	-83	-225	294	38	207	1	34	166	34	85138996	
-15091	-608	-8560	-91	-227	239	38	206	2	35	171	35	85138996	
-15104	-574	-8526	-88	-221	188	40	209	4	36	176	36	85138996	
-15164	-592	-8564	-89	-210	148	40	210	4	37	181	37	85138996	
-15165	-579	-8541	-86	-189	106	42	206	3	38	186	38	85138996	
-15149	-608	-8553	-75	-175	68	43	205	3	39	191	39	85139003	
-15212	-590	-8574	-46	-171	26	41	206	-1	40	196	40	85139029	
-15156	-540	-8556	-10	-156	-14	40	206	-2	41	201	41	85139035	
-15108	-560	-8530	18	-156	-44	38	204	4	42	206	42	85139035	
-15116	-570	-8628	56	-149	-75	38	204	4	43	211	43	85139035	
-15126	-690	-8620	99	-156	-93	39	209	-1	44	216	44	85139035	
-15118	-714	-8676	132	-169	-119	39	209	-1	45	221	45	85139035	
-15172	-736	-8634	154	-195	-156	38	204	-2	46	226	46	85139036	
-15122	-804	-8618	149	-205	-182	38	204	-2	47	231	47	85139044	
-15096	-898	-8564	158	-219	-198	42	210	-2	48	236	48	85139071	
-15080	-920	-8578	131	-232	-221	42	210	-2	49	241	49	85139071	
-15075	-964	-8583	91	-265	-250	35	203	3	50	246	50	85139071	
-15133	-1003	-8646	40	-291	-260	36	204	3	51	251	51	85139072	
-15170	-1091	-8557	6	-304	-274	41	209	3	52	256	52	85139072	
-15204	-1088	-8564	-32	-314	-278	41	208	2	53	261	53	85139073	
-15214	-1118	-8584	-65	-317	-270	42	202	0	54	266	54	85139073	
-15252	-1111	-8604	-79	-320	-267	41	203	0	55	271	55	85139073	
-15276	-1117	-8591	-90	-332	-257	39	205	-1	56	276	56	85139074	
-15253	-1135	-8630	-90	-328	-227	39	207	-1	57	281	57	85139080	
-15316	-1128	-8702	-86	-324	-204	39	211	1	58	286	58	85139101	
-15350	-1098	-8737	-74	-314	-168	39	210	0	59	291	59	85139108	
-15358	-1092	-8746	-54	-296	-129	39	209	-1	60	296	60	85139108	
-15299	-1076	-8712	-36	-279	-92	41	208	1	61	301	61	85139108	
-15245	-1061	-8687	-5	-279	-57	45	207	3	62	306	62	85139109	
-15230	-1067	-8705	34	-289	-28	44	208	-2	63	311	63	85139109	
-15208	-1094	-8695	63	-297	8	43	209	-9	64	316	64	85139117	
