-5152	-14320	-5836	-1418	-583	62	93	-75	-41	1	1	1	85129930	
-5346	-14210	-6090	-1419	-665	80	93	-75	-41	2	6	2	85129931	
-5226	-14064	-5964	-1383	-696	111	91	-79	-39	3	11	3	85129931	
-5291	-13962	-5932	-1362	-714	134	91	-79	-39	4	16	4	85129931	
-5294	-13865	-5897	-1319	-732	149	94	-77	-42	5	21	5	85129963	
-5276	-13892	-6048	-1270	-780	173	95	-77	-43	6	26	6	85129971	
-5328	-13846	-6054	-1222	-825	202	92	-76	-38	7	31	7	85129971	
-5228	-13800	-6068	-1162	-850	205	92	-76	-38	8	36	8	85129972	
-5196	-13858	-6030	-1101	-877	219	93	-77	-37	9	41	9	85129972	
-5116	-13932	-5952	-1025	-890	242	93	-77	-37	10	46	10	85129972	
-5040	-13990	-5970	-968	-887	258	95	-75	-35	11	51	11	85129972	
-5056	-13922	-5880	-924	-886	266	95	-75	-35	12	56	12	85129973	
-4954	-13992	-5940	-880	-880	278	89	-73	-45	13	61	13	85130008	
-4852	-13888	-6006	-853	-881	256	89	-73	-45	14	66	14	85130008	
-4847	-13857	-6011	-821	-877	245	92	-78	-42	15	71	15	85130008	
-4804	-13792	-6026	-779	-859	233	92	-78	-42	16	76	16	85130008	
-4772	-13702	-6020	-724	-859	207	98	-76	-44	17	81	17	85130008	
-4906	-13662	-6168	-640	-841	188	98	-76	-44	18	86	18	85130008	
-4954	-13632	-6088	-601	-820	159	95	-73	-41	19	91	19	85130008	
-4942	-13564	-6146	-501	-780	140	95	-73	-41	20	96	20	85130015	
-5016	-13536	-6172	-390	-775	125	90	-74	-42	21	101	21	85130045	
-5092	-13500	-6310	-288	-754	101	90	-74	-42	22	106	22	85130046	
-5128	-13376	-6172	-205	-708	63	85	-77	-41	23	111	23	85130046	
-5212	-13461	-6187	-118	-686	39	86	-77	-40	24	116	24	85130046	
-5222	-13482	-6313	-22	-658	11	91	-77	-35	25	121	25	85130046	
-5220	-13528	-6234	52	-662	-15	91	-76	-36	26	126	26	85130046	
-5285	-13587	-6250	95	-652	-51	90	-72	-42	27	131	27	85130047	
-5290	-13640	-6208	119	-640	-81	90	-72	-42	28	136	28	85130053	
-5314	-13660	-6230	129	-633	-113	91	-77	-41	29	141	29	85130082	
-5332	-13676	-6220	137	-625	-153	91	-77	-41	30	146	30	85130083	
-5387	-13740	-6244	82	-612	-186	91	-77	-39	31	151	31	85130083	
-5422	-13852	-6121	24	-599	-210	91	-77	-39	32	156	32	85130083	
-5535	-13878	-6065	-18	-604	-222	91	-75	-39	33	161	33	85130084	
-5474	-13878	-6117	-64	-615	-233	91	-75	-39	34	166	34	85130084	
-5517	-13890	-6136	-100	-616	-259	91	-77	-39	35	171	35	85130088	
-5560	-13969	-6247	-134	-621	-278	91	-76	-39	36	176	36	85130108	
-5496	-13987	-6308	-178	-621	-302	93	-73	-41	37	181	37	85130120	
-5418	-13916	-6293	-225	-602	-326	93	-74	-41	38	186	38	85130120	
-5440	-13895	-6348	-262	-595	-356	94	-76	-42	39	191	39	85130120	
-5396	-13835	-6413	-298	-573	-363	93	-76	-41	40	196	40	85130120	
-5363	-13806	-6280	-319	-539	-362	91	-75	-39	41	201	41	85130120	
-5313	-13843	-6369	-290	-492	-342	91	-75	-38	42	206	42	85130122	
-5222	-13925	-6372	-255	-460	-300	92	-76	-36	43	211	43	85130138	
-5172	-14016	-6495	-232	-422	-258	91	-75	-36	44	216	44	85130177	
-5083	-14029	-6514	-251	-362	-214	89	-71	-37	45	221	45	85130178	
-5113	-13980	-6509	-280	-308	-159	89	-72	-38	46	226	46	85130178	
-5155	-14009	-6458	-328	-228	-92	90	-76	-40	47	231	47	85130178	
-5261	-14088	-6370	-352	-132	15	89	-74	-41	48	236	48	85130179	
-5318	-14222	-6359	-355	-72	132	88	-72	-42	49	241	49	85130179	
-5395	-14380	-6349	-380	-52	242	90	-73	-42	50	246	50	85130186	
-5469	-14493	-6289	-443	-51	346	92	-74	-42	51	251	51	85130202	
-5594	-14539	-6301	-508	-49	443	91	-75	-42	52	256	52	85130215	
-5753	-14562	-6270	-600	-49	530	85	-77	-43	53	261	53	85130215	
-5824	-14518	-6205	-725	-46	610	87	-77	-42	54	266	54	85130215	
-5963	-14564	-6234	-834	-49	689	94	-78	-38	55	271	55	85130215	
-5945	-14601	-6259	-922	-57	785	93	-77	-39	56	276	56	85130216	
-6001	-14640	-6310	-1024	-67	919	90	-74	-42	57	281	57	85130216	
-6059	-14671	-6324	-1116	-59	1045	90	-75	-44	58	286	58	85130216	
-6057	-14683	-6369	-1224	-33	1180	91	-77	-47	59	291	59	85130217	
-6015	-14721	-6309	-1334	-23	1327	91	-77	-44	60	296	60	85130217	
-5973	-14762	-6262	-1442	-19	1466	92	-78	-40	61	301	61	85130220	
-5893	-14877	-6219	-1561	6	1606	90	-75	-40	62	306	62	85130235	
-5823	-14941	-6165	-1702	31	1731	88	-70	-40	63	311	63	85130251	
-5771	-14922	-6109	-1855	57	1850	87	-73	-39	64	316	64	85130251	
-5774	-14961	-6070	-2060	109	1983	83	-81	-37	65	321	65	85130251	
-5755	-14994	-5992	-2255	158	2108	85	-79	-38	66	326	66	85130252	
-5758	-15097	-5991	-2461	209	2251	89	-75	-39	67	331	67	85130252	
-5780	-15147	-6011	-2682	251	2401	89	-74	-40	68	336	68	85130252	
-5804	-15092	-6062	-2913	288	2549	89	-73	-41	69	341	69	85130267	
-5832	-14912	-6107	-3160	325	2681	90	-72	-43	70	346	70	85130289	
-5922	-14806	-6153	-3394	358	2813	92	-70	-46	71	351	71	85130289	
-6027	-14601	-6151	-3611	402	2964	91	-69	-45	72	356	72	85130290	
-6114	-14404	-6247	-3785	447	3127	89	-67	-43	73	361	73	85130290	
-6249	-14308	-6390	-3941	483	3290	93	-69	-44	74	366	74	85130290	
-6258	-14203	-6479	-4074	509	3444	95	-71	-45	75	371	75	85130291	
-6158	-14145	-6534	-4159	546	3584	92	-73	-45	76	376	76	85130296	
-5994	-14203	-6608	-4205	611	3737	88	-76	-44	77	381	77	85130313	
-5811	-14322	-6702	-4264	698	3913	88	-75	-44	78	386	78	85130326	
-5664	-14521	-6739	-4391	822	4103	89	-73	-45	79	391	79	85130326	
-5549	-14870	-6726	-4648	969	4320	89	-72	-45	80	396	80	85130326	
-5343	-15166	-6790	-5040	1139	4584	89	-71	-45	81	401	81	85130327	
-5179	-15406	-6989	-5432	1289	4868	87	-70	-45	82	406	82	85130327	
-5318	-15513	-7282	-5853	1418	5136	85	-69	-45	83	411	83	85130327	
-5600	-15402	-7540	-6358	1547	5404	87	-68	-46	84	416	84	85130346	
-5947	-14992	-7765	-6854	1687	5664	89	-67	-47	85	421	85	85130358	
-6292	-14476	-7984	-7268	1824	5943	91	-67	-45	86	426	86	85130358	
-6605	-14013	-8140	-7527	1917	6201	93	-67	-43	87	431	87	85130359	
-6964	-13597	-8300	-7667	1994	6456	93	-67	-44	88	436	88	85130359	
-7383	-13226	-8645	-7686	2188	6747	92	-68	-46	89	441	89	85130359	
-7579	-13034	-8989	-7632	2570	6956	89	-67	-49	90	446	90	85130360	
-7452	-12920	-8697	-7562	2966	7074	87	-67	-51	91	451	91	85130365	
-7237	-13204	-7738	-7346	3032	7214	88	-68	-52	92	456	92	85130385	
-7044	-14073	-7490	-6715	2636	7413	89	-69	-53	93	461	93	85130395	
-7204	-14899	-8548	-6062	2110	7546	87	-69	-51	94	466	94	85130395	
-7288	-15145	-9408	-6160	1965	7496	85	-69	-49	95	471	95	85130395	
-6802	-14862	-9750	-6717	2119	7357	88	-65	-46	96	476	96	85130396	
-6453	-14402	-10214	-7247	2037	7234	90	-62	-44	97	481	97	85130396	
-6569	-13697	-10820	-7939	1633	7127	92	-63	-51	98	486	98	85130396	
-6524	-12804	-11186	-8565	1528	7024	93	-63	-53	99	491	99	85130404	
-6468	-12261	-11701	-9051	1676	6993	94	-60	-52	100	496	100	85130425	
-6307	-11257	-12294	-9617	1983	6986	95	-59	-51	101	501	101	85130435	
-6106	-9827	-12970	-10240	2436	7043	95	-63	-55	102	506	102	85130437	
-5714	-8296	-13756	-10572	2941	7196	95	-65	-57	103	511	103	85130438	
-5397	-6725	-14384	-10512	3368	7379	93	-59	-52	104	516	104	85130438	
-5522	-5860	-14976	-10080	3728	7587	91	-55	-49	105	521	105	85130438	
-5823	-6173	-15930	-9342	4338	7797	91	-58	-57	106	526	106	85130462	
-5901	-5778	-16688	-8823	5113	7940	91	-59	-59	107	531	107	85130470	
-6564	-4698	-17340	-8680	5716	8000	90	-58	-58	108	536	108	85130470	
-7042	-3836	-18080	-8632	6336	8057	90	-58	-58	109	541	109	85130470	
-7187	-3731	-18506	-8156	7022	8207	88	-57	-52	110	546	110	85130470	
-7012	-3842	-19078	-7426	7714	8339	87	-57	-51	111	551	111	85130471	
-7192	-3946	-19197	-6912	8237	8383	89	-58	-49	112	556	112	85130471	
-7240	-3579	-18790	-6840	8713	8380	90	-58	-48	113	561	113	85130471	
-7469	-3215	-18379	-6959	9230	8331	89	-60	-52	114	566	114	85130491	
-7509	-3318	-18442	-6381	9757	8308	89	-61	-53	115	571	115	85130506	
-7688	-3939	-18760	-5417	10287	8222	91	-61	-53	116	576	116	85130508	
-7814	-4144	-18600	-4643	10787	7990	91	-61	-53	117	581	117	85130508	
-7992	-3644	-17889	-4579	11203	7708	93	-61	-51	118	586	118	85130509	
-7962	-2849	-17102	-4925	11618	7499	93	-61	-51	119	591	119	85130509	
-7818	-2700	-16303	-4961	11995	7383	93	-58	-54	120	596	120	85130509	
-7645	-3123	-15395	-4457	12313	7297	93	-57	-55	121	601	121	85130534	
-7447	-3849	-14509	-3739	12515	7186	92	-63	-51	122	606	122	85130548	
-7466	-4698	-13374	-3104	12702	7047	92	-64	-50	123	611	123	85130550	
-7464	-5013	-12802	-3046	12879	7005	86	-63	-53	124	616	124	85130550	
-7384	-5329	-12328	-3138	13087	6970	85	-63	-53	125	621	125	85130550	
-7284	-5566	-11836	-3396	13271	6913	89	-59	-51	126	626	126	85130550	
-7269	-5551	-11274	-3828	13398	6786	90	-58	-50	127	631	127	85130550	
-7243	-5250	-10644	-4224	13455	6644	93	-60	-50	128	636	128	85130556	
-7378	-4844	-10028	-4454	13417	6533	94	-60	-50	129	641	129	85130582	
-7500	-4578	-9503	-4507	13331	6455	99	-58	-48	130	646	130	85130588	
-7604	-4246	-8946	-4437	13195	6414	100	-58	-48	131	651	131	85130588	
-7592	-3978	-8366	-4114	13024	6431	93	-53	-41	132	656	132	85130589	
-7648	-3810	-7990	-3675	12809	6506	93	-53	-41	133	661	133	85130589	
-7648	-3590	-7644	-3168	12563	6622	98	-58	-48	134	666	134	85130589	
-7582	-3346	-7214	-2591	12278	6792	98	-58	-48	135	671	135	85130589	
-7589	-3391	-7122	-2049	11986	6981	97	-57	-47	136	676	136	85130590	
-7593	-3315	-6875	-1431	11618	7213	97	-57	-47	137	681	137	85130612	
-7594	-3262	-6688	-843	11220	7448	102	-57	-41	138	686	138	85130625	
-7583	-3094	-6491	-270	10808	7685	103	-57	-39	139	691	139	85130627	
-7520	-2978	-6284	384	10301	7966	102	-50	-52	140	696	140	85130627	
-7364	-2828	-6162	901	9852	8212	102	-50	-52	141	701	141	85130627	
-7268	-2674	-6048	1380	9380	8473	100	-58	-46	142	706	142	85130628	
-7132	-2502	-5866	1811	8929	8755	100	-58	-46	143	711	143	85130628	
-6912	-2350	-5598	2268	8504	9049	104	-54	-44	144	716	144	85130639	
-6790	-2228	-5372	2809	8098	9398	104	-54	-44	145	721	145	85130664	
-6624	-2130	-5260	3428	7726	9752	110	-52	-38	146	726	146	85130664	
-6376	-2004	-4982	4031	7324	10122	110	-52	-38	147	731	147	85130664	
-6206	-1966	-4828	4637	6907	10496	112	-50	-46	148	736	148	85130664	
-6150	-2086	-4548	5237	6494	10857	112	-50	-46	149	741	149	85130664	
-5954	-2298	-4466	5799	6113	11203	106	-44	-38	150	746	150	85130664	
-5956	-2522	-4188	6275	5726	11550	106	-44	-38	151	751	151	85130665	
-5854	-2830	-4094	6609	5345	11893	114	-48	-36	152	756	152	85130673	
-5850	-2972	-3878	6840	4946	12225	114	-48	-36	153	761	153	85130707	
-5830	-3316	-3678	6995	4527	12560	114	-44	-36	154	766	154	85130708	
-5914	-3550	-3646	7027	4084	12861	114	-44	-36	155	771	155	85130708	
-5980	-3719	-3584	6973	3535	13236	125	-49	-33	156	776	156	85130709	
-6081	-3876	-3610	6884	3061	13531	124	-48	-33	157	781	157	85130709	
-6175	-3997	-3555	6796	2594	13807	121	-43	-33	158	786	158	85130709	
-6258	-4242	-3530	6718	2186	14035	121	-43	-33	159	791	159	85130710	
-6402	-4440	-3642	6683	1711	14312	128	-36	-32	160	796	160	85130731	
-6556	-4712	-3784	6630	1247	14580	128	-36	-32	161	801	161	85130739	
-6712	-4748	-3944	6417	799	14818	129	-33	-37	162	806	162	85130739	
-6742	-4736	-3990	6082	391	15024	129	-33	-37	163	811	163	85130739	
-6784	-4892	-4134	5685	-38	15219	132	-30	-36	164	816	164	85130739	
-6960	-4914	-4166	5219	-542	15447	132	-31	-35	165	821	165	85130739	
-7132	-4980	-4299	4866	-953	15660	133	-33	-33	166	826	166	85130741	
-7350	-4952	-4461	4544	-1339	15856	134	-32	-33	167	831	167	85130754	
-7507	-4896	-4530	4210	-1700	16061	137	-27	-33	168	836	168	85130776	
-7628	-4871	-4564	3902	-2071	16295	138	-26	-32	169	841	169	85130776	
-7714	-4920	-4546	3632	-2447	16521	144	-20	-28	170	846	170	85130777	
-7912	-5020	-4618	3410	-2777	16722	144	-20	-28	171	851	171	85130777	
-8132	-5294	-4678	3178	-3152	16971	142	-18	-38	172	856	172	85130777	
-8433	-5521	-4760	2821	-3588	17247	142	-17	-36	173	861	173	85130777	
-8659	-5491	-4768	2455	-3924	17485	143	-13	-29	174	866	174	85130779	
-8961	-5453	-4814	2091	-4256	17714	144	-12	-29	175	871	175	85130792	
-9290	-5467	-4692	1764	-4618	17948	148	-10	-28	176	876	176	85130815	
-9742	-5595	-4544	1468	-4981	18163	149	-9	-28	177	881	177	85130815	
-10162	-5710	-4592	1211	-5346	18354	153	-7	-27	178	886	178	85130815	
-10539	-5691	-4546	1011	-5706	18517	153	-6	-28	179	891	179	85130815	
-10841	-5687	-4556	870	-6083	18665	152	0	-32	180	896	180	85130815	
-11094	-5849	-4715	830	-6479	18825	154	0	-31	181	901	181	85130815	
-11303	-6013	-4839	891	-6893	18980	159	-1	-29	182	906	182	85130825	
-11374	-6229	-5049	948	-7204	19088	159	1	-29	183	911	183	85130847	
-11360	-6520	-5225	909	-7528	19192	157	9	-29	184	916	184	85130853	
-11344	-6729	-5286	780	-7841	19263	159	10	-29	185	921	185	85130853	
-11331	-6817	-5342	577	-8172	19331	165	13	-31	186	926	186	85130853	
-11256	-6832	-5373	346	-8491	19363	164	15	-30	187	931	187	85130853	
-11331	-6629	-5215	68	-8815	19351	161	23	-27	188	936	188	85130853	
-11527	-6320	-5053	-188	-9144	19310	161	23	-28	189	941	189	85130855	
-11796	-5815	-4762	-288	-9463	19286	161	23	-29	190	946	190	85130875	
-12243	-5426	-4520	-193	-9719	19302	163	25	-30	191	951	191	85130894	
-12737	-5136	-4402	46	-9985	19330	166	28	-32	192	956	192	85130894	
-13379	-4896	-4275	373	-10247	19370	168	29	-33	193	961	193	85130894	
-13970	-4866	-4295	753	-10481	19426	170	30	-34	194	966	194	85130895	
-14574	-4974	-4622	1169	-10687	19486	170	32	-33	195	971	195	85130895	
-15171	-5323	-5317	1636	-10946	19518	172	38	-30	196	976	196	85130895	
-15718	-5876	-6119	1967	-11203	19481	172	39	-30	197	981	197	85130904	
-16066	-6494	-6849	2044	-11467	19323	171	43	-31	198	986	198	85130931	
-16390	-7167	-7360	1928	-11675	19101	173	46	-29	199	991	199	85130931	
-16674	-7809	-7752	1764	-11779	18836	175	51	-27	200	996	200	85130931	
-16750	-8168	-7995	1807	-11764	18565	173	54	-26	201	1001	201	85130931	
-16732	-8269	-8153	2056	-11760	18276	169	59	-25	202	1006	202	85130931	
-16648	-8172	-8401	2232	-11761	17952	172	62	-25	203	1011	203	85130932	
-16437	-7902	-8539	2308	-11697	17606	176	66	-24	204	1016	204	85130932	
-16130	-7520	-8614	2428	-11613	17301	174	66	-23	205	1021	205	85130946	
-15845	-7058	-8421	2628	-11571	17073	172	66	-22	206	1026	206	85130966	
-15772	-6597	-8153	2853	-11586	16911	174	68	-19	207	1031	207	85130967	
-15821	-6218	-7820	3057	-11569	16793	176	72	-14	208	1036	208	85130967	
-16080	-5848	-7457	3252	-11478	16688	174	77	-16	209	1041	209	85130967	
-16460	-5408	-7007	3490	-11343	16564	172	84	-20	210	1046	210	85130968	
-16841	-4939	-6575	3862	-11167	16414	175	86	-15	211	1051	211	85130968	
-17254	-4703	-6270	4443	-10956	16241	180	90	-8	212	1056	212	85130972	
-17542	-4682	-6084	5192	-10741	16015	178	90	-11	213	1061	213	85130986	
-17737	-4793	-6059	6093	-10517	15697	175	89	-15	214	1066	214	85131002	
-17819	-5043	-6104	7013	-10293	15330	176	92	-10	215	1071	215	85131002	
-17760	-5444	-6324	7798	-10119	14979	176	94	-6	216	1076	216	85131003	
-17689	-5866	-6606	8432	-10003	14612	177	99	-8	217	1081	217	85131003	
-17521	-6225	-6700	8810	-9918	14250	177	103	-9	218	1086	218	85131003	
-17208	-6530	-6738	8981	-9850	13878	179	104	-6	219	1091	219	85131007	
-16788	-6712	-6794	8960	-9829	13501	181	105	-1	220	1096	220	85131042	
-16374	-6777	-6770	8755	-9890	13169	178	108	-1	221	1101	221	85131085	
-15974	-6794	-6793	8275	-9998	12828	174	112	-2	222	1106	222	85131085	
-15617	-6811	-6822	7541	-10066	12510	180	112	-2	223	1111	223	85131085	
-15317	-6798	-6806	6721	-10088	12242	184	112	-2	224	1116	224	85131086	
-15088	-6751	-6939	5885	-10094	11998	181	113	5	225	1121	225	85131086	
-15142	-6800	-7085	5089	-10100	11774	179	113	9	226	1126	226	85131086	
-15524	-6788	-7008	4312	-10053	11556	180	118	8	227	1131	227	85131109	
-16166	-6618	-6927	3626	-9967	11311	181	121	7	228	1136	228	85131125	
-17109	-6458	-6897	3015	-9840	11044	180	125	10	229	1141	229	85131125	
-18007	-6342	-6948	2554	-9672	10790	180	128	12	230	1146	230	85131125	
-18808	-6166	-7044	2214	-9465	10488	180	128	12	231	1151	231	85131126	
-19365	-5975	-7018	1985	-9276	10118	180	128	12	232	1156	232	85131126	
-19530	-5944	-6914	1796	-9165	9746	179	129	14	233	1161	233	85131127	
-19400	-6000	-6876	1617	-9114	9345	178	130	16	234	1166	234	85131127	
-19061	-6064	-6944	1432	-9103	8941	181	133	19	235	1171	235	85131127	
-18557	-6166	-7184	1197	-9156	8567	183	135	21	236	1176	236	85131127	
-18032	-6242	-7320	864	-9256	8218	184	137	22	237	1181	237	85131127	
-17436	-6208	-7236	427	-9363	7846	184	138	22	238	1186	238	85131127	
-16609	-6083	-6977	-140	-9432	7417	185	142	23	239	1191	239	85131127	
-15718	-5855	-6785	-657	-9418	7062	185	143	23	240	1196	240	85131133	
-14843	-5712	-6736	-1130	-9412	6758	183	141	29	241	1201	241	85131144	
-14264	-5624	-6895	-1607	-9450	6478	182	140	30	242	1206	242	85131161	
-13923	-5734	-7034	-2247	-9507	6151	181	145	29	243	1211	243	85131168	
-14030	-5910	-6876	-3022	-9550	5792	181	149	29	244	1216	244	85131168	
-14588	-5778	-6422	-3678	-9553	5486	182	146	28	245	1221	245	85131168	
-15418	-5290	-6237	-4200	-9428	5269	182	144	28	246	1226	246	85131168	
-16334	-4569	-6390	-4661	-9132	5063	182	146	33	247	1231	247	85131168	
-17213	-3781	-6421	-4959	-8738	4798	182	148	36	248	1236	248	85131168	
-17734	-2886	-6231	-4980	-8436	4529	183	147	35	249	1241	249	85131168	
-18048	-2086	-6004	-4747	-8168	4230	183	147	35	250	1246	250	85131168	
-18147	-1602	-5987	-4228	-7908	3958	180	150	37	251	1251	251	85131176	
-18200	-1528	-6332	-3421	-7722	3662	179	151	37	252	1256	252	85131211	
-18143	-1679	-6730	-2508	-7573	3347	183	153	36	253	1261	253	85131219	
-18119	-1880	-6865	-1866	-7445	3063	184	154	36	254	1266	254	85131219	
-18114	-2076	-6973	-1321	-7363	2754	186	152	37	255	1271	255	85131220	
-17959	-2190	-6914	-709	-7285	2422	188	150	38	256	1276	256	85131220	
-17652	-2367	-6826	-248	-7170	2212	189	151	42	257	1281	257	85131220	
-17326	-2549	-6780	-11	-6979	2064	189	151	43	258	1286	258	85131220	
-16849	-2437	-6537	78	-6802	1966	187	153	45	259	1291	259	85131221	
-16543	-2347	-6211	83	-6634	1928	187	153	45	260	1296	260	85131243	
-16254	-2094	-5907	2	-6399	1942	189	157	49	261	1301	261	85131287	
-16234	-1685	-5698	-144	-6128	1993	190	158	50	262	1306	262	85131297	
-16545	-1062	-5577	-269	-5830	2082	189	159	49	263	1311	263	85131297	
-16990	-272	-5319	-347	-5459	2173	189	159	49	264	1316	264	85131297	
-17502	664	-4964	-250	-4978	2251	187	159	51	265	1321	265	85131297	
-17699	1139	-4831	43	-4626	2285	187	159	51	266	1326	266	85131297	
-17917	1455	-4532	610	-4303	2302	190	162	56	267	1331	267	85131297	
-18183	1548	-4498	1340	-4046	2323	191	163	57	268	1336	268	85131297	
-18448	1462	-4463	2260	-3792	2372	192	164	58	269	1341	269	85131297	
-18575	1273	-4337	3177	-3642	2389	192	164	58	270	1346	270	85131328	
-18666	1048	-4177	3970	-3572	2354	194	167	61	271	1351	271	85131337	
-18782	607	-4050	4593	-3574	2303	194	168	62	272	1356	272	85131337	
-18724	164	-3800	5138	-3555	2213	191	161	67	273	1361	273	85131337	
-18680	-288	-3686	5425	-3533	2162	191	161	67	274	1366	274	85131337	
-17264	-144	1600	5564	-3673	2187	197	167	65	275	1371	275	85131337	
-18532	-1016	7452	5873	-5069	2508	197	167	65	276	1376	276	85131337	
-19230	2668	13228	5913	-5923	2793	193	171	67	277	1381	277	85131337	
-20643	4881	11196	6435	-6566	3252	193	171	67	278	1386	278	85131337	
-23822	2647	1652	6798	-6452	4387	193	169	69	279	1391	279	85131337	
-22848	-3161	-4955	7174	-5520	5177	193	169	69	280	1396	280	85131345	
-21384	-8022	-7048	5920	-6051	4900	191	173	75	281	1401	281	85131374	
-21850	-8812	-5798	3982	-7056	3901	191	173	75	282	1406	282	85131375	
-22456	-6306	-4554	1655	-7141	2835	198	168	76	283	1411	283	85131375	
-22936	-1608	-4394	-1427	-6513	2063	198	168	76	284	1416	284	85131375	
-24168	2190	-5868	-3325	-5650	1612	201	165	83	285	1421	285	85131375	
-24356	3742	-9346	-2806	-4940	1603	201	165	83	286	1426	286	85131376	
-23582	3354	-11310	-1527	-4445	1718	199	173	81	287	1431	287	85131376	
-23208	1374	-12058	-840	-4529	1921	199	173	81	288	1436	288	85131376	
-23110	-1328	-11520	-727	-4902	2046	195	169	83	289	1441	289	85131376	
-23368	-3752	-10110	-858	-5074	2034	195	169	83	290	1446	290	85131377	
-24094	-5694	-7614	-1126	-4891	1938	201	171	85	291	1451	291	85131384	
-25926	-7594	-6430	-1221	-4362	1834	201	171	85	292	1456	292	85131400	
-29120	-10208	-10344	-1009	-3497	1823	201	167	87	293	1461	293	85131400	
-32768	-12522	-15268	-1265	-2110	1748	201	167	87	294	1466	294	85131401	
-32768	-12950	-16946	-2110	-2	1149	201	177	85	295	1471	295	85131401	
-32414	-12908	-15446	-3530	1738	-369	201	177	85	296	1476	296	85131401	
-27650	-9748	-11534	-4933	2004	-2810	199	175	89	297	1481	297	85131401	
-20029	-2106	-4205	-6701	1247	-5845	200	174	88	298	1486	298	85131416	
-16840	2212	-404	-6986	-169	-7204	205	171	85	299	1491	299	85131430	
-15470	4762	427	-5620	-1549	-7248	204	170	84	300	1496	300	85131430	
-15107	5839	-267	-3521	-2159	-6395	199	165	81	301	1501	301	85131431	
-15122	5944	-1512	-1681	-2046	-5252	199	165	81	302	1506	302	85131431	
-15400	4710	-2696	234	-1486	-3768	206	168	82	303	1511	303	85131431	
-15836	3886	-3436	1225	-1122	-2526	206	168	82	304	1516	304	85131431	
-15814	3330	-3140	1866	-619	-1769	199	161	79	305	1521	305	85131440	
-15204	3167	-2006	2446	37	-1370	200	162	79	306	1526	306	85131471	
-14775	3228	-1179	2888	338	-1114	202	168	78	307	1531	307	85131471	
-14432	3023	-720	3486	539	-845	202	167	79	308	1536	308	85131471	
-14186	2513	-547	4142	553	-577	201	165	85	309	1541	309	85131471	
-14124	1671	-467	4567	299	-328	201	165	84	310	1546	310	85131471	
-14134	675	-314	4725	-61	-209	200	166	82	311	1551	311	85131471	
-14241	-243	-82	4585	-476	-248	200	166	82	312	1556	312	85131477	
-14167	-789	148	4183	-798	-308	200	166	80	313	1561	313	85131503	
-14174	-1062	288	3719	-1008	-285	200	166	80	314	1566	314	85131517	
-14190	-1418	176	3022	-1161	-123	200	172	78	315	1571	315	85131517	
-14206	-1566	122	2438	-1151	-9	201	171	79	316	1576	316	85131518	
-14132	-1610	-31	1858	-1034	-7	205	167	85	317	1581	317	85131518	
-13991	-1563	-237	1357	-893	-96	205	167	85	318	1586	318	85131518	
-13966	-1551	-427	984	-838	-227	204	168	86	319	1591	319	85131518	
-14058	-1490	-704	710	-875	-341	204	169	85	320	1596	320	85131524	
-14188	-1486	-1027	550	-941	-405	202	172	82	321	1601	321	85131549	
-14391	-1363	-1205	486	-1017	-426	203	172	84	322	1606	322	85131555	
-14609	-1266	-1355	497	-1055	-424	206	170	88	323	1611	323	85131556	
-14779	-1140	-1382	577	-1059	-450	201	169	87	324	1616	324	85131556	
-14906	-1091	-1317	650	-1068	-499	194	168	86	325	1621	325	85131556	
-15067	-1101	-1227	698	-1105	-563	195	168	86	326	1626	326	85131556	
-15253	-1078	-1095	707	-1152	-662	200	168	84	327	1631	327	85131557	
-15404	-1139	-999	684	-1191	-778	200	168	85	328	1636	328	85131557	
-15892	-1050	-1299	640	-1224	-858	199	169	87	329	1641	329	85131557	
-17436	-905	-2672	607	-1209	-837	200	169	85	330	1646	330	85131562	
-20587	-319	-5760	661	-1000	-475	205	167	79	331	1651	331	85131585	
-22457	690	-7640	736	-22	58	203	165	84	332	1656	332	85131595	
-23089	1508	-7682	657	837	307	201	163	91	333	1661	333	85131595	
-23034	2142	-6587	540	1204	231	201	165	92	334	1666	334	85131595	
-21843	2792	-4726	519	1241	-133	201	169	93	335	1671	335	85131595	
-19838	2988	-2963	720	992	-574	203	170	91	336	1676	336	85131595	
-17945	2397	-2001	1048	555	-875	205	171	87	337	1681	337	85131598	
-16588	1398	-1692	1366	98	-1016	204	170	88	338	1686	338	85131611	
-15518	162	-1698	1551	-362	-1001	201	167	91	339	1691	339	85131637	
-14848	-600	-1790	1347	-585	-923	203	167	92	340	1696	340	85131637	
-14713	-927	-1897	945	-609	-843	205	167	93	341	1701	341	85131637	
-14710	-902	-2049	467	-525	-779	204	167	91	342	1706	342	85131637	
-14730	-729	-2111	107	-395	-741	203	167	87	343	1711	343	85131637	
-14831	-487	-2118	-69	-279	-711	203	168	89	344	1716	344	85131640	
-15161	-205	-2112	-97	-211	-688	204	170	92	345	1721	345	85131655	
-15577	61	-2142	-18	-162	-694	203	170	90	346	1726	346	85131673	
-15968	322	-2268	167	-127	-720	202	170	86	347	1731	347	85131673	
-16281	534	-2377	394	-128	-741	201	172	90	348	1736	348	85131673	
-16502	648	-2498	620	-151	-749	200	174	94	349	1741	349	85131673	
-16655	709	-2656	874	-202	-745	201	171	94	350	1746	350	85131673	
-16768	723	-2745	1129	-272	-718	203	167	95	351	1751	351	85131674	
-16820	675	-2756	1390	-339	-683	204	167	92	352	1756	352	85131678	
-16808	532	-2729	1618	-397	-651	206	168	88	353	1761	353	85131694	
-16772	311	-2692	1764	-437	-625	204	166	91	354	1766	354	85131710	
-16683	114	-2613	1815	-453	-613	201	163	95	355	1771	355	85131711	
-16576	-104	-2587	1780	-452	-600	202	161	92	356	1776	356	85131711	
-16402	-321	-2626	1661	-460	-594	202	158	88	357	1781	357	85131712	
-16324	-438	-2637	1497	-482	-590	203	164	88	358	1786	358	85131712	
-16258	-537	-2576	1305	-519	-591	204	168	88	359	1791	359	85131713	
-16220	-561	-2493	1126	-553	-598	206	168	90	360	1796	360	85131717	
