-16652	1607	2362	-229	78	-375	152	58	68	7752	38760	7752	85747618
-16720	1562	2211	-170	117	-331	154	55	65	7753	38765	7753	85747618
-16731	1631	2071	-126	183	-310	155	53	63	7754	38770	7754	85747618
-16660	1596	1984	23	312	-294	153	55	63	7755	38775	7755	85747618
-16500	1504	1941	148	366	-255	151	57	63	7756	38780	7756	85747622
-16416	1483	1893	113	291	-183	156	58	70	7757	38785	7757	85747646
-16454	1578	2055	7	164	-123	158	58	72	7758	38790	7758	85747653
-16480	1672	2248	-38	95	-85	155	56	61	7759	38795	7759	85747653
-16425	1701	2273	-30	126	-68	154	56	58	7760	38800	7760	85747653
-16368	1685	2260	-108	178	-72	153	60	65	7761	38805	7761	85747653
-16395	1766	2333	-263	173	-76	153	61	67	7762	38810	7762	85747653
-16511	1785	2488	-382	176	-85	155	56	67	7763	38815	7763	85747653
-16568	1915	2596	-419	255	-100	155	55	67	7764	38820	7764	85747669
-16580	1902	2492	-369	392	-126	151	57	67	7765	38825	7765	85747692
-16372	1884	2614	-323	483	-144	151	57	67	7766	38830	7766	85747692
-16324	1882	2746	-326	470	-144	150	64	66	7767	38835	7767	85747692
-16254	1938	2802	-329	378	-135	150	64	66	7768	38840	7768	85747693
-16268	2006	2814	-278	338	-132	152	56	64	7769	38845	7769	85747693
-16348	1924	3026	-217	301	-142	152	56	64	7770	38850	7770	85747693
-16316	1988	3082	-156	288	-149	153	57	61	7771	38855	7771	85747694
-16234	1996	3240	-145	227	-161	153	57	61	7772	38860	7772	85747721
-16268	1950	3258	-179	83	-143	155	55	69	7773	38865	7773	85747733
-16269	1980	3338	-205	-118	-126	155	54	68	7774	38870	7774	85747734
-16281	2079	3290	-146	-248	-99	156	50	66	7775	38875	7775	85747735
-16216	2048	3384	-6	-342	-58	155	52	66	7776	38880	7776	85747735
-16190	2049	3308	153	-440	-29	152	60	66	7777	38885	7777	85747736
-16193	2090	3158	277	-524	-10	153	59	66	7778	38890	7778	85747737
-16291	2128	3221	322	-597	17	155	53	65	7779	38895	7779	85747744
-16441	2207	3206	373	-610	39	154	55	65	7780	38900	7780	85747770
-16530	2241	3150	485	-551	34	150	62	66	7781	38905	7781	85747771
-16508	2100	3023	592	-453	26	151	59	68	7782	38910	7782	85747771
-16546	2025	2916	670	-384	14	152	54	70	7783	38915	7783	85747771
-16655	2010	2810	732	-355	0	154	56	68	7784	38920	7784	85747771
-16778	2002	2776	799	-325	-10	157	59	65	7785	38925	7785	85747771
-16823	1864	2666	896	-245	-22	155	56	66	7786	38930	7786	85747771
-16842	1634	2634	964	-146	-48	152	52	68	7787	38935	7787	85747782
-16849	1393	2538	985	-69	-70	154	52	66	7788	38940	7788	85747799
-16898	1290	2411	935	-44	-94	157	51	63	7789	38945	7789	85747799
-16834	1338	2296	828	-63	-112	155	56	66	7790	38950	7790	85747799
-16766	1383	2310	768	-94	-120	152	60	68	7791	38955	7791	85747799
-16716	1385	2307	765	-112	-119	153	56	64	7792	38960	7792	85747799
-16732	1328	2260	754	-109	-102	153	53	61	7793	38965	7793	85747799
-16680	1307	2285	715	-79	-83	152	56	64	7794	38970	7794	85747805
-16569	1358	2311	647	-34	-66	151	59	67	7795	38975	7795	85747822
-16526	1428	2266	560	-2	-45	151	57	65	7796	38980	7796	85747839
-16520	1480	2210	479	1	-19	151	55	63	7797	38985	7797	85747839
-16556	1544	2219	395	22	13	152	55	66	7798	38990	7798	85747839
-16619	1642	2214	320	87	34	153	55	69	7799	38995	7799	85747839
-16654	1685	2246	272	188	57	156	57	65	7800	39000	7800	85747839
-16722	1668	2146	256	280	93	158	58	62	7801	39005	7801	85747839
-16809	1790	1930	287	378	120	159	57	64	7802	39010	7802	85747867
-16880	1883	1842	391	542	124	159	57	65	7803	39015	7803	85747885
-16948	1894	1777	490	787	121	153	56	65	7804	39020	7804	85747885
-16915	1921	1687	515	1061	116	149	55	65	7805	39025	7805	85747886
-16786	1911	1718	509	1275	108	152	54	63	7806	39030	7806	85747886
-16604	1809	1924	416	1392	103	154	54	62	7807	39035	7807	85747886
-16487	1806	2175	272	1410	106	152	58	68	7808	39040	7808	85747886
-16433	1873	2426	215	1376	133	151	59	69	7809	39045	7809	85747916
-16451	1850	2532	225	1330	160	155	57	63	7810	39050	7810	85747923
-16572	1946	2559	284	1324	192	156	56	62	7811	39055	7811	85747924
-16568	2092	2650	352	1386	200	153	54	67	7812	39060	7812	85747924
-16610	2231	2526	439	1455	198	152	54	68	7813	39065	7813	85747924
-16644	2336	2522	559	1522	196	156	55	66	7814	39070	7814	85747924
-16648	2394	2468	698	1625	198	157	55	65	7815	39075	7815	85747925
-16676	2490	2310	816	1705	200	151	55	59	7816	39080	7816	85747925
-16678	2416	2108	951	1824	206	151	55	59	7817	39085	7817	85747925
-16672	2328	1996	1121	1923	226	156	56	64	7818	39090	7818	85747940
-16574	2256	1842	1236	2010	242	156	56	64	7819	39095	7819	85747960
-16588	2138	1762	1315	2066	260	153	59	59	7820	39100	7820	85747960
-16646	1966	1578	1380	2131	290	153	59	59	7821	39105	7821	85747961
-16664	1808	1352	1398	2255	292	154	56	60	7822	39110	7822	85747961
-16682	1702	1266	1380	2410	315	154	56	60	7823	39115	7823	85747961
-16774	1617	1153	1414	2648	367	155	53	63	7824	39120	7824	85747961
-16846	1550	1123	1481	2906	415	155	54	62	7825	39125	7825	85747963
-16992	1572	1014	1601	3215	476	153	57	59	7826	39130	7826	85747977
-17385	1730	1028	1712	3635	553	153	56	60	7827	39135	7827	85747998
-17935	2064	1047	1779	4257	655	152	52	62	7828	39140	7828	85747998
-18529	2345	255	2001	5215	738	152	53	61	7829	39145	7829	85747999
-18788	2463	-434	2548	6652	743	152	56	56	7830	39150	7830	85747999
-18435	2042	-1052	3468	8231	719	152	56	56	7831	39155	7831	85747999
-17810	1176	-1355	4243	9419	679	152	56	56	7832	39160	7832	85747999
-17140	676	-963	4458	9785	712	153	56	56	7833	39165	7833	85748008
-16581	538	-189	4349	9349	890	155	55	55	7834	39170	7834	85748032
-16390	556	637	4058	8280	1180	153	54	54	7835	39175	7835	85748048
-16498	538	1406	3599	7122	1442	149	53	53	7836	39180	7836	85748048
-16690	563	2042	2927	6370	1584	151	55	55	7837	39185	7837	85748049
-16847	730	2570	2091	6143	1623	155	57	57	7838	39190	7838	85748049
-16777	1116	2937	1243	6275	1612	155	54	57	7839	39195	7839	85748049
-16631	1675	3064	610	6539	1603	154	50	56	7840	39200	7840	85748050
-16477	2236	2982	330	6801	1607	154	49	56	7841	39205	7841	85748061
-16420	2794	2713	318	7078	1614	153	47	55	7842	39210	7842	85748081
-16449	3417	2372	433	7468	1650	152	50	53	7843	39215	7843	85748086
-16400	4007	2019	674	7952	1752	151	55	49	7844	39220	7844	85748087
-16502	4399	1426	1048	8399	1923	152	54	47	7845	39225	7845	85748088
-16748	4514	1053	1429	8797	2116	153	53	45	7846	39230	7846	85748090
-17009	4521	842	1752	9314	2291	152	51	47	7847	39235	7847	85748092
-17078	4494	246	2428	10078	2497	150	48	50	7848	39240	7848	85748094
-16980	4241	-393	3468	10889	2712	152	48	51	7849	39245	7849	85748105
-16944	3787	-926	4466	11510	2892	154	48	52	7850	39250	7850	85748119
-16742	3051	-1377	5623	12043	3086	156	49	49	7851	39255	7851	85748123
-16364	2204	-1838	7030	12402	3296	157	49	47	7852	39260	7852	85748123
-16090	1039	-2326	8492	12503	3518	155	53	47	7853	39265	7853	85748123
-15916	-218	-2401	9455	12257	3666	153	55	47	7854	39270	7854	85748123
-15838	-808	-1866	9449	11534	3605	152	49	48	7855	39275	7855	85748125
-15959	-560	-705	8518	10396	3334	151	45	49	7856	39280	7856	85748126
-16308	376	950	6770	8976	2939	150	45	45	7857	39285	7857	85748126
-16894	1603	1917	5173	8287	2587	149	45	43	7858	39290	7858	85748131
-17272	2847	1954	4247	8615	2313	153	46	49	7859	39295	7859	85748154
-17307	3914	1267	3906	9744	2062	154	46	50	7860	39300	7860	85748160
-17094	4916	363	3826	11206	1857	152	48	50	7861	39305	7861	85748160
-16904	5863	-468	3768	12707	1715	152	48	50	7862	39310	7862	85748160
-16345	6356	-808	3701	14065	1654	153	47	44	7863	39315	7863	85748160
-15825	6182	-866	3667	14928	1673	153	47	43	7864	39320	7864	85748161
-15280	5202	-926	3730	15139	1792	152	46	46	7865	39325	7865	85748161
-15112	3368	-1528	4432	14627	2096	152	46	46	7866	39330	7866	85748239
-15256	1374	-1678	5269	14171	2179	154	44	42	7867	39335	7867	85748239
-15448	412	-1362	5554	13942	1856	154	44	42	7868	39340	7868	85748240
-15298	50	-1594	6288	13766	1547	154	40	46	7869	39345	7869	85748240
-14828	-430	-2508	7933	13409	1550	154	40	46	7870	39350	7870	85748240
-14186	-928	-2956	8966	12806	1751	149	41	35	7871	39355	7871	85748240
-13868	-1276	-1930	8294	12096	2035	149	41	35	7872	39360	7872	85748241
-14330	-1418	-934	6477	11273	2233	150	40	42	7873	39365	7873	85748258
-15574	-1846	-1328	3870	11368	2161	151	40	41	7874	39370	7874	85748278
-16678	-1678	-2219	1344	12571	1786	157	39	35	7875	39375	7875	85748278
-17308	-459	-2883	-1253	14182	1346	156	37	35	7876	39380	7876	85748279
-17068	2162	-2349	-3258	15164	1001	154	28	36	7877	39385	7877	85748279
-16115	4578	-1034	-3581	14856	999	154	29	35	7878	39390	7878	85748280
-15413	6126	-342	-2724	13521	1217	155	35	33	7879	39395	7879	85748280
-15594	6958	-154	-1795	12146	1557	154	35	33	7880	39400	7880	85748281
-15656	6770	-1088	-551	11373	2048	151	33	31	7881	39405	7881	85748281
-14829	6039	-2682	440	11322	2293	151	31	31	7882	39410	7882	85748282
-14437	5847	-3682	589	11118	2264	152	28	30	7883	39415	7883	85748282
-14413	5377	-4467	852	10868	2271	152	29	31	7884	39420	7884	85748283
-14480	3887	-5094	1728	10832	2313	151	31	33	7885	39425	7885	85748288
-14635	2128	-5328	2338	10771	2154	151	31	33	7886	39430	7886	85748305
-15254	1416	-4840	2304	10460	1823	153	33	35	7887	39435	7887	85748305
-15837	1897	-4434	2927	10338	1628	153	33	34	7888	39440	7888	85748307
-16129	2212	-5306	4780	10423	1682	153	33	29	7889	39445	7889	85748316
-16046	2299	-6216	6332	10224	1753	152	32	28	7890	39450	7890	85748334
-16012	2317	-5547	6269	9490	1441	148	28	24	7891	39455	7891	85748334
-16431	2098	-4331	5556	8946	922	148	25	24	7892	39460	7892	85748334
-17169	1686	-3590	4867	9039	348	148	20	24	7893	39465	7893	85748334
-17202	1148	-3151	4483	9980	-191	149	22	27	7894	39470	7894	85748334
-16254	588	-3544	4526	11344	-581	150	24	32	7895	39475	7895	85748334
-14668	314	-4678	4377	12382	-848	151	24	28	7896	39480	7896	85748344
-13560	559	-5871	3708	12557	-978	153	23	23	7897	39485	7897	85748363
-13376	1079	-6395	2991	11917	-930	155	23	26	7898	39490	7898	85748370
-13643	1425	-6255	2300	11179	-772	156	22	28	7899	39495	7899	85748370
-13736	1797	-6224	1413	10896	-728	157	19	24	7900	39500	7900	85748371
-13683	2110	-6672	753	10921	-812	157	17	21	7901	39505	7901	85748371
-13372	2226	-7112	476	10985	-835	155	16	23	7902	39510	7902	85748371
-13139	2316	-7679	245	10878	-730	154	16	24	7903	39515	7903	85748371
-13102	2503	-8562	49	10694	-560	150	16	24	7904	39520	7904	85748372
-12925	2528	-9017	9	10465	-415	148	16	24	7905	39525	7905	85748372
-12945	2571	-8520	-164	9961	-356	152	14	24	7906	39530	7906	85748372
-13610	2745	-7400	-502	9271	-346	154	12	24	7907	39535	7907	85748377
-14002	2714	-6720	-238	9264	-330	152	12	22	7908	39540	7908	85748406
-13726	2093	-6953	522	9742	-332	152	12	22	7909	39545	7909	85748414
-13183	1324	-7702	945	10112	-396	150	11	20	7910	39550	7910	85748415
-12833	1064	-8286	711	10127	-598	149	11	19	7911	39555	7911	85748416
-12713	1216	-8308	212	9868	-812	158	7	20	7912	39560	7912	85748416
-12928	1668	-8069	-154	9447	-923	160	6	20	7913	39565	7913	85748418
-13055	2164	-7660	-189	9200	-943	157	4	18	7914	39570	7914	85748420
-12754	2794	-6886	20	9287	-926	156	4	18	7915	39575	7915	85748444
-12252	3420	-6090	312	9624	-868	154	2	16	7916	39580	7916	85748444
-11788	4270	-6292	872	10209	-843	154	2	16	7917	39585	7917	85748444
-11228	4052	-7446	1982	10961	-927	150	-2	18	7918	39590	7918	85748444
-10680	3014	-9008	2584	11368	-1114	150	-2	18	7919	39595	7919	85748444
-10402	2738	-9540	1625	11361	-1395	155	3	11	7920	39600	7920	85748444
-10310	3656	-9100	323	10992	-1462	155	3	11	7921	39605	7921	85748444
-10468	4498	-8768	297	10472	-1251	153	-1	13	7922	39610	7922	85748452
-10668	5346	-9150	823	9979	-900	153	-1	13	7923	39615	7923	85748482
-10770	6325	-9702	1371	9673	-492	156	0	10	7924	39620	7924	85748482
-11046	6560	-9608	1576	9493	-358	156	-2	10	7925	39625	7925	85748482
-11529	6674	-9022	1438	9539	-442	154	-10	12	7926	39630	7926	85748482
-11557	6749	-8564	1539	9959	-607	154	-8	12	7927	39635	7927	85748482
-11402	6612	-8607	2224	10591	-676	156	-2	12	7928	39640	7928	85748482
-10969	6031	-9030	3185	11048	-565	156	-4	12	7929	39645	7929	85748488
-10682	5314	-9280	3893	11343	-451	157	-11	11	7930	39650	7930	85748520
-10288	4878	-9112	4032	11537	-344	157	-11	11	7931	39655	7931	85748521
-9668	4930	-8088	3909	11585	-152	160	-12	10	7932	39660	7932	85748521
-9152	4612	-7958	4236	11563	143	160	-12	10	7933	39665	7933	85748521
-8547	3749	-8030	4598	11651	405	158	-14	8	7934	39670	7934	85748521
-8380	3032	-8309	4355	11846	533	158	-14	9	7935	39675	7935	85748522
-8332	2584	-8610	3840	12106	631	158	-14	12	7936	39680	7936	85748522
-8434	2008	-9072	3669	12384	881	158	-13	11	7937	39685	7937	85748526
-8552	1646	-10063	3541	12401	1265	157	-11	9	7938	39690	7938	85748545
-8913	1712	-11404	2989	12229	1590	158	-13	9	7939	39695	7939	85748553
-9393	2363	-11949	2168	11943	1794	162	-20	8	7940	39700	7940	85748553
-9726	3131	-11233	2063	11454	1998	163	-20	9	7941	39705	7941	85748553
-10511	3320	-10691	2490	10787	2134	165	-21	11	7942	39710	7942	85748553
-11321	3084	-10506	2808	10580	2045	164	-20	9	7943	39715	7943	85748553
-11554	2663	-10406	2918	11114	1695	162	-18	6	7944	39720	7944	85748556
-11450	2260	-10434	2965	11821	1219	162	-20	8	7945	39725	7945	85748569
-11453	2022	-10465	3039	12309	750	161	-23	11	7946	39730	7946	85748582
-11420	1967	-10243	3252	12700	336	163	-25	12	7947	39735	7947	85748582
-11110	1843	-9791	3758	13094	-15	165	-27	13	7948	39740	7948	85748582
-10756	1402	-9558	4319	13170	-221	161	-27	12	7949	39745	7949	85748583
-10689	919	-9415	4371	13017	-281	159	-27	11	7950	39750	7950	85748583
-10936	431	-8940	3879	13175	-387	161	-31	9	7951	39755	7951	85748589
-11227	-64	-8828	3300	13964	-630	162	-34	8	7952	39760	7952	85748608
-11207	-106	-9440	2940	15174	-796	162	-33	6	7953	39765	7953	85748619
-10834	266	-10229	2948	16045	-574	162	-32	4	7954	39770	7954	85748619
-10627	550	-10844	3229	16109	-43	162	-34	4	7955	39775	7955	85748619
-10696	723	-11270	3428	15705	429	162	-36	4	7956	39780	7956	85748620
-10676	1206	-11584	3334	15294	682	161	-33	6	7957	39785	7957	85748628
-10342	2160	-11477	2996	14941	721	160	-32	6	7958	39790	7958	85748654
-10474	2769	-11687	2709	14509	612	162	-37	8	7959	39795	7959	85748660
-10980	2950	-12126	2702	14277	287	162	-38	8	7960	39800	7960	85748661
-11211	2680	-11788	2985	14289	-109	164	-44	2	7961	39805	7961	85748661
-11363	2322	-10947	3311	14198	-435	164	-46	0	7962	39810	7962	85748661
-11496	1760	-10415	3458	14017	-700	165	-42	7	7963	39815	7963	85748661
-11109	1124	-10205	3560	14318	-954	165	-41	9	7964	39820	7964	85748661
-10044	450	-10658	3791	15031	-1206	171	-47	5	7965	39825	7965	85748671
-8846	-68	-10790	3890	15289	-1230	171	-47	5	7966	39830	7966	85748698
-7932	-778	-10990	3941	14971	-1192	165	-49	9	7967	39835	7967	85748698
-7162	-1704	-11652	3767	14586	-1282	165	-49	9	7968	39840	7968	85748699
-6730	-2228	-12470	3007	14412	-1523	169	-51	11	7969	39845	7969	85748699
-6476	-2194	-13238	2155	14189	-1725	169	-51	11	7970	39850	7970	85748699
-6434	-2122	-13582	1774	13691	-1703	164	-54	6	7971	39855	7971	85748699
-6428	-1934	-13142	1683	13029	-1524	164	-54	6	7972	39860	7972	85748699
-6662	-1104	-13312	1688	12472	-1388	172	-56	4	7973	39865	7973	85748708
-6855	-141	-13929	1601	12128	-1307	173	-57	5	7974	39870	7974	85748743
-6928	-25	-14082	1413	11921	-1396	177	-61	7	7975	39875	7975	85748743
-6990	5	-13625	966	11818	-1631	175	-62	7	7976	39880	7976	85748744
-7197	510	-13141	451	11620	-1872	168	-66	8	7977	39885	7977	85748744
-7312	1248	-13136	284	11367	-1965	168	-66	8	7978	39890	7978	85748745
-7464	2124	-13420	659	11228	-2011	169	-61	11	7979	39895	7979	85748745
-7106	2474	-13672	1430	11467	-2122	169	-61	11	7980	39900	7980	85748746
-6116	2650	-13582	1886	11630	-2253	168	-66	6	7981	39905	7981	85748749
-5803	2766	-12902	2184	11583	-2361	170	-67	7	7982	39910	7982	85748778
-5896	2486	-12689	2913	11660	-2452	177	-71	9	7983	39915	7983	85748778
-5647	1879	-12344	3820	12062	-2543	176	-71	10	7984	39920	7984	85748778
-5018	836	-12028	4542	12583	-2623	171	-71	15	7985	39925	7985	85748778
-4300	-374	-12091	4920	13104	-2777	172	-72	14	7986	39930	7986	85748778
-3556	-1413	-12592	4874	13542	-3005	174	-78	10	7987	39935	7987	85748778
-2598	-2047	-13034	4483	13938	-3238	174	-78	11	7988	39940	7988	85748780
-1888	-2536	-13399	4102	14127	-3390	176	-78	14	7989	39945	7989	85748795
-1612	-3006	-14000	3732	13990	-3499	176	-79	14	7990	39950	7990	85748819
-1570	-2816	-14232	2913	13742	-3438	177	-83	15	7991	39955	7991	85748819
-1652	-2097	-14152	2245	13606	-3324	178	-84	16	7992	39960	7992	85748819
-1932	-1171	-14045	1830	13595	-3225	180	-86	18	7993	39965	7993	85748819
-2010	-622	-13980	1680	13723	-3176	177	-88	15	7994	39970	7994	85748820
-1930	-649	-14136	1627	14027	-3233	173	-91	11	7995	39975	7995	85748820
-1976	-873	-14395	1218	14291	-3435	175	-90	13	7996	39980	7996	85748820
-1842	-996	-14658	685	14589	-3627	177	-89	17	7997	39985	7997	85748831
-1165	-830	-14680	104	15057	-3649	177	-93	19	7998	39990	7998	85748853
-566	-228	-14631	-642	15236	-3726	176	-96	20	7999	39995	7999	85748857
-369	496	-14834	-984	15100	-4024	177	-100	16	8000	40000	8000	85748857
379	991	-14940	-737	15205	-4176	177	-103	13	8001	40005	8001	85748857
1358	954	-15105	-310	15463	-4037	175	-100	18	8002	40010	8002	85748857
1814	548	-15611	227	15374	-3841	174	-98	22	8003	40015	8003	85748857
1968	-341	-16056	910	14945	-3672	176	-104	21	8004	40020	8004	85748857
1781	-1295	-16439	1240	14411	-3438	178	-108	20	8005	40025	8005	85748862
1215	-1614	-16555	591	13727	-3237	180	-108	19	8006	40030	8006	85748883
774	-609	-15911	-1222	13105	-3051	182	-108	18	8007	40035	8007	85748894
892	882	-15193	-2459	12748	-2786	181	-107	27	8008	40040	8008	85748895
1344	2297	-15005	-2466	12627	-2456	181	-107	29	8009	40045	8009	85748895
1950	2834	-15464	-1556	12527	-2173	177	-111	30	8010	40050	8010	85748895
2386	2272	-15947	-378	12259	-2012	176	-112	30	8011	40055	8011	85748895
2690	1746	-16337	227	11728	-1872	175	-108	26	8012	40060	8012	85748896
2848	1604	-16471	210	11013	-1776	175	-107	25	8013	40065	8013	85748917
2728	1706	-16528	-94	10346	-1767	177	-111	29	8014	40070	8014	85748931
2552	1488	-16376	-461	9752	-1727	178	-112	30	8015	40075	8015	85748941
3018	1120	-16572	-636	9297	-1587	177	-127	29	8016	40080	8016	85748941
3588	1252	-16576	-1332	8955	-1592	177	-127	29	8017	40085	8017	85748942
3830	1670	-16674	-2092	8373	-1573	180	-118	24	8018	40090	8018	85748942
4140	2096	-16814	-2344	7711	-1442	180	-118	24	8019	40095	8019	85748942
4562	2000	-17062	-1890	7059	-1252	177	-117	27	8020	40100	8020	85748943
4810	1576	-17246	-1322	6345	-1043	177	-117	27	8021	40105	8021	85748969
5228	1506	-17298	-1185	5608	-921	174	-120	26	8022	40110	8022	85748969
5246	1670	-17120	-1460	4855	-884	174	-120	26	8023	40115	8023	85748969
4966	2325	-16765	-1680	3972	-892	180	-118	26	8024	40120	8024	85748969
4048	1980	-16322	-1378	3388	-881	180	-118	26	8025	40125	8025	85748969
2978	350	-16218	-394	2624	-805	177	-119	31	8026	40130	8026	85748970
2576	-616	-16302	-350	2098	-800	177	-119	31	8027	40135	8027	85748970
2534	8	-15894	-1532	1766	-892	181	-123	29	8028	40140	8028	85749006
2344	1050	-15400	-2527	1458	-995	181	-123	29	8029	40145	8029	85749006
1528	1130	-15560	-2377	1186	-1056	179	-129	27	8030	40150	8030	85749006
2128	1202	-14980	-1910	1214	-1052	179	-129	27	8031	40155	8031	85749006
2174	476	-15645	-1325	1302	-1049	172	-128	30	8032	40160	8032	85749006
2208	132	-15740	-1271	1249	-1003	174	-128	30	8033	40165	8033	85749006
2198	121	-15767	-1545	905	-1009	181	-127	29	8034	40170	8034	85749006
2250	60	-15489	-1858	528	-1048	180	-126	30	8035	40175	8035	85749012
2676	-567	-15230	-1925	306	-1096	177	-123	33	8036	40180	8036	85749036
2872	-617	-15329	-2351	147	-1121	177	-122	33	8037	40185	8037	85749043
2430	872	-15086	-3669	-292	-1135	177	-119	31	8038	40190	8038	85749043
1543	2271	-14516	-4368	-780	-1116	177	-120	30	8039	40195	8039	85749044
752	2657	-14261	-3801	-883	-1046	177	-123	27	8040	40200	8040	85749044
688	2676	-14205	-3068	-686	-950	177	-126	30	8041	40205	8041	85749044
962	2938	-14228	-2772	-471	-876	176	-130	34	8042	40210	8042	85749048
1166	3313	-14206	-2662	-363	-803	175	-127	32	8043	40215	8043	85749065
1180	3554	-14132	-2469	-349	-720	173	-123	29	8044	40220	8044	85749080
967	3544	-14150	-2165	-398	-610	174	-125	29	8045	40225	8045	85749080
606	3517	-14301	-1946	-480	-490	175	-127	29	8046	40230	8046	85749081
300	3658	-14265	-1851	-529	-385	174	-126	29	8047	40235	8047	85749081
168	3772	-14077	-1643	-486	-277	172	-124	28	8048	40240	8048	85749082
289	3744	-14108	-1299	-334	-158	173	-124	30	8049	40245	8049	85749082
436	3593	-14208	-994	-140	-70	174	-124	32	8050	40250	8050	85749103
628	3538	-14257	-858	22	-3	175	-125	28	8051	40255	8051	85749118
745	3708	-14222	-878	96	46	176	-126	26	8052	40260	8052	85749118
718	3946	-14075	-854	89	72	174	-127	29	8053	40265	8053	85749118
666	4084	-13983	-615	59	84	173	-127	31	8054	40270	8054	85749119
671	4125	-13983	-244	30	91	174	-127	32	8055	40275	8055	85749119
574	4093	-13906	111	-2	103	175	-127	33	8056	40280	8056	85749119
487	3891	-13903	574	-9	124	173	-129	26	8057	40285	8057	85749125
450	3472	-14139	999	48	140	172	-130	24	8058	40290	8058	85749148
500	3328	-14127	1176	104	141	171	-131	25	8059	40295	8059	85749153
504	3276	-14180	1238	161	124	171	-131	25	8060	40300	8060	85749153
496	3338	-14345	1294	234	106	171	-131	27	8061	40305	8061	85749154
595	3417	-14500	1384	378	94	171	-131	27	8062	40310	8062	85749154
623	3354	-14680	1686	532	78	172	-127	29	8063	40315	8063	85749154
750	3158	-14899	2129	624	60	172	-126	30	8064	40320	8064	85749154
844	2970	-15030	2551	614	60	177	-131	35	8065	40325	8065	85749196
856	2632	-15214	2711	527	43	177	-131	35	8066	40330	8066	85749196
878	2290	-15204	2778	394	35	174	-128	30	8067	40335	8067	85749196
886	2000	-15260	2692	228	33	174	-128	30	8068	40340	8068	85749196
892	1752	-15240	2464	61	24	177	-125	29	8069	40345	8069	85749196
960	1614	-14912	2184	-90	-17	177	-125	29	8070	40350	8070	85749196
954	1362	-14806	1946	-215	-37	172	-128	28	8071	40355	8071	85749196
1048	1158	-14576	1756	-321	-57	172	-128	28	8072	40360	8072	85749204
1083	991	-14348	1623	-367	-53	178	-126	32	8073	40365	8073	85749227
1026	742	-14212	1437	-435	-47	179	-125	33	8074	40370	8074	85749232
1152	662	-13980	1265	-396	0	174	-128	26	8075	40375	8075	85749232
1184	700	-13796	1162	-317	65	174	-128	26	8076	40380	8076	85749232
1076	588	-13850	1191	-230	148	175	-129	33	8077	40385	8077	85749233
904	350	-13836	1366	-88	244	175	-129	33	8078	40390	8078	85749233
882	264	-14100	1485	52	348	183	-127	31	8079	40395	8079	85749233
980	352	-14386	1564	227	439	183	-127	31	8080	40400	8080	85749233
914	452	-14596	1706	386	497	177	-125	33	8081	40405	8081	85749267
1000	608	-14992	2017	523	615	177	-126	32	8082	40410	8082	85749284
1076	683	-15325	2291	607	715	178	-128	30	8083	40415	8083	85749285
1181	772	-15578	2489	598	798	178	-128	31	8084	40420	8084	85749288
1445	722	-15818	2615	484	859	179	-129	33	8085	40425	8085	85749291
1608	673	-16015	2656	247	874	179	-129	33	8086	40430	8086	85749292
1735	585	-16067	2503	-52	840	181	-127	33	8087	40435	8087	85749294
1890	563	-16035	2201	-393	768	181	-126	32	8088	40440	8088	85749298
2042	650	-15839	1860	-773	644	179	-121	27	8089	40445	8089	85749312
2339	592	-15581	1642	-1094	476	178	-122	26	8090	40450	8090	85749312
2453	235	-15426	1474	-1376	283	174	-124	24	8091	40455	8091	85749312
2172	-34	-15281	1236	-1696	120	176	-126	28	8092	40460	8092	85749312
1774	-256	-14985	1002	-2032	-28	179	-129	35	8093	40465	8093	85749312
1394	-522	-14658	864	-2295	-133	179	-128	32	8094	40470	8094	85749312
1214	-795	-14427	776	-2415	-209	179	-127	27	8095	40475	8095	85749313
1200	-1013	-14276	710	-2368	-251	180	-127	25	8096	40480	8096	85749336
1161	-1131	-14268	632	-2228	-273	181	-127	23	8097	40485	8097	85749379
1204	-1191	-14167	593	-2021	-275	176	-128	29	8098	40490	8098	85749392
1101	-1216	-14170	710	-1810	-245	170	-128	34	8099	40495	8099	85749393
738	-1441	-14273	883	-1718	-167	174	-125	31	8100	40500	8100	85749393
-410	-1712	-14634	918	-1789	-64	177	-123	29	8101	40505	8101	85749393
-384	-1197	-14508	658	-1809	42	177	-125	29	8102	40510	8102	85749393
275	63	-14138	471	-1391	95	177	-127	29	8103	40515	8103	85749406
994	716	-14087	757	-1047	79	178	-125	27	8104	40520	8104	85749424
1768	60	-14283	1547	-674	50	178	-124	26	8105	40525	8105	85749430
1860	-1091	-14779	1964	-496	30	177	-126	27	8106	40530	8106	85749430
1620	-1376	-14905	1287	-585	-42	177	-127	27	8107	40535	8107	85749431
1325	-814	-14766	427	-637	-125	176	-128	29	8108	40540	8108	85749431
1011	-206	-14804	115	-619	-173	176	-128	30	8109	40545	8109	85749431
855	269	-14594	82	-565	-203	175	-124	26	8110	40550	8110	85749431
621	336	-14487	182	-557	-202	175	-123	25	8111	40555	8111	85749431
376	301	-14549	178	-626	-206	182	-124	34	8112	40560	8112	85749431
243	307	-14405	7	-644	-230	184	-124	36	8113	40565	8113	85749431
139	408	-14266	-235	-598	-273	182	-120	34	8114	40570	8114	85749431
110	582	-14198	-605	-565	-348	181	-119	33	8115	40575	8115	85749431
106	988	-14042	-829	-454	-390	180	-120	28	8116	40580	8116	85749440
364	1222	-14362	-659	-284	-380	180	-120	28	8117	40585	8117	85749440
558	1136	-14650	-188	-138	-335	178	-128	28	8118	40590	8118	85749510
695	891	-14997	115	-152	-295	178	-128	28	8119	40595	8119	85749510
650	773	-15223	215	-211	-245	172	-124	29	8120	40600	8120	85749510
669	742	-15340	191	-344	-199	171	-123	29	8121	40605	8121	85749510
494	834	-15278	149	-512	-172	174	-128	29	8122	40610	8122	85749510
501	837	-15362	43	-654	-158	175	-129	29	8123	40615	8123	85749510
548	830	-14964	-173	-727	-208	175	-127	29	8124	40620	8124	85749510
528	850	-14690	-438	-800	-246	175	-127	29	8125	40625	8125	85749510
280	1014	-14452	-684	-891	-274	178	-128	30	8126	40630	8126	85749520
160	1078	-14306	-781	-905	-297	178	-128	30	8127	40635	8127	85749540
-86	1196	-14050	-797	-856	-290	177	-125	33	8128	40640	8128	85749540
-70	1360	-13966	-792	-688	-300	177	-125	33	8129	40645	8129	85749540
-64	1592	-14104	-707	-468	-269	181	-123	33	8130	40650	8130	85749541
12	1780	-14160	-565	-269	-252	181	-123	33	8131	40655	8131	85749541
192	1728	-14350	-240	-133	-193	174	-124	24	8132	40660	8132	85749561
403	1645	-14666	-22	-72	-159	175	-124	25	8133	40665	8133	85749570
614	1668	-14653	51	-35	-149	177	-123	29	8134	40670	8134	85749570
699	1650	-14866	74	-73	-160	178	-124	30	8135	40675	8135	85749570
795	1628	-14770	105	-131	-174	180	-126	34	8136	40680	8136	85749571
822	1575	-14874	128	-181	-183	180	-126	34	8137	40685	8137	85749571
727	1526	-14927	86	-259	-186	180	-124	32	8138	40690	8138	85749571
739	1648	-14978	23	-326	-192	180	-125	32	8139	40695	8139	85749571
816	1695	-14809	13	-359	-211	179	-127	31	8140	40700	8140	85749571
821	1647	-14757	48	-388	-212	177	-125	29	8141	40705	8141	85749571
854	1570	-14727	64	-421	-201	173	-123	25	8142	40710	8142	85749571
921	1494	-14682	58	-440	-182	176	-122	26	8143	40715	8143	85749571
865	1444	-14575	20	-475	-157	181	-121	27	8144	40720	8144	85749575
840	1452	-14618	1	-484	-137	177	-124	27	8145	40725	8145	85749580
846	1424	-14565	31	-469	-124	172	-128	26	8146	40730	8146	85749580
844	1386	-14610	78	-463	-93	174	-126	29	8147	40735	8147	85749585
852	1360	-14646	122	-465	-42	178	-122	34	8148	40740	8148	85749605
858	1409	-14694	184	-463	17	174	-123	29	8149	40745	8149	85749622
888	1507	-14818	279	-471	58	172	-124	26	8150	40750	8150	85749625
869	1423	-14786	376	-477	83	174	-123	29	8151	40755	8151	85749625
850	1307	-14779	422	-503	113	175	-123	31	8152	40760	8152	85749626
802	1268	-14815	423	-547	137	173	-124	32	8153	40765	8153	85749626
758	1273	-14786	412	-580	149	171	-125	33	8154	40770	8154	85749626
751	1242	-14782	403	-619	151	176	-124	34	8155	40775	8155	85749627
718	1164	-14817	349	-637	139	180	-124	34	8156	40780	8156	85749641
623	1144	-14741	258	-677	115	181	-126	32	8157	40785	8157	85749650
659	1030	-14664	217	-703	112	181	-127	31	8158	40790	8158	85749650
698	994	-14535	188	-691	104	174	-133	30	8159	40795	8159	85749650
683	910	-14493	141	-672	93	172	-134	30	8160	40800	8160	85749650
660	933	-14431	99	-642	77	173	-125	31	8161	40805	8161	85749650
667	915	-14422	119	-629	74	173	-123	31	8162	40810	8162	85749650
692	830	-14530	174	-601	79	179	-121	31	8163	40815	8163	85749650
708	805	-14617	217	-563	82	181	-121	31	8164	40820	8164	85749659
643	791	-14571	239	-539	79	176	-126	34	8165	40825	8165	85749682
666	809	-14585	277	-517	82	175	-127	35	8166	40830	8166	85749687
660	790	-14618	359	-536	91	175	-129	33	8167	40835	8167	85749687
730	750	-14686	418	-543	84	175	-129	33	8168	40840	8168	85749687
671	793	-14633	437	-524	79	181	-128	34	8169	40845	8169	85749687
702	788	-14629	470	-521	78	182	-128	34	8170	40850	8170	85749687
653	827	-14586	490	-535	75	180	-129	32	8171	40855	8171	85749687
737	860	-14649	474	-537	60	179	-129	31	8172	40860	8172	85749721
680	847	-14609	437	-527	39	176	-126	31	8173	40865	8173	85749730
664	850	-14518	387	-489	10	175	-125	31	8174	40870	8174	85749730
732	826	-14506	371	-451	-29	175	-133	27	8175	40875	8175	85749730
740	852	-14502	360	-425	-41	175	-133	27	8176	40880	8176	85749732
672	836	-14514	320	-448	-54	180	-126	30	8177	40885	8177	85749733
646	806	-14546	316	-431	-78	180	-126	30	8178	40890	8178	85749734
734	756	-14662	351	-364	-97	179	-129	29	8179	40895	8179	85749737
640	750	-14628	359	-316	-97	179	-129	29	8180	40900	8180	85749765
