-15968	-4734	136	999	1627	387	76	142	30	482	2410	482	85711285
-16022	-4738	102	1067	1587	440	76	142	30	483	2415	483	85711285
-15990	-4732	144	1111	1554	513	73	137	25	484	2420	484	85711285
-15916	-4734	58	1140	1499	546	73	137	25	485	2425	485	85711285
-15923	-4741	70	1172	1475	565	76	137	27	486	2430	486	85711293
-15905	-4756	-10	1224	1424	607	77	137	27	487	2435	487	85711316
-15778	-4798	106	1246	1349	635	77	131	31	488	2440	488	85711321
-15696	-4634	136	1290	1281	619	77	131	31	489	2445	489	85711321
-15772	-4668	180	1397	1263	615	80	140	22	490	2450	490	85711321
-15678	-4640	184	1489	1255	612	80	140	22	491	2455	491	85711321
-15652	-4606	200	1570	1211	582	75	137	25	492	2460	492	85711321
-15614	-4554	154	1646	1154	555	75	137	25	493	2465	493	85711321
-15582	-4488	144	1769	1132	525	72	134	28	494	2470	494	85711322
-15514	-4454	248	1907	1137	547	72	134	28	495	2475	495	85711349
-15541	-4445	214	2029	1120	540	69	137	29	496	2480	496	85711358
-15535	-4395	134	2167	1111	559	69	137	29	497	2485	497	85711358
-15478	-4302	99	2333	1105	592	71	137	29	498	2490	498	85711358
-15427	-4306	79	2508	1101	631	72	136	29	499	2495	499	85711358
-15426	-4317	-2	2676	1079	698	75	133	31	500	2500	500	85711358
-15455	-4320	-58	2847	1060	777	74	134	30	501	2505	501	85711364
-15394	-4294	-104	3048	1041	859	70	136	26	502	2510	502	85711388
-15363	-4301	-193	3227	1021	965	71	137	27	503	2515	503	85711396
-15385	-4268	-249	3404	1011	1060	74	140	32	504	2520	504	85711396
-15422	-4292	-319	3626	1000	1194	75	138	32	505	2525	505	85711397
-15506	-4310	-391	3822	1000	1318	77	135	33	506	2530	506	85711397
-15647	-4358	-428	3998	999	1451	76	136	33	507	2535	507	85711398
-15728	-4441	-459	4162	1008	1585	75	137	33	508	2540	508	85711399
-15803	-4515	-492	4316	1036	1721	74	137	31	509	2545	509	85711409
-15847	-4656	-470	4441	1064	1858	72	138	28	510	2550	510	85711428
-15886	-4732	-508	4522	1109	1995	73	138	29	511	2555	511	85711433
-15882	-4842	-606	4605	1168	2137	74	138	30	512	2560	512	85711433
-15843	-4998	-647	4664	1219	2249	75	138	30	513	2565	513	85711434
-15855	-5090	-660	4681	1259	2338	76	138	30	514	2570	514	85711434
-15872	-5150	-637	4668	1302	2411	74	139	32	515	2575	515	85711434
-15816	-5190	-623	4647	1359	2434	71	141	35	516	2580	516	85711441
-15757	-5240	-705	4639	1418	2443	73	138	33	517	2585	517	85711464
-15747	-5251	-710	4618	1456	2446	75	133	31	518	2590	518	85711482
-15752	-5263	-684	4557	1478	2438	76	135	33	519	2595	519	85711482
-15716	-5274	-746	4494	1486	2416	77	139	37	520	2600	520	85711482
-15726	-5319	-757	4441	1502	2382	77	137	36	521	2605	521	85711482
-15726	-5350	-738	4366	1512	2339	76	134	34	522	2610	522	85711482
-15681	-5345	-838	4303	1508	2312	74	136	32	523	2615	523	85711482
-15684	-5344	-916	4254	1494	2291	73	137	31	524	2620	524	85711504
-15696	-5344	-938	4183	1482	2263	74	141	33	525	2625	525	85711519
-15720	-5272	-863	4093	1464	2237	75	143	35	526	2630	526	85711520
-15702	-5278	-834	4055	1449	2213	72	142	33	527	2635	527	85711520
-15610	-5314	-932	4018	1424	2191	70	142	32	528	2640	528	85711520
-15635	-5309	-949	3876	1421	2157	71	141	34	529	2645	529	85711520
-15672	-5370	-858	3746	1428	2138	71	141	35	530	2650	530	85711520
-15641	-5372	-833	3650	1425	2130	72	140	36	531	2655	531	85711520
-15672	-5394	-920	3571	1442	2135	72	140	36	532	2660	532	85711520
-15677	-5331	-937	3424	1439	2128	69	142	34	533	2665	533	85711533
-15644	-5389	-939	3257	1413	2137	68	142	34	534	2670	534	85711554
-15690	-5283	-975	3166	1414	2162	70	144	35	535	2675	535	85711560
-15736	-5233	-965	3072	1416	2195	71	145	35	536	2680	536	85711561
-15765	-5169	-899	2910	1394	2232	71	135	30	537	2685	537	85711562
-15736	-5176	-808	2761	1351	2317	71	133	29	538	2690	538	85711564
-15754	-5168	-836	2701	1350	2389	62	144	32	539	2695	539	85711565
-15736	-5163	-884	2609	1345	2449	62	144	32	540	2700	540	85711566
-15652	-5141	-856	2489	1329	2511	67	141	30	541	2705	541	85711588
-15630	-5162	-921	2370	1322	2585	68	140	30	542	2710	542	85711594
-15524	-5170	-927	2277	1295	2665	70	143	32	543	2715	543	85711594
-15434	-5148	-938	2224	1249	2742	70	144	32	544	2720	544	85711594
-15391	-5208	-904	2167	1195	2803	70	147	34	545	2725	545	85711594
-15388	-5268	-1030	2091	1148	2875	70	148	34	546	2730	546	85711594
-15568	-5422	-916	1952	1117	2913	68	138	38	547	2735	547	85711595
-15626	-5532	-964	1786	1112	2978	68	138	38	548	2740	548	85711605
-15658	-5536	-1026	1653	1089	3026	62	148	36	549	2745	549	85711635
-15662	-5558	-1180	1522	1079	3068	62	148	36	550	2750	550	85711638
-15708	-5478	-1178	1347	1077	3149	68	142	32	551	2755	551	85711640
-15706	-5514	-1158	1188	1097	3203	68	142	32	552	2760	552	85711644
-15762	-5434	-1286	1052	1116	3251	63	145	31	553	2765	553	85711644
-15708	-5312	-1342	919	1161	3295	63	145	31	554	2770	554	85711645
-15844	-5138	-1451	775	1244	3407	63	141	37	555	2775	555	85711645
-15908	-4938	-1615	654	1360	3529	63	142	36	556	2780	556	85711651
-16012	-4838	-1710	435	1498	3701	62	146	34	557	2785	557	85711672
-15931	-4769	-1709	106	1665	3925	62	146	35	558	2790	558	85711672
-15930	-4680	-1830	-379	1852	4184	64	148	38	559	2795	559	85711672
-16032	-4517	-1914	-945	2045	4491	65	149	36	560	2800	560	85711672
-15992	-4394	-1936	-1531	2221	4861	70	152	30	561	2805	561	85711672
-15854	-3942	-1922	-2174	2381	5219	69	151	31	562	2810	562	85711672
-15744	-3426	-1840	-2728	2531	5570	66	148	34	563	2815	563	85711675
-15582	-3114	-1920	-3003	2643	5851	64	149	34	564	2820	564	85711692
-15471	-2790	-1979	-3095	2749	6102	62	150	34	565	2825	565	85711709
-15475	-2483	-2126	-3105	2840	6304	62	150	33	566	2830	566	85711710
-15482	-2236	-2276	-3143	2879	6465	64	148	28	567	2835	567	85711710
-15717	-2125	-2377	-3141	2888	6580	64	149	28	568	2840	568	85711710
-15849	-2144	-2499	-3006	2897	6688	63	151	29	569	2845	569	85711710
-15894	-2422	-2663	-2822	2870	6811	63	151	29	570	2850	570	85711711
-16099	-2637	-2789	-2722	2734	6887	62	152	28	571	2855	571	85711713
-16290	-2733	-2767	-2558	2561	6914	62	152	28	572	2860	572	85711730
-16459	-2787	-2715	-2303	2394	6939	63	153	29	573	2865	573	85711749
-16611	-2850	-2725	-2056	2229	6938	63	151	29	574	2870	574	85711750
-16848	-2895	-2723	-1768	2044	6896	63	149	29	575	2875	575	85711751
-16994	-3058	-2679	-1399	1848	6850	61	151	28	576	2880	576	85711751
-17154	-3270	-2650	-1104	1667	6777	57	155	27	577	2885	577	85711752
-17314	-3428	-2604	-977	1528	6633	58	155	26	578	2890	578	85711754
-17431	-3516	-2468	-948	1428	6420	59	155	25	579	2895	579	85711773
-17468	-3591	-2382	-965	1365	6204	58	153	26	580	2900	580	85711788
-17403	-3624	-2273	-1081	1333	5984	58	152	26	581	2905	581	85711788
-17417	-3600	-2063	-1242	1315	5762	54	157	27	582	2910	582	85711788
-17366	-3533	-1922	-1382	1323	5551	51	161	27	583	2915	583	85711788
-17312	-3517	-1812	-1505	1379	5334	56	160	25	584	2920	584	85711788
-17267	-3479	-1753	-1615	1457	5127	59	159	23	585	2925	585	85711788
-17266	-3416	-1665	-1697	1545	4936	57	161	27	586	2930	586	85711793
-17261	-3380	-1633	-1743	1635	4767	56	162	30	587	2935	587	85711813
-17216	-3214	-1605	-1762	1720	4613	55	162	24	588	2940	588	85711825
-17105	-3092	-1601	-1722	1782	4480	54	162	22	589	2945	589	85711826
-16984	-2956	-1575	-1641	1819	4384	56	162	30	590	2950	590	85711826
-16885	-2976	-1530	-1535	1848	4294	56	162	32	591	2955	591	85711826
-16825	-3028	-1428	-1420	1866	4219	57	162	28	592	2960	592	85711826
-16690	-3036	-1351	-1263	1871	4149	58	162	26	593	2965	593	85711826
-16576	-2987	-1276	-1064	1859	4087	56	162	26	594	2970	594	85711830
-16482	-2912	-1266	-866	1836	4039	54	162	26	595	2975	595	85711851
-16394	-2739	-1167	-609	1805	3992	54	164	22	596	2980	596	85711863
-16164	-2575	-1138	-338	1764	3968	54	164	20	597	2985	597	85711863
-15966	-2479	-1058	-121	1701	3958	50	165	27	598	2990	598	85711864
-15780	-2492	-984	30	1613	3955	49	165	29	599	2995	599	85711864
-15683	-2524	-1004	183	1518	3962	52	159	23	600	3000	600	85711864
-15713	-2503	-951	321	1428	3986	53	157	21	601	3005	601	85711864
-15660	-2554	-1018	370	1390	4016	49	163	19	602	3010	602	85711876
-15641	-2542	-904	299	1374	4032	48	164	18	603	3015	603	85711896
-15522	-2478	-748	243	1301	4051	50	170	18	604	3020	604	85711901
-15432	-2490	-646	289	1231	4104	50	170	18	605	3025	605	85711901
-15320	-2510	-664	292	1200	4138	48	162	20	606	3030	606	85711901
-15268	-2516	-612	213	1172	4198	48	162	20	607	3035	607	85711901
-15306	-2536	-574	113	1151	4222	52	166	22	608	3040	608	85711901
-15402	-2582	-646	81	1115	4244	52	166	22	609	3045	609	85711901
-15488	-2436	-706	38	1059	4245	53	165	13	610	3050	610	85711928
-15696	-2270	-770	-61	1071	4230	53	165	13	611	3055	611	85711956
-15672	-2148	-780	-195	1091	4192	52	166	14	612	3060	612	85711957
-15576	-1930	-720	-403	1106	4165	51	167	15	613	3065	613	85711958
-15564	-1763	-815	-531	1079	4149	48	170	20	614	3070	614	85711958
-15539	-1667	-894	-607	1063	4126	47	170	20	615	3075	615	85711958
-15652	-1531	-862	-644	1023	4082	44	168	18	616	3080	616	85711958
-15636	-1379	-931	-649	976	4059	45	168	18	617	3085	617	85711964
-15581	-1187	-964	-619	927	4035	48	170	16	618	3090	618	85711984
-15466	-1120	-996	-594	887	4024	48	170	16	619	3095	619	85711984
-15358	-906	-1034	-553	813	4015	46	174	24	620	3100	620	85711984
-15225	-713	-1033	-591	743	4020	46	174	23	621	3105	621	85711985
-15192	-622	-909	-750	695	4042	47	175	21	622	3110	622	85711985
-15117	-484	-962	-932	610	4072	47	174	21	623	3115	623	85711985
-15132	-308	-916	-1198	533	4102	46	170	22	624	3120	624	85711986
-15117	-311	-954	-1593	453	4177	45	170	21	625	3125	625	85711998
-15161	-417	-912	-2125	399	4249	39	169	15	626	3130	626	85712022
-15236	-444	-791	-2692	371	4351	39	170	16	627	3135	627	85712022
-15425	-427	-838	-3231	323	4474	41	173	19	628	3140	628	85712022
-15572	-381	-988	-3753	249	4612	41	172	19	629	3145	629	85712022
-15675	-287	-1258	-4379	256	4773	42	170	20	630	3150	630	85712022
-15783	-172	-1385	-4994	245	4904	42	172	19	631	3155	631	85712022
-15855	-43	-1594	-5582	182	5019	41	175	17	632	3160	632	85712022
-15818	96	-1875	-6137	107	5121	41	174	17	633	3165	633	85712022
-15804	255	-2114	-6711	39	5214	40	172	16	634	3170	634	85712034
-15805	462	-2322	-7258	-55	5305	42	174	18	635	3175	635	85712057
-15718	884	-2386	-7727	-239	5414	46	176	20	636	3180	636	85712062
-15568	1306	-2584	-8119	-466	5531	44	176	17	637	3185	637	85712062
-15429	1558	-2918	-8451	-481	5632	42	176	14	638	3190	638	85712062
-15202	1774	-2876	-8766	-287	5805	40	175	13	639	3195	639	85712062
-14860	1857	-2382	-9008	-192	6013	38	174	12	640	3200	640	85712062
-14599	1812	-2092	-9195	-433	6176	40	175	11	641	3205	641	85712067
-14490	1896	-2067	-9376	-780	6283	41	175	11	642	3210	642	85712087
-14288	2217	-2008	-9483	-973	6413	38	177	9	643	3215	643	85712099
-13987	2423	-2097	-9440	-1029	6624	36	178	8	644	3220	644	85712099
-13642	2351	-2152	-9414	-1089	6876	36	177	7	645	3225	645	85712099
-13360	2100	-1981	-9564	-1255	7064	36	176	6	646	3230	646	85712100
-13270	1885	-2111	-9603	-1399	7091	35	177	7	647	3235	647	85712100
-13311	1912	-2561	-9543	-1285	7065	34	178	8	648	3240	648	85712100
-13312	2205	-2531	-9603	-802	7067	35	180	10	649	3245	649	85712100
-12978	2576	-1999	-9698	-241	7138	36	182	12	650	3250	650	85712111
-12383	3223	-1549	-9815	-44	7261	36	182	7	651	3255	651	85712129
-11587	4261	-1537	-9888	-148	7466	36	182	4	652	3260	652	85712137
-10804	5183	-1663	-9789	-301	7828	32	181	5	653	3265	653	85712137
-10104	5499	-1572	-9698	-509	8427	30	180	6	654	3270	654	85712138
-10104	4930	-1689	-9699	-773	8858	35	182	6	655	3275	655	85712138
-10548	4116	-2077	-9683	-975	9249	36	182	6	656	3280	656	85712138
-11204	3138	-2439	-9733	-1040	9778	33	182	4	657	3285	657	85712145
-11795	2427	-2774	-10208	-1079	10262	32	182	4	658	3290	658	85712175
-12132	2018	-3082	-10924	-1023	10669	30	184	2	659	3295	659	85712182
-12343	1873	-3265	-11568	-937	10987	30	184	2	660	3300	660	85712182
-12446	2105	-3277	-12153	-1013	11254	32	185	0	661	3305	661	85712182
-12563	2656	-2966	-12463	-1126	11551	33	185	-1	662	3310	662	85712182
-12818	3206	-2994	-12112	-1236	11893	26	192	2	663	3315	663	85712182
-13162	3472	-2758	-11474	-1284	12091	26	192	2	664	3320	664	85712182
-13378	3432	-2350	-10811	-1203	12268	27	199	-3	665	3325	665	85712219
-13356	3648	-1676	-9965	-1035	12230	27	199	-3	666	3330	666	85712219
-13240	3898	-958	-8776	-1240	12102	18	196	-2	667	3335	667	85712219
-13294	4000	-906	-7696	-1791	11927	18	196	-2	668	3340	668	85712220
-13334	4040	-892	-7155	-2161	11777	19	197	-1	669	3345	669	85712220
-13404	3736	-750	-6966	-2181	11566	19	197	-1	670	3350	670	85712220
-13208	3604	-690	-6997	-2172	11235	19	195	3	671	3355	671	85712220
-13192	3642	-808	-6799	-2144	10820	19	195	3	672	3360	672	85712220
-13342	3546	-1084	-6605	-2118	10566	16	194	2	673	3365	673	85712220
-13452	3322	-1290	-6715	-1947	10344	16	194	2	674	3370	674	85712232
-13768	3002	-1424	-6951	-1712	10111	12	198	0	675	3375	675	85712252
-14078	2848	-1664	-7219	-1392	9976	12	198	0	676	3380	676	85712252
-14560	2520	-1830	-7448	-1161	9904	11	203	-3	677	3385	677	85712252
-15172	2298	-2064	-7809	-986	9826	11	203	-3	678	3390	678	85712252
-15644	2384	-1924	-8132	-720	9732	13	203	-3	679	3395	679	85712253
-15963	2896	-1116	-8179	-581	9654	12	204	-2	680	3400	680	85712253
-16056	3374	-878	-8169	-783	9578	6	208	0	681	3405	681	85712261
-16183	3926	-655	-8177	-1003	9526	6	208	0	682	3410	682	85712291
-16322	4409	-346	-7928	-1165	9488	5	209	-1	683	3415	683	85712292
-16509	4578	-200	-7454	-1354	9412	4	208	-3	684	3420	684	85712292
-16625	4604	-5	-7043	-1493	9263	-1	205	-9	685	3425	685	85712292
-16571	4881	175	-6675	-1549	9064	-1	205	-7	686	3430	686	85712292
-16255	5576	346	-6225	-1542	8827	0	206	0	687	3435	687	85712295
-15646	6274	460	-5855	-1474	8643	-1	211	0	688	3440	688	85712331
-15086	6558	504	-5614	-1456	8487	-2	218	0	689	3445	689	85712372
-14739	6432	426	-5379	-1505	8327	-2	215	0	690	3450	690	85712372
-14708	6012	432	-5284	-1634	8221	-2	210	0	691	3455	691	85712372
-14936	5547	380	-5469	-1818	8181	-2	216	-3	692	3460	692	85712372
-15382	5322	314	-5866	-1934	8172	-1	225	-7	693	3465	693	85712372
-15952	5356	343	-6394	-1999	8162	1	222	-7	694	3470	694	85712372
-16470	5553	275	-6964	-2106	8139	4	218	-6	695	3475	695	85712393
-17039	5862	191	-7492	-2256	8108	-1	219	-6	696	3480	696	85712424
-17524	6211	275	-7828	-2443	8049	-5	219	-5	697	3485	697	85712424
-17951	6601	355	-8001	-2649	7971	-6	221	-5	698	3490	698	85712424
-18512	7113	467	-8050	-2875	7905	-7	225	-5	699	3495	699	85712424
-19124	7709	641	-8000	-3066	7839	-9	228	-6	700	3500	700	85712424
-19651	8111	992	-7850	-3213	7774	-12	232	-8	701	3505	701	85712425
-20039	8299	1453	-7570	-3334	7694	-12	231	-8	702	3510	702	85712425
-20232	8360	1892	-7241	-3485	7520	-11	229	-9	703	3515	703	85712426
-20064	8291	2147	-6819	-3704	7254	-13	230	-8	704	3520	704	85712444
-19847	8042	2152	-6480	-3829	6925	-15	231	-7	705	3525	705	85712460
-19135	7694	2155	-6421	-3790	6612	-12	234	-9	706	3530	706	85712460
-18266	7274	2038	-6508	-3748	6100	-10	236	-10	707	3535	707	85712460
-17696	6903	1960	-6790	-3825	5482	-10	238	-9	708	3540	708	85712460
-17451	6415	2088	-7184	-3808	4942	-10	240	-8	709	3545	709	85712461
-17212	6226	1863	-7700	-3658	4427	-11	241	-10	710	3550	710	85712461
-16435	6806	2073	-8270	-3401	3998	-12	242	-12	711	3555	711	85712461
-15563	6477	3910	-8726	-3674	3565	-16	242	-12	712	3560	712	85712462
-16123	5713	4833	-8750	-4729	2356	-18	242	-12	713	3565	713	85712462
-17867	6562	5967	-7475	-4776	1750	-23	250	-14	714	3570	714	85712462
-20701	7987	3825	-5207	-3593	2722	-24	252	-14	715	3575	715	85712462
-23584	8628	1250	-2934	1323	4016	-21	249	-11	716	3580	716	85712468
-23665	8848	2459	-1099	8200	4569	-20	248	-10	717	3585	717	85712469
-22098	7615	3102	782	11841	3924	-18	254	-15	718	3590	718	85712469
-22426	6680	1266	1836	12346	2010	-18	256	-16	719	3595	719	85712470
-24588	6510	-2083	1475	12721	-62	-23	256	-18	720	3600	720	85712470
-24954	6818	-3604	-1082	15783	-1861	-24	256	-18	721	3605	721	85712487
-23666	5714	-5066	-3989	19214	-4485	-23	267	-27	722	3610	722	85712512
-21222	4104	-6102	-8822	20888	-9669	-23	267	-27	723	3615	723	85712512
-20545	2262	-5677	-13310	20093	-15637	-24	260	-31	724	3620	724	85712512
-18695	2459	-4674	-17380	17868	-23880	-24	258	-32	725	3625	725	85712512
-19860	742	-5102	-19620	14360	-30674	-19	261	-35	726	3630	726	85712512
-20562	406	-4997	-23320	12365	-32601	-18	262	-36	727	3635	727	85712512
-14420	862	-2781	-25349	12522	-31091	-8	267	-41	728	3640	728	85712512
-9286	1658	-3182	-16387	10988	-22662	-6	268	-42	729	3645	729	85712549
-10426	1074	-5018	-7462	10608	-17542	-2	268	-46	730	3650	730	85712549
-12396	-456	-3860	-4497	12475	-14483	-2	268	-46	731	3655	731	85712549
-12746	-1092	-1394	-2774	13739	-12617	7	263	-47	732	3660	732	85712549
-13230	-1404	-726	777	12691	-11572	7	263	-47	733	3665	733	85712549
-13708	-1216	-954	3555	11890	-10848	3	267	-51	734	3670	734	85712549
-13982	-1000	-652	5091	12288	-10069	3	267	-51	735	3675	735	85712549
-14498	-920	-184	6661	13031	-9491	9	269	-61	736	3680	736	85712549
-15092	-794	-588	8338	13849	-9304	9	269	-61	737	3685	737	85712579
-15014	-103	-1245	9987	14804	-9049	9	275	-63	738	3690	738	85712598
-15713	872	-2334	10752	15404	-8799	10	275	-64	739	3695	739	85712598
-14820	1640	-2414	11758	16046	-8052	13	273	-67	740	3700	740	85712598
-14980	2908	-3751	13364	16403	-7753	15	273	-69	741	3705	741	85712598
-15027	4021	-4145	14655	16923	-7225	21	275	-77	742	3710	742	85712599
-13726	4208	-4688	16207	16984	-6261	22	276	-78	743	3715	743	85712599
-14343	4542	-6941	17911	16810	-5995	27	281	-81	744	3720	744	85712599
-14384	4779	-7259	19121	17053	-5675	27	282	-81	745	3725	745	85712599
-14290	4252	-8229	20024	16934	-5007	27	283	-81	746	3730	746	85712599
-14768	3998	-9085	20660	16989	-5093	31	285	-84	747	3735	747	85712618
-15906	4199	-9418	20895	16993	-5444	37	287	-89	748	3740	748	85712647
-16297	4166	-10093	20879	16873	-5637	38	287	-93	749	3745	749	85712647
-16519	4315	-10846	20081	16614	-6209	40	286	-98	750	3750	750	85712647
-17684	4532	-10736	18552	16222	-7285	40	287	-99	751	3755	751	85712647
-18242	4292	-10760	16935	15683	-7853	40	292	-102	752	3760	752	85712647
-19270	4345	-11201	15114	15167	-8784	41	291	-103	753	3765	753	85712647
-19760	4741	-11180	12620	14372	-10132	45	289	-105	754	3770	754	85712647
-20380	4630	-10001	10580	13077	-10948	48	289	-107	755	3775	755	85712647
-20647	3960	-8867	9601	11919	-11104	52	288	-110	756	3780	756	85712647
-20189	2716	-8274	9171	10996	-10967	54	288	-109	757	3785	757	85712663
-20235	1415	-7979	8737	9782	-10469	58	288	-108	758	3790	758	85712686
-19404	682	-7597	8341	8594	-9561	59	288	-112	759	3795	759	85712686
-17960	714	-7525	8016	7619	-8771	61	287	-117	760	3800	760	85712686
-16836	1161	-7295	7740	6714	-8193	61	287	-118	761	3805	761	85712686
-16111	1297	-7239	7915	5741	-7655	60	288	-120	762	3810	762	85712686
-14929	1244	-7417	8328	4928	-7391	66	289	-120	763	3815	763	85712687
-13722	1004	-7554	8582	4296	-7490	70	290	-120	764	3820	764	85712687
-12868	651	-7738	8664	3943	-7860	72	287	-118	765	3825	765	85712687
-12386	274	-7956	8501	3761	-8462	73	285	-117	766	3830	766	85712687
-12074	-52	-8333	8073	3668	-9174	75	287	-118	767	3835	767	85712704
-12009	-350	-8538	7504	3716	-9938	77	289	-119	768	3840	768	85712720
-12209	-712	-8693	6880	3891	-10778	79	288	-119	769	3845	769	85712725
-12698	-923	-8550	6259	4392	-11617	81	287	-119	770	3850	770	85712725
-13747	-1039	-8375	6010	4734	-12477	89	291	-121	771	3855	771	85712725
-15030	-1064	-7628	5859	4737	-13130	92	292	-122	772	3860	772	85712725
-16038	-1371	-7226	5802	4562	-13535	89	290	-122	773	3865	773	85712726
-17296	-1987	-7694	5463	4208	-13896	88	290	-122	774	3870	774	85712726
-17686	-2112	-7541	5366	3978	-14131	98	291	-126	775	3875	775	85712749
-18247	-1769	-7248	5274	3843	-13963	101	291	-127	776	3880	776	85712761
-17800	-1847	-7141	5586	3897	-13601	101	282	-124	777	3885	777	85712762
-17461	-2293	-7325	6100	3314	-13288	101	277	-123	778	3890	778	85712762
-17079	-2755	-7140	6170	2458	-12956	111	279	-128	779	3895	779	85712763
-15994	-2159	-6546	5693	2473	-12786	114	280	-130	780	3900	780	85712763
-15352	-1262	-7133	5674	2484	-12926	112	281	-132	781	3905	781	85712763
-14034	-565	-6886	5643	2360	-12896	111	281	-133	782	3910	782	85712773
-12912	-775	-7162	5912	1939	-12900	117	275	-131	783	3915	783	85712794
-12174	-1135	-7628	5685	2043	-13175	118	274	-130	784	3920	784	85712799
-11510	-1380	-8019	5416	2357	-13407	122	272	-128	785	3925	785	85712799
-11293	-1392	-8460	5473	2899	-13668	123	271	-127	786	3930	786	85712799
-11550	-1408	-8517	5571	3516	-13858	129	270	-125	787	3935	787	85712799
-12258	-1348	-8490	5830	4339	-14188	130	270	-124	788	3940	788	85712799
-12906	-2054	-8420	6324	4845	-14410	136	272	-132	789	3945	789	85712800
-13162	-2914	-7946	6567	4814	-14509	136	272	-132	790	3950	790	85712841
-13520	-4464	-7608	7192	4739	-14502	138	262	-130	791	3955	791	85712841
-13636	-6156	-6868	7616	4701	-14447	138	262	-130	792	3960	792	85712841
-13242	-6730	-5658	7545	4329	-14484	145	265	-131	793	3965	793	85712841
-12006	-6628	-4698	7483	3680	-14501	145	265	-131	794	3970	794	85712842
-11218	-6402	-4440	7043	2738	-14385	150	266	-136	795	3975	795	85712842
-10290	-5775	-5445	6289	2163	-14736	152	264	-136	796	3980	796	85712842
-9598	-4524	-6889	5404	1898	-15207	160	254	-138	797	3985	797	85712852
-8880	-2554	-7746	3929	1879	-15593	161	253	-137	798	3990	798	85712891
-9074	-914	-8552	2418	2118	-15872	163	249	-131	799	3995	799	85712891
-9309	480	-8289	1537	2947	-16111	163	249	-132	800	4000	800	85712891
-10810	140	-9931	2640	2987	-16675	164	248	-134	801	4005	801	85712892
-11244	245	-9449	2920	3443	-17034	166	248	-134	802	4010	802	85712892
-12469	-1449	-9860	4792	3150	-17873	174	250	-134	803	4015	803	85712892
-13082	-4062	-9132	5594	3008	-17657	174	250	-134	804	4020	804	85712892
-14124	-7319	-7604	6048	2591	-17802	181	237	-135	805	4025	805	85712900
-14843	-9159	-6467	5990	1967	-18104	182	237	-134	806	4030	806	85712928
-14985	-10207	-6211	5496	976	-18303	184	236	-128	807	4035	807	85712928
-14572	-11339	-6472	4555	-53	-18230	186	236	-129	808	4040	808	85712928
-13859	-12479	-6750	3314	-782	-18089	192	234	-132	809	4045	809	85712928
-13477	-11433	-6407	2368	-1219	-18420	193	233	-131	810	4050	810	85712928
-14205	-11445	-7718	2197	-1837	-18732	195	227	-129	811	4055	811	85712928
-13265	-10607	-7788	396	-1780	-17470	197	226	-131	812	4060	812	85712930
-14054	-8151	-8416	638	-1912	-18614	201	221	-135	813	4065	813	85712949
-14263	-7239	-8907	1360	-2009	-19056	204	219	-134	814	4070	814	85712966
-14150	-7157	-9321	1842	-2004	-18649	209	215	-133	815	4075	815	85712966
-14203	-7336	-9600	1809	-1801	-18095	211	212	-135	816	4080	816	85712966
-14388	-7454	-9188	1742	-1330	-17935	214	208	-138	817	4085	817	85712966
-14766	-7764	-8864	2379	-1056	-18315	215	210	-135	818	4090	818	85712966
-15128	-8262	-8603	2966	-1060	-18513	217	213	-131	819	4095	819	85712966
-15434	-9109	-8180	3101	-1046	-18221	219	208	-133	820	4100	820	85712967
-15896	-11270	-8247	2238	-917	-16619	223	201	-137	821	4105	821	85712967
-14947	-12815	-7582	-1038	-235	-12681	224	200	-132	822	4110	822	85712972
-14374	-12075	-6283	-3298	933	-10803	225	199	-129	823	4115	823	85712992
-13702	-8819	-5692	-3719	1317	-11079	229	195	-128	824	4120	824	85713005
-13662	-5708	-7299	-2004	272	-13424	231	193	-127	825	4125	825	85713005
-13408	-5828	-8625	269	-718	-15454	232	191	-132	826	4130	826	85713005
-12222	-7985	-8721	1571	-864	-15815	232	190	-136	827	4135	827	85713005
-11425	-9964	-8753	2100	-694	-15644	232	185	-132	828	4140	828	85713005
-10523	-11468	-8911	1530	-523	-14482	232	182	-130	829	4145	829	85713005
-10042	-10540	-8348	438	-157	-13539	239	183	-134	830	4150	830	85713033
-10877	-9173	-8058	790	200	-14881	241	183	-135	831	4155	831	85713040
-11040	-8840	-8172	1595	201	-15672	245	180	-131	832	4160	832	85713040
-10609	-9969	-8551	1880	13	-14892	248	178	-128	833	4165	833	85713041
-9723	-11225	-8382	941	150	-12608	246	178	-129	834	4170	834	85713041
-9080	-10947	-7932	-187	750	-10486	244	178	-130	835	4175	835	85713041
-10162	-9213	-7817	-348	1309	-11132	241	171	-132	836	4180	836	85713041
-10714	-8430	-7916	-348	1273	-12192	239	167	-133	837	4185	837	85713041
-10038	-9200	-7942	-607	958	-11672	245	163	-135	838	4190	838	85713060
-10072	-10315	-8056	-438	1028	-11312	247	161	-135	839	4195	839	85713075
-9207	-11156	-7742	-814	1197	-10184	248	160	-136	840	4200	840	85713077
-9588	-10691	-7504	-1116	1095	-10954	248	160	-136	841	4205	841	85713077
-9897	-10883	-7628	-924	847	-12373	250	158	-137	842	4210	842	85713078
-10186	-11669	-7791	-1070	770	-12806	251	157	-137	843	4215	843	85713078
-9107	-12265	-7468	-1785	714	-11623	249	152	-137	844	4220	844	85713078
-8480	-12125	-7646	-2336	680	-11196	249	151	-137	845	4225	845	85713086
-8406	-11924	-8060	-2921	619	-12004	248	148	-140	846	4230	846	85713114
-7658	-12294	-10386	-3979	840	-12593	248	148	-140	847	4235	847	85713114
-6578	-10172	-13218	-6806	1041	-12742	252	142	-140	848	4240	848	85713114
-5908	-9226	-9792	-10872	952	-12839	252	142	-140	849	4245	849	85713114
-6140	-10634	-7194	-11540	789	-13495	251	137	-141	850	4250	850	85713114
-6912	-11404	-7128	-9636	650	-13891	251	137	-141	851	4255	851	85713114
-7262	-11654	-7984	-9108	310	-13412	246	126	-146	852	4260	852	85713114
-7120	-11180	-7988	-10531	397	-12730	246	126	-146	853	4265	853	85713156
-7614	-10978	-7752	-11239	471	-13124	244	130	-150	854	4270	854	85713157
-7679	-11229	-7590	-10317	630	-12352	245	129	-151	855	4275	855	85713158
-7682	-12188	-8028	-9055	942	-11032	250	126	-156	856	4280	856	85713158
-7477	-12646	-8179	-8577	1422	-10173	249	125	-156	857	4285	857	85713159
-7610	-12494	-8024	-8615	1619	-9980	246	118	-156	858	4290	858	85713160
-7962	-11958	-8096	-8138	1325	-9956	246	118	-156	859	4295	859	85713160
-8134	-11462	-8364	-7366	1424	-9917	243	115	-163	860	4300	860	85713161
-8058	-11218	-8648	-6563	1650	-9782	243	115	-163	861	4305	861	85713189
-7858	-11228	-8492	-6168	1740	-9600	246	102	-164	862	4310	862	85713189
-7902	-11196	-8660	-5721	1861	-9658	245	101	-165	863	4315	863	85713189
-7902	-11043	-8590	-5466	1999	-9781	240	96	-168	864	4320	864	85713189
-7981	-10806	-8528	-5233	2216	-9687	240	96	-168	865	4325	865	85713189
-7782	-10591	-8571	-4986	2337	-9556	238	96	-170	866	4330	866	85713189
-7807	-10471	-8842	-4692	2417	-9621	240	95	-171	867	4335	867	85713198
-7945	-10383	-8687	-4796	2402	-9582	247	89	-173	868	4340	868	85713228
-7819	-10514	-8637	-4927	2403	-9293	245	88	-174	869	4345	869	85713230
-7537	-10615	-8499	-4698	2593	-8883	237	83	-179	870	4350	870	85713231
-7230	-10787	-8254	-4161	2776	-8419	240	81	-177	871	4355	871	85713232
-7098	-11071	-8093	-3821	2796	-8124	245	79	-173	872	4360	872	85713232
-7006	-11299	-7828	-3769	2771	-7892	243	78	-174	873	4365	873	85713233
-6947	-11596	-7675	-3673	2801	-7584	240	76	-176	874	4370	874	85713236
-6941	-11793	-7448	-3435	2845	-7247	240	76	-176	875	4375	875	85713252
-6907	-11908	-7535	-3138	2830	-6967	241	75	-177	876	4380	876	85713269
-6859	-12128	-7862	-3147	2693	-6684	240	73	-180	877	4385	877	85713269
-6770	-12173	-8048	-3445	2524	-6550	239	69	-185	878	4390	878	85713270
-6859	-11930	-8623	-3433	2505	-6467	237	71	-185	879	4395	879	85713270
-6615	-11933	-9220	-3433	2624	-6080	235	73	-185	880	4400	880	85713270
-6395	-11950	-9828	-3684	2667	-5909	234	67	-183	881	4405	881	85713271
-6243	-11758	-10076	-4158	2609	-5911	233	63	-181	882	4410	882	85713280
-6186	-11662	-10269	-4420	2517	-5861	236	58	-182	883	4415	883	85713293
-6111	-11694	-10521	-4537	2442	-5704	238	54	-182	884	4420	884	85713298
-6006	-11609	-10653	-4538	2491	-5458	235	56	-184	885	4425	885	85713298
-5924	-11577	-10726	-4375	2481	-5224	233	57	-185	886	4430	886	85713299
-5860	-11600	-10680	-4109	2369	-5048	231	55	-185	887	4435	887	85713299
-5944	-11344	-10436	-3822	2345	-4901	229	53	-185	888	4440	888	85713299
-5916	-11367	-10047	-3440	2448	-4643	231	54	-187	889	4445	889	85713299
-5778	-11633	-9776	-2883	2586	-4361	232	54	-188	890	4450	890	85713299
-5698	-11915	-9488	-2345	2619	-4256	233	51	-192	891	4455	891	85713315
-5767	-12243	-9296	-1906	2606	-4283	233	49	-195	892	4460	892	85713328
-5922	-12341	-9038	-1737	2573	-4223	229	48	-190	893	4465	893	85713329
-5884	-12310	-8802	-1654	2511	-3970	227	47	-187	894	4470	894	85713329
-5767	-12307	-9078	-1379	2507	-3760	229	48	-187	895	4475	895	85713329
-5473	-12577	-9342	-1434	2457	-3730	231	49	-187	896	4480	896	85713329
-5343	-12412	-9505	-1740	2454	-3879	233	42	-193	897	4485	897	85713340
-5310	-12217	-9704	-1813	2439	-3941	234	40	-194	898	4490	898	85713366
-5256	-12074	-9907	-1887	2313	-3786	228	36	-198	899	4495	899	85713372
-5209	-11913	-10154	-2059	2219	-3541	227	35	-199	900	4500	900	85713372
-5227	-11651	-10337	-2386	2151	-3414	228	34	-192	901	4505	901	85713372
-5253	-11383	-10288	-2440	2093	-3313	228	34	-190	902	4510	902	85713372
-5276	-11144	-10327	-2286	1937	-3318	230	35	-194	903	4515	903	85713372
-5438	-10930	-10724	-1987	1786	-3446	231	35	-195	904	4520	904	85713381
-5458	-11096	-10580	-1892	1647	-3365	230	34	-192	905	4525	905	85713415
-5494	-11264	-10250	-1797	1615	-3281	230	34	-192	906	4530	906	85713415
-5610	-11276	-10086	-1482	1661	-3261	230	36	-194	907	4535	907	85713415
-5776	-11250	-9756	-1407	1567	-3115	230	36	-194	908	4540	908	85713416
-5810	-11544	-9380	-1200	1563	-2800	225	29	-193	909	4545	909	85713416
-5932	-11710	-9326	-852	1634	-2509	225	29	-193	910	4550	910	85713417
-5894	-11982	-9312	-722	1588	-2240	232	22	-190	911	4555	911	85713417
-6054	-12126	-9642	-825	1497	-1996	232	22	-190	912	4560	912	85713450
-6147	-12041	-9547	-1118	1450	-1666	225	25	-197	913	4565	913	85713450
-6262	-11948	-9712	-1261	1438	-1409	225	25	-197	914	4570	914	85713451
-6138	-11526	-9960	-1584	1429	-1131	226	18	-192	915	4575	915	85713451
-6056	-11140	-10184	-1791	1445	-924	226	18	-192	916	4580	916	85713451
-5924	-10720	-10266	-1804	1451	-743	222	20	-196	917	4585	917	85713452
-5838	-10402	-10370	-1731	1395	-612	222	20	-196	918	4590	918	85713452
-5788	-9956	-10546	-1596	1263	-519	232	16	-200	919	4595	919	85713452
-5770	-9632	-10690	-1513	1160	-495	232	16	-200	920	4600	920	85713489
-5754	-9571	-10815	-1281	1019	-493	231	19	-191	921	4605	921	85713489
-5681	-9505	-11012	-1122	892	-503	230	19	-191	922	4610	922	85713490
-5600	-9577	-11034	-1003	774	-532	225	17	-193	923	4615	923	85713490
-5554	-9734	-10916	-814	691	-595	225	17	-194	924	4620	924	85713491
-5562	-9998	-10672	-528	584	-559	223	19	-197	925	4625	925	85713492
-5584	-10361	-10416	-189	514	-352	224	17	-197	926	4630	926	85713493
-5565	-10660	-10404	100	453	-55	227	11	-195	927	4635	927	85713503
-5587	-10833	-10508	174	407	180	227	12	-194	928	4640	928	85713533
-5474	-10938	-10537	62	395	322	225	17	-191	929	4645	929	85713533
-5337	-11059	-10534	-117	281	308	224	15	-193	930	4650	930	85713533
-5192	-11175	-10521	-233	115	185	223	13	-197	931	4655	931	85713533
-5174	-11269	-10623	-327	-93	102	225	15	-197	932	4660	932	85713533
-5234	-11307	-10562	-413	-317	115	227	17	-197	933	4665	933	85713533
-5287	-11212	-10535	-441	-531	149	227	18	-199	934	4670	934	85713540
-5368	-11076	-10656	-413	-711	155	226	20	-202	935	4675	935	85713559
-5394	-10864	-10752	-356	-822	146	226	22	-201	936	4680	936	85713571
-5324	-10636	-10757	-246	-839	152	225	25	-199	937	4685	937	85713571
-5201	-10516	-10666	-96	-822	158	226	17	-195	938	4690	938	85713571
-5093	-10532	-10617	105	-832	154	227	11	-193	939	4695	939	85713571
-5067	-10653	-10556	339	-867	171	223	16	-194	940	4700	940	85713571
-5057	-10877	-10522	516	-899	214	220	20	-194	941	4705	941	85713571
-5058	-11124	-10454	635	-932	253	221	20	-194	942	4710	942	85713571
-5060	-11280	-10344	704	-968	268	222	20	-194	943	4715	943	85713572
-4989	-11376	-10302	689	-983	253	222	21	-195	944	4720	944	85713586
-4859	-11470	-10206	587	-969	214	222	22	-196	945	4725	945	85713608
-4792	-11561	-10120	437	-923	184	221	21	-200	946	4730	946	85713608
-4741	-11666	-10090	291	-888	118	220	20	-204	947	4735	947	85713608
-4710	-11728	-10063	176	-871	58	222	21	-200	948	4740	948	85713608
-4746	-11856	-10060	56	-829	85	224	22	-198	949	4745	949	85713608
-4751	-12008	-10107	-94	-779	132	225	18	-196	950	4750	950	85713608
-4727	-12232	-10287	-285	-747	125	226	16	-194	951	4755	951	85713641
-4758	-12368	-10344	-545	-692	79	226	17	-199	952	4760	952	85713676
-4834	-12351	-10332	-871	-635	32	226	18	-202	953	4765	953	85713684
-4942	-12149	-10419	-1260	-585	48	217	18	-196	954	4770	954	85713685
-4995	-11909	-10489	-1556	-500	123	214	18	-194	955	4775	955	85713685
-5007	-11678	-10474	-1759	-416	170	218	19	-195	956	4780	956	85713686
-5021	-11446	-10330	-1908	-377	168	219	19	-195	957	4785	957	85713687
-5093	-11075	-10269	-1949	-370	199	222	21	-197	958	4790	958	85713688
-5115	-10744	-10232	-1817	-311	321	223	21	-197	959	4795	959	85713703
-5022	-10703	-10181	-1574	-220	425	221	23	-199	960	4800	960	85713717
-4996	-10732	-10221	-1343	-148	439	221	23	-199	961	4805	961	85713720
-5054	-10812	-10199	-1204	-48	468	217	22	-195	962	4810	962	85713720
-5042	-11036	-10126	-1111	53	571	216	22	-194	963	4815	963	85713720
-5108	-11062	-10240	-1089	132	661	228	16	-194	964	4820	964	85713720
-5176	-11136	-10350	-1050	201	732	228	16	-194	965	4825	965	85713720
-5084	-11192	-10440	-980	284	783	221	19	-195	966	4830	966	85713720
-5170	-11282	-10308	-916	341	828	221	19	-195	967	4835	967	85713720
-5093	-11299	-10290	-896	369	872	224	23	-198	968	4840	968	85713720
-5164	-11337	-10268	-886	392	906	224	24	-198	969	4845	969	85713720
-5234	-11319	-10210	-896	406	935	217	22	-199	970	4850	970	85713720
-5308	-11138	-10242	-912	420	932	215	21	-199	971	4855	971	85713721
-5306	-11066	-10206	-867	429	916	223	17	-193	972	4860	972	85713731
-5306	-10972	-10064	-817	469	888	223	17	-193	973	4865	973	85713763
-5276	-10962	-10196	-745	508	822	220	16	-204	974	4870	974	85713763
-5164	-10910	-10202	-659	558	759	220	16	-204	975	4875	975	85713764
-5020	-11050	-10230	-576	576	679	222	22	-202	976	4880	976	85713764
-4904	-11020	-10202	-444	571	609	222	22	-202	977	4885	977	85713764
-4784	-11108	-10254	-317	563	559	222	26	-200	978	4890	978	85713764
-4622	-11250	-10294	-225	532	528	222	26	-200	979	4895	979	85713765
-4438	-11452	-10464	-239	487	498	221	17	-203	980	4900	980	85713767
-4317	-11548	-10540	-323	419	467	221	18	-202	981	4905	981	85713781
-4278	-11542	-10638	-469	330	495	222	24	-200	982	4910	982	85713803
-4223	-11535	-10722	-615	234	581	221	24	-200	983	4915	983	85713803
-4223	-11467	-10732	-738	127	668	219	23	-201	984	4920	984	85713803
-4358	-11299	-10719	-827	20	747	220	22	-201	985	4925	985	85713803
-4477	-11078	-10744	-861	-96	834	225	19	-201	986	4930	986	85713803
-4562	-10887	-10775	-856	-194	937	224	18	-200	987	4935	987	85713804
-4667	-10762	-10727	-806	-265	1006	222	16	-198	988	4940	988	85713804
-4810	-10703	-10722	-717	-319	1018	220	18	-199	989	4945	989	85713808
-4939	-10689	-10657	-586	-370	1018	218	22	-200	990	4950	990	85713823
-5050	-10669	-10612	-434	-426	1025	219	20	-199	991	4955	991	85713839
-5142	-10667	-10623	-301	-479	1017	220	18	-198	992	4960	992	85713839
-5169	-10752	-10637	-192	-525	982	216	18	-201	993	4965	993	85713839
-5154	-10748	-10637	-114	-555	932	211	17	-205	994	4970	994	85713839
-5119	-10709	-10608	-59	-569	872	213	19	-203	995	4975	995	85713840
-5060	-10773	-10555	1	-586	801	219	23	-195	996	4980	996	85713840
-5043	-10845	-10529	31	-615	735	221	25	-195	997	4985	997	85713840
-4993	-10903	-10639	47	-665	686	225	29	-195	998	4990	998	85713852
-4951	-10966	-10775	45	-739	656	225	25	-195	999	4995	999	85713873
-4890	-10994	-10878	33	-798	621	224	20	-196	1000	5000	1000	85713878
-4779	-10962	-10951	19	-841	608	221	19	-199	1001	5005	1001	85713878
