-536	-3275	-15629	4	-807	-3	-50	41	-84	1	1	1	72388154	
-546	-3304	-15614	-76	-750	-20	-42	38	-80	2	6	2	72388154	
-599	-3276	-15602	-140	-681	-36	-44	40	-80	3	11	3	72388154	
-589	-3309	-15574	-129	-604	-36	-47	43	-81	4	16	4	72388174	
-540	-3333	-15615	-65	-556	-25	-47	43	-83	5	21	5	72388203	
-569	-3303	-15664	18	-589	-9	-47	43	-85	6	26	6	72388203	
-624	-3337	-15566	145	-615	7	-48	47	-83	7	31	7	72388203	
-634	-3410	-15585	241	-582	13	-48	50	-82	8	36	8	72388203	
-657	-3445	-15556	202	-537	-4	-50	46	-83	9	41	9	72388204	
-720	-3382	-15548	136	-565	-26	-51	43	-83	10	46	10	72388204	
-720	-3400	-15579	143	-580	-43	-50	45	-87	11	51	11	72388204	
-677	-3454	-15537	163	-556	-64	-48	46	-90	12	56	12	72388204	
-602	-3444	-15527	117	-582	-95	-49	48	-88	13	61	13	72388205	
-589	-3428	-15592	49	-733	-115	-50	50	-86	14	66	14	72388205	
-695	-3454	-15652	42	-878	-132	-50	48	-84	15	71	15	72388205	
-789	-3524	-15699	57	-912	-138	-50	46	-82	16	76	16	72388205	
-835	-3552	-15654	61	-866	-131	-48	48	-84	17	81	17	72388221	
-835	-3578	-15576	51	-797	-129	-47	49	-85	18	86	18	72388232	
-840	-3582	-15448	36	-742	-135	-49	45	-84	19	91	19	72388232	
-861	-3560	-15456	9	-743	-149	-51	43	-83	20	96	20	72388232	
-871	-3570	-15502	-19	-846	-154	-49	44	-81	21	101	21	72388232	
-1099	-3578	-15518	-33	-1011	-147	-47	45	-79	22	106	22	72388233	
-1203	-3616	-15563	-12	-974	-156	-46	45	-80	23	111	23	72388233	
-1057	-3601	-15612	-14	-805	-195	-45	45	-81	24	116	24	72388233	
-907	-3517	-15643	-111	-687	-236	-46	44	-85	25	121	25	72388234	
-934	-3354	-15679	-211	-719	-265	-46	44	-88	26	126	26	72388234	
-929	-3252	-15640	-130	-745	-298	-44	43	-87	27	131	27	72388235	
-864	-3267	-15588	54	-679	-325	-43	43	-87	28	136	28	72388235	
-856	-3264	-15505	181	-622	-345	-45	45	-85	29	141	29	72388235	
-938	-3201	-15420	257	-601	-373	-47	47	-83	30	146	30	72388249	
-965	-3213	-15331	316	-510	-392	-45	41	-81	31	151	31	72388254	
-848	-3234	-15208	353	-400	-399	-45	39	-81	32	156	32	72388255	
-776	-3345	-15286	358	-397	-402	-48	39	-83	33	161	33	72388255	
-710	-3446	-15512	362	-468	-400	-49	39	-83	34	166	34	72388278	
-752	-3520	-15544	379	-522	-389	-52	44	-78	35	171	35	72388284	
-731	-3541	-15608	363	-495	-377	-53	45	-77	36	176	36	72388284	
-605	-3526	-15616	331	-440	-374	-49	44	-81	37	181	37	72388284	
-534	-3528	-15691	310	-492	-368	-46	44	-84	38	186	38	72388285	
-598	-3505	-15752	242	-610	-378	-46	47	-87	39	191	39	72388285	
-651	-3484	-15640	137	-632	-403	-46	48	-88	40	196	40	72388285	
-615	-3482	-15573	92	-605	-436	-42	46	-86	41	201	41	72388286	
-604	-3410	-15532	83	-597	-467	-41	45	-85	42	206	42	72388286	
-679	-3395	-15490	42	-604	-479	-47	45	-85	43	211	43	72388287	
-704	-3370	-15444	-26	-580	-509	-49	45	-85	44	216	44	72388287	
-629	-3356	-15380	-45	-545	-525	-48	47	-91	45	221	45	72388287	
-664	-3341	-15396	29	-507	-532	-48	48	-92	46	226	46	72388287	
-618	-3248	-15424	154	-453	-526	-49	49	-87	47	231	47	72388362	
-506	-3213	-15456	205	-414	-535	-49	49	-87	48	236	48	72388362	
-433	-3208	-15520	293	-388	-532	-45	47	-88	49	241	49	72388362	
-396	-3222	-15556	334	-412	-532	-44	46	-88	50	246	50	72388383	
-340	-3199	-15607	387	-476	-526	-46	45	-89	51	251	51	72388388	
-325	-3194	-15557	446	-536	-528	-47	45	-89	52	256	52	72388388	
-298	-3204	-15600	470	-542	-537	-49	48	-92	53	261	53	72388407	
-270	-3243	-15588	461	-516	-552	-49	49	-93	54	266	54	72388413	
-236	-3264	-15570	429	-500	-577	-49	45	-87	55	271	55	72388465	
-218	-3282	-15712	437	-511	-589	-49	45	-87	56	276	56	72388465	
-240	-3346	-15608	473	-463	-600	-43	41	-85	57	281	57	72388490	
-122	-3428	-15692	458	-402	-610	-43	41	-85	58	286	58	72388490	
-90	-3426	-15586	414	-449	-630	-50	46	-86	59	291	59	72388491	
-74	-3456	-15606	447	-533	-635	-50	46	-86	60	296	60	72388491	
-86	-3469	-15651	432	-551	-652	-46	44	-90	61	301	61	72388491	
19	-3400	-15526	352	-527	-671	-45	43	-91	62	306	62	72388492	
48	-3308	-15584	246	-549	-698	-44	42	-90	63	311	63	72388492	
-6	-3380	-15622	262	-575	-691	-44	42	-90	64	316	64	72388492	
-28	-3356	-15628	322	-560	-699	-45	47	-89	65	321	65	72388492	
10	-3470	-15528	395	-532	-709	-45	47	-89	66	326	66	72388493	
68	-3514	-15556	425	-530	-726	-42	46	-84	67	331	67	72388493	
-24	-3536	-15404	408	-531	-727	-42	46	-84	68	336	68	72388493	
-20	-3682	-15472	355	-518	-735	-44	42	-86	69	341	69	72388494	
44	-3594	-15554	336	-522	-742	-44	42	-86	70	346	70	72388540	
18	-3600	-15574	337	-541	-746	-46	50	-86	71	351	71	72388541	
70	-3634	-15678	304	-593	-766	-46	49	-86	72	356	72	72388593	
78	-3674	-15583	223	-611	-786	-48	44	-84	73	361	73	72388593	
106	-3676	-15500	118	-599	-805	-48	44	-84	74	366	74	72388593	
142	-3644	-15422	27	-616	-819	-44	50	-88	75	371	75	72388594	
100	-3726	-15452	52	-617	-842	-44	50	-88	76	376	76	72388594	
-52	-3914	-15584	126	-637	-854	-50	42	-88	77	381	77	72388594	
-316	-3966	-15488	102	-680	-848	-50	42	-88	78	386	78	72388595	
-666	-3934	-15484	-30	-687	-849	-44	44	-86	79	391	79	72388595	
-699	-3858	-15444	-156	-649	-859	-44	44	-86	80	396	80	72388595	
-548	-3830	-15404	-185	-626	-879	-46	46	-86	81	401	81	72388596	
-524	-3797	-15382	-151	-643	-894	-45	47	-86	82	406	82	72388596	
-448	-3778	-15288	-128	-654	-915	-42	52	-86	83	411	83	72388596	
-406	-3841	-15360	-173	-646	-952	-42	51	-85	84	416	84	72388596	
-414	-3950	-15391	-264	-605	-992	-43	47	-81	85	421	85	72388597	
-466	-4000	-15414	-347	-609	-1000	-43	47	-81	86	426	86	72388597	
-530	-3882	-15426	-340	-609	-1015	-44	42	-86	87	431	87	72388597	
-492	-3844	-15486	-146	-619	-995	-44	42	-86	88	436	88	72388598	
-232	-3932	-15442	-25	-630	-1019	-46	48	-84	89	441	89	72388599	
109	-3932	-15497	-195	-689	-1077	-45	48	-84	90	446	90	72388599	
334	-3869	-15531	-407	-931	-1120	-42	48	-84	91	451	91	72388600	
369	-3866	-15628	-473	-1256	-1144	-43	47	-85	92	456	92	72388600	
342	-3925	-15739	-454	-1394	-1149	-45	43	-89	93	461	93	72388600	
466	-3897	-15619	-524	-1298	-1153	-45	43	-89	94	466	94	72388601	
734	-3798	-15634	-671	-1194	-1154	-43	41	-87	95	471	95	72388601	
984	-3621	-15465	-728	-1318	-1145	-42	42	-86	96	476	96	72388613	
1258	-3610	-15480	-477	-1841	-1101	-40	44	-82	97	481	97	72388647	
1239	-3725	-15570	-167	-2302	-1037	-42	46	-83	98	486	98	72388647	
1218	-3722	-15514	-13	-2620	-964	-47	49	-85	99	491	99	72388648	
1011	-3547	-15302	-42	-2808	-882	-46	48	-86	100	496	100	72388648	
1207	-3375	-15284	-117	-2782	-833	-42	46	-92	101	501	101	72388649	
1410	-3180	-15220	-91	-2653	-831	-43	47	-92	102	506	102	72388649	
1594	-3066	-14976	218	-2597	-819	-47	53	-91	103	511	103	72388649	
1550	-3163	-15156	834	-2724	-747	-46	52	-90	104	516	104	72388650	
1519	-3461	-15554	1570	-2768	-628	-41	49	-87	105	521	105	72388650	
1687	-3720	-15690	1961	-2615	-571	-41	48	-89	106	526	106	72388650	
2091	-3928	-15840	1939	-2613	-526	-41	47	-91	107	531	107	72388651	
2371	-4096	-16070	1742	-2912	-438	-44	47	-90	108	536	108	72388660	
2475	-4160	-16204	1472	-3388	-342	-48	48	-88	109	541	109	72388674	
2631	-3951	-16270	1249	-3833	-314	-44	49	-87	110	546	110	72388674	
2692	-3687	-16378	1218	-4221	-358	-36	50	-84	111	551	111	72388675	
2796	-3369	-16564	1268	-4714	-477	-37	51	-86	112	556	112	72388675	
2813	-2980	-16639	1519	-5241	-598	-43	57	-93	113	561	113	72388675	
2591	-2928	-16822	2260	-5846	-619	-42	55	-90	114	566	114	72388676	
2275	-2942	-16800	2878	-6196	-646	-40	52	-86	115	571	115	72388676	
2050	-2894	-16507	3244	-6157	-717	-41	55	-86	116	576	116	72388676	
2108	-2832	-15990	3480	-5879	-786	-43	59	-87	117	581	117	72388677	
2114	-2768	-15326	3737	-5730	-820	-42	55	-86	118	586	118	72388677	
1927	-2813	-15112	3960	-5744	-856	-40	50	-84	119	591	119	72388677	
1704	-3144	-15417	4051	-5800	-915	-39	51	-84	120	596	120	72388685	
1668	-3828	-16172	3874	-5931	-1038	-37	53	-83	121	601	121	72388695	
1624	-4503	-16849	3345	-6444	-1191	-38	54	-85	122	606	122	72388696	
1688	-4785	-16827	2592	-6804	-1345	-39	55	-87	123	611	123	72388697	
2352	-4476	-16463	1505	-6861	-1511	-39	56	-89	124	616	124	72388697	
3514	-3418	-16046	300	-6923	-1611	-39	57	-91	125	621	125	72388721	
4062	-2379	-15892	-85	-7322	-1520	-38	58	-88	126	626	126	72388755	
3917	-1933	-16052	590	-7756	-1271	-37	59	-83	127	631	127	72388755	
3394	-1966	-16139	1747	-8025	-981	-35	59	-85	128	636	128	72388756	
2869	-2261	-16066	2778	-8202	-747	-32	60	-88	129	641	129	72388756	
2365	-2715	-16062	3542	-8475	-554	-33	59	-89	130	646	130	72388756	
1771	-3089	-16017	4067	-8741	-370	-34	58	-90	131	651	131	72388757	
1416	-3510	-15956	4341	-8805	-251	-34	63	-86	132	656	132	72388757	
1100	-4082	-15912	4356	-8839	-181	-34	66	-84	133	661	133	72388758	
785	-4771	-16225	4359	-8856	-149	-40	65	-89	134	666	134	72388759	
676	-5440	-16380	4422	-8812	-125	-44	64	-92	135	671	135	72388759	
781	-5907	-16064	4398	-8860	-67	-36	64	-88	136	676	136	72388760	
743	-6246	-15732	4173	-9120	41	-28	64	-84	137	681	137	72388777	
455	-6421	-15475	3594	-9543	234	-30	71	-84	138	686	138	72388803	
438	-6412	-15111	2989	-9729	463	-31	77	-83	139	691	139	72388804	
452	-6476	-15234	2546	-9907	709	-30	75	-84	140	696	140	72388804	
104	-6386	-15383	1943	-10241	998	-30	74	-84	141	701	141	72388804	
-421	-5636	-15088	1112	-10504	1277	-29	72	-82	142	706	142	72388805	
-618	-4820	-14630	541	-10460	1543	-29	71	-81	143	711	143	72388805	
-697	-4815	-14602	571	-10328	1835	-31	75	-76	144	716	144	72388834	
-1273	-5278	-15252	492	-10564	2100	-33	77	-73	145	721	145	72388855	
-1981	-5335	-15811	-76	-10949	2263	-25	78	-78	146	726	146	72388855	
-2474	-5053	-15891	-598	-11215	2344	-20	78	-82	147	731	147	72388855	
-2697	-4774	-15602	-702	-11425	2384	-25	76	-81	148	736	148	72388856	
-3098	-4202	-15017	-702	-11737	2427	-27	75	-81	149	741	149	72388856	
-3594	-3543	-14618	-444	-12026	2454	-29	77	-76	150	746	150	72388857	
-4111	-3184	-14396	92	-12158	2468	-30	78	-72	151	751	151	72388857	
-4630	-3130	-14311	781	-12234	2480	-25	82	-73	152	756	152	72388857	
-5134	-3257	-14445	1526	-12275	2474	-22	84	-74	153	761	153	72388857	
-5612	-3430	-14630	2141	-12266	2435	-25	88	-72	154	766	154	72388858	
-6111	-3654	-14670	2653	-12238	2388	-27	91	-71	155	771	155	72388891	
-6451	-3981	-14406	2959	-12274	2381	-24	86	-73	156	776	156	72388908	
-6838	-4252	-14409	2924	-12432	2395	-23	85	-73	157	781	157	72388910	
-7306	-4384	-14640	2708	-12509	2401	-25	86	-69	158	786	158	72388910	
-7525	-4734	-14649	2677	-12369	2425	-26	86	-68	159	791	159	72388911	
-7572	-5294	-14780	2810	-12227	2490	-24	92	-66	160	796	160	72388911	
-7671	-5622	-14668	2700	-12246	2574	-23	93	-65	161	801	161	72388911	
-7826	-5528	-14019	2343	-12413	2700	-24	95	-66	162	806	162	72388911	
-8243	-5183	-13455	2032	-12649	2903	-25	97	-67	163	811	163	72388912	
-8616	-5099	-13373	2090	-12672	3077	-24	95	-68	164	816	164	72388912	
-8803	-5066	-13573	1953	-12508	3143	-24	94	-68	165	821	165	72388912	
-8992	-4874	-13570	1547	-12490	3164	-33	92	-70	166	826	166	72388912	
-9360	-4561	-13266	1363	-12613	3201	-35	91	-71	167	831	167	72388913	
-9722	-4376	-12868	1489	-12652	3213	-28	97	-65	168	836	168	72388975	
-10013	-4292	-12933	1576	-12613	3201	-26	98	-64	169	841	169	72388990	
-10223	-4198	-13132	1531	-12623	3188	-23	106	-67	170	846	170	72388990	
-10366	-4175	-13058	1574	-12682	3203	-22	108	-68	171	851	171	72388991	
-10578	-4240	-12844	1846	-12802	3199	-23	103	-57	172	856	172	72388991	
-10706	-4315	-12811	1915	-12861	3158	-23	103	-57	173	861	173	72388991	
-10972	-4336	-12593	1899	-12887	3090	-22	109	-63	174	866	174	72388991	
-11229	-4312	-12543	1941	-12922	3006	-22	110	-64	175	871	175	72388992	
-11371	-4346	-12482	1920	-12884	2928	-27	112	-59	176	876	176	72388992	
-11384	-4266	-12397	1714	-12767	2832	-28	112	-58	177	881	177	72388992	
-11440	-3958	-12151	1535	-12651	2720	-20	112	-60	178	886	178	72388992	
-11412	-3702	-12075	1541	-12501	2631	-18	112	-60	179	891	179	72388993	
-11206	-4066	-12548	1738	-12362	2610	-23	113	-55	180	896	180	72388993	
-11132	-4586	-12862	1934	-12497	2678	-23	113	-55	181	901	181	72389014	
-11162	-4676	-12336	2064	-12521	2774	-25	113	-55	182	906	182	72389015	
-11082	-4610	-12332	1997	-12345	2871	-25	113	-55	183	911	183	72389015	
-10746	-4430	-12358	1781	-12188	2953	-18	112	-54	184	916	184	72389016	
-10540	-4460	-12534	1611	-12190	3046	-18	112	-54	185	921	185	72389016	
-10693	-4363	-12477	1420	-12288	3152	-27	115	-47	186	926	186	72389016	
-10812	-4259	-12296	1161	-12271	3267	-29	115	-45	187	931	187	72389017	
-10858	-3968	-11986	1024	-12106	3415	-22	120	-46	188	936	188	72389017	
-10958	-3810	-11826	994	-11990	3539	-22	120	-46	189	941	189	72389018	
-11310	-3752	-12158	866	-11929	3663	-18	116	-50	190	946	190	72389018	
-11476	-3458	-12308	753	-11850	3765	-18	116	-50	191	951	191	72389039	
-11514	-3340	-12384	771	-11853	3868	-30	126	-46	192	956	192	72389039	
-11534	-3312	-12306	837	-11995	3987	-30	126	-46	193	961	193	72389089	
-11590	-3214	-12246	890	-12148	4098	-23	123	-47	194	966	194	72389092	
-11584	-3082	-12098	1115	-12117	4183	-23	123	-47	195	971	195	72389093	
-11474	-2892	-12154	1640	-11964	4286	-27	123	-47	196	976	196	72389093	
-11470	-2988	-12030	2190	-11902	4420	-28	123	-47	197	981	197	72389093	
-11493	-2937	-11758	2170	-11899	4486	-33	121	-45	198	986	198	72389094	
-11490	-2730	-11400	1962	-11871	4507	-33	121	-45	199	991	199	72389094	
-11594	-2492	-11064	2056	-11812	4574	-23	125	-39	200	996	200	72389094	
-11710	-2600	-11084	2557	-11665	4687	-23	125	-39	201	1001	201	72389094	
-11776	-2944	-11224	2826	-11518	4796	-25	127	-37	202	1006	202	72389095	
-11826	-3038	-11130	2863	-11479	4929	-25	127	-37	203	1011	203	72389095	
-11922	-3266	-10906	3006	-11557	5072	-19	131	-35	204	1016	204	72389095	
-12200	-3458	-10635	3096	-11521	5142	-21	131	-34	205	1021	205	72389104	
-12476	-3621	-10328	3045	-11402	5161	-29	131	-31	206	1026	206	72389142	
-12679	-3791	-10326	3137	-11300	5215	-29	132	-31	207	1031	207	72389143	
-12806	-4010	-10394	3349	-11288	5306	-28	136	-32	208	1036	208	72389143	
-12902	-4009	-10173	3425	-11308	5407	-28	135	-32	209	1041	209	72389144	
-13034	-3936	-9986	3461	-11347	5526	-28	130	-30	210	1046	210	72389144	
-13143	-4138	-9971	3487	-11376	5650	-28	130	-29	211	1051	211	72389144	
-13176	-4438	-9858	3402	-11333	5748	-28	132	-24	212	1056	212	72389144	
-13208	-4580	-9492	3116	-11292	5792	-28	132	-24	213	1061	213	72389145	
-13054	-4682	-9380	2936	-11371	5826	-34	128	-32	214	1066	214	72389145	
-13119	-5021	-9433	2775	-11481	5842	-33	129	-32	215	1071	215	72389145	
-13119	-5240	-9214	2389	-11566	5815	-28	132	-30	216	1076	216	72389167	
-13004	-5277	-8997	2038	-11631	5746	-30	131	-28	217	1081	217	72389249	
-12988	-5074	-8902	1955	-11758	5654	-36	128	-22	218	1086	218	72389249	
-12938	-5010	-8976	2164	-11925	5574	-35	129	-23	219	1091	219	72389250	
-12977	-4839	-8777	2441	-12046	5512	-33	135	-25	220	1096	220	72389250	
-13054	-4836	-8685	2640	-12135	5487	-31	134	-24	221	1101	221	72389250	
-13093	-4891	-8542	2686	-12327	5518	-23	131	-19	222	1106	222	72389269	
-13169	-4880	-8348	2647	-12568	5569	-29	130	-21	223	1111	223	72389297	
-13301	-4762	-8088	2709	-12796	5633	-37	129	-23	224	1116	224	72389342	
-13409	-4688	-7913	2947	-12971	5699	-36	130	-21	225	1121	225	72389432	
-13399	-4778	-7858	3257	-13073	5767	-33	135	-15	226	1126	226	72389433	
-13388	-4865	-7703	3279	-13028	5792	-32	135	-15	227	1131	227	72389433	
-13291	-4946	-7500	3063	-12994	5782	-30	136	-16	228	1136	228	72389433	
-13291	-4911	-7392	2751	-13109	5762	-30	138	-14	229	1141	229	72389434	
-13352	-4897	-7286	2371	-13385	5729	-29	143	-9	230	1146	230	72389434	
-13525	-4802	-7213	2065	-13517	5683	-32	141	-10	231	1151	231	72389434	
-13624	-4619	-7238	1995	-13491	5637	-37	139	-11	232	1156	232	72389434	
-13627	-4432	-7247	2322	-13383	5602	-38	139	-6	233	1161	233	72389435	
-13568	-4346	-7165	2848	-13315	5588	-39	139	1	234	1166	234	72389435	
-13426	-4287	-7069	3080	-13327	5570	-34	140	-1	235	1171	235	72389435	
-13305	-4118	-7013	2934	-13374	5528	-27	141	-3	236	1176	236	72389435	
-13213	-3884	-6993	2806	-13440	5504	-28	140	-3	237	1181	237	72389442	
-13212	-3739	-6951	2888	-13516	5495	-31	139	-3	238	1186	238	72389454	
-13240	-3644	-6859	3146	-13613	5492	-31	142	-3	239	1191	239	72389455	
-13336	-3591	-6732	3399	-13644	5472	-30	146	-2	240	1196	240	72389455	
-13464	-3602	-6471	3657	-13614	5435	-32	143	0	241	1201	241	72389455	
-13572	-3644	-6052	3820	-13626	5406	-34	138	4	242	1206	242	72389456	
-13528	-3683	-5750	3765	-13693	5387	-37	138	5	243	1211	243	72389476	
-13596	-3678	-5542	3618	-13782	5372	-41	137	7	244	1216	244	72389507	
-13742	-3602	-5480	3645	-13872	5392	-38	139	7	245	1221	245	72389508	
-13815	-3623	-5550	3951	-13856	5422	-34	142	8	246	1226	246	72389508	
-13882	-3691	-5487	4208	-13773	5404	-37	144	9	247	1231	247	72389509	
-14028	-3742	-5348	4192	-13754	5344	-39	145	9	248	1236	248	72389509	
-14184	-3689	-5256	3995	-13772	5280	-39	144	8	249	1241	249	72389509	
-14393	-3521	-5134	3785	-13804	5221	-38	142	6	250	1246	250	72389509	
-14705	-3382	-4956	3755	-13840	5170	-39	144	8	251	1251	251	72389510	
-14874	-3436	-4887	3903	-13787	5144	-40	146	12	252	1256	252	72389510	
-14834	-3612	-4868	3952	-13670	5108	-41	144	12	253	1261	253	72389511	
-14673	-3624	-4919	3673	-13690	5041	-43	141	13	254	1266	254	72389511	
-14498	-3262	-5318	3241	-13874	4999	-45	140	14	255	1271	255	72389536	
-14461	-3141	-5737	3110	-14053	5021	-46	138	14	256	1276	256	72389560	
-14367	-3271	-5695	3147	-14048	5044	-45	143	19	257	1281	257	72389561	
-14361	-3238	-4794	3129	-13874	5053	-44	146	22	258	1286	258	72389561	
-14540	-2914	-3657	3296	-13781	5074	-43	143	24	259	1291	259	72389561	
-14879	-2527	-3176	3831	-13828	5118	-43	141	25	260	1296	260	72389562	
-15177	-2324	-3329	4478	-13809	5200	-45	143	23	261	1301	261	72389562	
-15228	-2218	-3593	4864	-13579	5269	-47	145	21	262	1306	262	72389562	
-15089	-2196	-3498	5005	-13195	5292	-46	143	24	263	1311	263	72389563	
-14903	-2242	-2971	5036	-12945	5267	-45	141	27	264	1316	264	72389563	
-14726	-2256	-2754	5066	-13063	5239	-49	144	32	265	1321	265	72389563	
-14752	-2349	-2708	4875	-13472	5180	-52	146	36	266	1326	266	72389577	
-14862	-2495	-2722	4390	-13985	5088	-50	147	31	267	1331	267	72389586	
-15013	-2655	-2653	3850	-14514	4981	-49	147	27	268	1336	268	72389587	
-15218	-2730	-2578	3526	-15035	4868	-50	146	28	269	1341	269	72389587	
-15306	-3019	-2708	3372	-15377	4902	-50	146	28	270	1346	270	72389587	
-15500	-3329	-2679	3191	-15276	5145	-48	145	31	271	1351	271	72389587	
-15731	-3340	-2052	3059	-14815	5367	-47	145	33	272	1356	272	72389588	
-15672	-2969	-1316	3220	-14490	5265	-48	144	35	273	1361	273	72389588	
-15480	-2637	-904	3479	-14313	4969	-48	144	36	274	1366	274	72389589	
-15261	-2495	-969	3441	-14167	4684	-53	143	39	275	1371	275	72389589	
-15089	-2531	-1176	3013	-14027	4419	-55	143	41	276	1376	276	72389589	
-15064	-2841	-920	2370	-14039	4241	-53	141	43	277	1381	277	72389590	
-15190	-3492	-720	2010	-14403	4193	-51	139	45	278	1386	278	72389602	
-15271	-3929	-750	1829	-15012	4145	-54	141	47	279	1391	279	72389610	
-15383	-4119	-566	1459	-15528	4001	-56	142	48	280	1396	280	72389611	
-15607	-4348	-496	1126	-15735	3792	-54	146	44	281	1401	281	72389611	
-15752	-4522	-64	741	-15636	3593	-53	147	43	282	1406	282	72389611	
-15864	-4584	641	317	-15518	3519	-54	141	47	283	1411	283	72389612	
-15923	-4517	1012	-108	-15700	3531	-54	140	48	284	1416	284	72389612	
-15993	-4404	870	-615	-16016	3538	-57	140	50	285	1421	285	72389613	
-16146	-4282	239	-1402	-16217	3588	-58	140	50	286	1426	286	72389613	
-16292	-3735	-576	-2632	-16189	3624	-55	140	55	287	1431	287	72389613	
-16499	-2783	-1150	-4086	-15809	3590	-54	140	56	288	1436	288	72389613	
-16662	-1808	-1857	-5296	-15128	3537	-51	142	53	289	1441	289	72389614	
-16682	-1054	-2352	-6327	-14285	3529	-50	142	52	290	1446	290	72389614	
-16366	-608	-2561	-7154	-13553	3555	-58	142	60	291	1451	291	72389615	
-16141	338	-2802	-7756	-12904	3468	-60	142	62	292	1456	292	72389615	
-16213	1634	-2880	-7961	-12189	3446	-55	137	67	293	1461	293	72389615	
-16658	2552	-3041	-7325	-11472	3460	-54	136	68	294	1466	294	72389615	
-16975	3031	-3003	-5970	-10703	3507	-52	144	66	295	1471	295	72389616	
-17228	3321	-2866	-4270	-9909	3553	-52	146	66	296	1476	296	72389616	
-17400	3384	-2884	-2017	-8901	3556	-63	137	73	297	1481	297	72389616	
-17756	3278	-2786	-223	-8145	3507	-63	137	73	298	1486	298	72389617	
-17538	3104	-2536	1593	-7850	3505	-62	134	68	299	1491	299	72389617	
-17382	2970	-2214	3306	-7961	3547	-62	134	68	300	1496	300	72389617	
-16975	2722	-1781	4487	-8476	3650	-70	135	74	301	1501	301	72389618	
-16616	2621	-1329	5545	-9113	3554	-71	135	75	302	1506	302	72389618	
-16394	2102	-728	6217	-9716	3385	-62	136	71	303	1511	303	72389632	
-16519	1330	-230	6404	-10295	3243	-60	136	70	304	1516	304	72389638	
-16814	634	122	6030	-10971	3105	-64	138	76	305	1521	305	72389639	
-16938	310	204	5582	-11320	2941	-64	138	76	306	1526	306	72389639	
-17050	40	500	5258	-11309	2726	-70	132	76	307	1531	307	72389640	
-17096	-38	638	5009	-11087	2556	-70	132	76	308	1536	308	72389640	
-17202	-54	1148	4915	-10863	2412	-68	134	74	309	1541	309	72389640	
-17312	-190	1382	5264	-10695	2295	-68	134	74	310	1546	310	72389641	
-17446	-358	1656	5973	-10302	2185	-70	134	78	311	1551	311	72389641	
-17538	-408	1870	6732	-9782	2091	-70	134	78	312	1556	312	72389641	
-17404	-386	2224	7439	-9247	2045	-66	138	78	313	1561	313	72389641	
-17256	-228	2314	8049	-8759	2019	-66	138	78	314	1566	314	72389642	
-17194	22	2724	8380	-8399	2010	-66	130	82	315	1571	315	72389689	
-16940	158	3224	8557	-8148	2060	-66	130	82	316	1576	316	72389689	
-16678	266	3852	8629	-8086	2208	-70	132	80	317	1581	317	72389689	
-16584	174	4192	8500	-8298	2437	-70	132	80	318	1586	318	72389690	
-16670	-218	4440	8163	-8624	2666	-68	132	80	319	1591	319	72389690	
-16622	-806	4438	7597	-8892	2892	-68	132	80	320	1596	320	72389690	
-16652	-1466	4394	6810	-8875	3049	-68	130	78	321	1601	321	72389691	
