-15644	-2626	-3796	-96	-391	398	1	195	57	1	1	1	82569288	
-15806	-2313	-3964	-521	-592	411	-2	190	59	2	6	2	82569288	
-15768	-2087	-3999	-781	-733	427	-3	189	59	3	11	3	82569288	
-15861	-1892	-4169	-924	-881	473	3	191	57	4	16	4	82569288	
-16150	-1630	-4031	-1111	-1054	519	6	192	56	5	21	5	82569288	
-16444	-1423	-3721	-1224	-1094	534	5	194	55	6	26	6	82569288	
-16642	-1200	-3682	-1239	-965	524	5	195	55	7	31	7	82569288	
-16680	-764	-4152	-1353	-851	535	3	193	56	8	36	8	82569295	
-16625	-125	-4446	-1643	-954	566	2	192	56	9	41	9	82569319	
-16780	430	-3802	-1884	-1184	571	0	192	58	10	46	10	82569325	
-16825	811	-3245	-1829	-1306	602	0	192	58	11	51	11	82569325	
-16645	1261	-2684	-1489	-1415	715	5	189	60	12	56	12	82569325	
-16710	1583	-2362	-1048	-1535	915	6	188	60	13	61	13	82569325	
-16815	2099	-2755	-815	-1615	1151	-1	192	62	14	66	14	82569326	
-16988	2958	-3343	-881	-1726	1358	-3	193	63	15	71	15	82569326	
-17165	3483	-3473	-718	-1873	1570	2	193	61	16	76	16	82569326	
-17440	3670	-2992	-370	-2084	1848	3	193	61	17	81	17	82569365	
-17986	4088	-2244	-279	-2323	2090	1	187	59	18	86	18	82569365	
-18226	4432	-2000	228	-2189	2325	1	187	59	19	91	19	82569365	
-18380	4620	-2976	1147	-2097	2633	-7	185	57	20	96	20	82569365	
-18414	4736	-3396	1930	-1999	2907	-7	185	57	21	101	21	82569365	
-18212	4380	-3522	2606	-1964	3151	3	187	61	22	106	22	82569366	
-18540	3100	-4102	3064	-2387	3378	3	187	61	23	111	23	82569366	
-18998	2552	-3790	2781	-2727	3485	-4	188	54	24	116	24	82569366	
-19458	2718	-2556	2576	-2856	3490	-4	188	54	25	121	25	82569366	
-20008	1687	-3036	3466	-2751	3506	-7	191	63	26	126	26	82569408	
-20329	312	-3948	4057	-2572	3485	-8	190	62	27	131	27	82569436	
-20714	-1082	-4492	4004	-2553	3422	-10	188	60	28	136	28	82569436	
-21219	-1866	-4541	3407	-2587	3294	-9	188	59	29	141	29	82569437	
-21415	-2439	-4317	2908	-2458	3128	-6	188	56	30	146	30	82569437	
-21530	-3032	-4252	2662	-2370	2994	-6	188	56	31	151	31	82569437	
-21606	-3400	-3890	2224	-2168	2827	-3	187	65	32	156	32	82569437	
-21234	-3916	-3940	1876	-1834	2653	-3	187	65	33	161	33	82569437	
-20836	-4450	-4305	1427	-1546	2442	-7	189	63	34	166	34	82569461	
-20404	-4816	-4520	864	-1485	2277	-7	188	64	35	171	35	82569483	
-20187	-4644	-4181	102	-1583	2133	-8	186	66	36	176	36	82569484	
-20212	-4029	-3547	-475	-1611	1983	-8	186	65	37	181	37	82569484	
-20025	-3493	-3098	-654	-1434	1834	-6	186	60	38	186	38	82569484	
-19671	-2985	-3095	-776	-1199	1691	-7	185	61	39	191	39	82569484	
-19491	-2152	-3223	-953	-1156	1589	-9	183	63	40	196	40	82569484	
-19514	-1528	-2684	-1089	-1254	1522	-10	184	63	41	201	41	82569485	
-19579	-999	-1826	-1210	-1332	1462	-13	187	61	42	206	42	82569485	
-19512	-377	-1308	-1243	-1403	1407	-12	185	64	43	211	43	82569485	
-19324	106	-1230	-1342	-1441	1316	-11	181	69	44	216	44	82569485	
-18985	747	-1319	-1540	-1457	1225	-8	181	68	45	221	45	82569485	
-18848	1456	-1621	-1644	-1553	1182	-3	181	67	46	226	46	82569485	
-18808	1810	-2018	-1693	-1648	1169	-7	181	67	47	231	47	82569488	
-18692	2337	-2438	-1810	-1704	1182	-12	180	66	48	236	48	82569505	
-18562	3051	-2604	-1828	-1798	1260	-13	181	70	49	241	49	82569524	
-18555	3820	-2878	-1664	-1953	1419	-14	182	76	50	246	50	82569525	
-18577	4308	-2981	-1317	-2079	1629	-15	177	69	51	251	51	82569526	
-18695	4412	-2872	-1028	-2229	1838	-15	173	65	52	256	52	82569526	
-18862	4411	-2894	-721	-2341	1985	-19	175	65	53	261	53	82569526	
-19070	4332	-2773	-368	-2347	2068	-21	177	65	54	266	54	82569527	
-19206	4276	-2654	14	-2305	2110	-17	176	64	55	271	55	82569527	
-19301	4278	-2541	447	-2221	2135	-14	176	64	56	276	56	82569527	
-19437	4184	-2524	927	-2134	2167	-15	173	70	57	281	57	82569544	
-19450	3845	-2617	1589	-2029	2220	-16	170	76	58	286	58	82569561	
-19308	2906	-2865	2544	-1900	2298	-17	172	72	59	291	59	82569561	
-19322	1746	-2922	3175	-1819	2339	-18	174	68	60	296	60	82569561	
-19368	832	-2841	3426	-1693	2347	-16	173	70	61	301	61	82569561	
-19294	11	-2991	3671	-1501	2363	-14	172	72	62	306	62	82569561	
-19071	-830	-3043	3956	-1383	2402	-21	168	68	63	311	63	82569562	
-18737	-1588	-3218	4027	-1316	2396	-25	165	65	64	316	64	82569562	
-18376	-2138	-3348	3771	-1329	2315	-23	164	67	65	321	65	82569584	
-18218	-2606	-3533	3358	-1447	2166	-22	164	68	66	326	66	82569601	
-17985	-2940	-3870	2697	-1589	1953	-19	163	68	67	331	67	82569604	
-17867	-3338	-3447	2031	-1838	1803	-18	162	68	68	336	68	82569604	
-17754	-3522	-2946	1219	-2040	1663	-17	168	72	69	341	69	82569605	
-17515	-3415	-2506	500	-2086	1528	-17	169	73	70	346	70	82569605	
-17275	-3220	-2271	4	-2150	1429	-25	164	78	71	351	71	82569605	
-17207	-2921	-2317	-381	-2262	1389	-27	163	79	72	356	72	82569607	
-17127	-2549	-2277	-947	-2370	1365	-25	164	73	73	361	73	82569630	
-17126	-1954	-2070	-1758	-2489	1334	-24	164	72	74	366	74	82569636	
-17085	-1330	-1945	-2404	-2613	1319	-21	159	74	75	371	75	82569636	
-17062	-492	-1336	-2912	-2701	1344	-20	158	74	76	376	76	82569636	
-16970	-148	-1436	-3082	-2675	1420	-28	162	74	77	381	77	82569636	
-16602	132	-1802	-3217	-2581	1442	-28	162	74	78	386	78	82569637	
-16566	774	-1952	-3422	-2677	1462	-25	155	79	79	391	79	82569637	
-16534	1444	-1994	-3431	-2870	1513	-25	155	79	80	396	80	82569662	
-16682	1960	-2220	-3354	-3084	1593	-24	158	80	81	401	81	82569672	
-16818	2332	-1998	-3373	-3288	1632	-24	158	80	82	406	82	82569673	
-17042	2774	-1918	-3341	-3372	1619	-27	157	81	83	411	83	82569673	
-17272	3370	-1630	-3252	-3432	1586	-27	157	81	84	416	84	82569673	
-17612	3914	-1650	-3077	-3537	1554	-23	159	81	85	421	85	82569673	
-17988	4192	-1732	-2708	-3609	1515	-23	159	81	86	426	86	82569673	
-18300	4580	-1680	-2432	-3600	1517	-29	155	83	87	431	87	82569682	
-18404	4834	-2010	-2146	-3608	1597	-29	155	83	88	436	88	82569710	
-18386	4802	-1998	-1800	-3740	1774	-25	151	85	89	441	89	82569710	
-18546	4994	-1356	-1560	-3944	1961	-25	151	85	90	446	90	82569711	
-18418	5112	-896	-1003	-3988	2158	-25	151	81	91	451	91	82569711	
-18128	5056	-792	-365	-3947	2388	-25	151	81	92	456	92	82569711	
-18081	4887	-586	318	-3882	2641	-28	150	82	93	461	93	82569712	
-18133	4455	-593	893	-3835	2800	-29	149	83	94	466	94	82569716	
-18320	3696	-547	1466	-3821	2897	-31	145	85	95	471	95	82569734	
-18627	2956	-404	1858	-3854	2963	-32	146	84	96	476	96	82569747	
-18994	1889	48	2158	-3745	2950	-34	152	80	97	481	97	82569747	
-19012	758	311	2339	-3480	2882	-33	150	81	98	486	98	82569747	
-19046	-363	405	2722	-3273	2802	-29	143	87	99	491	99	82569748	
-18890	-1325	290	3081	-2983	2682	-31	142	87	100	496	100	82569748	
-18511	-2265	190	3265	-2818	2534	-38	140	86	101	501	101	82569748	
-18290	-3031	54	3161	-2866	2404	-36	142	88	102	506	102	82569765	
-18021	-3508	42	2626	-2906	2262	-32	146	92	103	511	103	82569790	
-17544	-3780	129	1786	-2958	2132	-32	144	89	104	516	104	82569790	
-17076	-3912	515	775	-3153	2021	-33	141	85	105	521	105	82569790	
-16775	-3890	1000	-287	-3410	1900	-33	140	86	106	526	106	82569790	
-16520	-3722	1510	-1208	-3683	1761	-33	139	87	107	531	107	82569790	
-16377	-3278	2038	-1832	-3855	1598	-35	136	89	108	536	108	82569790	
-16184	-2762	2398	-2172	-3961	1431	-39	131	91	109	541	109	82569795	
-16040	-2134	2358	-2404	-4050	1260	-37	132	89	110	546	110	82569814	
-15975	-1141	2142	-2676	-4179	1109	-34	134	86	111	551	111	82569830	
-16168	14	2102	-3021	-4446	1006	-36	135	88	112	556	112	82569830	
-16452	994	2446	-3374	-4794	955	-40	136	90	113	561	113	82569830	
-16632	1854	2992	-3551	-5140	938	-38	136	90	114	566	114	82569830	
-16858	2623	3370	-3485	-5470	954	-34	136	90	115	571	115	82569830	
-16970	3241	3383	-3275	-5699	1004	-32	134	92	116	576	116	82569830	
-16888	3872	3185	-2915	-5851	1095	-30	132	96	117	581	117	82569830	
-16788	4361	2976	-2341	-6110	1277	-33	131	101	118	586	118	82569835	
-16503	4608	2996	-1783	-6425	1489	-35	131	105	119	591	119	82569856	
-16094	4596	3255	-1411	-6623	1643	-34	133	103	120	596	120	82569868	
-15811	4525	3465	-1106	-6824	1771	-33	135	101	121	601	121	82569869	
-15814	4567	3448	-579	-7087	1933	-31	133	102	122	606	122	82569869	
-15908	4512	3014	192	-7317	2099	-30	132	102	123	611	123	82569869	
-16033	4129	2562	993	-7476	2219	-30	134	98	124	616	124	82569870	
-16165	3584	2477	1427	-7536	2270	-30	136	96	125	621	125	82569870	
-16335	3208	2703	1443	-7591	2240	-36	130	98	126	626	126	82569871	
-16449	2721	2657	1510	-7638	2182	-37	129	99	127	631	127	82569891	
-16708	2126	2448	1699	-7726	2133	-33	131	101	128	636	128	82569902	
-17128	1386	2248	1907	-7847	2061	-32	132	102	129	641	129	82569904	
-17604	702	1932	1814	-7917	1941	-32	130	96	130	646	130	82569904	
-18148	351	2049	1523	-7950	1787	-32	130	94	131	651	131	82569904	
-18332	101	2493	1461	-7886	1654	-35	132	107	132	656	132	82569904	
-18403	-108	2763	1558	-7730	1553	-36	132	110	133	661	133	82569904	
-18352	-234	2532	1519	-7696	1484	-35	129	109	134	666	134	82569904	
-18479	-97	2572	1337	-7758	1479	-35	129	109	135	671	135	82569927	
-18395	-49	2745	1273	-7680	1476	-32	127	109	136	676	136	82569954	
-18187	-44	2951	1267	-7415	1517	-31	127	109	137	681	137	82569960	
-17744	209	2898	1302	-7197	1595	-34	130	111	138	686	138	82569960	
-17220	650	2581	1284	-7111	1720	-35	131	111	139	691	139	82569960	
-16533	763	2116	1266	-7244	1943	-30	131	109	140	696	140	82569960	
-16063	838	1576	951	-7690	2228	-29	131	109	141	701	141	82569960	
-15722	1158	2012	-147	-8395	2509	-34	126	106	142	706	142	82569960	
-14860	1892	3534	-1248	-8674	2686	-34	126	106	143	711	143	82569969	
-13878	2442	5350	-1399	-8738	2812	-38	126	114	144	716	144	82570001	
-12676	2576	5838	-828	-8700	2907	-38	126	114	145	721	145	82570001	
-12008	2508	5854	-344	-8878	3002	-37	131	115	146	726	146	82570001	
-11354	2648	5304	273	-9250	3125	-37	131	115	147	731	147	82570001	
-10384	1848	4942	1111	-9057	2951	-32	130	116	148	736	148	82570002	
-9804	1514	4520	1677	-9369	2663	-32	130	116	149	741	149	82570002	
-9724	1574	4632	1667	-10204	2347	-36	122	120	150	746	150	82570002	
-9431	1544	5378	1131	-10948	1929	-35	124	122	151	751	151	82570031	
-9200	1732	5566	907	-11289	1583	-33	131	129	152	756	152	82570039	
-9036	1843	4916	1207	-11674	1267	-33	130	128	153	761	153	82570039	
-9622	2077	4284	1512	-12162	934	-32	126	122	154	766	154	82570039	
-10330	2727	4133	1288	-12221	501	-33	126	122	155	771	155	82570039	
-10805	3235	4170	1062	-11806	27	-35	127	123	156	776	156	82570039	
-11486	3418	2959	1302	-11370	-417	-33	127	124	157	781	157	82570039	
-12603	3684	1389	1726	-11021	-758	-26	128	126	158	786	158	82570040	
-14667	4043	-353	2274	-10646	-1068	-28	125	126	159	791	159	82570040	
-16346	4297	-1732	2889	-10272	-1281	-31	121	127	160	796	160	82570043	
-17735	4193	-3148	3478	-9809	-1448	-30	123	128	161	801	161	82570057	
-18821	4077	-4456	3909	-9335	-1566	-28	128	130	162	806	162	82570077	
-19492	4082	-5684	4270	-8771	-1674	-28	128	131	163	811	163	82570077	
-20111	3970	-7221	4772	-8301	-1723	-28	126	136	164	816	164	82570077	
-20820	4092	-9270	5235	-8019	-1528	-28	127	135	165	821	165	82570077	
-20948	4415	-10292	5472	-7652	-1066	-29	129	131	166	826	166	82570078	
-20045	3976	-10568	6129	-7146	-543	-29	129	130	167	831	167	82570078	
-17955	2586	-9664	7033	-6321	-134	-27	127	125	168	836	168	82570086	
-15697	941	-8339	7534	-5528	57	-28	127	127	169	841	169	82570106	
-13520	-891	-7182	7700	-4858	123	-30	126	130	170	846	170	82570119	
-12021	-2564	-6264	7464	-4359	87	-31	128	129	171	851	171	82570119	
-11361	-3550	-5181	6273	-3832	-50	-32	130	128	172	856	172	82570119	
-10610	-3715	-3825	4020	-3036	-277	-30	128	130	173	861	173	82570120	
-9745	-3455	-1883	1302	-2130	-632	-28	124	132	174	866	174	82570120	
-9262	-3092	638	-1747	-1726	-1140	-28	126	132	175	871	175	82570125	
-8946	-2668	2727	-4798	-2145	-1685	-27	127	131	176	876	176	82570157	
-8859	-1830	4204	-7533	-2761	-2212	-27	128	133	177	881	177	82570176	
-8551	-194	5281	-10014	-3538	-2599	-27	129	135	178	886	178	82570176	
-8170	1973	6255	-12150	-4664	-2747	-26	128	135	179	891	179	82570176	
-8095	4365	6746	-13788	-6159	-2590	-25	127	135	180	896	180	82570176	
-8493	6645	6656	-14537	-7690	-2141	-22	125	140	181	901	181	82570177	
-9189	8230	6346	-14015	-8839	-1529	-20	124	144	182	906	182	82570177	
-10049	9155	5904	-12503	-9487	-914	-20	125	144	183	911	183	82570177	
-10966	9866	5533	-10386	-9683	-254	-20	126	144	184	916	184	82570185	
-11934	10332	5140	-8295	-9489	297	-22	129	146	185	921	185	82570211	
-12952	10211	4286	-5932	-9154	799	-22	130	146	186	926	186	82570217	
-14122	9700	3191	-3806	-8813	1167	-20	131	143	187	931	187	82570217	
-15725	8925	1636	-1674	-8285	1500	-19	131	141	188	936	188	82570217	
-17120	7738	-16	283	-7291	1759	-21	133	146	189	941	189	82570217	
-17707	5924	-1515	2028	-5985	1894	-23	135	149	190	946	190	82570217	
-17612	3533	-2960	3458	-4805	1889	-21	131	149	191	951	191	82570217	
-17203	814	-4224	4138	-3935	1720	-19	129	149	192	956	192	82570217	
-16881	-713	-4715	3572	-3508	1410	-18	131	153	193	961	193	82570217	
-16710	-1032	-4818	2540	-3220	1012	-18	132	154	194	966	194	82570217	
-16695	-874	-4724	1550	-2900	625	-19	131	148	195	971	195	82570217	
-16600	-566	-4207	681	-2407	260	-19	131	147	196	976	196	82570226	
-16336	-297	-3521	-39	-1894	-62	-18	132	149	197	981	197	82570249	
-16276	-108	-2873	-662	-1364	-437	-18	132	150	198	986	198	82570254	
-15818	307	-1959	-1353	-903	-757	-21	129	153	199	991	199	82570254	
-15408	946	-1224	-2072	-586	-976	-22	128	154	200	996	200	82570254	
-14916	1444	-352	-2796	-143	-1180	-23	131	153	201	1001	201	82570254	
-14074	1760	338	-3304	422	-1363	-23	131	153	202	1006	202	82570254	
-13810	2484	1496	-3622	737	-1505	-20	134	154	203	1011	203	82570254	
-13610	3054	2438	-3315	533	-1436	-20	134	154	204	1016	204	82570291	
-13982	3610	3534	-2611	333	-1336	-17	129	153	205	1021	205	82570291	
-14320	4586	4638	-1520	130	-1298	-17	129	153	206	1026	206	82570291	
-14878	4706	5746	141	177	-1268	-16	132	156	207	1031	207	82570291	
-14916	5162	5404	1699	0	-997	-16	132	156	208	1036	208	82570291	
-14956	4807	4845	3001	-170	-827	-17	135	151	209	1041	209	82570292	
-14998	4059	4409	3600	-420	-643	-17	135	151	210	1046	210	82570294	
-15027	3369	4195	3627	-636	-518	-16	134	150	211	1051	211	82570319	
-15326	2669	4220	3483	-548	-467	-17	135	150	212	1056	212	82570383	
-15547	2257	3980	3603	-416	-292	-22	138	148	213	1061	213	82570383	
-15734	2104	3452	3736	-391	-107	-22	138	148	214	1066	214	82570383	
-16140	2084	2760	3754	-471	9	-24	128	142	215	1071	215	82570384	
-16432	1758	1894	3695	-523	77	-24	128	142	216	1076	216	82570384	
-16482	1476	1036	3466	-451	20	-21	135	151	217	1081	217	82570385	
-16407	1307	834	2909	-337	-98	-22	134	151	218	1086	218	82570391	
-16316	1316	1128	2187	-302	-206	-24	130	152	219	1091	219	82570420	
-16248	1335	1050	1321	-303	-308	-23	130	151	220	1096	220	82570438	
-16250	1361	835	617	-234	-405	-19	131	149	221	1101	221	82570438	
-16425	1636	611	190	-166	-464	-18	131	150	222	1106	222	82570438	
-16731	2074	864	137	-66	-458	-14	132	154	223	1111	223	82570438	
-16960	2457	1112	407	178	-423	-14	133	153	224	1116	224	82570438	
-16966	2629	1530	580	491	-413	-14	136	150	225	1121	225	82570438	
-16842	2591	1968	547	615	-476	-15	136	151	226	1126	226	82570439	
-16719	2653	2292	537	540	-557	-17	135	153	227	1131	227	82570439	
-16590	2936	2544	670	367	-638	-17	135	153	228	1136	228	82570439	
-16387	3256	2636	971	153	-691	-16	134	154	229	1141	229	82570439	
-16169	3453	2531	1364	-186	-703	-18	135	150	230	1146	230	82570439	
-15996	3658	2453	1616	-578	-674	-22	136	144	231	1151	231	82570443	
-15784	3820	2397	1847	-947	-623	-21	136	144	232	1156	232	82570449	
-15758	3922	2459	2365	-1220	-614	-19	135	145	233	1161	233	82570449	
-15055	4108	2498	2996	-1253	-787	-20	137	144	234	1166	234	82570450	
-15510	4119	2904	3297	-1048	-1415	-21	139	143	235	1171	235	82570457	
-15991	4260	3172	3739	-1297	-1303	-22	138	147	236	1176	236	82570475	
-15868	4318	3148	4097	-1586	-995	-22	138	150	237	1181	237	82570485	
-16117	3866	2916	4426	-1616	-996	-18	139	148	238	1186	238	82570485	
-16369	3130	2661	4735	-1552	-1036	-16	140	146	239	1191	239	82570486	
-16576	2410	2516	4886	-1402	-1124	-15	138	149	240	1196	240	82570486	
-16797	2080	2364	4883	-1165	-1266	-13	135	153	241	1201	241	82570486	
-16913	2153	2463	4714	-813	-1298	-15	135	149	242	1206	242	82570487	
-16746	1644	2674	4367	-304	-1251	-17	135	145	243	1211	243	82570487	
-16458	1209	2746	3677	20	-1353	-21	137	146	244	1216	244	82570487	
-15712	1376	2680	2538	100	-1604	-24	138	146	245	1221	245	82570489	
