-15008	2254	4678	-328	-446	804	-109	189	35	1772	8860	1772	76188669
-14954	2224	4754	-357	-486	848	-109	189	35	1773	8865	1773	76188696
-14828	2290	4898	-387	-512	868	-113	185	37	1774	8870	1774	76188698
-14772	2172	4848	-391	-525	893	-113	185	37	1775	8875	1775	76188699
-14814	2228	4898	-441	-572	898	-105	189	39	1776	8880	1776	76188703
-14826	2166	4920	-485	-587	916	-105	189	39	1777	8885	1777	76188718
-14834	2272	4920	-490	-581	933	-109	187	33	1778	8890	1778	76188718
-14902	2250	4916	-472	-601	920	-109	187	33	1779	8895	1779	76188745
-14932	2174	4928	-433	-613	916	-107	185	37	1780	8900	1780	76188746
-14912	2006	4780	-331	-623	905	-107	185	37	1781	8905	1781	76188746
-14842	1950	4692	-277	-619	891	-108	186	40	1782	8910	1782	76188746
-14876	2014	4838	-155	-626	851	-108	186	40	1783	8915	1783	76188747
-14866	2032	4814	54	-643	798	-104	190	42	1784	8920	1784	76188748
-14878	2062	4756	156	-659	759	-104	190	42	1785	8925	1785	76188748
-14902	2040	4634	299	-696	667	-113	185	37	1786	8930	1786	76188749
-14910	2040	4738	467	-746	555	-113	185	37	1787	8935	1787	76188749
-14890	2174	4626	538	-802	455	-115	189	39	1788	8940	1788	76188749
-14852	2316	4710	588	-843	392	-115	189	39	1789	8945	1789	76188750
-14994	2484	4720	784	-918	295	-111	185	31	1790	8950	1790	76188751
-15002	2608	4652	1019	-923	228	-111	185	31	1791	8955	1791	76188751
-14912	2744	4688	1099	-941	201	-108	188	42	1792	8960	1792	76188853
-15028	2884	4782	1226	-1011	151	-108	188	42	1793	8965	1793	76188854
-15000	2818	4850	1325	-1053	127	-108	184	34	1794	8970	1794	76188854
-15110	2906	4934	1338	-1059	106	-108	184	34	1795	8975	1795	76188854
-15070	3056	5090	1390	-1104	136	-111	187	39	1796	8980	1796	76188855
-15092	3056	5134	1480	-1066	137	-111	187	39	1797	8985	1797	76188855
-15122	2920	5104	1586	-1007	150	-109	191	37	1798	8990	1798	76188856
-15052	2810	5042	1603	-979	161	-109	191	37	1799	8995	1799	76188925
-15056	2702	4986	1569	-914	158	-108	184	36	1800	9000	1800	76188930
-15060	2562	4848	1608	-765	107	-108	184	36	1801	9005	1801	76188930
-15074	2476	4702	1678	-712	103	-108	182	34	1802	9010	1802	76188930
-15138	2200	4524	1691	-621	64	-108	182	34	1803	9015	1803	76188931
-15296	2148	4284	1609	-518	11	-107	187	37	1804	9020	1804	76188931
-15366	2028	4196	1607	-470	-15	-107	187	37	1805	9025	1805	76188931
-15546	2136	3966	1704	-346	-61	-110	186	40	1806	9030	1806	76188932
-15674	2092	3708	1859	-207	-127	-110	186	40	1807	9035	1807	76188932
-15810	2064	3678	2020	-98	-197	-107	187	41	1808	9040	1808	76189006
-15940	2266	3556	2065	-50	-250	-107	187	41	1809	9045	1809	76189006
-16062	2358	3460	2174	81	-282	-115	183	39	1810	9050	1810	76189006
-16198	2674	3438	2248	210	-316	-115	183	39	1811	9055	1811	76189031
-16220	2754	3316	2264	257	-314	-108	180	38	1812	9060	1812	76189034
-16240	2918	3290	2240	329	-318	-108	180	38	1813	9065	1813	76189035
-15978	3108	3512	2068	339	-233	-112	188	36	1814	9070	1814	76189035
-15864	3262	3624	1935	329	-176	-112	188	36	1815	9075	1815	76189035
-15392	3356	3952	1593	270	-18	-114	182	34	1816	9080	1816	76189036
-15026	3428	4414	1104	120	127	-114	182	34	1817	9085	1817	76189036
-14910	3492	4686	635	-124	252	-113	187	35	1818	9090	1818	76189036
-14782	3676	5118	426	-262	311	-113	187	35	1819	9095	1819	76189037
-14726	3558	5384	58	-537	392	-113	185	39	1820	9100	1820	76189037
-14546	3528	5612	-285	-745	484	-113	185	39	1821	9105	1821	76189037
-14576	3514	5728	-389	-805	506	-110	186	34	1822	9110	1822	76189038
-14736	3412	5860	-473	-848	495	-110	186	34	1823	9115	1823	76189038
-14814	2912	5828	-391	-744	440	-113	185	39	1824	9120	1824	76189039
-14972	2686	5690	-318	-641	414	-113	185	39	1825	9125	1825	76189039
-15178	2210	5336	-218	-481	326	-106	184	34	1826	9130	1826	76189039
-15428	1778	4988	-71	-376	245	-106	184	34	1827	9135	1827	76189040
-15542	1580	4656	92	-267	177	-105	183	37	1828	9140	1828	76189040
-15586	1478	4136	128	-196	159	-105	183	37	1829	9145	1829	76189040
-15556	1480	3466	76	-71	181	-116	186	42	1830	9150	1830	76189041
-15382	1522	3194	-1	-36	256	-116	186	42	1831	9155	1831	76189041
-15256	1662	3024	-121	-57	313	-107	183	35	1832	9160	1832	76189041
-15122	1970	2984	-489	-163	451	-107	183	35	1833	9165	1833	76189042
-14944	2286	3238	-910	-270	590	-111	183	35	1834	9170	1834	76189042
-14958	2436	3348	-1134	-414	676	-111	183	35	1835	9175	1835	76189043
-14980	2842	3726	-1585	-620	855	-116	184	36	1836	9180	1836	76189043
-15032	3022	4016	-1913	-776	1010	-116	184	36	1837	9185	1837	76189060
-14970	3146	4150	-2129	-869	1139	-113	183	39	1838	9190	1838	76189061
-15126	3344	4270	-2216	-913	1183	-113	183	39	1839	9195	1839	76189061
-15342	3490	4226	-2367	-906	1223	-111	187	41	1840	9200	1840	76189062
-15286	3614	4168	-2515	-732	1228	-111	187	41	1841	9205	1841	76189062
-15230	3738	4110	-2556	-653	1218	-109	185	37	1842	9210	1842	76189062
-15080	3830	3954	-2542	-574	1178	-109	185	37	1843	9215	1843	76189063
-14948	3970	3888	-2488	-441	1118	-108	184	42	1844	9220	1844	76189063
-14918	4070	3950	-2438	-419	1086	-108	184	42	1845	9225	1845	76189063
-14960	4118	3838	-2325	-377	1011	-106	188	36	1846	9230	1846	76189064
-14928	4212	3794	-2231	-385	948	-106	188	36	1847	9235	1847	76189065
-14950	4164	3786	-2159	-401	854	-104	186	36	1848	9240	1848	76189065
-15078	4138	3764	-2096	-435	806	-104	186	36	1849	9245	1849	76189085
-15092	4056	3680	-2028	-506	715	-111	185	37	1850	9250	1850	76189086
-15186	4008	3714	-1988	-531	617	-111	185	37	1851	9255	1851	76189086
-15180	4010	3668	-1999	-594	557	-113	185	33	1852	9260	1852	76189087
-15238	3974	3812	-1944	-615	475	-113	185	33	1853	9265	1853	76189087
-15364	4086	3716	-1999	-789	423	-109	189	39	1854	9270	1854	76189088
-15456	4072	3594	-2093	-930	415	-109	189	39	1855	9275	1855	76189088
-15292	3962	3710	-2229	-1030	409	-109	187	35	1856	9280	1856	76189089
-15182	3978	3774	-2241	-1142	407	-109	187	35	1857	9285	1857	76189089
-15320	4068	3796	-2213	-1239	405	-119	179	33	1858	9290	1858	76189090
-15346	4118	3822	-2136	-1231	390	-119	179	33	1859	9295	1859	76189091
-15360	4010	3630	-1928	-1197	375	-110	188	38	1860	9300	1860	76189091
-15544	3858	3458	-1613	-1179	350	-110	188	38	1861	9305	1861	76189092
-15552	3804	3252	-1417	-1213	344	-111	187	41	1862	9310	1862	76189094
-15746	3688	2840	-1111	-1233	304	-111	187	41	1863	9315	1863	76189095
-15786	3440	2464	-859	-1271	259	-107	185	37	1864	9320	1864	76189096
-15842	3374	2330	-757	-1209	219	-107	185	37	1865	9325	1865	76189097
-15850	3174	2128	-628	-1169	126	-102	184	42	1866	9330	1866	76189098
-15648	3032	2194	-528	-995	25	-102	184	42	1867	9335	1867	76189110
-15718	3040	2252	-497	-963	-29	-114	182	38	1868	9340	1868	76189111
-15654	2982	2208	-440	-910	-47	-114	182	38	1869	9345	1869	76189112
-15864	3208	2230	-389	-722	-58	-109	185	41	1870	9350	1870	76189114
-16076	3274	2204	-421	-446	-28	-109	185	41	1871	9355	1871	76189115
-16092	3350	2204	-427	-315	9	-114	184	32	1872	9360	1872	76189117
-16260	3496	2078	-295	-36	130	-114	184	32	1873	9365	1873	76189118
-16250	3556	1838	-97	197	290	-107	183	37	1874	9370	1874	76189122
-16288	3626	1684	-16	282	387	-107	183	37	1875	9375	1875	76189124
-16390	3988	1258	12	477	587	-110	188	38	1876	9380	1876	76189124
-16468	4120	1054	-206	717	764	-110	188	38	1877	9385	1877	76189134
-16564	4156	918	-325	843	846	-115	187	37	1878	9390	1878	76189168
-16642	4216	932	-389	1077	1035	-115	187	37	1879	9395	1879	76189168
-16364	4360	668	-304	1200	1255	-105	187	39	1880	9400	1880	76189170
-16206	4334	632	-467	1243	1486	-105	187	39	1881	9405	1881	76189170
-16332	4246	852	-719	1256	1570	-108	184	36	1882	9410	1882	76189171
-16546	3940	966	-1098	1426	1708	-108	184	36	1883	9415	1883	76189171
-16208	3446	1210	-1240	1757	1823	-117	179	35	1884	9420	1884	76189171
-16036	3218	1594	-1243	1918	1895	-117	179	35	1885	9425	1885	76189172
-15314	3424	1920	-824	2103	1904	-111	189	37	1886	9430	1886	76189172
-14982	3988	756	435	2936	1755	-111	189	37	1887	9435	1887	76189215
-14770	4154	-276	1305	3838	1631	-115	187	33	1888	9440	1888	76189241
-13804	3784	-1638	2424	6333	1501	-115	187	33	1889	9445	1889	76189241
-12822	3398	-954	1594	7865	1621	-114	182	34	1890	9450	1890	76189242
-12538	2902	764	800	8239	1571	-114	182	34	1891	9455	1891	76189242
-12568	2596	1574	769	8062	1506	-107	187	37	1892	9460	1892	76189260
-13300	2168	3106	1122	7292	1266	-107	187	37	1893	9465	1893	76189292
-14246	2086	3398	2254	7013	792	-116	188	30	1894	9470	1894	76189292
-14462	2228	2938	3049	7316	496	-116	188	30	1895	9475	1895	76189292
-14068	3012	1966	4366	8292	46	-116	188	36	1896	9480	1896	76189293
-13034	3896	1880	4582	8675	-85	-116	188	36	1897	9485	1897	76189294
-12552	4382	2334	4273	8274	-31	-117	185	27	1898	9490	1898	76189294
-12508	4772	3088	3359	6561	204	-117	185	27	1899	9495	1899	76189294
-13216	4188	2970	2840	5016	368	-125	185	21	1900	9500	1900	76189295
-13740	3584	2352	2880	4527	397	-125	185	21	1901	9505	1901	76189295
-13950	3630	2124	3052	4550	353	-115	187	25	1902	9510	1902	76189296
-14400	3876	1740	3598	4783	207	-115	187	25	1903	9515	1903	76189296
-14886	4034	1894	3914	4924	93	-114	182	20	1904	9520	1904	76189298
-15130	3986	2292	3781	4941	52	-114	182	20	1905	9525	1905	76189298
-15284	3658	3026	2911	4881	-69	-118	186	22	1906	9530	1906	76189299
-15186	3490	3334	2186	4651	-228	-118	186	22	1907	9535	1907	76189299
-15160	3396	3186	2242	4505	-293	-114	194	26	1908	9540	1908	76189300
-15162	2726	2576	2779	4247	-352	-114	194	26	1909	9545	1909	76189300
-15238	1780	2212	3365	4253	-408	-114	190	18	1910	9550	1910	76189301
-15180	1358	2320	3609	4378	-539	-114	190	18	1911	9555	1911	76189301
-14862	670	2348	3636	4321	-594	-116	182	20	1912	9560	1912	76189302
-14640	598	2408	3511	4004	-674	-116	182	20	1913	9565	1913	76189314
-14616	1052	2440	3186	3676	-789	-121	181	19	1914	9570	1914	76189315
-14642	1320	2506	3143	3631	-843	-121	181	19	1915	9575	1915	76189365
-14396	1574	2672	2903	3730	-904	-117	183	17	1916	9580	1916	76189369
-14104	2062	2804	2031	3624	-895	-117	183	17	1917	9585	1917	76189376
-14056	2322	2968	1476	3477	-889	-119	185	19	1918	9590	1918	76189379
-13926	2736	3730	534	3020	-860	-119	185	19	1919	9595	1919	76189380
-14010	2950	4096	155	2577	-861	-126	180	16	1920	9600	1920	76189393
-14126	3004	4146	-332	2332	-999	-126	180	16	1921	9605	1921	76189394
-14234	3456	3876	-534	2265	-1081	-116	188	16	1922	9610	1922	76189394
-14304	4016	3598	-630	2017	-1196	-116	188	16	1923	9615	1923	76189394
-14414	4616	3220	-294	1383	-1238	-123	189	17	1924	9620	1924	76189395
-14534	4822	2924	-82	948	-1260	-123	189	17	1925	9625	1925	76189395
-14768	5232	2662	108	78	-1296	-114	188	16	1926	9630	1926	76189396
-14862	5650	2742	-114	-409	-1296	-114	188	16	1927	9635	1927	76189396
-14786	5854	2826	-225	-513	-1285	-112	182	16	1928	9640	1928	76189396
-14602	6088	2468	-378	-587	-1232	-112	182	16	1929	9645	1929	76189420
-14636	6194	1822	-483	-731	-1217	-114	182	18	1930	9650	1930	76189444
-14892	6244	1406	-160	-781	-1179	-114	182	18	1931	9655	1931	76189447
-15426	6326	730	193	-670	-1114	-115	183	15	1932	9660	1932	76189448
-15608	6412	812	982	-201	-1008	-115	183	15	1933	9665	1933	76189452
-15276	5860	1672	1183	121	-810	-114	186	18	1934	9670	1934	76189459
-15202	5508	1956	1111	98	-698	-114	186	18	1935	9675	1935	76189461
-15314	4660	2058	1206	99	-593	-116	186	8	1936	9680	1936	76189462
-15422	3946	1800	1857	480	-531	-116	186	8	1937	9685	1937	76189463
-15382	3638	1710	2154	614	-505	-112	186	14	1938	9690	1938	76189464
-15220	3052	1340	2573	718	-426	-112	186	14	1939	9695	1939	76189465
-15014	2190	1060	2579	719	-438	-122	184	10	1940	9700	1940	76189475
-14920	1782	1188	1899	831	-502	-122	184	10	1941	9705	1941	76189499
-14676	1264	1082	1574	966	-537	-119	177	9	1942	9710	1942	76189500
-14372	1132	508	1459	1408	-543	-119	177	9	1943	9715	1943	76189501
-14312	984	372	1495	1685	-546	-115	183	13	1944	9720	1944	76189501
-14456	938	574	1297	1744	-575	-115	183	13	1945	9725	1945	76189502
-14346	592	1284	664	1916	-641	-113	185	17	1946	9730	1946	76189502
-14156	448	1844	38	2125	-766	-113	185	17	1947	9735	1947	76189503
-13938	284	1696	-271	2208	-790	-113	179	15	1948	9740	1948	76189503
-13746	170	998	-1080	2402	-774	-113	179	15	1949	9745	1949	76189504
-13660	476	374	-1833	2495	-715	-120	186	12	1950	9750	1950	76189505
-13620	556	232	-2545	2411	-602	-120	186	12	1951	9755	1951	76189505
-13802	584	244	-2942	2497	-614	-113	187	11	1952	9760	1952	76189506
-13712	1194	784	-3707	2841	-665	-113	187	11	1953	9765	1953	76189506
-13622	1752	1612	-3792	3127	-777	-115	181	11	1954	9770	1954	76189525
-13694	1898	1536	-3759	3136	-812	-115	181	11	1955	9775	1955	76189577
-14064	2310	1126	-3961	2942	-733	-117	173	5	1956	9780	1956	76189578
-14556	3232	1374	-3521	2953	-715	-117	173	5	1957	9785	1957	76189579
-14710	3544	1436	-2888	2980	-706	-114	182	12	1958	9790	1958	76189579
-15056	3650	768	-2060	2901	-603	-114	182	12	1959	9795	1959	76189580
-15318	3380	444	-2400	3156	-486	-113	189	11	1960	9800	1960	76189580
-15462	3310	454	-2537	4028	-399	-113	189	11	1961	9805	1961	76189580
-15330	2818	-26	-2438	4567	-306	-111	179	5	1962	9810	1962	76189581
-14504	2308	2	-2704	5244	-278	-111	179	5	1963	9815	1963	76189582
-14376	2082	894	-3730	5011	-404	-110	186	10	1964	9820	1964	76189583
-14430	2214	1332	-4302	4689	-414	-110	186	10	1965	9825	1965	76189629
-14292	1976	1934	-4931	4363	-471	-125	181	1	1966	9830	1966	76189629
-15196	2522	2346	-4881	4555	-380	-125	181	1	1967	9835	1967	76189630
-15050	2370	2362	-4713	4821	-307	-115	183	1	1968	9840	1968	76189630
-14948	2334	2530	-3534	5485	-306	-115	183	1	1969	9845	1969	76189631
-14858	2470	1848	-1735	5376	-217	-106	184	6	1970	9850	1970	76189631
-14890	2480	1382	-1251	4948	20	-106	184	6	1971	9855	1971	76189631
-15294	2252	1500	-1469	4934	50	-117	177	5	1972	9860	1972	76189632
-15430	2248	1500	-1977	5096	106	-117	177	5	1973	9865	1973	76189632
-15372	2230	1234	-2084	5248	351	-111	185	-1	1974	9870	1974	76189633
-15272	2208	1330	-2160	5322	467	-111	185	-1	1975	9875	1975	76189633
-15144	2592	2308	-2114	5501	513	-107	181	-1	1976	9880	1976	76189633
-15548	3140	2344	-1626	5259	538	-107	181	-1	1977	9885	1977	76189634
-15962	3378	1940	-1556	5161	585	-111	183	3	1978	9890	1978	76189634
-16458	3494	1858	-2009	5162	784	-111	183	3	1979	9895	1979	76189635
-15688	3206	1944	-2065	5492	784	-110	186	2	1980	9900	1980	76189635
-15900	3514	2106	-1184	5382	718	-110	186	2	1981	9905	1981	76189652
-16742	3470	1816	-827	5359	735	-117	181	-7	1982	9910	1982	76189679
-17054	3154	1404	-493	5584	954	-117	181	-7	1983	9915	1983	76189680
-16102	3338	2256	626	6096	858	-119	179	1	1984	9920	1984	76189680
-16216	3562	2370	1386	5908	770	-119	179	1	1985	9925	1985	76189681
-16994	3742	1830	2343	5452	724	-117	181	-3	1986	9930	1986	76189682
-17354	3850	1524	2098	5669	775	-117	181	-3	1987	9935	1987	76189790
-17358	3734	1724	1851	5933	821	-116	180	-8	1988	9940	1988	76189791
-17302	3166	1388	2095	6353	917	-116	180	-8	1989	9945	1989	76189791
-17248	2242	846	2561	6489	1137	-112	180	-10	1990	9950	1990	76189791
-16694	1612	832	2558	6605	1177	-112	180	-10	1991	9955	1991	76189792
-16024	1394	850	2379	6873	831	-124	180	-4	1992	9960	1992	76189792
-16790	1970	1074	1850	6571	461	-124	180	-4	1993	9965	1993	76189794
-17244	2322	1384	1683	6588	382	-116	180	-4	1994	9970	1994	76189795
-17136	2288	1568	1583	6674	442	-116	180	-4	1995	9975	1995	76189796
-16912	1752	1560	1576	6891	590	-122	184	-8	1996	9980	1996	76189863
-15748	1216	1574	1901	7067	591	-122	184	-8	1997	9985	1997	76189904
-15594	1512	1626	2120	7112	450	-120	184	-14	1998	9990	1998	76189906
-15918	2060	1742	2318	6624	287	-120	184	-14	1999	9995	1999	76189907
-16198	2370	1364	2569	6213	193	-120	184	-14	2000	10000	2000	76189907
-16170	2338	1052	2780	6132	188	-120	184	-14	2001	10005	2001	76189908
-16256	2322	866	3229	6072	156	-122	180	-10	2002	10010	2002	76189909
-16252	2000	854	3745	6088	190	-122	180	-10	2003	10015	2003	76189910
-15570	1614	154	4468	6251	78	-117	177	-15	2004	10020	2004	76189911
-15760	1840	-508	4330	6072	-29	-117	177	-15	2005	10025	2005	76189912
-16382	1970	-956	3110	5799	-203	-118	180	-10	2006	10030	2006	76189913
-16854	2176	38	2260	5709	-255	-118	180	-10	2007	10035	2007	76189914
-16930	1908	336	2286	5789	-251	-124	174	-20	2008	10040	2008	76189914
-16954	1440	402	2323	6011	-170	-124	174	-20	2009	10045	2009	76189914
-16650	902	-198	2451	6270	-72	-123	171	-17	2010	10050	2010	76189915
-16466	600	-480	2396	6284	-17	-123	171	-17	2011	10055	2011	76189915
-15920	514	-240	2069	6340	-29	-118	178	-16	2012	10060	2012	76189916
-15660	928	336	1719	6104	-138	-118	178	-16	2013	10065	2013	76189917
-15544	1218	424	1729	5861	-322	-117	181	-21	2014	10070	2014	76189919
-15344	1520	172	1797	5747	-412	-117	181	-21	2015	10075	2015	76189920
-14992	1444	-208	1699	5586	-551	-119	167	-23	2016	10080	2016	76189922
-14672	1764	-338	1468	5404	-648	-119	167	-23	2017	10085	2017	76189923
-14242	1454	-208	1463	5268	-625	-115	179	-23	2018	10090	2018	76189924
-13778	1460	-930	1648	5308	-744	-115	179	-23	2019	10095	2019	76189925
-13980	1894	-1522	1387	5297	-837	-120	174	-22	2020	10100	2020	76189925
-14084	2046	-1506	1232	5224	-842	-120	174	-22	2021	10105	2021	76189926
-14548	2016	-1244	846	5016	-789	-122	174	-26	2022	10110	2022	76189927
-14610	1810	-650	721	4949	-667	-122	174	-26	2023	10115	2023	76189932
-14562	1592	-348	1050	4909	-581	-119	177	-23	2024	10120	2024	76189959
-14704	1508	-286	1158	4783	-580	-119	177	-23	2025	10125	2025	76189959
-14984	1656	-570	768	4467	-533	-125	173	-27	2026	10130	2026	76189960
-15082	1924	-584	11	4102	-435	-125	173	-27	2027	10135	2027	76189960
-15168	2182	-446	-280	3872	-396	-120	176	-28	2028	10140	2028	76189961
-14894	1854	-690	-433	3415	-309	-120	176	-28	2029	10145	2029	76189962
-14924	2170	-1014	-276	2905	-393	-125	175	-29	2030	10150	2030	76189962
-14900	2314	-1000	-178	2630	-424	-125	175	-29	2031	10155	2031	76189962
-15222	3000	-892	257	2214	-502	-120	172	-32	2032	10160	2032	76189963
-15278	2918	-1156	681	1967	-459	-120	172	-32	2033	10165	2033	76189963
-15082	2848	-1260	928	2210	-570	-126	172	-32	2034	10170	2034	76189964
-15132	2968	-1716	1001	2362	-644	-126	172	-32	2035	10175	2035	76189964
-15440	3538	-1746	1256	2527	-722	-124	174	-30	2036	10180	2036	76189965
-15764	3366	-2356	1909	2734	-590	-124	174	-30	2037	10185	2037	76190009
-16020	3264	-2752	2066	2807	-501	-121	175	-29	2038	10190	2038	76190009
-16550	3038	-3160	2052	2872	-249	-121	175	-29	2039	10195	2039	76190010
-16916	2896	-2972	1643	3008	32	-117	169	-33	2040	10200	2040	76190010
-16646	2592	-3126	1570	2968	262	-117	169	-33	2041	10205	2041	76190010
-16732	2636	-3412	1397	2729	435	-125	175	-35	2042	10210	2042	76190011
-16838	2816	-3172	805	2520	518	-125	175	-35	2043	10215	2043	76190012
-16702	2904	-2806	654	2360	520	-124	170	-34	2044	10220	2044	76190013
-16970	3060	-2170	657	2261	523	-124	170	-34	2045	10225	2045	76190013
-16618	2760	-2144	919	2182	527	-126	172	-32	2046	10230	2046	76190035
-16576	2832	-2500	1202	1970	457	-126	172	-32	2047	10235	2047	76190036
-16546	2722	-2652	1309	1893	449	-129	167	-41	2048	10240	2048	76190036
-16490	2788	-2434	1569	1785	404	-129	167	-41	2049	10245	2049	76190036
-16326	2602	-2276	1884	1720	369	-122	172	-42	2050	10250	2050	76190037
-16046	2542	-2356	2011	1723	326	-122	172	-42	2051	10255	2051	76190037
-16090	2588	-2176	2351	1674	260	-124	168	-38	2052	10260	2052	76190038
-16412	2152	-2586	2458	1655	305	-124	168	-38	2053	10265	2053	76190038
-16554	2148	-2480	2133	1627	487	-123	169	-33	2054	10270	2054	76190039
-16502	1928	-2816	2167	1553	625	-123	169	-33	2055	10275	2055	76190039
-16414	1984	-2524	2120	1331	850	-123	175	-39	2056	10280	2056	76190039
-16462	2206	-2332	2240	1083	898	-123	175	-39	2057	10285	2057	76190040
-16506	2090	-2530	2255	947	879	-134	166	-32	2058	10290	2058	76190084
-17168	2412	-3466	2274	869	786	-134	166	-32	2059	10295	2059	76190084
-17430	2348	-3854	2293	862	884	-129	165	-39	2060	10300	2060	76190085
-17510	2390	-3856	2234	837	926	-129	165	-39	2061	10305	2061	76190085
-16998	1678	-3602	2304	722	1251	-126	174	-40	2062	10310	2062	76190086
-16344	1620	-3598	2537	515	1021	-126	174	-40	2063	10315	2063	76190086
-16648	2022	-3340	2415	-101	750	-124	168	-40	2064	10320	2064	76190086
-17082	2550	-2822	2318	-320	631	-124	168	-40	2065	10325	2065	76190087
-17344	2674	-2942	2155	-495	480	-131	169	-39	2066	10330	2066	76190087
-17218	2652	-3154	2079	-417	337	-131	169	-39	2067	10335	2067	76190088
-17022	2706	-2958	2110	-458	316	-132	162	-42	2068	10340	2068	76190114
-16862	2808	-2636	2342	-650	332	-132	162	-42	2069	10345	2069	76190137
-17098	3086	-2996	2761	-887	383	-133	163	-41	2070	10350	2070	76190137
-17306	2880	-3288	2897	-910	478	-133	163	-41	2071	10355	2071	76190138
-17054	2782	-3030	2551	-604	528	-133	161	-45	2072	10360	2072	76190139
-17224	3162	-2998	2627	-469	578	-133	161	-45	2073	10365	2073	76190139
-17264	2884	-3190	3255	-632	722	-134	156	-48	2074	10370	2074	76190139
-17706	2552	-3800	3367	-737	724	-134	156	-48	2075	10375	2075	76190140
-18104	2286	-3332	3571	-857	801	-133	161	-37	2076	10380	2076	76190140
-18494	1836	-3084	3447	-854	915	-133	161	-37	2077	10385	2077	76190140
-18750	1504	-3036	3334	-801	1031	-133	165	-41	2078	10390	2078	76190141
-18616	1034	-3480	3482	-666	1198	-133	165	-41	2079	10395	2079	76190163
-18454	902	-3450	3312	-740	1250	-128	164	-40	2080	10400	2080	76190219
-18638	1246	-3428	3067	-811	1117	-128	164	-40	2081	10405	2081	76190219
-19072	1782	-3434	2516	-797	968	-132	158	-46	2082	10410	2082	76190220
-18870	1930	-3088	2055	-492	804	-132	158	-46	2083	10415	2083	76190220
-19004	1956	-2960	1614	-571	721	-132	162	-50	2084	10420	2084	76190222
-18660	1910	-2688	1361	-634	699	-132	162	-50	2085	10425	2085	76190223
-18420	2420	-2202	1276	-952	642	-133	163	-47	2086	10430	2086	76190223
-17874	2756	-1974	1101	-1226	489	-133	163	-47	2087	10435	2087	76190223
-17864	3104	-1946	956	-1452	445	-135	161	-47	2088	10440	2088	76190224
-17936	3312	-1592	1223	-1847	400	-135	161	-47	2089	10445	2089	76190224
-18422	3408	-1800	1873	-2268	470	-139	153	-43	2090	10450	2090	76190224
-18626	3204	-2142	2245	-2376	530	-139	153	-43	2091	10455	2091	76190225
-19084	2950	-2802	2465	-2260	544	-134	158	-48	2092	10460	2092	76190225
-19306	3006	-3070	2512	-1869	494	-134	158	-48	2093	10465	2093	76190238
-19458	2958	-3174	2457	-1556	525	-136	162	-44	2094	10470	2094	76190270
-19658	2906	-3056	2560	-1549	558	-136	162	-44	2095	10475	2095	76190270
-19972	2602	-3234	2664	-1616	655	-133	155	-43	2096	10480	2096	76190270
-20026	2350	-3182	2641	-1381	646	-133	155	-43	2097	10485	2097	76190271
-20130	2222	-3494	2666	-1351	682	-134	158	-44	2098	10490	2098	76190272
-19812	2018	-3348	2396	-1115	758	-134	158	-44	2099	10495	2099	76190272
-19534	2642	-3232	2443	-1028	666	-139	155	-47	2100	10500	2100	76190324
-19662	2620	-3582	2469	-981	592	-139	155	-47	2101	10505	2101	76190325
-19422	2372	-3618	1904	-666	430	-136	156	-44	2102	10510	2102	76190325
-19246	2718	-2640	1627	-586	285	-136	156	-44	2103	10515	2103	76190326
-19166	2668	-2562	1721	-716	260	-138	158	-46	2104	10520	2104	76190327
-19340	2290	-2850	1698	-885	318	-138	158	-46	2105	10525	2105	76190327
-19294	2238	-2554	792	-476	264	-145	153	-49	2106	10530	2106	76190327
-18788	2590	-1436	41	-154	214	-145	153	-49	2107	10535	2107	76190328
-18754	2730	-1372	-82	-232	188	-143	157	-53	2108	10540	2108	76190329
-18774	2836	-1948	292	-469	203	-143	157	-53	2109	10545	2109	76190329
-19012	3118	-2162	831	-716	246	-140	152	-50	2110	10550	2110	76190330
-19146	2700	-2310	935	-709	247	-140	152	-50	2111	10555	2111	76190330
-18970	2796	-1724	381	-429	87	-142	150	-46	2112	10560	2112	76190331
-18674	2632	-1606	289	-561	-49	-142	150	-46	2113	10565	2113	76190345
-18596	2532	-1458	284	-698	-119	-143	155	-45	2114	10570	2114	76190372
-18492	2676	-1556	327	-997	-182	-143	155	-45	2115	10575	2115	76190380
-18632	2526	-1672	655	-1216	-223	-140	150	-44	2116	10580	2116	76190381
-18618	2522	-1792	884	-1356	-283	-140	150	-44	2117	10585	2117	76190395
-18790	2606	-1754	832	-1429	-331	-135	151	-47	2118	10590	2118	76190397
-18914	2658	-1928	675	-1428	-368	-135	151	-47	2119	10595	2119	76190400
-19080	2446	-2196	458	-1301	-420	-138	154	-50	2120	10600	2120	76190404
-19128	2322	-2258	302	-1210	-432	-138	154	-50	2121	10605	2121	76190404
-18998	2162	-2652	-130	-969	-463	-142	154	-44	2122	10610	2122	76190405
-18756	2458	-2918	-949	-832	-539	-142	154	-44	2123	10615	2123	76190405
-18702	3010	-2636	-1273	-817	-503	-142	156	-50	2124	10620	2124	76190405
-18478	2296	-3150	-1742	-650	-471	-142	156	-50	2125	10625	2125	76190406
-18046	2402	-3168	-3378	-313	-528	-144	148	-58	2126	10630	2126	76190426
-17594	2922	-2434	-4284	-122	-527	-144	148	-58	2127	10635	2127	76190427
-17618	2908	-2406	-4205	-128	-509	-141	155	-43	2128	10640	2128	76190427
-17380	2986	-2872	-3630	-158	-507	-141	155	-43	2129	10645	2129	76190427
-17086	3400	-3004	-2949	-390	-466	-143	145	-57	2130	10650	2130	76190428
-16892	3650	-2824	-2918	-573	-433	-143	145	-57	2131	10655	2131	76190428
-16412	4226	-2054	-2465	-1098	-342	-146	146	-52	2132	10660	2132	76190430
-16284	4012	-2246	-1091	-1883	-189	-146	146	-52	2133	10665	2133	76190431
-16396	3782	-2432	-463	-2171	-139	-141	147	-47	2134	10670	2134	76190431
-16356	3458	-2622	-66	-2106	-148	-141	147	-47	2135	10675	2135	76190431
-16262	3282	-2558	-286	-1839	-182	-143	149	-43	2136	10680	2136	76190469
-16420	3104	-2576	-401	-1710	-148	-143	149	-43	2137	10685	2137	76190471
-16498	2988	-2670	-273	-1693	-106	-144	148	-46	2138	10690	2138	76190476
-16776	2952	-2906	-73	-1740	-22	-144	148	-46	2139	10695	2139	76190479
-17156	3080	-3104	-203	-1800	43	-142	148	-46	2140	10700	2140	76190482
-17236	3034	-3094	-300	-1785	62	-142	148	-46	2141	10705	2141	76190486
-17518	2934	-3144	-526	-1766	127	-141	151	-45	2142	10710	2142	76190486
-17692	2748	-3230	-660	-1568	137	-141	151	-45	2143	10715	2143	76190487
-17588	2748	-3312	-755	-1425	123	-139	147	-47	2144	10720	2144	76190488
-17492	2548	-3582	-952	-1219	117	-139	147	-47	2145	10725	2145	76190489
-17300	2608	-3470	-1336	-951	100	-141	153	-49	2146	10730	2146	76190520
-17232	2414	-3464	-2056	-613	59	-141	153	-49	2147	10735	2147	76190598
-17048	2650	-3260	-2241	-458	42	-142	150	-46	2148	10740	2148	76190598
-16710	2614	-2934	-2013	-345	39	-142	150	-46	2149	10745	2149	76190599
-16546	2406	-2772	-1568	-626	92	-137	153	-45	2150	10750	2150	76190599
-16404	2570	-2532	-1623	-747	98	-137	153	-45	2151	10755	2151	76190600
-16144	2792	-1896	-1409	-1016	88	-143	149	-43	2152	10760	2152	76190601
-15874	2786	-1694	-851	-1331	90	-143	149	-43	2153	10765	2153	76190601
-15802	2802	-1882	-552	-1476	87	-146	148	-44	2154	10770	2154	76190601
-15770	2762	-2392	-70	-1713	87	-146	148	-44	2155	10775	2155	76190602
-15558	2750	-2312	23	-1701	113	-141	151	-47	2156	10780	2156	76190602
-15618	2846	-2162	-73	-1893	179	-141	151	-47	2157	10785	2157	76190603
-16088	3028	-2186	-129	-1956	219	-144	148	-48	2158	10790	2158	76190603
-16532	3096	-2354	4	-2065	335	-144	148	-48	2159	10795	2159	76190603
-16450	2996	-2414	183	-1993	387	-144	158	-42	2160	10800	2160	76190650
-16498	2906	-2482	167	-1940	395	-144	158	-42	2161	10805	2161	76190675
-16696	3224	-3216	47	-1834	399	-138	146	-46	2162	10810	2162	76190676
-17222	3032	-3932	210	-1670	427	-138	146	-46	2163	10815	2163	76190676
-17614	2842	-4304	321	-1549	445	-143	153	-45	2164	10820	2164	76190677
