-3259	1100	-15009	-1936	710	-114	-141	99	-185	1	1	1	85371172	
-3303	1057	-15006	-1982	550	-108	-145	99	-183	2	6	2	85371172	
-3358	1008	-14986	-1991	461	-111	-149	99	-181	3	11	3	85371172	
-3339	992	-15008	-1975	445	-95	-149	100	-182	4	16	4	85371200	
-3300	1026	-15019	-1951	464	-88	-149	101	-183	5	21	5	85371220	
-3287	1044	-15006	-1929	477	-90	-145	102	-181	6	26	6	85371220	
-3291	1048	-14961	-1908	461	-83	-143	103	-179	7	31	7	85371220	
-3294	1050	-14930	-1908	430	-88	-142	100	-182	8	36	8	85371220	
-3326	1037	-14963	-1925	396	-96	-142	98	-184	9	41	9	85371220	
-3331	1048	-14963	-1943	368	-100	-144	100	-186	10	46	10	85371220	
-3331	1036	-14993	-1973	367	-108	-145	101	-187	11	51	11	85371220	
-3363	1018	-15018	-1996	392	-117	-143	105	-185	12	56	12	85371220	
-3376	1070	-15006	-2018	445	-109	-142	106	-184	13	61	13	85371220	
-3349	1061	-15038	-2025	502	-109	-144	101	-183	14	66	14	85371220	
-3299	1078	-15040	-2033	553	-113	-145	99	-183	15	71	15	85371220	
-3289	1082	-14992	-2033	604	-101	-143	100	-186	16	76	16	85371225	
-3287	1079	-14995	-2022	638	-88	-142	100	-188	17	81	17	85371229	
-3292	1060	-14958	-2021	648	-87	-143	99	-184	18	86	18	85371239	
-3237	1050	-14884	-2029	630	-86	-144	98	-182	19	91	19	85371261	
-3214	1060	-14864	-2041	585	-91	-148	100	-188	20	96	20	85371266	
-3235	1073	-14904	-2059	523	-82	-149	101	-189	21	101	21	85371266	
-3246	1062	-14904	-2067	460	-76	-146	96	-181	22	106	22	85371266	
-3253	1076	-14900	-2078	417	-89	-145	95	-179	23	111	23	85371266	
-3289	1061	-15028	-2072	382	-102	-143	95	-184	24	116	24	85371266	
-3298	1090	-14986	-2071	357	-107	-143	95	-185	25	121	25	85371266	
-3351	1044	-14917	-2067	336	-108	-146	100	-183	26	126	26	85371266	
-3342	1052	-14922	-2066	325	-129	-147	101	-183	27	131	27	85371267	
-3376	1056	-15076	-2068	312	-109	-143	103	-191	28	136	28	85371267	
-3380	1070	-15112	-2054	307	-106	-143	103	-191	29	141	29	85371267	
-3428	1110	-15016	-2048	296	-112	-148	100	-186	30	146	30	85371267	
-3450	1054	-14986	-2039	277	-107	-148	100	-186	31	151	31	85371267	
-3512	1004	-15126	-2022	289	-107	-149	97	-183	32	156	32	85371288	
-3424	1006	-15154	-2031	333	-116	-149	97	-183	33	161	33	85371288	
-3424	1030	-15114	-2047	401	-114	-147	101	-181	34	166	34	85371288	
-3436	986	-15060	-2053	465	-122	-147	101	-181	35	171	35	85371288	
-3340	1034	-14982	-2047	504	-128	-143	99	-183	36	176	36	85371288	
-3288	1032	-14890	-2044	496	-116	-143	99	-183	37	181	37	85371288	
-3264	1068	-15090	-2055	429	-133	-146	94	-182	38	186	38	85371288	
-3346	1116	-14982	-2099	310	-143	-146	94	-182	39	191	39	85371288	
-3304	1076	-15002	-2151	157	-151	-146	102	-180	40	196	40	85371289	
-3274	1096	-15052	-2208	0	-134	-146	102	-180	41	201	41	85371305	
-3292	1082	-15044	-2239	-130	-131	-148	100	-186	42	206	42	85371350	
-3342	1052	-15084	-2252	-222	-121	-148	100	-186	43	211	43	85371350	
-3391	1044	-15105	-2237	-267	-107	-140	100	-182	44	216	44	85371350	
-3440	1002	-15107	-2188	-240	-98	-142	99	-182	45	221	45	85371350	
-3554	1016	-15062	-2137	-143	-91	-151	95	-183	46	226	46	85371350	
-3574	1011	-15040	-2083	14	-87	-150	95	-183	47	231	47	85371351	
-3626	1027	-14976	-2027	210	-90	-148	96	-184	48	236	48	85371351	
-3627	1044	-14981	-1989	386	-95	-147	97	-183	49	241	49	85371353	
-3572	1033	-14961	-1964	497	-109	-143	99	-181	50	246	50	85371365	
-3486	1019	-14960	-1953	546	-120	-143	99	-182	51	251	51	85371386	
-3460	1029	-14965	-1963	534	-115	-144	100	-186	52	256	52	85371394	
-3448	994	-14983	-1984	475	-121	-145	98	-185	53	261	53	85371394	
-3391	1000	-15020	-2007	416	-118	-146	94	-184	54	266	54	85371394	
-3407	991	-15026	-2034	366	-105	-147	96	-185	55	271	55	85371394	
-3444	990	-15026	-2064	331	-104	-148	98	-186	56	276	56	85371395	
-3421	1013	-15020	-2093	319	-103	-148	98	-185	57	281	57	85371395	
-3388	994	-15034	-2106	325	-98	-148	98	-184	58	286	58	85371395	
-3332	1028	-14999	-2118	337	-94	-148	98	-184	59	291	59	85371395	
-3346	1039	-15027	-2124	352	-98	-147	99	-183	60	296	60	85371395	
-3376	1040	-15031	-2136	382	-101	-146	98	-181	61	301	61	85371398	
-3313	1076	-15022	-2148	406	-92	-145	97	-179	62	306	62	85371432	
-3316	1078	-15038	-2162	436	-91	-144	99	-181	63	311	63	85371475	
-3318	1100	-15007	-2164	457	-90	-143	103	-183	64	316	64	85371476	
-3317	1104	-14990	-2161	479	-99	-143	102	-183	65	321	65	85371476	
-3291	1101	-14996	-2160	495	-106	-142	100	-184	66	326	66	85371476	
-3302	1074	-14988	-2146	496	-101	-143	98	-185	67	331	67	85371476	
-3293	1081	-15048	-2117	477	-102	-144	96	-186	68	336	68	85371476	
-3273	1128	-15086	-2074	434	-101	-145	98	-185	69	341	69	85371476	
-3299	1085	-15042	-2041	383	-96	-146	100	-184	70	346	70	85371476	
-3334	1100	-15072	-2024	363	-103	-145	100	-185	71	351	71	85371476	
-3295	1114	-15097	-2017	361	-96	-144	100	-186	72	356	72	85371476	
-3284	1090	-15077	-2015	368	-91	-145	101	-188	73	361	73	85371481	
-3310	1076	-15059	-2027	373	-94	-145	101	-189	74	366	74	85371503	
-3300	1068	-15048	-2051	380	-96	-147	103	-186	75	371	75	85371515	
-3304	1065	-15039	-2065	389	-90	-148	104	-184	76	376	76	85371515	
-3314	1072	-14948	-2087	386	-99	-147	98	-186	77	381	77	85371515	
-3375	1040	-14960	-2111	393	-93	-146	96	-186	78	386	78	85371515	
-3396	1018	-15007	-2130	381	-87	-147	97	-185	79	391	79	85371515	
-3368	1044	-15019	-2140	370	-89	-147	97	-185	80	396	80	85371515	
-3373	1065	-15061	-2152	350	-87	-148	100	-186	81	401	81	85371515	
-3397	1060	-14998	-2161	329	-94	-148	102	-186	82	406	82	85371516	
-3413	1052	-14984	-2165	309	-113	-144	100	-185	83	411	83	85371516	
-3382	1059	-15023	-2161	294	-115	-141	99	-185	84	416	84	85371516	
-3371	1021	-15002	-2150	285	-111	-145	98	-185	85	421	85	85371533	
-3374	1031	-14999	-2132	278	-116	-147	97	-185	86	426	86	85371558	
-3388	1074	-15031	-2110	276	-121	-147	100	-183	87	431	87	85371563	
-3374	1029	-14979	-2087	285	-125	-147	101	-183	88	436	88	85371564	
-3314	1024	-14930	-2060	283	-121	-149	97	-184	89	441	89	85371564	
-3353	1028	-14957	-2049	280	-114	-150	96	-184	90	446	90	85371564	
-3374	1063	-14892	-2030	264	-114	-148	94	-190	91	451	91	85371564	
-3346	1091	-15008	-2038	262	-115	-148	94	-192	92	456	92	85371564	
-3389	1069	-15015	-2057	241	-111	-145	97	-184	93	461	93	85371564	
-3410	1080	-15028	-2086	209	-113	-144	98	-182	94	466	94	85371564	
-3322	1054	-15006	-2120	190	-116	-146	98	-184	95	471	95	85371564	
-3378	1096	-14976	-2154	184	-119	-146	98	-184	96	476	96	85371564	
-3386	1088	-15042	-2163	175	-116	-149	103	-183	97	481	97	85371564	
-3422	1128	-15034	-2194	154	-108	-149	103	-183	98	486	98	85371575	
-3346	1054	-15064	-2201	133	-107	-148	94	-182	99	491	99	85371576	
-3444	1100	-15086	-2222	126	-116	-148	94	-182	100	496	100	85371609	
-3400	1088	-14966	-2230	118	-129	-147	97	-183	101	501	101	85371609	
-3442	1096	-15042	-2222	150	-114	-147	97	-183	102	506	102	85371609	
-3492	1055	-15048	-2225	202	-109	-147	95	-193	103	511	103	85371609	
-3434	1062	-15028	-2213	262	-110	-147	95	-193	104	516	104	85371609	
-3464	1062	-14968	-2201	320	-106	-141	95	-183	105	521	105	85371609	
-3388	1078	-15082	-2197	349	-108	-141	95	-183	106	526	106	85371609	
-3452	1174	-15116	-2197	353	-112	-145	97	-183	107	531	107	85371609	
-3394	1140	-15054	-2193	338	-101	-145	97	-183	108	536	108	85371610	
-3294	1144	-15030	-2185	307	-98	-149	95	-183	109	541	109	85371610	
-3398	1170	-15110	-2196	279	-109	-149	95	-183	110	546	110	85371639	
-3364	1116	-15051	-2200	289	-95	-147	97	-183	111	551	111	85371649	
-3350	1108	-15083	-2218	319	-96	-147	97	-184	112	556	112	85371654	
-3400	1113	-14974	-2239	353	-103	-148	98	-186	113	561	113	85371654	
-3437	1090	-14975	-2252	404	-100	-148	98	-185	114	566	114	85371654	
-3439	1060	-14982	-2265	470	-96	-147	99	-181	115	571	115	85371654	
-3397	1094	-15002	-2270	533	-99	-146	99	-182	116	576	116	85371655	
-3350	1099	-14995	-2271	590	-96	-142	100	-186	117	581	117	85371655	
-3219	1099	-14948	-2270	606	-99	-142	100	-185	118	586	118	85371655	
-3163	1145	-15001	-2252	563	-94	-143	99	-183	119	591	119	85371669	
-3185	1112	-14888	-2230	457	-91	-142	99	-182	120	596	120	85371706	
-3192	1071	-14872	-2216	349	-89	-140	100	-180	121	601	121	85371707	
-3261	1053	-14984	-2210	263	-82	-140	99	-183	122	606	122	85371707	
-3338	1082	-15056	-2208	232	-79	-141	97	-187	123	611	123	85371707	
-3423	1074	-15021	-2202	272	-73	-143	96	-185	124	616	124	85371707	
-3460	1051	-14933	-2197	359	-69	-146	94	-182	125	621	125	85371707	
-3453	1035	-14842	-2189	463	-74	-146	95	-182	126	626	126	85371712	
-3384	1010	-14894	-2175	596	-82	-145	99	-181	127	631	127	85371733	
-3362	1060	-14926	-2159	709	-90	-145	98	-181	128	636	128	85371741	
-3260	1037	-14908	-2131	736	-94	-145	97	-181	129	641	129	85371741	
-3163	1038	-14909	-2093	679	-105	-145	98	-183	130	646	130	85371742	
-3052	1087	-14974	-2050	529	-117	-146	100	-186	131	651	131	85371742	
-3035	1128	-14991	-1999	325	-118	-147	99	-184	132	656	132	85371742	
-3077	1111	-15085	-1955	118	-113	-149	97	-181	133	661	133	85371742	
-3094	1076	-15096	-1928	-49	-111	-147	98	-181	134	666	134	85371742	
-3226	1063	-15100	-1924	-135	-106	-144	100	-182	135	671	135	85371760	
-3311	1084	-15160	-1933	-119	-107	-144	100	-182	136	676	136	85371778	
-3369	1101	-15181	-1952	-32	-99	-144	100	-182	137	681	137	85371778	
-3470	1114	-15120	-1967	90	-89	-145	98	-181	138	686	138	85371778	
-3548	1104	-15101	-1969	231	-97	-146	96	-180	139	691	139	85371778	
-3559	1082	-15185	-1947	356	-94	-148	95	-183	140	696	140	85371778	
-3582	1090	-15254	-1887	465	-83	-149	95	-185	141	701	141	85371778	
-3632	1132	-15245	-1795	601	-78	-145	96	-185	142	706	142	85371778	
-3668	1145	-15140	-1704	791	-81	-143	97	-185	143	711	143	85371778	
-3725	1142	-14985	-1627	1061	-85	-148	100	-184	144	716	144	85371778	
-3639	1140	-14811	-1615	1291	-105	-149	101	-183	145	721	145	85371808	
-3534	1145	-14690	-1643	1399	-107	-147	99	-185	146	726	146	85371815	
-3437	1140	-14761	-1684	1410	-118	-147	99	-185	147	731	147	85371815	
-3359	1127	-14765	-1727	1329	-120	-147	104	-184	148	736	148	85371815	
-3298	1104	-14756	-1779	1199	-115	-147	107	-183	149	741	149	85371815	
-3254	1061	-14829	-1851	1030	-112	-148	100	-182	150	746	150	85371815	
-3258	1064	-14909	-1921	858	-112	-148	96	-182	151	751	151	85371816	
-3275	1097	-14944	-1964	710	-111	-147	98	-185	152	756	152	85371816	
-3292	1032	-15002	-1974	627	-94	-146	98	-186	153	761	153	85371816	
-3282	1000	-14998	-1968	594	-100	-144	101	-183	154	766	154	85371838	
-3232	1022	-14967	-1948	586	-98	-144	102	-182	155	771	155	85371851	
-3177	1018	-15018	-1917	567	-81	-146	97	-179	156	776	156	85371853	
-3187	1002	-15051	-1897	532	-82	-146	96	-178	157	781	157	85371853	
-3146	1057	-15008	-1898	462	-87	-144	96	-180	158	786	158	85371853	
-3134	1070	-15129	-1919	398	-91	-144	96	-180	159	791	159	85371853	
-3200	1091	-15061	-1933	340	-95	-146	94	-186	160	796	160	85371883	
-3162	1042	-15088	-1976	295	-105	-146	94	-188	161	801	161	85371891	
-3222	1066	-15092	-2007	267	-111	-146	96	-186	162	806	162	85371891	
-3178	1062	-15180	-2023	255	-113	-146	96	-186	163	811	163	85371891	
-3134	1042	-15104	-2039	269	-107	-148	100	-186	164	816	164	85371891	
-3186	1074	-15146	-2046	296	-99	-148	100	-186	165	821	165	85371892	
-3182	1104	-15114	-2048	314	-107	-145	103	-185	166	826	166	85371892	
-3152	1040	-15052	-2037	326	-108	-145	103	-185	167	831	167	85371892	
-3104	1132	-15062	-2024	349	-100	-143	105	-183	168	836	168	85371918	
-3126	1040	-14935	-2023	356	-89	-143	105	-184	169	841	169	85371929	
-3150	999	-14927	-2023	346	-80	-144	104	-186	170	846	170	85371929	
-3068	1036	-14914	-2023	327	-72	-144	104	-186	171	851	171	85371929	
-3126	1058	-14892	-2017	310	-90	-144	98	-180	172	856	172	85371929	
-3116	1044	-14974	-2027	295	-105	-144	98	-180	173	861	173	85371929	
-3200	1024	-14902	-2025	260	-101	-145	101	-185	174	866	174	85371929	
-3156	1002	-14976	-2024	230	-106	-145	101	-185	175	871	175	85371950	
-3222	996	-14956	-2033	199	-107	-143	97	-189	176	876	176	85371978	
-3222	1034	-15080	-2031	177	-111	-143	97	-189	177	881	177	85371979	
-3165	1068	-15064	-2043	153	-119	-146	94	-182	178	886	178	85371979	
-3212	1077	-15060	-2045	145	-110	-147	94	-183	179	891	179	85371979	
-3233	1053	-15128	-2046	114	-106	-149	93	-185	180	896	180	85371979	
-3297	1038	-15174	-2045	90	-116	-149	93	-185	181	901	181	85371979	
-3356	1018	-15094	-2052	71	-113	-149	95	-183	182	906	182	85371986	
-3390	970	-15158	-2058	74	-106	-149	96	-184	183	911	183	85372015	
-3384	952	-15124	-2074	116	-113	-148	100	-186	184	916	184	85372015	
-3316	1044	-15142	-2085	162	-116	-148	101	-184	185	921	185	85372015	
-3265	1044	-15057	-2092	190	-123	-146	102	-178	186	926	186	85372015	
-3221	1080	-14990	-2089	177	-132	-144	102	-180	187	931	187	85372015	
-3212	1114	-15014	-2109	113	-138	-142	102	-182	188	936	188	85372016	
-3248	1102	-15014	-2161	4	-138	-144	101	-182	189	941	189	85372016	
-3284	1063	-15044	-2217	-116	-138	-148	100	-182	190	946	190	85372016	
-3282	1060	-15042	-2263	-216	-132	-148	98	-183	191	951	191	85372016	
-3264	1093	-15031	-2286	-303	-121	-147	95	-185	192	956	192	85372030	
-3246	1113	-15051	-2289	-363	-109	-146	95	-184	193	961	193	85372063	
-3290	1035	-15061	-2274	-399	-91	-143	95	-181	194	966	194	85372077	
-3376	1063	-15067	-2227	-360	-73	-144	95	-181	195	971	195	85372077	
-3464	1043	-15053	-2175	-260	-72	-146	96	-182	196	976	196	85372077	
-3563	1054	-14993	-2115	-111	-85	-146	99	-183	197	981	197	85372078	
-3578	1064	-14892	-2062	75	-90	-147	103	-185	198	986	198	85372078	
-3563	1047	-14910	-2022	245	-109	-146	101	-183	199	991	199	85372082	
-3518	1049	-14923	-2002	351	-119	-145	99	-181	200	996	200	85372100	
