-16123	-643	-3289	-2545	-145	15	-63	132	-3	1	1	1	72693221	
-16094	-682	-3273	-2441	-116	-5	-59	131	-5	2	6	2	72693221	
-16107	-738	-3175	-2329	-93	-31	-60	132	-3	3	11	3	72693222	
-16115	-832	-3189	-2247	-81	-53	-61	133	-1	4	16	4	72693222	
-16132	-829	-3203	-2202	-85	-69	-61	131	-3	5	21	5	72693236	
-16191	-828	-3192	-2162	-113	-85	-61	129	-5	6	26	6	72693255	
-16239	-899	-3105	-2094	-142	-104	-67	127	-3	7	31	7	72693259	
-16278	-980	-3079	-2027	-166	-131	-71	125	-1	8	36	8	72693260	
-16373	-993	-3060	-2004	-202	-160	-64	127	-3	9	41	9	72693260	
-16341	-1111	-3044	-1975	-246	-193	-59	129	-5	10	46	10	72693260	
-16370	-1218	-2974	-1972	-286	-224	-60	133	-6	11	51	11	72693260	
-16464	-1226	-2968	-2054	-334	-233	-61	135	-7	12	56	12	72693260	
-16456	-1160	-2948	-2170	-431	-232	-65	131	-5	13	61	13	72693260	
-16448	-1158	-2988	-2247	-523	-229	-65	131	-5	14	66	14	72693260	
-16454	-1084	-2998	-2318	-613	-211	-56	134	-6	15	71	15	72693296	
-16494	-1068	-3062	-2386	-702	-210	-56	134	-6	16	76	16	72693296	
-16508	-940	-3056	-2466	-786	-197	-67	135	1	17	81	17	72693296	
-16526	-892	-3068	-2529	-874	-188	-67	135	1	18	86	18	72693296	
-16532	-750	-3080	-2612	-934	-183	-60	134	0	19	91	19	72693296	
-16546	-756	-3150	-2687	-1003	-177	-60	134	0	20	96	20	72693296	
-16548	-718	-3164	-2739	-1044	-167	-64	136	-2	21	101	21	72693296	
-16500	-457	-3193	-2807	-1063	-144	-64	136	-2	22	106	22	72693302	
-16613	-261	-3256	-2832	-1055	-130	-62	138	-2	23	111	23	72693326	
-16624	-93	-3248	-2792	-1006	-122	-63	137	-3	24	116	24	72693333	
-16659	-2	-3154	-2671	-945	-138	-68	134	-6	25	121	25	72693333	
-16694	164	-3178	-2507	-859	-164	-67	134	-5	26	126	26	72693334	
-16634	247	-3146	-2322	-758	-181	-65	133	-3	27	131	27	72693334	
-16686	356	-3113	-2062	-665	-208	-66	131	-2	28	136	28	72693334	
-16750	487	-3119	-1753	-567	-228	-69	123	1	29	141	29	72693336	
-16806	578	-3064	-1385	-446	-252	-68	123	0	30	146	30	72693354	
-16855	636	-3054	-1066	-332	-270	-67	123	-1	31	151	31	72693371	
-16850	709	-3064	-728	-202	-284	-67	124	1	32	156	32	72693371	
-16786	752	-3057	-359	-59	-310	-67	125	5	33	161	33	72693371	
-16752	745	-2997	0	79	-332	-65	128	5	34	166	34	72693371	
-16779	707	-2933	341	199	-341	-62	132	4	35	171	35	72693371	
-16745	657	-2962	672	301	-341	-60	132	3	36	176	36	72693371	
-16678	582	-2984	983	405	-326	-57	131	1	37	181	37	72693378	
-16592	477	-2952	1308	525	-305	-58	131	-1	38	186	38	72693399	
-16531	314	-2982	1638	639	-277	-58	130	-2	39	191	39	72693416	
-16439	151	-2972	1943	722	-241	-62	134	-1	40	196	40	72693422	
-16360	-4	-2952	2239	778	-202	-64	136	0	41	201	41	72693422	
-16301	-211	-3038	2517	810	-159	-66	134	-2	42	206	42	72693422	
-16190	-455	-3082	2771	807	-118	-67	133	-3	43	211	43	72693422	
-16178	-625	-3098	2973	780	-79	-64	131	-4	44	216	44	72693422	
-16200	-835	-3163	3129	749	-38	-62	130	-4	45	221	45	72693469	
-16202	-1072	-3102	3269	693	2	-59	127	-1	46	226	46	72693509	
-16126	-1244	-3152	3359	616	35	-58	126	0	47	231	47	72693511	
-16096	-1444	-3124	3416	541	78	-62	133	-7	48	236	48	72693512	
-16139	-1590	-3058	3423	444	117	-63	135	-9	49	241	49	72693512	
-16121	-1710	-3148	3403	338	157	-65	133	-3	50	246	50	72693512	
-16090	-1792	-3118	3342	227	209	-65	133	-1	51	251	51	72693513	
-16106	-1977	-3112	3251	109	263	-61	131	-7	52	256	52	72693518	
-16131	-2034	-3180	3118	8	320	-60	130	-8	53	261	53	72693550	
-16139	-2102	-3228	2967	-105	366	-64	131	-6	54	266	54	72693560	
-16178	-2192	-3338	2782	-229	422	-65	131	-5	55	271	55	72693561	
-16220	-2244	-3354	2591	-324	466	-60	132	-8	56	276	56	72693562	
-16276	-2258	-3374	2406	-418	501	-60	132	-8	57	281	57	72693563	
-16336	-2268	-3460	2232	-495	533	-56	130	0	58	286	58	72693565	
-16438	-2205	-3564	2017	-578	550	-57	130	-1	59	291	59	72693565	
-16478	-2208	-3586	1869	-623	558	-60	128	-4	60	296	60	72693565	
-16558	-2224	-3540	1677	-715	562	-60	129	-5	61	301	61	72693565	
-16574	-2196	-3544	1509	-774	560	-59	133	-7	62	306	62	72693565	
-16671	-2122	-3518	1329	-827	566	-60	132	-5	63	311	63	72693566	
-16685	-2125	-3522	1120	-864	545	-64	128	2	64	316	64	72693566	
-16719	-2058	-3510	954	-878	527	-60	129	-2	65	321	65	72693566	
-16765	-1948	-3495	798	-869	504	-55	131	-7	66	326	66	72693566	
-16762	-1913	-3490	683	-828	465	-57	132	-7	67	331	67	72693566	
