-16309	-1521	-4694	-1045	-542	232	-28	160	-37	1	1	1	83468782	
-16331	-1516	-4744	-1058	-541	251	-28	162	-38	2	6	2	83468810	
-16334	-1486	-4775	-1062	-545	280	-33	156	-34	3	11	3	83468810	
-16304	-1495	-4771	-1070	-554	310	-36	152	-32	4	16	4	83468810	
-16312	-1518	-4797	-1077	-572	342	-34	151	-37	5	21	5	83468810	
-16318	-1566	-4847	-1072	-602	385	-32	150	-40	6	26	6	83468810	
-16337	-1549	-4865	-1057	-633	433	-36	155	-36	7	31	7	83468811	
-16336	-1566	-4864	-1051	-661	475	-37	157	-35	8	36	8	83468846	
-16321	-1638	-4872	-1044	-694	520	-31	160	-33	9	41	9	83468865	
-16366	-1662	-4917	-1058	-711	559	-29	161	-33	10	46	10	83468867	
-16360	-1726	-4952	-1082	-732	593	-33	160	-37	11	51	11	83468868	
-16335	-1774	-5040	-1112	-736	634	-34	160	-38	12	56	12	83468868	
-16343	-1784	-5081	-1150	-737	689	-36	154	-35	13	61	13	83468868	
-16372	-1782	-5088	-1204	-739	732	-36	152	-34	14	66	14	83468869	
-16412	-1769	-5104	-1257	-747	774	-33	162	-34	15	71	15	83468869	
-16376	-1892	-5182	-1344	-771	833	-32	164	-34	16	76	16	83468869	
-16376	-1796	-5156	-1443	-779	887	-33	151	-37	17	81	17	83468870	
-16332	-1864	-5086	-1546	-798	927	-33	151	-37	18	86	18	83468870	
-16342	-1864	-5126	-1642	-788	988	-32	156	-36	19	91	19	83468871	
-16336	-1798	-5086	-1741	-805	1055	-32	156	-36	20	96	20	83468871	
-16302	-1814	-5000	-1857	-811	1092	-35	159	-37	21	101	21	83468875	
-16322	-1798	-4944	-1955	-821	1146	-35	159	-37	22	106	22	83468875	
-16244	-1778	-4806	-2010	-820	1171	-33	157	-33	23	111	23	83468876	
-16230	-1774	-4713	-2067	-805	1195	-33	157	-33	24	116	24	83468876	
-16178	-1773	-4598	-2091	-791	1211	-35	157	-33	25	121	25	83468877	
-16147	-1766	-4538	-2120	-769	1219	-35	156	-34	26	126	26	83468885	
-16123	-1709	-4390	-2153	-751	1225	-36	154	-38	27	131	27	83468915	
-16097	-1660	-4374	-2177	-736	1222	-36	155	-37	28	136	28	83468915	
-16078	-1571	-4234	-2206	-731	1209	-35	161	-35	29	141	29	83468916	
-16071	-1522	-4088	-2221	-715	1209	-35	162	-35	30	146	30	83468916	
-16036	-1489	-4118	-2191	-694	1202	-33	165	-37	31	151	31	83468916	
-16044	-1413	-4076	-2134	-684	1200	-33	164	-37	32	156	32	83468916	
-16088	-1392	-3930	-2057	-681	1201	-33	159	-37	33	161	33	83468916	
-16148	-1439	-3812	-1982	-652	1196	-33	156	-36	34	166	34	83468916	
-16258	-1484	-3741	-1914	-593	1187	-32	152	-34	35	171	35	83468916	
-16358	-1570	-3600	-1859	-525	1186	-34	154	-34	36	176	36	83468916	
-16369	-1627	-3533	-1810	-471	1176	-37	157	-33	37	181	37	83468920	
-16406	-1700	-3537	-1789	-434	1147	-37	158	-36	38	186	38	83468936	
-16417	-1731	-3510	-1788	-411	1117	-38	160	-40	39	191	39	83468952	
-16358	-1748	-3519	-1826	-403	1081	-39	159	-38	40	196	40	83468953	
-16321	-1792	-3503	-1915	-418	1044	-40	158	-36	41	201	41	83468953	
-16368	-1790	-3491	-2033	-449	985	-42	157	-34	42	206	42	83468953	
-16372	-1776	-3447	-2188	-495	917	-43	157	-33	43	211	43	83468953	
-16374	-1691	-3421	-2345	-534	852	-36	156	-32	44	216	44	83468953	
-16404	-1620	-3445	-2495	-569	782	-32	156	-32	45	221	45	83468953	
-16446	-1590	-3431	-2637	-602	702	-40	158	-33	46	226	46	83468953	
-16523	-1473	-3426	-2776	-634	600	-45	159	-33	47	231	47	83468953	
-16584	-1394	-3383	-2931	-664	485	-43	159	-31	48	236	48	83468970	
-16645	-1334	-3389	-3120	-684	349	-41	159	-29	49	241	49	83468988	
-16738	-1212	-3256	-3310	-685	222	-40	155	-36	50	246	50	83468990	
-16812	-1175	-3228	-3506	-669	105	-40	154	-38	51	251	51	83468990	
-16879	-1073	-3206	-3695	-651	8	-37	160	-41	52	256	52	83468990	
-16937	-920	-3147	-3857	-650	-98	-36	162	-42	53	261	53	83468990	
-16999	-864	-3108	-4007	-658	-207	-35	158	-38	54	266	54	83468990	
-17018	-738	-3105	-4108	-666	-313	-35	157	-37	55	271	55	83468998	
-17039	-596	-3082	-4120	-665	-420	-42	159	-35	56	276	56	83469022	
-17128	-328	-3126	-4082	-674	-527	-44	160	-34	57	281	57	83469027	
-17116	-228	-3082	-3958	-665	-609	-41	155	-29	58	286	58	83469027	
-17128	-76	-3166	-3780	-632	-691	-41	155	-29	59	291	59	83469027	
-17126	118	-3244	-3548	-598	-759	-39	153	-33	60	296	60	83469028	
-17180	290	-3324	-3239	-555	-806	-39	153	-33	61	301	61	83469028	
-17102	416	-3392	-2880	-485	-837	-38	154	-36	62	306	62	83469028	
-17084	468	-3460	-2495	-425	-848	-38	154	-36	63	311	63	83469038	
-16956	596	-3460	-2077	-373	-826	-43	159	-33	64	316	64	83469065	
-16912	506	-3546	-1675	-352	-794	-43	159	-33	65	321	65	83469065	
-16774	442	-3554	-1197	-328	-710	-41	155	-31	66	326	66	83469065	
-16640	406	-3750	-815	-318	-621	-40	155	-31	67	331	67	83469065	
-16596	280	-3828	-480	-320	-512	-37	157	-33	68	336	68	83469065	
-16460	100	-3918	-185	-337	-412	-37	156	-32	69	341	69	83469065	
-16357	-68	-3964	51	-363	-302	-36	154	-30	70	346	70	83469076	
-16244	-374	-3988	234	-396	-189	-37	155	-31	71	351	71	83469120	
-16233	-632	-4118	332	-424	-98	-39	159	-33	72	356	72	83469120	
-16165	-809	-4126	363	-430	-22	-40	158	-35	73	361	73	83469120	
-16176	-1047	-4112	336	-424	30	-42	154	-42	74	366	74	83469120	
-16224	-1264	-4126	217	-395	65	-41	156	-38	75	371	75	83469120	
-16234	-1410	-4062	53	-360	90	-40	160	-32	76	376	76	83469120	
-16238	-1496	-4058	-137	-317	114	-42	158	-33	77	381	77	83469126	
-16236	-1504	-4031	-345	-283	138	-44	154	-34	78	386	78	83469147	
-16189	-1489	-3966	-564	-261	169	-42	155	-34	79	391	79	83469163	
-16154	-1529	-3849	-771	-254	200	-40	156	-34	80	396	80	83469163	
-16198	-1514	-3777	-956	-259	225	-40	155	-34	81	401	81	83469163	
-16230	-1481	-3703	-1135	-262	255	-39	153	-35	82	406	82	83469163	
-16238	-1456	-3548	-1273	-262	278	-41	155	-31	83	411	83	83469163	
-16209	-1398	-3510	-1372	-261	303	-43	157	-29	84	416	84	83469163	
-16143	-1360	-3481	-1448	-252	317	-38	157	-33	85	421	85	83469163	
-16117	-1317	-3354	-1514	-249	311	-35	157	-35	86	426	86	83469163	
-16110	-1292	-3284	-1569	-259	292	-42	156	-39	87	431	87	83469163	
-16156	-1320	-3189	-1605	-271	263	-46	156	-42	88	436	88	83469163	
-16228	-1313	-3058	-1639	-283	223	-43	157	-38	89	441	89	83469180	
-16296	-1306	-3024	-1653	-279	180	-41	157	-35	90	446	90	83469208	
-16317	-1278	-3025	-1651	-262	130	-38	156	-31	91	451	91	83469221	
-16352	-1349	-3025	-1660	-230	82	-37	155	-29	92	456	92	83469222	
-16325	-1279	-2932	-1665	-185	31	-36	156	-35	93	461	93	83469222	
-16281	-1258	-2927	-1644	-157	-35	-36	156	-36	94	466	94	83469223	
-16226	-1285	-2791	-1636	-127	-94	-38	155	-34	95	471	95	83469223	
-16158	-1273	-2793	-1617	-115	-144	-39	155	-33	96	476	96	83469223	
-16114	-1180	-2730	-1594	-98	-197	-37	157	-31	97	481	97	83469234	
-16165	-1134	-2634	-1565	-85	-248	-37	157	-31	98	486	98	83469238	
-16060	-1114	-2560	-1508	-88	-309	-43	163	-31	99	491	99	83469239	
-16044	-1024	-2554	-1456	-75	-346	-43	163	-31	100	496	100	83469239	
-16076	-1036	-2526	-1376	-79	-378	-39	159	-35	101	501	101	83469239	
-16082	-936	-2502	-1290	-89	-403	-39	159	-35	102	506	102	83469239	
-16084	-1012	-2422	-1205	-95	-431	-44	158	-30	103	511	103	83469240	
-16100	-1054	-2430	-1119	-106	-460	-44	158	-30	104	516	104	83469240	
-16178	-1096	-2512	-1034	-100	-482	-41	157	-35	105	521	105	83469257	
-16188	-1090	-2534	-960	-102	-520	-41	157	-35	106	526	106	83469275	
-16238	-1134	-2420	-877	-91	-554	-40	154	-40	107	531	107	83469275	
-16368	-1122	-2428	-793	-70	-588	-40	154	-40	108	536	108	83469275	
-16432	-1214	-2516	-736	-50	-633	-46	152	-40	109	541	109	83469275	
-16448	-1250	-2532	-682	-17	-670	-46	152	-40	110	546	110	83469278	
-16566	-1238	-2464	-634	22	-703	-39	155	-35	111	551	111	83469278	
-16610	-1192	-2536	-602	69	-739	-39	155	-35	112	556	112	83469279	
-16668	-1226	-2434	-560	117	-760	-37	159	-33	113	561	113	83469299	
-16700	-1242	-2434	-547	149	-783	-37	159	-33	114	566	114	83469321	
-16718	-1224	-2426	-510	191	-812	-46	152	-32	115	571	115	83469321	
-16689	-1178	-2549	-472	222	-822	-45	152	-32	116	576	116	83469321	
-16728	-1206	-2606	-452	232	-837	-42	154	-32	117	581	117	83469321	
-16746	-1162	-2569	-441	251	-851	-42	154	-33	118	586	118	83469321	
-16755	-1214	-2492	-421	264	-861	-43	153	-35	119	591	119	83469323	
-16769	-1199	-2520	-404	272	-857	-43	154	-35	120	596	120	83469336	
-16778	-1172	-2550	-402	283	-837	-41	159	-35	121	601	121	83469358	
-16796	-1226	-2554	-396	292	-827	-40	159	-34	122	606	122	83469358	
-16798	-1276	-2484	-397	308	-824	-38	158	-30	123	611	123	83469358	
-16724	-1216	-2508	-400	329	-818	-39	157	-31	124	616	124	83469358	
-16672	-1176	-2512	-417	355	-808	-40	154	-34	125	621	125	83469359	
-16602	-1157	-2482	-419	362	-809	-39	156	-33	126	626	126	83469367	
-16518	-1091	-2417	-435	365	-815	-38	158	-32	127	631	127	83469385	
-16441	-1021	-2448	-454	375	-823	-40	158	-35	128	636	128	83469396	
-16356	-938	-2399	-459	378	-832	-42	158	-40	129	641	129	83469396	
-16313	-834	-2324	-446	377	-838	-40	159	-39	130	646	130	83469396	
-16314	-740	-2255	-398	383	-841	-37	161	-37	131	651	131	83469396	
-16327	-645	-2183	-294	424	-851	-39	156	-33	132	656	132	83469397	
-16354	-530	-2150	-154	496	-846	-40	150	-28	133	661	133	83469397	
-16411	-481	-2126	31	581	-827	-39	152	-30	134	666	134	83469397	
-16412	-500	-2046	265	698	-798	-38	154	-32	135	671	135	83469397	
-16386	-538	-1937	527	824	-775	-40	153	-33	136	676	136	83469402	
-16361	-591	-1938	786	933	-753	-41	153	-33	137	681	137	83469423	
-16343	-688	-1938	1046	1029	-719	-42	154	-36	138	686	138	83469435	
-16288	-765	-1869	1298	1106	-681	-42	154	-38	139	691	139	83469435	
-16276	-822	-1903	1542	1162	-629	-38	156	-36	140	696	140	83469435	
-16253	-955	-1959	1792	1198	-570	-36	158	-34	141	701	141	83469435	
-16269	-1038	-1968	1976	1217	-531	-40	162	-36	142	706	142	83469435	
-16342	-1135	-1933	2144	1247	-490	-41	163	-37	143	711	143	83469435	
-16291	-1190	-1937	2308	1314	-443	-39	157	-36	144	716	144	83469442	
-16300	-1355	-1966	2459	1389	-396	-38	156	-36	145	721	145	83469466	
-16320	-1416	-2002	2614	1454	-355	-39	160	-35	146	726	146	83469472	
-16318	-1531	-1965	2733	1510	-327	-39	161	-35	147	731	147	83469472	
-16374	-1699	-1855	2795	1576	-314	-39	159	-37	148	736	148	83469473	
-16306	-1862	-1948	2778	1643	-296	-39	159	-37	149	741	149	83469473	
-16314	-1940	-1968	2706	1665	-290	-49	155	-29	150	746	150	83469473	
-16354	-2002	-1962	2597	1682	-271	-49	155	-29	151	751	151	83469473	
-16404	-2276	-1950	2440	1682	-245	-38	156	-42	152	756	152	83469500	
-16528	-2400	-2020	2179	1701	-241	-38	156	-42	153	761	153	83469520	
-16574	-2358	-2016	1842	1704	-232	-41	159	-39	154	766	154	83469520	
-16660	-2288	-2048	1606	1715	-210	-41	159	-39	155	771	155	83469520	
-16746	-2366	-2050	1455	1728	-177	-37	163	-41	156	776	156	83469520	
-16748	-2316	-2038	1224	1749	-170	-37	163	-41	157	781	157	83469520	
-16739	-2081	-2073	991	1813	-154	-35	159	-35	158	786	158	83469520	
-16802	-1915	-2070	880	1897	-120	-37	159	-36	159	791	159	83469527	
-16751	-1828	-2052	792	1950	-79	-44	158	-40	160	796	160	83469556	
-16731	-1736	-1960	696	2031	-36	-43	157	-40	161	801	161	83469556	
-16717	-1634	-1882	617	2124	26	-41	155	-39	162	806	162	83469556	
-16676	-1526	-1791	587	2193	95	-40	155	-39	163	811	163	83469556	
-16685	-1462	-1906	623	2245	181	-36	154	-40	164	816	164	83469556	
-16775	-1458	-1971	709	2302	277	-38	155	-39	165	821	165	83469556	
-16754	-1345	-1938	814	2392	349	-43	159	-37	166	826	166	83469562	
-16813	-1291	-1964	917	2500	395	-40	161	-37	167	831	167	83469581	
-16916	-1239	-1952	1058	2616	412	-36	164	-38	168	836	168	83469598	
-16943	-1197	-1976	1234	2772	414	-38	163	-38	169	841	169	83469598	
-16979	-1165	-1973	1427	2923	424	-42	162	-38	170	846	170	83469598	
-17130	-1079	-2098	1606	2995	423	-42	160	-40	171	851	171	83469598	
-17300	-1003	-2234	1782	3052	428	-42	158	-42	172	856	172	83469598	
-17394	-942	-2318	1985	3165	477	-41	157	-42	173	861	173	83469598	
-17396	-893	-2472	2223	3300	560	-39	155	-41	174	866	174	83469599	
-17328	-740	-2609	2386	3440	656	-40	159	-41	175	871	175	83469621	
-17232	-591	-2630	2514	3530	749	-41	161	-41	176	876	176	83469658	
-17228	-500	-2671	2677	3517	805	-39	162	-45	177	881	177	83469690	
-17310	-330	-2802	2863	3403	821	-37	163	-47	178	886	178	83469707	
-17395	-209	-2940	3076	3271	819	-38	158	-48	179	891	179	83469713	
-17537	-183	-3048	3284	3142	789	-39	155	-49	180	896	180	83469716	
-17775	-98	-3156	3490	3029	733	-39	159	-48	181	901	181	83469716	
-17913	-106	-3306	3764	2971	684	-39	161	-47	182	906	182	83469716	
-17935	-126	-3511	4033	2973	666	-37	158	-47	183	911	183	83469716	
-17901	-192	-3624	4261	2961	622	-37	157	-47	184	916	184	83469716	
-17942	-77	-3765	4482	2897	570	-39	156	-45	185	921	185	83469716	
-17866	-110	-3943	4704	2801	525	-40	156	-44	186	926	186	83469716	
-17969	-70	-4170	4873	2616	501	-43	159	-47	187	931	187	83469716	
-18075	14	-4452	5053	2469	506	-44	160	-48	188	936	188	83469716	
-18113	91	-4750	5232	2434	552	-36	162	-48	189	941	189	83469716	
-17960	168	-4940	5388	2463	636	-34	162	-48	190	946	190	83469716	
-17710	192	-5138	5560	2524	769	-40	156	-46	191	951	191	83469716	
-17586	266	-5360	5717	2485	924	-40	156	-46	192	956	192	83469716	
-17508	280	-5520	5843	2308	1073	-38	158	-54	193	961	193	83469717	
-17392	250	-5678	5939	2161	1217	-38	158	-54	194	966	194	83469717	
-17072	338	-5884	5982	2042	1394	-40	160	-50	195	971	195	83469717	
-16512	584	-6082	5959	1996	1618	-40	160	-50	196	976	196	83469717	
-15992	798	-6090	5888	1886	1847	-35	159	-49	197	981	197	83469718	
-15762	1114	-6076	5810	1569	2103	-35	159	-49	198	986	198	83469719	
-15809	1576	-6076	5886	988	2342	-41	157	-49	199	991	199	83469748	
-16156	1909	-6119	6209	529	2523	-41	158	-48	200	996	200	83469762	
-16529	2124	-6289	6709	183	2714	-41	161	-45	201	1001	201	83469762	
-16788	2012	-6386	7275	17	2952	-41	161	-46	202	1006	202	83469762	
-16925	1821	-6465	7926	30	3139	-43	159	-51	203	1011	203	83469762	
-17051	1437	-6633	8600	181	3256	-43	159	-51	204	1016	204	83469762	
-16824	930	-6839	9194	444	3407	-41	157	-49	205	1021	205	83469762	
-16649	513	-6986	9713	774	3505	-42	158	-50	206	1026	206	83469767	
-16549	34	-7067	10051	1033	3591	-46	160	-52	207	1031	207	83469787	
-16438	-408	-7279	10283	1236	3624	-42	160	-52	208	1036	208	83469806	
-16383	-830	-7551	10366	1405	3666	-35	161	-51	209	1041	209	83469806	
-16236	-1257	-7693	10238	1570	3713	-39	162	-51	210	1046	210	83469806	
-16120	-1607	-7955	10088	1722	3664	-44	164	-50	211	1051	211	83469807	
-16023	-1860	-8245	9869	1926	3607	-45	162	-50	212	1056	212	83469807	
-15900	-2174	-8447	9529	2077	3581	-46	160	-50	213	1061	213	83469807	
-15772	-2490	-8578	9091	2121	3505	-45	162	-51	214	1066	214	83469807	
-15765	-2652	-8830	8558	2084	3381	-44	164	-52	215	1071	215	83469807	
-15782	-2796	-9078	7865	2014	3299	-47	162	-54	216	1076	216	83469807	
-15879	-2938	-9226	7142	1922	3203	-52	158	-58	217	1081	217	83469825	
-16026	-3034	-9448	6475	1827	3058	-52	161	-57	218	1086	218	83469852	
-16194	-3152	-9715	5863	1738	2887	-51	165	-55	219	1091	219	83469853	
-16346	-3246	-9999	5304	1677	2732	-50	162	-55	220	1096	220	83469853	
-16482	-3309	-10112	4824	1623	2616	-48	158	-56	221	1101	221	83469854	
-16638	-3380	-10143	4440	1535	2507	-46	159	-56	222	1106	222	83469854	
-16783	-3472	-10270	4161	1384	2407	-43	161	-55	223	1111	223	83469855	
-16925	-3545	-10329	3990	1164	2298	-43	162	-58	224	1116	224	83469855	
-17089	-3632	-10507	3940	937	2211	-42	162	-60	225	1121	225	83469860	
-17186	-3738	-10701	3926	730	2189	-47	160	-55	226	1126	226	83469886	
-17186	-3920	-10866	3840	516	2197	-51	159	-51	227	1131	227	83469902	
-17204	-4027	-11043	3734	310	2200	-52	156	-55	228	1136	228	83469903	
-17157	-4092	-11155	3622	132	2207	-52	154	-58	229	1141	229	83469903	
-17018	-4186	-11346	3449	-21	2221	-53	158	-57	230	1146	230	83469903	
-16832	-4279	-11520	3189	-151	2210	-54	160	-56	231	1151	231	83469903	
-16663	-4376	-11599	2790	-307	2168	-51	160	-53	232	1156	232	83469903	
-16509	-4478	-11740	2378	-475	2117	-50	160	-52	233	1161	233	83469903	
-16328	-4620	-11790	1869	-643	2043	-57	164	-59	234	1166	234	83469903	
-16044	-4736	-11866	1258	-771	1946	-59	165	-61	235	1171	235	83469909	
-15755	-4820	-11855	522	-877	1836	-52	163	-52	236	1176	236	83469943	
-15418	-4855	-11869	-260	-955	1713	-50	162	-50	237	1181	237	83469951	
-15046	-4663	-11768	-1075	-1018	1543	-52	157	-55	238	1186	238	83469951	
-14698	-4409	-11622	-1958	-1052	1464	-52	156	-56	239	1191	239	83469951	
-14406	-4089	-11459	-2885	-1104	1444	-55	162	-54	240	1196	240	83469951	
-13972	-3562	-11102	-3881	-1169	1373	-56	164	-54	241	1201	241	83469952	
-13734	-3126	-10688	-4455	-1183	1271	-52	162	-56	242	1206	242	83469952	
-13694	-2648	-10506	-4805	-1132	1132	-52	162	-56	243	1211	243	83469952	
-13562	-2128	-10208	-4991	-1013	982	-51	161	-57	244	1216	244	83469952	
-13564	-1672	-9856	-5018	-848	856	-51	161	-57	245	1221	245	83469988	
-13552	-1246	-9582	-4902	-672	754	-59	153	-53	246	1226	246	83469989	
-13498	-942	-9250	-4682	-514	669	-59	153	-53	247	1231	247	83469989	
-13460	-646	-9052	-4377	-342	592	-51	159	-49	248	1236	248	83469989	
-13443	-376	-8763	-3857	-123	513	-51	158	-49	249	1241	249	83469989	
-13443	-288	-8608	-3346	37	464	-51	153	-51	250	1246	250	83469989	
-13521	-299	-8446	-2776	215	431	-52	155	-52	251	1251	251	83469989	
-13522	-260	-8302	-2167	373	398	-55	165	-55	252	1256	252	83469994	
-13507	-333	-8214	-1541	526	392	-55	164	-54	253	1261	253	83470017	
-13487	-504	-8144	-917	638	397	-54	160	-52	254	1266	254	83470025	
-13434	-798	-8144	-273	694	421	-56	160	-54	255	1271	255	83470025	
-13454	-1052	-8099	328	689	443	-65	159	-61	256	1276	256	83470025	
-13440	-1408	-8185	913	646	461	-64	158	-61	257	1281	257	83470025	
-13492	-1794	-8214	1467	546	476	-59	155	-61	258	1286	258	83470025	
-13614	-2135	-8250	1849	421	466	-58	156	-57	259	1291	259	83470025	
-13755	-2481	-8295	2117	295	447	-56	158	-52	260	1296	260	83470025	
-13794	-2862	-8394	2250	227	430	-58	160	-51	261	1301	261	83470025	
-13738	-3175	-8396	2213	215	415	-60	164	-50	262	1306	262	83470038	
-13677	-3445	-8365	2032	180	397	-60	165	-51	263	1311	263	83470074	
-13560	-3697	-8371	1784	98	346	-61	167	-53	264	1316	264	83470102	
-13416	-3871	-8379	1421	-33	263	-61	171	-53	265	1321	265	83470102	
-13346	-3959	-8384	947	-182	164	-60	174	-52	266	1326	266	83470103	
-13365	-3968	-8456	431	-318	66	-57	167	-53	267	1331	267	83470103	
-13368	-3901	-8508	-162	-478	-24	-55	163	-53	268	1336	268	83470103	
-13429	-3826	-8530	-785	-669	-101	-56	160	-54	269	1341	269	83470109	
-13468	-3715	-8530	-1401	-865	-172	-56	158	-54	270	1346	270	83470130	
-13461	-3600	-8571	-1972	-1074	-244	-59	157	-51	271	1351	271	83470142	
-13596	-3457	-8550	-2519	-1265	-337	-61	157	-49	272	1356	272	83470142	
-13724	-3277	-8438	-3030	-1424	-448	-60	158	-54	273	1361	273	83470143	
-13954	-3143	-8460	-3502	-1564	-590	-59	159	-57	274	1366	274	83470143	
-14139	-2943	-8492	-3874	-1636	-744	-59	162	-54	275	1371	275	83470143	
-14315	-2746	-8414	-4181	-1679	-897	-59	163	-53	276	1376	276	83470143	
-14477	-2478	-8436	-4387	-1692	-1057	-60	164	-54	277	1381	277	83470143	
-14655	-2298	-8449	-4521	-1687	-1207	-60	164	-54	278	1386	278	83470143	
-14702	-2030	-8413	-4634	-1699	-1332	-59	163	-50	279	1391	279	83470149	
-14779	-1756	-8455	-4682	-1725	-1454	-59	163	-49	280	1396	280	83470172	
-14846	-1496	-8494	-4686	-1763	-1552	-61	160	-52	281	1401	281	83470178	
-14942	-1218	-8594	-4631	-1780	-1656	-61	159	-53	282	1406	282	83470178	
-15030	-954	-8526	-4545	-1772	-1730	-57	159	-47	283	1411	283	83470178	
-15048	-650	-8542	-4398	-1748	-1781	-57	159	-47	284	1416	284	83470178	
-15122	-356	-8484	-4185	-1728	-1815	-62	164	-50	285	1421	285	83470178	
-15196	-244	-8490	-3958	-1734	-1801	-62	164	-50	286	1426	286	83470178	
-15288	-52	-8454	-3699	-1738	-1760	-64	162	-52	287	1431	287	83470178	
-15330	78	-8422	-3420	-1740	-1687	-64	162	-52	288	1436	288	83470179	
-15344	58	-8436	-3135	-1728	-1589	-50	162	-48	289	1441	289	83470179	
-15372	106	-8380	-2877	-1707	-1498	-50	162	-48	290	1446	290	83470179	
-15401	143	-8318	-2603	-1642	-1412	-61	163	-49	291	1451	291	83470181	
-15466	167	-8242	-2380	-1578	-1337	-60	161	-48	292	1456	292	83470191	
-15464	214	-8158	-2184	-1496	-1268	-55	155	-45	293	1461	293	83470207	
-15346	214	-8014	-2009	-1407	-1167	-56	156	-47	294	1466	294	83470213	
-15251	170	-8020	-1823	-1317	-1047	-60	160	-54	295	1471	295	83470214	
-15173	90	-8027	-1652	-1250	-940	-61	160	-53	296	1476	296	83470214	
-15068	36	-8076	-1483	-1209	-858	-63	161	-51	297	1481	297	83470214	
-14951	-40	-8076	-1319	-1182	-811	-62	162	-50	298	1486	298	83470214	
-14932	-122	-8137	-1160	-1175	-760	-58	164	-46	299	1491	299	83470214	
-14970	-247	-8127	-963	-1165	-687	-58	165	-48	300	1496	300	83470226	
-15036	-347	-8104	-744	-1143	-591	-58	166	-50	301	1501	301	83470254	
-15017	-428	-8139	-506	-1121	-481	-59	166	-47	302	1506	302	83470267	
-14961	-514	-8112	-261	-1124	-370	-61	165	-43	303	1511	303	83470267	
-14952	-630	-8010	-25	-1164	-259	-59	164	-42	304	1516	304	83470267	
-14948	-824	-7946	197	-1230	-146	-55	163	-41	305	1521	305	83470267	
-14916	-959	-7912	365	-1323	-46	-56	165	-43	306	1526	306	83470267	
-14910	-1169	-7985	484	-1442	82	-57	167	-47	307	1531	307	83470272	
-14850	-1440	-8047	525	-1538	198	-60	162	-43	308	1536	308	83470293	
-14769	-1675	-8055	480	-1583	268	-62	158	-40	309	1541	309	83470305	
-14688	-1868	-8059	405	-1581	290	-60	163	-42	310	1546	310	83470305	
-14591	-1936	-8023	274	-1558	279	-58	166	-44	311	1551	311	83470306	
-14525	-1962	-7948	101	-1554	282	-56	166	-45	312	1556	312	83470306	
-14440	-2065	-7878	-121	-1597	289	-54	166	-46	313	1561	313	83470307	
-14333	-2152	-7757	-425	-1661	280	-56	165	-44	314	1566	314	83470307	
-14290	-2196	-7634	-766	-1739	264	-58	164	-42	315	1571	315	83470307	
-14336	-2281	-7515	-1164	-1823	205	-55	164	-47	316	1576	316	83470327	
-14296	-2238	-7397	-1529	-1888	115	-54	164	-48	317	1581	317	83470336	
-14324	-2272	-7296	-1840	-1934	20	-60	158	-42	318	1586	318	83470336	
-14360	-2298	-7132	-2149	-1967	-77	-62	156	-40	319	1591	319	83470336	
-14468	-2222	-7011	-2436	-2004	-182	-59	159	-43	320	1596	320	83470336	
-14568	-2258	-6921	-2676	-2053	-277	-58	160	-44	321	1601	321	83470337	
-14639	-2139	-6890	-2905	-2115	-389	-55	168	-44	322	1606	322	83470337	
-14737	-2095	-6761	-3097	-2141	-501	-54	170	-44	323	1611	323	83470337	
-14840	-1972	-6648	-3329	-2110	-691	-58	166	-50	324	1616	324	83470337	
-14948	-1926	-6476	-3548	-2074	-877	-58	166	-50	325	1621	325	83470337	
-15132	-1746	-6406	-3784	-2031	-1085	-57	165	-43	326	1626	326	83470357	
-15246	-1628	-6510	-3968	-2009	-1287	-57	165	-43	327	1631	327	83470385	
-15420	-1534	-6436	-4089	-1992	-1461	-52	164	-44	328	1636	328	83470385	
-15567	-1414	-6373	-4171	-1953	-1593	-52	164	-44	329	1641	329	83470385	
-15783	-1315	-6291	-4225	-1895	-1740	-55	162	-42	330	1646	330	83470385	
-15998	-1256	-6189	-4240	-1822	-1919	-56	162	-42	331	1651	331	83470385	
-16286	-1232	-6012	-4239	-1713	-2135	-65	169	-37	332	1656	332	83470385	
-16400	-1070	-5938	-4218	-1632	-2305	-65	169	-37	333	1661	333	83470394	
-16482	-1046	-5880	-4219	-1498	-2485	-54	166	-38	334	1666	334	83470420	
-16540	-952	-5736	-4211	-1382	-2677	-54	166	-38	335	1671	335	83470421	
-16578	-868	-5618	-4213	-1340	-2871	-57	161	-35	336	1676	336	83470421	
-16644	-730	-5684	-4237	-1393	-3052	-57	161	-35	337	1681	337	83470421	
-16762	-464	-5646	-4286	-1508	-3202	-56	166	-40	338	1686	338	83470434	
-16858	-196	-5880	-4327	-1642	-3310	-56	166	-40	339	1691	339	83470463	
-17014	-96	-5768	-4348	-1798	-3394	-65	159	-39	340	1696	340	83470463	
-17167	-19	-5908	-4351	-1969	-3462	-63	160	-39	341	1701	341	83470463	
-17305	55	-5949	-4314	-2079	-3512	-55	163	-41	342	1706	342	83470463	
-17360	155	-5952	-4270	-2123	-3571	-54	164	-41	343	1711	343	83470463	
-17368	218	-5949	-4198	-2128	-3631	-51	167	-39	344	1716	344	83470463	
-17376	244	-6056	-4119	-2111	-3658	-51	167	-39	345	1721	345	83470463	
-17370	312	-5983	-4053	-2076	-3658	-51	165	-39	346	1726	346	83470463	
-17375	390	-5977	-3981	-2033	-3615	-51	166	-39	347	1731	347	83470463	
-17297	436	-5922	-3872	-1988	-3552	-53	169	-39	348	1736	348	83470467	
-17158	539	-5865	-3757	-1934	-3493	-53	169	-39	349	1741	349	83470491	
-17016	652	-5860	-3576	-1862	-3389	-53	167	-37	350	1746	350	83470512	
-16896	793	-5873	-3386	-1821	-3260	-53	164	-34	351	1751	351	83470512	
-16731	924	-5868	-3170	-1810	-3112	-54	160	-30	352	1756	352	83470512	
-16553	1000	-5919	-2912	-1810	-2953	-52	163	-32	353	1761	353	83470512	
-16469	1039	-6006	-2579	-1841	-2774	-50	168	-34	354	1766	354	83470512	
-16365	1008	-6088	-2238	-1874	-2567	-50	167	-35	355	1771	355	83470513	
-16251	912	-6159	-1913	-1884	-2332	-50	166	-36	356	1776	356	83470513	
-16186	802	-6130	-1557	-1898	-2038	-50	167	-36	357	1781	357	83470541	
-16162	602	-6060	-1196	-1890	-1726	-50	168	-36	358	1786	358	83470582	
-16162	312	-6071	-884	-1834	-1455	-48	169	-34	359	1791	359	83470592	
-16156	3	-6142	-614	-1715	-1205	-47	169	-33	360	1796	360	83470592	
-16114	-210	-6130	-425	-1530	-1000	-48	168	-34	361	1801	361	83470592	
-16004	-426	-6060	-251	-1337	-843	-49	167	-35	362	1806	362	83470593	
-15891	-690	-6057	-78	-1179	-720	-51	171	-39	363	1811	363	83470593	
-15918	-890	-6064	46	-1068	-601	-53	173	-41	364	1816	364	83470593	
-15983	-1126	-5983	111	-1009	-487	-53	171	-37	365	1821	365	83470593	
-15994	-1317	-5943	137	-963	-377	-53	169	-35	366	1826	366	83470593	
-16059	-1491	-5869	147	-905	-301	-48	166	-35	367	1831	367	83470593	
-16145	-1614	-5741	152	-837	-248	-47	165	-35	368	1836	368	83470593	
-16194	-1702	-5676	140	-765	-193	-49	167	-32	369	1841	369	83470593	
-16256	-1811	-5570	124	-719	-143	-49	167	-31	370	1846	370	83470593	
-16374	-1847	-5512	108	-707	-90	-47	171	-33	371	1851	371	83470594	
-16442	-1877	-5507	93	-708	-45	-46	172	-34	372	1856	372	83470594	
-16470	-1863	-5476	62	-723	10	-48	166	-32	373	1861	373	83470594	
-16556	-1868	-5450	8	-763	60	-48	164	-32	374	1866	374	83470594	
-16632	-1864	-5406	-43	-816	89	-50	168	-34	375	1871	375	83470625	
-16784	-1956	-5470	-76	-855	115	-50	168	-34	376	1876	376	83470625	
-16742	-1912	-5462	-78	-872	136	-49	167	-39	377	1881	377	83470625	
-16814	-2042	-5606	-67	-885	171	-49	167	-39	378	1886	378	83470625	
-16770	-2190	-5662	-83	-861	171	-53	169	-35	379	1891	379	83470625	
-16670	-2224	-5612	-149	-802	143	-53	169	-35	380	1896	380	83470625	
-16534	-2314	-5650	-266	-734	112	-49	171	-33	381	1901	381	83470625	
-16536	-2298	-5754	-429	-707	64	-49	171	-33	382	1906	382	83470634	
-16449	-2268	-5683	-654	-740	45	-50	168	-30	383	1911	383	83470662	
-16368	-2228	-5694	-836	-778	36	-51	167	-31	384	1916	384	83470663	
-16416	-2107	-5678	-985	-820	25	-55	165	-35	385	1921	385	83470663	
-16435	-2101	-5612	-1096	-866	18	-53	165	-35	386	1926	386	83470663	
-16399	-2038	-5594	-1179	-878	30	-47	167	-35	387	1931	387	83470663	
-16353	-1955	-5537	-1247	-855	28	-48	167	-33	388	1936	388	83470664	
-16278	-1924	-5396	-1323	-813	10	-50	166	-26	389	1941	389	83470669	
-16282	-1830	-5260	-1386	-776	-12	-51	167	-26	390	1946	390	83470694	
-16295	-1779	-5293	-1448	-759	-25	-53	171	-27	391	1951	391	83470713	
-16350	-1724	-5256	-1513	-731	-30	-53	171	-28	392	1956	392	83470713	
-16325	-1608	-5117	-1538	-692	-30	-53	171	-29	393	1961	393	83470713	
-16265	-1510	-5102	-1466	-663	-24	-51	169	-30	394	1966	394	83470713	
-16287	-1417	-5098	-1361	-640	-16	-48	166	-32	395	1971	395	83470714	
-16301	-1312	-5127	-1276	-626	0	-48	166	-32	396	1976	396	83470718	
-16312	-1206	-5155	-1189	-605	22	-49	165	-33	397	1981	397	83470734	
-16317	-1138	-5176	-1108	-596	43	-51	167	-34	398	1986	398	83470751	
-16381	-1062	-5228	-1035	-588	77	-54	170	-36	399	1991	399	83470751	
-16451	-936	-5292	-955	-566	125	-53	171	-34	400	1996	400	83470751	
-16498	-903	-5352	-890	-520	195	-53	171	-33	401	2001	401	83470752	
-16550	-945	-5351	-855	-440	271	-52	172	-32	402	2006	402	83470752	
-16504	-1036	-5386	-829	-343	337	-52	172	-32	403	2011	403	83470752	
-16450	-1032	-5430	-826	-249	392	-55	173	-33	404	2016	404	83470752	
-16402	-1004	-5470	-883	-190	442	-57	173	-33	405	2021	405	83470752	
-16356	-1020	-5492	-988	-191	490	-56	170	-29	406	2026	406	83470752	
-16327	-975	-5457	-1124	-217	529	-56	168	-26	407	2031	407	83470772	
-16302	-929	-5412	-1235	-204	562	-51	165	-29	408	2036	408	83470786	
-16324	-858	-5399	-1319	-164	569	-50	164	-30	409	2041	409	83470788	
-16268	-728	-5284	-1358	-117	576	-50	161	-35	410	2046	410	83470788	
-16297	-662	-5123	-1368	-73	588	-50	160	-36	411	2051	411	83470788	
-16295	-558	-5034	-1366	-51	609	-50	166	-33	412	2056	412	83470789	
-16316	-320	-4945	-1345	-40	630	-50	168	-32	413	2061	413	83470789	
-16324	-162	-4937	-1302	-32	654	-52	168	-32	414	2066	414	83470789	
-16396	-112	-4870	-1264	2	669	-52	168	-32	415	2071	415	83470819	
-16514	-64	-4736	-1217	84	689	-50	168	-32	416	2076	416	83470827	
-16496	36	-4818	-1165	194	689	-50	168	-32	417	2081	417	83470827	
-16554	58	-4750	-1088	350	682	-55	169	-37	418	2086	418	83470827	
-16566	164	-4810	-1005	471	659	-55	169	-37	419	2091	419	83470827	
-16680	250	-4798	-931	581	628	-54	172	-36	420	2096	420	83470827	
-16696	322	-4790	-846	671	612	-54	172	-36	421	2101	421	83470827	
-16736	402	-4792	-722	746	597	-55	169	-39	422	2106	422	83470836	
-16864	456	-4778	-543	833	609	-55	169	-39	423	2111	423	83470864	
-16777	645	-4808	-289	904	630	-56	162	-32	424	2116	424	83470864	
-16824	780	-4836	-78	942	666	-55	163	-33	425	2121	425	83470864	
-16904	827	-4848	123	973	699	-53	165	-37	426	2126	426	83470865	
-16888	860	-4886	298	1002	738	-54	165	-36	427	2131	427	83470865	
-16880	912	-5014	474	1042	780	-56	164	-34	428	2136	428	83470865	
-16945	1021	-5046	665	1092	828	-55	165	-34	429	2141	429	83470885	
-16980	1038	-5148	895	1140	878	-51	167	-35	430	2146	430	83470963	
-16988	1061	-5235	1145	1206	925	-51	167	-35	431	2151	431	83470963	
-16927	1055	-5405	1435	1303	1005	-51	169	-33	432	2156	432	83470963	
-16949	1046	-5441	1800	1409	1103	-51	168	-32	433	2161	433	83470963	
-16888	952	-5459	2130	1476	1196	-51	167	-31	434	2166	434	83470963	
-16807	828	-5584	2471	1504	1317	-52	169	-33	435	2171	435	83470963	
-16751	736	-5784	2809	1500	1449	-54	172	-36	436	2176	436	83470967	
-16612	603	-5961	3111	1477	1584	-53	172	-36	437	2181	437	83470991	
-16474	459	-6129	3353	1436	1715	-52	172	-36	438	2186	438	83471019	
-16342	379	-6335	3566	1383	1851	-51	171	-37	439	2191	439	83471020	
-16219	240	-6637	3846	1284	2001	-49	167	-39	440	2196	440	83471020	
-16128	39	-6916	4091	1132	2155	-53	167	-40	441	2201	441	83471020	
-16098	-84	-7225	4276	982	2294	-58	168	-42	442	2206	442	83471020	
-16088	-268	-7484	4452	863	2438	-58	170	-40	443	2211	443	83471020	
-16058	-431	-7648	4582	785	2564	-58	172	-36	444	2216	444	83471020	
-15969	-543	-7878	4668	728	2666	-57	171	-38	445	2221	445	83471020	
-15887	-704	-8035	4737	673	2756	-55	169	-41	446	2226	446	83471020	
-15833	-862	-8212	4738	609	2841	-55	170	-42	447	2231	447	83471020	
-15744	-947	-8320	4669	540	2921	-55	171	-43	448	2236	448	83471020	
-15622	-1040	-8389	4555	463	3024	-54	170	-41	449	2241	449	83471024	
-15479	-1122	-8458	4432	374	3135	-52	168	-38	450	2246	450	83471027	
-15420	-1128	-8430	4305	269	3230	-56	169	-37	451	2251	451	83471027	
-15311	-1180	-8442	4175	155	3320	-58	170	-36	452	2256	452	83471027	
-15180	-1134	-8361	4066	76	3400	-55	171	-37	453	2261	453	83471027	
-15046	-1070	-8276	3983	46	3471	-53	171	-37	454	2266	454	83471027	
-14907	-1113	-8169	3953	52	3526	-54	169	-41	455	2271	455	83471027	
-14837	-1122	-8090	3987	76	3582	-55	167	-43	456	2276	456	83471028	
-14839	-1168	-7971	4114	106	3651	-60	166	-42	457	2281	457	83471034	
-14865	-1302	-7729	4295	143	3705	-62	166	-42	458	2286	458	83471050	
-14851	-1408	-7492	4521	208	3752	-60	165	-41	459	2291	459	83471054	
-14862	-1577	-7212	4773	298	3791	-59	165	-41	460	2296	460	83471054	
-14855	-1771	-7005	5026	407	3816	-57	164	-42	461	2301	461	83471054	
-14858	-1973	-6734	5260	538	3810	-56	164	-42	462	2306	462	83471054	
-14799	-2195	-6558	5496	675	3802	-54	167	-40	463	2311	463	83471054	
-14707	-2446	-6394	5683	817	3783	-54	168	-40	464	2316	464	83471054	
-14574	-2727	-6274	5804	947	3745	-64	163	-45	465	2321	465	83471063	
-14532	-3026	-6104	5879	1059	3679	-66	162	-46	466	2326	466	83471091	
-14422	-3156	-6142	5902	1099	3588	-63	163	-45	467	2331	467	83471091	
-14296	-3260	-6050	5912	1084	3495	-63	163	-45	468	2336	468	83471091	
-14352	-3400	-6140	5888	1042	3384	-59	157	-49	469	2341	469	83471091	
-14412	-3488	-6156	5800	960	3273	-59	157	-49	470	2346	470	83471091	
-14384	-3700	-6240	5678	865	3159	-63	163	-45	471	2351	471	83471091	
-14442	-3772	-6402	5516	757	3044	-63	163	-45	472	2356	472	83471091	
-14470	-3872	-6378	5248	640	2889	-63	165	-37	473	2361	473	83471092	
-14384	-3958	-6483	4875	475	2711	-62	165	-38	474	2366	474	83471094	
-14380	-4004	-6531	4539	333	2547	-59	165	-41	475	2371	475	83471107	
-14322	-3986	-6650	4143	169	2395	-60	165	-43	476	2376	476	83471128	
-14296	-3934	-6714	3736	-35	2230	-64	164	-50	477	2381	477	83471128	
-14255	-3969	-6786	3310	-245	2045	-64	164	-49	478	2386	478	83471128	
-14264	-3848	-6822	2802	-466	1845	-63	165	-47	479	2391	479	83471128	
-14403	-3669	-6988	2326	-677	1630	-63	164	-46	480	2396	480	83471128	
-14410	-3496	-7050	1909	-864	1403	-62	162	-44	481	2401	481	83471128	
-14522	-3371	-7109	1502	-1014	1145	-63	161	-44	482	2406	482	83471134	
-14591	-3140	-7141	1092	-1159	862	-64	158	-44	483	2411	483	83471159	
-14704	-2880	-7177	815	-1266	610	-63	157	-44	484	2416	484	83471177	
-14795	-2727	-7190	594	-1328	378	-62	156	-44	485	2421	485	83471177	
-14813	-2460	-7228	407	-1349	164	-62	160	-43	486	2426	486	83471177	
-14810	-2164	-7210	257	-1369	-37	-61	167	-41	487	2431	487	83471177	
-14834	-1879	-7221	177	-1409	-222	-63	167	-42	488	2436	488	83471177	
-14887	-1666	-7308	133	-1465	-390	-66	166	-44	489	2441	489	83471177	
-14900	-1469	-7393	96	-1535	-541	-60	167	-45	490	2446	490	83471205	
-15000	-1260	-7525	72	-1619	-655	-54	168	-46	491	2451	491	83471233	
-15064	-1074	-7573	78	-1699	-728	-56	172	-43	492	2456	492	83471234	
-15109	-941	-7667	125	-1757	-778	-57	175	-41	493	2461	493	83471235	
-15198	-839	-7725	197	-1792	-799	-58	168	-44	494	2466	494	83471235	
-15261	-700	-7797	292	-1813	-794	-58	164	-46	495	2471	495	83471235	
-15321	-598	-7863	429	-1834	-780	-62	162	-40	496	2476	496	83471235	
-15400	-585	-7950	595	-1864	-754	-64	160	-36	497	2481	497	83471235	
-15490	-563	-7933	763	-1884	-722	-64	160	-37	498	2486	498	83471235	
-15557	-481	-8005	970	-1894	-667	-64	160	-38	499	2491	499	83471240	
-15656	-404	-8092	1165	-1881	-597	-66	165	-41	500	2496	500	83471262	
-15744	-409	-8106	1317	-1846	-532	-66	166	-42	501	2501	501	83471267	
-15718	-400	-8253	1451	-1790	-454	-60	174	-40	502	2506	502	83471267	
-15729	-386	-8244	1572	-1732	-362	-58	176	-40	503	2511	503	83471267	
-15689	-336	-8269	1656	-1694	-265	-62	170	-44	504	2516	504	83471267	
-15728	-313	-8329	1708	-1664	-163	-63	169	-45	505	2521	505	83471267	
-15746	-244	-8382	1737	-1664	-73	-65	162	-41	506	2526	506	83471267	
-15906	-196	-8444	1773	-1693	45	-66	160	-40	507	2531	507	83471268	
-15958	-156	-8544	1812	-1701	175	-55	165	-35	508	2536	508	83471268	
-15882	-138	-8460	1856	-1622	317	-55	165	-35	509	2541	509	83471276	
-15788	16	-8424	1910	-1518	488	-58	164	-46	510	2546	510	83471327	
-15562	18	-8280	1987	-1426	649	-58	164	-46	511	2551	511	83471327	
-15518	-48	-8260	2103	-1414	813	-62	172	-30	512	2556	512	83471327	
-15528	-138	-8182	2250	-1463	941	-62	172	-30	513	2561	513	83471327	
-15582	-232	-8132	2401	-1530	1063	-54	166	-42	514	2566	514	83471327	
-15534	-230	-8196	2551	-1556	1173	-54	166	-42	515	2571	515	83471327	
-15488	-332	-8214	2718	-1531	1306	-56	166	-42	516	2576	516	83471328	
-15439	-404	-8137	2894	-1472	1408	-56	167	-41	517	2581	517	83471330	
-15380	-486	-8098	3120	-1403	1500	-57	169	-37	518	2586	518	83471343	
-15413	-590	-8171	3395	-1347	1572	-57	168	-38	519	2591	519	83471371	
-15382	-761	-8254	3700	-1296	1628	-58	162	-40	520	2596	520	83471371	
-15373	-965	-8322	3981	-1208	1668	-57	163	-41	521	2601	521	83471371	
-15248	-1217	-8380	4211	-1094	1678	-55	165	-43	522	2606	522	83471371	
-15148	-1370	-8453	4343	-953	1674	-55	165	-42	523	2611	523	83471371	
-15038	-1537	-8571	4448	-820	1657	-53	165	-37	524	2616	524	83471371	
-14994	-1735	-8612	4520	-723	1621	-53	166	-38	525	2621	525	83471376	
-14906	-1904	-8698	4561	-665	1598	-54	168	-40	526	2626	526	83471395	
-14817	-2062	-8853	4593	-623	1572	-56	164	-42	527	2631	527	83471413	
-14813	-2231	-8932	4590	-586	1534	-60	158	-44	528	2636	528	83471415	
-14805	-2410	-8933	4556	-537	1497	-58	160	-41	529	2641	529	83471415	
-14800	-2489	-8954	4495	-490	1481	-56	162	-36	530	2646	530	83471415	
-14924	-2604	-8988	4431	-454	1467	-55	164	-40	531	2651	531	83471416	
-15015	-2755	-8927	4327	-399	1456	-53	167	-47	532	2656	532	83471416	
-14992	-2854	-8904	4175	-361	1468	-57	165	-47	533	2661	533	83471416	
-14903	-2972	-8799	4040	-353	1486	-59	163	-47	534	2666	534	83471416	
-14795	-3041	-8701	3883	-378	1495	-60	165	-48	535	2671	535	83471416	
-14672	-3080	-8637	3700	-420	1485	-60	166	-48	536	2676	536	83471416	
-14586	-3149	-8611	3521	-450	1467	-55	165	-47	537	2681	537	83471416	
-14506	-3175	-8542	3303	-496	1443	-51	165	-47	538	2686	538	83471419	
-14495	-3159	-8480	3081	-595	1399	-53	165	-48	539	2691	539	83471440	
-14507	-3157	-8457	2857	-727	1345	-55	165	-49	540	2696	540	83471452	
-14558	-3174	-8472	2555	-894	1265	-60	162	-42	541	2701	541	83471452	
-14629	-3087	-8400	2244	-1006	1187	-61	161	-39	542	2706	542	83471452	
-14736	-3102	-8457	1947	-1113	1090	-49	163	-48	543	2711	543	83471452	
-14830	-3115	-8346	1602	-1193	993	-46	164	-50	544	2716	544	83471452	
-14907	-3046	-8314	1274	-1320	872	-56	167	-47	545	2721	545	83471452	
-15001	-3004	-8238	1019	-1419	787	-58	168	-46	546	2726	546	83471452	
-15113	-2974	-8105	756	-1532	691	-54	166	-47	547	2731	547	83471469	
-15259	-2924	-7983	492	-1640	585	-51	165	-47	548	2736	548	83471485	
-15416	-2810	-7877	194	-1730	461	-58	170	-52	549	2741	549	83471489	
-15529	-2708	-7766	-86	-1787	353	-60	172	-54	550	2746	550	83471489	
-15740	-2639	-7699	-323	-1827	225	-54	166	-52	551	2751	551	83471489	
-15780	-2492	-7586	-564	-1838	79	-53	165	-51	552	2756	552	83471490	
-15927	-2375	-7472	-774	-1822	-76	-53	163	-43	553	2761	553	83471490	
-16079	-2248	-7394	-981	-1774	-231	-53	163	-41	554	2766	554	83471490	
-16100	-2075	-7334	-1180	-1695	-380	-51	160	-43	555	2771	555	83471512	
-16167	-1894	-7290	-1308	-1610	-495	-51	159	-43	556	2776	556	83471525	
-16314	-1720	-7126	-1431	-1563	-588	-49	163	-45	557	2781	557	83471527	
-16400	-1532	-7050	-1502	-1564	-643	-49	163	-45	558	2786	558	83471527	
-16470	-1408	-6986	-1537	-1564	-673	-49	169	-47	559	2791	559	83471527	
-16512	-1320	-6978	-1530	-1577	-671	-49	169	-47	560	2796	560	83471527	
-16606	-1186	-6994	-1509	-1593	-656	-51	167	-43	561	2801	561	83471527	
-16734	-1048	-7010	-1465	-1600	-636	-51	167	-43	562	2806	562	83471527	
-16784	-910	-7000	-1405	-1581	-611	-51	169	-47	563	2811	563	83471564	
-16912	-844	-7000	-1347	-1543	-575	-51	169	-47	564	2816	564	83471564	
-16896	-654	-6886	-1301	-1511	-552	-54	164	-50	565	2821	565	83471564	
-17055	-690	-6734	-1279	-1436	-504	-54	164	-48	566	2826	566	83471564	
-17119	-634	-6699	-1288	-1371	-457	-52	164	-42	567	2831	567	83471565	
-17205	-606	-6610	-1316	-1315	-431	-51	164	-42	568	2836	568	83471565	
-17208	-612	-6500	-1402	-1246	-404	-47	163	-43	569	2841	569	83471566	
-17245	-666	-6364	-1495	-1181	-379	-48	164	-42	570	2846	570	83471578	
-17409	-622	-6322	-1604	-1133	-360	-52	170	-40	571	2851	571	83471602	
-17547	-611	-6269	-1746	-1070	-334	-52	169	-40	572	2856	572	83471602	
-17721	-658	-6182	-1864	-1001	-318	-53	163	-39	573	2861	573	83471602	
-17876	-763	-5945	-1951	-926	-320	-52	165	-41	574	2866	574	83471602	
-18078	-853	-5662	-2036	-871	-329	-47	169	-45	575	2871	575	83471602	
-18237	-870	-5502	-2145	-842	-336	-48	167	-44	576	2876	576	83471602	
-18373	-882	-5336	-2278	-795	-342	-49	163	-43	577	2881	577	83471605	
-18447	-894	-5116	-2452	-745	-348	-49	163	-42	578	2886	578	83471623	
-18490	-832	-4957	-2660	-712	-350	-48	162	-40	579	2891	579	83471642	
-18540	-714	-4844	-2884	-698	-341	-48	164	-41	580	2896	580	83471642	
-18590	-569	-4648	-3111	-718	-339	-47	167	-43	581	2901	581	83471642	
-18742	-453	-4512	-3334	-773	-331	-46	165	-43	582	2906	582	83471642	
-18847	-235	-4440	-3536	-839	-300	-45	163	-43	583	2911	583	83471642	
-18876	-49	-4420	-3707	-864	-245	-45	161	-43	584	2916	584	83471642	
-18801	64	-4417	-3821	-848	-208	-45	159	-43	585	2921	585	83471669	
-18686	54	-4358	-3847	-831	-204	-46	163	-38	586	2926	586	83471687	
-18586	30	-4361	-3855	-822	-223	-47	165	-35	587	2931	587	83471687	
-18500	25	-4456	-3876	-834	-245	-45	162	-44	588	2936	588	83471687	
-18480	-11	-4576	-3896	-873	-236	-44	160	-50	589	2941	589	83471687	
-18473	-67	-4627	-3953	-904	-211	-46	159	-48	590	2946	590	83471687	
-18431	-107	-4697	-4085	-893	-212	-47	159	-47	591	2951	591	83471687	
-18274	-125	-4770	-4248	-875	-233	-53	159	-37	592	2956	592	83471687	
-18124	-125	-4809	-4414	-871	-248	-55	159	-35	593	2961	593	83471703	
-17997	-105	-4757	-4569	-865	-283	-49	162	-41	594	2966	594	83471721	
-17825	-26	-4763	-4719	-881	-329	-47	163	-43	595	2971	595	83471725	
-17615	62	-4750	-4838	-913	-376	-51	162	-37	596	2976	596	83471725	
-17436	155	-4658	-4906	-947	-421	-52	162	-36	597	2981	597	83471725	
-17236	372	-4476	-4946	-976	-444	-49	157	-41	598	2986	598	83471726	
-16978	534	-4320	-4958	-1020	-478	-48	156	-42	599	2991	599	83471726	
-16792	714	-4226	-4920	-1050	-491	-43	155	-47	600	2996	600	83471726	
-16634	748	-3852	-4887	-1081	-533	-43	155	-47	601	3001	601	83471752	
-16550	832	-3664	-4821	-1085	-585	-46	154	-40	602	3006	602	83471762	
-16612	842	-3426	-4753	-1061	-655	-46	154	-40	603	3011	603	83471762	
-16634	906	-3142	-4729	-970	-733	-48	158	-48	604	3016	604	83471762	
-16652	934	-2978	-4677	-790	-841	-48	158	-48	605	3021	605	83471762	
-16646	808	-2656	-4595	-513	-953	-44	158	-42	606	3026	606	83471762	
-16696	848	-2376	-4569	-223	-1072	-44	158	-42	607	3031	607	83471762	
-16754	761	-2022	-4520	170	-1266	-43	161	-43	608	3036	608	83471762	
-16872	741	-1795	-4473	490	-1451	-43	160	-43	609	3041	609	83471773	
-16983	763	-1565	-4378	783	-1628	-43	157	-43	610	3046	610	83471820	
-17126	690	-1435	-4237	1065	-1785	-45	157	-43	611	3051	611	83471827	
-17246	628	-1408	-4115	1375	-1938	-53	159	-43	612	3056	612	83471829	
-17292	697	-1280	-4005	1664	-2031	-51	159	-42	613	3061	613	83471829	
-17382	678	-1255	-3747	1904	-2118	-43	157	-37	614	3066	614	83471829	
-17518	649	-1320	-3446	2072	-2164	-42	157	-38	615	3071	615	83471830	
-17657	522	-1430	-3153	2140	-2150	-40	158	-42	616	3076	616	83471830	
-17779	405	-1501	-2938	2131	-2100	-41	158	-43	617	3081	617	83471846	
-17825	288	-1590	-2744	2098	-2024	-43	157	-45	618	3086	618	83471871	
-17802	205	-1700	-2565	2082	-1929	-44	156	-44	619	3091	619	83471871	
-17734	152	-1832	-2395	2080	-1815	-45	155	-43	620	3096	620	83471871	
-17579	182	-1949	-2238	2060	-1684	-42	155	-44	621	3101	621	83471871	
-17363	235	-2014	-2089	1981	-1507	-37	155	-45	622	3106	622	83471871	
-17203	290	-2048	-1931	1843	-1305	-39	156	-46	623	3111	623	83471871	
-17044	465	-2047	-1690	1642	-1067	-41	157	-47	624	3116	624	83471872	
-16902	484	-2106	-1367	1422	-803	-45	158	-46	625	3121	625	83471872	
-16727	304	-2190	-1145	1217	-595	-47	159	-45	626	3126	626	83471872	
-16577	147	-2197	-1078	1007	-432	-42	153	-47	627	3131	627	83471872	
-16508	-6	-2201	-1092	804	-314	-39	149	-49	628	3136	628	83471889	
-16387	-196	-2198	-1166	616	-228	-37	150	-47	629	3141	629	83471905	
-16293	-361	-2210	-1316	446	-171	-36	150	-46	630	3146	630	83471908	
-16219	-475	-2190	-1520	312	-151	-38	157	-44	631	3151	631	83471908	
-16077	-549	-2178	-1788	196	-160	-39	161	-43	632	3156	632	83471908	
-16080	-558	-2115	-2026	123	-181	-39	155	-45	633	3161	633	83471909	
-15964	-388	-1964	-2236	76	-192	-39	153	-45	634	3166	634	83471909	
-15894	-359	-1928	-2405	46	-200	-33	159	-46	635	3171	635	83471909	
-15833	-208	-1904	-2538	51	-238	-32	160	-46	636	3176	636	83471909	
-15726	-104	-1789	-2655	91	-293	-38	155	-48	637	3181	637	83471909	
-15632	50	-1736	-2710	121	-349	-40	154	-48	638	3186	638	83471909	
-15558	193	-1610	-2647	122	-353	-35	151	-50	639	3191	639	83471943	
-15522	260	-1610	-2478	94	-333	-34	150	-50	640	3196	640	83471951	
-15616	338	-1622	-2293	46	-289	-44	158	-50	641	3201	641	83471951	
-15580	366	-1618	-2080	74	-275	-44	158	-50	642	3206	642	83471951	
-15486	356	-1542	-1820	128	-251	-42	156	-46	643	3211	643	83471951	
-15468	392	-1522	-1534	176	-228	-42	156	-46	644	3216	644	83471951	
-15492	278	-1484	-1244	184	-192	-36	156	-46	645	3221	645	83471951	
-15460	212	-1708	-929	191	-129	-36	156	-46	646	3226	646	83471960	
-15474	212	-1672	-615	214	-89	-41	157	-49	647	3231	647	83472001	
-15548	26	-1714	-293	215	-42	-41	157	-49	648	3236	648	83472001	
-15582	-186	-1832	32	174	-13	-43	151	-39	649	3241	649	83472001	
-15621	-352	-1892	240	108	3	-43	152	-41	650	3246	650	83472001	
-15638	-480	-1930	393	38	-6	-41	155	-49	651	3251	651	83472001	
-15735	-556	-2009	487	-16	-47	-41	155	-48	652	3256	652	83472001	
-15786	-594	-2126	550	-58	-115	-39	153	-43	653	3261	653	83472001	
-15822	-567	-2266	590	-93	-196	-39	153	-43	654	3266	654	83472008	
-15842	-575	-2274	618	-139	-284	-39	153	-45	655	3271	655	83472038	
-15871	-510	-2274	657	-181	-379	-40	154	-46	656	3276	656	83472038	
-15974	-404	-2361	688	-231	-463	-44	160	-50	657	3281	657	83472038	
-16095	-334	-2372	754	-286	-537	-42	159	-50	658	3286	658	83472039	
-16168	-326	-2460	837	-351	-597	-34	156	-50	659	3291	659	83472039	
-16238	-358	-2582	938	-424	-646	-35	156	-50	660	3296	660	83472039	
-16290	-363	-2524	1068	-500	-665	-38	158	-50	661	3301	661	83472039	
-16276	-427	-2566	1208	-581	-672	-38	158	-49	662	3306	662	83472039	
-16337	-456	-2612	1341	-669	-679	-38	158	-46	663	3311	663	83472039	
-16387	-512	-2652	1484	-782	-688	-38	157	-45	664	3316	664	83472049	
-16415	-601	-2703	1614	-920	-698	-39	151	-43	665	3321	665	83472087	
-16436	-643	-2738	1735	-1054	-697	-37	152	-45	666	3326	666	83472087	
-16504	-745	-2708	1811	-1159	-702	-35	153	-49	667	3331	667	83472087	
-16578	-842	-2719	1869	-1246	-702	-36	153	-49	668	3336	668	83472087	
-16628	-927	-2687	1923	-1317	-696	-38	154	-48	669	3341	669	83472087	
-16685	-990	-2699	1984	-1381	-686	-38	154	-48	670	3346	670	83472087	
-16709	-1031	-2717	2042	-1425	-663	-37	155	-47	671	3351	671	83472090	
-16725	-1115	-2715	2093	-1455	-615	-38	154	-46	672	3356	672	83472107	
-16741	-1146	-2702	2140	-1483	-565	-39	153	-45	673	3361	673	83472125	
-16740	-1146	-2719	2166	-1510	-497	-37	154	-46	674	3366	674	83472125	
-16668	-1158	-2765	2206	-1535	-403	-35	155	-47	675	3371	675	83472125	
-16571	-1136	-2850	2266	-1556	-308	-39	153	-43	676	3376	676	83472125	
-16493	-1088	-2924	2319	-1599	-219	-42	152	-40	677	3381	677	83472125	
-16448	-1067	-2970	2385	-1660	-130	-41	150	-42	678	3386	678	83472125	
-16444	-1072	-3019	2480	-1733	-38	-40	148	-44	679	3391	679	83472125	
-16459	-1054	-3156	2607	-1806	61	-37	152	-43	680	3396	680	83472126	
-16467	-1104	-3278	2742	-1866	175	-35	155	-43	681	3401	681	83472126	
-16400	-1138	-3432	2875	-1936	291	-31	158	-46	682	3406	682	83472131	
-16445	-1179	-3626	2971	-2003	404	-29	159	-47	683	3411	683	83472198	
-16369	-1316	-3683	3018	-2068	505	-35	157	-49	684	3416	684	83472215	
-16285	-1404	-3816	3017	-2121	591	-37	157	-49	685	3421	685	83472216	
-16273	-1536	-3835	2978	-2170	669	-35	154	-46	686	3426	686	83472216	
-16244	-1627	-3966	2891	-2225	712	-35	153	-45	687	3431	687	83472216	
-16220	-1674	-4048	2758	-2301	743	-34	152	-47	688	3436	688	83472216	
-16219	-1724	-4038	2576	-2363	753	-34	152	-48	689	3441	689	83472216	
-16172	-1784	-4046	2354	-2408	736	-32	156	-46	690	3446	690	83472239	
-16162	-1842	-4088	2047	-2437	707	-31	157	-45	691	3451	691	83472253	
-16160	-1698	-4068	1738	-2419	667	-41	155	-47	692	3456	692	83472253	
-16084	-1674	-3982	1409	-2400	606	-41	155	-47	693	3461	693	83472253	
-16018	-1634	-3942	1099	-2398	552	-34	158	-38	694	3466	694	83472253	
-16130	-1618	-3964	825	-2429	489	-34	158	-38	695	3471	695	83472253	
-16154	-1490	-3914	557	-2462	431	-34	154	-42	696	3476	696	83472253	
-16160	-1358	-3940	300	-2476	375	-34	154	-42	697	3481	697	83472264	
-16054	-1220	-3872	109	-2468	315	-39	153	-47	698	3486	698	83472294	
-16094	-1034	-3648	-79	-2429	251	-37	154	-47	699	3491	699	83472294	
-16125	-974	-3676	-184	-2383	213	-27	157	-47	700	3496	700	83472294	
-16143	-805	-3505	-239	-2317	162	-27	157	-46	701	3501	701	83472294	
-16121	-672	-3464	-231	-2252	117	-28	158	-44	702	3506	702	83472294	
-16160	-568	-3387	-177	-2176	66	-29	157	-44	703	3511	703	83472294	
-16108	-542	-3372	-103	-2107	20	-31	155	-43	704	3516	704	83472294	
-16106	-462	-3292	-14	-2045	-11	-31	155	-43	705	3521	705	83472294	
-16129	-378	-3300	93	-1987	-56	-32	156	-42	706	3526	706	83472294	
-16161	-339	-3301	223	-1927	-93	-32	156	-42	707	3531	707	83472295	
-16201	-362	-3304	374	-1856	-140	-31	157	-41	708	3536	708	83472295	
-16258	-374	-3298	505	-1775	-195	-32	155	-42	709	3541	709	83472299	
-16352	-314	-3303	642	-1707	-256	-33	153	-43	710	3546	710	83472304	
-16437	-252	-3379	813	-1655	-312	-33	155	-41	711	3551	711	83472304	
-16563	-236	-3364	1007	-1608	-372	-33	157	-37	712	3556	712	83472304	
-16721	-282	-3401	1188	-1555	-432	-34	158	-40	713	3561	713	83472304	
-16891	-309	-3476	1349	-1482	-496	-36	160	-44	714	3566	714	83472304	
-16980	-342	-3551	1534	-1383	-558	-35	160	-43	715	3571	715	83472310	
-17159	-412	-3588	1733	-1282	-605	-33	159	-41	716	3576	716	83472326	
-17238	-504	-3658	1894	-1207	-631	-34	158	-38	717	3581	717	83472332	
-17283	-618	-3770	2035	-1156	-648	-34	158	-36	718	3586	718	83472332	
-17335	-721	-3881	2135	-1114	-652	-33	157	-36	719	3591	719	83472332	
