-15668	4822	2408	-1230	-58	1248	-83	141	-33	1	1	1	79428491	
-15532	4880	2522	-1398	-75	1279	-79	145	-33	2	6	2	79428492	
-15454	4958	2504	-1566	-102	1285	-79	145	-33	3	11	3	79428492	
-15312	4964	2524	-1709	-105	1291	-86	144	-36	4	16	4	79428561	
-15258	5014	2552	-1826	-131	1274	-86	144	-36	5	21	5	79428561	
-15243	4989	2587	-1904	-99	1251	-85	138	-32	6	26	6	79428562	
-15131	5029	2660	-1997	-67	1208	-85	137	-31	7	31	7	79428562	
-15104	5072	2649	-2071	-11	1173	-81	146	-32	8	36	8	79428562	
-14995	5101	2629	-2132	39	1121	-80	148	-32	9	41	9	79428563	
-14932	5114	2712	-2182	105	1040	-88	142	-34	10	46	10	79428563	
-14812	5126	2712	-2198	163	961	-88	142	-34	11	51	11	79428563	
-14798	5248	2774	-2161	210	888	-78	146	-34	12	56	12	79428564	
-14762	5342	2838	-2064	206	842	-78	146	-34	13	61	13	79428564	
-14770	5366	2954	-1913	187	808	-86	138	-36	14	66	14	79428613	
-14840	5374	3018	-1740	183	778	-86	138	-36	15	71	15	79428614	
-14754	5260	2918	-1558	210	755	-84	138	-32	16	76	16	79428615	
-14780	5196	3030	-1431	246	714	-84	138	-32	17	81	17	79428615	
-14857	5111	3085	-1321	273	681	-83	141	-33	18	86	18	79428616	
-14870	5116	3012	-1250	280	652	-83	141	-33	19	91	19	79428616	
-14920	5008	3080	-1200	287	614	-90	144	-32	20	96	20	79428617	
-14972	4914	3156	-1155	281	561	-90	144	-32	21	101	21	79428618	
-14988	4854	3274	-1116	260	494	-85	147	-31	22	106	22	79428618	
-15028	4818	3226	-1106	214	411	-85	147	-31	23	111	23	79428619	
-14998	4856	3284	-1123	173	314	-79	133	-35	24	116	24	79428619	
-15128	4884	3264	-1140	138	232	-79	133	-35	25	121	25	79428620	
-15082	4930	3282	-1138	101	154	-74	140	-30	26	126	26	79428620	
-15258	4921	3262	-1142	63	84	-75	140	-31	27	131	27	79428621	
-15324	4946	3197	-1140	37	22	-81	141	-33	28	136	28	79428621	
-15388	4948	3157	-1161	31	-41	-81	141	-32	29	141	29	79428625	
-15483	4988	3224	-1187	32	-95	-79	141	-29	30	146	30	79428640	
-15520	4990	3172	-1235	45	-138	-79	141	-29	31	151	31	79428641	
-15608	5080	3154	-1313	72	-178	-83	141	-33	32	156	32	79428641	
-15578	5116	3116	-1380	111	-228	-83	141	-33	33	161	33	79428642	
-15562	5152	3248	-1419	130	-275	-79	141	-29	34	166	34	79428644	
-15639	5214	3167	-1409	124	-331	-80	140	-30	35	171	35	79428650	
-15657	5253	3120	-1374	107	-369	-86	134	-34	36	176	36	79428667	
-15680	5321	3194	-1327	90	-406	-85	136	-32	37	181	37	79428668	
-15693	5368	3145	-1247	77	-433	-80	142	-26	38	186	38	79428669	
-15686	5449	3132	-1166	68	-461	-81	141	-28	39	191	39	79428669	
-15702	5479	3126	-1075	58	-474	-85	139	-35	40	196	40	79428670	
-15716	5456	3130	-988	53	-487	-85	139	-35	41	201	41	79428670	
-15745	5463	3086	-900	36	-484	-87	139	-37	42	206	42	79428671	
-15737	5522	3123	-816	22	-457	-85	139	-35	43	211	43	79428671	
-15731	5496	3130	-756	11	-432	-81	139	-31	44	216	44	79428672	
-15689	5418	3179	-707	-5	-416	-82	140	-30	45	221	45	79428686	
-15644	5395	3170	-656	-16	-385	-88	146	-28	46	226	46	79428742	
-15702	5429	3195	-610	-20	-372	-87	144	-28	47	231	47	79428743	
-15716	5464	3134	-586	-22	-355	-84	138	-30	48	236	48	79428743	
-15700	5478	3181	-566	-16	-344	-83	138	-31	49	241	49	79428744	
-15707	5429	3239	-556	-24	-338	-81	139	-33	50	246	50	79428745	
-15719	5433	3133	-540	-30	-328	-81	139	-33	51	251	51	79428746	
-15665	5424	3168	-525	-15	-326	-80	140	-32	52	256	52	79428746	
-15684	5383	3123	-531	-10	-315	-80	142	-32	53	261	53	79428747	
-15698	5375	3176	-564	-13	-309	-79	145	-33	54	266	54	79428748	
-15654	5432	3223	-600	-10	-318	-81	143	-34	55	271	55	79428764	
-15639	5452	3238	-632	3	-327	-84	140	-36	56	276	56	79428796	
-15522	5433	3188	-657	23	-339	-83	140	-34	57	281	57	79428797	
-15548	5527	3226	-671	37	-332	-79	139	-27	58	286	58	79428797	
-15521	5454	3277	-689	53	-332	-80	140	-27	59	291	59	79428798	
-15404	5488	3249	-682	43	-344	-81	141	-27	60	296	60	79428799	
-15378	5515	3290	-645	24	-355	-78	142	-29	61	301	61	79428800	
-15374	5550	3299	-594	6	-357	-74	144	-32	62	306	62	79428800	
-15395	5565	3290	-528	-4	-350	-78	140	-32	63	311	63	79428801	
-15414	5567	3347	-448	-19	-352	-83	135	-33	64	316	64	79428802	
-15460	5528	3345	-364	-39	-353	-82	136	-33	65	321	65	79428811	
-15486	5486	3342	-278	-55	-357	-80	138	-34	66	326	66	79428833	
-15502	5465	3324	-193	-52	-368	-83	138	-32	67	331	67	79428848	
-15560	5426	3317	-104	-46	-377	-87	139	-29	68	336	68	79428849	
-15572	5387	3306	-19	-36	-375	-84	138	-29	69	341	69	79428849	
-15603	5355	3336	55	-30	-377	-80	136	-28	70	346	70	79428850	
-15645	5347	3308	124	-45	-372	-80	136	-31	71	351	71	79428851	
-15674	5331	3321	199	-72	-363	-79	137	-35	72	356	72	79428851	
-15785	5332	3290	256	-85	-357	-82	138	-36	73	361	73	79428852	
-15884	5345	3286	294	-73	-362	-86	140	-38	74	366	74	79428852	
-15915	5332	3267	324	-73	-376	-83	140	-37	75	371	75	79428853	
-15946	5370	3255	343	-95	-387	-79	141	-35	76	376	76	79428854	
-15977	5379	3239	352	-97	-398	-81	142	-31	77	381	77	79428868	
-15981	5340	3178	367	-75	-414	-83	143	-29	78	386	78	79428877	
-16020	5345	3132	394	-52	-421	-82	141	-27	79	391	79	79428878	
-16054	5370	3106	410	-29	-422	-82	140	-26	80	396	80	79428878	
-16059	5383	3028	416	-2	-423	-83	142	-32	81	401	81	79428878	
-16040	5402	2972	432	19	-420	-84	144	-40	82	406	82	79428879	
-16072	5415	2968	461	44	-396	-83	142	-36	83	411	83	79428880	
-16141	5405	2918	493	85	-353	-82	138	-30	84	416	84	79428881	
-16087	5379	2914	525	119	-311	-81	140	-32	85	421	85	79428881	
-16046	5356	2880	545	163	-258	-81	141	-33	86	426	86	79428881	
-16009	5338	2799	569	205	-195	-83	141	-31	87	431	87	79428909	
-15990	5296	2761	598	233	-124	-85	141	-29	88	436	88	79428942	
-15975	5298	2746	619	247	-49	-77	142	-27	89	441	89	79428951	
-16019	5259	2703	640	245	33	-72	142	-26	90	446	90	79428952	
-16042	5217	2684	666	242	134	-79	143	-31	91	451	91	79428952	
-16051	5200	2647	683	245	233	-83	143	-35	92	456	92	79428966	
-16046	5143	2648	683	246	330	-83	140	-32	93	461	93	79428980	
-15992	5069	2587	629	241	408	-83	137	-29	94	466	94	79428980	
-16061	5019	2504	556	245	470	-80	141	-32	95	471	95	79428981	
-16135	4969	2524	481	257	528	-78	144	-34	96	476	96	79428981	
-16115	4898	2562	377	290	576	-80	143	-34	97	481	97	79428981	
-16059	4846	2618	226	346	600	-82	142	-34	98	486	98	79428982	
-16011	4839	2636	53	415	609	-83	139	-33	99	491	99	79428982	
-15913	4842	2566	-144	472	600	-83	137	-33	100	496	100	79428983	
-15885	4875	2623	-370	518	571	-84	141	-32	101	501	101	79428983	
-15790	4899	2586	-559	555	552	-84	142	-32	102	506	102	79428984	
-15726	4932	2678	-727	603	535	-86	144	-35	103	511	103	79428984	
-15693	4976	2719	-855	641	505	-86	144	-36	104	516	104	79428985	
-15634	5065	2779	-985	700	457	-82	140	-34	105	521	105	79428996	
-15561	5161	2861	-1117	776	386	-80	138	-32	106	526	106	79429005	
-15532	5294	2932	-1213	846	310	-80	138	-31	107	531	107	79429006	
-15506	5388	3014	-1281	915	239	-80	138	-30	108	536	108	79429020	
-15480	5481	3042	-1329	1024	164	-82	138	-35	109	541	109	79429029	
-15449	5504	3110	-1364	1125	98	-82	138	-36	110	546	110	79429029	
-15384	5611	3144	-1364	1188	25	-83	144	-34	111	551	111	79429030	
-15335	5700	3185	-1340	1224	-37	-83	145	-33	112	556	112	79429030	
-15321	5754	3141	-1277	1256	-91	-86	143	-25	113	561	113	79429031	
-15221	5863	3240	-1189	1270	-150	-87	143	-23	114	566	114	79429071	
-15236	5877	3250	-1074	1282	-203	-88	144	-33	115	571	115	79429082	
-15177	5900	3310	-924	1291	-254	-88	144	-36	116	576	116	79429082	
-15112	5855	3313	-785	1308	-304	-82	146	-33	117	581	117	79429083	
-15111	5770	3294	-614	1346	-377	-79	147	-31	118	586	118	79429084	
-15073	5838	3279	-473	1393	-449	-89	142	-33	119	591	119	79429084	
-15009	5860	3305	-371	1428	-514	-91	141	-33	120	596	120	79429085	
-14892	5831	3306	-306	1448	-585	-86	143	-36	121	601	121	79429086	
