-16266	-4162	2605	114	222	263	-174	286	-154	1	1	1	79489991	
-16301	-4114	2768	128	208	272	-175	286	-153	2	6	2	79489992	
-16407	-3913	2948	194	155	290	-180	286	-148	3	11	3	79489992	
-16539	-3667	3006	184	163	300	-181	285	-147	4	16	4	79489992	
-16563	-3451	2920	56	266	286	-183	283	-145	5	21	5	79489993	
-16388	-3495	2894	-54	395	227	-182	284	-146	6	26	6	79489993	
-16267	-3516	2843	-66	443	181	-180	286	-148	7	31	7	79489993	
-16228	-3592	2742	-23	445	147	-180	285	-147	8	36	8	79489998	
-16216	-3499	2736	12	438	112	-182	280	-142	9	41	9	79490014	
-16270	-3370	2728	47	457	86	-182	281	-144	10	46	10	79490014	
-16453	-3322	2775	84	481	50	-180	286	-154	11	51	11	79490014	
-16554	-3381	2864	156	542	-6	-180	286	-153	12	56	12	79490015	
-16556	-3482	2890	196	652	-67	-179	285	-147	13	61	13	79490015	
-16552	-3584	2885	195	753	-125	-179	284	-148	14	66	14	79490015	
-16536	-3660	2860	161	825	-187	-180	280	-152	15	71	15	79490016	
-16533	-3620	2862	115	856	-224	-181	281	-151	16	76	16	79490016	
-16440	-3572	2798	120	892	-236	-182	282	-150	17	81	17	79490016	
-16319	-3541	2685	151	944	-239	-180	280	-152	18	86	18	79490036	
-16244	-3581	2683	202	980	-251	-178	276	-154	19	91	19	79490065	
-16200	-3580	2685	226	997	-264	-178	277	-153	20	96	20	79490065	
-16208	-3463	2670	241	990	-275	-180	280	-148	21	101	21	79490066	
-16276	-3497	2675	301	995	-286	-180	280	-149	22	106	22	79490066	
-16318	-3598	2629	328	1024	-287	-178	280	-150	23	111	23	79490066	
-16235	-3676	2620	334	1030	-287	-180	279	-148	24	116	24	79490067	
-16238	-3706	2636	290	1046	-261	-184	278	-144	25	121	25	79490067	
-16302	-3764	2668	222	1043	-223	-183	278	-148	26	126	26	79490067	
-16291	-3826	2624	211	1039	-193	-181	277	-153	27	131	27	79490068	
-16294	-3784	2621	176	1059	-156	-180	276	-151	28	136	28	79490068	
-16298	-3777	2585	139	1060	-101	-178	274	-148	29	141	29	79490069	
-16258	-3817	2601	146	1079	-42	-179	275	-148	30	146	30	79490069	
-16122	-3858	2657	156	1121	13	-181	277	-149	31	151	31	79490069	
-16167	-3773	2504	75	1082	79	-180	277	-151	32	156	32	79490070	
-16319	-3620	2412	65	1053	152	-179	277	-155	33	161	33	79490099	
-16334	-3664	2413	183	1094	205	-183	275	-150	34	166	34	79490143	
-16259	-3767	2394	231	1146	259	-188	272	-142	35	171	35	79490143	
-16183	-3866	2415	214	1151	359	-184	275	-145	36	176	36	79490144	
-16128	-3912	2316	213	1115	483	-179	279	-149	37	181	37	79490144	
-16130	-3914	2286	240	1086	609	-177	278	-151	38	186	38	79490145	
-16090	-3977	2265	299	1063	768	-175	277	-155	39	191	39	79490146	
-15882	-4056	2286	377	1039	945	-177	282	-153	40	196	40	79490190	
-15707	-3994	2149	426	968	1095	-179	285	-151	41	201	41	79490220	
-15670	-3736	1860	382	876	1243	-177	277	-152	42	206	42	79490221	
-15694	-3612	1655	412	808	1371	-176	272	-152	43	211	43	79490221	
-15834	-3592	1530	499	748	1504	-179	272	-151	44	216	44	79490221	
-16062	-3829	1466	601	721	1677	-183	271	-149	45	221	45	79490222	
-16132	-4349	1485	747	742	1851	-182	272	-152	46	226	46	79490223	
-16121	-4615	1595	825	664	2035	-181	273	-157	47	231	47	79490223	
-16219	-4838	1630	817	421	2234	-180	277	-155	48	236	48	79490224	
-16401	-4790	1590	734	196	2423	-179	279	-153	49	241	49	79490224	
-16492	-4381	1664	631	76	2632	-182	274	-155	50	246	50	79490224	
-16436	-3776	1974	595	51	2825	-184	270	-156	51	251	51	79490225	
-16271	-3362	2132	571	3	3005	-180	271	-158	52	256	52	79490225	
-16122	-3233	2046	486	-82	3167	-178	272	-160	53	261	53	79490226	
-16030	-3349	1943	441	-205	3291	-177	268	-156	54	266	54	79490226	
-16039	-3479	1943	480	-314	3395	-176	266	-154	55	271	55	79490236	
-16074	-3618	2022	631	-387	3524	-179	265	-153	56	276	56	79490247	
-16094	-3869	1977	1005	-426	3649	-181	263	-151	57	281	57	79490247	
-16178	-3990	1887	1274	-438	3787	-184	262	-150	58	286	58	79490248	
-16314	-3831	1887	1375	-470	3957	-186	262	-150	59	291	59	79490248	
-16399	-3739	1913	1514	-556	4119	-191	262	-148	60	296	60	79490248	
-16471	-3609	1767	1652	-693	4245	-194	262	-146	61	301	61	79490249	
-16518	-3388	1725	1631	-818	4393	-189	263	-148	62	306	62	79490249	
-16554	-3181	1670	1507	-984	4557	-186	264	-150	63	311	63	79490250	
-16534	-3218	1653	1318	-1145	4859	-188	272	-159	64	316	64	79490250	
-16374	-3660	1609	1456	-1289	5153	-188	274	-162	65	321	65	79490251	
-16220	-3880	1660	1506	-1429	5419	-192	267	-156	66	326	66	79490271	
-16346	-4270	1337	1562	-1560	5479	-193	265	-155	67	331	67	79490276	
-16470	-4110	1295	1368	-1647	5634	-189	263	-154	68	336	68	79490277	
-16655	-4284	1385	1222	-1742	5936	-186	262	-154	69	341	69	79490277	
-16895	-4782	1479	1348	-1920	6197	-190	264	-153	70	346	70	79490277	
-17086	-4616	1562	1497	-2131	6282	-193	265	-153	71	351	71	79490278	
-17361	-3043	1506	1520	-2325	6344	-190	262	-153	72	356	72	79490278	
-17779	-2259	1413	1467	-2495	6690	-189	261	-153	73	361	73	79490279	
-18090	-2834	1150	1745	-2719	6932	-193	263	-151	74	366	74	79490279	
-18072	-3171	1042	2068	-2757	6894	-194	264	-150	75	371	75	79490279	
-17873	-2539	1689	2197	-2801	6904	-205	261	-144	76	376	76	79490334	
-18025	-2109	1704	2393	-3151	7129	-208	260	-142	77	381	77	79490350	
-18426	-2073	1495	2577	-3398	7345	-202	263	-148	78	386	78	79490352	
-18462	-2003	1717	2605	-3452	7524	-200	264	-150	79	391	79	79490352	
-18404	-2658	1806	2566	-3612	7795	-200	260	-145	80	396	80	79490353	
-18685	-2807	1448	2311	-3916	7934	-200	258	-142	81	401	81	79490353	
-18941	-2012	1549	2195	-3886	7851	-208	255	-145	82	406	82	79490354	
-19130	-1717	1380	2845	-3976	7814	-210	254	-146	83	411	83	79490354	
-19254	-1296	1150	3334	-3986	7892	-204	252	-143	84	416	84	79490355	
-19458	-553	1226	3737	-3886	7900	-202	252	-142	85	421	85	79490356	
-19589	-858	1418	4395	-3868	7989	-204	254	-147	86	426	86	79490373	
-19797	-1273	1135	4957	-3913	7990	-204	254	-148	87	431	87	79490398	
-19994	-1311	696	5531	-3731	7865	-206	253	-146	88	436	88	79490403	
-20038	-1342	708	6277	-3383	7781	-207	253	-145	89	441	89	79490403	
-20238	-1202	466	6827	-3519	7862	-209	249	-143	90	446	90	79490404	
-20231	-1524	683	7030	-3457	7901	-209	249	-143	91	451	91	79490404	
-20136	-2239	824	7224	-3281	7854	-207	243	-143	92	456	92	79490404	
-20200	-2261	507	7121	-3228	7821	-207	241	-143	93	461	93	79490405	
-20203	-1559	660	6676	-3263	8005	-208	242	-144	94	466	94	79490405	
-20222	-1410	1286	6481	-3282	8224	-208	242	-144	95	471	95	79490406	
-20026	-2144	1990	6604	-3320	8257	-211	242	-147	96	476	96	79490406	
-19994	-2702	1957	6795	-3433	8130	-212	242	-148	97	481	97	79490445	
-19994	-2544	1654	6749	-3238	8210	-204	236	-142	98	486	98	79490455	
-19994	-3134	1948	7068	-2878	8160	-204	236	-142	99	491	99	79490456	
-19890	-3090	1946	7547	-2785	8012	-210	230	-146	100	496	100	79490456	
-19542	-1908	2184	7524	-2493	8107	-210	230	-146	101	501	101	79490456	
-19154	-1054	2666	7500	-2220	8394	-210	232	-138	102	506	102	79490457	
-19114	-911	3309	7607	-2184	8592	-210	232	-138	103	511	103	79490457	
-18976	-1381	4041	7993	-2191	8681	-204	231	-142	104	516	104	79490457	
-18656	-2093	4554	8552	-2164	8581	-203	231	-143	105	521	105	79490458	
-17648	-3008	5624	8750	-2201	8402	-207	223	-141	106	526	106	79490458	
-17048	-3258	5360	7783	-2832	8286	-207	223	-141	107	531	107	79490479	
-17006	-3264	4990	6147	-3171	8316	-212	226	-136	108	536	108	79490534	
-17144	-2796	4532	5103	-3388	8142	-212	226	-136	109	541	109	79490535	
-17068	-1786	4184	4279	-3324	7962	-204	218	-138	110	546	110	79490535	
-16616	-896	5116	3561	-2939	7950	-204	218	-138	111	551	111	79490536	
-16372	-108	5660	3501	-2918	7786	-206	214	-134	112	556	112	79490536	
-16518	-108	5960	3795	-2891	7765	-206	214	-134	113	561	113	79490537	
-15968	-2502	6887	4142	-2814	7238	-207	211	-133	114	566	114	79490537	
-15536	-4764	6964	4232	-2867	6675	-207	211	-133	115	571	115	79490537	
-15380	-6206	5068	3742	-3089	5867	-205	211	-137	116	576	116	79490538	
-15150	-5444	4334	2895	-3143	5132	-205	211	-137	117	581	117	79490539	
-13784	-5862	3154	3006	-3155	4461	-210	210	-128	118	586	118	79490582	
-13060	-7590	1808	2886	-3041	3683	-210	210	-128	119	591	119	79490583	
-12530	-7994	36	1679	-3036	3027	-210	204	-130	120	596	120	79490584	
-12192	-6334	-550	-186	-2907	2282	-210	204	-130	121	601	121	79490585	
-12696	-5210	-1372	-1105	-2728	1463	-208	202	-128	122	606	122	79490585	
-12597	-5056	-2178	-1575	-1891	642	-206	201	-127	123	611	123	79490586	
-12168	-4554	-2727	-1953	-909	-54	-199	199	-123	124	616	124	79490587	
-11516	-3904	-2694	-1699	0	-804	-200	200	-123	125	621	125	79490587	
-11310	-4003	-2778	-1185	340	-1425	-204	204	-124	126	626	126	79490588	
-11602	-3748	-2508	-1131	511	-1962	-204	204	-124	127	631	127	79490592	
-11930	-3492	-1934	-1008	923	-2653	-203	203	-111	128	636	128	79490611	
-11924	-4108	-1912	-532	1512	-3477	-203	203	-111	129	641	129	79490612	
-11984	-5212	-2334	-106	2178	-4507	-206	208	-116	130	646	130	79490612	
-12117	-5779	-2684	-256	2718	-5597	-204	209	-116	131	651	131	79490612	
-12266	-5523	-2719	-642	3005	-6348	-198	212	-116	132	656	132	79490613	
-12370	-5414	-2376	-1068	3270	-7019	-199	212	-116	133	661	133	79490613	
-12556	-5202	-2184	-1545	3450	-7683	-202	214	-114	134	666	134	79490613	
-12777	-4811	-2326	-1984	3680	-8294	-201	213	-114	135	671	135	79490614	
-12950	-4424	-2217	-2378	4015	-8861	-197	209	-113	136	676	136	79490614	
-13176	-4240	-2132	-2765	4245	-9382	-196	211	-113	137	681	137	79490615	
-13339	-4257	-1853	-3277	4487	-9833	-193	221	-111	138	686	138	79490615	
-13608	-4220	-1728	-3851	4751	-10290	-192	221	-110	139	691	139	79490618	
-13852	-4159	-1436	-4394	5043	-10707	-190	220	-108	140	696	140	79490631	
-14278	-4192	-1291	-4913	5328	-11112	-190	221	-108	141	701	141	79490631	
-14794	-4124	-1147	-5436	5525	-11493	-189	225	-107	142	706	142	79490632	
-15330	-3989	-1057	-5963	5753	-11899	-189	226	-107	143	711	143	79490644	
-15760	-3858	-719	-6544	5992	-12225	-189	229	-105	144	716	144	79490685	
-16270	-3622	-598	-7099	6172	-12551	-187	229	-106	145	721	145	79490686	
-16675	-3308	-410	-7605	6340	-12803	-181	229	-109	146	726	146	79490686	
-17143	-2896	-147	-8040	6479	-13042	-182	230	-108	147	731	147	79490686	
-17615	-2951	-270	-8405	6677	-13359	-184	232	-104	148	736	148	79490687	
-17926	-2677	-228	-8736	7001	-13613	-182	233	-102	149	741	149	79490687	
-17999	-2303	-35	-8946	7305	-13768	-180	234	-100	150	746	150	79490687	
-18061	-2142	161	-8956	7482	-13876	-178	234	-100	151	751	151	79490688	
-18204	-2129	385	-8949	7676	-13975	-171	235	-99	152	756	152	79490688	
-18320	-2171	532	-8961	7881	-14135	-171	234	-97	153	761	153	79490698	
-18126	-2336	553	-8741	8136	-14478	-170	232	-88	154	766	154	79490744	
-18282	-2399	643	-8382	8456	-15000	-169	235	-90	155	771	155	79490766	
-18745	-2435	632	-8388	8502	-15243	-165	245	-95	156	776	156	79490767	
-19166	-2467	810	-8427	8560	-15240	-161	245	-95	157	781	157	79490767	
-19430	-2471	946	-8215	8913	-15185	-156	246	-94	158	786	158	79490767	
-19428	-2199	1084	-7868	9467	-15073	-158	248	-94	159	791	159	79490768	
-19388	-2098	1139	-7520	9712	-14922	-160	250	-94	160	796	160	79490768	
-19712	-2098	1090	-7207	9702	-14895	-155	249	-95	161	801	161	79490769	
-20105	-2059	1326	-6991	9793	-14966	-148	248	-96	162	806	162	79490769	
-20196	-1928	1567	-6772	10018	-15048	-147	249	-96	163	811	163	79490769	
-20125	-1600	1713	-6333	10269	-15042	-144	254	-98	164	816	164	79490770	
-20208	-1728	1558	-5812	10395	-14822	-142	252	-97	165	821	165	79490770	
-20264	-1926	1614	-5459	10468	-14614	-138	248	-96	166	826	166	79490778	
-20219	-1916	1804	-5137	10597	-14484	-136	250	-95	167	831	167	79490789	
-20237	-1500	2016	-4719	10650	-14336	-134	252	-94	168	836	168	79490790	
-20269	-1246	2226	-4278	10582	-14115	-132	251	-95	169	841	169	79490790	
-20317	-1086	2532	-3952	10532	-13946	-129	249	-97	170	846	170	79490791	
-20323	-892	2861	-3572	10549	-13849	-127	249	-97	171	851	171	79490791	
-20131	-879	3253	-3023	10627	-13715	-124	248	-96	172	856	172	79490792	
-19824	-1116	3651	-2585	10597	-13517	-122	249	-97	173	861	173	79490793	
-19756	-1305	3766	-2252	10416	-13378	-121	249	-97	174	866	174	79490804	
-19724	-1386	3888	-1927	10220	-13265	-117	247	-97	175	871	175	79490825	
-19629	-1524	4017	-1586	10085	-13178	-112	244	-96	176	876	176	79490841	
-19684	-1524	3994	-1273	10014	-13156	-111	244	-98	177	881	177	79490842	
-19675	-1400	4148	-981	9980	-13119	-109	245	-101	178	886	178	79490842	
-19593	-1491	4340	-670	9882	-13014	-109	244	-97	179	891	179	79490842	
-19578	-1620	4372	-400	9652	-12896	-110	242	-92	180	896	180	79490843	
-19528	-1605	4447	-49	9363	-12883	-106	242	-97	181	901	181	79490843	
-19332	-1597	4612	287	9120	-12865	-102	242	-102	182	906	182	79490844	
-18925	-1609	4779	515	8875	-12824	-101	241	-103	183	911	183	79490844	
-18386	-1513	4868	813	8568	-12707	-101	241	-103	184	916	184	79490845	
-18047	-1320	4707	1269	8207	-12549	-97	239	-96	185	921	185	79490845	
-17907	-1017	4410	1735	7874	-12418	-95	237	-91	186	926	186	79490845	
-17738	-532	4168	2134	7601	-12280	-92	238	-95	187	931	187	79490845	
-17460	197	4110	2488	7352	-12075	-88	240	-102	188	936	188	79490846	
-17250	802	4055	2953	7011	-11760	-88	240	-102	189	941	189	79490862	
-17152	1130	3871	3578	6575	-11348	-88	238	-100	190	946	190	79490904	
-16963	1316	3882	4160	6270	-10925	-83	237	-99	191	951	191	79490921	
-16763	1263	3776	4726	5999	-10479	-79	237	-99	192	956	192	79490921	
-16610	1167	3765	5202	5632	-9966	-75	238	-98	193	961	193	79490922	
-16502	1016	3925	5501	5113	-9373	-72	238	-98	194	966	194	79490933	
-16480	942	3960	5647	4489	-8716	-73	233	-99	195	971	195	79490960	
-16465	1019	3738	5578	3915	-8037	-74	230	-100	196	976	196	79490972	
-16479	1196	3564	5207	3461	-7357	-67	230	-100	197	981	197	79490973	
-16390	1264	3530	4620	3059	-6669	-62	230	-100	198	986	198	79490974	
-16208	1136	3510	3898	2676	-5955	-64	233	-99	199	991	199	79490975	
-16087	1058	3559	3119	2309	-5223	-65	235	-99	200	996	200	79490976	
-15908	922	3562	2387	1904	-4494	-61	234	-100	201	1001	201	79490976	
-15593	821	3556	1530	1434	-3754	-59	233	-101	202	1006	202	79490976	
-15334	954	3754	555	770	-2997	-59	233	-100	203	1011	203	79490977	
-15618	-526	4027	56	-272	-2328	-59	233	-99	204	1016	204	79490978	
-16366	-814	3216	-510	-1728	-1764	-60	235	-95	205	1021	205	79491019	
-15807	2031	4253	-2432	-2470	-559	-61	237	-93	206	1026	206	79491046	
-15692	3354	4021	-3066	-3243	618	-59	238	-95	207	1031	207	79491046	
-16533	4005	4221	-3644	-3826	1619	-58	238	-96	208	1036	208	79491047	
-16869	3870	4568	-3889	-4078	2477	-58	237	-97	209	1041	209	79491047	
-16868	3496	5178	-3763	-4409	3334	-58	236	-98	210	1046	210	79491048	
-16818	3399	5537	-3258	-4928	4222	-60	240	-95	211	1051	211	79491048	
-16698	2097	5081	-2613	-5361	4995	-61	243	-93	212	1056	212	79491049	
-16404	-1254	3790	-2161	-5258	5285	-63	238	-94	213	1061	213	79491049	
-16493	-6816	154	-1953	-4940	5071	-65	235	-95	214	1066	214	79491050	
-16514	-11127	-2983	-2684	-4770	4696	-62	233	-90	215	1071	215	79491050	
-15890	-13115	-3886	-3674	-4808	4216	-61	233	-89	216	1076	216	79491051	
-15088	-13632	-4516	-4368	-5328	3845	-62	235	-90	217	1081	217	79491051	
-14788	-13441	-5276	-4858	-5793	3572	-62	236	-90	218	1086	218	79491051	
-14637	-12900	-4883	-5188	-5781	3238	-64	237	-89	219	1091	219	79491053	
-14294	-13068	-4072	-5193	-5725	2840	-65	237	-89	220	1096	220	79491071	
-14443	-12112	-3249	-5330	-6024	2579	-70	244	-85	221	1101	221	79491075	
-14879	-9272	-1715	-5573	-6695	2470	-73	247	-83	222	1106	222	79491076	
-15460	-6435	-496	-5439	-7158	2525	-67	238	-89	223	1111	223	79491076	
-15991	-4434	-111	-5266	-6961	2527	-66	236	-90	224	1116	224	79491077	
-16224	-3374	-488	-5097	-6303	2627	-72	243	-84	225	1121	225	79491078	
-16035	-3426	-661	-4814	-5596	2846	-73	245	-83	226	1126	226	79491078	
-15946	-4527	-1305	-4411	-5298	2988	-70	243	-78	227	1131	227	79491079	
-16520	-5209	-2654	-4306	-5202	3130	-69	243	-77	228	1136	228	79491079	
-16512	-4533	-2766	-4307	-4805	3488	-68	242	-76	229	1141	229	79491080	
-15564	-7290	-2374	-3460	-4603	3648	-68	242	-76	230	1146	230	79491080	
-15956	-8042	-2958	-2830	-5113	3262	-76	244	-68	231	1151	231	79491151	
-16466	-5694	-2484	-3070	-5261	3457	-76	244	-68	232	1156	232	79491151	
-17042	-4564	-2454	-2469	-5370	3792	-76	242	-68	233	1161	233	79491152	
-17635	-4297	-3071	-1933	-5322	3852	-76	242	-68	234	1166	234	79491152	
-17669	-3649	-2693	-1737	-4872	3839	-74	243	-69	235	1171	235	79491153	
-17539	-2676	-2144	-1440	-4530	3913	-73	243	-69	236	1176	236	79491153	
-17274	-2596	-2081	-869	-4490	4020	-81	249	-64	237	1181	237	79491153	
-16894	-2798	-892	-460	-4461	3952	-83	251	-63	238	1186	238	79491154	
-16466	-4226	304	306	-4797	3961	-77	253	-67	239	1191	239	79491154	
-16150	-5626	2020	859	-5094	3867	-77	253	-67	240	1196	240	79491155	
-16408	-5582	2832	661	-5614	3980	-90	250	-54	241	1201	241	79491204	
-17436	-3912	2950	-454	-6143	4386	-90	250	-54	242	1206	242	79491204	
-18524	-3190	1398	-758	-6475	4473	-76	248	-64	243	1211	243	79491204	
-18838	-4318	-104	-1036	-5984	4242	-76	248	-64	244	1216	244	79491205	
-18374	-4498	-720	-1940	-5046	3993	-82	254	-60	245	1221	245	79491205	
-17722	-3253	-867	-2417	-4845	4032	-82	254	-60	246	1226	246	79491206	
-17418	-2999	-749	-2586	-5223	4258	-90	252	-50	247	1231	247	79491206	
-16950	-4300	-424	-2554	-5759	4412	-92	252	-48	248	1236	248	79491206	
-16230	-5474	-30	-2781	-5770	4335	-83	253	-55	249	1241	249	79491207	
-15210	-5974	-172	-2941	-5707	4194	-83	253	-55	250	1246	250	79491207	
-14874	-4512	472	-3381	-5955	3960	-81	253	-53	251	1251	251	79491208	
-15406	-3246	610	-3610	-6493	3955	-81	253	-53	252	1256	252	79491256	
-16380	-2406	-146	-3451	-6777	3977	-86	248	-48	253	1261	253	79491257	
-16874	-2320	-372	-3106	-6357	3943	-86	248	-48	254	1266	254	79491257	
-16832	-2580	-46	-2574	-5927	3812	-87	249	-49	255	1271	255	79491258	
-17106	-2425	478	-1996	-6052	3776	-87	250	-49	256	1276	256	79491258	
-17496	-2530	350	-1573	-6225	3840	-89	255	-47	257	1281	257	79491258	
-18110	-2538	-20	-1272	-6284	3786	-89	255	-47	258	1286	258	79491259	
-18558	-2306	-10	-1279	-6115	3662	-88	242	-42	259	1291	259	79491259	
-18370	-2366	404	-1005	-5958	3482	-88	242	-42	260	1296	260	79491259	
-17842	-3098	718	-587	-6004	3341	-96	248	-44	261	1301	261	79491262	
-17104	-3890	480	-351	-6018	3148	-96	248	-44	262	1306	262	79491262	
-16434	-3820	842	-461	-5909	3009	-100	250	-40	263	1311	263	79491263	
-15954	-4567	415	-532	-5970	2966	-99	249	-40	264	1316	264	79491277	
-15530	-5088	444	-634	-5986	2832	-96	246	-40	265	1321	265	79491277	
-15368	-5248	550	-806	-5972	2679	-96	246	-40	266	1326	266	79491290	
-15552	-5002	755	-1012	-6004	2651	-94	248	-38	267	1331	267	79491333	
-15998	-4865	893	-1185	-6075	2669	-94	248	-37	268	1336	268	79491334	
-16298	-4618	1010	-1322	-6123	2646	-96	246	-34	269	1341	269	79491334	
-16572	-4672	1240	-1482	-6066	2617	-96	246	-34	270	1346	270	79491334	
-16768	-4312	1474	-1748	-5915	2511	-101	249	-37	271	1351	271	79491335	
-17060	-4094	1300	-2013	-5814	2449	-101	249	-37	272	1356	272	79491335	
-17090	-3636	1280	-2203	-5600	2333	-107	253	-29	273	1361	273	79491335	
-16942	-3482	1326	-2076	-5452	2255	-106	253	-29	274	1366	274	79491336	
-16899	-3585	1172	-1715	-5454	2230	-101	253	-29	275	1371	275	79491336	
-16935	-3436	1266	-1509	-5408	2181	-101	253	-29	276	1376	276	79491341	
-16866	-3470	1303	-1318	-5328	2083	-100	252	-30	277	1381	277	79491361	
-16831	-3556	1284	-1053	-5228	1991	-101	252	-30	278	1386	278	79491384	
-16813	-3752	1190	-822	-5191	1927	-107	251	-31	279	1391	279	79491384	
-16786	-3732	1382	-597	-5155	1808	-105	252	-29	280	1396	280	79491384	
-16650	-3610	1517	-340	-5136	1745	-98	256	-20	281	1401	281	79491385	
-16557	-3475	1117	5	-5213	1666	-99	255	-21	282	1406	282	79491385	
-16464	-3016	1016	331	-5159	1538	-102	252	-26	283	1411	283	79491386	
-16445	-2460	1027	672	-5113	1404	-102	252	-26	284	1416	284	79491386	
-16425	-2043	1425	941	-4992	1334	-102	254	-24	285	1421	285	79491386	
-16736	-1864	1613	1079	-4975	1317	-103	254	-23	286	1426	286	79491387	
-17030	-2386	1338	1221	-5028	1317	-106	254	-20	287	1431	287	79491387	
-16886	-2893	1541	1263	-4897	1223	-106	254	-20	288	1436	288	79491388	
-16794	-3521	1795	1210	-4817	1219	-107	255	-19	289	1441	289	79491393	
-16600	-4260	1979	1221	-4816	1272	-105	253	-20	290	1446	290	79491410	
-16483	-4874	2016	1242	-4796	1333	-103	249	-21	291	1451	291	79491411	
-16516	-5127	2159	1086	-4772	1447	-102	251	-20	292	1456	292	79491411	
-16506	-5293	2215	973	-4799	1553	-101	255	-17	293	1461	293	79491412	
-16626	-5220	2454	869	-4809	1662	-102	254	-16	294	1466	294	79491412	
-16646	-4969	2700	873	-4715	1687	-108	248	-12	295	1471	295	79491413	
-16721	-4389	2637	850	-4674	1711	-107	249	-12	296	1476	296	79491413	
-16589	-4211	2811	841	-4576	1763	-105	253	-13	297	1481	297	79491413	
-16566	-3901	2792	780	-4588	1759	-109	252	-10	298	1486	298	79491432	
-16453	-3416	2764	737	-4546	1725	-114	250	-6	299	1491	299	79491460	
-16270	-2958	2763	788	-4494	1704	-111	253	-7	300	1496	300	79491461	
-16114	-2858	2727	843	-4500	1700	-107	257	-9	301	1501	301	79491461	
-16041	-2731	2558	832	-4526	1612	-108	254	-9	302	1506	302	79491472	
-15948	-2408	2555	829	-4497	1522	-110	250	-8	303	1511	303	79491486	
-16064	-1994	2221	964	-4511	1427	-111	250	-6	304	1516	304	79491519	
-16210	-1715	2212	1114	-4468	1364	-112	250	-4	305	1521	305	79491570	
-16290	-1844	2405	1204	-4353	1337	-112	250	-4	306	1526	306	79491573	
-16467	-2212	2455	1157	-4270	1306	-113	251	-5	307	1531	307	79491575	
-16640	-2797	2459	1088	-4218	1254	-114	246	-2	308	1536	308	79491577	
-16752	-3140	2637	1016	-4162	1200	-115	239	3	309	1541	309	79491579	
-16927	-3250	2821	914	-4130	1182	-115	246	0	310	1546	310	79491581	
-16986	-3643	2942	842	-4113	1183	-114	256	-4	311	1551	311	79491582	
-16935	-3864	3029	753	-4059	1170	-113	254	-4	312	1556	312	79491583	
-16808	-3644	3232	705	-3992	1128	-111	251	-5	313	1561	313	79491585	
-16717	-3447	3450	668	-3927	1095	-115	251	-4	314	1566	314	79491586	
-16828	-3338	3549	447	-3827	1089	-119	251	-3	315	1571	315	79491587	
-16757	-3351	3631	288	-3693	1076	-119	252	-1	316	1576	316	79491587	
-16605	-3372	3622	215	-3606	1056	-119	253	1	317	1581	317	79491588	
-16450	-3296	3616	152	-3568	1031	-117	252	3	318	1586	318	79491588	
-16252	-3205	3643	115	-3547	1010	-115	251	5	319	1591	319	79491589	
-16128	-3182	3506	112	-3533	995	-113	250	5	320	1596	320	79491590	
-16034	-3210	3420	100	-3498	985	-111	249	5	321	1601	321	79491590	
-16021	-3142	3460	94	-3466	989	-113	248	5	322	1606	322	79491591	
-16128	-3067	3469	97	-3473	1029	-114	246	4	323	1611	323	79491591	
-16168	-3032	3520	72	-3450	1068	-119	248	8	324	1616	324	79491607	
-16126	-3034	3634	52	-3390	1079	-123	249	11	325	1621	325	79491618	
-16051	-3008	3723	30	-3358	1084	-121	249	5	326	1626	326	79491618	
-16042	-3007	3595	-6	-3348	1084	-119	249	1	327	1631	327	79491619	
-15984	-2852	3573	-96	-3285	1076	-118	250	0	328	1636	328	79491619	
-15888	-2645	3646	-119	-3230	1081	-118	250	0	329	1641	329	79491619	
-15839	-2666	3707	-58	-3221	1106	-118	249	2	330	1646	330	79491619	
-15830	-3078	3716	1	-3235	1150	-118	248	6	331	1651	331	79491620	
-15856	-3578	3709	65	-3226	1178	-116	249	5	332	1656	332	79491620	
-15944	-3846	3926	210	-3222	1190	-115	249	5	333	1661	333	79491621	
-15898	-3863	4280	362	-3196	1208	-114	248	6	334	1666	334	79491621	
-15960	-3814	4542	421	-3121	1219	-114	248	6	335	1671	335	79491622	
-16134	-3685	4578	381	-3053	1225	-118	251	10	336	1676	336	79491622	
-16326	-3504	4464	369	-2979	1215	-121	253	13	337	1681	337	79491634	
-16449	-2994	4260	393	-2894	1187	-122	252	12	338	1686	338	79491642	
-16531	-2468	3887	437	-2873	1175	-122	252	12	339	1691	339	79491642	
-16580	-2184	3724	472	-2809	1157	-120	252	12	340	1696	340	79491643	
-16553	-2129	3715	547	-2773	1154	-120	252	12	341	1701	341	79491643	
-16500	-2168	3626	645	-2784	1147	-123	251	8	342	1706	342	79491643	
-16484	-2230	3575	676	-2810	1125	-125	251	5	343	1711	343	79491644	
-16482	-2384	3683	657	-2833	1102	-121	250	7	344	1716	344	79491644	
-16543	-2450	3782	647	-2856	1056	-118	250	8	345	1721	345	79491689	
-16568	-2336	3906	596	-2832	1004	-122	250	14	346	1726	346	79491719	
-16541	-2117	4025	534	-2783	953	-124	250	18	347	1731	347	79491720	
-16538	-2093	4144	521	-2744	904	-122	247	18	348	1736	348	79491738	
-16429	-2058	4124	498	-2690	857	-122	246	18	349	1741	349	79491744	
-16311	-1936	4125	467	-2629	800	-128	244	18	350	1746	350	79491766	
-16155	-1850	4198	530	-2590	763	-130	244	18	351	1751	351	79491793	
-16098	-1860	4230	613	-2569	728	-124	247	15	352	1756	352	79491799	
-15987	-1903	4363	682	-2539	714	-122	248	14	353	1761	353	79491800	
-15936	-1993	4466	767	-2518	702	-122	249	13	354	1766	354	79491800	
-15926	-2066	4569	831	-2484	689	-122	250	12	355	1771	355	79491800	
-15884	-2048	4547	862	-2430	672	-129	248	13	356	1776	356	79491801	
-15774	-2062	4568	821	-2375	666	-131	247	13	357	1781	357	79491801	
-15691	-2263	4524	779	-2340	671	-121	247	13	358	1786	358	79491801	
-15796	-2309	4598	650	-2290	681	-119	247	13	359	1791	359	79491802	
-15828	-2671	4463	579	-2257	720	-127	239	19	360	1796	360	79491802	
-15935	-3056	4594	519	-2245	767	-129	237	21	361	1801	361	79491803	
-15992	-3200	4777	498	-2232	788	-123	245	16	362	1806	362	79491804	
-16094	-3199	4943	463	-2217	809	-121	247	15	363	1811	363	79491804	
-16202	-3208	4988	471	-2168	812	-127	243	15	364	1816	364	79491805	
-16315	-2916	4983	414	-2101	803	-127	243	15	365	1821	365	79491843	
-16522	-2762	4795	421	-2068	800	-136	245	21	366	1826	366	79491850	
-16550	-2508	4772	445	-2009	771	-138	246	22	367	1831	367	79491851	
-16506	-2311	4728	480	-1957	751	-129	244	21	368	1836	368	79491851	
-16413	-2116	4716	515	-1945	732	-127	243	21	369	1841	369	79491851	
-16168	-2066	4652	515	-1934	738	-124	241	19	370	1846	370	79491852	
-16000	-2150	4558	513	-1944	718	-123	241	19	371	1851	371	79491852	
-15815	-2257	4613	467	-1966	690	-123	247	22	372	1856	372	79491852	
-15842	-2258	4540	404	-2056	670	-123	249	23	373	1861	373	79491853	
-15894	-2060	4504	336	-2115	670	-125	245	21	374	1866	374	79491853	
-15954	-2004	4628	306	-2090	704	-125	245	21	375	1871	375	79491853	
-15972	-1986	4750	321	-2039	739	-133	239	25	376	1876	376	79491854	
-15980	-2094	4795	287	-1998	762	-133	239	25	377	1881	377	79491854	
-15932	-2295	4812	282	-1956	764	-129	243	19	378	1886	378	79491855	
-15853	-2417	4958	285	-1930	751	-128	244	18	379	1891	379	79491855	
-15751	-2599	5028	371	-1960	746	-130	244	21	380	1896	380	79491855	
-15674	-2950	5140	455	-2052	732	-130	244	22	381	1901	381	79491856	
-15792	-3022	5358	467	-2130	705	-135	241	21	382	1906	382	79491875	
-15920	-3170	5248	486	-2191	698	-135	241	21	383	1911	383	79491875	
-15980	-3052	5402	357	-2109	668	-128	242	26	384	1916	384	79491875	
-15944	-2726	5556	281	-2024	673	-128	242	26	385	1921	385	79491876	
-16188	-2444	5450	210	-1986	698	-129	241	23	386	1926	386	79491876	
-16394	-2532	5274	182	-1911	702	-129	241	23	387	1931	387	79491876	
-16304	-2226	5316	157	-1750	663	-130	242	24	388	1936	388	79491877	
-16270	-2132	5162	236	-1683	673	-130	242	24	389	1941	389	79491877	
-16336	-1818	5010	306	-1654	645	-128	244	26	390	1946	390	79491878	
-16258	-1518	4864	252	-1591	594	-128	244	26	391	1951	391	79491878	
-16250	-1386	4816	274	-1551	578	-141	245	35	392	1956	392	79491878	
-16246	-1162	4526	314	-1525	558	-141	245	35	393	1961	393	79491879	
-16214	-1168	4556	314	-1498	543	-132	244	28	394	1966	394	79491879	
-16198	-1148	4544	321	-1506	527	-132	244	28	395	1971	395	79491925	
-16120	-1110	4630	288	-1494	546	-132	242	24	396	1976	396	79491926	
-16072	-1198	4488	217	-1452	571	-132	242	24	397	1981	397	79491984	
-15994	-1341	4631	134	-1419	599	-130	242	28	398	1986	398	79491985	
-16010	-1428	4755	134	-1416	606	-130	241	28	399	1991	399	79491985	
-16018	-1479	4851	174	-1407	617	-131	235	27	400	1996	400	79491986	
-16050	-1544	4866	194	-1374	611	-131	235	27	401	2001	401	79491987	
