-16439	-581	2852	-614	-478	-374	-42	135	109	1	1	1	79491984	
-16472	-498	2822	-700	-312	-323	-41	135	109	2	6	2	79492001	
-16438	-374	2852	-762	-165	-291	-39	135	107	3	11	3	79492006	
-16374	-273	2897	-730	-66	-263	-39	135	107	4	16	4	79492006	
-16333	-185	2908	-626	-16	-244	-43	137	108	5	21	5	79492006	
-16314	-120	2999	-468	-6	-224	-44	138	108	6	26	6	79492007	
-16355	5	3085	-235	-28	-204	-46	137	112	7	31	7	79492007	
-16311	27	3175	-3	-61	-184	-47	137	113	8	36	8	79492008	
-16344	128	3324	196	-99	-163	-44	137	110	9	41	9	79492008	
-16394	133	3430	338	-165	-122	-43	137	109	10	46	10	79492008	
-16423	122	3502	411	-231	-77	-37	139	107	11	51	11	79492009	
-16465	11	3591	427	-310	-33	-35	139	107	12	56	12	79492009	
-16559	-162	3592	434	-423	2	-37	141	107	13	61	13	79492010	
-16703	-363	3609	434	-491	23	-37	141	107	14	66	14	79492011	
-16830	-598	3667	463	-535	9	-36	137	105	15	71	15	79492026	
-16884	-926	3496	487	-577	-29	-36	136	104	16	76	16	79492031	
-16886	-1210	3612	420	-595	-71	-46	142	108	17	81	17	79492031	
-16730	-1256	3590	301	-658	-117	-46	142	108	18	86	18	79492031	
-16640	-1200	3640	159	-709	-164	-39	141	109	19	91	19	79492032	
-16594	-1196	3906	43	-752	-207	-39	141	109	20	96	20	79492033	
-16456	-1090	3724	-23	-768	-240	-39	135	107	21	101	21	79492033	
-16404	-1045	3731	-60	-759	-238	-39	135	107	22	106	22	79492034	
-16282	-990	3716	-87	-756	-231	-39	135	107	23	111	23	79492071	
-16196	-964	3682	-104	-745	-234	-39	135	107	24	116	24	79492081	
-15954	-996	3654	-103	-723	-246	-44	140	110	25	121	25	79492081	
-15908	-996	3746	-76	-724	-236	-44	140	110	26	126	26	79492081	
-15826	-1046	3736	-5	-730	-250	-40	136	104	27	131	27	79492082	
-16004	-954	3878	97	-759	-259	-40	136	104	28	136	28	79492082	
-16136	-976	3946	230	-798	-266	-46	132	104	29	141	29	79492082	
-16334	-924	4062	379	-844	-284	-46	132	104	30	146	30	79492135	
-16562	-716	4152	522	-884	-291	-41	137	109	31	151	31	79492135	
-16820	-576	4132	630	-907	-284	-41	137	110	32	156	32	79492136	
-17036	-482	4157	641	-900	-266	-40	136	114	33	161	33	79492136	
-17158	-321	4021	589	-865	-238	-41	137	112	34	166	34	79492136	
-17304	-242	3898	466	-797	-200	-43	139	103	35	171	35	79492137	
-17371	-144	3712	286	-682	-163	-42	139	103	36	176	36	79492137	
-17337	-50	3686	106	-561	-128	-39	139	101	37	181	37	79492137	
-17300	10	3624	-22	-466	-105	-39	139	101	38	186	38	79492138	
-17310	104	3398	-170	-399	-79	-44	138	106	39	191	39	79492185	
-17276	120	3280	-281	-370	-71	-44	138	106	40	196	40	79492186	
-17143	208	3270	-404	-331	-42	-39	135	107	41	201	41	79492186	
-17074	234	3107	-457	-308	-13	-39	137	107	42	206	42	79492186	
-16959	256	3074	-467	-278	25	-41	143	107	43	211	43	79492187	
-16862	195	3097	-449	-230	60	-42	141	106	44	216	44	79492189	
-16812	65	3038	-415	-210	68	-46	134	104	45	221	45	79492190	
-16834	-160	3011	-353	-204	90	-45	135	104	46	226	46	79492191	
-16874	-387	2892	-315	-195	77	-42	138	104	47	231	47	79492191	
-16911	-620	2861	-288	-172	46	-42	139	104	48	236	48	79492191	
-16891	-868	3003	-244	-111	13	-41	143	105	49	241	49	79492199	
-16801	-995	3042	-170	-61	-36	-42	142	106	50	246	50	79492211	
-16700	-1042	3157	-70	-5	-94	-43	141	107	51	251	51	79492215	
-16608	-1040	3310	66	42	-143	-43	141	106	52	256	52	79492215	
-16577	-991	3457	242	77	-189	-43	141	105	53	261	53	79492216	
-16555	-954	3684	422	124	-230	-43	141	106	54	266	54	79492216	
