-16553	-1304	4667	-1520	717	141	-650	389	-95	1	1	1	79492203	
-16538	-1296	4700	-1463	713	122	-651	387	-93	2	6	2	79492203	
-16531	-1318	4728	-1419	700	89	-655	388	-91	3	11	3	79492203	
-16591	-1252	4729	-1370	694	60	-657	389	-89	4	16	4	79492208	
-16568	-1209	4663	-1306	710	31	-653	391	-91	5	21	5	79492212	
-16504	-1215	4610	-1233	726	-10	-651	391	-91	6	26	6	79492212	
-16440	-1200	4682	-1185	739	-39	-657	389	-92	7	31	7	79492212	
-16348	-1212	4657	-1162	731	-45	-658	388	-92	8	36	8	79492213	
-16363	-1240	4601	-1157	688	-58	-656	386	-93	9	41	9	79492213	
-16393	-1336	4518	-1205	658	-55	-655	385	-93	10	46	10	79492214	
-16406	-1534	4490	-1290	635	-41	-658	385	-96	11	51	11	79492214	
-16491	-1696	4502	-1399	605	-17	-659	385	-97	12	56	12	79492214	
-16574	-1784	4420	-1524	593	14	-656	393	-95	13	61	13	79492226	
-16634	-1886	4398	-1650	591	58	-655	395	-95	14	66	14	79492230	
-16714	-1888	4458	-1721	607	101	-653	389	-99	15	71	15	79492231	
-16732	-1924	4442	-1750	622	133	-653	389	-99	16	76	16	79492231	
-16745	-1974	4509	-1752	650	168	-655	389	-94	17	81	17	79492232	
-16732	-1936	4512	-1754	725	177	-655	389	-93	18	86	18	79492232	
-16690	-1961	4544	-1748	814	200	-655	391	-93	19	91	19	79492273	
-16666	-1944	4579	-1765	914	195	-655	391	-93	20	96	20	79492284	
-16550	-1914	4700	-1773	983	190	-656	385	-92	21	101	21	79492286	
-16476	-1884	4688	-1805	1044	192	-656	384	-92	22	106	22	79492287	
-16358	-1768	4742	-1852	1113	188	-650	390	-94	23	111	23	79492287	
-16310	-1654	4622	-1882	1129	167	-650	390	-94	24	116	24	79492288	
-16244	-1604	4540	-1896	1126	173	-658	390	-98	25	121	25	79492289	
-16228	-1524	4530	-1887	1103	191	-658	390	-98	26	126	26	79492289	
-16142	-1536	4404	-1869	1053	199	-656	392	-90	27	131	27	79492290	
-16054	-1518	4434	-1846	979	227	-656	392	-90	28	136	28	79492290	
-16062	-1528	4468	-1808	885	242	-657	389	-101	29	141	29	79492355	
-15998	-1550	4404	-1786	791	261	-657	389	-101	30	146	30	79492355	
-16090	-1625	4381	-1789	709	304	-653	387	-93	31	151	31	79492356	
-16093	-1691	4343	-1823	670	340	-652	388	-94	32	156	32	79492356	
-16116	-1703	4339	-1863	638	375	-649	391	-97	33	161	33	79492367	
-16182	-1776	4332	-1896	651	403	-652	391	-97	34	166	34	79492408	
-16246	-1790	4347	-1939	683	433	-663	389	-97	35	171	35	79492409	
-16254	-1750	4450	-1966	725	469	-663	389	-97	36	176	36	79492409	
-16300	-1716	4460	-1956	763	491	-651	391	-95	37	181	37	79492410	
-16388	-1650	4402	-1916	811	515	-651	391	-95	38	186	38	79492410	
-16344	-1674	4338	-1887	899	544	-655	389	-93	39	191	39	79492410	
-16321	-1616	4371	-1892	987	571	-656	388	-95	40	196	40	79492411	
-16285	-1584	4349	-1912	1067	584	-661	383	-101	41	201	41	79492411	
-16193	-1598	4372	-1965	1115	616	-660	385	-99	42	206	42	79492412	
-16092	-1546	4336	-2024	1111	639	-655	391	-93	43	211	43	79492412	
-16080	-1538	4307	-2082	1075	635	-654	391	-94	44	216	44	79492412	
-16064	-1526	4399	-2131	1047	649	-652	390	-100	45	221	45	79492413	
-16089	-1494	4362	-2158	1036	666	-653	391	-100	46	226	46	79492413	
-16143	-1520	4346	-2161	1025	678	-658	394	-98	47	231	47	79492413	
-16073	-1488	4438	-2162	1026	690	-658	394	-98	48	236	48	79492414	
-16062	-1506	4514	-2149	1024	707	-659	393	-97	49	241	49	79492414	
-16058	-1515	4600	-2118	996	718	-659	391	-98	50	246	50	79492433	
-16081	-1481	4660	-2073	973	751	-659	389	-99	51	251	51	79492461	
-16092	-1407	4691	-2011	959	785	-658	389	-96	52	256	52	79492462	
-16060	-1356	4741	-1928	952	815	-657	389	-91	53	261	53	79492462	
-16042	-1325	4758	-1833	958	852	-657	389	-93	54	266	54	79492462	
-16112	-1322	4750	-1747	973	883	-656	388	-96	55	271	55	79492463	
-16180	-1408	4754	-1695	998	917	-657	388	-97	56	276	56	79492463	
-16227	-1426	4743	-1674	1029	950	-659	389	-99	57	281	57	79492464	
-16259	-1404	4736	-1675	1054	969	-656	389	-98	58	286	58	79492464	
-16320	-1440	4696	-1687	1084	979	-652	388	-96	59	291	59	79492464	
-16393	-1433	4686	-1689	1119	995	-657	392	-97	60	296	60	79492465	
-16491	-1440	4685	-1668	1149	1004	-665	397	-99	61	301	61	79492485	
-16588	-1472	4711	-1646	1190	1002	-663	393	-98	62	306	62	79492515	
-16652	-1464	4782	-1636	1247	1006	-660	386	-96	63	311	63	79492516	
-16633	-1369	4790	-1619	1313	1008	-660	393	-98	64	316	64	79492516	
-16574	-1328	4779	-1599	1362	1004	-660	398	-100	65	321	65	79492517	
-16524	-1308	4775	-1580	1401	1000	-661	396	-99	66	326	66	79492517	
-16490	-1249	4799	-1563	1418	991	-662	394	-98	67	331	67	79492517	
-16432	-1267	4773	-1552	1429	984	-658	393	-100	68	336	68	79492518	
-16366	-1257	4758	-1555	1450	969	-655	393	-101	69	341	69	79492519	
-16307	-1301	4763	-1561	1467	952	-657	393	-99	70	346	70	79492578	
-16268	-1351	4780	-1576	1486	948	-659	393	-97	71	351	71	79492618	
-16212	-1351	4734	-1614	1501	940	-657	391	-98	72	356	72	79492619	
-16247	-1345	4677	-1653	1482	935	-656	390	-98	73	361	73	79492619	
-16191	-1422	4678	-1673	1459	948	-657	388	-96	74	366	74	79492619	
-16223	-1411	4604	-1691	1454	958	-657	387	-95	75	371	75	79492620	
-16268	-1420	4582	-1705	1445	971	-658	393	-99	76	376	76	79492622	
-16260	-1362	4588	-1705	1436	980	-659	397	-101	77	381	77	79492624	
-16281	-1304	4621	-1685	1433	981	-657	395	-97	78	386	78	79492624	
-16412	-1284	4644	-1666	1414	976	-656	394	-94	79	391	79	79492625	
-16528	-1300	4668	-1633	1390	962	-659	391	-97	80	396	80	79492658	
-16529	-1313	4633	-1612	1371	953	-660	390	-98	81	401	81	79492669	
-16600	-1370	4672	-1635	1375	928	-662	389	-100	82	406	82	79492670	
-16695	-1389	4614	-1680	1395	915	-663	389	-101	83	411	83	79492670	
-16786	-1411	4639	-1747	1433	882	-658	392	-99	84	416	84	79492671	
-16903	-1426	4685	-1802	1498	842	-657	393	-99	85	421	85	79492671	
-16901	-1430	4580	-1859	1605	816	-660	393	-104	86	426	86	79492671	
-16905	-1446	4451	-1887	1731	783	-661	393	-105	87	431	87	79492672	
-16868	-1423	4384	-1913	1879	770	-660	394	-99	88	436	88	79492672	
-16878	-1402	4270	-1933	2078	752	-660	394	-98	89	441	89	79492672	
-16868	-1504	4202	-1939	2193	736	-656	394	-100	90	446	90	79492673	
-16808	-1364	4170	-1941	2280	743	-656	394	-100	91	451	91	79492751	
-16700	-1274	4176	-1961	2342	760	-660	392	-98	92	456	92	79492751	
-16554	-1246	4060	-1925	2396	782	-660	392	-98	93	461	93	79492752	
-16439	-1303	4042	-1869	2431	800	-658	392	-100	94	466	94	79492752	
-16306	-1300	3910	-1808	2436	838	-658	392	-100	95	471	95	79492752	
-16256	-1298	3793	-1806	2412	891	-660	397	-98	96	476	96	79492753	
-16304	-1312	3670	-1829	2364	963	-660	398	-98	97	481	97	79492753	
-16312	-1304	3562	-1842	2338	1030	-670	386	-104	98	486	98	79492753	
-16414	-1244	3520	-1845	2309	1087	-670	386	-104	99	491	99	79492754	
-16592	-1224	3474	-1832	2296	1135	-660	394	-100	100	496	100	79492754	
-16782	-1174	3478	-1823	2317	1192	-660	394	-100	101	501	101	79492755	
-17052	-1158	3440	-1825	2313	1177	-665	387	-103	102	506	102	79492755	
-17266	-1108	3472	-1826	2329	1156	-665	387	-103	103	511	103	79492756	
-17478	-978	3540	-1826	2381	1115	-663	399	-111	104	516	104	79492803	
-17620	-902	3672	-1828	2454	1058	-663	399	-111	105	521	105	79492803	
-17596	-821	3916	-1796	2541	990	-660	396	-102	106	526	106	79492814	
-17514	-742	4073	-1725	2634	913	-662	395	-103	107	531	107	79492853	
-17456	-753	4161	-1656	2730	820	-669	393	-107	108	536	108	79492855	
-17378	-712	4211	-1575	2823	730	-667	394	-106	109	541	109	79492855	
-17250	-596	4202	-1454	2917	659	-657	399	-103	110	546	110	79492856	
-17150	-415	4091	-1297	3014	576	-658	398	-104	111	551	111	79492858	
-16992	-280	4122	-1091	3114	512	-664	394	-106	112	556	112	79492859	
-16971	-144	4060	-858	3191	446	-664	394	-105	113	561	113	79492860	
-16942	1	3824	-605	3242	385	-662	394	-100	114	566	114	79492863	
-16822	70	3548	-384	3280	343	-662	394	-101	115	571	115	79492863	
-16604	82	3278	-257	3249	323	-660	396	-104	116	576	116	79492864	
-16567	154	2872	-240	3106	333	-661	396	-104	117	581	117	79492864	
-16449	214	2501	-239	2990	335	-667	395	-103	118	586	118	79492864	
-16275	166	2081	-304	2927	340	-666	396	-103	119	591	119	79492868	
-16070	124	1794	-383	2889	345	-662	398	-104	120	596	120	79492878	
-15909	66	1517	-423	2873	352	-662	397	-105	121	601	121	79492878	
-15790	-64	1322	-485	2757	353	-663	391	-107	122	606	122	79492878	
-15754	-240	1234	-595	2455	336	-662	393	-109	123	611	123	79492879	
-15887	-478	1114	-724	2082	323	-661	397	-111	124	616	124	79492879	
-16160	-622	1059	-944	1692	323	-660	399	-109	125	621	125	79492880	
-16394	-690	1122	-1246	1366	332	-659	403	-105	126	626	126	79492880	
-16502	-756	1282	-1575	1153	328	-661	402	-107	127	631	127	79492880	
-16555	-834	1498	-1901	1042	307	-665	401	-109	128	636	128	79492902	
-16460	-911	1566	-2208	971	271	-663	400	-109	129	641	129	79492934	
-16296	-971	1559	-2507	876	220	-661	399	-109	130	646	130	79492935	
-16174	-1036	1551	-2747	724	172	-660	397	-108	131	651	131	79492935	
-16150	-912	1670	-2951	486	144	-660	396	-108	132	656	132	79492935	
-16255	-659	1793	-3102	194	120	-664	400	-112	133	661	133	79492936	
-16483	-344	1854	-3168	-139	93	-668	404	-116	134	666	134	79492936	
-16858	-24	1908	-3128	-497	74	-667	401	-113	135	671	135	79492936	
-17306	233	2040	-3028	-773	67	-666	396	-108	136	676	136	79492936	
-17651	363	2194	-2913	-962	72	-666	398	-108	137	681	137	79492937	
-17932	359	2372	-2834	-1094	85	-665	401	-109	138	686	138	79492938	
-18165	337	2421	-2847	-1194	127	-664	402	-111	139	691	139	79492939	
-18323	331	2475	-2947	-1204	209	-664	402	-112	140	696	140	79492939	
-18288	347	2572	-3047	-1087	334	-660	402	-108	141	701	141	79492949	
-18188	420	2539	-3087	-912	496	-658	402	-106	142	706	142	79492955	
-18014	585	2400	-3004	-740	668	-662	403	-109	143	711	143	79492956	
-17864	767	2171	-2768	-598	816	-665	403	-111	144	716	144	79492971	
-17784	904	1828	-2418	-504	916	-664	398	-109	145	721	145	79492980	
-17837	1108	1570	-1999	-475	959	-664	394	-108	146	726	146	79492981	
-18086	1517	1241	-1462	-504	931	-665	399	-106	147	731	147	79492981	
-18419	1968	903	-903	-532	785	-665	401	-105	148	736	148	79492982	
-18798	2184	624	-403	-542	559	-662	401	-107	149	741	149	79492982	
-19158	2301	159	-31	-488	256	-661	401	-107	150	746	150	79492983	
-19494	2312	-458	129	-311	-142	-661	401	-107	151	751	151	79492983	
-19782	2494	-1021	40	40	-627	-661	401	-107	152	756	152	79492983	
-20035	2751	-1315	-165	398	-1041	-662	400	-112	153	761	153	79492984	
-20280	2977	-1454	-356	648	-1430	-662	400	-114	154	766	154	79492984	
-20482	3133	-1456	-436	713	-1889	-667	396	-110	155	771	155	79492985	
-20655	3236	-1281	-459	730	-2305	-668	394	-108	156	776	156	79493003	
-20732	3250	-898	-558	785	-2600	-665	397	-110	157	781	157	79493009	
-20572	3082	-746	-726	805	-2805	-664	398	-110	158	786	158	79493009	
-20282	2875	-623	-1061	853	-2929	-660	399	-106	159	791	159	79493010	
-19785	2448	-566	-1545	988	-2936	-659	399	-105	160	796	160	79493010	
-19249	2096	-644	-2119	1257	-2792	-660	401	-111	161	801	161	79493011	
-18556	1682	-756	-2627	1623	-2549	-660	402	-112	162	806	162	79493011	
-17853	1392	-944	-2999	1994	-2231	-658	397	-114	163	811	163	79493011	
-17206	1060	-1274	-3202	2304	-1750	-658	396	-114	164	816	164	79493012	
-16860	816	-1360	-3125	2339	-1285	-660	404	-106	165	821	165	79493012	
-16670	642	-1562	-2876	2143	-780	-660	404	-106	166	826	166	79493013	
-16726	568	-1662	-2494	1809	-247	-656	402	-106	167	831	167	79493014	
-16992	636	-1692	-2109	1524	258	-656	402	-106	168	836	168	79493014	
-17248	648	-1540	-1734	1308	720	-654	400	-110	169	841	169	79493015	
-17382	604	-1542	-1359	1286	1142	-654	400	-110	170	846	170	79493031	
-17624	646	-1288	-998	1421	1480	-666	398	-118	171	851	171	79493083	
-17473	782	-980	-662	1503	1832	-665	398	-116	172	856	172	79493083	
-17516	1020	-860	-434	1493	2058	-662	400	-108	173	861	173	79493084	
-17372	1148	-808	-96	1418	2284	-662	400	-108	174	866	174	79493084	
-17296	1200	-786	306	1396	2442	-663	401	-109	175	871	175	79493085	
-17120	1188	-762	701	1499	2492	-663	401	-109	176	876	176	79493085	
-16832	1196	-812	986	1677	2502	-663	403	-113	177	881	177	79493086	
-16612	1408	-800	1176	1871	2426	-663	403	-113	178	886	178	79493086	
-16298	1458	-892	1369	2053	2351	-664	404	-114	179	891	179	79493087	
-16002	1572	-904	1556	2212	2220	-664	404	-114	180	896	180	79493134	
-15444	1656	-867	1709	2281	2098	-666	402	-112	181	901	181	79493137	
-15002	1604	-843	1813	2240	1995	-665	403	-112	182	906	182	79493138	
-14594	1424	-946	1825	2140	1911	-661	405	-111	183	911	183	79493138	
-14249	1354	-1012	1739	1995	1834	-662	406	-113	184	916	184	79493138	
-14021	1256	-1013	1562	1789	1757	-665	409	-119	185	921	185	79493139	
-13893	1222	-1063	1333	1551	1665	-665	408	-118	186	926	186	79493139	
-13898	1200	-1030	1097	1262	1545	-666	402	-112	187	931	187	79493139	
-14049	1094	-1048	867	930	1347	-664	403	-113	188	936	188	79493140	
-14279	992	-1080	636	587	1079	-659	405	-115	189	941	189	79493150	
-14547	949	-1027	426	288	842	-662	404	-117	190	946	190	79493176	
-14899	943	-952	242	20	621	-667	403	-119	191	951	191	79493190	
-15265	969	-907	135	-182	409	-665	403	-118	192	956	192	79493190	
-15658	996	-759	130	-305	200	-661	403	-115	193	961	193	79493191	
-15983	982	-423	281	-349	-19	-661	403	-115	194	966	194	79493192	
-16169	984	-144	535	-335	-237	-662	404	-116	195	971	195	79493192	
-16212	962	28	814	-324	-427	-662	405	-116	196	976	196	79493193	
-16294	981	204	1088	-367	-581	-663	407	-117	197	981	197	79493193	
-16415	1008	332	1349	-501	-677	-663	407	-117	198	986	198	79493193	
-16507	980	336	1527	-695	-700	-664	406	-116	199	991	199	79493194	
-16647	982	181	1636	-955	-689	-664	406	-116	200	996	200	79493194	
-16960	927	-40	1602	-1167	-644	-665	407	-117	201	1001	201	79493195	
-17280	917	-354	1393	-1193	-584	-665	406	-117	202	1006	202	79493201	
-17466	985	-683	1061	-951	-547	-664	404	-116	203	1011	203	79493212	
-17558	1078	-860	723	-428	-544	-666	403	-114	204	1016	204	79493213	
-17498	1165	-870	504	325	-589	-669	401	-111	205	1021	205	79493215	
-17301	1183	-719	489	993	-658	-663	401	-111	206	1026	206	79493216	
-17057	1092	-670	590	1367	-699	-659	401	-111	207	1031	207	79493217	
-16832	961	-590	717	1492	-723	-664	400	-113	208	1036	208	79493218	
-16698	792	-491	825	1430	-752	-667	399	-115	209	1041	209	79493219	
-16665	725	-578	914	1281	-780	-671	401	-116	210	1046	210	79493230	
-16655	700	-661	952	1165	-795	-673	403	-117	211	1051	211	79493251	
-16618	606	-696	951	1114	-790	-671	402	-117	212	1056	212	79493264	
-16539	511	-748	900	1127	-754	-667	401	-117	213	1061	213	79493266	
-16406	494	-690	781	1132	-725	-667	403	-117	214	1066	214	79493267	
-16271	470	-609	650	1075	-699	-667	405	-117	215	1071	215	79493267	
-16270	377	-600	520	931	-668	-668	404	-120	216	1076	216	79493267	
-16278	240	-625	390	708	-626	-668	404	-122	217	1081	217	79493268	
-16303	83	-605	237	465	-594	-668	404	-121	218	1086	218	79493268	
-16377	-18	-517	32	272	-582	-668	404	-120	219	1091	219	79493269	
-16487	-177	-374	-217	129	-562	-664	405	-116	220	1096	220	79493270	
-16500	-322	-183	-474	20	-544	-662	406	-114	221	1101	221	79493314	
-16521	-373	85	-762	-69	-549	-672	399	-121	222	1106	222	79493344	
-16490	-461	165	-998	-137	-574	-675	397	-123	223	1111	223	79493344	
-16529	-500	316	-1159	-197	-602	-668	399	-116	224	1116	224	79493344	
-16526	-448	402	-1240	-242	-624	-666	400	-114	225	1121	225	79493345	
-16567	-480	457	-1257	-271	-666	-670	402	-115	226	1126	226	79493345	
-16639	-468	490	-1251	-288	-704	-671	403	-115	227	1131	227	79493345	
-16664	-464	480	-1235	-303	-743	-666	405	-117	228	1136	228	79493346	
-16682	-397	398	-1234	-283	-756	-665	405	-117	229	1141	229	79493346	
-16652	-330	292	-1269	-198	-770	-665	405	-117	230	1146	230	79493347	
-16578	-267	289	-1310	-124	-783	-665	405	-117	231	1151	231	79493347	
-16460	-164	377	-1340	-72	-811	-664	403	-116	232	1156	232	79493348	
-16332	18	371	-1363	-68	-867	-664	402	-116	233	1161	233	79493349	
-16168	108	473	-1361	-135	-876	-662	405	-114	234	1166	234	79493363	
-16056	210	556	-1360	-278	-865	-662	406	-114	235	1171	235	79493368	
-15983	285	594	-1410	-517	-832	-667	404	-117	236	1176	236	79493389	
-16016	367	662	-1504	-786	-767	-668	404	-118	237	1181	237	79493394	
-16146	443	640	-1606	-1014	-675	-667	398	-124	238	1186	238	79493395	
-16374	382	728	-1725	-1210	-551	-667	397	-125	239	1191	239	79493396	
-16664	306	746	-1834	-1270	-456	-663	407	-117	240	1196	240	79493396	
-16956	192	798	-1946	-1310	-392	-663	407	-117	241	1201	241	79493396	
-17246	172	950	-2031	-1262	-360	-661	403	-117	242	1206	242	79493398	
-17398	54	1128	-2097	-1159	-346	-661	403	-117	243	1211	243	79493398	
-17700	76	1312	-2150	-975	-377	-667	407	-115	244	1216	244	79493399	
-17932	80	1314	-2184	-775	-394	-667	407	-115	245	1221	245	79493399	
-18032	36	1506	-2205	-548	-430	-662	402	-112	246	1226	246	79493400	
-18097	2	1480	-2253	-265	-516	-664	402	-113	247	1231	247	79493450	
-18053	-58	1470	-2306	-10	-575	-672	400	-116	248	1236	248	79493473	
-18050	-110	1453	-2387	259	-623	-670	401	-115	249	1241	249	79493474	
-17901	-265	1444	-2473	509	-659	-663	405	-113	250	1246	250	79493474	
-17748	-358	1416	-2563	721	-707	-663	405	-113	251	1251	251	79493475	
-17492	-494	1336	-2690	971	-712	-664	406	-118	252	1256	252	79493475	
-17262	-380	1192	-2840	1181	-723	-664	406	-118	253	1261	253	79493475	
-16916	-342	978	-2959	1371	-694	-667	401	-111	254	1266	254	79493476	
-16618	-212	1004	-3048	1470	-656	-667	401	-111	255	1271	255	79493476	
-16171	-131	760	-3107	1381	-612	-665	405	-117	256	1276	256	79493476	
-15996	-82	672	-3121	1152	-557	-666	404	-117	257	1281	257	79493492	
-15945	-11	700	-3150	828	-500	-672	402	-118	258	1286	258	79493550	
-15964	106	650	-3160	481	-479	-670	402	-118	259	1291	259	79493550	
-16165	235	668	-3165	190	-451	-660	404	-116	260	1296	260	79493550	
-16364	326	706	-3174	4	-443	-661	404	-116	261	1301	261	79493551	
-16567	325	861	-3168	-85	-455	-664	402	-118	262	1306	262	79493551	
-16717	373	933	-3190	-91	-477	-664	402	-118	263	1311	263	79493552	
-16902	482	1033	-3234	-65	-491	-663	401	-117	264	1316	264	79493552	
-17040	557	1066	-3245	-35	-494	-665	402	-116	265	1321	265	79493553	
-17150	554	1038	-3244	-8	-492	-668	404	-114	266	1326	266	79493561	
-17270	591	1004	-3259	34	-503	-667	404	-114	267	1331	267	79493584	
-17403	690	1043	-3292	120	-511	-665	405	-115	268	1336	268	79493602	
-17565	760	1075	-3316	249	-510	-665	402	-115	269	1341	269	79493603	
-17696	776	1084	-3303	394	-520	-666	398	-114	270	1346	270	79493604	
-17732	837	1106	-3278	540	-528	-666	399	-114	271	1351	271	79493605	
-17721	844	1068	-3262	751	-509	-665	405	-115	272	1356	272	79493605	
-17788	757	1072	-3266	999	-514	-667	404	-117	273	1361	273	79493606	
-17746	753	1072	-3272	1180	-520	-671	403	-121	274	1366	274	79493606	
-17610	739	1060	-3257	1356	-510	-666	401	-119	275	1371	275	79493607	
-17465	737	1065	-3218	1531	-495	-659	399	-115	276	1376	276	79493607	
-17268	689	1055	-3187	1655	-483	-659	401	-114	277	1381	277	79493608	
-17024	607	982	-3139	1699	-486	-659	405	-113	278	1386	278	79493609	
-16869	535	900	-3110	1660	-493	-660	403	-113	279	1391	279	79493610	
-16698	494	775	-3138	1555	-485	-662	400	-114	280	1396	280	79493618	
-16530	420	582	-3207	1430	-481	-664	402	-116	281	1401	281	79493626	
-16457	286	425	-3290	1293	-491	-666	404	-118	282	1406	282	79493627	
-16368	172	274	-3389	1163	-482	-662	403	-119	283	1411	283	79493627	
-16274	58	200	-3522	1063	-452	-660	402	-120	284	1416	284	79493628	
-16299	-12	172	-3700	965	-416	-661	402	-118	285	1421	285	79493630	
-16348	-62	122	-3866	837	-374	-662	402	-116	286	1426	286	79493631	
-16447	-228	118	-3968	679	-337	-663	400	-116	287	1431	287	79493631	
-16603	-438	154	-4030	506	-293	-664	398	-116	288	1436	288	79493660	
-16840	-546	195	-4103	306	-235	-663	403	-115	289	1441	289	79493680	
-17026	-568	279	-4145	167	-212	-662	404	-114	290	1446	290	79493680	
-17119	-566	448	-4142	12	-178	-662	406	-114	291	1451	291	79493681	
-17276	-572	686	-4109	-180	-126	-662	408	-114	292	1456	292	79493681	
-17382	-534	838	-4074	-357	-76	-663	406	-116	293	1461	293	79493681	
-17430	-467	1000	-4033	-516	-6	-664	404	-118	294	1466	294	79493682	
-17478	-418	1086	-3965	-655	86	-666	402	-118	295	1471	295	79493683	
-17560	-298	1133	-3888	-756	183	-668	400	-118	296	1476	296	79493684	
-17585	-132	1181	-3808	-802	323	-663	399	-116	297	1481	297	79493685	
-17572	-52	1095	-3690	-770	436	-661	399	-115	298	1486	298	79493723	
-17543	26	1045	-3567	-683	518	-663	401	-113	299	1491	299	79493733	
-17400	76	1025	-3430	-600	596	-663	401	-113	300	1496	300	79493734	
-17131	86	1059	-3280	-531	654	-665	399	-111	301	1501	301	79493734	
-16915	166	1191	-3136	-516	672	-665	399	-111	302	1506	302	79493735	
-16662	242	1291	-2999	-555	672	-661	401	-118	303	1511	303	79493735	
-16362	302	1399	-2885	-625	637	-660	402	-120	304	1516	304	79493735	
-16233	319	1358	-2766	-735	582	-661	403	-121	305	1521	305	79493736	
-16072	370	1316	-2654	-830	494	-661	403	-121	306	1526	306	79493736	
-15988	400	1356	-2596	-837	401	-665	401	-119	307	1531	307	79493736	
-15840	412	1200	-2525	-782	298	-665	401	-119	308	1536	308	79493737	
-15852	342	1238	-2503	-725	226	-665	408	-117	309	1541	309	79493776	
-15753	365	1177	-2515	-691	136	-665	409	-117	310	1546	310	79493784	
-15702	395	1094	-2569	-686	39	-661	403	-113	311	1551	311	79493784	
-15752	419	1032	-2646	-727	-62	-660	402	-112	312	1556	312	79493785	
-15825	421	966	-2732	-775	-141	-662	405	-115	313	1561	313	79493785	
-15952	470	880	-2839	-816	-248	-662	406	-116	314	1566	314	79493785	
-16008	402	858	-2936	-844	-287	-667	403	-117	315	1571	315	79493786	
-16268	460	868	-3054	-869	-341	-667	403	-117	316	1576	316	79493786	
-16458	434	1010	-3142	-928	-391	-665	405	-113	317	1581	317	79493787	
-16590	342	942	-3194	-1011	-408	-665	405	-113	318	1586	318	79493787	
-16912	406	1194	-3185	-999	-493	-663	401	-121	319	1591	319	79493805	
-17390	54	942	-3072	-821	-562	-663	401	-121	320	1596	320	79493858	
-17466	-34	958	-3302	-954	-452	-661	401	-119	321	1601	321	79493862	
-17561	56	1193	-3535	-1117	-436	-662	401	-117	322	1606	322	79493863	
-17472	34	1283	-3523	-976	-460	-664	400	-110	323	1611	323	79493865	
-17459	2	1318	-3466	-716	-481	-664	400	-111	324	1616	324	79493866	
-17459	-129	1394	-3412	-464	-540	-663	399	-113	325	1621	325	79493869	
-17256	-194	1482	-3381	-309	-569	-663	400	-114	326	1626	326	79493871	
-16974	-242	1522	-3372	-225	-572	-662	404	-116	327	1631	327	79493873	
-16717	-255	1558	-3391	-214	-561	-662	404	-116	328	1636	328	79493876	
-16594	-332	1528	-3403	-270	-557	-659	403	-115	329	1641	329	79493878	
-16510	-380	1684	-3397	-459	-518	-659	403	-115	330	1646	330	79493881	
-16518	-453	1560	-3270	-639	-492	-663	399	-115	331	1651	331	79493889	
-16659	-464	1562	-3122	-678	-471	-663	400	-115	332	1656	332	79493890	
-16718	-401	1564	-2957	-639	-440	-662	404	-114	333	1661	333	79493891	
-16715	-319	1698	-2774	-596	-406	-663	403	-114	334	1666	334	79493906	
-16726	-299	1844	-2566	-591	-378	-667	401	-113	335	1671	335	79493964	
-16677	-212	2005	-2374	-646	-314	-667	402	-113	336	1676	336	79493964	
-16753	-222	2116	-2237	-698	-263	-666	406	-112	337	1681	337	79493965	
-16862	-175	2143	-2138	-736	-245	-665	405	-112	338	1686	338	79493965	
-17040	-214	2164	-2038	-714	-262	-662	400	-110	339	1691	339	79493966	
-17156	-245	2138	-1956	-643	-285	-662	399	-112	340	1696	340	79493967	
-17224	-223	2141	-1912	-536	-302	-661	397	-115	341	1701	341	79493968	
-17251	-272	2178	-1904	-412	-328	-661	397	-113	342	1706	342	79493969	
-17248	-238	2183	-1920	-267	-366	-660	398	-110	343	1711	343	79493969	
-17213	-209	2111	-1949	-99	-393	-662	400	-110	344	1716	344	79493976	
-17096	-238	2060	-1977	83	-419	-664	404	-110	345	1721	345	79493998	
-16965	-228	2055	-2008	260	-458	-665	402	-110	346	1726	346	79494015	
-16912	-227	2079	-2055	414	-485	-666	398	-110	347	1731	347	79494015	
-16837	-290	2018	-2109	487	-500	-664	399	-111	348	1736	348	79494016	
-16814	-348	1971	-2170	509	-505	-661	399	-111	349	1741	349	79494016	
-16808	-380	1935	-2252	494	-503	-661	403	-110	350	1746	350	79494016	
-16764	-490	1890	-2333	468	-483	-662	408	-108	351	1751	351	79494016	
-16706	-509	1802	-2410	476	-454	-661	407	-110	352	1756	352	79494017	
-16640	-477	1781	-2479	505	-452	-660	406	-112	353	1761	353	79494017	
-16596	-469	1752	-2525	520	-463	-663	402	-111	354	1766	354	79494018	
-16542	-539	1715	-2561	464	-455	-667	397	-109	355	1771	355	79494018	
-16532	-550	1682	-2590	329	-428	-663	397	-113	356	1776	356	79494019	
-16548	-493	1626	-2599	194	-417	-661	397	-115	357	1781	357	79494019	
-16574	-529	1639	-2595	75	-403	-662	398	-113	358	1786	358	79494031	
-16665	-603	1654	-2602	-9	-387	-663	399	-111	359	1791	359	79494039	
-16749	-573	1672	-2625	-69	-370	-664	402	-112	360	1796	360	79494040	
-16826	-575	1646	-2648	-115	-352	-664	404	-112	361	1801	361	79494040	
-16907	-558	1630	-2669	-146	-344	-663	401	-109	362	1806	362	79494040	
-16958	-554	1723	-2673	-149	-351	-663	399	-107	363	1811	363	79494041	
-16944	-493	1738	-2639	-106	-360	-660	401	-110	364	1816	364	79494041	
-16940	-511	1737	-2587	-51	-367	-659	401	-111	365	1821	365	79494041	
-16920	-471	1878	-2545	9	-378	-663	399	-110	366	1826	366	79494105	
-16912	-484	1861	-2480	44	-384	-664	398	-110	367	1831	367	79494122	
-16944	-386	1943	-2411	36	-390	-659	403	-111	368	1836	368	79494122	
-16973	-304	2085	-2336	-14	-400	-657	405	-111	369	1841	369	79494122	
-17001	-289	2152	-2259	-78	-404	-656	404	-110	370	1846	370	79494123	
-17036	-326	2150	-2188	-104	-409	-656	404	-110	371	1851	371	79494124	
-17074	-393	2115	-2134	-76	-400	-660	402	-111	372	1856	372	79494125	
-17018	-342	2056	-2111	8	-381	-661	401	-111	373	1861	373	79494126	
-16959	-382	1924	-2099	127	-362	-659	400	-113	374	1866	374	79494127	
-16914	-388	1835	-2074	274	-349	-658	400	-114	375	1871	375	79494127	
-16856	-354	1764	-2034	404	-325	-662	401	-108	376	1876	376	79494128	
-16769	-320	1734	-2005	508	-314	-663	401	-107	377	1881	377	79494130	
-16760	-384	1752	-1963	596	-307	-656	402	-109	378	1886	378	79494130	
-16682	-412	1796	-1908	626	-303	-654	402	-110	379	1891	379	79494160	
-16649	-443	1803	-1881	602	-313	-660	402	-112	380	1896	380	79494168	
-16618	-454	1818	-1862	501	-313	-662	402	-112	381	1901	381	79494169	
-16678	-516	1882	-1859	359	-293	-660	400	-114	382	1906	382	79494169	
-16686	-594	1922	-1864	177	-297	-660	400	-114	383	1911	383	79494170	
-16770	-578	1980	-1885	7	-284	-660	396	-112	384	1916	384	79494170	
-16846	-526	1974	-1903	-104	-283	-660	396	-112	385	1921	385	79494171	
-16862	-502	1968	-1910	-120	-314	-657	407	-111	386	1926	386	79494171	
-16828	-484	1822	-1927	-42	-335	-657	407	-111	387	1931	387	79494197	
-16810	-452	1782	-1924	41	-340	-659	404	-111	388	1936	388	79494198	
-16726	-448	1722	-1937	161	-375	-659	403	-111	389	1941	389	79494198	
-16680	-474	1722	-1970	222	-394	-652	400	-110	390	1946	390	79494198	
-16632	-480	1764	-2010	243	-375	-652	400	-110	391	1951	391	79494199	
-16742	-596	1810	-2049	200	-366	-658	398	-110	392	1956	392	79494200	
-16776	-630	1768	-2096	112	-347	-658	398	-110	393	1961	393	79494200	
-16824	-612	1680	-2147	10	-323	-656	400	-110	394	1966	394	79494201	
-16878	-608	1742	-2189	-72	-296	-656	400	-110	395	1971	395	79494201	
-16980	-564	1636	-2191	-115	-277	-655	397	-107	396	1976	396	79494202	
-16977	-538	1719	-2139	-120	-263	-657	398	-107	397	1981	397	79494203	
-16922	-522	1747	-2067	-99	-271	-664	400	-108	398	1986	398	79494206	
-16839	-587	1820	-1994	-85	-296	-664	400	-109	399	1991	399	79494220	
-16835	-568	1890	-1944	-78	-324	-664	398	-112	400	1996	400	79494221	
-16812	-637	1962	-1903	-80	-338	-664	398	-112	401	2001	401	79494221	
