-16904	256	-188	-3193	-327	411	135	159	45	1	1	1	79115156	
-16944	390	-184	-3053	-215	403	135	159	45	2	6	2	79115185	
-17038	542	-238	-2757	-72	370	135	153	33	3	11	3	79115185	
-17002	580	-296	-2375	71	318	135	153	33	4	16	4	79115185	
-16972	600	-292	-1986	190	234	134	160	40	5	21	5	79115185	
-16886	578	-184	-1618	210	161	134	160	40	6	26	6	79115185	
-16768	618	-292	-1335	229	89	135	161	39	7	31	7	79115185	
-16670	602	-246	-1135	244	0	135	161	39	8	36	8	79115185	
-16630	666	-144	-949	259	-68	136	160	38	9	41	9	79115185	
-16534	738	8	-782	257	-120	136	160	38	10	46	10	79115186	
-16568	764	20	-611	280	-150	134	158	42	11	51	11	79115186	
-16464	748	76	-445	353	-146	134	158	42	12	56	12	79115193	
-16360	786	140	-274	475	-103	138	162	38	13	61	13	79115236	
-16352	772	-24	-70	636	-69	138	162	38	14	66	14	79115251	
-16258	854	48	199	828	-56	133	159	37	15	71	15	79115251	
-16168	786	-124	556	1041	-36	133	159	37	16	76	16	79115252	
-16110	734	-164	929	1263	-40	135	157	37	17	81	17	79115252	
-16034	628	-310	1329	1483	-34	135	157	37	18	86	18	79115253	
-15932	550	-442	1696	1740	-32	134	156	30	19	91	19	79115253	
-15816	416	-670	2029	2017	-2	134	156	30	20	96	20	79115253	
-15788	146	-848	2309	2240	51	138	160	38	21	101	21	79115263	
-15968	-176	-1052	2555	2345	150	138	160	38	22	106	22	79115263	
-16086	-616	-1128	2796	2329	260	134	164	34	23	111	23	79115264	
-16130	-1104	-1150	2973	2275	390	134	164	34	24	116	24	79115264	
-16204	-1544	-1370	3059	2173	495	139	159	37	25	121	25	79115264	
-16402	-1894	-1506	3151	2014	545	139	159	37	26	126	26	79115264	
-16664	-2280	-1728	3311	1820	566	137	161	37	27	131	27	79115264	
-16770	-2652	-1640	3454	1635	584	137	161	37	28	136	28	79115271	
-17004	-2926	-1694	3419	1486	600	137	163	35	29	141	29	79115298	
-17080	-3204	-1514	3145	1359	631	137	163	35	30	146	30	79115298	
-17154	-3310	-1400	2652	1303	675	136	164	36	31	151	31	79115298	
-17236	-3402	-1282	1982	1162	766	136	164	36	32	156	32	79115299	
-17276	-3312	-1068	1283	914	849	134	164	36	33	161	33	79115299	
-17222	-3366	-906	649	579	963	134	164	36	34	166	34	79115299	
-17256	-3332	-822	54	249	1066	137	161	35	35	171	35	79115300	
-17304	-3222	-846	-566	-53	1138	137	161	35	36	176	36	79115303	
-17290	-2972	-894	-1121	-324	1205	140	166	30	37	181	37	79115324	
-17264	-2572	-914	-1603	-549	1288	140	166	30	38	186	38	79115325	
-17286	-2116	-1046	-1968	-709	1374	135	163	31	39	191	39	79115325	
-17156	-1784	-1114	-2227	-823	1481	135	163	31	40	196	40	79115325	
-17004	-1498	-1196	-2434	-864	1586	137	159	35	41	201	41	79115325	
-16842	-1050	-1120	-2548	-827	1715	137	159	35	42	206	42	79115325	
-16508	-918	-1174	-2547	-784	1809	142	156	38	43	211	43	79115334	
-16340	-792	-1140	-2486	-779	1861	142	156	38	44	216	44	79115362	
-16196	-790	-1036	-2396	-808	1879	137	161	35	45	221	45	79115362	
-15980	-680	-934	-2325	-827	1914	137	161	35	46	226	46	79115362	
-15938	-600	-862	-2271	-825	1964	130	164	38	47	231	47	79115362	
-15870	-584	-670	-2251	-828	1992	130	164	38	48	236	48	79115362	
-15860	-548	-464	-2210	-837	1998	134	162	40	49	241	49	79115362	
-15716	-564	-352	-2176	-827	2002	134	162	40	50	246	50	79115380	
-15644	-508	-106	-2168	-755	2019	137	161	37	51	251	51	79115398	
-15506	-440	50	-2178	-635	2038	137	161	37	52	256	52	79115398	
-15364	-304	112	-2213	-473	2084	133	165	35	53	261	53	79115398	
-15216	-312	194	-2216	-322	2155	133	165	35	54	266	54	79115409	
-15200	-256	294	-2212	-192	2247	132	164	32	55	271	55	79115429	
-15238	-242	296	-2220	-111	2344	132	164	32	56	276	56	79115429	
-15268	-234	396	-2209	-81	2453	134	166	34	57	281	57	79115429	
-15412	-272	568	-2154	-11	2528	134	166	34	58	286	58	79115430	
-15612	-352	702	-2122	27	2563	133	167	35	59	291	59	79115430	
-15680	-434	596	-2103	37	2579	133	167	35	60	296	60	79115430	
-15922	-422	710	-2078	89	2563	132	166	38	61	301	61	79115430	
-16120	-510	634	-2061	227	2559	132	166	38	62	306	62	79115473	
-16212	-524	776	-2004	399	2462	127	167	31	63	311	63	79115473	
-16256	-534	864	-1956	484	2307	127	167	31	64	316	64	79115473	
-16394	-628	1016	-2020	498	2189	133	161	41	65	321	65	79115474	
-16466	-542	1102	-2173	447	2052	133	161	41	66	326	66	79115474	
-16588	-426	1284	-2316	434	1914	133	165	37	67	331	67	79115474	
-16626	-214	1332	-2463	357	1768	133	165	37	68	336	68	79115474	
-16662	-62	1548	-2506	254	1629	133	165	37	69	341	69	79115501	
-16694	164	1422	-2441	198	1503	133	165	37	70	346	70	79115510	
-16812	354	1470	-2351	127	1402	130	164	36	71	351	71	79115510	
-16938	538	1538	-2256	58	1359	130	164	36	72	356	72	79115510	
-17052	558	1444	-2097	19	1345	128	168	28	73	361	73	79115510	
-17238	676	1570	-1897	28	1322	128	168	28	74	366	74	79115510	
-17330	686	1500	-1656	66	1338	130	168	32	75	371	75	79115510	
-17336	690	1434	-1428	174	1339	130	168	32	76	376	76	79115510	
-17230	686	1372	-1104	345	1265	124	170	32	77	381	77	79115557	
-17196	518	1352	-769	511	1217	124	170	32	78	386	78	79115558	
-17030	364	1344	-444	702	1139	128	170	30	79	391	79	79115558	
-16952	250	1364	-109	816	1025	128	170	30	80	396	80	79115558	
-16946	78	1460	212	832	927	128	168	36	81	401	81	79115564	
-16992	-32	1532	485	807	855	128	168	36	82	406	82	79115587	
-16930	-172	1574	631	855	809	127	163	33	83	411	83	79115587	
-16838	-308	1530	602	960	791	127	163	33	84	416	84	79115588	
-16792	-326	1564	457	1032	741	132	168	38	85	421	85	79115588	
-16870	-356	1458	251	1090	704	132	168	38	86	426	86	79115588	
-17026	-230	1464	-24	1136	664	129	163	37	87	431	87	79115595	
-17060	-170	1340	-269	1155	620	129	163	37	88	436	88	79115595	
-17176	-72	1296	-548	1170	532	135	165	33	89	441	89	79115595	
-17100	2	1168	-850	1183	455	135	165	33	90	446	90	79115595	
-17042	72	966	-1116	1231	360	129	167	35	91	451	91	79115595	
-17002	196	830	-1314	1287	282	129	167	35	92	456	92	79115595	
-16908	272	680	-1465	1330	165	129	169	33	93	461	93	79115595	
-16876	328	472	-1541	1326	15	129	169	33	94	466	94	79115595	
-16768	302	380	-1515	1304	-150	126	166	34	95	471	95	79115604	
-16764	324	170	-1456	1217	-359	126	166	34	96	476	96	79115642	
-16640	446	-48	-1382	1097	-560	126	166	34	97	481	97	79115646	
-16636	592	-156	-1238	888	-776	126	166	34	98	486	98	79115646	
-16542	680	-434	-1086	677	-965	122	166	30	99	491	99	79115646	
-16484	894	-674	-957	526	-1107	122	166	30	100	496	100	79115646	
-16448	1020	-752	-875	355	-1197	130	166	30	101	501	101	79115646	
-16440	1124	-1008	-774	138	-1252	130	166	30	102	506	102	79115646	
-16496	1150	-1146	-662	-103	-1218	130	162	32	103	511	103	79115670	
-16608	1112	-1334	-541	-329	-1118	130	162	32	104	516	104	79115670	
-16654	1014	-1574	-375	-489	-976	129	167	29	105	521	105	79115670	
-16660	982	-1678	-186	-665	-862	129	167	29	106	526	106	79115670	
-16676	832	-1888	56	-809	-728	128	164	30	107	531	107	79115670	
-16782	530	-2000	332	-925	-617	128	164	30	108	536	108	79115670	
-17068	186	-2100	619	-1082	-536	135	163	31	109	541	109	79115670	
-17310	-138	-2266	941	-1278	-497	135	163	31	110	546	110	79115696	
-17618	-562	-2294	1265	-1469	-527	125	165	29	111	551	111	79115726	
-17924	-956	-2214	1574	-1646	-584	125	165	29	112	556	112	79115726	
-18124	-1368	-2204	1895	-1772	-736	128	162	36	113	561	113	79115726	
-18162	-1708	-1982	2101	-1854	-904	128	162	36	114	566	114	79115726	
-18070	-2014	-2000	2200	-1809	-1055	132	162	36	115	571	115	79115726	
-17860	-2218	-1890	2213	-1766	-1164	132	162	36	116	576	116	79115726	
-17632	-2330	-1940	2138	-1681	-1268	130	166	30	117	581	117	79115726	
-17414	-2310	-1802	2006	-1693	-1337	130	166	30	118	586	118	79115809	
-17310	-2280	-1606	1833	-1883	-1342	133	159	37	119	591	119	79115809	
-17004	-2110	-1412	1620	-2103	-1304	133	159	37	120	596	120	79115809	
-16740	-1976	-1322	1384	-2219	-1196	136	160	38	121	601	121	79115809	
-16508	-1710	-1280	1128	-2271	-1041	136	160	38	122	606	122	79115809	
-16308	-1536	-1294	935	-2338	-888	132	160	36	123	611	123	79115809	
-16078	-1336	-1414	801	-2410	-704	132	160	36	124	616	124	79115809	
-15860	-1202	-1536	738	-2438	-520	131	165	37	125	621	125	79115809	
-15692	-1100	-1732	744	-2450	-287	131	165	37	126	626	126	79115809	
-15512	-1068	-1948	774	-2438	-69	129	163	37	127	631	127	79115809	
-15358	-1058	-2078	820	-2393	108	129	163	37	128	636	128	79115809	
-15146	-1166	-2134	850	-2338	274	133	161	37	129	641	129	79115816	
-15056	-1260	-2300	905	-2241	433	133	161	37	130	646	130	79115850	
-15076	-1388	-2296	998	-2152	571	129	161	35	131	651	131	79115850	
-15124	-1610	-2318	1107	-2084	700	129	161	35	132	656	132	79115851	
-15028	-1830	-2134	1189	-2000	844	134	158	38	133	661	133	79115851	
-14994	-1936	-2050	1245	-1827	971	134	158	38	134	666	134	79115852	
-14960	-2202	-1978	1261	-1641	1053	129	159	43	135	671	135	79115852	
-14822	-2390	-1998	1188	-1496	1111	129	159	43	136	676	136	79115853	
-14712	-2606	-1792	1016	-1400	1100	129	169	39	137	681	137	79115853	
-14574	-2886	-1818	722	-1360	1087	129	169	39	138	686	138	79115853	
-14556	-3020	-1832	300	-1407	1086	128	164	38	139	691	139	79115854	
-14638	-3022	-1840	-188	-1515	1048	128	164	38	140	696	140	79115854	
-14818	-2978	-1734	-697	-1653	996	133	163	39	141	701	141	79115855	
-14990	-2834	-1930	-1257	-1777	933	133	163	39	142	706	142	79115867	
-15254	-2560	-1940	-1796	-1882	919	132	166	40	143	711	143	79115867	
-15678	-2234	-1992	-2253	-1994	878	132	166	40	144	716	144	79115875	
-16246	-1974	-1928	-2638	-2098	835	130	164	36	145	721	145	79115903	
-16834	-1700	-1930	-2951	-2148	809	130	164	36	146	726	146	79115904	
-17332	-1422	-1990	-3234	-2103	758	128	166	42	147	731	147	79115904	
-17644	-1196	-1930	-3496	-2001	689	128	166	42	148	736	148	79115905	
-17802	-934	-1970	-3706	-1728	566	133	161	43	149	741	149	79115905	
-17742	-408	-1942	-3874	-1347	378	133	161	43	150	746	150	79115905	
-17584	-72	-2014	-3967	-928	150	133	163	43	151	751	151	79115906	
-17248	296	-1950	-3885	-604	-73	133	163	43	152	756	152	79115906	
-17018	644	-1908	-3639	-422	-285	125	165	41	153	761	153	79115907	
-16972	900	-1876	-3276	-385	-439	125	165	41	154	766	154	79115942	
-17006	1078	-1650	-2846	-468	-555	131	163	41	155	771	155	79115942	
-17026	1182	-1544	-2419	-635	-622	131	163	41	156	776	156	79115942	
-17178	1196	-1530	-1990	-746	-661	133	165	39	157	781	157	79115943	
-17198	1100	-1446	-1609	-739	-655	133	165	39	158	786	158	79115943	
-17374	1030	-1382	-1304	-659	-655	134	160	42	159	791	159	79115943	
-17600	730	-1316	-1023	-567	-662	134	160	42	160	796	160	79115943	
-17672	532	-1098	-848	-420	-637	134	160	38	161	801	161	79115943	
-17736	312	-1092	-743	-212	-604	134	160	38	162	806	162	79115943	
-17888	30	-1022	-719	27	-571	128	162	40	163	811	163	79115952	
-17952	-180	-942	-768	205	-528	128	162	40	164	816	164	79115980	
-18108	-288	-852	-869	372	-494	127	163	43	165	821	165	79115980	
-18342	-504	-622	-1015	464	-458	127	163	43	166	826	166	79115981	
-18658	-762	-480	-1145	537	-393	133	163	37	167	831	167	79115981	
-18718	-886	-322	-1304	607	-320	133	163	37	168	836	168	79115981	
-18650	-894	-54	-1430	715	-246	129	161	35	169	841	169	79115981	
-18262	-754	92	-1575	936	-184	129	161	35	170	846	170	79115981	
-17694	-584	-70	-1697	1263	-142	133	163	43	171	851	171	79115981	
-17108	-280	-160	-1762	1565	-122	133	163	43	172	856	172	79115981	
-16686	48	-136	-1694	1665	-137	134	162	40	173	861	173	79115987	
-16450	266	-246	-1504	1576	-177	134	162	40	174	866	174	79116017	
-16526	348	-364	-1284	1329	-213	135	161	39	175	871	175	79116017	
-16856	164	-466	-1103	974	-202	135	161	39	176	876	176	79116017	
-17662	-42	-388	-997	562	-207	129	163	39	177	881	177	79116017	
-18492	-326	-500	-1029	227	-224	129	163	39	178	886	178	79116017	
-19526	-754	-380	-1256	96	-284	135	165	37	179	891	179	79116017	
-20324	-1238	-276	-1662	221	-358	135	165	37	180	896	180	79116017	
-20948	-1552	-196	-2152	558	-482	132	162	40	181	901	181	79116055	
-21342	-1902	56	-2660	1034	-646	132	162	40	182	906	182	79116055	
-21292	-2098	264	-3117	1491	-869	131	165	37	183	911	183	79116055	
-21018	-2172	484	-3504	1926	-1113	131	165	37	184	916	184	79116055	
-20510	-1908	660	-3791	2276	-1424	132	164	34	185	921	185	79116055	
-20164	-1546	972	-3909	2433	-1731	132	164	34	186	926	186	79116055	
-19948	-994	1208	-3847	2365	-2012	132	160	38	187	931	187	79116055	
-19766	-386	1366	-3644	2096	-2199	132	160	38	188	936	188	79116064	
-19604	164	1446	-3432	1810	-2304	130	164	32	189	941	189	79116092	
-19496	652	1522	-3331	1704	-2324	130	164	32	190	946	190	79116092	
-19244	1100	1518	-3379	1739	-2316	127	167	33	191	951	191	79116093	
-18964	1456	1352	-3553	1886	-2267	127	167	33	192	956	192	79116093	
-18496	1688	1260	-3808	2124	-2193	137	161	41	193	961	193	79116093	
-18228	1824	1054	-4080	2407	-2110	137	161	41	194	966	194	79116094	
-17782	1750	926	-4244	2705	-2031	140	162	36	195	971	195	79116094	
-17258	1734	796	-4285	2969	-1962	140	162	36	196	976	196	79116129	
-16808	1630	732	-4170	3149	-1920	135	165	35	197	981	197	79116130	
-16354	1442	534	-3885	3195	-1885	135	165	35	198	986	198	79116130	
-16068	1238	494	-3481	3128	-1903	132	158	38	199	991	199	79116130	
-15816	1034	370	-2977	2980	-1891	132	158	38	200	996	200	79116130	
-15652	974	290	-2437	2811	-1923	138	164	38	201	1001	201	79116130	
-15678	754	308	-1940	2641	-1923	138	164	38	202	1006	202	79116130	
-15694	626	356	-1554	2524	-1852	137	157	33	203	1011	203	79116130	
-15822	414	366	-1281	2491	-1755	137	157	33	204	1016	204	79116158	
-15908	330	598	-1151	2493	-1638	134	160	32	205	1021	205	79116162	
-15964	174	748	-1135	2554	-1521	134	160	32	206	1026	206	79116162	
-15900	98	946	-1240	2680	-1389	133	165	31	207	1031	207	79116162	
-15770	132	1044	-1435	2887	-1248	133	165	31	208	1036	208	79116162	
-15658	66	1300	-1709	3148	-1147	136	160	32	209	1041	209	79116162	
-15476	56	1340	-1978	3342	-1091	136	160	32	210	1046	210	79116162	
-15428	-14	1392	-2218	3392	-1037	139	161	33	211	1051	211	79116176	
-15444	-112	1506	-2469	3381	-1006	139	161	33	212	1056	212	79116211	
-15590	-172	1654	-2733	3328	-970	135	165	27	213	1061	213	79116211	
-15668	-302	1682	-3013	3253	-943	135	165	27	214	1066	214	79116211	
-15802	-406	1760	-3275	3178	-994	128	164	26	215	1071	215	79116211	
-15910	-494	1702	-3579	3170	-1086	128	164	26	216	1076	216	79116211	
-15998	-688	1646	-3905	3234	-1192	135	159	29	217	1081	217	79116211	
-16152	-706	1546	-4239	3287	-1321	135	159	29	218	1086	218	79116219	
-16322	-740	1526	-4559	3332	-1480	138	162	24	219	1091	219	79116251	
-16518	-734	1482	-4846	3327	-1657	138	162	24	220	1096	220	79116251	
-16694	-746	1608	-5084	3280	-1817	133	163	27	221	1101	221	79116251	
-16868	-620	1656	-5286	3271	-2005	133	163	27	222	1106	222	79116251	
-17058	-442	1604	-5431	3308	-2129	135	165	27	223	1111	223	79116252	
-17244	-302	1588	-5541	3343	-2228	135	165	27	224	1116	224	79116252	
-17366	-120	1480	-5591	3384	-2281	140	160	22	225	1121	225	79116256	
-17372	92	1372	-5574	3429	-2315	140	160	22	226	1126	226	79116290	
-17362	240	1414	-5464	3447	-2307	134	162	20	227	1131	227	79116290	
-17466	388	1396	-5324	3430	-2287	134	162	20	228	1136	228	79116290	
-17468	498	1374	-5132	3372	-2244	135	165	21	229	1141	229	79116290	
-17434	600	1308	-4924	3268	-2207	135	165	21	230	1146	230	79116290	
-17380	686	1180	-4739	3154	-2156	134	160	26	231	1151	231	79116290	
-17286	760	1222	-4576	3035	-2089	134	160	26	232	1156	232	79116290	
-17278	670	1142	-4428	2909	-2026	140	164	18	233	1161	233	79116290	
-17198	678	1024	-4287	2781	-1954	140	164	18	234	1166	234	79116290	
-17188	608	1080	-4139	2640	-1909	135	165	13	235	1171	235	79116322	
-17152	530	1004	-3999	2491	-1852	135	165	13	236	1176	236	79116335	
-17076	316	958	-3837	2384	-1840	136	160	18	237	1181	237	79116335	
-16998	256	884	-3703	2347	-1874	136	160	18	238	1186	238	79116335	
-16756	226	904	-3640	2419	-1944	135	161	15	239	1191	239	79116335	
-16696	206	694	-3654	2484	-1996	135	161	15	240	1196	240	79116335	
-16558	220	730	-3634	2496	-2011	137	161	19	241	1201	241	79116335	
-16412	290	702	-3545	2462	-2029	137	161	19	242	1206	242	79116346	
-16336	340	772	-3432	2403	-1995	140	162	16	243	1211	243	79116369	
-16290	396	608	-3288	2328	-1926	140	162	16	244	1216	244	79116369	
-16188	424	588	-3151	2221	-1808	141	159	15	245	1221	245	79116370	
-16152	410	568	-2980	2057	-1662	141	159	15	246	1226	246	79116371	
-15986	384	478	-2808	1934	-1515	137	153	17	247	1231	247	79116371	
-15794	302	446	-2655	1862	-1385	137	153	17	248	1236	248	79116372	
-15654	332	304	-2523	1781	-1251	137	159	13	249	1241	249	79116372	
-15588	254	280	-2369	1622	-1106	137	159	13	250	1246	250	79116377	
-15574	272	180	-2175	1393	-966	144	154	10	251	1251	251	79116406	
-15604	184	196	-1985	1193	-832	144	154	10	252	1256	252	79116406	
-15684	30	168	-1826	1041	-689	142	156	16	253	1261	253	79116406	
-15766	-84	144	-1656	955	-545	142	156	16	254	1266	254	79116407	
-15772	-200	216	-1439	909	-398	137	157	9	255	1271	255	79116407	
-15830	-190	198	-1187	866	-283	137	157	9	256	1276	256	79116407	
-15932	-326	262	-919	837	-208	139	155	13	257	1281	257	79116407	
-16082	-406	172	-664	779	-120	139	155	13	258	1286	258	79116407	
-16126	-450	158	-481	731	-43	136	158	12	259	1291	259	79116414	
-16036	-482	-102	-331	737	54	136	158	12	260	1296	260	79116444	
-15784	-406	16	-224	757	118	143	159	19	261	1301	261	79116445	
-15614	-338	-128	-100	711	154	143	159	19	262	1306	262	79116445	
-15406	-340	-182	59	584	169	135	155	9	263	1311	263	79116445	
-15186	-148	-362	225	381	216	135	155	9	264	1316	264	79116446	
-15058	-16	-342	384	159	283	136	158	10	265	1321	265	79116446	
-14980	32	-280	494	-86	356	136	158	10	266	1326	266	79116453	
-14962	174	-236	557	-398	427	135	157	15	267	1331	267	79116481	
-15050	216	-252	590	-734	498	135	157	15	268	1336	268	79116481	
-15216	144	-284	605	-1051	606	138	160	14	269	1341	269	79116481	
-15444	184	-204	556	-1274	674	138	160	14	270	1346	270	79116481	
-15684	4	-42	463	-1388	741	136	160	12	271	1351	271	79116481	
-15928	-134	112	316	-1451	814	136	160	12	272	1356	272	79116481	
-16212	-318	246	120	-1445	885	137	157	9	273	1361	273	79116481	
-16440	-462	376	-157	-1385	929	137	157	9	274	1366	274	79116511	
-16770	-558	504	-498	-1277	957	136	158	14	275	1371	275	79116528	
-17012	-598	626	-886	-1122	978	136	158	14	276	1376	276	79116529	
-17070	-666	776	-1267	-942	1001	136	158	16	277	1381	277	79116529	
-16998	-616	882	-1621	-713	971	136	158	16	278	1386	278	79116529	
-16962	-476	1030	-1965	-445	906	134	158	12	279	1391	279	79116529	
-16848	-280	1112	-2289	-291	811	134	158	12	280	1396	280	79116529	
-16662	-58	1124	-2511	-260	725	134	156	12	281	1401	281	79116539	
-16646	238	1228	-2610	-348	661	134	156	12	282	1406	282	79116575	
-16632	480	1238	-2539	-496	612	138	162	10	283	1411	283	79116576	
-16746	766	1346	-2337	-676	623	138	162	10	284	1416	284	79116576	
-16808	952	1484	-2015	-840	614	136	160	12	285	1421	285	79116576	
-16994	1178	1406	-1651	-916	669	136	160	12	286	1426	286	79116576	
-16918	1282	1438	-1260	-900	716	134	158	10	287	1431	287	79116577	
-16910	1372	1454	-813	-811	755	134	158	10	288	1436	288	79116577	
-16840	1502	1330	-296	-654	768	139	159	15	289	1441	289	79116577	
-16630	1492	1218	273	-475	797	139	159	15	290	1446	290	79116577	
-16362	1520	1172	902	-309	807	137	161	11	291	1451	291	79116603	
-16222	1454	1124	1569	-188	830	137	161	11	292	1456	292	79116604	
-16022	1390	1044	2256	-105	902	134	160	16	293	1461	293	79116604	
-15838	1180	986	2962	-62	1007	134	160	16	294	1466	294	79116604	
-15756	1024	890	3625	-75	1125	135	161	11	295	1471	295	79116604	
-15686	762	872	4217	-127	1259	135	161	11	296	1476	296	79116604	
-15556	598	752	4721	-226	1407	136	154	14	297	1481	297	79116605	
-15576	398	680	5123	-321	1548	136	154	14	298	1486	298	79116612	
-15626	176	668	5422	-420	1709	142	158	16	299	1491	299	79116639	
-15626	-66	626	5631	-457	1850	142	158	16	300	1496	300	79116640	
-15614	-224	456	5755	-494	1972	139	159	17	301	1501	301	79116640	
-15664	-414	466	5813	-518	2069	139	159	17	302	1506	302	79116640	
-15836	-554	454	5824	-588	2151	131	165	19	303	1511	303	79116640	
-15900	-644	460	5857	-692	2180	131	165	19	304	1516	304	79116640	
-16048	-798	348	5844	-774	2170	133	159	15	305	1521	305	79116640	
-16202	-894	364	5755	-777	2161	133	159	15	306	1526	306	79116660	
-16362	-874	450	5624	-769	2146	132	160	18	307	1531	307	79116677	
-16606	-864	378	5493	-758	2114	132	160	18	308	1536	308	79116678	
-17012	-790	284	5434	-827	2061	137	165	23	309	1541	309	79116678	
-17532	-794	138	5425	-989	2019	137	165	23	310	1546	310	79116678	
-18182	-874	230	5453	-1158	1977	141	159	21	311	1551	311	79116678	
-18906	-920	2	5525	-1259	1937	141	159	21	312	1556	312	79116679	
-19612	-860	-32	5631	-1288	1885	134	158	20	313	1561	313	79116688	
-20012	-862	-278	5807	-1250	1799	134	158	20	314	1566	314	79116715	
-20320	-808	-434	6058	-1053	1670	139	161	23	315	1571	315	79116715	
-20102	-670	-716	6395	-684	1574	139	161	23	316	1576	316	79116715	
-19674	-448	-892	6877	-298	1417	128	160	20	317	1581	317	79116715	
-19074	-218	-1206	7494	-75	1267	128	160	20	318	1586	318	79116715	
-18512	-60	-1364	8204	-61	1153	135	161	23	319	1591	319	79116716	
-17854	-44	-1400	8944	-338	1127	135	161	23	320	1596	320	79116716	
-17430	-140	-1498	9648	-836	1157	134	156	28	321	1601	321	79116734	
-17026	-200	-1452	10235	-1472	1243	134	156	28	322	1606	322	79116757	
-16746	-272	-1374	10665	-2101	1372	130	164	24	323	1611	323	79116758	
-16440	-426	-1292	10879	-2587	1532	130	164	24	324	1616	324	79116758	
-16264	-430	-1354	10897	-2996	1707	128	162	22	325	1621	325	79116758	
-16070	-582	-1358	10717	-3285	1919	128	162	22	326	1626	326	79116775	
-15940	-740	-1236	10364	-3497	2136	133	157	31	327	1631	327	79116787	
-15684	-988	-1312	9881	-3675	2406	133	157	31	328	1636	328	79116788	
-15486	-1176	-1362	9320	-3788	2622	137	165	33	329	1641	329	79116806	
-15214	-1530	-1474	8661	-3792	2831	137	165	33	330	1646	330	79116816	
-14984	-1926	-1502	7856	-3800	3015	134	154	34	331	1651	331	79116816	
-14882	-2084	-1514	6963	-3863	3153	134	154	34	332	1656	332	79116816	
-14808	-2262	-1248	6148	-3978	3234	133	163	33	333	1661	333	79116817	
-14876	-2348	-1234	5373	-4092	3284	133	163	33	334	1666	334	79116817	
-14960	-2424	-1046	4607	-4110	3352	132	166	36	335	1671	335	79116817	
-15112	-2338	-840	3851	-3957	3407	132	166	36	336	1676	336	79116839	
-15192	-2086	-544	3193	-3658	3401	129	165	37	337	1681	337	79116854	
-15318	-1868	-318	2680	-3315	3290	129	165	37	338	1686	338	79116854	
-15512	-1602	-58	2225	-3011	3092	133	163	31	339	1691	339	79116854	
-15676	-1392	102	1767	-2683	2854	133	163	31	340	1696	340	79116854	
-15854	-1070	364	1281	-2378	2623	132	160	30	341	1701	341	79116854	
-16086	-782	516	770	-2083	2402	132	160	30	342	1706	342	79116854	
-16302	-344	614	288	-1761	2187	129	163	39	343	1711	343	79116855	
-16378	-50	670	-107	-1449	1972	129	163	39	344	1716	344	79116855	
-16474	248	720	-410	-1112	1771	130	166	36	345	1721	345	79116855	
-16530	596	912	-642	-850	1592	130	166	36	346	1726	346	79116855	
-16604	998	1024	-779	-651	1474	128	156	42	347	1731	347	79116855	
-16746	1314	1078	-789	-539	1408	128	156	42	348	1736	348	79116855	
-16864	1366	1022	-688	-424	1350	127	157	41	349	1741	349	79116873	
-16932	1362	1014	-543	-307	1303	127	157	41	350	1746	350	79116891	
-17092	1296	900	-374	-194	1206	130	160	42	351	1751	351	79116891	
-17174	1160	838	-235	-110	1060	130	160	42	352	1756	352	79116892	
-17300	996	902	-151	-89	911	129	163	37	353	1761	353	79116892	
-17420	1024	898	-92	-65	764	129	163	37	354	1766	354	79116892	
-17372	1110	908	-70	-20	664	131	157	39	355	1771	355	79116892	
-17376	1318	928	-63	82	577	131	157	39	356	1776	356	79116893	
-17238	1498	966	-13	198	477	129	163	35	357	1781	357	79116928	
-17164	1574	984	81	304	381	129	163	35	358	1786	358	79116937	
-17132	1816	1102	188	411	339	127	169	31	359	1791	359	79116937	
-17128	2040	1170	279	496	325	127	169	31	360	1796	360	79116937	
-17200	2128	1180	389	586	295	128	162	36	361	1801	361	79116937	
-17184	2332	1138	464	727	227	128	162	36	362	1806	362	79116937	
-17230	2532	1160	542	872	149	133	159	37	363	1811	363	79116937	
-17148	2664	1026	673	1018	60	133	159	37	364	1816	364	79116951	
-17060	2772	860	873	1139	-26	129	165	39	365	1821	365	79116976	
-16838	2992	774	1132	1290	-126	129	165	39	366	1826	366	79116976	
-16720	3056	616	1458	1387	-217	126	164	36	367	1831	367	79116976	
-16564	3082	506	1870	1389	-305	126	164	36	368	1836	368	79116976	
-16446	3132	336	2390	1335	-365	129	165	35	369	1841	369	79116976	
-16416	3004	156	2935	1249	-377	129	165	35	370	1846	370	79116976	
-16366	2922	18	3443	1212	-347	126	160	32	371	1851	371	79116976	
-16274	2736	-62	3889	1242	-272	126	160	32	372	1856	372	79116998	
-16184	2512	-244	4303	1272	-218	128	162	38	373	1861	373	79117006	
-16124	2270	-394	4651	1307	-164	128	162	38	374	1866	374	79117006	
-16106	1922	-472	4874	1370	-146	127	161	37	375	1871	375	79117006	
-15956	1612	-628	4951	1461	-89	127	161	37	376	1876	376	79117006	
-15806	1314	-698	4893	1589	-83	128	156	38	377	1881	377	79117006	
-15774	982	-790	4801	1713	-81	128	156	38	378	1886	378	79117006	
-15782	510	-784	4688	1825	-86	127	163	39	379	1891	379	79117006	
-15830	138	-1018	4516	1926	-72	127	163	39	380	1896	380	79117007	
-15960	-224	-1372	4330	1956	-186	131	161	41	381	1901	381	79117071	
-16152	-594	-1462	4119	1940	-368	131	161	41	382	1906	382	79117103	
-16546	-1094	-1706	3824	1784	-551	134	160	40	383	1911	383	79117103	
-17190	-1442	-1996	3466	1599	-782	134	160	40	384	1916	384	79117104	
-17860	-1856	-2030	3035	1395	-1026	130	158	44	385	1921	385	79117104	
-18374	-1950	-2266	2600	1231	-1317	130	158	44	386	1926	386	79117104	
-18694	-1930	-2504	2108	1282	-1620	128	160	38	387	1931	387	79117109	
-18938	-1892	-2512	1603	1469	-1932	128	160	38	388	1936	388	79117142	
-18952	-1718	-2596	1108	1636	-2211	133	161	41	389	1941	389	79117142	
-18934	-1536	-2630	718	1586	-2456	133	161	41	390	1946	390	79117142	
-18930	-1334	-2634	365	1354	-2579	127	159	37	391	1951	391	79117142	
-18794	-1096	-2406	-21	1086	-2576	127	159	37	392	1956	392	79117142	
-18570	-822	-2302	-430	807	-2454	133	161	33	393	1961	393	79117142	
-18294	-558	-2250	-831	599	-2239	133	161	33	394	1966	394	79117142	
-17940	-350	-2152	-1211	380	-2002	126	158	34	395	1971	395	79117142	
-17652	-158	-2116	-1557	138	-1764	126	158	34	396	1976	396	79117142	
-17380	-2	-2242	-1955	-145	-1561	134	160	38	397	1981	397	79117142	
-17062	96	-2236	-2372	-362	-1335	134	160	38	398	1986	398	79117143	
-16910	148	-2336	-2760	-517	-1089	133	163	39	399	1991	399	79117143	
-16716	204	-2370	-3070	-598	-865	133	163	39	400	1996	400	79117143	
-16400	288	-2394	-3293	-557	-682	129	159	39	401	2001	401	79117152	
-16122	286	-2434	-3480	-462	-527	129	159	39	402	2006	402	79117152	
-15812	312	-2456	-3611	-384	-381	132	154	40	403	2011	403	79117152	
-15522	256	-2494	-3786	-365	-271	132	154	40	404	2016	404	79117152	
-15334	122	-2456	-3971	-404	-143	131	159	39	405	2021	405	79117152	
-15272	146	-2426	-4155	-450	-17	131	159	39	406	2026	406	79117182	
-15286	82	-2352	-4312	-526	75	131	159	39	407	2031	407	79117182	
-15310	76	-2172	-4406	-581	156	131	159	39	408	2036	408	79117183	
-15432	46	-1930	-4503	-611	196	129	163	39	409	2041	409	79117183	
-15606	2	-1916	-4597	-590	252	129	163	39	410	2046	410	79117183	
-15668	-10	-1662	-4706	-510	301	130	160	36	411	2051	411	79117183	
-15662	24	-1444	-4869	-385	308	130	160	36	412	2056	412	79117184	
-15714	-30	-1424	-5002	-179	287	129	159	37	413	2061	413	79117184	
-15724	80	-1212	-5150	10	227	129	159	37	414	2066	414	79117191	
-15702	156	-1050	-5326	170	147	128	162	32	415	2071	415	79117220	
-15698	254	-814	-5510	288	70	128	162	32	416	2076	416	79117220	
-15756	422	-968	-5711	379	-25	132	154	36	417	2081	417	79117220	
-15788	610	-766	-5929	408	-104	132	154	36	418	2086	418	79117220	
-15816	600	-654	-6140	390	-184	137	161	35	419	2091	419	79117221	
-15872	752	-626	-6386	386	-223	137	161	35	420	2096	420	79117221	
-15896	806	-840	-6666	411	-246	131	155	37	421	2101	421	79117221	
-16004	736	-780	-6923	417	-266	131	155	37	422	2106	422	79117221	
-16188	780	-860	-7116	421	-341	134	158	30	423	2111	423	79117256	
-16454	660	-820	-7239	415	-425	134	158	30	424	2116	424	79117264	
-16642	690	-852	-7275	449	-548	129	157	33	425	2121	425	79117264	
-16926	620	-942	-7214	534	-730	129	157	33	426	2126	426	79117265	
-17174	534	-926	-7120	688	-964	133	159	27	427	2131	427	79117265	
-17492	304	-806	-6993	831	-1269	133	159	27	428	2136	428	79117265	
-17692	130	-972	-6842	1056	-1606	133	159	27	429	2141	429	79117265	
-17910	-60	-820	-6679	1329	-1965	133	159	27	430	2146	430	79117275	
-17940	-296	-764	-6594	1607	-2257	132	158	30	431	2151	431	79117319	
-17866	-732	-662	-6664	1859	-2531	132	158	30	432	2156	432	79117329	
-17782	-868	-614	-6971	2008	-2720	136	158	30	433	2161	433	79117329	
-17706	-980	-648	-7386	2102	-2722	136	158	30	434	2166	434	79117329	
-17702	-974	-526	-7757	2099	-2619	137	159	33	435	2171	435	79117330	
-17396	-750	-458	-8020	2083	-2502	137	159	33	436	2176	436	79117330	
-17062	-404	-534	-8307	2134	-2406	136	160	26	437	2181	437	79117330	
-16876	16	-306	-8640	2085	-2288	136	160	26	438	2186	438	79117342	
-16690	328	-262	-8890	1782	-2128	137	159	25	439	2191	439	79117342	
-16686	564	-128	-8973	1329	-1941	137	159	25	440	2196	440	79117342	
-16720	992	-8	-8985	951	-1751	128	158	18	441	2201	441	79117343	
-16658	1236	180	-8948	777	-1586	128	158	18	442	2206	442	79117343	
-16698	1396	72	-8863	844	-1465	135	157	21	443	2211	443	79117343	
-16574	1728	48	-8826	1036	-1369	135	157	21	444	2216	444	79117343	
-16522	2164	38	-8862	1274	-1311	135	159	27	445	2221	445	79117343	
-16456	2396	-36	-8785	1525	-1309	135	159	27	446	2226	446	79117343	
-16312	2534	-20	-8594	1760	-1361	134	156	22	447	2231	447	79117351	
-16176	2596	-62	-8340	1925	-1451	134	156	22	448	2236	448	79117392	
-16124	2636	-50	-8064	2011	-1563	137	159	19	449	2241	449	79117392	
-15972	2680	10	-7818	2038	-1679	137	159	19	450	2246	450	79117392	
-15750	2650	96	-7654	2029	-1813	135	151	19	451	2251	451	79117392	
-15682	2548	100	-7572	2055	-1990	135	151	19	452	2256	452	79117392	
-15622	2658	390	-7509	2013	-2073	135	159	13	453	2261	453	79117392	
-15660	2706	498	-7377	1928	-2147	135	159	13	454	2266	454	79117392	
-15722	2620	594	-7166	1811	-2201	135	155	17	455	2271	455	79117443	
-15824	2596	618	-6982	1756	-2203	135	155	17	456	2276	456	79117444	
-15944	2662	644	-6804	1813	-2138	130	160	14	457	2281	457	79117445	
-15840	2632	740	-6467	1956	-2074	130	160	14	458	2286	458	79117445	
-15792	2696	774	-6073	2117	-2027	135	155	15	459	2291	459	79117445	
-15638	2698	754	-5674	2249	-2006	135	155	15	460	2296	460	79117445	
-15540	2586	754	-5245	2371	-2011	135	157	11	461	2301	461	79117445	
-15460	2552	712	-4822	2481	-2014	135	157	11	462	2306	462	79117446	
-15314	2360	652	-4500	2542	-2076	136	152	8	463	2311	463	79117446	
-15324	2474	778	-4331	2552	-2165	136	152	8	464	2316	464	79117446	
-15206	2486	968	-4186	2581	-2264	137	153	11	465	2321	465	79117467	
-15164	2588	1050	-4083	2657	-2378	137	153	11	466	2326	466	79117467	
-15106	2862	1084	-4047	2704	-2432	131	159	13	467	2331	467	79117467	
-15124	3034	1138	-3942	2675	-2451	131	159	13	468	2336	468	79117467	
-15264	3166	1172	-3786	2635	-2448	137	151	9	469	2341	469	79117467	
-15464	3330	1256	-3555	2570	-2402	137	151	9	470	2346	470	79117467	
-15492	3300	1010	-3296	2574	-2330	133	157	9	471	2351	471	79117468	
-15570	3234	796	-3073	2642	-2237	133	157	9	472	2356	472	79117468	
-15436	3182	754	-2890	2713	-2151	136	154	10	473	2361	473	79117497	
-15446	3218	580	-2748	2757	-2086	136	154	10	474	2366	474	79117523	
-15402	3110	542	-2585	2769	-1982	133	157	11	475	2371	475	79117523	
-15512	2776	352	-2380	2729	-1902	133	157	11	476	2376	476	79117523	
-15706	2642	336	-2159	2591	-1840	142	148	8	477	2381	477	79117523	
-15936	2288	280	-2012	2363	-1820	142	148	8	478	2386	478	79117523	
-16114	2068	312	-1953	2166	-1824	145	153	9	479	2391	479	79117523	
-16376	1910	320	-1991	2071	-1827	145	153	9	480	2396	480	79117538	
-16524	1824	344	-2056	1984	-1833	132	156	6	481	2401	481	79117549	
-16434	1962	518	-2140	1881	-1809	132	156	6	482	2406	482	79117550	
-16372	1952	452	-2076	1809	-1765	138	156	2	483	2411	483	79117550	
-16260	1982	460	-1911	1717	-1701	138	156	2	484	2416	484	79117550	
-16296	2062	364	-1719	1504	-1598	139	157	5	485	2421	485	79117550	
-16412	2156	398	-1556	1194	-1436	139	157	5	486	2426	486	79117550	
-16552	2158	354	-1406	907	-1252	139	153	11	487	2431	487	79117550	
-16628	2208	304	-1282	686	-1062	139	153	11	488	2436	488	79117558	
-16596	2314	268	-1169	543	-830	139	157	5	489	2441	489	79117587	
-16628	2420	286	-982	472	-638	139	157	5	490	2446	490	79117587	
-16608	2380	126	-736	438	-441	137	151	7	491	2451	491	79117587	
-16602	2318	-68	-444	430	-259	137	151	7	492	2456	492	79117587	
-16602	2212	-186	-134	413	-78	138	154	-2	493	2461	493	79117588	
-16722	1988	-298	203	371	75	138	154	-2	494	2466	494	79117588	
-16744	1734	-322	542	318	143	142	152	10	495	2471	495	79117588	
-16948	1460	-366	884	270	136	142	152	10	496	2476	496	79117596	
-17014	1174	-366	1208	212	110	139	157	7	497	2481	497	79117625	
-16932	960	-400	1507	173	18	139	157	7	498	2486	498	79117625	
-16908	820	-440	1710	174	-84	141	153	1	499	2491	499	79117625	
-16822	650	-528	1829	164	-108	141	153	1	500	2496	500	79117625	
-16950	546	-578	1893	32	-135	140	156	4	501	2501	501	79117626	
-17140	348	-758	1913	-164	-132	140	156	4	502	2506	502	79117626	
-17544	186	-708	1928	-413	-93	135	155	7	503	2511	503	79117626	
-18026	24	-832	1926	-620	-69	135	155	7	504	2516	504	79117661	
-18484	-242	-856	1995	-718	-52	144	156	8	505	2521	505	79117669	
-18972	-328	-1014	2089	-681	-25	144	156	8	506	2526	506	79117670	
-19242	-488	-1136	2199	-577	-27	140	154	6	507	2531	507	79117670	
-19412	-632	-1120	2364	-408	-38	140	154	6	508	2536	508	79117670	
-19470	-936	-1196	2515	-211	-27	139	155	5	509	2541	509	79117670	
-19334	-1240	-1312	2574	-51	-19	139	155	5	510	2546	510	79117670	
-19038	-1386	-1404	2556	161	-59	138	156	2	511	2551	511	79117679	
-18674	-1470	-1516	2539	301	-127	138	156	2	512	2556	512	79117710	
-18270	-1570	-1778	2596	352	-170	142	158	4	513	2561	513	79117710	
-17928	-1538	-1774	2684	284	-209	142	158	4	514	2566	514	79117710	
-17626	-1396	-1866	2837	68	-220	138	152	2	515	2571	515	79117710	
-17508	-1540	-1970	3065	-257	-211	138	152	2	516	2576	516	79117710	
-17616	-1466	-1998	3279	-524	-137	139	151	7	517	2581	517	79117711	
-17548	-1716	-2060	3461	-636	70	139	151	7	518	2586	518	79117711	
-17400	-1866	-1966	3434	-591	474	143	153	7	519	2591	519	79117711	
-17186	-2194	-1990	3261	-587	1060	143	153	7	520	2596	520	79117711	
-16864	-2438	-1988	2992	-758	1631	142	156	12	521	2601	521	79117716	
-16734	-2680	-2044	2627	-1115	2130	142	156	12	522	2606	522	79117746	
-16662	-2762	-2368	2415	-1456	2468	141	155	13	523	2611	523	79117746	
-16574	-2838	-2488	2417	-1685	2617	141	155	13	524	2616	524	79117746	
-16452	-2918	-2366	2521	-1890	2597	140	156	10	525	2621	525	79117747	
-16344	-2984	-2268	2623	-2111	2509	140	156	10	526	2626	526	79117747	
-16398	-3082	-2020	2665	-2399	2420	139	155	7	527	2631	527	79117747	
-16620	-3280	-1804	2642	-2757	2325	139	155	7	528	2636	528	79117747	
-17026	-3542	-1576	2607	-3127	2153	129	163	7	529	2641	529	79117777	
-17522	-3820	-1456	2588	-3435	1939	129	163	7	530	2646	530	79117787	
-17992	-3988	-1482	2542	-3598	1689	137	161	11	531	2651	531	79117788	
-18422	-4092	-1518	2450	-3588	1436	137	161	11	532	2656	532	79117788	
-18928	-3958	-1628	2319	-3429	1203	140	160	14	533	2661	533	79117788	
-19374	-3886	-1860	2263	-3203	965	140	160	14	534	2666	534	79117788	
-19630	-3732	-1896	2350	-2967	731	143	159	11	535	2671	535	79117788	
-19888	-3468	-2200	2660	-2692	500	143	159	11	536	2676	536	79117788	
-19878	-3266	-2382	3214	-2364	259	137	163	13	537	2681	537	79117812	
-19846	-3064	-2526	3975	-1995	5	137	163	13	538	2686	538	79117821	
-19608	-2894	-2572	4893	-1652	-253	135	159	15	539	2691	539	79117821	
-19272	-2656	-2726	5873	-1327	-480	135	159	15	540	2696	540	79117821	
-18942	-2586	-2842	6892	-1079	-609	134	160	14	541	2701	541	79117821	
-18534	-2312	-2854	7901	-902	-602	134	160	14	542	2706	542	79117821	
-18090	-2220	-2748	8852	-822	-487	135	157	13	543	2711	543	79117821	
-17526	-2138	-2630	9694	-834	-266	135	157	13	544	2716	544	79117835	
-17084	-2220	-2592	10378	-915	29	135	155	13	545	2721	545	79117871	
-16704	-2208	-2488	10927	-1097	375	135	155	13	546	2726	546	79117871	
-16448	-2290	-2510	11336	-1339	777	143	157	21	547	2731	547	79117872	
-16172	-2426	-2324	11611	-1577	1181	143	157	21	548	2736	548	79117872	
-15952	-2634	-2268	11777	-1751	1601	139	159	11	549	2741	549	79117872	
-15744	-2716	-2192	11801	-1874	1991	139	159	11	550	2746	550	79117872	
-15632	-2984	-2194	11699	-1973	2350	140	154	26	551	2751	551	79117872	
-15598	-3332	-2188	11459	-2086	2665	140	154	26	552	2756	552	79117932	
-15468	-3830	-2204	11083	-2214	2897	137	153	21	553	2761	553	79117932	
-15492	-4300	-2286	10542	-2365	3028	137	153	21	554	2766	554	79117932	
-15568	-4842	-2386	9808	-2497	3092	142	156	28	555	2771	555	79117932	
-15596	-5334	-2382	8846	-2592	3080	142	156	28	556	2776	556	79117933	
-15652	-5810	-2352	7624	-2685	3038	140	160	22	557	2781	557	79117933	
-15620	-6062	-2402	6194	-2734	2967	140	160	22	558	2786	558	79117933	
-15604	-6372	-2500	4630	-2787	2884	142	160	26	559	2791	559	79117933	
-15576	-6366	-2384	2959	-2865	2763	142	160	26	560	2796	560	79117933	
-15556	-6252	-2314	1285	-2918	2643	142	162	26	561	2801	561	79117969	
-15674	-5972	-2122	-267	-3014	2496	142	162	26	562	2806	562	79117985	
-15780	-5536	-1854	-1669	-3093	2351	139	159	25	563	2811	563	79117985	
-15960	-4950	-1576	-2818	-3138	2223	139	159	25	564	2816	564	79117985	
-16096	-4430	-1270	-3717	-3081	2119	136	158	26	565	2821	565	79117985	
-16270	-3800	-1068	-4384	-2929	2049	136	158	26	566	2826	566	79117985	
-16488	-3356	-894	-4767	-2715	2015	132	164	34	567	2831	567	79117986	
-16512	-2708	-782	-4899	-2442	2026	132	164	34	568	2836	568	79117986	
-16632	-2222	-674	-4784	-2156	2047	134	158	26	569	2841	569	79117986	
-16678	-1906	-554	-4440	-1870	2061	134	158	26	570	2846	570	79117986	
-16754	-1586	-440	-3979	-1575	2068	133	163	25	571	2851	571	79117986	
-16752	-1316	-520	-3376	-1277	2043	133	163	25	572	2856	572	79117986	
-16738	-1148	-438	-2674	-968	1980	133	163	31	573	2861	573	79117986	
-16728	-982	-418	-1907	-715	1921	133	163	31	574	2866	574	79117996	
-16834	-818	-366	-1067	-530	1834	136	160	24	575	2871	575	79118006	
-16926	-708	-372	-222	-376	1707	136	160	24	576	2876	576	79118006	
-16972	-828	-304	598	-275	1560	137	163	27	577	2881	577	79118006	
-17044	-930	-374	1403	-217	1396	137	163	27	578	2886	578	79118006	
-17112	-1114	-338	2186	-153	1195	138	158	26	579	2891	579	79118006	
-17298	-1110	-204	2914	-55	999	138	158	26	580	2896	580	79118006	
-17510	-1312	-240	3555	40	763	138	164	24	581	2901	581	79118016	
-17468	-1464	-82	4095	151	501	138	164	24	582	2906	582	79118061	
-17556	-1712	-32	4495	297	258	132	158	28	583	2911	583	79118061	
-17446	-1902	-10	4725	445	-1	132	158	28	584	2916	584	79118061	
-17406	-1930	-10	4817	614	-259	133	161	33	585	2921	585	79118062	
-17222	-1930	-104	4771	819	-524	133	161	33	586	2926	586	79118062	
-16942	-1996	-202	4615	1054	-771	130	164	24	587	2931	587	79118062	
-16634	-1916	-264	4400	1288	-969	130	164	24	588	2936	588	79118062	
-16442	-1824	-346	4153	1465	-1131	135	163	23	589	2941	589	79118121	
-16240	-1750	-366	3947	1552	-1276	135	163	23	590	2946	590	79118123	
-15976	-1646	-510	3801	1625	-1371	134	160	28	591	2951	591	79118124	
-15824	-1606	-724	3736	1708	-1380	134	160	28	592	2956	592	79118124	
-15710	-1572	-902	3752	1755	-1358	130	162	26	593	2961	593	79118125	
-15740	-1652	-1086	3874	1751	-1317	130	162	26	594	2966	594	79118125	
-15736	-1668	-1224	4076	1739	-1298	133	159	31	595	2971	595	79118126	
-15812	-1792	-1356	4355	1764	-1247	133	159	31	596	2976	596	79118126	
-15862	-1830	-1412	4650	1817	-1207	130	162	22	597	2981	597	79118159	
-15910	-1960	-1480	4972	1904	-1184	130	162	22	598	2986	598	79118159	
-15936	-2078	-1470	5258	2032	-1123	140	162	22	599	2991	599	79118159	
-15938	-2316	-1508	5499	2155	-1060	140	162	22	600	2996	600	79118159	
-15990	-2580	-1404	5672	2262	-950	137	159	31	601	3001	601	79118159	
-16034	-2818	-1336	5757	2275	-790	137	159	31	602	3006	602	79118159	
-16074	-3100	-1238	5717	2241	-630	133	165	27	603	3011	603	79118159	
-16130	-3320	-1108	5575	2166	-455	133	165	27	604	3016	604	79118159	
-16162	-3548	-1038	5340	2047	-275	142	158	34	605	3021	605	79118159	
-16370	-3736	-1084	5023	1916	-134	142	158	34	606	3026	606	79118159	
-16484	-3892	-990	4610	1747	-27	129	163	25	607	3031	607	79118160	
-16598	-4026	-952	4115	1614	86	129	163	25	608	3036	608	79118160	
-16770	-4170	-1062	3572	1471	137	137	155	33	609	3041	609	79118160	
-16918	-4142	-1100	2987	1363	174	137	155	33	610	3046	610	79118196	
-17064	-4248	-1096	2409	1273	166	134	168	26	611	3051	611	79118197	
-17148	-4094	-964	1820	1188	131	134	168	26	612	3056	612	79118197	
-17292	-4098	-1006	1251	1113	67	134	158	34	613	3061	613	79118197	
-17326	-3990	-1112	706	1060	-19	134	158	34	614	3066	614	79118197	
-17286	-3820	-974	193	1030	-121	139	165	31	615	3071	615	79118197	
-17226	-3668	-954	-308	1029	-184	139	165	31	616	3076	616	79118197	
-17198	-3472	-872	-773	1034	-243	130	164	32	617	3081	617	79118214	
-17072	-3234	-794	-1178	1045	-255	130	164	32	618	3086	618	79118283	
-16856	-2984	-742	-1546	1053	-234	135	163	35	619	3091	619	79118284	
-16682	-2672	-818	-1873	1086	-204	135	163	35	620	3096	620	79118284	
-16454	-2504	-754	-2149	1144	-144	134	162	30	621	3101	621	79118284	
-16242	-2220	-744	-2338	1181	-68	134	162	30	622	3106	622	79118284	
-15982	-2112	-752	-2478	1197	35	137	159	37	623	3111	623	79118284	
-15878	-1866	-828	-2564	1191	109	137	159	37	624	3116	624	79118284	
-15794	-1774	-688	-2593	1111	177	131	161	31	625	3121	625	79118284	
-15762	-1664	-770	-2610	1022	202	131	161	31	626	3126	626	79118284	
-15820	-1622	-880	-2603	909	227	134	160	28	627	3131	627	79118326	
-15798	-1578	-938	-2605	855	262	134	160	28	628	3136	628	79118371	
-15780	-1614	-794	-2595	840	272	140	156	30	629	3141	629	79118371	
-15636	-1580	-804	-2633	874	286	140	156	30	630	3146	630	79118372	
-15430	-1564	-776	-2713	964	290	139	163	25	631	3151	631	79118372	
-15212	-1544	-688	-2837	1056	282	139	163	25	632	3156	632	79118372	
-15060	-1512	-672	-2978	1086	277	135	165	27	633	3161	633	79118373	
-15134	-1566	-566	-3125	1045	274	135	165	27	634	3166	634	79118375	
-15150	-1568	-416	-3272	901	262	136	164	32	635	3171	635	79118375	
-15238	-1586	-338	-3416	756	289	136	164	32	636	3176	636	79118375	
-15366	-1586	-282	-3575	635	303	134	162	26	637	3181	637	79118404	
-15510	-1536	-78	-3729	595	316	134	162	26	638	3186	638	79118404	
-15540	-1556	-118	-3874	609	327	129	159	23	639	3191	639	79118404	
-15578	-1510	-212	-4029	699	301	129	159	23	640	3196	640	79118404	
-15594	-1602	-222	-4129	821	249	134	160	22	641	3201	641	79118404	
-15610	-1544	-270	-4208	977	187	134	160	22	642	3206	642	79118404	
-15614	-1516	-304	-4289	1131	69	136	162	26	643	3211	643	79118404	
-15736	-1446	-446	-4353	1219	-84	136	162	26	644	3216	644	79118404	
-16032	-1422	-550	-4338	1170	-273	135	159	25	645	3221	645	79118404	
-16684	-1394	-704	-4195	967	-490	135	159	25	646	3226	646	79118405	
-17532	-1440	-816	-3919	626	-691	138	158	22	647	3231	647	79118405	
-18490	-1534	-906	-3566	286	-893	138	158	22	648	3236	648	79118405	
-19366	-1690	-1038	-3211	101	-1118	137	159	23	649	3241	649	79118417	
-19746	-1736	-1322	-2908	255	-1385	137	159	23	650	3246	650	79118417	
-19836	-1666	-1556	-2644	724	-1714	141	157	25	651	3251	651	79118418	
-19522	-1458	-1950	-2369	1386	-2130	141	157	25	652	3256	652	79118418	
-18996	-1132	-2194	-1986	1971	-2571	131	155	23	653	3261	653	79118418	
-18218	-848	-2438	-1440	2319	-2987	131	155	23	654	3266	654	79118418	
-17498	-498	-2500	-737	2328	-3328	136	160	20	655	3271	655	79118418	
-16746	-266	-2598	87	2025	-3541	136	160	20	656	3276	656	79118418	
-16176	66	-2660	950	1449	-3627	135	165	19	657	3281	657	79118418	
-15818	256	-2504	1788	740	-3583	135	165	19	658	3286	658	79118418	
-15502	400	-2558	2488	46	-3433	140	156	28	659	3291	659	79118418	
-15418	472	-2384	3027	-596	-3203	140	156	28	660	3296	660	79118418	
-15374	424	-2288	3408	-1056	-2877	138	160	24	661	3301	661	79118427	
-15362	334	-2248	3611	-1375	-2510	138	160	24	662	3306	662	79118455	
-15348	70	-2238	3623	-1528	-2135	138	156	24	663	3311	663	79118465	
-15412	-312	-2338	3452	-1514	-1784	138	156	24	664	3316	664	79118465	
-15364	-788	-2376	3123	-1430	-1471	138	160	26	665	3321	665	79118465	
-15302	-1286	-2508	2663	-1329	-1234	138	160	26	666	3326	666	79118465	
-15194	-1844	-2560	2041	-1272	-1018	145	153	23	667	3331	667	79118466	
-15062	-2440	-2642	1293	-1299	-862	145	153	23	668	3336	668	79118466	
-14956	-2866	-2732	409	-1427	-747	138	160	26	669	3341	669	79118498	
-15022	-3324	-2812	-560	-1620	-666	138	160	26	670	3346	670	79118499	
-15126	-3728	-2708	-1598	-1902	-602	143	159	31	671	3351	671	79118499	
-15240	-3882	-2598	-2714	-2242	-553	143	159	31	672	3356	672	79118499	
-15390	-3962	-2428	-3948	-2548	-536	140	156	24	673	3361	673	79118499	
-15656	-3966	-2308	-5244	-2794	-511	140	156	24	674	3366	674	79118500	
-15784	-3728	-2032	-6544	-2971	-503	141	157	23	675	3371	675	79118500	
-16020	-3474	-1634	-7717	-3030	-549	141	157	23	676	3376	676	79118500	
-16342	-2986	-1286	-8688	-2982	-590	138	158	22	677	3381	677	79118500	
-16684	-2438	-964	-9367	-2831	-635	138	158	22	678	3386	678	79118561	
-16834	-1920	-610	-9725	-2655	-728	144	156	26	679	3391	679	79118561	
-16956	-1490	-436	-9873	-2426	-807	144	156	26	680	3396	680	79118561	
-17128	-1062	-432	-9871	-2102	-888	140	160	22	681	3401	681	79118561	
-17238	-680	-278	-9745	-1671	-995	140	160	22	682	3406	682	79118561	
-17230	-380	-274	-9566	-1236	-1101	138	162	18	683	3411	683	79118561	
-17284	-162	-266	-9349	-840	-1220	138	162	18	684	3416	684	79118561	
-17272	136	-230	-9058	-550	-1356	135	155	21	685	3421	685	79118561	
-17306	296	-394	-8692	-366	-1452	135	155	21	686	3426	686	79118561	
-17350	538	-500	-8263	-189	-1577	138	156	20	687	3431	687	79118561	
-17324	696	-498	-7783	-74	-1733	138	156	20	688	3436	688	79118600	
-17364	820	-554	-7186	37	-1879	134	148	26	689	3441	689	79118600	
-17494	944	-600	-6528	109	-2021	134	148	26	690	3446	690	79118600	
-17540	974	-712	-5860	130	-2148	143	159	19	691	3451	691	79118600	
-17506	1048	-732	-5182	180	-2272	143	159	19	692	3456	692	79118600	
-17508	1102	-850	-4500	253	-2375	144	156	20	693	3461	693	79118600	
-17490	1186	-894	-3803	348	-2463	144	156	20	694	3466	694	79118600	
-17430	1120	-894	-3101	437	-2533	140	156	20	695	3471	695	79118600	
-17294	1066	-1018	-2402	547	-2544	140	156	20	696	3476	696	79118600	
-17246	918	-1022	-1754	651	-2519	139	153	17	697	3481	697	79118601	
-17220	696	-1106	-1157	751	-2447	139	153	17	698	3486	698	79118601	
-17058	472	-1098	-605	886	-2336	139	149	15	699	3491	699	79118601	
-16966	274	-1306	-128	981	-2199	139	149	15	700	3496	700	79118611	
-16862	62	-1284	271	1101	-2079	142	158	18	701	3501	701	79118640	
-16848	-228	-1288	643	1168	-1912	142	158	18	702	3506	702	79118649	
-16832	-442	-1288	947	1234	-1741	141	149	19	703	3511	703	79118650	
-16792	-678	-1322	1153	1322	-1592	141	149	19	704	3516	704	79118650	
-16722	-932	-1370	1238	1468	-1417	141	151	21	705	3521	705	79118650	
-16608	-1022	-1550	1269	1606	-1254	141	151	21	706	3526	706	79118650	
-16488	-1230	-1442	1239	1709	-1120	142	152	22	707	3531	707	79118650	
-16352	-1254	-1468	1187	1725	-1010	142	152	22	708	3536	708	79118650	
-16282	-1394	-1514	1124	1687	-907	143	147	19	709	3541	709	79118666	
-16318	-1502	-1560	1046	1554	-803	143	147	19	710	3546	710	79118677	
-16240	-1620	-1546	898	1426	-712	141	157	19	711	3551	711	79118677	
-16272	-1690	-1632	710	1315	-630	141	157	19	712	3556	712	79118678	
-16194	-1816	-1562	504	1202	-519	145	153	13	713	3561	713	79118678	
-16226	-1994	-1630	263	1112	-426	145	153	13	714	3566	714	79118678	
-16186	-1998	-1538	25	998	-364	144	152	18	715	3571	715	79118678	
-16212	-2076	-1658	-247	886	-287	144	152	18	716	3576	716	79118688	
-16208	-2260	-1616	-508	791	-189	142	150	18	717	3581	717	79118713	
-16290	-2290	-1596	-765	670	-142	142	150	18	718	3586	718	79118713	
-16258	-2362	-1576	-1018	568	-90	143	155	19	719	3591	719	79118713	
-16262	-2274	-1732	-1227	471	-45	143	155	19	720	3596	720	79118713	
-16288	-2326	-1664	-1387	406	-22	141	153	17	721	3601	721	79118714	
-16326	-2188	-1640	-1528	371	-32	141	153	17	722	3606	722	79118714	
-16284	-2132	-1644	-1646	282	-26	142	150	10	723	3611	723	79118714	
-16378	-2144	-1596	-1722	214	-46	142	150	10	724	3616	724	79118742	
-16382	-2020	-1672	-1794	120	-64	140	154	22	725	3621	725	79118751	
-16428	-1922	-1546	-1831	42	-81	140	154	22	726	3626	726	79118751	
-16418	-1824	-1406	-1890	-17	-101	148	152	12	727	3631	727	79118751	
-16456	-1862	-1434	-1954	-72	-130	148	152	12	728	3636	728	79118752	
-16528	-1700	-1268	-2001	-138	-136	140	148	20	729	3641	729	79118752	
-16570	-1692	-1304	-2005	-180	-129	140	148	20	730	3646	730	79118752	
-16626	-1638	-1270	-1931	-197	-148	144	146	16	731	3651	731	79118767	
-16688	-1550	-1290	-1803	-167	-151	144	146	16	732	3656	732	79118788	
-16722	-1530	-1294	-1590	-134	-186	145	149	13	733	3661	733	79118788	
-16744	-1442	-1350	-1286	-65	-211	145	149	13	734	3666	734	79118788	
-16688	-1268	-1432	-926	33	-229	135	153	15	735	3671	735	79118789	
-16566	-1264	-1444	-493	120	-247	135	153	15	736	3676	736	79118789	
-16456	-1226	-1528	-52	227	-258	141	153	19	737	3681	737	79118789	
-16322	-1232	-1504	358	282	-246	141	153	19	738	3686	738	79118789	
-16144	-1178	-1444	738	300	-210	144	154	12	739	3691	739	79118826	
-16150	-1132	-1524	1055	259	-157	144	154	12	740	3696	740	79118826	
-16056	-1074	-1542	1382	185	-75	143	153	13	741	3701	741	79118826	
-16086	-1116	-1462	1687	105	13	143	153	13	742	3706	742	79118827	
-16092	-1200	-1524	1968	52	104	148	146	18	743	3711	743	79118827	
-16074	-1232	-1464	2188	51	218	148	146	18	744	3716	744	79118827	
-16054	-1362	-1410	2334	38	348	143	151	17	745	3721	745	79118827	
-16084	-1450	-1446	2441	35	485	143	151	17	746	3726	746	79118836	
-16180	-1654	-1324	2544	10	598	143	147	15	747	3731	747	79118872	
-16256	-1750	-1372	2614	-41	688	143	147	15	748	3736	748	79118875	
-16292	-1924	-1368	2640	-91	747	144	154	24	749	3741	749	79118875	
