-16519	-732	3177	806	-693	103	21	148	165	1	1	1	15168868	
-16778	-790	3374	518	-364	114	20	148	166	2	6	2	15168869	
-17116	-685	4112	29	132	105	24	147	170	3	11	3	15168869	
-17335	-135	4796	-713	781	96	25	147	171	4	16	4	15168869	
-17482	359	5319	-1490	1459	142	31	146	164	5	21	5	15168870	
-17614	554	5450	-2106	1974	275	32	146	162	6	26	6	15168870	
-17987	356	5360	-2583	2282	511	26	146	165	7	31	7	15168870	
-18714	-78	5388	-3170	2602	822	24	146	166	8	36	8	15168871	
-19462	-298	5128	-3560	3197	994	24	146	166	9	41	9	15168903	
-20054	-178	4134	-3502	4483	1028	24	146	166	10	46	10	15168905	
-20724	-50	2444	-2898	6347	1041	26	142	168	11	51	11	15168905	
-21118	-190	-4	-2041	8659	1137	26	142	168	12	56	12	15168905	
-21008	-198	-2908	-822	11404	1173	29	145	165	13	61	13	15168905	
-19794	-10	-5214	1380	14391	1162	29	145	165	14	66	14	15168905	
-17888	628	-6192	4711	16975	1097	28	146	162	15	71	15	15168905	
-14942	1197	-4882	8577	18011	1181	28	148	159	16	76	16	15168905	
-12843	1575	-1982	9957	16666	1314	28	154	148	17	81	17	15168913	
-12102	1890	1202	8700	13077	1604	28	153	149	18	86	18	15168946	
-12630	1773	3084	5591	8454	2013	26	150	152	19	91	19	15168946	
-14123	1183	3134	2302	4675	2281	25	151	151	20	96	20	15168946	
-16104	636	2125	96	3042	2317	22	154	148	21	101	21	15168947	
-17503	510	882	-458	3734	2182	22	152	149	22	106	22	15168947	
-17817	546	-274	34	5818	1970	22	146	152	23	111	23	15168947	
-17105	747	-1054	453	8087	1803	22	148	150	24	116	24	15168948	
-16243	597	-1092	46	9519	1881	23	153	143	25	121	25	15168950	
-15902	401	-117	-1048	9761	2162	22	149	143	26	126	26	15168966	
-15729	440	1650	-2275	9205	2544	21	143	143	27	131	27	15168983	
-15581	846	3694	-2867	8043	2911	21	146	140	28	136	28	15168983	
-15534	1437	4870	-2461	6429	3218	20	150	136	29	141	29	15168983	
-15740	1756	4402	-1259	4808	3407	19	152	138	30	146	30	15168983	
-16192	1560	2600	153	3840	3416	18	154	140	31	151	31	15168984	
-16681	1237	87	1007	3921	3255	18	152	140	32	156	32	15168984	
-16903	1208	-1604	997	4895	3036	17	149	139	33	161	33	15168984	
-16779	1374	-2138	830	5831	2876	18	151	141	34	166	34	15168990	
-16581	1468	-2056	897	6612	2774	19	153	143	35	171	35	15169014	
-16448	1303	-1533	1447	7233	2718	20	151	141	36	176	36	15169041	
-16439	883	-1302	2344	7660	2625	21	149	139	37	181	37	15169041	
-16526	460	-1666	3084	7938	2462	19	148	137	38	186	38	15169041	
-16651	303	-2299	3188	8022	2313	16	146	134	39	191	39	15169042	
-16896	564	-1843	2675	7873	2318	16	147	134	40	196	40	15169042	
-16738	701	-169	2505	7487	2536	17	149	133	41	201	41	15169042	
-16172	-324	631	3656	6995	2735	15	148	129	42	206	42	15169087	
-15560	-1926	588	4790	6732	2697	14	148	126	43	211	43	15169117	
-15058	-2958	200	4944	6718	2533	10	151	124	44	216	44	15169117	
-14646	-3194	-142	4281	7099	2358	7	153	123	45	221	45	15169117	
-14274	-2868	-81	3612	8003	2187	9	152	125	46	226	46	15169117	
-13937	-2347	-210	3448	9347	2028	11	151	127	47	231	47	15169118	
-13650	-1775	-821	3541	10852	1937	13	148	123	48	236	48	15169118	
-13285	-1223	-1506	3377	12269	1964	14	146	120	49	241	49	15169118	
-13068	-458	-2126	2951	13054	2069	9	148	118	50	246	50	15169118	
-13007	330	-2583	2788	13653	2302	8	148	118	51	251	51	15169118	
-12910	360	-2896	3284	14299	2459	8	146	115	52	256	52	15169118	
-12926	-227	-3018	4204	14991	2401	8	146	114	53	261	53	15169151	
-12808	-635	-2796	5188	15650	2161	3	144	109	54	266	54	15169159	
-12554	-628	-3197	6163	16542	1838	2	144	108	55	271	55	15169159	
-12612	-330	-5205	6859	18056	1590	7	144	100	56	276	56	15169159	
-12448	281	-6360	7222	20417	1461	8	144	98	57	281	57	15169159	
-10948	826	-4940	8085	22877	1629	6	146	98	58	286	58	15169159	
-9366	-860	-2766	8874	22860	2152	6	146	98	59	291	59	15169159	
-8536	-3208	-2508	7774	21138	2763	9	147	99	60	296	60	15169159	
-9258	-4556	-3448	4498	19047	3446	9	147	99	61	301	61	15169159	
-10300	-4400	-1162	1217	18318	3976	2	146	90	62	306	62	15169159	
-10498	-2932	3580	626	19325	4346	2	146	90	63	311	63	15169159	
-8834	-2960	5294	3875	21373	4696	7	143	81	64	316	64	15169160	
-6748	-3462	506	6949	21768	4967	7	143	81	65	321	65	15169168	
-7458	-1921	-5849	5562	19058	5547	2	138	78	66	326	66	15169211	
-9394	-763	-6757	1928	17285	5802	3	138	78	67	331	67	15169211	
-10886	992	-4597	-2455	17955	5174	5	139	77	68	336	68	15169211	
-11846	4542	-1453	-6892	19544	4131	4	138	74	69	341	69	15169211	
-12313	8736	1485	-9226	20018	3296	-1	135	61	70	346	70	15169211	
-12300	11066	2788	-8643	19701	2822	-1	135	61	71	351	71	15169212	
-12980	11774	-62	-5770	17879	2450	-1	137	63	72	356	72	15169212	
-15052	12124	-2538	-3325	14962	2049	-1	137	63	73	361	73	15169212	
-17708	11908	124	-763	12504	1692	4	136	62	74	366	74	15169222	
-20027	9454	4795	1805	11822	1175	2	136	61	75	371	75	15169252	
-20953	7358	6101	1450	11999	620	-4	134	56	76	376	76	15169252	
-21626	7289	5096	-224	11735	468	-3	133	55	77	381	77	15169252	
-22849	7705	3014	-117	11511	772	-1	127	49	78	386	78	15169252	
-23584	6998	1258	2157	12042	1459	-1	128	50	79	391	79	15169252	
-23054	5268	-195	4983	12471	2524	1	133	53	80	396	80	15169252	
-22198	2970	-2263	5351	11465	3514	0	133	53	81	401	81	15169252	
-22098	2175	-3061	3010	9259	4320	-3	135	53	82	406	82	15169252	
-23396	2141	-1783	2158	7115	4990	-3	132	52	83	411	83	15169253	
-25191	1624	-505	3160	6406	5215	-3	127	51	84	416	84	15169257	
-26554	906	-290	3862	6551	5152	-4	131	50	85	421	85	15169283	
-26626	154	-564	3423	6413	5006	-6	136	48	86	426	86	15169312	
-26189	-522	-311	2532	5320	4866	-7	133	47	87	431	87	15169313	
-26079	-1077	725	1968	3791	4665	-9	129	45	88	436	88	15169314	
-26460	-1543	1872	2145	2623	4366	-7	129	43	89	441	89	15169314	
-26411	-1989	1761	2674	2005	3907	-5	129	41	90	446	90	15169315	
-25647	-2019	937	2633	893	3309	-7	130	41	91	451	91	15169316	
-25589	-1956	1376	2331	-1532	2723	-9	131	41	92	456	92	15169316	
-26390	-2964	1667	2493	-3895	2076	-11	127	42	93	461	93	15169316	
-27446	-4191	1308	2446	-5404	1204	-13	125	43	94	466	94	15169317	
-28223	-4876	1155	2068	-6212	242	-9	126	46	95	471	95	15169321	
-28954	-5468	1104	1948	-7247	-604	-6	126	48	96	476	96	15169340	
-30158	-6028	835	1869	-8896	-1327	-6	126	44	97	481	97	15169350	
-31904	-6675	623	1434	-10632	-1985	-6	126	42	98	486	98	15169350	
-32745	-7394	305	692	-12055	-2656	-9	128	47	99	491	99	15169350	
-32768	-7738	94	136	-12967	-3151	-10	128	48	100	496	100	15169351	
-32768	-7928	611	-319	-14037	-3502	-6	127	54	101	501	101	15169351	
-32768	-7999	1599	-924	-15334	-3789	-5	127	55	102	506	102	15169351	
-32768	-7915	1884	-1894	-16800	-3947	-4	133	59	103	511	103	15169357	
-32768	-7889	2326	-3130	-17914	-4184	-4	134	60	104	516	104	15169408	
-32768	-7387	3142	-4511	-18736	-4651	-2	131	65	105	521	105	15169420	
-32768	-6392	4155	-5996	-19779	-5191	-2	130	66	106	526	106	15169420	
-32768	-5070	5513	-7343	-20824	-5816	1	132	66	107	531	107	15169420	
-32768	-3797	6720	-8518	-21624	-6575	2	132	66	108	536	108	15169420	
-32768	-2018	7776	-9618	-22139	-7540	-3	130	72	109	541	109	15169420	
-32768	415	8832	-10618	-22637	-8425	-4	130	74	110	546	110	15169420	
-32768	2840	9633	-11395	-23653	-8898	2	135	76	111	551	111	15169420	
-32768	4800	9860	-11698	-25287	-8971	4	136	76	112	556	112	15169420	
-32768	6799	9371	-11979	-26906	-8786	0	137	86	113	561	113	15169420	
-32768	9300	8758	-12748	-27815	-8501	-1	137	89	114	566	114	15169420	
-32768	11435	8046	-12859	-28365	-8059	6	138	91	115	571	115	15169426	
-32768	13230	6582	-11731	-29053	-7480	8	138	92	116	576	116	15169484	
-32768	14538	5034	-10163	-29632	-6947	10	140	96	117	581	117	15169485	
-32768	14922	4194	-8350	-29849	-6358	10	140	96	118	586	118	15169485	
-32768	14674	3738	-6328	-29500	-5850	21	139	111	119	591	119	15169485	
-30710	13066	3682	-4271	-29126	-5247	21	139	111	120	596	120	15169485	
-27196	10778	4146	-2882	-29631	-4339	20	138	114	121	601	121	15169486	
-22874	8244	5158	-2383	-31393	-3360	20	138	114	122	606	122	15169486	
-18158	5380	5304	-1857	-32768	-2554	27	137	127	123	611	123	15169486	
-14678	2814	3930	-1176	-32768	-2111	27	137	127	124	616	124	15169487	
-11480	135	-1182	-1550	-32768	-1750	20	136	138	125	621	125	15169507	
-9763	-2266	-7230	-3029	-32768	-1365	21	136	140	126	626	126	15169523	
-9047	-4423	-14238	-5815	-32768	-1308	24	134	148	127	631	127	15169528	
-8131	-6092	-21447	-9006	-31768	-1826	25	134	150	128	636	128	15169529	
-7326	-5856	-28418	-10953	-25017	-3204	27	133	159	129	641	129	15169529	
-7298	-4106	-32768	-9703	-11463	-4878	28	132	161	130	646	130	15169529	
-8798	-3830	-32768	-3581	826	-5502	31	127	171	131	651	131	15169530	
-11949	-5576	-32768	6962	10138	-4214	31	126	169	132	656	132	15169530	
-15385	-5774	-32768	14121	13303	-1689	32	122	162	133	661	133	15169530	
-15281	-2674	-32768	11457	14008	117	33	126	160	134	666	134	15169531	
-10362	1679	-32768	1348	16092	1608	34	132	158	135	671	135	15169531	
-3229	5556	-25603	-12693	16689	2730	32	133	155	136	676	136	15169531	
1758	8852	-8346	-26069	12855	3531	29	135	151	137	681	137	15169536	
3356	11060	4890	-32768	5291	4196	32	135	152	138	686	138	15169542	
2420	11275	11348	-32768	-2814	4448	37	135	153	139	691	139	15169543	
-178	9933	12880	-31616	-8556	4219	35	131	155	140	696	140	15169543	
-2825	7897	10841	-26540	-10599	3870	32	126	158	141	701	141	15169543	
-3878	6260	7774	-19905	-8648	3717	35	129	159	142	706	142	15169556	
-4045	4969	5112	-14271	-5273	3733	38	132	160	143	711	143	15169569	
-3720	3744	2925	-9090	-1634	3995	36	130	158	144	716	144	15169569	
-2952	3020	2623	-5797	905	4439	32	128	156	145	721	145	15169569	
-1717	2732	4334	-4259	2449	4791	32	128	157	146	726	146	15169569	
-426	2584	6708	-3534	3616	4752	31	129	159	147	731	147	15169569	
661	2748	8535	-2853	4999	4311	31	129	159	148	736	148	15169569	
1875	3038	9279	-1654	6721	3674	30	128	160	149	741	149	15169576	
2843	3214	9184	-531	7970	3029	31	129	161	150	746	150	15169597	
3363	3418	8961	-253	8201	2529	31	129	161	151	751	151	15169607	
3548	3410	8561	-534	7556	2171	32	127	162	152	756	152	15169607	
3419	3037	7623	-1037	6328	1980	32	126	162	153	761	153	15169607	
3132	2336	6459	-1549	4757	1940	32	126	158	154	766	154	15169607	
2640	1643	5449	-1838	3042	1951	32	126	156	155	771	155	15169607	
2128	1118	4760	-1646	1516	1967	34	130	158	156	776	156	15169607	
1565	437	4640	-692	356	1914	35	133	159	157	781	157	15169607	
1079	-118	5385	773	-98	1687	40	125	156	158	786	158	15169607	
848	-558	6313	2643	-171	1318	41	123	155	159	791	159	15169622	
1156	-334	7154	5065	41	900	37	129	157	160	796	160	15169650	
1386	-349	7897	7879	277	412	36	130	158	161	801	161	15169656	
1046	-924	7780	10608	-52	89	34	121	157	162	806	162	15169656	
576	-1334	6853	12341	-875	-27	33	119	157	163	811	163	15169657	
463	-1599	5832	13092	-1505	-108	34	126	158	164	816	164	15169657	
485	-1573	4769	13259	-1839	-190	34	128	158	165	821	165	15169657	
536	-1298	3772	13009	-2142	-229	38	126	150	166	826	166	15169657	
486	-1060	3244	12544	-2402	-198	38	126	150	167	831	167	15169681	
426	-1120	2968	11973	-2686	-136	30	122	156	168	836	168	15169682	
426	-620	2922	11104	-2955	-117	30	122	156	169	841	169	15169682	
468	-364	2674	10276	-3170	-122	31	123	149	170	846	170	15169682	
412	-278	2320	9540	-3357	-175	31	123	149	171	851	171	15169682	
288	-56	2016	8733	-3419	-338	28	130	160	172	856	172	15169682	
42	690	1670	8022	-3392	-538	28	130	160	173	861	173	15169682	
-268	1242	1408	7773	-3323	-640	25	125	153	174	866	174	15169694	
-399	1087	744	7902	-3397	-554	26	125	154	175	871	175	15169735	
-382	760	383	8029	-3401	-524	28	126	156	176	876	176	15169735	
-280	432	106	8091	-3337	-574	28	126	156	177	881	177	15169735	
-104	-46	-106	8128	-3345	-717	30	136	156	178	886	178	15169735	
-180	-450	-550	8086	-3492	-893	30	136	156	179	891	179	15169735	
-434	-1080	-1172	7875	-3716	-1023	20	122	152	180	896	180	15169735	
-730	-1622	-2064	7388	-3923	-1097	20	122	152	181	901	181	15169735	
-1052	-1794	-2930	6627	-3995	-1119	26	126	156	182	906	182	15169759	
-1280	-2050	-4008	5477	-3796	-1110	26	126	156	183	911	183	15169759	
-1479	-2217	-4958	4434	-3500	-1052	26	126	154	184	916	184	15169759	
-1778	-2342	-6049	3406	-3228	-934	27	127	155	185	921	185	15169759	
-2050	-2368	-7214	2513	-2998	-736	29	129	157	186	926	186	15169759	
-2386	-2390	-8415	1800	-2650	-558	27	129	157	187	931	187	15169759	
-2851	-2511	-9725	1365	-2042	-410	19	131	157	188	936	188	15169762	
-3181	-2211	-10886	1068	-1137	-301	19	131	158	189	941	189	15169778	
-3710	-1363	-12013	926	149	-254	21	131	161	190	946	190	15169797	
-4286	-51	-13356	908	1786	-197	21	131	156	191	951	191	15169797	
-4603	750	-14716	806	3433	-152	20	132	148	192	956	192	15169797	
-4776	715	-18041	200	5063	-16	21	132	149	193	961	193	15169797	
-5588	247	-24694	-948	7010	219	23	131	151	194	966	194	15169797	
-6968	-490	-31142	-2502	10492	340	23	132	153	195	971	195	15169797	
-7603	-88	-32768	-5860	15638	181	22	134	156	196	976	196	15169797	
-6728	2047	-30079	-10320	20190	244	20	135	150	197	981	197	15169808	
-6778	2902	-25636	-9820	21820	1444	18	136	142	198	986	198	15169835	
-12484	-2869	-28895	2743	20734	4038	18	139	140	199	991	199	15169857	
-21081	-18063	-18976	17987	18942	6421	17	141	137	200	996	200	15169865	
-29290	-16946	15747	8806	11314	5969	19	139	134	201	1001	201	15169866	
-32768	4206	32767	-13450	578	2667	20	138	132	202	1006	202	15169866	
-32768	14335	32767	-14984	703	-1880	16	135	133	203	1011	203	15169867	
-32768	9886	29714	-2231	14552	-6187	13	133	133	204	1016	204	15169867	
-32768	6579	21142	3232	28431	-7760	15	140	128	205	1021	205	15169869	
-32768	10069	11643	-4998	30614	-7101	16	144	124	206	1026	206	15169872	
-24310	10626	17125	-22472	24929	-2965	19	144	126	207	1031	207	15169872	
-14298	6328	30232	-24386	17251	3021	20	144	126	208	1036	208	15169872	
-7540	2776	30339	-7669	9220	7767	17	142	118	209	1041	209	15169872	
-6434	-6364	8190	6227	4329	9049	16	142	116	210	1046	210	15169872	
-19753	-8657	-25654	6730	3066	6811	14	144	110	211	1051	211	15169872	
-30829	24474	-32768	-337	-2731	4963	13	145	109	212	1056	212	15169902	
-32768	32767	-32768	-22506	-21827	4076	14	146	116	213	1061	213	15169909	
-32768	32767	-14100	-29562	-24539	8539	14	146	120	214	1066	214	15169909	
-32768	32767	6344	8431	11478	4453	12	149	122	215	1071	215	15169909	
-29063	-1566	27494	32659	32767	-4311	11	151	123	216	1076	216	15169909	
-21249	-28816	32767	32767	32767	-1657	12	147	97	217	1081	217	15169909	
-24249	-32768	32767	24784	27000	3417	12	146	90	218	1086	218	15169909	
-26202	-32768	32767	7584	5744	6195	11	144	84	219	1091	219	15169918	
-23834	-30533	32767	-2410	-3041	7601	11	143	83	220	1096	220	15169942	
-14848	-27251	32767	-8391	-505	9700	9	136	84	221	1101	221	15169947	
-5021	-28053	32767	-7876	6840	9037	8	134	84	222	1106	222	15169947	
1284	-27123	32413	-3649	11437	3777	2	136	84	223	1111	223	15169948	
4058	-20798	30298	-2731	8172	-3190	0	136	84	224	1116	224	15169948	
838	-7994	24310	-9025	-3361	-5859	8	132	80	225	1121	225	15169948	
-11766	5656	15730	-15022	-17406	-6397	8	132	80	226	1126	226	15169948	
-24936	13706	4562	-15213	-27959	-4812	10	138	90	227	1131	227	15169968	
-32768	20794	-3996	-13356	-30393	-4673	10	138	90	228	1136	228	15169986	
-32768	24548	-5520	-11422	-24088	-4466	8	142	96	229	1141	229	15169986	
-32768	27642	-178	-11659	-16748	-3091	8	142	96	230	1146	230	15169986	
-32768	30702	5646	-9409	-11228	-2592	12	138	96	231	1151	231	15169986	
-32768	29744	7554	-1612	-7093	-2318	12	138	96	232	1156	232	15169986	
-26010	20248	3705	10025	-7068	-302	10	142	102	233	1161	233	15169986	
-24192	9880	-344	15200	-9718	2081	11	141	101	234	1166	234	15169993	
-26205	1965	-1486	15472	-12335	3495	13	137	99	235	1171	235	15170023	
-27846	-1817	-1342	14080	-13139	3625	12	138	100	236	1176	236	15170023	
-26196	-3451	-562	13206	-11285	3022	6	144	104	237	1181	237	15170024	
-21988	-5451	812	12620	-8157	2337	7	145	105	238	1186	238	15170024	
-18001	-7010	2360	11019	-6148	1480	11	147	109	239	1191	239	15170024	
-14858	-6858	3782	8222	-6210	583	10	146	108	240	1196	240	15170024	
-12742	-5136	4414	5409	-7870	-71	8	144	106	241	1201	241	15170025	
-11543	-3020	4319	3740	-9457	-375	9	141	106	242	1206	242	15170050	
-10471	-840	4187	2831	-10597	-522	11	137	105	243	1211	243	15170095	
-9562	1047	4325	2512	-11266	-713	10	139	105	244	1216	244	15170108	
-9071	2712	4893	2737	-11710	-972	9	141	105	245	1221	245	15170108	
-8948	3354	5360	3538	-12272	-1088	8	142	106	246	1226	246	15170108	
-9152	2968	5456	4693	-13043	-1052	6	144	108	247	1231	247	15170108	
-9481	2210	5337	5766	-13854	-969	8	143	112	248	1236	248	15170108	
-9800	1149	5081	6545	-14479	-936	11	141	119	249	1241	249	15170110	
-10060	-220	4710	6614	-14579	-1003	9	142	118	250	1246	250	15170123	
-10091	-1084	4526	6002	-14211	-1125	7	143	117	251	1251	251	15170137	
-10076	-1800	4274	5307	-13845	-1239	9	141	121	252	1256	252	15170137	
-10120	-2466	3984	4845	-13890	-1263	13	139	127	253	1261	253	15170137	
-10241	-3028	3662	4761	-14165	-1240	12	140	126	254	1266	254	15170137	
-10638	-3420	3638	4872	-14274	-1217	11	141	125	255	1271	255	15170138	
-11220	-3678	3924	4814	-14165	-1161	8	141	124	256	1276	256	15170138	
-11951	-3841	4380	4168	-14087	-979	3	141	123	257	1281	257	15170138	
-12940	-3715	4514	2885	-14400	-685	7	143	126	258	1286	258	15170138	
-14072	-3430	4014	1592	-14880	-406	10	144	128	259	1291	259	15170138	
-15308	-3415	2634	526	-15187	-165	10	142	132	260	1296	260	15170138	
-16489	-3509	790	-408	-15034	-47	10	140	134	261	1301	261	15170138	
-17432	-3348	-705	-1518	-14349	-131	12	142	133	262	1306	262	15170138	
-17915	-2729	-1490	-2843	-13264	-417	13	143	133	263	1311	263	15170146	
-17869	-1737	-1807	-4045	-12035	-824	11	142	140	264	1316	264	15170155	
-17564	-604	-1876	-4778	-10911	-1232	9	141	145	265	1321	265	15170174	
-17010	334	-1858	-4896	-9913	-1600	8	137	147	266	1326	266	15170186	
-16409	606	-1811	-4424	-9309	-1952	7	135	147	267	1331	267	15170187	
-16016	592	-1755	-3743	-9008	-2341	13	142	151	268	1336	268	15170187	
-15820	580	-1506	-3265	-8952	-2671	14	144	152	269	1341	269	15170187	
-15999	519	-985	-3236	-9120	-2829	8	145	153	270	1346	270	15170187	
-16398	525	-497	-3516	-9434	-2855	7	145	153	271	1351	271	15170187	
-16910	506	-370	-3732	-9538	-2817	12	140	150	272	1356	272	15170201	
-17210	334	-204	-3755	-9213	-2763	13	139	149	273	1361	273	15170235	
-17098	308	148	-3703	-8464	-2725	12	142	154	274	1366	274	15170243	
-16886	478	786	-3780	-7960	-2694	12	142	154	275	1371	275	15170243	
-16774	742	1356	-3953	-8082	-2703	4	138	148	276	1376	276	15170243	
-16596	1214	1960	-4104	-8793	-2676	4	138	148	277	1381	277	15170243	
-16538	1578	2434	-4296	-9871	-2497	16	142	156	278	1386	278	15170244	
-16714	1900	3082	-4464	-11014	-2252	16	142	156	279	1391	279	15170244	
-16870	2012	3206	-4374	-12022	-1942	15	143	161	280	1396	280	15170244	
-17254	1684	3114	-4146	-12845	-1621	15	143	161	281	1401	281	15170272	
