-16374	-938	-653	-364	-149	-140	-50	168	-44	1	1	1	73385586	
-16428	-889	-692	-369	-156	-151	-49	169	-47	2	6	2	73385586	
-16430	-919	-719	-382	-157	-163	-45	171	-57	3	11	3	73385586	
-16449	-916	-760	-386	-153	-164	-44	170	-56	4	16	4	73385591	
-16500	-860	-739	-364	-157	-175	-42	168	-54	5	21	5	73385615	
-16472	-876	-696	-338	-166	-184	-42	168	-55	6	26	6	73385637	
-16510	-905	-768	-301	-168	-192	-44	166	-58	7	31	7	73385638	
-16458	-870	-862	-285	-169	-203	-44	167	-56	8	36	8	73385638	
-16494	-874	-760	-264	-176	-211	-42	170	-50	9	41	9	73385638	
-16420	-882	-732	-226	-172	-209	-42	170	-51	10	46	10	73385638	
-16384	-880	-693	-189	-155	-208	-41	169	-53	11	51	11	73385639	
-16302	-872	-666	-157	-151	-202	-41	169	-50	12	56	12	73385639	
-16311	-908	-706	-149	-157	-189	-40	168	-46	13	61	13	73385639	
-16321	-885	-702	-162	-155	-180	-40	166	-49	14	66	14	73385639	
-16298	-885	-693	-179	-148	-177	-39	163	-53	15	71	15	73385640	
-16348	-914	-754	-183	-137	-172	-40	164	-53	16	76	16	73385644	
-16347	-890	-693	-184	-131	-145	-42	168	-54	17	81	17	73385669	
-16360	-930	-632	-195	-133	-147	-42	167	-54	18	86	18	73385714	
-16318	-943	-705	-201	-134	-144	-42	164	-56	19	91	19	73385714	
-16359	-957	-655	-214	-136	-148	-44	165	-54	20	96	20	73385714	
-16402	-931	-670	-238	-137	-155	-46	166	-52	21	101	21	73385715	
-16450	-908	-736	-288	-147	-167	-45	167	-52	22	106	22	73385715	
-16437	-930	-786	-340	-153	-176	-43	169	-51	23	111	23	73385715	
-16432	-938	-754	-364	-160	-180	-42	168	-53	24	116	24	73385716	
-16428	-913	-656	-352	-162	-184	-41	167	-55	25	121	25	73385716	
-16439	-899	-605	-321	-152	-192	-42	165	-52	26	126	26	73385716	
-16456	-920	-614	-293	-149	-200	-43	163	-47	27	131	27	73385716	
-16449	-945	-576	-266	-141	-194	-43	164	-51	28	136	28	73385717	
-16458	-887	-602	-242	-126	-186	-43	165	-57	29	141	29	73385717	
-16438	-858	-670	-211	-112	-187	-42	164	-56	30	146	30	73385725	
-16425	-862	-711	-182	-114	-191	-41	163	-55	31	151	31	73385748	
-16401	-858	-725	-163	-118	-186	-44	165	-55	32	156	32	73385765	
-16384	-838	-671	-161	-121	-180	-48	168	-54	33	161	33	73385765	
-16360	-828	-683	-169	-132	-185	-44	169	-52	34	166	34	73385765	
-16330	-836	-728	-179	-143	-183	-38	170	-50	35	171	35	73385766	
-16369	-848	-700	-178	-146	-179	-46	169	-48	36	176	36	73385766	
-16400	-828	-654	-161	-145	-174	-53	167	-45	37	181	37	73385766	
-16412	-805	-668	-139	-135	-177	-48	168	-52	38	186	38	73385766	
-16376	-834	-720	-115	-126	-177	-44	168	-56	39	191	39	73385767	
-16371	-875	-706	-90	-117	-176	-43	168	-54	40	196	40	73385767	
-16391	-902	-656	-65	-112	-178	-42	168	-52	41	201	41	73385777	
-16416	-914	-660	-51	-114	-179	-46	163	-55	42	206	42	73385793	
-16420	-912	-739	-39	-116	-176	-53	155	-59	43	211	43	73385794	
-16354	-922	-788	-35	-118	-174	-47	159	-57	44	216	44	73385794	
-16386	-936	-723	-54	-122	-182	-41	163	-55	45	221	45	73385794	
-16394	-947	-712	-78	-125	-195	-40	168	-54	46	226	46	73385795	
-16428	-941	-774	-99	-138	-205	-39	171	-53	47	231	47	73385795	
-16438	-921	-770	-114	-134	-210	-41	168	-54	48	236	48	73385795	
-16454	-907	-759	-129	-124	-218	-42	166	-54	49	241	49	73385795	
-16436	-883	-705	-143	-126	-229	-43	166	-54	50	246	50	73385796	
-16427	-865	-740	-156	-124	-244	-44	166	-54	51	251	51	73385796	
-16430	-859	-735	-149	-109	-254	-47	167	-51	52	256	52	73385796	
-16384	-851	-697	-122	-93	-260	-49	167	-47	53	261	53	73385796	
-16363	-850	-673	-92	-90	-260	-43	167	-51	54	266	54	73385809	
-16375	-845	-657	-59	-85	-258	-39	167	-53	55	271	55	73385818	
-16378	-845	-633	-14	-80	-255	-40	167	-54	56	276	56	73385833	
-16393	-868	-655	23	-75	-252	-41	167	-55	57	281	57	73385890	
-16418	-929	-637	60	-74	-250	-45	165	-54	58	286	58	73385923	
-16435	-938	-670	82	-72	-240	-48	164	-54	59	291	59	73385923	
-16469	-930	-735	81	-75	-240	-44	166	-55	60	296	60	73385923	
-16452	-901	-801	78	-84	-234	-42	168	-56	61	301	61	73385923	
-16432	-917	-728	71	-86	-236	-41	169	-54	62	306	62	73385924	
-16440	-967	-759	43	-86	-235	-41	169	-53	63	311	63	73385924	
-16373	-934	-733	14	-99	-230	-43	167	-55	64	316	64	73385924	
-16399	-930	-761	-15	-106	-226	-44	166	-56	65	321	65	73385924	
-16447	-953	-738	-42	-107	-225	-42	169	-54	66	326	66	73385925	
-16422	-910	-692	-66	-114	-224	-41	171	-53	67	331	67	73385925	
-16365	-880	-703	-85	-113	-222	-45	169	-49	68	336	68	73385939	
-16423	-912	-677	-96	-99	-223	-48	168	-46	69	341	69	73385952	
-16399	-892	-755	-97	-89	-217	-45	170	-49	70	346	70	73385954	
-16370	-868	-813	-97	-93	-211	-44	170	-50	71	351	71	73385954	
-16404	-834	-753	-87	-95	-210	-41	167	-52	72	356	72	73385954	
-16398	-853	-629	-79	-95	-209	-40	166	-52	73	361	73	73385954	
-16444	-825	-708	-61	-102	-203	-44	167	-53	74	366	74	73385955	
-16414	-877	-726	-11	-100	-210	-45	167	-53	75	371	75	73385955	
-16394	-914	-668	27	-101	-202	-44	169	-52	76	376	76	73385955	
-16411	-887	-689	46	-106	-194	-44	170	-52	77	381	77	73385955	
-16488	-896	-670	78	-119	-188	-45	165	-57	78	386	78	73385956	
-16507	-938	-658	108	-124	-183	-45	163	-59	79	391	79	73385956	
-16479	-936	-714	118	-130	-171	-42	168	-53	80	396	80	73385956	
-16398	-937	-706	109	-129	-173	-41	169	-51	81	401	81	73385956	
-16430	-935	-679	103	-131	-177	-40	168	-47	82	406	82	73385970	
-16471	-963	-685	91	-134	-176	-40	168	-46	83	411	83	73385974	
-16425	-940	-725	94	-121	-176	-45	163	-46	84	416	84	73385974	
-16454	-975	-745	89	-123	-168	-46	162	-46	85	421	85	73385974	
-16398	-914	-712	78	-101	-162	-41	173	-57	86	426	86	73385974	
-16372	-948	-728	55	-108	-159	-41	173	-57	87	431	87	73385975	
-16392	-970	-666	33	-99	-159	-45	169	-59	88	436	88	73385975	
-16400	-920	-679	17	-93	-157	-45	169	-59	89	441	89	73385975	
-16384	-891	-661	23	-90	-164	-43	175	-56	90	446	90	73385976	
-16481	-942	-704	51	-83	-171	-43	177	-55	91	451	91	73385976	
-16442	-970	-692	67	-91	-173	-47	171	-54	92	456	92	73385976	
-16484	-937	-718	77	-102	-176	-48	170	-54	93	461	93	73385976	
-16437	-955	-699	61	-100	-186	-47	163	-52	94	466	94	73385976	
-16468	-936	-756	61	-102	-187	-47	161	-51	95	471	95	73386053	
-16468	-964	-652	57	-101	-193	-44	164	-56	96	476	96	73386155	
-16462	-918	-738	54	-102	-181	-44	164	-56	97	481	97	73386155	
-16464	-954	-696	60	-97	-180	-42	166	-50	98	486	98	73386156	
-16412	-910	-686	66	-91	-181	-42	166	-50	99	491	99	73386156	
-16458	-898	-758	93	-96	-191	-48	168	-56	100	496	100	73386186	
-16411	-820	-715	114	-99	-195	-48	168	-56	101	501	101	73386186	
-16444	-825	-744	120	-100	-189	-46	166	-51	102	506	102	73386186	
-16460	-868	-674	138	-102	-190	-46	166	-50	103	511	103	73386187	
-16378	-840	-658	139	-106	-186	-44	166	-54	104	516	104	73386187	
-16368	-780	-700	147	-93	-178	-44	166	-54	105	521	105	73386187	
-16342	-810	-668	140	-96	-182	-43	167	-49	106	526	106	73386187	
-16356	-892	-692	148	-93	-165	-43	167	-49	107	531	107	73386188	
-16286	-916	-722	159	-88	-163	-41	173	-55	108	536	108	73386188	
-16224	-910	-748	145	-88	-143	-41	173	-55	109	541	109	73386188	
-16230	-970	-754	145	-105	-148	-40	170	-50	110	546	110	73386188	
-16272	-970	-708	132	-102	-138	-40	170	-50	111	551	111	73386189	
-16270	-996	-780	120	-110	-138	-45	165	-51	112	556	112	73386189	
-16285	-986	-755	108	-112	-132	-44	165	-51	113	561	113	73386189	
-16372	-978	-762	110	-99	-127	-41	167	-51	114	566	114	73386189	
-16398	-968	-664	111	-107	-132	-41	167	-51	115	571	115	73386237	
-16402	-1002	-662	106	-105	-139	-47	165	-53	116	576	116	73386238	
-16442	-1000	-712	84	-103	-155	-47	165	-53	117	581	117	73386238	
-16444	-996	-692	50	-106	-148	-41	167	-51	118	586	118	73386238	
-16468	-970	-674	38	-122	-157	-41	167	-51	119	591	119	73386239	
-16460	-960	-733	-7	-133	-163	-45	167	-53	120	596	120	73386239	
-16464	-860	-689	-16	-141	-168	-45	167	-52	121	601	121	73386240	
-16468	-856	-679	-15	-148	-179	-44	166	-50	122	606	122	73386240	
-16478	-903	-736	4	-152	-186	-44	167	-51	123	611	123	73386240	
-16531	-879	-697	15	-148	-195	-45	169	-53	124	616	124	73386240	
-16508	-832	-727	37	-152	-190	-44	170	-53	125	621	125	73386241	
-16566	-810	-742	55	-135	-196	-36	172	-54	126	626	126	73386241	
-16488	-856	-676	99	-134	-184	-36	172	-54	127	631	127	73386262	
-16420	-855	-674	141	-108	-182	-41	167	-51	128	636	128	73386262	
-16409	-840	-673	174	-94	-174	-42	167	-51	129	641	129	73386263	
-16384	-883	-708	199	-100	-160	-44	168	-52	130	646	130	73386263	
-16326	-864	-662	208	-82	-151	-44	167	-52	131	651	131	73386263	
-16305	-908	-702	201	-82	-138	-45	163	-51	132	656	132	73386263	
-16309	-940	-623	194	-88	-122	-46	165	-51	133	661	133	73386264	
-16386	-1032	-690	186	-83	-123	-49	171	-51	134	666	134	73386264	
-16340	-1017	-718	157	-101	-118	-47	170	-51	135	671	135	73386264	
-16412	-1027	-705	132	-115	-118	-41	165	-49	136	676	136	73386265	
-16398	-1056	-765	92	-107	-125	-41	167	-50	137	681	137	73386265	
-16421	-1043	-801	54	-115	-127	-42	170	-52	138	686	138	73386265	
-16434	-1045	-794	4	-130	-130	-42	170	-52	139	691	139	73386265	
-16414	-1034	-762	-60	-130	-136	-41	171	-53	140	696	140	73386269	
-16428	-1016	-770	-100	-134	-140	-43	170	-52	141	701	141	73386296	
-16406	-1029	-694	-122	-143	-152	-51	167	-49	142	706	142	73386340	
-16401	-999	-750	-131	-152	-162	-49	167	-50	143	711	143	73386340	
-16428	-1034	-749	-140	-155	-165	-43	167	-55	144	716	144	73386340	
-16428	-952	-718	-142	-169	-173	-42	166	-53	145	721	145	73386340	
-16460	-891	-688	-144	-160	-175	-41	165	-51	146	726	146	73386341	
-16436	-857	-667	-133	-144	-176	-43	163	-52	147	731	147	73386341	
-16406	-853	-683	-126	-129	-173	-47	161	-53	148	736	148	73386341	
-16396	-882	-650	-122	-129	-170	-42	161	-54	149	741	149	73386341	
-16408	-861	-629	-114	-139	-159	-35	161	-55	150	746	150	73386342	
-16401	-860	-655	-113	-138	-145	-38	162	-54	151	751	151	73386352	
-16311	-854	-671	-106	-155	-138	-48	168	-50	152	756	152	73386391	
-16355	-824	-674	-101	-153	-130	-48	169	-51	153	761	153	73386391	
-16358	-848	-694	-85	-147	-121	-48	170	-52	154	766	154	73386391	
-16380	-847	-654	-64	-148	-115	-46	169	-52	155	771	155	73386391	
-16406	-896	-604	-43	-148	-111	-43	167	-53	156	776	156	73386392	
-16408	-903	-610	-19	-142	-109	-47	165	-50	157	781	157	73386392	
-16354	-925	-631	4	-141	-111	-52	162	-46	158	786	158	73386392	
-16350	-955	-667	23	-144	-109	-50	163	-47	159	791	159	73386392	
-16345	-961	-678	24	-154	-114	-47	165	-49	160	796	160	73386393	
-16351	-971	-691	11	-158	-121	-45	168	-50	161	801	161	73386405	
-16362	-971	-674	-3	-167	-119	-43	171	-51	162	806	162	73386448	
-16403	-990	-690	-11	-172	-123	-44	170	-53	163	811	163	73386470	
-16396	-996	-696	-30	-175	-132	-44	168	-54	164	816	164	73386470	
-16357	-962	-713	-53	-179	-140	-44	169	-52	165	821	165	73386470	
-16352	-953	-672	-66	-175	-147	-44	170	-50	166	826	166	73386471	
-16343	-936	-630	-87	-174	-161	-48	170	-50	167	831	167	73386471	
-16402	-936	-677	-103	-172	-174	-53	169	-51	168	836	168	73386471	
-16409	-911	-648	-97	-170	-179	-50	170	-51	169	841	169	73386472	
-16374	-904	-679	-90	-170	-174	-46	170	-50	170	846	170	73386472	
-16388	-950	-667	-80	-171	-180	-44	166	-52	171	851	171	73386472	
-16392	-907	-653	-63	-158	-191	-43	163	-53	172	856	172	73386472	
-16384	-892	-667	-48	-153	-190	-45	161	-58	173	861	173	73386472	
-16375	-929	-642	-33	-152	-193	-46	160	-62	174	866	174	73386473	
-16363	-932	-648	-22	-147	-194	-45	165	-60	175	871	175	73386497	
-16358	-875	-694	-14	-152	-192	-43	169	-57	176	876	176	73386521	
-16376	-836	-723	-8	-163	-191	-44	166	-55	177	881	177	73386522	
-16418	-887	-675	-2	-166	-188	-46	162	-52	178	886	178	73386522	
-16425	-877	-694	0	-169	-188	-46	166	-52	179	891	179	73386523	
-16394	-888	-715	-5	-165	-185	-46	168	-52	180	896	180	73386523	
-16399	-888	-702	-14	-162	-175	-47	168	-52	181	901	181	73386523	
-16419	-893	-669	-21	-163	-169	-48	168	-52	182	906	182	73386537	
-16398	-867	-652	-31	-159	-176	-50	167	-55	183	911	183	73386546	
-16369	-899	-684	-44	-161	-182	-51	167	-57	184	916	184	73386546	
-16358	-944	-686	-61	-160	-182	-45	168	-56	185	921	185	73386547	
-16457	-920	-685	-72	-159	-179	-41	169	-55	186	926	186	73386547	
-16413	-969	-646	-59	-153	-177	-42	168	-57	187	931	187	73386547	
-16371	-959	-609	-60	-149	-175	-42	168	-58	188	936	188	73386547	
-16392	-892	-602	-59	-138	-175	-41	165	-55	189	941	189	73386548	
-16420	-874	-600	-51	-130	-174	-41	163	-53	190	946	190	73386548	
-16453	-921	-610	-36	-130	-181	-43	165	-52	191	951	191	73386549	
-16467	-907	-624	-9	-132	-187	-45	167	-51	192	956	192	73386562	
-16481	-919	-646	19	-137	-181	-45	167	-52	193	961	193	73386571	
-16434	-982	-756	38	-148	-180	-45	167	-53	194	966	194	73386610	
-16451	-984	-700	48	-155	-173	-45	167	-55	195	971	195	73386624	
-16505	-993	-729	60	-167	-169	-45	167	-55	196	976	196	73386624	
-16450	-950	-740	62	-173	-164	-43	169	-53	197	981	197	73386624	
-16456	-1008	-702	55	-172	-161	-42	170	-52	198	986	198	73386624	
-16438	-949	-663	16	-185	-167	-40	165	-54	199	991	199	73386625	
-16411	-929	-749	-22	-184	-161	-40	164	-54	200	996	200	73386625	
