-16178	-3480	-1809	-342	-225	295	-92	207	-83	1	1	1	16646988	
-16189	-3503	-1850	-337	-209	289	-91	203	-83	2	6	2	16646988	
-16178	-3476	-1856	-330	-204	285	-93	205	-83	3	11	3	16646988	
-16157	-3448	-1845	-326	-222	281	-95	207	-83	4	16	4	16646988	
-16186	-3455	-1804	-325	-227	284	-94	208	-83	5	21	5	16646989	
-16204	-3430	-1806	-316	-226	288	-92	210	-84	6	26	6	16646989	
-16179	-3412	-1830	-304	-237	291	-93	208	-83	7	31	7	16646989	
-16189	-3377	-1875	-292	-258	289	-95	205	-81	8	36	8	16646990	
-16254	-3402	-1930	-273	-259	281	-95	207	-81	9	41	9	16647008	
-16264	-3456	-1892	-260	-243	277	-95	209	-81	10	46	10	16647023	
-16248	-3480	-1873	-257	-219	269	-93	208	-83	11	51	11	16647025	
-16236	-3473	-1876	-259	-197	266	-92	208	-84	12	56	12	16647025	
-16203	-3463	-1804	-262	-182	260	-96	207	-83	13	61	13	16647025	
-16170	-3449	-1856	-271	-186	256	-98	206	-82	14	66	14	16647025	
-16137	-3451	-1905	-275	-182	266	-99	205	-83	15	71	15	16647025	
-16091	-3445	-1854	-282	-176	274	-99	205	-83	16	76	16	16647025	
-16093	-3464	-1901	-282	-197	272	-92	203	-82	17	81	17	16647048	
-16123	-3472	-1914	-281	-220	274	-90	202	-82	18	86	18	16647061	
-16181	-3438	-1866	-268	-219	272	-92	203	-83	19	91	19	16647063	
-16156	-3465	-1875	-259	-223	269	-93	203	-83	20	96	20	16647063	
-16154	-3458	-1850	-253	-225	274	-92	204	-82	21	101	21	16647064	
-16226	-3484	-1936	-243	-211	268	-92	204	-82	22	106	22	16647064	
-16207	-3452	-1936	-232	-208	260	-95	210	-81	23	111	23	16647064	
-16198	-3492	-1943	-224	-202	262	-97	213	-81	24	116	24	16647064	
-16206	-3553	-1973	-217	-200	263	-96	207	-86	25	121	25	16647102	
-16211	-3555	-1919	-206	-195	256	-95	205	-87	26	126	26	16647116	
-16212	-3556	-1909	-218	-195	245	-96	207	-86	27	131	27	16647117	
-16223	-3474	-1817	-236	-195	245	-96	208	-86	28	136	28	16647117	
-16208	-3502	-1876	-245	-193	242	-96	203	-83	29	141	29	16647117	
-16215	-3504	-1866	-259	-169	231	-96	202	-82	30	146	30	16647117	
-16223	-3484	-1863	-281	-163	225	-97	203	-81	31	151	31	16647117	
-16230	-3536	-1840	-283	-166	225	-97	203	-81	32	156	32	16647118	
-16154	-3546	-1818	-295	-170	227	-88	206	-84	33	161	33	16647138	
-16188	-3518	-1794	-286	-177	223	-88	206	-84	34	166	34	16647138	
-16202	-3410	-1848	-277	-185	233	-95	205	-75	35	171	35	16647138	
-16220	-3434	-1848	-265	-198	225	-95	205	-75	36	176	36	16647138	
-16252	-3356	-1874	-258	-198	225	-99	203	-85	37	181	37	16647139	
-16192	-3362	-1886	-253	-176	220	-99	203	-85	38	186	38	16647139	
-16212	-3374	-1860	-244	-182	222	-96	212	-84	39	191	39	16647139	
-16170	-3342	-1890	-217	-179	219	-96	212	-84	40	196	40	16647150	
-16192	-3364	-1842	-182	-178	230	-95	209	-85	41	201	41	16647179	
-16204	-3379	-1846	-167	-178	239	-95	208	-84	42	206	42	16647180	
-16210	-3420	-1916	-149	-170	237	-94	206	-80	43	211	43	16647180	
-16200	-3424	-1880	-141	-173	242	-94	206	-81	44	216	44	16647180	
-16198	-3388	-1932	-136	-168	243	-93	207	-83	45	221	45	16647180	
-16194	-3394	-1915	-134	-176	247	-93	206	-82	46	226	46	16647180	
-16184	-3396	-1910	-142	-177	248	-91	201	-77	47	231	47	16647180	
-16166	-3452	-1862	-137	-180	252	-91	201	-77	48	236	48	16647221	
-16186	-3472	-1938	-141	-189	255	-94	208	-82	49	241	49	16647224	
-16195	-3462	-1946	-136	-190	258	-95	208	-83	50	246	50	16647224	
-16254	-3463	-1877	-137	-201	259	-100	206	-88	51	251	51	16647224	
-16128	-3473	-1978	-148	-210	253	-99	206	-87	52	256	52	16647225	
-16177	-3510	-1944	-149	-218	243	-94	208	-84	53	261	53	16647225	
-16213	-3533	-1900	-145	-207	234	-94	207	-83	54	266	54	16647225	
-16247	-3513	-1906	-150	-197	240	-95	205	-79	55	271	55	16647226	
-16268	-3538	-1902	-149	-198	236	-95	206	-80	56	276	56	16647235	
-16244	-3531	-1908	-153	-179	233	-94	210	-84	57	281	57	16647254	
-16239	-3554	-1910	-157	-182	227	-93	210	-83	58	286	58	16647254	
-16226	-3543	-1890	-166	-173	222	-89	209	-81	59	291	59	16647255	
-16188	-3570	-1847	-175	-162	220	-92	207	-82	60	296	60	16647255	
-16179	-3558	-1898	-179	-157	213	-97	203	-83	61	301	61	16647255	
-16195	-3540	-1946	-188	-153	207	-97	203	-83	62	306	62	16647255	
-16172	-3520	-1896	-198	-148	203	-96	204	-82	63	311	63	16647271	
-16103	-3503	-1915	-195	-157	208	-96	203	-82	64	316	64	16647295	
-16104	-3475	-1874	-193	-163	208	-95	201	-81	65	321	65	16647296	
-16135	-3498	-1881	-180	-162	217	-97	202	-85	66	326	66	16647296	
-16124	-3468	-1905	-164	-174	224	-98	202	-88	67	331	67	16647296	
-16176	-3465	-1839	-140	-193	225	-97	200	-84	68	336	68	16647296	
-16228	-3508	-1868	-126	-209	221	-97	199	-81	69	341	69	16647296	
-16251	-3547	-1888	-134	-209	217	-95	204	-82	70	346	70	16647301	
-16267	-3551	-1835	-155	-192	211	-93	209	-83	71	351	71	16647319	
-16225	-3554	-1802	-190	-171	204	-95	207	-83	72	356	72	16647338	
-16171	-3551	-1856	-231	-151	207	-99	203	-83	73	361	73	16647338	
-16113	-3529	-1867	-261	-137	222	-97	204	-84	74	366	74	16647338	
-16114	-3493	-1888	-262	-136	221	-95	205	-85	75	371	75	16647339	
-16118	-3449	-1929	-254	-128	210	-96	206	-84	76	376	76	16647339	
-16044	-3422	-1947	-239	-133	205	-96	206	-84	77	381	77	16647339	
-15970	-3415	-1953	-223	-148	190	-93	208	-82	78	386	78	16647344	
-15963	-3421	-1908	-202	-169	176	-91	209	-81	79	391	79	16647365	
-16000	-3384	-1870	-168	-191	174	-92	204	-81	80	396	80	16647376	
-16059	-3352	-1904	-131	-216	177	-93	201	-81	81	401	81	16647376	
-16122	-3390	-1883	-106	-241	181	-97	202	-85	82	406	82	16647376	
-16227	-3367	-1842	-73	-256	185	-99	203	-87	83	411	83	16647376	
-16313	-3393	-1828	-69	-268	204	-93	205	-82	84	416	84	16647376	
-16352	-3406	-1868	-71	-248	218	-91	205	-81	85	421	85	16647376	
-16347	-3456	-1897	-78	-212	234	-91	200	-81	86	426	86	16647376	
-16338	-3446	-1889	-72	-182	242	-91	199	-81	87	431	87	16647406	
-16250	-3506	-1915	-81	-154	244	-93	204	-84	88	436	88	16647414	
-16218	-3517	-1810	-85	-157	248	-93	205	-85	89	441	89	16647414	
-16243	-3542	-1774	-91	-174	255	-93	207	-82	90	446	90	16647414	
-16244	-3559	-1807	-100	-186	267	-93	207	-81	91	451	91	16647414	
-16178	-3604	-1838	-111	-204	261	-89	211	-81	92	456	92	16647414	
-16193	-3702	-1883	-135	-207	248	-89	211	-81	93	461	93	16647415	
-16210	-3687	-1879	-166	-208	232	-91	207	-83	94	466	94	16647421	
-16148	-3644	-1982	-178	-192	221	-92	206	-84	95	471	95	16647445	
-16182	-3607	-1954	-192	-146	212	-96	204	-82	96	476	96	16647451	
-16111	-3582	-1940	-199	-117	197	-97	203	-81	97	481	97	16647451	
-16029	-3544	-1958	-207	-110	192	-94	206	-78	98	486	98	16647451	
-15996	-3518	-1959	-211	-108	186	-93	207	-77	99	491	99	16647451	
-16012	-3460	-1868	-216	-109	179	-92	208	-82	100	496	100	16647451	
-15996	-3478	-1924	-211	-141	193	-92	208	-82	101	501	101	16647451	
-16044	-3412	-1892	-222	-179	198	-97	207	-87	102	506	102	16647460	
-16088	-3406	-1838	-213	-202	212	-97	207	-87	103	511	103	16647508	
-16136	-3366	-1984	-207	-231	224	-97	203	-85	104	516	104	16647508	
-16142	-3438	-1916	-203	-223	237	-97	203	-85	105	521	105	16647508	
-16152	-3484	-1786	-201	-225	237	-95	201	-91	106	526	106	16647508	
-16124	-3538	-1884	-213	-227	241	-95	201	-91	107	531	107	16647508	
-16155	-3460	-1922	-207	-218	227	-99	205	-81	108	536	108	16647508	
-16179	-3537	-1931	-216	-226	220	-98	205	-81	109	541	109	16647514	
-16134	-3508	-1879	-210	-237	216	-93	203	-81	110	546	110	16647538	
-16177	-3562	-1902	-210	-244	203	-93	203	-82	111	551	111	16647538	
-16226	-3556	-1895	-210	-246	198	-92	204	-84	112	556	112	16647538	
-16270	-3580	-1906	-199	-247	189	-92	205	-84	113	561	113	16647538	
-16242	-3553	-1841	-181	-243	176	-93	207	-83	114	566	114	16647539	
-16211	-3539	-1869	-174	-245	162	-94	205	-84	115	571	115	16647539	
-16195	-3529	-1858	-154	-242	168	-97	199	-87	116	576	116	16647540	
-16220	-3521	-1834	-143	-233	161	-96	201	-86	117	581	117	16647552	
-16239	-3564	-1858	-149	-224	151	-94	210	-84	118	586	118	16647575	
-16236	-3531	-1856	-151	-207	151	-95	209	-85	119	591	119	16647575	
-16188	-3526	-1877	-146	-192	153	-99	207	-89	120	596	120	16647575	
-16127	-3440	-1982	-147	-182	151	-99	207	-88	121	601	121	16647575	
-16148	-3471	-1886	-142	-184	143	-99	205	-85	122	606	122	16647576	
-16150	-3472	-1817	-149	-200	149	-98	206	-84	123	611	123	16647576	
-16129	-3492	-1886	-150	-214	158	-95	209	-79	124	616	124	16647576	
-16116	-3494	-1850	-137	-236	170	-91	210	-81	125	621	125	16647576	
-16126	-3473	-1872	-139	-240	177	-86	212	-84	126	626	126	16647576	
-16192	-3467	-1902	-146	-242	182	-88	208	-85	127	631	127	16647586	
-16238	-3495	-1902	-131	-239	179	-91	201	-87	128	636	128	16647619	
-16243	-3509	-1905	-121	-231	180	-93	204	-87	129	641	129	16647645	
-16212	-3568	-1938	-105	-224	175	-96	208	-86	130	646	130	16647645	
-16225	-3621	-1950	-101	-221	168	-93	207	-84	131	651	131	16647646	
-16183	-3601	-1984	-110	-216	163	-89	205	-81	132	656	132	16647646	
-16142	-3667	-1960	-126	-210	160	-91	205	-81	133	661	133	16647647	
-16164	-3656	-1918	-139	-219	163	-93	205	-81	134	666	134	16647649	
-16103	-3612	-1884	-157	-236	164	-92	203	-85	135	671	135	16647656	
-16116	-3651	-1852	-173	-249	156	-92	202	-88	136	676	136	16647660	
-16210	-3636	-1892	-187	-246	147	-96	202	-86	137	681	137	16647660	
-16222	-3606	-1917	-203	-237	146	-98	202	-84	138	686	138	16647660	
-16158	-3602	-1879	-219	-228	147	-94	206	-84	139	691	139	16647660	
-16143	-3595	-1839	-236	-214	154	-92	208	-84	140	696	140	16647660	
-16142	-3557	-1795	-255	-202	156	-92	206	-85	141	701	141	16647665	
-16098	-3530	-1840	-275	-202	157	-92	204	-86	142	706	142	16647686	
-16125	-3528	-1903	-284	-213	164	-91	205	-84	143	711	143	16647697	
-16124	-3488	-1848	-292	-224	168	-91	205	-83	144	716	144	16647697	
-16093	-3484	-1812	-303	-238	183	-96	203	-83	145	721	145	16647697	
-16117	-3505	-1864	-306	-250	189	-99	201	-83	146	726	146	16647698	
-16085	-3499	-1880	-298	-255	182	-100	204	-80	147	731	147	16647698	
-16068	-3470	-1830	-289	-260	176	-100	206	-78	148	736	148	16647698	
-16098	-3470	-1853	-285	-266	175	-94	204	-79	149	741	149	16647698	
-16137	-3489	-1864	-289	-275	190	-90	202	-80	150	746	150	16647698	
-16130	-3516	-1811	-280	-271	198	-93	207	-83	151	751	151	16647698	
-16195	-3484	-1822	-279	-275	209	-94	208	-84	152	756	152	16647756	
-16198	-3543	-1886	-265	-263	209	-93	201	-82	153	761	153	16647777	
-16213	-3536	-1798	-260	-267	211	-93	199	-81	154	766	154	16647779	
-16231	-3544	-1817	-255	-263	205	-95	199	-86	155	771	155	16647780	
-16223	-3527	-1810	-256	-257	213	-95	199	-87	156	776	156	16647780	
-16260	-3535	-1902	-248	-254	215	-95	207	-84	157	781	157	16647780	
-16252	-3502	-1854	-241	-249	220	-95	209	-83	158	786	158	16647780	
-16260	-3548	-1900	-239	-261	215	-94	206	-80	159	791	159	16647789	
-16224	-3538	-1894	-235	-261	226	-94	206	-80	160	796	160	16647827	
-16230	-3626	-1810	-221	-268	230	-93	203	-87	161	801	161	16647827	
-16128	-3578	-1920	-224	-265	217	-93	203	-87	162	806	162	16647828	
-16223	-3578	-1842	-221	-267	224	-91	211	-85	163	811	163	16647828	
-16188	-3584	-1903	-221	-270	215	-90	212	-84	164	816	164	16647828	
-16153	-3576	-1842	-225	-269	211	-88	207	-84	165	821	165	16647828	
-16250	-3580	-1896	-238	-274	209	-88	206	-84	166	826	166	16647829	
-16208	-3562	-1930	-235	-272	193	-88	204	-80	167	831	167	16647829	
-16164	-3602	-1916	-235	-272	205	-88	204	-80	168	836	168	16647829	
-16214	-3552	-1906	-239	-259	204	-88	204	-80	169	841	169	16647829	
-16218	-3510	-1948	-243	-253	196	-88	204	-80	170	846	170	16647829	
-16202	-3578	-1846	-243	-243	201	-88	208	-80	171	851	171	16647829	
-16132	-3554	-2004	-259	-256	203	-88	208	-80	172	856	172	16647829	
-16202	-3532	-1880	-272	-247	216	-94	208	-82	173	861	173	16647829	
-16202	-3512	-1982	-276	-237	224	-94	208	-82	174	866	174	16647830	
-16183	-3500	-1947	-294	-234	217	-88	208	-84	175	871	175	16647836	
-16155	-3576	-1952	-299	-229	227	-89	207	-83	176	876	176	16647859	
-16174	-3521	-1980	-297	-227	234	-94	204	-78	177	881	177	16647860	
-16109	-3448	-1936	-301	-230	239	-94	205	-79	178	886	178	16647860	
-16134	-3405	-1924	-306	-237	236	-92	208	-84	179	891	179	16647860	
-16150	-3473	-1894	-297	-255	239	-93	208	-84	180	896	180	16647861	
-16122	-3543	-1878	-292	-268	238	-96	206	-84	181	901	181	16647861	
-16154	-3537	-1916	-296	-280	247	-96	206	-83	182	906	182	16647863	
-16173	-3511	-1920	-286	-271	246	-96	208	-80	183	911	183	16647873	
-16146	-3544	-1853	-282	-256	233	-98	206	-83	184	916	184	16647898	
-16158	-3549	-1839	-279	-255	232	-100	204	-88	185	921	185	16647918	
-16181	-3550	-1846	-277	-248	235	-101	202	-88	186	926	186	16647919	
-16167	-3532	-1864	-269	-244	236	-103	199	-87	187	931	187	16647919	
-16134	-3517	-1793	-267	-241	225	-101	200	-87	188	936	188	16647919	
-16143	-3562	-1828	-272	-238	232	-93	203	-85	189	941	189	16647919	
-16133	-3558	-1941	-277	-240	247	-92	204	-84	190	946	190	16647919	
-16122	-3536	-1898	-288	-245	250	-87	207	-81	191	951	191	16647920	
-16154	-3568	-1884	-295	-249	243	-88	205	-82	192	956	192	16647925	
-16159	-3551	-1934	-305	-242	235	-90	202	-84	193	961	193	16647933	
-16144	-3544	-1908	-320	-236	229	-93	204	-83	194	966	194	16647933	
-16136	-3544	-1896	-323	-227	234	-97	207	-81	195	971	195	16647933	
-16145	-3578	-1909	-323	-228	238	-97	206	-83	196	976	196	16647933	
