-15820	-805	6416	-424	-148	-75	-144	197	130	1	1	1	67764051	
-15870	-757	6337	-445	-145	-59	-141	199	133	2	6	2	67764051	
-15928	-723	6400	-498	-113	-48	-141	198	133	3	11	3	67764051	
-15909	-740	6424	-602	-81	-46	-141	195	133	4	16	4	67764053	
-15941	-634	6460	-654	-65	-14	-142	195	130	5	21	5	67764070	
-15948	-556	6475	-631	-56	17	-144	196	126	6	26	6	67764089	
-15962	-552	6553	-594	-49	48	-143	197	129	7	31	7	67764089	
-15946	-594	6612	-581	-48	72	-142	198	134	8	36	8	67764089	
-15967	-666	6583	-577	-34	93	-141	197	132	9	41	9	67764089	
-15988	-729	6535	-589	-15	121	-139	195	129	10	46	10	67764089	
-15943	-730	6503	-642	0	169	-140	195	129	11	51	11	67764089	
-15924	-722	6467	-698	28	226	-143	193	127	12	56	12	67764091	
-15874	-632	6533	-746	53	287	-143	194	129	13	61	13	67764105	
-15793	-626	6646	-763	72	347	-141	197	135	14	66	14	67764126	
-15766	-617	6629	-730	75	378	-140	198	134	15	71	15	67764126	
-15718	-634	6592	-677	87	401	-138	200	132	16	76	16	67764126	
-15666	-644	6630	-629	95	412	-139	198	133	17	81	17	67764126	
-15582	-572	6707	-554	87	402	-140	196	134	18	86	18	67764126	
-15512	-562	6742	-443	82	395	-140	196	132	19	91	19	67764127	
-15442	-627	6796	-314	85	375	-141	195	129	20	96	20	67764141	
-15376	-728	6835	-198	77	326	-140	195	132	21	101	21	67764163	
-15278	-838	6779	-122	70	258	-139	195	137	22	106	22	67764163	
-15156	-877	6680	-103	74	188	-138	195	134	23	111	23	67764163	
-15082	-845	6724	-103	75	130	-136	194	130	24	116	24	67764163	
-15006	-816	6842	-41	66	76	-138	194	129	25	121	25	67764163	
-14920	-802	6955	82	46	17	-142	194	128	26	126	26	67764163	
-14897	-815	6943	207	18	-56	-141	196	130	27	131	27	67764167	
-14908	-922	6926	320	-12	-143	-139	199	133	28	136	28	67764184	
-14883	-1015	6911	413	-19	-233	-140	198	131	29	141	29	67764203	
-14847	-1033	6892	436	13	-321	-141	197	129	30	146	30	67764203	
-14816	-1029	6828	374	35	-407	-141	197	129	31	151	31	67764203	
-14814	-1025	6801	309	21	-494	-141	197	129	32	156	32	67764203	
-14867	-972	6791	282	9	-565	-142	195	130	33	161	33	67764203	
-14958	-886	6740	285	3	-626	-143	193	131	34	166	34	67764203	
-15044	-839	6709	294	-12	-694	-142	195	130	35	171	35	67764220	
-15112	-815	6692	303	-28	-754	-141	199	129	36	176	36	67764245	
-15185	-778	6666	338	-20	-807	-141	200	129	37	181	37	67764245	
-15208	-748	6645	377	-11	-868	-142	202	130	38	186	38	67764246	
-15320	-641	6688	411	-22	-917	-143	200	132	39	191	39	67764246	
-15394	-569	6710	441	-36	-949	-143	199	133	40	196	40	67764246	
-15438	-514	6658	514	-61	-966	-141	198	130	41	201	41	67764246	
-15514	-474	6537	617	-94	-993	-140	198	128	42	206	42	67764246	
-15610	-480	6516	698	-115	-1008	-141	199	129	43	211	43	67764262	
-15698	-449	6548	764	-118	-1007	-141	199	129	44	216	44	67764278	
-15724	-376	6550	824	-116	-991	-143	200	130	45	221	45	67764282	
-15747	-348	6604	895	-118	-962	-144	200	130	46	226	46	67764282	
-15822	-356	6557	975	-144	-938	-139	199	135	47	231	47	67764282	
-15850	-423	6459	1049	-173	-924	-136	198	138	48	236	48	67764282	
-15895	-528	6289	1063	-194	-899	-140	196	133	49	241	49	67764282	
-15926	-622	6186	1037	-205	-862	-143	195	129	50	246	50	67764282	
-15928	-698	6125	1000	-202	-814	-140	199	131	51	251	51	67764289	
-15932	-716	6120	939	-193	-758	-138	202	132	52	256	52	67764311	
-15959	-750	6164	875	-191	-706	-140	199	131	53	261	53	67764323	
-16008	-806	6184	811	-193	-662	-141	197	131	54	266	54	67764323	
-16098	-795	6193	732	-174	-609	-140	201	129	55	271	55	67764323	
-16099	-811	6138	662	-136	-568	-140	202	128	56	276	56	67764323	
-16071	-779	6185	606	-116	-530	-140	199	129	57	281	57	67764323	
-16048	-790	6323	567	-115	-504	-140	198	130	58	286	58	67764323	
-16057	-854	6411	560	-130	-474	-141	197	132	59	291	59	67764346	
-16049	-912	6429	595	-145	-457	-141	197	133	60	296	60	67764361	
-16035	-1010	6374	622	-160	-467	-140	198	131	61	301	61	67764361	
-16027	-1068	6432	582	-161	-484	-139	199	129	62	306	62	67764361	
-16019	-1057	6446	474	-146	-500	-144	198	133	63	311	63	67764361	
-15936	-1002	6484	377	-113	-513	-146	198	134	64	316	64	67764361	
-15841	-873	6485	330	-99	-521	-142	196	133	65	321	65	67764361	
-15852	-796	6450	357	-93	-522	-141	195	133	66	326	66	67764362	
-15778	-786	6480	438	-97	-530	-140	202	131	67	331	67	67764384	
-15697	-804	6565	502	-120	-536	-140	204	130	68	336	68	67764390	
-15597	-861	6625	558	-136	-543	-144	199	127	69	341	69	67764391	
-15536	-941	6584	619	-147	-556	-146	196	126	70	346	70	67764391	
-15534	-946	6672	648	-152	-556	-142	196	125	71	351	71	67764391	
-15480	-920	6674	635	-151	-541	-140	196	124	72	356	72	67764391	
-15385	-820	6657	636	-148	-544	-142	194	126	73	361	73	67764391	
-15300	-850	6644	639	-134	-559	-142	194	126	74	366	74	67764399	
-15250	-862	6600	611	-133	-583	-144	196	129	75	371	75	67764423	
-15232	-809	6628	587	-129	-614	-144	196	130	76	376	76	67764429	
-15184	-770	6656	554	-128	-642	-143	197	129	77	381	77	67764429	
-15110	-758	6620	543	-146	-657	-143	197	129	78	386	78	67764429	
-15137	-706	6672	579	-164	-654	-142	198	130	79	391	79	67764430	
-15118	-728	6696	612	-183	-673	-142	198	130	80	396	80	67764430	
-15071	-690	6698	625	-212	-682	-142	198	128	81	401	81	67764454	
-15075	-741	6724	641	-255	-696	-142	198	128	82	406	82	67764465	
-15020	-799	6756	648	-302	-724	-139	193	128	83	411	83	67764467	
-14996	-759	6813	671	-333	-752	-138	192	128	84	416	84	67764467	
-14967	-821	6767	687	-389	-783	-142	198	130	85	421	85	67764467	
-14973	-853	6768	668	-480	-820	-143	199	131	86	426	86	67764467	
-15013	-877	6665	649	-545	-833	-141	194	129	87	431	87	67764467	
-15048	-882	6562	635	-607	-849	-141	193	129	88	436	88	67764476	
-15092	-934	6456	600	-643	-885	-141	201	135	89	441	89	67764504	
-15132	-970	6384	559	-700	-923	-141	201	135	90	446	90	67764504	
-15094	-984	6478	517	-767	-941	-139	197	131	91	451	91	67764504	
-15184	-1044	6390	444	-817	-958	-139	197	131	92	456	92	67764504	
-15271	-949	6360	419	-856	-974	-140	198	129	93	461	93	67764505	
-15402	-855	6348	379	-883	-984	-140	198	128	94	466	94	67764505	
-15491	-868	6232	358	-907	-1001	-145	200	130	95	471	95	67764505	
-15591	-876	6201	333	-946	-1010	-146	200	130	96	476	96	67764511	
-15666	-800	6186	296	-979	-1001	-137	197	135	97	481	97	67764545	
-15664	-786	6266	308	-999	-978	-137	197	135	98	486	98	67764545	
-15694	-764	6348	338	-1029	-961	-141	199	127	99	491	99	67764546	
-15768	-782	6320	356	-1045	-944	-141	199	127	100	496	100	67764546	
-15860	-800	6340	353	-1061	-946	-146	200	132	101	501	101	67764546	
-15836	-760	6422	336	-1080	-948	-146	200	132	102	506	102	67764546	
-15926	-726	6424	353	-1105	-932	-141	199	129	103	511	103	67764554	
-15992	-780	6496	340	-1121	-907	-141	199	129	104	516	104	67764588	
-16086	-776	6388	325	-1139	-894	-145	201	125	105	521	105	67764588	
-16072	-736	6388	293	-1159	-881	-145	201	125	106	526	106	67764588	
-16012	-816	6476	282	-1161	-837	-141	199	127	107	531	107	67764588	
-16018	-844	6512	272	-1134	-796	-141	199	127	108	536	108	67764588	
-15970	-918	6598	277	-1124	-773	-143	201	129	109	541	109	67764588	
-15960	-862	6490	247	-1112	-752	-143	201	129	110	546	110	67764588	
-15834	-1000	6566	219	-1101	-717	-141	199	133	111	551	111	67764599	
-15806	-996	6588	186	-1087	-681	-141	199	133	112	556	112	67764626	
-15756	-1048	6556	165	-1075	-656	-146	204	126	113	561	113	67764626	
-15632	-1103	6582	96	-1071	-627	-146	202	127	114	566	114	67764626	
-15609	-1126	6640	28	-1043	-606	-147	193	133	115	571	115	67764626	
-15502	-1169	6799	-42	-1002	-575	-146	194	132	116	576	116	67764626	
-15430	-1156	6886	-100	-999	-549	-139	199	129	117	581	117	67764626	
-15370	-1102	6942	-96	-987	-526	-139	199	129	118	586	118	67764626	
-15262	-1076	6942	-61	-966	-518	-143	195	129	119	591	119	67764626	
-15116	-1054	6968	-16	-937	-523	-143	195	129	120	596	120	67764636	
-15112	-1066	7002	8	-911	-554	-138	200	126	121	601	121	67764711	
-14990	-1066	7127	43	-904	-552	-139	199	129	122	606	122	67764712	
-14948	-1070	7194	81	-899	-561	-144	196	140	123	611	123	67764712	
-14840	-1078	7257	127	-876	-556	-144	196	139	124	616	124	67764713	
-14719	-1086	7392	190	-849	-555	-142	196	134	125	621	125	67764713	
-14647	-1095	7412	229	-832	-549	-141	196	134	126	626	126	67764714	
-14516	-1125	7446	237	-798	-552	-136	198	132	127	631	127	67764721	
-14446	-1095	7531	251	-780	-556	-138	199	132	128	636	128	67764749	
-14418	-1080	7556	273	-764	-548	-148	202	132	129	641	129	67764749	
-14375	-1141	7623	280	-733	-520	-147	201	132	130	646	130	67764749	
-14274	-1195	7679	234	-709	-512	-145	199	133	131	651	131	67764749	
-14254	-1179	7662	160	-663	-500	-144	198	132	132	656	132	67764749	
-14186	-1093	7772	85	-624	-489	-138	196	130	133	661	133	67764749	
-14100	-1046	7802	37	-604	-487	-138	196	131	134	666	134	67764749	
-14058	-1008	7976	13	-597	-490	-139	195	135	135	671	135	67764749	
-14066	-908	7971	25	-611	-489	-139	195	135	136	676	136	67764749	
-14017	-838	7991	62	-626	-494	-141	195	133	137	681	137	67764749	
-13932	-775	7943	132	-636	-508	-141	194	133	138	686	138	67764749	
-13861	-712	7975	227	-673	-510	-140	192	134	139	691	139	67764750	
-13802	-672	7949	322	-727	-508	-141	193	135	140	696	140	67764754	
-13750	-651	7957	403	-785	-502	-142	196	136	141	701	141	67764761	
-13718	-648	7914	494	-843	-502	-142	196	135	142	706	142	67764761	
-13670	-484	7865	547	-898	-487	-140	198	132	143	711	143	67764761	
-13724	-336	7768	582	-952	-450	-140	198	132	144	716	144	67764767	
-13656	-308	7587	599	-1008	-384	-141	199	131	145	721	145	67764789	
-13716	-254	7464	575	-1060	-296	-142	199	131	146	726	146	67764789	
-13915	-92	7369	464	-1121	-186	-146	198	132	147	731	147	67764789	
-14225	31	7137	316	-1173	-77	-143	198	132	148	736	148	67764789	
-14643	136	6902	146	-1205	42	-139	197	133	149	741	149	67764789	
-15079	244	6704	-48	-1216	170	-142	198	132	150	746	150	67764789	
-15556	342	6439	-259	-1207	328	-146	200	130	151	751	151	67764796	
-16081	437	6231	-424	-1165	498	-145	201	132	152	756	152	67764814	
-16561	540	6000	-505	-1090	637	-144	204	136	153	761	153	67764831	
-17026	606	5806	-493	-951	771	-145	204	136	154	766	154	67764831	
-17481	568	5658	-381	-699	888	-148	202	136	155	771	155	67764831	
-17770	526	5622	-206	-367	946	-146	202	135	156	776	156	67764831	
-17880	499	5735	18	31	994	-143	203	133	157	781	157	67764832	
-17827	470	6063	218	395	1077	-145	200	133	158	786	158	67764832	
-17482	553	6704	179	552	1211	-148	196	134	159	791	159	67764832	
-16940	690	7414	-247	350	1447	-146	196	135	160	796	160	67764839	
-16576	536	7749	-795	-216	1774	-143	195	137	161	801	161	67764855	
-16517	-17	7423	-1094	-843	2043	-146	196	136	162	806	162	67764868	
-16524	-708	6883	-1188	-1231	2139	-150	198	134	163	811	163	67764868	
-16336	-1095	6878	-1368	-1322	2126	-149	198	136	164	816	164	67764868	
-16005	-1256	7123	-1723	-1384	2136	-148	198	138	165	821	165	67764868	
-15598	-1406	7240	-2221	-1560	2195	-148	198	136	166	826	166	67764868	
-15427	-1570	7034	-2697	-1754	2253	-148	198	134	167	831	167	67764868	
-15520	-1593	6247	-3313	-1840	2286	-148	196	134	168	836	168	67764873	
-15727	-1613	4761	-4148	-1757	2299	-147	193	135	169	841	169	67764891	
-15870	-1686	2906	-5021	-1438	2248	-149	192	133	170	846	170	67764907	
-15886	-1660	874	-5894	-817	2160	-151	191	131	171	851	171	67764908	
-15736	-1451	-687	-6545	-61	2088	-150	191	136	172	856	172	67764908	
-15622	-1071	-1643	-6815	634	2066	-149	191	139	173	861	173	67764908	
-15423	-573	-1912	-6761	1282	2106	-148	193	137	174	866	174	67764908	
-15215	50	-1518	-6342	1852	2203	-148	194	136	175	871	175	67764908	
-15175	508	-945	-5613	2314	2340	-152	192	138	176	876	176	67764923	
-15411	632	-613	-4626	2759	2488	-156	190	140	177	881	177	67764942	
-16085	497	-832	-3464	3298	2590	-154	191	140	178	886	178	67764949	
-16898	376	-1500	-2543	3978	2591	-151	193	139	179	891	179	67764949	
-17449	315	-2234	-1954	4907	2533	-153	193	141	180	896	180	67764949	
-17520	424	-2529	-1574	5884	2494	-154	192	142	181	901	181	67764950	
-17333	680	-2433	-1215	6659	2499	-152	194	141	182	906	182	67764950	
-17229	982	-2196	-786	7253	2528	-151	195	141	183	911	183	67764950	
-17413	1202	-1937	-237	7714	2559	-149	197	140	184	916	184	67764967	
-17689	1247	-1697	372	8123	2564	-147	199	139	185	921	185	67764985	
-17943	1057	-1466	1009	8549	2526	-152	198	138	186	926	186	67764989	
-18213	650	-1342	1611	9018	2449	-156	198	138	187	931	187	67764989	
-18418	259	-1244	2120	9545	2330	-155	194	137	188	936	188	67764989	
-18562	-95	-1151	2496	10126	2179	-155	191	137	189	941	189	67764989	
-18672	-365	-1035	2736	10734	2016	-157	198	138	190	946	190	67764990	
-18738	-451	-1052	2867	11347	1859	-158	202	138	191	951	191	67764990	
-18775	-528	-1127	2898	11929	1727	-160	200	131	192	956	192	67765007	
-18928	-699	-1146	2875	12480	1609	-161	199	127	193	961	193	67765027	
-19150	-841	-1288	2852	13045	1476	-158	201	128	194	966	194	67765034	
-19355	-984	-1474	2814	13614	1338	-156	202	128	195	971	195	67765034	
-19494	-1162	-1560	2694	14144	1211	-157	202	126	196	976	196	67765034	
-19627	-1287	-1612	2478	14698	1055	-158	202	124	197	981	197	67765034	
-19746	-1427	-1658	2227	15195	910	-160	202	124	198	986	198	67765034	
-19861	-1472	-1628	1989	15668	777	-160	202	124	199	991	199	67765034	
-19823	-1498	-1480	1770	16118	637	-159	201	120	200	996	200	67765061	
-19828	-1559	-1349	1591	16500	501	-159	201	119	201	1001	201	67765068	
-19765	-1515	-1203	1416	16906	352	-160	205	117	202	1006	202	67765068	
-19704	-1419	-1174	1255	17321	201	-161	207	115	203	1011	203	67765068	
-19655	-1252	-1059	1078	17696	96	-161	206	114	204	1016	204	67765068	
-19627	-1030	-1043	813	18045	28	-161	205	113	205	1021	205	67765068	
-19692	-956	-1114	605	18307	-12	-155	207	109	206	1026	206	67765068	
-19894	-1044	-1219	487	18561	-53	-154	208	108	207	1031	207	67765068	
-19977	-1161	-1320	449	18816	-106	-162	210	102	208	1036	208	67765090	
-20109	-1259	-1223	318	19024	-154	-164	210	100	209	1041	209	67765102	
-20241	-1238	-1039	-14	19177	-148	-163	214	99	210	1046	210	67765104	
-20248	-1073	-806	-537	19282	-90	-163	215	99	211	1051	211	67765104	
-20330	-786	-598	-1158	19363	0	-161	209	97	212	1056	212	67765104	
-20389	-500	-532	-1707	19417	77	-160	208	96	213	1061	213	67765105	
-20435	-305	-508	-2090	19434	148	-158	213	90	214	1066	214	67765105	
-20422	-158	-627	-2281	19451	198	-158	214	88	215	1071	215	67765105	
-20454	17	-695	-2322	19471	223	-153	217	90	216	1076	216	67765135	
-20512	86	-750	-2231	19478	243	-152	218	90	217	1081	217	67765143	
-20550	20	-684	-2057	19485	247	-151	219	89	218	1086	218	67765143	
-20586	-73	-808	-1794	19530	210	-151	219	89	219	1091	219	67765143	
-20653	-118	-857	-1500	19589	166	-151	221	83	220	1096	220	67765143	
-20798	-95	-876	-1231	19675	154	-151	221	81	221	1101	221	67765143	
-20964	2	-920	-886	19835	161	-153	221	81	222	1106	222	67765143	
-21126	212	-878	-531	20017	201	-153	221	81	223	1111	223	67765143	
-21158	390	-854	-216	20224	268	-153	223	73	224	1116	224	67765174	
-21205	605	-964	40	20399	332	-153	223	73	225	1121	225	67765181	
-21169	782	-860	445	20578	374	-153	225	70	226	1126	226	67765182	
-21121	802	-815	927	20711	399	-153	225	69	227	1131	227	67765182	
-21090	708	-910	1390	20809	418	-148	227	66	228	1136	228	67765182	
-20954	507	-886	1745	20845	419	-147	227	65	229	1141	229	67765182	
-20822	134	-906	1915	20791	372	-148	228	64	230	1146	230	67765182	
-20694	-212	-804	1878	20671	312	-148	228	64	231	1151	231	67765192	
-20690	-574	-646	1763	20501	260	-143	221	55	232	1156	232	67765221	
-20586	-900	-522	1594	20325	211	-143	221	55	233	1161	233	67765221	
-20518	-1158	-644	1396	20152	178	-144	222	56	234	1166	234	67765221	
-20542	-1266	-1006	1105	20052	135	-144	222	56	235	1171	235	67765222	
-20272	-1158	-1060	620	19993	93	-142	220	46	236	1176	236	67765222	
-20032	-991	-1030	50	19940	53	-142	220	46	237	1181	237	67765222	
-19650	-760	-818	-805	19777	77	-142	222	44	238	1186	238	67765222	
-19376	-732	-656	-1440	19470	145	-142	222	44	239	1191	239	67765231	
-19344	-958	-718	-1901	19015	240	-138	224	40	240	1196	240	67765262	
-19278	-1292	-936	-2164	18534	352	-138	224	40	241	1201	241	67765262	
-19332	-1528	-1042	-2264	18180	414	-139	223	35	242	1206	242	67765262	
-19164	-1804	-1194	-2491	17928	447	-139	223	35	243	1211	243	67765262	
-18832	-1842	-870	-3016	17716	498	-134	224	32	244	1216	244	67765262	
-18642	-1990	-666	-3688	17312	510	-134	224	32	245	1221	245	67765262	
-18446	-2142	-862	-4344	16825	459	-135	227	31	246	1226	246	67765262	
-18458	-2298	-1186	-4984	16339	333	-133	227	31	247	1231	247	67765293	
-18317	-2423	-1504	-5459	16073	218	-125	225	29	248	1236	248	67765302	
-18050	-2520	-1814	-5866	15875	113	-125	225	29	249	1241	249	67765302	
-17736	-2550	-2238	-6248	15605	-23	-134	222	22	250	1246	250	67765302	
-17638	-2520	-2904	-6530	15315	-185	-134	222	22	251	1251	251	67765303	
-17372	-2462	-3576	-6849	15103	-325	-130	222	26	252	1256	252	67765303	
-17190	-2550	-3910	-7108	15038	-474	-130	222	26	253	1261	253	67765303	
-16940	-2642	-4538	-7133	14889	-708	-127	223	21	254	1266	254	67765303	
-16749	-2469	-4854	-7016	14701	-908	-127	223	20	255	1271	255	67765317	
-16563	-2299	-5056	-6753	14604	-985	-128	222	18	256	1276	256	67765339	
-16438	-2061	-5120	-6156	14552	-1011	-127	221	18	257	1281	257	67765339	
-16157	-2126	-5087	-5392	14480	-1010	-124	218	16	258	1286	258	67765339	
-16172	-2224	-5085	-4590	14375	-1073	-125	218	16	259	1291	259	67765339	
-16161	-2567	-4882	-3962	14276	-1183	-127	219	15	260	1296	260	67765339	
-16198	-2772	-4654	-3554	14243	-1319	-127	219	15	261	1301	261	67765340	
-16160	-3232	-4060	-3430	14197	-1483	-119	219	11	262	1306	262	67765340	
-16166	-3720	-3962	-3653	14052	-1718	-119	219	11	263	1311	263	67765356	
-16343	-4296	-4349	-4181	13923	-2107	-118	220	6	264	1316	264	67765386	
-16542	-4592	-5067	-4744	13901	-2544	-118	220	6	265	1321	265	67765386	
-16616	-4575	-5536	-5432	13997	-3026	-118	218	6	266	1326	266	67765386	
-16578	-4282	-6224	-6052	14065	-3491	-117	219	5	267	1331	267	67765386	
-16516	-3721	-6955	-6198	14102	-3915	-115	223	1	268	1336	268	67765386	
-16439	-3014	-7713	-5715	14192	-4293	-115	222	1	269	1341	269	67765387	
-16382	-2273	-8249	-4611	14264	-4615	-115	217	-1	270	1346	270	67765398	
-16271	-1572	-8655	-2814	14324	-4883	-115	218	-2	271	1351	271	67765419	
-16048	-967	-8953	-467	14331	-5090	-113	219	-3	272	1356	272	67765419	
-15871	-602	-9103	1524	14359	-5217	-113	219	-5	273	1361	273	67765419	
-15596	-467	-9117	3885	14300	-5415	-113	219	-13	274	1366	274	67765419	
-15510	-517	-9156	6242	14108	-5724	-112	219	-13	275	1371	275	67765419	
-15345	-838	-9038	8279	14042	-5992	-106	220	-12	276	1376	276	67765419	
-15104	-1390	-8988	9892	13977	-6243	-105	221	-14	277	1381	277	67765424	
-14956	-2120	-8902	11084	13845	-6487	-102	226	-22	278	1386	278	67765443	
-14776	-2907	-8938	11858	13721	-6757	-103	225	-24	279	1391	279	67765459	
-14619	-3482	-8801	12114	13552	-7069	-106	220	-28	280	1396	280	67765459	
-14510	-3552	-8621	11897	13368	-7330	-100	221	-28	281	1401	281	67765459	
-14389	-3338	-8486	11618	13167	-7534	-92	222	-28	282	1406	282	67765460	
-14316	-3121	-8409	11452	12941	-7665	-92	223	-28	283	1411	283	67765460	
-14204	-3041	-8495	11466	12737	-7765	-93	225	-29	284	1416	284	67765460	
-14037	-3066	-8557	11588	12556	-7851	-92	225	-32	285	1421	285	67765466	
-13766	-3183	-8536	11836	12291	-7966	-88	224	-44	286	1426	286	67765493	
-13528	-3454	-8649	12212	11931	-8080	-88	223	-44	287	1431	287	67765505	
-13308	-3956	-8690	12497	11544	-8258	-87	219	-45	288	1436	288	67765505	
-13039	-4414	-8561	12610	11184	-8504	-85	218	-45	289	1441	289	67765505	
-12834	-4679	-8405	12492	10873	-8720	-83	217	-45	290	1446	290	67765506	
-12646	-4906	-8276	12273	10546	-8918	-83	220	-49	291	1451	291	67765506	
-12547	-5081	-8470	12097	10240	-9091	-82	224	-54	292	1456	292	67765507	
-12369	-5166	-8588	11869	9977	-9277	-77	221	-56	293	1461	293	67765507	
-12103	-5298	-8550	11720	9707	-9484	-69	217	-59	294	1466	294	67765507	
-11823	-5390	-8520	11684	9366	-9700	-69	216	-61	295	1471	295	67765518	
-11652	-5273	-8332	11764	8937	-9881	-70	214	-64	296	1476	296	67765535	
-11509	-4868	-8015	11876	8466	-10024	-68	216	-63	297	1481	297	67765535	
-11328	-4280	-7543	12063	7958	-10126	-64	218	-62	298	1486	298	67765535	
-11211	-3642	-7037	12277	7441	-10186	-63	219	-65	299	1491	299	67765535	
-11203	-3147	-6508	12515	6941	-10221	-61	221	-69	300	1496	300	67765535	
-11127	-2912	-6037	12930	6450	-10239	-57	219	-69	301	1501	301	67765535	
-11001	-2956	-5668	13418	5953	-10266	-50	216	-68	302	1506	302	67765552	
-10908	-3116	-5254	13830	5456	-10305	-50	215	-71	303	1511	303	67765575	
-10785	-3271	-4753	14164	4935	-10333	-51	213	-75	304	1516	304	67765575	
-10678	-3416	-4289	14388	4285	-10343	-51	213	-76	305	1521	305	67765575	
-10543	-3483	-4035	14534	3587	-10357	-50	212	-76	306	1526	306	67765575	
-10381	-3528	-3826	14669	2923	-10382	-46	211	-82	307	1531	307	67765576	
-10299	-3584	-3717	14813	2303	-10404	-44	210	-86	308	1536	308	67765576	
-10285	-3640	-3764	14961	1679	-10418	-38	212	-84	309	1541	309	67765579	
-10285	-3585	-3842	15063	1012	-10421	-30	214	-80	310	1546	310	67765598	
-10289	-3348	-3817	15069	410	-10406	-28	212	-82	311	1551	311	67765621	
-10312	-3050	-3730	15080	-117	-10355	-26	210	-84	312	1556	312	67765621	
-10269	-2699	-3669	15223	-623	-10255	-27	212	-84	313	1561	313	67765622	
-10184	-2416	-3656	15568	-1105	-10107	-27	213	-83	314	1566	314	67765622	
-10047	-2321	-3652	16043	-1533	-9951	-22	214	-84	315	1571	315	67765622	
-9867	-2338	-3478	16585	-1992	-9817	-19	215	-85	316	1576	316	67765622	
-9701	-2385	-3174	17107	-2534	-9700	-17	215	-83	317	1581	317	67765639	
-9530	-2504	-2926	17577	-3174	-9573	-15	215	-81	318	1586	318	67765658	
-9373	-2668	-2808	17991	-3893	-9424	-11	213	-81	319	1591	319	67765664	
-9254	-2996	-2788	18282	-4616	-9262	-9	211	-81	320	1596	320	67765664	
-9157	-3411	-2738	18351	-5288	-9089	-5	214	-82	321	1601	321	67765664	
-9191	-3804	-2762	18107	-5893	-8877	-2	216	-82	322	1606	322	67765664	
-9244	-4138	-2768	17538	-6441	-8595	0	215	-81	323	1611	323	67765664	
-9254	-4396	-2718	16738	-6958	-8258	1	215	-81	324	1616	324	67765669	
-9270	-4535	-2760	15752	-7450	-7868	7	219	-80	325	1621	325	67765695	
-9243	-4672	-3008	14657	-7902	-7438	11	221	-79	326	1626	326	67765711	
-9064	-5126	-3156	13473	-8308	-6951	9	216	-74	327	1631	327	67765711	
-8937	-5705	-3329	12207	-8684	-6430	7	213	-71	328	1636	328	67765711	
-9018	-6052	-3650	10600	-9102	-5922	9	214	-71	329	1641	329	67765711	
-9285	-5966	-4146	8208	-9624	-5422	11	215	-71	330	1646	330	67765712	
-9550	-5452	-4498	5848	-10014	-5058	17	217	-69	331	1651	331	67765712	
-9611	-4645	-4673	3751	-10305	-4794	19	217	-69	332	1656	332	67765712	
-9702	-3728	-4967	2232	-10561	-4625	17	218	-64	333	1661	333	67765712	
-9806	-2638	-5284	1023	-10882	-4477	16	218	-62	334	1666	334	67765730	
-9965	-1463	-5561	293	-11256	-4323	19	219	-60	335	1671	335	67765742	
-10162	-538	-5798	141	-11630	-4115	21	219	-59	336	1676	336	67765742	
-10389	55	-5943	413	-11992	-3791	17	221	-63	337	1681	337	67765742	
-10686	419	-6291	955	-12389	-3306	15	223	-65	338	1686	338	67765742	
-10998	612	-6877	1461	-12664	-2773	17	222	-67	339	1691	339	67765742	
-11198	784	-7515	1867	-12755	-2176	18	222	-68	340	1696	340	67765742	
-11762	1605	-8868	2157	-12686	-1607	24	223	-61	341	1701	341	67765742	
-10702	1239	-10505	2557	-11835	-643	25	223	-59	342	1706	342	67765748	
-9070	2056	-12502	4485	-10425	1488	21	224	-57	343	1711	343	67765773	
-9563	4320	-15812	8807	-10398	3557	20	224	-56	344	1716	344	67765779	
-12049	5593	-18212	13074	-10909	4411	22	226	-59	345	1721	345	67765779	
-14658	5578	-20806	16384	-10894	4354	23	227	-61	346	1726	346	67765779	
-15818	3046	-23758	18017	-9014	4103	23	227	-54	347	1731	347	67765779	
-15960	-904	-25018	19023	-6668	4192	23	227	-51	348	1736	348	67765779	
