-15899	1336	-6130	208	-294	-652	-78	80	-72	1	1	1	67779822	
-15857	1323	-6155	124	-254	-672	-81	85	-69	2	6	2	67779823	
-15796	1260	-6208	48	-225	-689	-82	86	-68	3	11	3	67779823	
-15832	1320	-6143	-8	-194	-704	-81	85	-67	4	16	4	67779823	
-15783	1341	-6183	-48	-169	-726	-81	85	-67	5	21	5	67779823	
-15832	1276	-6140	-64	-148	-752	-81	82	-69	6	26	6	67779823	
-15797	1290	-6166	-82	-144	-771	-81	81	-69	7	31	7	67779831	
-15835	1301	-6152	-100	-145	-788	-79	81	-67	8	36	8	67779866	
-15867	1252	-6130	-107	-155	-805	-79	81	-67	9	41	9	67779875	
-15942	1224	-6113	-114	-175	-826	-82	86	-70	10	46	10	67779875	
-15882	1278	-6084	-129	-197	-843	-83	87	-71	11	51	11	67779875	
-15928	1276	-5986	-110	-225	-836	-84	86	-64	12	56	12	67779876	
-15924	1312	-5938	-89	-261	-832	-84	86	-64	13	61	13	67779877	
-15958	1346	-5826	-64	-295	-825	-82	84	-66	14	66	14	67779877	
-15950	1392	-5774	-29	-315	-804	-82	84	-66	15	71	15	67779878	
-16040	1474	-5840	-21	-319	-793	-83	81	-71	16	76	16	67779878	
-16026	1452	-5840	-46	-284	-775	-83	81	-71	17	81	17	67779913	
-16094	1440	-5760	-84	-248	-766	-79	85	-67	18	86	18	67779913	
-16128	1565	-5747	-101	-189	-749	-79	83	-68	19	91	19	67779913	
-16209	1505	-5680	-120	-148	-753	-81	75	-71	20	96	20	67779913	
-16218	1529	-5683	-132	-102	-740	-82	77	-70	21	101	21	67779913	
-16267	1528	-5653	-154	-59	-721	-84	84	-68	22	106	22	67779913	
-16239	1556	-5630	-172	-15	-702	-84	84	-68	23	111	23	67779913	
-16223	1492	-5716	-188	8	-672	-82	84	-70	24	116	24	67779917	
-16267	1463	-5723	-223	16	-627	-83	83	-69	25	121	25	67779936	
-16249	1436	-5809	-270	27	-582	-85	79	-67	26	126	26	67779950	
-16286	1419	-5773	-322	39	-541	-84	81	-67	27	131	27	67779950	
-16259	1340	-5704	-368	55	-507	-81	85	-67	28	136	28	67779950	
-16263	1314	-5698	-385	69	-485	-81	87	-67	29	141	29	67779950	
-16276	1308	-5758	-392	82	-472	-80	90	-66	30	146	30	67779951	
-16260	1251	-5759	-394	105	-464	-79	86	-67	31	151	31	67779951	
-16238	1182	-5754	-407	127	-466	-77	79	-69	32	156	32	67779951	
-16240	1124	-5836	-449	136	-471	-78	79	-69	33	161	33	67779951	
-16227	1071	-5895	-491	141	-483	-80	80	-68	34	166	34	67779959	
-16216	1077	-5915	-543	141	-492	-81	81	-68	35	171	35	67779982	
-16126	1071	-5932	-610	150	-503	-82	82	-68	36	176	36	67779993	
-16086	1111	-6006	-657	169	-518	-83	86	-67	37	181	37	67779993	
-16044	1153	-6087	-686	193	-538	-83	89	-67	38	186	38	67779993	
-15972	1140	-6128	-689	212	-560	-81	87	-66	39	191	39	67779993	
-15950	1106	-6174	-664	232	-587	-80	86	-66	40	196	40	67779993	
-15931	1100	-6224	-625	263	-611	-81	86	-66	41	201	41	67779993	
-15865	1117	-6242	-569	284	-626	-82	86	-66	42	206	42	67780043	
-15847	1026	-6238	-498	292	-649	-81	84	-68	43	211	43	67780078	
-15849	959	-6262	-421	287	-666	-80	82	-70	44	216	44	67780078	
-15812	912	-6320	-363	288	-682	-84	76	-76	45	221	45	67780078	
-15871	918	-6306	-316	299	-685	-85	75	-77	46	226	46	67780078	
-15834	824	-6244	-254	285	-707	-81	82	-68	47	231	47	67780078	
-15868	822	-6232	-174	266	-727	-80	84	-66	48	236	48	67780078	
-15901	786	-6254	-99	266	-741	-79	83	-67	49	241	49	67780078	
-15874	735	-6279	-27	264	-754	-79	83	-67	50	246	50	67780097	
-15858	708	-6341	60	266	-757	-83	84	-71	51	251	51	67780113	
-15867	689	-6336	162	263	-766	-85	85	-73	52	256	52	67780117	
-15883	642	-6380	226	262	-776	-80	79	-68	53	261	53	67780117	
-15827	573	-6352	275	267	-780	-79	77	-67	54	266	54	67780117	
-15775	499	-6328	296	278	-789	-76	80	-67	55	271	55	67780117	
-15800	500	-6438	306	283	-781	-75	81	-67	56	276	56	67780117	
-15765	595	-6536	284	288	-783	-78	83	-70	57	281	57	67780117	
-15797	613	-6496	243	296	-790	-79	83	-71	58	286	58	67780117	
-15818	644	-6469	194	296	-799	-74	88	-66	59	291	59	67780117	
-15879	628	-6421	158	292	-816	-73	89	-65	60	296	60	67780118	
-15878	670	-6450	119	274	-834	-81	83	-73	61	301	61	67780118	
-15942	778	-6328	107	254	-849	-81	83	-73	62	306	62	67780118	
-15946	848	-6364	133	243	-867	-75	81	-69	63	311	63	67780126	
-16012	786	-6240	162	219	-882	-75	81	-69	64	316	64	67780131	
-16010	764	-6294	171	201	-884	-74	82	-68	65	321	65	67780131	
-16088	726	-6252	168	170	-879	-74	82	-68	66	326	66	67780131	
-16124	736	-6256	190	147	-866	-82	82	-72	67	331	67	67780131	
-16106	782	-6318	224	105	-846	-82	82	-72	68	336	68	67780159	
-16153	767	-6309	279	75	-822	-73	81	-71	69	341	69	67780159	
-16111	767	-6301	329	42	-794	-74	81	-71	70	346	70	67780159	
-16089	754	-6251	375	21	-760	-80	80	-72	71	351	71	67780159	
-16081	745	-6240	426	-8	-722	-80	81	-72	72	356	72	67780159	
-16061	743	-6302	454	-44	-684	-80	86	-70	73	361	73	67780159	
-16045	729	-6312	466	-91	-647	-79	84	-70	74	366	74	67780159	
-15968	752	-6334	486	-129	-633	-74	76	-70	75	371	75	67780165	
-16003	749	-6286	484	-174	-622	-76	78	-69	76	376	76	67780190	
-16033	684	-6276	474	-214	-617	-83	85	-65	77	381	77	67780196	
-16079	701	-6247	492	-248	-618	-83	83	-66	78	386	78	67780197	
-16126	656	-6226	502	-286	-629	-82	80	-68	79	391	79	67780197	
-16130	618	-6252	497	-324	-647	-81	80	-71	80	396	80	67780197	
-16082	596	-6218	486	-357	-658	-79	81	-75	81	401	81	67780197	
-16094	586	-6199	474	-397	-655	-80	82	-71	82	406	82	67780197	
-16105	558	-6230	457	-427	-647	-81	83	-65	83	411	83	67780201	
-16046	519	-6238	418	-449	-634	-77	82	-66	84	416	84	67780219	
-16013	468	-6276	346	-463	-605	-71	81	-67	85	421	85	67780236	
-15958	397	-6359	262	-470	-574	-78	79	-68	86	426	86	67780236	
-15902	375	-6361	196	-476	-536	-82	78	-68	87	431	87	67780236	
-15864	368	-6445	140	-476	-494	-79	77	-67	88	436	88	67780236	
-15814	344	-6534	93	-475	-461	-77	77	-67	89	441	89	67780236	
-15768	336	-6560	45	-479	-422	-78	80	-65	90	446	90	67780237	
-15742	336	-6557	12	-480	-373	-78	82	-64	91	451	91	67780254	
-15770	381	-6585	-15	-482	-315	-82	87	-70	92	456	92	67780279	
-15720	417	-6640	-38	-501	-245	-84	90	-74	93	461	93	67780287	
-15634	405	-6650	-56	-517	-161	-78	92	-71	94	466	94	67780287	
-15652	397	-6702	-67	-539	-87	-76	92	-70	95	471	95	67780287	
-15572	474	-6718	-50	-570	-14	-75	82	-71	96	476	96	67780288	
-15603	537	-6780	-10	-613	51	-75	79	-71	97	481	97	67780288	
-15614	596	-6727	42	-655	113	-76	77	-69	98	486	98	67780288	
-15673	626	-6673	97	-716	147	-76	76	-68	99	491	99	67780288	
-15744	579	-6696	154	-775	162	-78	81	-66	100	496	100	67780306	
-15758	568	-6702	210	-829	151	-78	82	-66	101	501	101	67780310	
-15722	568	-6524	232	-874	124	-76	82	-66	102	506	102	67780310	
-15810	582	-6468	244	-914	81	-76	82	-66	103	511	103	67780310	
-15866	616	-6442	253	-938	33	-82	80	-74	104	516	104	67780310	
-15916	616	-6366	271	-958	-26	-82	80	-74	105	521	105	67780310	
-15966	566	-6340	262	-973	-88	-75	91	-65	106	526	106	67780310	
-16022	620	-6270	259	-965	-121	-75	91	-65	107	531	107	67780343	
-16006	668	-6214	248	-964	-147	-74	84	-68	108	536	108	67780364	
-15956	702	-6214	228	-956	-160	-74	84	-68	109	541	109	67780364	
-15916	694	-6168	203	-955	-168	-81	73	-73	110	546	110	67780364	
-15836	784	-6130	209	-946	-147	-80	75	-73	111	551	111	67780364	
-15842	769	-6124	200	-934	-123	-75	85	-75	112	556	112	67780364	
-15889	799	-6084	161	-906	-95	-75	85	-73	113	561	113	67780364	
-15938	848	-6177	113	-883	-58	-77	85	-65	114	566	114	67780370	
-15911	778	-6144	60	-857	-20	-76	84	-66	115	571	115	67780394	
-15957	781	-6165	8	-856	8	-74	82	-68	116	576	116	67780400	
-15976	790	-6179	-40	-861	30	-74	83	-68	117	581	117	67780400	
-16030	808	-6052	-62	-883	54	-74	88	-70	118	586	118	67780400	
-15998	904	-6059	-54	-918	89	-74	86	-70	119	591	119	67780400	
-16026	847	-6116	-29	-975	127	-74	80	-68	120	596	120	67780400	
-16048	775	-6100	5	-1026	151	-77	80	-70	121	601	121	67780400	
-16044	708	-6097	36	-1072	166	-81	81	-73	122	606	122	67780420	
-16043	664	-6148	55	-1109	172	-79	83	-72	123	611	123	67780449	
-16064	591	-6134	56	-1127	171	-76	86	-70	124	616	124	67780449	
-16059	495	-6175	34	-1127	157	-77	85	-70	125	621	125	67780450	
-16046	440	-6170	-10	-1106	123	-78	84	-70	126	626	126	67780450	
-16045	423	-6149	-86	-1078	75	-82	85	-70	127	631	127	67780451	
-16081	372	-6156	-173	-1040	24	-85	85	-69	128	636	128	67780451	
-16114	354	-6033	-240	-1011	-26	-82	82	-68	129	641	129	67780451	
-16199	331	-5950	-298	-1004	-70	-80	80	-68	130	646	130	67780451	
-16271	360	-5908	-349	-1011	-106	-77	85	-67	131	651	131	67780452	
-16334	420	-5836	-372	-1016	-127	-75	89	-67	132	656	132	67780472	
-16356	494	-5796	-379	-1019	-130	-77	88	-69	133	661	133	67780487	
-16324	543	-5722	-385	-1015	-126	-79	87	-71	134	666	134	67780487	
-16272	571	-5622	-380	-1014	-114	-83	81	-69	135	671	135	67780487	
-16273	695	-5540	-343	-1023	-98	-85	77	-67	136	676	136	67780487	
-16258	783	-5583	-306	-1029	-78	-80	79	-67	137	681	137	67780487	
-16290	814	-5609	-287	-1019	-57	-79	79	-67	138	686	138	67780487	
-16282	792	-5647	-262	-998	-57	-81	80	-66	139	691	139	67780487	
-16232	812	-5573	-238	-968	-63	-82	80	-66	140	696	140	67780487	
-16244	781	-5602	-232	-939	-62	-78	87	-65	141	701	141	67780487	
-16165	761	-5708	-226	-892	-67	-77	89	-65	142	706	142	67780518	
-16165	716	-5754	-239	-843	-75	-74	86	-65	143	711	143	67780536	
-16184	638	-5926	-279	-762	-82	-73	85	-65	144	716	144	67780538	
-16102	470	-5956	-314	-676	-94	-81	83	-71	145	721	145	67780538	
-16084	530	-6016	-382	-585	-110	-81	83	-71	146	726	146	67780538	
-16050	502	-6076	-428	-508	-123	-83	85	-67	147	731	147	67780539	
-16114	480	-6004	-494	-447	-146	-83	85	-67	148	736	148	67780539	
-16128	354	-6070	-531	-427	-163	-76	86	-74	149	741	149	67780548	
-16208	356	-6056	-560	-413	-168	-76	86	-74	150	746	150	67780574	
-16172	362	-6004	-575	-416	-185	-79	85	-65	151	751	151	67780574	
-16166	396	-6054	-574	-434	-175	-79	85	-65	152	756	152	67780574	
-16216	463	-5958	-557	-464	-159	-73	87	-69	153	761	153	67780575	
-16092	592	-5935	-526	-502	-124	-75	87	-69	154	766	154	67780575	
-16109	585	-5988	-470	-529	-73	-85	87	-71	155	771	155	67780575	
-16070	593	-5950	-421	-546	-14	-82	86	-71	156	776	156	67780576	
-15977	643	-6006	-378	-562	43	-70	82	-70	157	781	157	67780576	
-15918	680	-5938	-374	-568	96	-71	83	-70	158	786	158	67780578	
-15880	734	-5992	-391	-561	147	-73	87	-69	159	791	159	67780592	
-15841	693	-6079	-415	-531	179	-75	85	-69	160	796	160	67780623	
-15767	783	-6056	-462	-467	179	-80	80	-70	161	801	161	67780623	
-15770	821	-6136	-495	-394	145	-80	80	-72	162	806	162	67780623	
-15800	840	-6126	-517	-307	89	-79	81	-75	163	811	163	67780624	
-15809	860	-6086	-519	-217	15	-78	83	-70	164	816	164	67780624	
-15797	879	-6052	-507	-136	-68	-77	85	-63	165	821	165	67780624	
-15847	852	-6067	-465	-69	-158	-77	85	-69	166	826	166	67780635	
-15879	862	-6069	-406	-24	-244	-76	86	-78	167	831	167	67780655	
-15902	818	-6019	-337	15	-328	-77	86	-74	168	836	168	67780661	
-15951	726	-6005	-241	35	-417	-79	85	-69	169	841	169	67780661	
-15982	741	-5918	-152	21	-498	-77	83	-69	170	846	170	67780661	
-16013	754	-5908	-87	-12	-544	-75	81	-69	171	851	171	67780661	
-16065	787	-5883	-19	-53	-571	-73	82	-69	172	856	172	67780661	
-16113	839	-5829	53	-105	-583	-70	82	-68	173	861	173	67780661	
-16087	864	-5811	126	-168	-564	-70	83	-68	174	866	174	67780676	
-16055	860	-5819	200	-223	-524	-71	85	-67	175	871	175	67780699	
-16052	878	-5896	267	-266	-472	-74	82	-65	176	876	176	67780699	
-16035	943	-5923	328	-289	-391	-79	77	-63	177	881	177	67780699	
-16072	940	-5958	382	-286	-316	-78	81	-66	178	886	178	67780699	
-16020	930	-6004	428	-264	-251	-78	84	-68	179	891	179	67780699	
-16005	937	-5990	459	-225	-192	-76	85	-69	180	896	180	67780699	
-16002	926	-5985	467	-181	-144	-75	85	-69	181	901	181	67780699	
-16007	847	-5992	457	-141	-97	-77	84	-70	182	906	182	67780699	
-16075	820	-5964	437	-111	-60	-78	84	-70	183	911	183	67780700	
-16124	821	-5957	411	-102	-37	-75	86	-68	184	916	184	67780725	
-16158	776	-5913	357	-110	-31	-73	87	-67	185	921	185	67780746	
-16187	743	-5848	306	-119	-40	-76	86	-69	186	926	186	67780748	
-16188	754	-5862	246	-149	-47	-77	85	-69	187	931	187	67780748	
-16182	726	-5849	211	-178	-66	-78	87	-68	188	936	188	67780749	
-16217	755	-5823	190	-220	-81	-78	88	-68	189	941	189	67780749	
-16240	767	-5794	196	-261	-99	-75	86	-70	190	946	190	67780749	
-16273	800	-5850	242	-289	-114	-74	86	-70	191	951	191	67780749	
-16269	814	-5767	303	-313	-131	-77	86	-70	192	956	192	67780766	
-16207	883	-5784	398	-339	-128	-78	86	-70	193	961	193	67780778	
-16188	894	-5816	533	-364	-123	-77	83	-65	194	966	194	67780780	
-16168	894	-5828	648	-350	-89	-77	83	-65	195	971	195	67780780	
-16156	832	-5868	776	-339	-40	-75	85	-67	196	976	196	67780780	
-16182	838	-5836	874	-319	8	-75	85	-67	197	981	197	67780780	
-16142	774	-5936	974	-294	73	-78	86	-68	198	986	198	67780780	
-16134	700	-5994	1053	-273	118	-78	86	-68	199	991	199	67780781	
-16156	670	-5946	1106	-242	165	-77	83	-75	200	996	200	67780796	
-16062	566	-5992	1141	-217	198	-77	83	-75	201	1001	201	67780811	
-16040	474	-5996	1150	-181	208	-80	86	-72	202	1006	202	67780811	
-16007	364	-6201	1133	-167	218	-79	85	-72	203	1011	203	67780811	
-15955	271	-6211	1090	-153	227	-77	81	-73	204	1016	204	67780811	
-15994	262	-6220	1045	-147	217	-77	81	-73	205	1021	205	67780811	
-15912	204	-6193	1008	-152	196	-79	83	-71	206	1026	206	67780811	
-15890	173	-6250	982	-161	180	-78	84	-72	207	1031	207	67780813	
-15840	146	-6280	958	-175	147	-74	88	-74	208	1036	208	67780830	
-15801	47	-6356	951	-183	135	-75	87	-72	209	1041	209	67780870	
-15902	33	-6435	966	-174	132	-77	85	-65	210	1046	210	67780874	
-15896	50	-6396	1000	-193	154	-76	85	-67	211	1051	211	67780874	
-15953	77	-6319	1044	-208	180	-75	85	-71	212	1056	212	67780875	
-15958	57	-6288	1093	-241	211	-75	83	-71	213	1061	213	67780875	
-15926	77	-6296	1138	-272	254	-76	80	-70	214	1066	214	67780885	
-16007	74	-6268	1188	-303	291	-76	83	-70	215	1071	215	67780900	
-16050	16	-6253	1233	-345	339	-76	88	-70	216	1076	216	67780900	
-16034	16	-6201	1259	-382	401	-78	84	-71	217	1081	217	67780900	
-16076	47	-6194	1274	-421	454	-81	79	-73	218	1086	218	67780900	
-16085	15	-6206	1268	-444	502	-83	82	-71	219	1091	219	67780900	
-16075	-8	-6221	1240	-449	536	-84	84	-68	220	1096	220	67780900	
-16100	-56	-6212	1187	-441	546	-79	82	-67	221	1101	221	67780900	
-16157	-108	-6185	1124	-432	546	-75	81	-67	222	1106	222	67780900	
-16193	-169	-6160	1058	-419	547	-74	80	-68	223	1111	223	67780901	
-16154	-224	-6179	988	-405	536	-74	80	-68	224	1116	224	67780905	
-16135	-244	-6173	920	-392	508	-77	83	-69	225	1121	225	67780934	
-16076	-251	-6156	838	-384	474	-79	85	-69	226	1126	226	67780951	
-16061	-310	-6200	750	-391	437	-76	85	-68	227	1131	227	67780951	
-16099	-294	-6150	671	-420	405	-75	85	-67	228	1136	228	67780951	
-16056	-243	-6155	596	-441	373	-73	79	-69	229	1141	229	67780951	
-16015	-238	-6176	511	-463	359	-72	78	-70	230	1146	230	67780951	
-16026	-234	-6164	427	-477	349	-70	80	-71	231	1151	231	67780951	
-16081	-186	-6216	338	-505	347	-69	81	-71	232	1156	232	67780982	
-16056	-148	-6196	253	-530	362	-71	83	-70	233	1161	233	67780991	
-16056	-80	-6190	180	-558	392	-72	84	-70	234	1166	234	67780991	
-15988	48	-6100	124	-589	421	-76	83	-77	235	1171	235	67780991	
-16020	208	-6080	90	-632	486	-77	83	-79	236	1176	236	67780992	
-15988	296	-6138	75	-665	551	-76	88	-70	237	1181	237	67780992	
-15966	510	-6058	77	-709	622	-76	88	-70	238	1186	238	67780992	
-15904	552	-6050	41	-717	689	-80	84	-72	239	1191	239	67780993	
-15950	708	-6114	10	-717	739	-80	84	-72	240	1196	240	67780993	
-15978	798	-6052	-24	-700	767	-74	84	-68	241	1201	241	67780993	
-15990	860	-6044	-67	-659	751	-74	84	-68	242	1206	242	67781027	
-16018	910	-6026	-122	-609	699	-77	87	-67	243	1211	243	67781027	
-16036	909	-6023	-179	-561	582	-78	86	-67	244	1216	244	67781027	
-16134	821	-5968	-214	-535	466	-80	80	-68	245	1221	245	67781028	
-16178	735	-5904	-228	-527	343	-79	81	-68	246	1226	246	67781028	
-16156	715	-5830	-267	-538	242	-75	83	-67	247	1231	247	67781028	
-16171	651	-5817	-288	-552	151	-75	83	-68	248	1236	248	67781028	
-16186	624	-5756	-323	-582	71	-77	83	-71	249	1241	249	67781033	
-16212	595	-5743	-358	-608	0	-77	85	-71	250	1246	250	67781057	
-16166	577	-5700	-379	-599	-40	-75	91	-73	251	1251	251	67781077	
-16146	557	-5752	-382	-575	-66	-76	89	-72	252	1256	252	67781077	
-16085	573	-5823	-377	-544	-80	-80	84	-68	253	1261	253	67781077	
-16120	565	-5882	-360	-512	-89	-80	86	-68	254	1266	254	67781077	
-16117	562	-5896	-338	-469	-86	-79	89	-69	255	1271	255	67781077	
-16075	569	-5876	-301	-413	-80	-77	88	-70	256	1276	256	67781077	
-16019	540	-5886	-251	-368	-81	-73	87	-71	257	1281	257	67781082	
-15980	465	-5895	-211	-325	-96	-75	86	-70	258	1286	258	67781102	
-16006	396	-5862	-181	-285	-106	-77	85	-69	259	1291	259	67781119	
-16072	310	-5905	-182	-247	-120	-78	85	-70	260	1296	260	67781119	
-16111	211	-5991	-230	-209	-145	-79	85	-71	261	1301	261	67781119	
-16145	131	-6040	-305	-164	-171	-76	81	-73	262	1306	262	67781119	
-16136	117	-6140	-383	-101	-188	-74	78	-74	263	1311	263	67781119	
-16122	117	-6207	-462	-35	-213	-75	78	-70	264	1316	264	67781119	
-16091	59	-6200	-543	28	-233	-76	78	-68	265	1321	265	67781119	
-16011	38	-6194	-630	108	-247	-76	78	-67	266	1326	266	67781119	
-15986	30	-6221	-705	177	-252	-76	78	-66	267	1331	267	67781135	
-15985	-7	-6201	-762	208	-265	-78	82	-65	268	1336	268	67781160	
-15972	-66	-6217	-820	229	-286	-79	85	-65	269	1341	269	67781170	
-16007	-74	-6216	-871	291	-321	-73	87	-67	270	1346	270	67781170	
-15949	-21	-6266	-910	370	-379	-71	87	-67	271	1351	271	67781170	
-15959	11	-6182	-913	432	-439	-75	86	-73	272	1356	272	67781170	
-15988	21	-6180	-918	461	-489	-76	86	-74	273	1361	273	67781170	
-15964	73	-6197	-898	459	-542	-74	86	-71	274	1366	274	67781170	
-16073	25	-6290	-861	458	-612	-74	86	-70	275	1371	275	67781177	
-16132	69	-6293	-801	456	-680	-73	84	-69	276	1376	276	67781201	
-16118	124	-6178	-699	470	-761	-73	83	-69	277	1381	277	67781207	
-16154	-28	-6268	-555	492	-817	-84	82	-70	278	1386	278	67781207	
-16144	-46	-6302	-433	498	-861	-84	82	-70	279	1391	279	67781208	
-16152	-130	-6304	-314	504	-885	-78	84	-74	280	1396	280	67781208	
-16104	-192	-6300	-225	509	-877	-78	84	-74	281	1401	281	67781208	
