-15443	-451	8001	101	-233	-430	-269	118	57	1	1	1	79117645	
-15514	-454	7960	96	-235	-396	-266	124	52	2	6	2	79117659	
-15657	-459	7953	101	-233	-368	-266	126	53	3	11	3	79117659	
-15759	-495	7844	93	-230	-350	-264	130	54	4	16	4	79117660	
-15785	-549	7786	85	-224	-353	-266	130	56	5	21	5	79117660	
-15805	-585	7748	85	-216	-347	-268	130	58	6	26	6	79117661	
-15781	-610	7742	86	-202	-332	-267	128	56	7	31	7	79117662	
-15773	-608	7791	69	-183	-311	-264	124	52	8	36	8	79117663	
-15842	-629	7766	50	-165	-285	-265	125	52	9	41	9	79117668	
-15925	-576	7812	26	-168	-265	-267	127	53	10	46	10	79117687	
-15993	-419	7974	-10	-170	-252	-267	126	52	11	51	11	79117687	
-15954	-328	7949	-31	-134	-236	-265	123	47	12	56	12	79117687	
-15919	-261	7844	14	-85	-228	-266	123	50	13	61	13	79117688	
-15930	-228	7886	77	-51	-196	-267	123	55	14	66	14	79117688	
-15981	-227	7975	132	-7	-153	-268	123	55	15	71	15	79117709	
-15950	-208	7981	162	52	-121	-270	124	56	16	76	16	79117739	
-15894	-193	7952	176	115	-93	-270	122	56	17	81	17	79117740	
-15796	-206	7950	174	166	-61	-269	119	55	18	86	18	79117740	
-15747	-125	7936	155	204	-33	-267	119	54	19	91	19	79117740	
-15682	-24	7942	136	227	-7	-263	119	53	20	96	20	79117741	
-15592	56	8014	146	272	22	-264	119	52	21	101	21	79117741	
-15465	103	7959	168	334	36	-266	118	50	22	106	22	79117742	
-15307	85	7990	209	393	40	-266	119	50	23	111	23	79117742	
-15130	120	8046	242	447	41	-265	121	51	24	116	24	79117752	
-14974	220	7963	268	481	27	-268	119	55	25	121	25	79117775	
-14852	338	7984	283	489	-4	-272	116	60	26	126	26	79117789	
-14793	412	7977	320	489	-24	-268	119	56	27	131	27	79117789	
-14726	458	7857	406	489	-42	-263	123	51	28	136	28	79117790	
-14605	389	7676	559	474	-54	-266	119	54	29	141	29	79117791	
-14477	175	7475	739	446	-40	-268	114	56	30	146	30	79117808	
-14365	-104	7467	855	431	-17	-265	115	54	31	151	31	79117821	
-14244	-470	7522	914	427	-5	-262	116	52	32	156	32	79117821	
-14104	-879	7590	901	416	-5	-262	120	53	33	161	33	79117821	
-14016	-1220	7684	794	363	-20	-263	125	55	34	166	34	79117822	
-14019	-1525	7727	613	274	-58	-261	123	52	35	171	35	79117823	
-14106	-1691	7806	349	197	-101	-259	121	47	36	176	36	79117824	
-14236	-1774	7877	-25	115	-139	-259	120	50	37	181	37	79117825	
-14399	-1760	7915	-389	13	-173	-258	118	52	38	186	38	79117827	
-14568	-1711	7952	-668	-69	-190	-262	120	52	39	191	39	79117827	
-14834	-1614	7988	-888	-118	-215	-264	122	52	40	196	40	79117827	
-15078	-1416	7972	-1074	-125	-242	-266	124	51	41	201	41	79117828	
-15217	-1172	7984	-1244	-122	-268	-267	125	51	42	206	42	79117828	
-15340	-901	8070	-1356	-132	-285	-266	123	52	43	211	43	79117834	
-15475	-651	8025	-1390	-125	-291	-264	120	52	44	216	44	79117840	
-15547	-424	7856	-1327	-86	-289	-266	121	55	45	221	45	79117854	
-15566	-276	7779	-1202	-77	-271	-267	121	57	46	226	46	79117884	
-15602	-212	7675	-1061	-88	-258	-265	121	56	47	231	47	79117894	
-15600	-170	7660	-935	-75	-248	-263	121	55	48	236	48	79117894	
-15571	-172	7672	-848	-45	-243	-262	123	57	49	241	49	79117895	
-15569	-102	7646	-776	-25	-234	-262	124	58	50	246	50	79117895	
-15574	13	7594	-697	-21	-230	-264	120	59	51	251	51	79117896	
-15589	122	7555	-615	-21	-227	-266	118	60	52	256	52	79117896	
-15551	222	7573	-530	-13	-223	-262	118	56	53	261	53	79117896	
-15433	266	7607	-411	-7	-219	-260	118	54	54	266	54	79117897	
-15305	260	7656	-300	1	-196	-263	121	58	55	271	55	79117898	
-15196	213	7650	-204	3	-174	-264	122	60	56	276	56	79117898	
-15098	101	7561	-132	3	-160	-269	123	63	57	281	57	79117899	
-15067	-37	7557	-78	-9	-154	-273	123	65	58	286	58	79117899	
-15091	-217	7605	-12	-23	-162	-269	119	58	59	291	59	79117899	
-15094	-426	7500	25	-38	-177	-266	116	54	60	296	60	79117925	
-15093	-576	7460	1	-65	-184	-262	115	56	61	301	61	79117960	
-15039	-731	7539	-66	-111	-196	-260	114	58	62	306	62	79117973	
-15063	-819	7447	-172	-158	-232	-262	116	56	63	311	63	79117973	
-15060	-858	7422	-290	-223	-282	-263	117	55	64	316	64	79117974	
-15158	-774	7294	-407	-324	-330	-260	112	61	65	321	65	79117974	
-15120	-649	7401	-479	-397	-376	-259	111	63	66	326	66	79117975	
-15173	-578	7558	-495	-465	-419	-264	117	63	67	331	67	79117976	
-15298	-608	7578	-467	-526	-462	-267	121	63	68	336	68	79117976	
-15330	-525	7648	-440	-577	-510	-266	117	58	69	341	69	79117977	
-15469	-348	7744	-382	-615	-581	-265	115	55	70	346	70	79117977	
-15582	-240	7719	-253	-573	-664	-258	119	56	71	351	71	79117978	
-15524	-46	7675	-113	-499	-718	-256	120	56	72	356	72	79118016	
-15448	70	7692	37	-478	-721	-258	121	54	73	361	73	79118026	
-15448	72	7743	158	-490	-688	-259	121	53	74	366	74	79118027	
-15591	89	7722	232	-499	-639	-260	117	59	75	371	75	79118028	
-15621	38	7676	280	-473	-603	-260	116	60	76	376	76	79118029	
-15649	-40	7668	304	-459	-576	-259	118	59	77	381	77	79118030	
-15629	-135	7625	325	-430	-554	-259	119	59	78	386	78	79118030	
-15604	-312	7625	320	-406	-522	-256	122	59	79	391	79	79118032	
-15573	-427	7654	280	-397	-489	-255	123	59	80	396	80	79118032	
-15500	-454	7710	266	-374	-460	-257	117	55	81	401	81	79118033	
-15391	-613	7836	248	-342	-428	-258	116	54	82	406	82	79118046	
-15291	-735	7936	216	-323	-413	-258	119	59	83	411	83	79118071	
-15189	-828	7916	180	-302	-413	-258	120	60	84	416	84	79118077	
-15162	-859	7946	155	-279	-417	-258	118	57	85	421	85	79118078	
-15045	-888	7975	130	-263	-421	-258	118	56	86	426	86	79118079	
-14960	-886	8000	80	-236	-433	-259	121	63	87	431	87	79118081	
-15010	-830	7862	48	-236	-460	-259	121	63	88	436	88	79118081	
-15046	-806	7954	57	-243	-488	-260	114	60	89	441	89	79118082	
-15128	-588	7824	69	-256	-536	-260	114	60	90	446	90	79118082	
-15138	-398	7734	112	-277	-590	-260	119	57	91	451	91	79118083	
-15202	-261	7665	190	-292	-632	-260	120	56	92	456	92	79118083	
-15141	-137	7681	289	-281	-650	-265	120	61	93	461	93	79118142	
-15077	-125	7622	384	-277	-636	-266	120	62	94	466	94	79118177	
-14906	-125	7654	439	-274	-609	-260	118	57	95	471	95	79118184	
-14824	-250	7742	474	-242	-580	-258	118	56	96	476	96	79118185	
-14648	-254	7750	463	-226	-529	-258	114	52	97	481	97	79118186	
-14718	-222	7778	472	-267	-510	-258	114	52	98	486	98	79118186	
-14706	-228	7680	462	-269	-492	-260	116	60	99	491	99	79118187	
-14780	-176	7762	496	-276	-479	-260	116	60	100	496	100	79118187	
-14736	-144	7782	551	-271	-487	-260	122	58	101	501	101	79118187	
-14654	-101	7824	625	-251	-510	-260	122	58	102	506	102	79118188	
-14758	-1	7848	739	-233	-525	-262	116	61	103	511	103	79118196	
-14816	84	7670	904	-213	-571	-262	114	62	104	516	104	79118221	
-14836	126	7820	1078	-221	-578	-260	120	54	105	521	105	79118222	
-14852	64	7784	1246	-233	-580	-260	120	54	106	526	106	79118222	
-14864	108	7878	1371	-208	-582	-251	115	55	107	531	107	79118223	
-14762	-10	7854	1489	-157	-571	-251	115	55	108	536	108	79118227	
-14748	-104	8038	1599	-155	-566	-261	119	63	109	541	109	79118228	
-14872	-138	7876	1712	-143	-584	-261	119	63	110	546	110	79118228	
-14954	-300	7514	1845	-119	-598	-259	117	57	111	551	111	79118229	
-15083	-422	7185	1958	-236	-600	-258	118	57	112	556	112	79118230	
-15246	-565	6970	1945	-327	-581	-256	122	58	113	561	113	79118230	
-15238	-720	6878	1882	-365	-576	-256	122	58	114	566	114	79118231	
-15166	-918	6818	1753	-429	-586	-257	121	53	115	571	115	79118231	
-15138	-958	7070	1554	-455	-635	-257	121	53	116	576	116	79118232	
-14886	-818	7382	1300	-470	-691	-260	114	54	117	581	117	79118232	
-14942	-604	7506	1023	-545	-714	-260	114	54	118	586	118	79118232	
-15076	-404	7676	743	-666	-693	-259	121	53	119	591	119	79118233	
-15216	-126	7782	513	-755	-664	-259	121	53	120	596	120	79118233	
-15408	26	7729	464	-783	-650	-259	117	57	121	601	121	79118234	
-15522	102	7635	519	-783	-638	-259	117	57	122	606	122	79118234	
-15613	37	7620	597	-752	-627	-259	117	55	123	611	123	79118238	
-15660	10	7614	685	-712	-621	-260	117	55	124	616	124	79118254	
-15636	-221	7666	772	-681	-618	-262	118	56	125	621	125	79118273	
-15584	-408	7696	812	-683	-630	-262	118	56	126	626	126	79118273	
-15670	-534	7804	833	-701	-647	-260	120	48	127	631	127	79118274	
-15706	-624	7780	803	-687	-683	-260	120	48	128	636	128	79118274	
-15735	-618	7738	787	-696	-748	-262	118	54	129	641	129	79118275	
-15783	-572	7764	759	-728	-799	-262	117	54	130	646	130	79118275	
-15821	-402	7862	732	-725	-849	-260	114	56	131	651	131	79118276	
-15916	-310	7797	794	-714	-916	-260	114	56	132	656	132	79118276	
-16014	-76	7803	878	-693	-998	-260	116	54	133	661	133	79118287	
-16124	84	7820	975	-653	-1059	-261	117	53	134	666	134	79118328	
-16209	164	7680	1119	-644	-1087	-263	119	49	135	671	135	79118328	
-16298	158	7526	1302	-628	-1086	-262	118	50	136	676	136	79118329	
-16276	-16	7493	1507	-603	-1054	-258	114	52	137	681	137	79118329	
-16202	-276	7424	1662	-596	-1036	-258	115	52	138	686	138	79118330	
-16016	-682	7417	1703	-623	-984	-258	118	52	139	691	139	79118330	
-15912	-1043	7377	1682	-663	-952	-257	118	52	140	696	140	79118330	
-15756	-1452	7287	1576	-740	-946	-252	116	54	141	701	141	79118331	
-15454	-1661	7306	1326	-800	-969	-253	115	54	142	706	142	79118335	
-15127	-1790	7540	1005	-881	-1018	-255	109	53	143	711	143	79118358	
-14877	-1840	7901	690	-965	-1100	-255	111	53	144	716	144	79118376	
-14569	-1653	8135	370	-1007	-1195	-254	118	54	145	721	145	79118377	
-14323	-1343	8370	72	-1066	-1302	-254	120	53	146	726	146	79118378	
-14220	-986	8467	-75	-1116	-1361	-254	122	52	147	731	147	79118378	
-14163	-738	8487	-88	-1135	-1400	-255	120	50	148	736	148	79118397	
-14146	-503	8401	-54	-1129	-1412	-257	115	45	149	741	149	79118432	
-14190	-386	8232	62	-1098	-1418	-258	116	46	150	746	150	79118433	
-14181	-404	8203	179	-1049	-1408	-263	119	51	151	751	151	79118433	
-14125	-379	8180	239	-999	-1367	-261	119	51	152	756	152	79118433	
-14174	-379	8130	307	-980	-1339	-253	121	51	153	761	153	79118434	
-14198	-292	8164	299	-916	-1306	-254	121	47	154	766	154	79118434	
-14269	-138	8214	288	-881	-1262	-255	121	41	155	771	155	79118435	
-14454	109	8159	305	-866	-1211	-255	119	46	156	776	156	79118435	
-14692	256	8065	359	-834	-1131	-255	117	53	157	781	157	79118435	
-14870	253	7949	450	-777	-1032	-258	115	55	158	786	158	79118436	
-15058	140	7880	559	-720	-928	-263	113	59	159	791	159	79118436	
-15282	32	7805	640	-691	-817	-260	114	56	160	796	160	79118437	
-15453	-52	7762	662	-657	-713	-253	117	51	161	801	161	79118437	
-15606	-295	7708	655	-580	-620	-254	119	52	162	806	162	79118442	
-15840	-475	7713	555	-512	-513	-255	123	55	163	811	163	79118465	
-15899	-578	7833	390	-459	-417	-255	121	55	164	816	164	79118483	
-15865	-623	7976	165	-403	-309	-256	118	54	165	821	165	79118483	
-15821	-619	8155	-79	-338	-198	-256	119	53	166	826	166	79118484	
-15708	-635	8278	-280	-269	-113	-257	121	51	167	831	167	79118485	
-15595	-552	8242	-417	-202	-51	-259	119	51	168	836	168	79118485	
-15455	-545	8229	-468	-131	1	-262	116	52	169	841	169	79118514	
-15275	-667	8286	-460	-88	49	-260	119	52	170	846	170	79118559	
-15161	-784	8284	-436	-64	76	-257	121	51	171	851	171	79118562	
-15047	-849	8252	-399	-32	79	-257	120	52	172	856	172	79118562	
-14987	-935	8252	-356	5	65	-257	119	53	173	861	173	79118562	
-14953	-996	8274	-312	46	48	-261	120	56	174	866	174	79118563	
-14864	-1020	8241	-268	95	40	-266	122	60	175	871	175	79118564	
-14798	-1036	8202	-229	135	43	-261	122	57	176	876	176	79118565	
-14708	-1041	8188	-217	156	53	-253	121	53	177	881	177	79118565	
-14600	-1006	8138	-226	169	52	-251	121	54	178	886	178	79118566	
-14583	-907	8128	-233	162	42	-247	121	55	179	891	179	79118568	
-14644	-842	8008	-234	135	26	-255	122	53	180	896	180	79118568	
-14686	-746	7882	-255	118	11	-261	123	51	181	901	181	79118569	
-14670	-652	7796	-266	103	4	-259	123	51	182	906	182	79118569	
-14689	-593	7792	-247	85	-3	-257	123	51	183	911	183	79118594	
-14706	-545	7855	-235	87	-8	-261	119	54	184	916	184	79118612	
-14692	-486	7854	-223	101	-13	-264	114	56	185	921	185	79118612	
-14649	-420	7806	-195	109	-6	-261	116	56	186	926	186	79118612	
-14636	-412	7847	-181	115	41	-257	119	55	187	931	187	79118613	
-14614	-511	7840	-211	124	100	-253	120	55	188	936	188	79118613	
-14523	-604	7761	-286	107	153	-251	121	55	189	941	189	79118614	
-14472	-566	7724	-418	73	189	-255	123	54	190	946	190	79118614	
-14337	-450	7719	-571	60	216	-257	125	53	191	951	191	79118614	
-14145	-285	7744	-703	45	239	-254	122	54	192	956	192	79118615	
-14043	-98	7791	-789	18	267	-252	120	54	193	961	193	79118615	
-14018	51	7852	-811	-10	307	-254	121	52	194	966	194	79118616	
-13918	69	7896	-754	-20	355	-255	121	51	195	971	195	79118616	
-13853	70	7907	-656	-10	394	-254	120	52	196	976	196	79118617	
-13787	46	7910	-537	-3	445	-254	120	52	197	981	197	79118617	
-13602	-14	7852	-425	-14	513	-254	119	54	198	986	198	79118617	
-13391	-66	7810	-352	-46	571	-254	118	56	199	991	199	79118618	
-13138	-71	7784	-306	-94	606	-258	119	55	200	996	200	79118647	
-12969	-38	7686	-283	-163	625	-261	119	55	201	1001	201	79118666	
-12827	27	7562	-252	-253	618	-257	121	53	202	1006	202	79118667	
-12723	194	7522	-201	-371	614	-254	122	52	203	1011	203	79118667	
-12746	334	7579	-88	-495	617	-256	117	56	204	1016	204	79118668	
-12808	488	7678	96	-543	604	-257	115	57	205	1021	205	79118668	
-12846	530	7772	325	-554	620	-259	117	56	206	1026	206	79118668	
-12942	422	7913	579	-533	622	-260	118	56	207	1031	207	79118669	
-13101	323	7979	781	-541	611	-260	117	60	208	1036	208	79118669	
-13201	127	7972	957	-559	586	-260	116	62	209	1041	209	79118670	
-13335	-119	7962	1091	-597	544	-261	117	58	210	1046	210	79118710	
-13566	-374	7890	1163	-671	490	-261	117	55	211	1051	211	79118738	
-13855	-632	7801	1155	-788	414	-261	117	58	212	1056	212	79118738	
-14012	-813	7814	1112	-894	326	-261	117	59	213	1061	213	79118739	
-14254	-963	7943	1009	-981	221	-258	114	54	214	1066	214	79118739	
-14607	-1114	7961	874	-1060	73	-257	113	53	215	1071	215	79118740	
-14834	-1218	7892	757	-1113	-70	-260	110	51	216	1076	216	79118765	
-15080	-1268	7830	620	-1159	-192	-261	109	51	217	1081	217	79118771	
-15364	-1345	7812	463	-1217	-279	-263	119	51	218	1086	218	79118772	
-15573	-1395	7809	298	-1281	-321	-263	121	51	219	1091	219	79118772	
-15959	-1424	7819	72	-1353	-350	-263	120	53	220	1096	220	79118773	
-16320	-1454	7889	-212	-1390	-377	-263	119	53	221	1101	221	79118773	
-16626	-1378	7900	-527	-1380	-394	-261	117	52	222	1106	222	79118773	
-16982	-1254	7884	-838	-1346	-400	-260	116	52	223	1111	223	79118774	
-17227	-978	7978	-1102	-1305	-394	-260	121	54	224	1116	224	79118774	
-17496	-681	7970	-1271	-1262	-378	-260	122	54	225	1121	225	79118775	
-17810	-441	7872	-1310	-1244	-335	-274	116	59	226	1126	226	79118775	
-18111	-396	8031	-1263	-1145	-258	-278	114	60	227	1131	227	79118775	
-18442	-340	8054	-1132	-1105	-206	-268	123	56	228	1136	228	79118776	
-18878	-248	8016	-954	-1008	-153	-265	125	55	229	1141	229	79118776	
-19016	-400	8008	-824	-823	-138	-267	121	57	230	1146	230	79118822	
-19304	-205	7943	-720	-721	-134	-267	121	57	231	1151	231	79118823	
-19538	64	7999	-607	-623	-84	-267	118	59	232	1156	232	79118823	
-19928	124	7971	-399	-527	26	-267	117	59	233	1161	233	79118823	
-20278	-143	7875	-131	-336	154	-267	119	61	234	1166	234	79118824	
-20758	-485	7942	110	-73	238	-267	119	61	235	1171	235	79118824	
-21249	-888	8127	302	216	393	-268	117	55	236	1176	236	79118825	
-21928	-1158	8382	247	631	665	-268	116	54	237	1181	237	79118825	
-22202	-1526	8440	78	1113	926	-271	121	57	238	1186	238	79118825	
-22608	-1712	8328	-299	1651	1102	-271	121	57	239	1191	239	79118826	
-22954	-1574	8422	-673	2245	1216	-270	118	54	240	1196	240	79118826	
-23040	-1058	8470	-823	2859	1337	-270	118	54	241	1201	241	79118843	
-23282	-356	8036	-633	3360	1425	-272	116	58	242	1206	242	79118873	
-23409	146	7046	-360	3922	1486	-272	116	58	243	1211	243	79118874	
-23296	531	6190	-16	4798	1576	-269	118	53	244	1216	244	79118874	
-22712	618	5669	448	5626	1690	-268	118	52	245	1221	245	79118875	
-21778	134	5142	1345	6190	1867	-262	118	58	246	1226	246	79118876	
-21388	-666	3634	2089	6447	1991	-262	118	58	247	1231	247	79118876	
-20544	-1520	2762	2325	6951	2024	-264	116	54	248	1236	248	79118877	
-19372	-3008	1756	2947	7518	1932	-264	116	54	249	1241	249	79118877	
-18398	-4694	690	3709	7914	1806	-260	110	52	250	1246	250	79118877	
-17186	-6200	260	4293	8213	1625	-260	110	52	251	1251	251	79118878	
-16276	-7980	-388	4496	8429	1452	-265	115	55	252	1256	252	79118901	
-16044	-10106	-2880	4628	9016	1132	-265	115	55	253	1261	253	79118901	
-15237	-11497	-4787	4422	10371	348	-253	113	47	254	1266	254	79118902	
-14702	-11864	-5094	3619	11028	-246	-253	113	47	255	1271	255	79118902	
-15180	-12018	-5632	1540	11089	-914	-257	113	43	256	1276	256	79118903	
-16182	-11384	-6168	-1238	11413	-1671	-257	113	43	257	1281	257	79118903	
-16776	-10258	-6214	-4026	12370	-2530	-259	117	51	258	1286	258	79118904	
-16936	-8828	-6076	-5971	13418	-3214	-259	117	51	259	1291	259	79118904	
-17138	-7722	-5832	-6680	14317	-3640	-244	110	46	260	1296	260	79118905	
-17230	-6886	-4804	-6756	15011	-3823	-244	110	46	261	1301	261	79118905	
-17774	-6880	-4323	-6367	15686	-4025	-248	118	50	262	1306	262	79118980	
-18230	-7339	-4975	-5723	16614	-4486	-246	119	49	263	1311	263	79118982	
-18414	-7896	-5991	-4898	17835	-5182	-237	123	43	264	1316	264	79118983	
-18590	-8192	-6728	-4075	18905	-5932	-237	123	45	265	1321	265	79118984	
-18878	-8352	-6738	-3424	19578	-6555	-239	121	51	266	1326	266	79118985	
-19148	-8344	-6556	-2919	20032	-7004	-239	121	51	267	1331	267	79118985	
-19560	-8616	-6552	-2360	20674	-7606	-245	131	51	268	1336	268	79118986	
-19884	-8806	-6320	-2077	21455	-8314	-245	131	51	269	1341	269	79118986	
-20060	-8968	-6092	-1803	22285	-9027	-229	133	45	270	1346	270	79118987	
-20363	-9173	-5960	-1434	23214	-9744	-228	134	44	271	1351	271	79118988	
-20492	-9346	-5796	-1143	23981	-10248	-222	136	40	272	1356	272	79118995	
-20381	-9634	-5236	-1092	24742	-10731	-223	137	41	273	1361	273	79119018	
-20432	-9817	-4763	-1275	25223	-11208	-228	142	44	274	1366	274	79119019	
-20684	-10118	-4173	-1554	25595	-11732	-225	143	42	275	1371	275	79119019	
-20844	-10324	-3797	-1780	26050	-12373	-214	146	32	276	1376	276	79119020	
-20898	-10287	-3349	-1946	26667	-13111	-213	147	33	277	1381	277	79119020	
-20752	-9902	-2650	-2432	27152	-13765	-207	153	35	278	1386	278	79119020	
-20752	-9237	-1962	-3168	27217	-14308	-205	154	35	279	1391	279	79119021	
-20693	-8732	-1408	-3799	27122	-14842	-199	159	37	280	1396	280	79119021	
-20158	-8311	-898	-4150	27286	-15453	-198	160	35	281	1401	281	79119022	
-19822	-7754	-588	-4261	27641	-15975	-194	166	26	282	1406	282	79119022	
-19761	-7325	-538	-3965	27650	-16399	-194	167	27	283	1411	283	79119031	
-19721	-7256	-388	-3388	27633	-16791	-194	172	32	284	1416	284	79119069	
-19995	-7659	-324	-2767	27546	-17149	-192	173	31	285	1421	285	79119069	
-20382	-7960	-465	-2397	27393	-17536	-182	176	28	286	1426	286	79119070	
-20464	-8215	-491	-2118	27402	-17899	-178	177	26	287	1431	287	79119070	
-20795	-8477	-471	-1949	27453	-18243	-166	180	18	288	1436	288	79119071	
-21303	-8800	-683	-1840	27367	-18501	-164	185	20	289	1441	289	79119071	
-21648	-8909	-733	-1828	27312	-18735	-161	193	23	290	1446	290	79119071	
-21548	-9032	-432	-1888	27337	-19135	-159	193	20	291	1451	291	79119072	
-21242	-9295	-238	-1864	27407	-19908	-153	195	7	292	1456	292	79119082	
-21374	-8924	16	-1977	27407	-20891	-151	196	7	293	1461	293	79119123	
-21703	-8710	450	-1582	27382	-21725	-141	199	5	294	1466	294	79119123	
-21853	-9133	160	-603	27328	-22278	-139	200	3	295	1471	295	79119124	
-21500	-9579	202	37	27627	-22652	-131	201	-3	296	1476	296	79119124	
-21286	-9410	203	295	27590	-22964	-127	202	-2	297	1481	297	79119125	
-20842	-9248	33	672	27316	-23292	-120	204	0	298	1486	298	79119125	
-20232	-9080	-78	1085	26787	-23643	-117	204	-4	299	1491	299	79119125	
-19641	-8940	-57	1460	26012	-24013	-112	204	-10	300	1496	300	79119126	
-19840	-9076	-157	1813	25145	-24315	-106	205	-13	301	1501	301	79119135	
-20714	-9343	-417	1983	24208	-24483	-98	206	-18	302	1506	302	79119156	
-21464	-9698	-246	1849	23447	-24553	-96	205	-21	303	1511	303	79119173	
-21324	-9636	512	1191	23065	-24664	-89	203	-31	304	1516	304	79119174	
-20908	-9225	1010	656	22781	-24865	-85	208	-31	305	1521	305	79119174	
-20468	-9054	994	292	22237	-25147	-78	216	-32	306	1526	306	79119175	
-20360	-8920	1419	-99	21928	-25423	-74	214	-34	307	1531	307	79119175	
-20560	-8508	1704	-258	21741	-25513	-68	210	-36	308	1536	308	79119175	
-20714	-7759	1736	-238	21556	-25434	-63	212	-39	309	1541	309	79119176	
-20144	-7253	1965	-139	21429	-25227	-56	214	-44	310	1546	310	79119176	
-19684	-6951	2254	111	21103	-24981	-53	212	-44	311	1551	311	79119178	
-19637	-6772	2524	703	20462	-24700	-49	209	-43	312	1556	312	79119216	
-19100	-6641	2907	1385	19998	-24380	-42	207	-47	313	1561	313	79119254	
-18318	-6457	3246	1874	19591	-24130	-38	206	-50	314	1566	314	79119255	
-17587	-6281	3533	2340	18972	-23886	-34	204	-54	315	1571	315	79119255	
-17011	-6276	3699	2950	18168	-23641	-29	201	-59	316	1576	316	79119255	
-16689	-6486	3571	3696	17420	-23449	-27	199	-58	317	1581	317	79119256	
-16276	-6600	3444	4349	16690	-23254	-24	196	-56	318	1586	318	79119256	
-15627	-6451	3510	4713	15994	-22984	-17	198	-58	319	1591	319	79119257	
-14756	-6449	3574	4922	15144	-22585	-7	201	-61	320	1596	320	79119258	
-14202	-6676	3556	5130	14241	-22157	-4	197	-70	321	1601	321	79119258	
-13840	-6985	3392	5544	13610	-21839	-2	194	-76	322	1606	322	79119316	
-13697	-7114	3152	6146	13129	-21734	0	189	-71	323	1611	323	79119355	
-13787	-7440	2230	6755	12423	-21676	1	185	-67	324	1616	324	79119356	
-13496	-7837	1988	6518	11730	-21322	7	189	-74	325	1621	325	79119356	
-13418	-7221	2701	5625	11000	-20832	11	191	-79	326	1626	326	79119357	
-13602	-6682	2910	5356	10096	-20324	14	190	-77	327	1631	327	79119357	
-13794	-6961	2237	5989	9112	-19780	19	189	-73	328	1636	328	79119368	
-13849	-6765	1870	6121	8201	-19202	24	189	-77	329	1641	329	79119385	
-13405	-6671	1890	5969	7338	-18629	28	188	-80	330	1646	330	79119386	
-12973	-6898	1890	6047	6584	-18145	32	185	-82	331	1651	331	79119386	
-12450	-6993	1718	6292	6006	-17688	35	183	-83	332	1656	332	79119386	
-11937	-6759	1345	6472	5331	-17184	39	178	-81	333	1661	333	79119387	
-11542	-6220	988	6372	4519	-16690	41	175	-79	334	1666	334	79119387	
-11208	-5483	991	6074	3769	-16302	45	177	-83	335	1671	335	79119388	
-10995	-4949	1194	5964	2974	-15762	47	179	-85	336	1676	336	79119389	
-10343	-4737	1285	6348	2137	-14832	52	177	-81	337	1681	337	79119389	
-9965	-4837	1130	7045	1446	-14078	56	175	-81	338	1686	338	79119389	
-9741	-4991	933	7764	787	-13411	59	173	-83	339	1691	339	79119390	
-9792	-5074	703	8598	20	-12829	60	172	-84	340	1696	340	79119417	
-9581	-5982	242	9552	-820	-12286	62	171	-83	341	1701	341	79119435	
-9049	-6770	210	9933	-1486	-11752	63	171	-83	342	1706	342	79119435	
-8734	-6922	588	9687	-2194	-11310	69	170	-84	343	1711	343	79119436	
-8634	-7118	693	9334	-3114	-10883	73	169	-85	344	1716	344	79119436	
-8750	-7289	562	8671	-4091	-10462	75	169	-84	345	1721	345	79119437	
-8812	-7069	618	7858	-4805	-10192	75	169	-83	346	1726	346	79119437	
-9022	-6440	854	7261	-5528	-9974	79	165	-79	347	1731	347	79119437	
-9879	-6356	922	7092	-6334	-9658	80	164	-78	348	1736	348	79119438	
-9963	-6120	251	7177	-7001	-9227	78	170	-74	349	1741	349	79119438	
-9354	-5299	-222	6934	-7232	-8756	77	171	-73	350	1746	350	79119439	
-8801	-4471	-699	6524	-7766	-7924	82	170	-77	351	1751	351	79119439	
-8824	-3906	-1031	6330	-8640	-7077	86	170	-80	352	1756	352	79119439	
-8825	-3626	-1077	6476	-9181	-6385	89	169	-75	353	1761	353	79119451	
-8603	-3362	-1323	6874	-9410	-5613	91	169	-71	354	1766	354	79119459	
-8304	-3226	-2018	7548	-9664	-4932	94	171	-71	355	1771	355	79119460	
-8179	-3147	-2463	8175	-9989	-4329	95	171	-71	356	1776	356	79119460	
-8146	-3206	-2674	8751	-10313	-3724	92	171	-69	357	1781	357	79119461	
-8328	-3662	-2682	9459	-10526	-3065	91	171	-69	358	1786	358	79119481	
-8507	-4666	-3140	10362	-10613	-2333	88	173	-58	359	1791	359	79119486	
-8550	-5924	-3821	11229	-10569	-1544	87	173	-55	360	1796	360	79119548	
-8397	-6984	-4356	11424	-10549	-784	94	175	-57	361	1801	361	79119563	
-8385	-7776	-4740	10941	-10685	-176	96	176	-58	362	1806	362	79119564	
-8426	-8447	-4759	10013	-10893	266	96	176	-56	363	1811	363	79119564	
-8381	-8874	-4744	8717	-11004	594	96	176	-56	364	1816	364	79119565	
-8173	-9175	-5152	7340	-10973	915	99	178	-58	365	1821	365	79119565	
-7964	-8851	-5456	5843	-10950	1278	100	178	-58	366	1826	366	79119566	
-7940	-8250	-5508	4369	-11074	1680	102	175	-53	367	1831	367	79119566	
-8032	-7700	-5404	3263	-11180	2047	102	174	-52	368	1836	368	79119566	
-8067	-7364	-5367	2713	-11020	2444	103	180	-48	369	1841	369	79119588	
-8134	-6960	-5522	2447	-10829	2912	103	181	-47	370	1846	370	79119608	
-8008	-6676	-5708	2425	-10649	3469	98	186	-42	371	1851	371	79119614	
-7920	-7008	-5958	2737	-10583	3925	98	186	-42	372	1856	372	79119614	
-8298	-7358	-6448	3041	-10717	4459	96	182	-46	373	1861	373	79119614	
-8566	-7698	-6858	3044	-10720	4848	96	182	-46	374	1866	374	79119615	
-8695	-8206	-7122	2850	-10583	5224	88	184	-38	375	1871	375	79119615	
-8666	-8932	-7403	2508	-10470	5636	86	184	-36	376	1876	376	79119616	
-8852	-9579	-7683	2189	-10372	6040	93	186	-38	377	1881	377	79119616	
-9070	-9985	-7925	1851	-10162	6374	95	187	-39	378	1886	378	79119617	
-9126	-10272	-7966	1194	-9863	6644	95	193	-43	379	1891	379	79119617	
-9246	-10420	-7850	464	-9768	6781	95	193	-43	380	1896	380	79119618	
-9298	-10484	-7796	-226	-9744	6871	96	194	-38	381	1901	381	79119618	
-9564	-10568	-7788	-659	-9696	6921	96	194	-38	382	1906	382	79119619	
-9800	-10480	-8400	-760	-9581	6888	94	196	-34	383	1911	383	79119693	
-10344	-9522	-8758	-714	-9357	6933	94	196	-34	384	1916	384	79119694	
-11224	-8535	-9583	204	-9380	6704	87	193	-32	385	1921	385	79119694	
-11272	-13624	-11666	2837	-8763	6085	86	192	-32	386	1926	386	79119695	
-9416	-19398	-14794	6233	-6286	5356	89	203	-35	387	1931	387	79119695	
-7352	-23712	-17618	9293	-3487	5079	89	203	-35	388	1936	388	79119695	
-5760	-30222	-18958	13840	-2332	3991	91	201	-31	389	1941	389	79119696	
-6624	-31838	-17878	14952	-2710	2321	91	201	-31	390	1946	390	79119697	
-8046	-31322	-19234	14876	-2870	369	88	200	-26	391	1951	391	79119697	
-8418	-29900	-19618	12927	-1944	-1724	88	200	-26	392	1956	392	79119698	
-7974	-27998	-18080	9491	-530	-3901	93	203	-27	393	1961	393	79119698	
-8536	-23296	-15468	6321	674	-5750	93	203	-27	394	1966	394	79119699	
-10388	-21058	-13936	5429	1555	-6487	97	201	-25	395	1971	395	79119699	
-10916	-20311	-12856	6419	2651	-5908	98	201	-25	396	1976	396	79119699	
-10728	-20014	-12174	7191	3331	-5214	102	202	-24	397	1981	397	79119700	
-10042	-20714	-10822	7331	3293	-4450	102	202	-24	398	1986	398	79119700	
-10534	-21176	-8994	6204	2443	-3931	96	202	-26	399	1991	399	79119703	
-11394	-19836	-6726	3877	1829	-3731	96	202	-26	400	1996	400	79119742	
-11814	-18010	-5218	1517	1707	-3773	96	202	-22	401	2001	401	79119772	
-12096	-15562	-3998	-668	1800	-3789	96	202	-22	402	2006	402	79119773	
-12198	-12756	-3198	-2186	1941	-3417	98	196	-22	403	2011	403	79119773	
-11886	-10869	-3264	-1929	2065	-2387	97	197	-23	404	2016	404	79119774	
-11364	-9904	-3286	-796	2078	-1327	94	202	-26	405	2021	405	79119774	
-10836	-9779	-3327	688	1834	-210	94	202	-25	406	2026	406	79119774	
-10391	-10377	-3152	2073	1363	758	96	202	-20	407	2031	407	79119775	
-10056	-11843	-3019	3079	906	1479	97	201	-21	408	2036	408	79119775	
-9808	-13238	-2754	3494	564	1875	102	196	-28	409	2041	409	79119776	
-9314	-14832	-2392	3423	245	2097	102	196	-28	410	2046	410	79119776	
-8926	-16716	-2688	3423	102	2099	94	190	-24	411	2051	411	79119776	
-8552	-17973	-3440	2884	108	1816	94	191	-24	412	2056	412	79119822	
-8063	-18176	-4042	1881	52	1470	96	194	-22	413	2061	413	79119823	
-7766	-17624	-4509	573	-198	1032	96	195	-22	414	2066	414	79119823	
-7773	-16638	-4718	-693	-548	581	97	201	-23	415	2071	415	79119824	
