-8638	-14005	-3822	187	-522	633	85	203	-24	1	1	1	79135955	
-8521	-14238	-3923	206	-318	573	85	203	-29	2	6	2	79135955	
-8434	-14242	-3897	-59	-103	472	85	203	-28	3	11	3	79135955	
-8421	-14018	-3673	-400	65	332	87	201	-23	4	16	4	79135956	
-8396	-13770	-3500	-587	177	221	87	201	-23	5	21	5	79135956	
-8430	-13598	-3262	-534	229	104	88	206	-30	6	26	6	79135956	
-8416	-13660	-3266	-258	282	-45	88	206	-30	7	31	7	79135972	
-8328	-13639	-3095	-82	354	-199	82	202	-26	8	36	8	79135999	
-8283	-13380	-2843	-107	400	-282	82	201	-26	9	41	9	79135999	
-8272	-12924	-2498	-218	415	-343	84	198	-26	10	46	10	79135999	
-8163	-12302	-2248	-350	503	-413	84	199	-25	11	51	11	79136000	
-8051	-11864	-2078	-338	623	-462	83	203	-23	12	56	12	79136000	
-7931	-11536	-1934	-105	727	-496	83	202	-23	13	61	13	79136011	
-7912	-11632	-1960	422	804	-508	84	198	-24	14	66	14	79136052	
-7892	-11837	-2085	1109	889	-511	84	199	-25	15	71	15	79136053	
-7953	-12208	-2242	1840	955	-486	83	203	-29	16	76	16	79136053	
-7974	-12661	-2411	2446	989	-486	84	204	-30	17	81	17	79136053	
-7947	-13032	-2508	2857	994	-517	89	207	-33	18	86	18	79136055	
-7968	-13398	-2736	3121	1015	-583	88	207	-32	19	91	19	79136056	
-7979	-13813	-2790	3270	1026	-664	83	209	-27	20	96	20	79136056	
-8020	-14186	-2773	3312	1020	-765	84	208	-28	21	101	21	79136057	
-8144	-14446	-2684	3285	977	-839	88	202	-32	22	106	22	79136058	
-8180	-14770	-2596	3190	915	-898	88	203	-31	23	111	23	79136059	
-8255	-15030	-2547	3027	886	-960	87	205	-29	24	116	24	79136060	
-8272	-15199	-2504	2803	857	-1017	89	203	-30	25	121	25	79136061	
-8274	-15278	-2474	2573	795	-1061	91	201	-31	26	126	26	79136069	
-8263	-15284	-2460	2314	723	-1090	92	203	-29	27	131	27	79136080	
-8317	-15171	-2467	2047	648	-1115	94	206	-26	28	136	28	79136081	
-8358	-14957	-2451	1810	579	-1132	91	206	-25	29	141	29	79136082	
-8324	-14806	-2471	1626	501	-1138	81	205	-19	30	146	30	79136083	
-8336	-14670	-2464	1426	414	-1124	83	205	-21	31	151	31	79136084	
-8376	-14522	-2425	1269	286	-1081	89	207	-29	32	156	32	79136093	
-8324	-14380	-2385	1156	178	-1028	87	206	-28	33	161	33	79136133	
-8316	-14315	-2260	1117	104	-941	82	204	-24	34	166	34	79136154	
-8236	-14386	-2202	1149	53	-859	85	202	-24	35	171	35	79136154	
-8110	-14552	-2184	1232	-13	-772	89	199	-25	36	176	36	79136154	
-8056	-14782	-2226	1341	-53	-707	87	201	-25	37	181	37	79136155	
-8036	-14917	-2152	1356	-87	-644	85	203	-25	38	186	38	79136174	
-7986	-15074	-2053	1269	-182	-570	86	201	-23	39	191	39	79136203	
-7973	-15235	-2012	1166	-283	-532	87	199	-21	40	196	40	79136221	
-7993	-15312	-1966	1028	-356	-514	87	201	-22	41	201	41	79136258	
-7966	-15376	-1955	836	-432	-500	85	205	-25	42	206	42	79136259	
-7974	-15378	-2040	653	-497	-493	86	205	-26	43	211	43	79136259	
-7959	-15338	-2018	484	-540	-484	88	206	-28	44	216	44	79136260	
-7896	-15221	-2026	323	-559	-465	90	203	-29	45	221	45	79136260	
-7837	-15094	-2056	146	-596	-441	92	198	-30	46	226	46	79136261	
-7749	-14958	-2042	-32	-639	-409	93	198	-28	47	231	47	79136261	
-7667	-14772	-2130	-193	-672	-376	95	197	-25	48	236	48	79136262	
-7614	-14588	-2204	-305	-700	-339	91	197	-26	49	241	49	79136262	
-7513	-14397	-2238	-390	-702	-284	86	198	-28	50	246	50	79136263	
-7452	-14230	-2278	-421	-699	-220	86	204	-28	51	251	51	79136264	
-7408	-14151	-2341	-450	-698	-169	86	208	-28	52	256	52	79136264	
-7392	-14067	-2334	-473	-699	-127	87	206	-29	53	261	53	79136271	
-7426	-14001	-2316	-459	-698	-89	88	202	-30	54	266	54	79136282	
-7411	-13988	-2448	-439	-672	-55	88	201	-32	55	271	55	79136283	
-7339	-13940	-2474	-435	-649	-27	88	200	-36	56	276	56	79136283	
-7334	-13924	-2432	-450	-643	-24	89	201	-33	57	281	57	79136284	
-7363	-13901	-2480	-474	-631	-42	90	202	-28	58	286	58	79136285	
-7444	-13927	-2483	-491	-603	-67	90	202	-27	59	291	59	79136286	
-7560	-13905	-2479	-499	-556	-93	90	202	-26	60	296	60	79136287	
-7620	-13869	-2511	-497	-501	-112	91	207	-27	61	301	61	79136289	
-7636	-13883	-2557	-502	-476	-123	92	210	-28	62	306	62	79136290	
-7730	-13828	-2604	-512	-484	-140	90	208	-27	63	311	63	79136292	
-7845	-13786	-2624	-534	-486	-169	89	207	-27	64	316	64	79136327	
-7918	-13764	-2654	-563	-475	-199	89	207	-25	65	321	65	79136361	
-7971	-13706	-2798	-580	-459	-227	89	207	-21	66	326	66	79136362	
-8048	-13711	-2910	-560	-448	-241	88	205	-26	67	331	67	79136362	
-8096	-13719	-2893	-520	-447	-262	88	204	-30	68	336	68	79136362	
-8093	-13698	-2909	-473	-449	-285	87	201	-28	69	341	69	79136363	
-8095	-13633	-3005	-415	-454	-307	87	199	-27	70	346	70	79136363	
-8113	-13649	-3036	-357	-463	-328	89	200	-29	71	351	71	79136364	
-8107	-13660	-3002	-280	-470	-352	90	200	-30	72	356	72	79136364	
-8132	-13628	-2988	-191	-476	-376	91	202	-29	73	361	73	79136364	
-8141	-13712	-3022	-118	-476	-391	92	204	-28	74	366	74	79136365	
-8209	-13744	-3026	-32	-459	-411	89	206	-30	75	371	75	79136365	
-8219	-13790	-3031	43	-442	-425	88	206	-30	76	376	76	79136366	
-8195	-13890	-3114	98	-443	-431	86	204	-29	77	381	77	79136366	
-8206	-13990	-3122	127	-456	-434	85	203	-29	78	386	78	79136367	
-8204	-14008	-3042	137	-476	-443	87	204	-33	79	391	79	79136378	
-8241	-14066	-3045	124	-490	-455	89	205	-35	80	396	80	79136386	
-8208	-14077	-3088	70	-503	-463	86	203	-31	81	401	81	79136386	
-8195	-14010	-3160	-15	-537	-473	84	202	-28	82	406	82	79136432	
-8228	-14007	-3148	-131	-581	-492	86	204	-26	83	411	83	79136462	
-8286	-13877	-3216	-217	-604	-508	87	205	-25	84	416	84	79136463	
-8345	-13789	-3201	-276	-610	-503	83	201	-26	85	421	85	79136463	
-8318	-13730	-3232	-301	-613	-486	82	200	-26	86	426	86	79136464	
-8265	-13720	-3218	-282	-601	-464	89	202	-27	87	431	87	79136464	
-8261	-13699	-3235	-232	-574	-445	91	203	-27	88	436	88	79136464	
-8227	-13725	-3280	-165	-553	-429	90	202	-28	89	441	89	79136465	
-8202	-13768	-3296	-118	-542	-419	89	201	-29	90	446	90	79136465	
-8154	-13830	-3289	-86	-531	-411	78	205	-21	91	451	91	79136466	
-8176	-13881	-3208	-64	-513	-399	74	206	-18	92	456	92	79136466	
-8213	-13869	-3252	-45	-495	-391	86	202	-24	93	461	93	79136466	
-8166	-13856	-3279	-32	-466	-395	89	201	-25	94	466	94	79136467	
-8230	-13811	-3282	-46	-452	-391	89	203	-27	95	471	95	79136467	
-8284	-13755	-3248	-68	-450	-392	89	203	-27	96	476	96	79136549	
-8310	-13762	-3280	-66	-439	-377	87	205	-23	97	481	97	79136570	
-8308	-13710	-3301	-59	-426	-365	86	206	-22	98	486	98	79136570	
-8392	-13682	-3317	-45	-403	-357	92	206	-28	99	491	99	79136571	
-8328	-13686	-3267	-20	-381	-340	94	206	-30	100	496	100	79136571	
-8405	-13720	-3372	17	-353	-323	92	204	-32	101	501	101	79136572	
-8385	-13688	-3453	34	-326	-321	91	203	-33	102	506	102	79136572	
-8443	-13664	-3407	34	-319	-318	90	205	-29	103	511	103	79136573	
-8380	-13654	-3322	39	-299	-318	90	206	-28	104	516	104	79136573	
-8394	-13694	-3296	43	-273	-316	90	203	-30	105	521	105	79136574	
-8380	-13706	-3307	47	-250	-308	90	202	-30	106	526	106	79136574	
-8372	-13744	-3296	62	-214	-304	82	205	-22	107	531	107	79136574	
-8370	-13680	-3252	66	-177	-300	80	206	-20	108	536	108	79136577	
-8384	-13710	-3278	88	-172	-304	90	202	-30	109	541	109	79136578	
-8286	-13644	-3280	84	-157	-311	90	202	-30	110	546	110	79136579	
-8306	-13612	-3180	104	-138	-324	87	203	-27	111	551	111	79136592	
-8319	-13559	-3255	127	-129	-348	87	203	-27	112	556	112	79136616	
-8261	-13458	-3198	169	-125	-358	85	201	-30	113	561	113	79136621	
-8222	-13457	-3225	236	-114	-372	85	201	-31	114	566	114	79136621	
-8202	-13462	-3167	347	-114	-376	91	203	-33	115	571	115	79136622	
-8212	-13430	-3180	425	-117	-395	93	203	-33	116	576	116	79136622	
-8186	-13550	-3198	515	-121	-413	83	199	-25	117	581	117	79136623	
-8232	-13544	-3130	591	-136	-439	83	199	-25	118	586	118	79136623	
-8266	-13640	-3110	653	-123	-480	93	199	-27	119	591	119	79136623	
-8274	-13682	-3134	693	-77	-500	93	199	-27	120	596	120	79136624	
-8350	-13706	-3152	751	-48	-525	94	204	-28	121	601	121	79136625	
-8368	-13742	-3036	771	-33	-555	94	204	-28	122	606	122	79136625	
-8282	-13784	-3096	817	9	-574	86	204	-28	123	611	123	79136626	
-8237	-13857	-3066	826	52	-604	86	204	-28	124	616	124	79136643	
-8114	-13814	-3058	838	111	-640	87	207	-31	125	621	125	79136646	
-8078	-13780	-3090	841	141	-635	87	207	-31	126	626	126	79136647	
-8020	-13874	-3180	831	142	-632	90	208	-32	127	631	127	79136647	
-7980	-13878	-3196	797	151	-626	90	208	-32	128	636	128	79136647	
-7956	-13904	-3082	777	150	-612	89	203	-27	129	641	129	79136648	
-7880	-13936	-3104	758	155	-595	89	203	-27	130	646	130	79136648	
-7794	-13876	-3172	735	148	-589	91	205	-27	131	651	131	79136649	
-7840	-13956	-3150	764	134	-554	91	205	-27	132	656	132	79136649	
-7747	-13943	-3064	773	119	-549	85	203	-25	133	661	133	79136650	
-7750	-13973	-3019	781	97	-529	86	202	-26	134	666	134	79136650	
-7762	-14068	-2904	789	85	-496	88	200	-28	135	671	135	79136650	
-7694	-14170	-2906	783	87	-473	88	200	-28	136	676	136	79136651	
-7674	-14302	-2770	758	51	-445	85	207	-31	137	681	137	79136675	
-7732	-14304	-2840	704	25	-417	85	207	-31	138	686	138	79136676	
-7712	-14438	-2792	599	-6	-398	83	201	-29	139	691	139	79136677	
-7754	-14398	-2782	455	-48	-385	83	201	-29	140	696	140	79136678	
-7794	-14430	-2714	304	-59	-368	89	201	-31	141	701	141	79136679	
-7842	-14340	-2829	148	-72	-369	89	201	-30	142	706	142	79136679	
-7868	-14304	-2815	35	-90	-384	87	203	-25	143	711	143	79136680	
-7843	-14138	-2789	-56	-103	-409	88	203	-26	144	716	144	79136680	
-7812	-14036	-2823	-123	-122	-425	91	201	-29	145	721	145	79136681	
-7794	-13978	-2765	-183	-148	-433	90	200	-28	146	726	146	79136681	
-7768	-13865	-2697	-189	-154	-450	86	194	-26	147	731	147	79136681	
-7838	-13810	-2620	-173	-135	-467	86	194	-26	148	736	148	79136682	
-7834	-13794	-2596	-104	-116	-469	80	210	-22	149	741	149	79136682	
-7848	-13816	-2517	11	-98	-464	82	208	-24	150	746	150	79136699	
-7909	-13931	-2513	128	-71	-458	89	199	-33	151	751	151	79136699	
-7971	-14068	-2504	187	-48	-441	90	200	-31	152	756	152	79136709	
-7988	-14232	-2473	213	-39	-425	92	202	-24	153	761	153	79136750	
-8044	-14439	-2547	219	-21	-403	90	203	-25	154	766	154	79136752	
-8067	-14486	-2578	183	0	-397	82	206	-30	155	771	155	79136763	
-8028	-14538	-2589	69	-25	-407	83	206	-31	156	776	156	79136806	
-7984	-14568	-2623	-86	-64	-411	86	204	-34	157	781	157	79136807	
-7965	-14492	-2695	-250	-119	-403	84	202	-31	158	786	158	79136808	
-8006	-14395	-2669	-398	-190	-383	79	195	-23	159	791	159	79136808	
-8098	-14357	-2729	-495	-230	-377	80	196	-24	160	796	160	79136808	
-8138	-14369	-2734	-546	-252	-359	86	200	-28	161	801	161	79136809	
