-15784	-1601	5789	203	-455	-763	-225	163	71	1	1	1	79128543	
-15692	-1735	5896	118	-468	-737	-230	163	69	2	6	2	79128543	
-15661	-1833	6011	6	-472	-713	-233	163	67	3	11	3	79128544	
-15664	-1820	6051	-116	-467	-695	-230	164	68	4	16	4	79128545	
-15666	-1741	6062	-232	-454	-702	-228	164	68	5	21	5	79128546	
-15708	-1645	6191	-293	-419	-708	-231	169	70	6	26	6	79128546	
-15705	-1607	6187	-328	-394	-722	-232	170	70	7	31	7	79128547	
-15742	-1591	6196	-311	-393	-751	-230	167	67	8	36	8	79128548	
-15776	-1465	6234	-220	-393	-779	-230	166	66	9	41	9	79128549	
-15779	-1418	6207	-64	-399	-807	-228	164	67	10	46	10	79128550	
-15822	-1417	6061	69	-415	-837	-227	163	67	11	51	11	79128560	
-15838	-1368	6011	199	-417	-872	-231	163	72	12	56	12	79128566	
-15792	-1391	5910	341	-398	-900	-233	163	75	13	61	13	79128567	
-15714	-1440	5726	476	-398	-906	-228	163	67	14	66	14	79128567	
-15709	-1542	5684	564	-427	-887	-227	163	65	15	71	15	79128584	
-15712	-1667	5688	575	-465	-852	-229	165	67	16	76	16	79128589	
-15771	-1777	5714	538	-488	-790	-229	165	67	17	81	17	79128610	
-15756	-1929	5822	463	-495	-702	-227	166	68	18	86	18	79128616	
-15790	-2098	5882	364	-502	-607	-226	166	68	19	91	19	79128616	
-15846	-2268	5869	248	-534	-504	-227	167	67	20	96	20	79128617	
-16060	-2264	5776	94	-608	-398	-227	167	67	21	101	21	79128618	
-16340	-2282	5788	-147	-730	-261	-226	164	66	22	106	22	79128618	
-16500	-2382	5848	-320	-779	-169	-226	164	66	23	111	23	79128619	
-16647	-2504	5894	-521	-763	-85	-228	166	67	24	116	24	79128619	
-16668	-2533	5966	-718	-716	-26	-229	167	67	25	121	25	79128620	
-16722	-2507	5972	-867	-667	-16	-227	167	70	26	126	26	79128621	
-16630	-2412	5984	-940	-629	-14	-227	167	71	27	131	27	79128621	
-16457	-2291	5930	-927	-624	-8	-235	169	69	28	136	28	79128622	
-16278	-2341	5823	-862	-655	27	-237	169	69	29	141	29	79128622	
-16084	-2404	5886	-799	-698	58	-228	168	68	30	146	30	79128623	
-15768	-2320	5950	-807	-694	22	-228	168	68	31	151	31	79128624	
-15588	-2316	6024	-854	-660	-49	-231	165	75	32	156	32	79128641	
-15348	-2058	6034	-950	-621	-91	-231	165	75	33	161	33	79128667	
-15112	-1796	6148	-1058	-622	-96	-229	171	65	34	166	34	79128667	
-15029	-1623	6163	-1115	-654	-54	-229	171	65	35	171	35	79128668	
-15009	-1502	6211	-1152	-706	45	-227	163	68	36	176	36	79128669	
-15152	-1509	6121	-1194	-747	134	-227	161	69	37	181	37	79128670	
-15352	-1658	6176	-1264	-758	186	-238	152	80	38	186	38	79128670	
-15562	-1496	6168	-1361	-712	204	-238	152	80	39	191	39	79128671	
-15700	-1498	6168	-1353	-676	253	-225	165	71	40	196	40	79128672	
-15992	-1322	6208	-1344	-671	258	-225	165	71	41	201	41	79128672	
-16226	-1308	6176	-1256	-656	220	-230	162	68	42	206	42	79128673	
-16438	-1306	6182	-1161	-596	164	-230	162	68	43	211	43	79128751	
-16540	-1194	6186	-1015	-551	117	-225	167	75	44	216	44	79128752	
-16520	-1134	6180	-823	-458	58	-225	167	75	45	221	45	79128753	
-16468	-1154	6118	-554	-378	22	-229	161	71	46	226	46	79128753	
-16242	-1134	6052	-352	-310	-10	-229	161	71	47	231	47	79128754	
-16056	-1244	5972	-184	-286	-28	-234	164	78	48	236	48	79128772	
-15868	-1366	5810	-80	-282	-58	-234	164	78	49	241	49	79128775	
-15626	-1418	5880	-50	-301	-81	-231	165	77	50	246	50	79128776	
-15476	-1516	5784	-77	-354	-118	-231	165	77	51	251	51	79128776	
-15430	-1546	5786	-141	-419	-142	-225	165	77	52	256	52	79128777	
-15432	-1488	5822	-220	-460	-152	-225	165	77	53	261	53	79128778	
-15472	-1460	5886	-267	-484	-161	-230	164	74	54	266	54	79128778	
-15462	-1372	5905	-296	-487	-206	-229	164	73	55	271	55	79128779	
-15561	-1296	5983	-275	-476	-252	-226	162	68	56	276	56	79128780	
-15689	-1192	6036	-192	-457	-310	-226	162	69	57	281	57	79128789	
-15789	-1088	6099	-69	-457	-362	-224	162	74	58	286	58	79128826	
-15862	-1016	6106	56	-464	-423	-224	162	74	59	291	59	79128828	
-15990	-944	6182	215	-454	-463	-227	169	75	60	296	60	79128828	
-16120	-976	6070	429	-437	-517	-227	169	75	61	301	61	79128829	
-16094	-982	5996	628	-403	-564	-225	169	71	62	306	62	79128829	
-16120	-1184	5840	810	-381	-607	-225	168	71	63	311	63	79128829	
-16054	-1300	5838	904	-367	-644	-224	162	70	64	316	64	79128830	
-16023	-1426	5849	924	-354	-671	-224	162	70	65	321	65	79128830	
-15914	-1503	5928	867	-352	-693	-226	164	72	66	326	66	79128831	
-15826	-1587	5855	791	-355	-714	-226	164	72	67	331	67	79128831	
-15758	-1538	6034	680	-357	-752	-228	162	74	68	336	68	79128831	
-15671	-1482	6046	569	-354	-771	-229	162	74	69	341	69	79128832	
-15517	-1450	6148	493	-342	-776	-231	163	75	70	346	70	79128835	
-15490	-1412	6250	445	-329	-781	-231	163	75	71	351	71	79128851	
-15456	-1372	6201	471	-326	-813	-224	170	78	72	356	72	79128852	
-15488	-1324	6090	539	-329	-850	-225	168	77	73	361	73	79128858	
-15544	-1370	6093	628	-333	-901	-229	161	73	74	366	74	79128879	
-15583	-1482	6120	736	-331	-951	-229	163	72	75	371	75	79128880	
-15507	-1588	6012	840	-352	-989	-227	171	67	76	376	76	79128881	
-15466	-1765	5997	900	-385	-1022	-227	170	68	77	381	77	79128881	
-15448	-1986	6025	888	-420	-1051	-227	165	73	78	386	78	79128882	
-15496	-2062	6070	776	-463	-1081	-229	164	74	79	391	79	79128901	
-15609	-1959	5981	586	-511	-1110	-233	161	75	80	396	80	79128956	
-15787	-1836	5943	427	-547	-1110	-231	163	73	81	401	81	79128958	
-15916	-1683	5993	296	-554	-1081	-229	165	71	82	406	82	79128959	
-15946	-1500	6018	196	-542	-1029	-229	165	71	83	411	83	79128960	
-15953	-1430	6081	169	-510	-956	-229	165	71	84	416	84	79128960	
-15959	-1540	6180	208	-464	-887	-230	165	72	85	421	85	79128960	
-16006	-1580	6232	269	-427	-832	-235	165	77	86	426	86	79128961	
-16043	-1614	6205	346	-372	-804	-233	165	77	87	431	87	79128961	
-15988	-1677	6242	435	-324	-795	-227	163	75	88	436	88	79128962	
-15903	-1774	6272	538	-294	-786	-227	162	75	89	441	89	79128963	
-15844	-1863	6160	609	-272	-769	-226	160	74	90	446	90	79128963	
-15843	-1931	6195	675	-268	-759	-226	163	74	91	451	91	79128964	
-15793	-1957	6128	747	-270	-742	-227	167	73	92	456	92	79128964	
-15708	-2010	6048	796	-267	-706	-228	166	71	93	461	93	79128971	
-15592	-2075	6075	787	-263	-644	-229	165	69	94	466	94	79128990	
-15501	-2228	6101	724	-247	-563	-229	164	71	95	471	95	79129007	
-15354	-2416	6238	570	-227	-459	-231	161	79	96	476	96	79129007	
-15309	-2473	6275	351	-244	-390	-229	163	76	97	481	97	79129008	
-15492	-2301	6254	143	-302	-364	-226	166	72	98	486	98	79129008	
-15732	-2034	6233	3	-350	-350	-225	167	74	99	491	99	79129009	
-16006	-1854	6173	-11	-346	-356	-224	168	78	100	496	100	79129009	
-16218	-1715	6062	56	-304	-386	-224	167	76	101	501	101	79129010	
-16470	-1569	6004	175	-273	-426	-224	166	72	102	506	102	79129010	
-16656	-1456	5887	346	-263	-475	-224	167	71	103	511	103	79129010	
-16691	-1414	5768	546	-251	-526	-224	168	70	104	516	104	79129011	
-16516	-1358	5746	764	-252	-585	-225	167	74	105	521	105	79129034	
-16236	-1368	5706	950	-272	-599	-226	166	78	106	526	106	79129058	
-15959	-1467	5742	1057	-285	-561	-225	168	75	107	531	107	79129059	
-15738	-1724	5826	1054	-301	-482	-224	170	70	108	536	108	79129059	
-15534	-2002	5861	938	-348	-418	-224	167	72	109	541	109	79129060	
-15382	-2125	5982	730	-388	-371	-224	162	76	110	546	110	79129060	
-15303	-2142	6092	474	-411	-342	-226	162	74	111	551	111	79129061	
-15304	-2012	6179	242	-432	-329	-228	162	72	112	556	112	79129061	
-15306	-1827	6322	89	-462	-295	-227	163	69	113	561	113	79129062	
-15401	-1694	6249	94	-469	-248	-226	164	66	114	566	114	79129062	
-15482	-1686	6174	185	-477	-213	-228	162	70	115	571	115	79129077	
-15583	-1760	6057	303	-509	-198	-229	161	73	116	576	116	79129118	
-15834	-1811	5969	367	-546	-216	-226	164	74	117	581	117	79129139	
-16132	-1847	5996	407	-571	-254	-224	166	74	118	586	118	79129140	
-16386	-1862	6009	486	-571	-303	-225	165	74	119	591	119	79129140	
-16581	-1794	5926	603	-547	-371	-227	163	73	120	596	120	79129140	
-16804	-1575	5740	736	-571	-465	-229	164	71	121	601	121	79129141	
-16999	-1322	5629	910	-636	-556	-231	165	69	122	606	122	79129141	
-17004	-1094	5538	1152	-654	-628	-226	166	72	123	611	123	79129142	
-16812	-1076	5529	1446	-621	-674	-222	166	74	124	616	124	79129142	
-16587	-1308	5589	1693	-599	-690	-222	165	72	125	621	125	79129142	
-16394	-1578	5730	1815	-587	-685	-222	164	70	126	626	126	79129171	
-16112	-1800	5928	1815	-598	-670	-224	166	73	127	631	127	79129191	
-15918	-1986	6040	1686	-653	-643	-225	167	75	128	636	128	79129192	
-15831	-2018	6024	1445	-711	-641	-226	163	70	129	641	129	79129192	
-15746	-1919	6033	1166	-759	-638	-226	160	66	130	646	130	79129192	
-15660	-1662	6002	918	-835	-616	-232	162	73	131	651	131	79129193	
-15622	-1406	6003	751	-906	-574	-236	164	78	132	656	132	79129193	
-15584	-1336	6024	747	-948	-513	-231	165	73	133	661	133	79129194	
-15486	-1407	6018	843	-934	-470	-227	165	69	134	666	134	79129194	
-15303	-1640	6143	967	-900	-445	-227	164	71	135	671	135	79129195	
-15245	-1844	6265	1075	-893	-443	-227	163	73	136	676	136	79129209	
-15193	-1955	6337	1122	-901	-455	-231	165	74	137	681	137	79129219	
-15179	-1978	6379	1090	-952	-474	-233	167	75	138	686	138	79129220	
-15264	-1854	6457	962	-1016	-509	-225	167	75	139	691	139	79129220	
-15399	-1635	6396	811	-1065	-537	-223	167	75	140	696	140	79129221	
-15468	-1407	6295	723	-1075	-537	-224	166	70	141	701	141	79129221	
-15612	-1095	6174	686	-1121	-540	-225	165	67	142	706	142	79129221	
-15740	-782	6136	667	-1193	-533	-223	166	69	143	711	143	79129222	
-15790	-451	6250	714	-1268	-494	-222	166	70	144	716	144	79129222	
-15865	-237	6410	837	-1305	-443	-224	163	69	145	721	145	79129223	
-15987	-99	6616	1020	-1257	-361	-225	161	69	146	726	146	79129223	
-16187	-79	6816	1169	-1146	-271	-229	165	76	147	731	147	79129224	
-16252	-237	7001	1295	-985	-135	-230	166	78	148	736	148	79129224	
-16016	-270	6804	1398	-743	33	-229	162	77	149	741	149	79129225	
-15833	-278	6775	1538	-562	207	-229	161	77	150	746	150	79129225	
-16000	-347	6712	1750	-507	366	-231	168	70	151	751	151	79129237	
-16428	-654	6672	2043	-405	431	-232	170	68	152	756	152	79129269	
-16537	-1162	6399	2286	-242	444	-232	163	71	153	761	153	79129277	
-16425	-1568	6262	2393	-91	357	-232	160	72	154	766	154	79129277	
-16039	-2260	6014	2241	-112	247	-225	157	72	155	771	155	79129277	
-15877	-2370	6110	1877	-248	110	-222	156	72	156	776	156	79129278	
-15704	-2708	6159	1520	-309	25	-229	155	71	157	781	157	79129279	
-15602	-2332	6202	1108	-347	-183	-231	155	71	158	786	158	79129280	
-15221	-2195	6356	803	-228	-354	-229	161	72	159	791	159	79129280	
-15181	-1801	6378	663	-202	-551	-228	162	72	160	796	160	79129281	
-15124	-1562	6660	610	-204	-665	-227	161	70	161	801	161	79129281	
-15112	-1524	6742	728	-130	-723	-227	161	69	162	806	162	79129282	
-15074	-1466	6844	828	-55	-738	-238	150	74	163	811	163	79129347	
-15194	-1620	6698	818	-60	-704	-238	150	74	164	816	164	79129347	
-15366	-1713	6695	703	-22	-708	-232	164	70	165	821	165	79129348	
-15539	-1732	6596	518	23	-703	-231	167	69	166	826	166	79129348	
-15560	-1756	6487	269	104	-699	-229	166	67	167	831	167	79129349	
-15721	-1692	6295	62	158	-680	-228	166	66	168	836	168	79129389	
-15989	-1519	6164	-111	179	-659	-230	163	66	169	841	169	79129399	
-16256	-1450	6198	-203	252	-605	-230	162	66	170	846	170	79129400	
-16516	-1444	6170	-187	371	-559	-232	164	68	171	851	171	79129401	
-16888	-1568	6102	-136	565	-482	-232	164	68	172	856	172	79129401	
-17158	-1668	5874	-124	737	-384	-227	155	67	173	861	173	79129402	
-17526	-1740	5812	-170	872	-268	-227	155	67	174	866	174	79129402	
-17948	-1678	5802	-239	1028	-159	-225	163	67	175	871	175	79129403	
-18300	-1614	5852	-255	1269	-89	-225	163	67	176	876	176	79129404	
-18535	-1531	5650	-227	1511	-62	-229	161	70	177	881	177	79129404	
-18774	-1463	5484	-171	1738	-48	-230	160	70	178	886	178	79129463	
-18953	-1287	5554	-70	1940	-7	-232	163	67	179	891	179	79129478	
-19298	-1286	5336	283	2244	64	-232	164	66	180	896	180	79129479	
-19430	-1360	5024	830	2647	97	-222	160	66	181	901	181	79129479	
-19652	-1540	4650	1414	3145	138	-222	160	66	182	906	182	79129479	
-19896	-1810	4392	1937	3679	174	-227	159	65	183	911	183	79129480	
-20346	-2234	4446	2227	4290	240	-227	159	65	184	916	184	79129480	
-20714	-2638	4452	2233	5000	311	-229	159	63	185	921	185	79129481	
-21444	-3516	3416	2399	5841	337	-229	159	63	186	926	186	79129481	
-21992	-4268	2108	2556	6894	328	-223	157	61	187	931	187	79129481	
-22078	-5090	1104	2489	7896	311	-223	157	61	188	936	188	79129482	
-21812	-5976	412	2453	8402	317	-232	156	62	189	941	189	79129482	
-21458	-7124	-780	2304	8492	340	-232	156	62	190	946	190	79129483	
-21116	-8110	-1946	1751	8634	356	-225	155	57	191	951	191	79129483	
-20352	-8870	-3216	1123	8979	264	-225	155	57	192	956	192	79129550	
-19214	-9500	-4452	708	9597	12	-231	155	57	193	961	193	79129574	
-18014	-9944	-5372	352	10289	-345	-231	155	57	194	966	194	79129574	
-16912	-10204	-5962	-16	10820	-711	-227	153	51	195	971	195	79129575	
-16064	-10290	-6286	-374	11254	-1093	-227	153	51	196	976	196	79129576	
-15310	-10426	-6805	-810	11761	-1669	-219	159	53	197	981	197	79129576	
-14790	-10522	-6676	-1232	12147	-2210	-219	159	54	198	986	198	79129577	
-14340	-10569	-6084	-1639	12437	-2750	-220	160	56	199	991	199	79129578	
-13968	-10812	-5442	-1884	12624	-3207	-220	160	56	200	996	200	79129578	
-14036	-11534	-5390	-1849	12921	-3850	-214	158	48	201	1001	201	79129579	
-14294	-12414	-6590	-1537	13633	-4665	-214	158	48	202	1006	202	79129579	
-14688	-12880	-7818	-1478	14761	-5552	-210	158	50	203	1011	203	79129580	
-15410	-13002	-8538	-1885	15714	-6450	-210	158	50	204	1016	204	79129581	
-16419	-12705	-8682	-2582	16647	-7457	-211	165	51	205	1021	205	79129584	
-17277	-12374	-8680	-3232	17469	-8264	-210	165	51	206	1026	206	79129597	
-18115	-11966	-8482	-3738	18321	-9041	-204	166	52	207	1031	207	79129597	
-18799	-11640	-8286	-4069	19155	-9799	-204	167	51	208	1036	208	79129598	
-19333	-11338	-7952	-4224	19987	-10478	-202	170	48	209	1041	209	79129608	
-19884	-11068	-7898	-4213	20690	-11096	-202	171	47	210	1046	210	79129644	
-20348	-10774	-7750	-4114	21342	-11660	-201	175	41	211	1051	211	79129645	
-20656	-10574	-7642	-3947	21863	-12137	-201	175	41	212	1056	212	79129645	
-20564	-9963	-7352	-3568	22622	-12882	-188	178	42	213	1061	213	79129645	
-20828	-9666	-7194	-3038	23129	-13458	-188	179	43	214	1066	214	79129646	
-21324	-9434	-6981	-2282	23433	-14059	-189	185	45	215	1071	215	79129646	
-21385	-9167	-6709	-1578	23874	-14548	-186	186	42	216	1076	216	79129647	
-21291	-8966	-6182	-1068	24360	-14985	-173	191	31	217	1081	217	79129647	
-21514	-8944	-5873	-649	24843	-15323	-171	191	31	218	1086	218	79129647	
-21837	-8924	-5608	-86	25276	-15694	-162	192	32	219	1091	219	79129648	
-21942	-8785	-4960	369	25810	-16061	-162	192	30	220	1096	220	79129648	
-22065	-8655	-4205	590	26158	-16460	-160	194	24	221	1101	221	79129655	
-21918	-8580	-3481	437	26527	-16883	-156	196	24	222	1106	222	79129672	
-21636	-8420	-2884	-49	26730	-17216	-150	200	24	223	1111	223	79129673	
-21561	-8282	-2086	-662	26651	-17467	-148	200	23	224	1116	224	79129674	
-21578	-8103	-1524	-1377	26426	-17648	-138	200	18	225	1121	225	79129674	
-21426	-8223	-1458	-1855	26320	-17763	-137	202	17	226	1126	226	79129674	
-21139	-8192	-828	-2193	26281	-17911	-131	209	13	227	1131	227	79129675	
-21451	-8506	-924	-2267	26051	-18045	-129	209	10	228	1136	228	79129675	
-22047	-8962	-1428	-1924	25915	-18290	-121	211	-1	229	1141	229	79129676	
-21957	-9269	-1624	-1667	26019	-18618	-121	213	0	230	1146	230	79129684	
-21968	-9540	-2084	-1519	25983	-18911	-120	216	2	231	1151	231	79129695	
-21869	-9732	-2526	-1578	25985	-19202	-114	216	0	232	1156	232	79129696	
-21632	-9858	-2629	-1691	26014	-19498	-106	216	-4	233	1161	233	79129696	
-21370	-10134	-2742	-1689	25790	-19781	-105	215	-5	234	1166	234	79129697	
-21072	-10275	-2761	-1822	25558	-20042	-104	214	-6	235	1171	235	79129697	
-20766	-10340	-2645	-2073	25312	-20246	-100	214	-8	236	1176	236	79129697	
-20505	-10308	-2568	-2420	24998	-20429	-86	216	-16	237	1181	237	79129698	
-20213	-10231	-2445	-2856	24682	-20631	-85	215	-18	238	1186	238	79129698	
-20392	-10052	-2256	-3325	24389	-20747	-81	211	-23	239	1191	239	79129699	
-20764	-9719	-2006	-3767	24091	-20704	-77	214	-26	240	1196	240	79129699	
-20961	-9253	-1788	-4290	23859	-20642	-72	218	-30	241	1201	241	79129700	
-20836	-8941	-1640	-4769	23739	-20701	-67	215	-31	242	1206	242	79129700	
-20584	-8601	-1458	-5059	23580	-20790	-59	211	-33	243	1211	243	79129741	
-20610	-8376	-1149	-4942	23363	-20763	-61	210	-32	244	1216	244	79129800	
-20872	-8277	-949	-4488	23186	-20656	-64	208	-30	245	1221	245	79129801	
-20789	-8228	-654	-4044	23165	-20479	-56	210	-39	246	1226	246	79129801	
-20539	-8188	-281	-3710	23118	-20312	-47	211	-47	247	1231	247	79129802	
-20250	-8095	-50	-3325	22937	-20166	-48	210	-47	248	1236	248	79129802	
-19902	-7842	139	-2905	22640	-20046	-50	208	-46	249	1241	249	79129802	
-19498	-7351	489	-2594	22149	-19941	-40	207	-51	250	1246	250	79129803	
-19016	-6626	1196	-2300	21434	-19824	-26	206	-58	251	1251	251	79129803	
-18492	-6013	2024	-1704	20798	-19674	-26	205	-58	252	1256	252	79129803	
-17791	-5728	2528	-745	20300	-19491	-27	203	-59	253	1261	253	79129804	
-17101	-5580	2610	349	19777	-19457	-24	202	-61	254	1266	254	79129804	
-15979	-5586	2689	1587	19099	-19359	-19	201	-63	255	1271	255	79129805	
-14710	-5720	3259	2467	18380	-19075	-15	197	-67	256	1276	256	79129805	
-13940	-5806	3621	3191	17623	-18796	-12	194	-70	257	1281	257	79129833	
-13399	-6028	3480	3938	16706	-18431	-13	192	-63	258	1286	258	79129852	
-12973	-6434	3236	4392	15810	-18089	-14	190	-58	259	1291	259	79129853	
-12636	-6862	3236	4544	14942	-17809	-8	189	-65	260	1296	260	79129853	
-12482	-7088	3466	4468	13993	-17596	1	187	-75	261	1301	261	79129853	
-12500	-7200	3434	4444	13037	-17457	3	188	-76	262	1306	262	79129854	
-12632	-7186	3196	4416	12024	-17325	6	190	-78	263	1311	263	79129854	
-12774	-7032	3222	4250	10959	-17075	14	184	-80	264	1316	264	79129855	
-12794	-6916	3314	4302	10034	-16761	20	180	-82	265	1321	265	79129856	
-12576	-6730	3265	4622	9197	-16465	20	184	-84	266	1326	266	79129857	
-12334	-6730	3081	5031	8366	-16231	20	186	-86	267	1331	267	79129857	
-12045	-7151	2696	5381	7437	-15873	24	181	-85	268	1336	268	79129857	
-11407	-7042	2497	5430	6559	-15403	26	178	-84	269	1341	269	79129900	
-10525	-6776	2448	5392	5653	-14969	27	177	-88	270	1346	270	79129930	
-9863	-6401	2409	5391	4750	-14613	28	176	-90	271	1351	271	79129930	
-9355	-5974	2257	5476	3926	-14235	33	175	-89	272	1356	272	79129931	
-8854	-5756	2193	5602	3073	-13807	36	174	-88	273	1361	273	79129932	
-8210	-5595	2205	5822	2314	-13383	36	169	-84	274	1366	274	79129932	
-7539	-5468	2144	6153	1629	-13018	36	166	-82	275	1371	275	79129933	
-7078	-5218	2181	6464	799	-12729	42	170	-87	276	1376	276	79129933	
-6974	-4899	2525	6748	-130	-12392	46	172	-90	277	1381	277	79129933	
-7000	-4876	2549	7291	-967	-11974	48	168	-88	278	1386	278	79129934	
-7078	-4809	2206	7874	-1684	-11553	50	166	-86	279	1391	279	79129935	
-7261	-4247	2069	8290	-2563	-11031	49	165	-88	280	1396	280	79129935	
-7506	-4126	1848	8752	-3458	-10502	49	165	-89	281	1401	281	79129936	
-8022	-3990	1688	9223	-4073	-10176	59	169	-85	282	1406	282	79129936	
-8030	-4201	1459	9611	-4515	-9744	62	170	-84	283	1411	283	79129949	
-7881	-4094	1434	9917	-4902	-9266	55	167	-81	284	1416	284	79129969	
-7589	-3897	1214	10336	-5340	-8738	51	165	-79	285	1421	285	79129979	
-7246	-3702	972	10630	-5895	-8174	58	169	-81	286	1426	286	79129980	
-7031	-3454	972	10819	-6548	-7666	62	172	-82	287	1431	287	79129980	
-6749	-3302	867	11347	-7165	-7273	69	165	-80	288	1436	288	79129981	
-6951	-3933	564	12029	-7597	-6918	71	163	-79	289	1441	289	79129981	
-7428	-5242	-106	12621	-8289	-5900	68	168	-79	290	1446	290	79129981	
-6959	-5024	-455	12643	-8639	-4954	67	169	-79	291	1451	291	79129982	
-6954	-5224	-1277	12860	-8990	-4240	76	162	-81	292	1456	292	79129982	
-7132	-5927	-2409	12978	-9495	-3473	78	160	-82	293	1461	293	79129983	
-6979	-6618	-3117	12649	-9705	-2944	80	163	-73	294	1466	294	79129998	
-6900	-7401	-3725	12020	-9962	-2557	81	165	-69	295	1471	295	79130022	
-6900	-8164	-4203	10707	-10272	-2160	80	170	-66	296	1476	296	79130033	
-6786	-8619	-4614	9342	-10252	-1811	79	171	-65	297	1481	297	79130034	
-6558	-8482	-4941	7952	-10170	-1453	87	173	-71	298	1486	298	79130034	
-6540	-8217	-5044	6566	-10241	-1090	89	173	-73	299	1491	299	79130034	
-6583	-8166	-5198	5525	-10316	-732	88	177	-67	300	1496	300	79130035	
-6578	-7864	-5660	4822	-10228	-362	88	178	-66	301	1501	301	79130035	
-6673	-7452	-5814	4240	-10177	55	87	177	-64	302	1506	302	79130036	
-6797	-7326	-5815	3808	-10225	506	87	177	-63	303	1511	303	79130036	
-6848	-7334	-5740	3524	-10220	949	88	179	-65	304	1516	304	79130036	
-6796	-7366	-5658	3279	-10127	1442	88	180	-66	305	1521	305	79130037	
-6983	-7566	-5655	3137	-10273	1837	88	177	-61	306	1526	306	79130037	
-7329	-7857	-5812	2935	-10465	2286	88	176	-60	307	1531	307	79130038	
-7668	-8302	-6110	2752	-10451	2728	90	182	-57	308	1536	308	79130038	
-7976	-8840	-6880	2687	-10367	3185	90	184	-56	309	1541	309	79130038	
-8335	-9209	-7627	2473	-10375	3668	88	182	-55	310	1546	310	79130075	
-8728	-9452	-8208	2006	-10436	4086	87	181	-55	311	1551	311	79130085	
-9138	-9811	-8731	1362	-10421	4419	89	187	-51	312	1556	312	79130085	
-9594	-10268	-9628	505	-10229	4701	90	188	-50	313	1561	313	79130085	
-9624	-10414	-9970	-266	-9869	4855	85	189	-55	314	1566	314	79130086	
-9692	-10288	-10252	-1158	-9505	5004	85	189	-55	315	1571	315	79130140	
-9656	-10218	-10068	-1929	-9260	5162	77	191	-45	316	1576	316	79130186	
-9540	-10220	-10254	-2318	-9002	5357	77	191	-45	317	1581	317	79130187	
-9403	-10193	-10591	-2301	-8726	5553	82	193	-47	318	1586	318	79130187	
-9277	-10042	-10866	-2365	-8541	5804	83	193	-47	319	1591	319	79130188	
-9458	-9993	-10769	-2531	-8527	6029	81	195	-48	320	1596	320	79130188	
-9798	-10185	-10604	-2551	-8491	6177	80	196	-48	321	1601	321	79130188	
-10034	-10768	-10774	-2275	-8106	6245	78	196	-42	322	1606	322	79130189	
-10518	-10496	-10804	-1908	-7633	6304	78	196	-42	323	1611	323	79130189	
-11632	-10014	-11284	-864	-7441	6199	82	200	-42	324	1616	324	79130190	
-11432	-14644	-12664	1563	-6784	5730	82	200	-42	325	1621	325	79130190	
-9854	-19756	-14222	3933	-4888	5080	62	196	-28	326	1626	326	79130191	
-7918	-24350	-15600	6424	-2886	4499	62	196	-28	327	1631	327	79130191	
-6338	-30388	-15906	9842	-1999	3285	73	201	-39	328	1636	328	79130191	
-6524	-32768	-15604	11088	-1912	1507	73	201	-39	329	1641	329	79130192	
-7944	-31032	-16654	9558	-2294	-396	75	199	-37	330	1646	330	79130214	
-9544	-25558	-17688	7299	-2389	-2477	75	199	-37	331	1651	331	79130214	
-9852	-23072	-17148	5695	-1669	-4155	76	200	-38	332	1656	332	79130215	
-10008	-20962	-16182	3949	-675	-5360	76	200	-38	333	1661	333	79130215	
-12400	-17156	-15752	3274	53	-6318	77	201	-39	334	1666	334	79130215	
-13434	-15436	-14552	4354	814	-6066	77	201	-39	335	1671	335	79130216	
-13330	-15356	-13068	6401	1487	-5272	87	203	-39	336	1676	336	79130216	
-12704	-15234	-11722	7674	1785	-4302	87	203	-39	337	1681	337	79130216	
-12088	-16423	-10138	7792	1753	-3431	87	193	-37	338	1686	338	79130217	
-12156	-16132	-8925	6561	1718	-3048	87	195	-37	339	1691	339	79130217	
-12014	-15307	-7937	5236	1876	-2770	89	201	-39	340	1696	340	79130218	
-11572	-14700	-7252	4493	2042	-2524	89	201	-39	341	1701	341	79130218	
-11282	-13376	-6406	3817	2128	-2158	85	201	-37	342	1706	342	79130239	
-11210	-12598	-6002	3707	1977	-1558	85	201	-37	343	1711	343	79130240	
-11186	-12682	-5788	4385	1710	-941	93	201	-33	344	1716	344	79130240	
-11042	-13386	-6090	5258	1468	-358	93	201	-33	345	1721	345	79130241	
-11042	-14106	-6218	5707	1176	130	92	204	-36	346	1726	346	79130241	
-10921	-14595	-5831	5532	855	589	91	203	-37	347	1731	347	79130264	
