-15924	-8	6040	-469	823	-1	48	238	148	2794	13970	2794	76347990
-15894	-26	6044	-487	814	9	48	238	148	2795	13975	2795	76348012
-15892	88	6026	-522	773	2	51	241	145	2796	13980	2796	76348067
-16058	-30	6024	-547	722	22	51	241	145	2797	13985	2797	76348067
-16012	22	6046	-557	728	18	52	240	146	2798	13990	2798	76348068
-15982	26	5910	-571	781	12	52	240	146	2799	13995	2799	76348068
-15994	10	5950	-616	864	7	53	239	151	2800	14000	2800	76348068
-15988	26	5944	-631	896	3	53	239	151	2801	14005	2801	76348069
-16024	-4	5816	-637	976	-9	46	242	146	2802	14010	2802	76348093
-15932	46	5852	-645	1007	9	46	242	146	2803	14015	2803	76348093
-15992	24	5956	-643	1018	22	51	245	143	2804	14020	2804	76348093
-15904	28	5938	-664	1037	38	51	245	143	2805	14025	2805	76348094
-15830	110	5906	-697	1049	59	50	242	146	2806	14030	2806	76348094
-15914	30	5812	-689	1043	71	50	242	146	2807	14035	2807	76348095
-15920	96	5860	-692	1023	70	44	238	144	2808	14040	2808	76348095
-15920	10	5906	-647	971	68	44	238	144	2809	14045	2809	76348095
-15918	90	5836	-623	913	71	54	238	142	2810	14050	2810	76348096
-15978	108	5846	-594	851	66	54	238	142	2811	14055	2811	76348096
-16024	118	5786	-562	806	57	52	234	148	2812	14060	2812	76348116
-15990	164	5858	-555	801	52	52	234	148	2813	14065	2813	76348142
-16066	158	5886	-545	814	55	52	240	146	2814	14070	2814	76348169
-16062	202	5984	-526	861	48	52	240	146	2815	14075	2815	76348170
-16070	138	5958	-510	878	43	52	248	146	2816	14080	2816	76348170
-16030	126	5930	-496	933	26	52	248	146	2817	14085	2817	76348170
-16004	146	5918	-475	1021	21	57	239	145	2818	14090	2818	76348171
-16010	150	6018	-463	1048	15	57	239	145	2819	14095	2819	76348171
-16012	130	5910	-411	1109	11	52	242	140	2820	14100	2820	76348171
-16032	160	5802	-384	1157	-7	52	242	140	2821	14105	2821	76348172
-16022	94	5840	-367	1181	-6	52	238	140	2822	14110	2822	76348172
-16014	154	5826	-374	1217	7	52	238	140	2823	14115	2823	76348172
-16026	170	5652	-344	1218	0	49	237	153	2824	14120	2824	76348173
-16044	108	5726	-330	1215	-13	49	237	153	2825	14125	2825	76348173
-16078	180	5784	-320	1238	-4	52	238	144	2826	14130	2826	76348246
-16050	272	5706	-297	1245	-10	52	238	144	2827	14135	2827	76348246
-16026	294	5696	-283	1253	-22	47	243	149	2828	14140	2828	76348247
-16098	244	5714	-277	1261	-25	47	243	149	2829	14145	2829	76348248
-16058	334	5748	-226	1229	-34	50	240	146	2830	14150	2830	76348248
-16034	368	5764	-166	1190	-30	50	240	146	2831	14155	2831	76348249
-16050	302	5682	-135	1190	-38	47	239	149	2832	14160	2832	76348249
-16032	324	5688	-96	1175	-56	47	239	149	2833	14165	2833	76348250
-16120	284	5740	-36	1184	-55	47	235	145	2834	14170	2834	76348269
-16038	304	5598	-8	1188	-57	47	235	145	2835	14175	2835	76348274
-15952	330	5590	47	1190	-56	48	240	142	2836	14180	2836	76348274
-16036	370	5680	102	1196	-51	48	240	142	2837	14185	2837	76348275
-15956	278	5638	127	1180	-71	47	245	145	2838	14190	2838	76348276
-15978	202	5646	166	1161	-88	47	245	145	2839	14195	2839	76348277
-15942	248	5622	211	1164	-75	47	241	139	2840	14200	2840	76348277
-15954	238	5662	221	1158	-75	47	241	139	2841	14205	2841	76348278
-16022	176	5604	243	1150	-86	54	236	142	2842	14210	2842	76348279
-16080	88	5646	251	1133	-93	54	236	142	2843	14215	2843	76348302
-16028	72	5650	260	1120	-96	45	245	151	2844	14220	2844	76348377
-16104	54	5652	258	1074	-84	45	245	151	2845	14225	2845	76348377
-16098	36	5648	236	1041	-93	49	237	143	2846	14230	2846	76348378
-16082	-60	5648	236	1031	-104	49	237	143	2847	14235	2847	76348378
-16128	-94	5564	229	1041	-96	52	236	142	2848	14240	2848	76348379
-16136	-128	5674	243	1050	-88	52	236	142	2849	14245	2849	76348380
-16080	-120	5602	262	1062	-85	51	239	141	2850	14250	2850	76348381
-16110	-126	5596	265	1084	-91	51	239	141	2851	14255	2851	76348382
-16012	-158	5506	281	1132	-93	53	237	141	2852	14260	2852	76348383
-15962	-126	5496	285	1141	-79	53	237	141	2853	14265	2853	76348387
-15958	-138	5448	294	1161	-77	48	236	142	2854	14270	2854	76348387
-15994	-104	5380	326	1119	-68	48	236	142	2855	14275	2855	76348388
-16018	-92	5416	340	1103	-54	49	237	143	2856	14280	2856	76348426
-16062	-102	5406	348	1042	-49	49	237	143	2857	14285	2857	76348426
-16018	-56	5344	348	977	-40	53	239	141	2858	14290	2858	76348426
-15992	-56	5380	328	962	-35	53	239	141	2859	14295	2859	76348427
-16052	-34	5368	305	934	-16	49	243	141	2860	14300	2860	76348427
-16056	-84	5286	272	882	-13	49	243	141	2861	14305	2861	76348427
-16110	-70	5294	260	849	-20	44	236	140	2862	14310	2862	76348428
-16160	-106	5272	233	785	-22	44	236	140	2863	14315	2863	76348450
-16126	-70	5378	206	771	-33	48	238	144	2864	14320	2864	76348452
-16116	-122	5370	199	765	-37	48	238	144	2865	14325	2865	76348452
-16180	-76	5382	165	771	-34	50	244	144	2866	14330	2866	76348453
-16124	-68	5346	124	778	-38	50	244	144	2867	14335	2867	76348453
-16070	-100	5474	123	775	-42	48	242	142	2868	14340	2868	76348453
-16116	-98	5494	109	788	-45	48	242	142	2869	14345	2869	76348480
-16036	-60	5498	96	764	-54	45	239	141	2870	14350	2870	76348481
-16042	-116	5440	87	743	-58	45	239	141	2871	14355	2871	76348531
-16122	-132	5444	76	699	-56	46	246	142	2872	14360	2872	76348532
-16104	-42	5494	78	656	-57	46	246	142	2873	14365	2873	76348532
-16022	-40	5442	71	650	-67	49	245	141	2874	14370	2874	76348533
-16144	-32	5442	63	633	-78	49	245	141	2875	14375	2875	76348533
-16152	-58	5356	70	628	-74	50	242	140	2876	14380	2876	76348533
-16050	-112	5448	75	620	-69	50	242	140	2877	14385	2877	76348534
-16178	-62	5288	93	621	-73	51	239	141	2878	14390	2878	76348534
-16168	54	5222	111	608	-78	51	239	141	2879	14395	2879	76348534
-16132	-4	5340	120	593	-62	53	245	143	2880	14400	2880	76348535
-16148	86	5254	148	571	-63	53	245	143	2881	14405	2881	76348535
-16130	52	5290	200	551	-62	52	246	136	2882	14410	2882	76348535
-16120	34	5308	213	549	-69	52	246	136	2883	14415	2883	76348536
-16142	102	5160	222	545	-83	49	241	139	2884	14420	2884	76348553
-16096	74	5268	231	515	-65	49	241	139	2885	14425	2885	76348553
-16154	48	5128	245	477	-72	40	234	136	2886	14430	2886	76348554
-16254	38	5110	249	449	-96	40	234	136	2887	14435	2887	76348554
-16198	-10	5286	258	419	-98	50	240	140	2888	14440	2888	76348554
-16110	50	5244	221	410	-98	50	240	140	2889	14445	2889	76348555
-16130	32	5156	192	399	-104	52	244	140	2890	14450	2890	76348555
-16140	-32	5200	167	406	-84	52	244	140	2891	14455	2891	76348555
-16094	0	5272	103	379	-68	51	245	137	2892	14460	2892	76348556
-16088	24	5182	86	335	-64	51	245	137	2893	14465	2893	76348556
-16106	-6	5212	71	223	-55	53	241	135	2894	14470	2894	76348556
-16080	8	5342	77	120	-44	53	241	135	2895	14475	2895	76348557
-16162	4	5272	86	110	-51	49	241	139	2896	14480	2896	76348557
-16204	34	5246	92	89	-60	49	241	139	2897	14485	2897	76348578
-16358	88	5248	121	129	-82	52	238	138	2898	14490	2898	76348578
-16298	90	5234	140	163	-86	52	238	138	2899	14495	2899	76348580
-16310	100	5022	185	245	-121	47	249	139	2900	14500	2900	76348583
-16276	174	5100	243	323	-145	47	249	139	2901	14505	2901	76348583
-16300	144	5086	266	355	-149	53	241	137	2902	14510	2902	76348584
-16216	66	5046	302	418	-141	53	241	137	2903	14515	2903	76348584
-16088	58	5006	307	403	-153	53	241	143	2904	14520	2904	76348584
-16090	22	5022	322	402	-146	53	241	143	2905	14525	2905	76348585
-16094	-24	5006	325	351	-154	51	245	141	2906	14530	2906	76348585
-16122	-26	4868	326	246	-136	51	245	141	2907	14535	2907	76348585
-16060	-72	4894	313	203	-123	52	242	140	2908	14540	2908	76348586
-16110	-112	5004	318	110	-108	52	242	140	2909	14545	2909	76348634
-16148	-138	5010	308	13	-104	52	242	138	2910	14550	2910	76348634
-16230	-158	5008	308	-27	-88	52	242	138	2911	14555	2911	76348635
-16146	-186	4950	291	-103	-84	49	243	145	2912	14560	2912	76348684
-16222	-142	4984	277	-172	-73	49	243	145	2913	14565	2913	76348685
-16190	-218	5030	259	-197	-85	51	239	145	2914	14570	2914	76348686
-16198	-176	4978	233	-264	-80	51	239	145	2915	14575	2915	76348687
-16222	-118	4998	184	-317	-77	46	248	142	2916	14580	2916	76348688
-16226	-184	5004	152	-325	-83	46	248	142	2917	14585	2917	76348689
-16222	-100	4924	101	-369	-71	54	240	148	2918	14590	2918	76348689
-16226	-76	4868	64	-397	-62	54	240	148	2919	14595	2919	76348690
-16178	-100	4984	25	-419	-75	50	238	140	2920	14600	2920	76348690
-16042	-14	4810	-20	-495	-65	50	238	140	2921	14605	2921	76348690
-16128	-60	4934	-60	-582	-68	49	245	141	2922	14610	2922	76348691
-16188	-100	4940	-75	-603	-65	49	245	141	2923	14615	2923	76348691
-16160	-150	4920	-88	-665	-62	55	241	145	2924	14620	2924	76348692
-16144	-104	4978	-102	-775	-46	55	241	145	2925	14625	2925	76348692
-16188	-178	4882	-140	-801	-37	56	244	138	2926	14630	2926	76348740
-16176	-162	4912	-198	-807	-38	56	244	138	2927	14635	2927	76348741
-16138	-128	4992	-228	-801	-43	52	244	140	2928	14640	2928	76348741
-16106	-168	5066	-248	-810	-25	52	244	140	2929	14645	2929	76348742
-16148	-186	5026	-294	-836	-17	52	240	140	2930	14650	2930	76348742
-16240	-272	4960	-351	-841	-14	52	240	140	2931	14655	2931	76348743
-16238	-246	5034	-383	-850	-2	49	237	139	2932	14660	2932	76348744
-16234	-312	4850	-425	-843	-11	49	237	139	2933	14665	2933	76348744
-16294	-314	4930	-437	-811	24	45	237	143	2934	14670	2934	76348744
-16320	-350	4882	-434	-776	22	45	237	143	2935	14675	2935	76348745
-16366	-288	4882	-430	-725	19	47	241	143	2936	14680	2936	76348746
-16328	-266	4878	-441	-649	48	47	241	143	2937	14685	2937	76348757
-16322	-274	4920	-451	-603	63	54	234	142	2938	14690	2938	76348760
-16258	-182	5002	-461	-593	69	54	234	142	2939	14695	2939	76348761
-16204	-128	4866	-487	-593	98	56	240	144	2940	14700	2940	76348761
-16236	-128	4950	-516	-622	132	56	240	144	2941	14705	2941	76348762
-16212	-130	5012	-522	-643	140	42	234	150	2942	14710	2942	76348762
-16140	-126	4982	-556	-661	188	42	234	150	2943	14715	2943	76348762
-16188	-118	5026	-602	-650	211	50	240	140	2944	14720	2944	76348763
-16076	-76	5098	-613	-640	200	50	240	140	2945	14725	2945	76348763
-16174	-84	5078	-661	-614	198	48	240	142	2946	14730	2946	76348764
-16184	-46	5106	-682	-578	216	48	240	142	2947	14735	2947	76348840
-16132	-42	5096	-694	-571	216	48	244	138	2948	14740	2948	76348841
-16250	-96	5112	-734	-581	226	48	244	138	2949	14745	2949	76348841
-16194	-52	5066	-780	-591	232	49	237	139	2950	14750	2950	76348841
-16146	-2	5120	-786	-607	226	49	237	139	2951	14755	2951	76348842
-16154	4	5082	-799	-631	213	50	242	144	2952	14760	2952	76348842
-16180	-14	5084	-835	-654	209	50	242	144	2953	14765	2953	76348842
-16242	78	5106	-850	-659	205	50	242	140	2954	14770	2954	76348843
-16214	50	5112	-846	-687	202	50	242	140	2955	14775	2955	76348844
-16318	-14	5098	-850	-696	229	54	242	140	2956	14780	2956	76348844
-16240	32	5104	-866	-684	230	54	242	140	2957	14785	2957	76348845
-16250	22	5128	-877	-660	239	41	243	139	2958	14790	2958	76348845
-16178	2	5096	-898	-645	260	41	243	139	2959	14795	2959	76348846
-16194	8	5104	-912	-638	260	48	244	146	2960	14800	2960	76348890
-16134	40	5154	-908	-626	280	48	244	146	2961	14805	2961	76348891
-16160	72	5088	-914	-607	284	46	244	152	2962	14810	2962	76348919
-16144	38	5078	-900	-615	293	46	244	152	2963	14815	2963	76348920
-16148	84	5200	-903	-631	296	53	243	143	2964	14820	2964	76348920
-16194	120	5256	-919	-613	305	53	243	143	2965	14825	2965	76348920
-16138	122	5190	-913	-613	311	51	243	141	2966	14830	2966	76348921
-16170	142	5214	-932	-576	309	51	243	141	2967	14835	2967	76348971
-16212	146	5214	-946	-562	305	49	245	145	2968	14840	2968	76349035
-16236	150	5184	-947	-561	299	49	245	145	2969	14845	2969	76349036
-16140	146	5266	-937	-549	291	50	242	142	2970	14850	2970	76349036
-16260	128	5228	-965	-534	288	50	242	142	2971	14855	2971	76349037
-16290	154	5204	-977	-521	310	50	238	142	2972	14860	2972	76349037
-16284	102	5260	-980	-507	312	50	238	142	2973	14865	2973	76349038
-16150	178	5220	-969	-503	310	53	243	141	2974	14870	2974	76349038
-16184	150	5310	-977	-502	313	53	243	141	2975	14875	2975	76349039
-16148	140	5178	-958	-546	330	56	240	140	2976	14880	2976	76349041
-16006	144	5238	-949	-554	333	56	240	140	2977	14885	2977	76349041
-16060	104	5314	-948	-545	344	45	243	145	2978	14890	2978	76349041
-16094	96	5280	-938	-588	340	45	243	145	2979	14895	2979	76349042
-16162	154	5372	-954	-603	367	49	239	141	2980	14900	2980	76349044
-16098	122	5402	-950	-609	367	49	239	141	2981	14905	2981	76349044
-16060	80	5356	-946	-643	369	49	241	145	2982	14910	2982	76349044
-16082	90	5354	-936	-631	381	49	241	145	2983	14915	2983	76349045
-16112	52	5294	-936	-613	376	48	234	142	2984	14920	2984	76349045
-16102	62	5428	-929	-594	377	48	234	142	2985	14925	2985	76349046
-16112	120	5452	-944	-563	360	53	241	143	2986	14930	2986	76349046
-16128	120	5508	-922	-537	344	53	241	143	2987	14935	2987	76349047
-16072	116	5470	-897	-534	323	45	237	143	2988	14940	2988	76349048
-16122	164	5462	-850	-535	313	45	237	143	2989	14945	2989	76349048
-16124	174	5462	-810	-534	285	57	241	145	2990	14950	2990	76349048
-16068	218	5382	-803	-530	293	57	241	145	2991	14955	2991	76349049
-16072	156	5382	-794	-515	285	48	236	144	2992	14960	2992	76349049
-16110	178	5496	-812	-497	302	48	236	144	2993	14965	2993	76349049
-16108	236	5448	-818	-499	296	46	242	144	2994	14970	2994	76349078
-16064	196	5568	-806	-486	303	46	242	144	2995	14975	2995	76349078
-16056	194	5514	-778	-487	301	52	240	142	2996	14980	2996	76349078
-16076	170	5530	-771	-507	299	52	240	142	2997	14985	2997	76349079
-16006	208	5454	-762	-553	296	51	241	145	2998	14990	2998	76349079
-15986	190	5524	-753	-606	322	51	241	145	2999	14995	2999	76349080
-16026	204	5602	-743	-635	315	48	238	152	3000	15000	3000	76349080
-15994	244	5520	-722	-672	318	48	238	152	3001	15005	3001	76349081
-16034	236	5570	-716	-715	313	47	237	143	3002	15010	3002	76349081
-16090	246	5580	-700	-737	329	47	237	143	3003	15015	3003	76349082
-16030	228	5580	-668	-740	309	53	239	145	3004	15020	3004	76349082
-16040	186	5680	-634	-737	313	53	239	145	3005	15025	3005	76349082
-16002	120	5714	-614	-718	311	45	237	141	3006	15030	3006	76349083
-16044	126	5686	-551	-681	296	45	237	141	3007	15035	3007	76349125
-15998	134	5782	-518	-640	286	45	237	143	3008	15040	3008	76349125
-16002	136	5672	-490	-636	283	45	237	143	3009	15045	3009	76349125
-16024	54	5598	-478	-620	265	52	238	144	3010	15050	3010	76349126
-15948	106	5618	-455	-601	256	52	238	144	3011	15055	3011	76349126
-15950	66	5638	-441	-613	250	49	241	143	3012	15060	3012	76349127
-15938	94	5582	-434	-626	267	49	241	143	3013	15065	3013	76349127
-15906	124	5632	-428	-631	267	49	239	147	3014	15070	3014	76349127
-15984	138	5638	-412	-660	275	49	239	147	3015	15075	3015	76349128
-15952	132	5566	-393	-684	280	43	237	151	3016	15080	3016	76349152
-15894	192	5626	-366	-742	292	43	237	151	3017	15085	3017	76349153
-15944	160	5550	-355	-756	298	50	236	146	3018	15090	3018	76349153
-15938	204	5758	-332	-798	274	50	236	146	3019	15095	3019	76349154
-15930	180	5726	-303	-866	281	53	239	147	3020	15100	3020	76349154
-15954	164	5778	-275	-884	279	53	239	147	3021	15105	3021	76349154
-15968	148	5876	-242	-890	291	45	237	145	3022	15110	3022	76349155
-16022	164	5832	-219	-889	282	45	237	145	3023	15115	3023	76349155
-16064	136	5772	-200	-892	266	54	238	142	3024	15120	3024	76349155
-16016	130	5852	-167	-878	258	54	238	142	3025	15125	3025	76349179
-15966	132	5864	-136	-847	258	38	230	148	3026	15130	3026	76349232
-15980	150	5816	-114	-839	258	38	230	148	3027	15135	3027	76349232
-15972	208	5834	-86	-805	252	50	236	148	3028	15140	3028	76349232
-15968	148	5912	-36	-791	235	50	236	148	3029	15145	3029	76349233
-16020	136	5886	-35	-775	237	49	245	145	3030	15150	3030	76349233
-15922	92	5874	-14	-737	229	49	245	145	3031	15155	3031	76349234
-15952	134	5792	12	-729	225	56	238	144	3032	15160	3032	76349234
-15986	166	5810	26	-723	237	56	238	144	3033	15165	3033	76349234
-15956	190	5758	28	-669	204	52	234	144	3034	15170	3034	76349235
-16002	174	5828	32	-654	208	52	234	144	3035	15175	3035	76349235
-15960	180	5872	39	-644	198	42	234	146	3036	15180	3036	76349235
-16012	210	5918	35	-611	169	42	234	146	3037	15185	3037	76349236
-16078	224	5904	30	-562	159	49	241	147	3038	15190	3038	76349236
-16064	152	5914	26	-526	141	49	241	147	3039	15195	3039	76349236
-16048	132	6052	40	-450	117	50	238	146	3040	15200	3040	76349237
-16034	176	5910	38	-391	91	50	238	146	3041	15205	3041	76349258
-16036	114	6000	72	-345	79	49	239	149	3042	15210	3042	76349259
-16008	174	5986	96	-336	68	49	239	149	3043	15215	3043	76349261
-15938	206	5970	112	-296	63	50	242	140	3044	15220	3044	76349261
-15964	160	5964	166	-280	61	50	242	140	3045	15225	3045	76349262
-15920	122	5850	175	-276	61	47	245	145	3046	15230	3046	76349295
-15902	206	5796	198	-279	38	47	245	145	3047	15235	3047	76349306
-15868	180	5808	209	-289	50	48	236	148	3048	15240	3048	76349307
-15848	190	5886	213	-314	55	48	236	148	3049	15245	3049	76349308
-15878	150	5884	201	-361	56	50	240	148	3050	15250	3050	76349308
-15884	132	5894	196	-424	74	50	240	148	3051	15255	3051	76349308
-15894	102	5914	182	-448	62	49	235	143	3052	15260	3052	76349309
-15882	118	5892	166	-505	74	49	235	143	3053	15265	3053	76349309
-15886	144	5888	167	-549	74	44	238	146	3054	15270	3054	76349309
-15838	144	5962	180	-579	72	44	238	146	3055	15275	3055	76349311
-15926	108	5910	163	-612	67	50	238	146	3056	15280	3056	76349311
-15920	200	5948	205	-658	60	50	238	146	3057	15285	3057	76349338
-15882	148	5958	209	-674	50	42	238	146	3058	15290	3058	76349338
-16002	178	5954	251	-693	40	42	238	146	3059	15295	3059	76349338
-16004	176	5950	256	-714	27	46	238	144	3060	15300	3060	76349339
-16000	200	5922	262	-706	23	46	238	144	3061	15305	3061	76349339
-16006	188	6018	250	-651	14	49	241	141	3062	15310	3062	76349340
-15928	280	6000	255	-571	13	49	241	141	3063	15315	3063	76349340
-15968	282	6054	250	-526	-6	46	242	152	3064	15320	3064	76349340
-15866	262	5972	241	-424	-2	46	242	152	3065	15325	3065	76349341
-15888	242	6018	253	-361	3	47	241	147	3066	15330	3066	76349342
-15862	264	6048	252	-359	19	47	241	147	3067	15335	3067	76349362
-15818	240	6174	260	-386	14	47	243	151	3068	15340	3068	76349389
-15850	212	6034	276	-431	25	47	243	151	3069	15345	3069	76349389
-15920	224	6032	268	-448	25	56	236	148	3070	15350	3070	76349390
-15896	200	6026	295	-423	32	56	236	148	3071	15355	3071	76349390
-15978	226	6012	320	-375	16	43	239	149	3072	15360	3072	76349390
-15946	214	6140	332	-346	19	43	239	149	3073	15365	3073	76349391
-15980	190	6204	377	-305	10	47	241	147	3074	15370	3074	76349391
-15956	204	6114	418	-279	-13	47	241	147	3075	15375	3075	76349392
-15956	200	6088	441	-272	-29	55	237	147	3076	15380	3076	76349392
-15910	192	6032	468	-279	-32	55	237	147	3077	15385	3077	76349438
-15920	190	6106	519	-297	-53	39	231	157	3078	15390	3078	76349465
-15894	154	6052	525	-305	-56	39	231	157	3079	15395	3079	76349490
-15830	194	5918	527	-341	-43	48	238	150	3080	15400	3080	76349491
-15838	208	5892	521	-376	-30	48	238	150	3081	15405	3081	76349492
-15908	178	5958	510	-397	-31	53	239	145	3082	15410	3082	76349492
-15848	186	5960	512	-455	-8	53	239	145	3083	15415	3083	76349493
-15796	180	5896	493	-508	21	56	238	148	3084	15420	3084	76349493
-15816	212	5934	462	-536	16	56	238	148	3085	15425	3085	76349494
-15876	216	5946	421	-579	26	50	240	148	3086	15430	3086	76349495
-15868	204	5982	392	-600	40	50	240	148	3087	15435	3087	76349495
-15846	146	5994	376	-571	45	44	238	148	3088	15440	3088	76349496
-15900	140	6144	372	-514	26	44	238	148	3089	15445	3089	76349496
-15976	170	6110	369	-459	31	56	236	152	3090	15450	3090	76349497
-15916	164	6152	356	-435	25	56	236	152	3091	15455	3091	76349497
-15870	196	6202	365	-396	13	51	239	151	3092	15460	3092	76349498
-15908	192	6214	376	-351	-11	51	239	151	3093	15465	3093	76349498
