-15633	1156	-4636	1259	-1202	263	-12	172	70	1	1	1	78368897	
-15461	1149	-4714	1363	-1215	282	-10	172	68	2	6	2	78368920	
-15286	1063	-4782	1534	-1255	321	-10	172	69	3	11	3	78368929	
-15056	849	-4709	1785	-1311	381	-11	173	71	4	16	4	78368929	
-14999	464	-4500	2011	-1447	459	-11	172	72	5	21	5	78368929	
-15150	53	-4135	2169	-1557	539	-10	170	74	6	26	6	78368929	
-15242	-346	-3870	2181	-1500	569	-11	171	72	7	31	7	78368929	
-15389	-809	-3646	2095	-1375	549	-16	174	66	8	36	8	78368931	
-15716	-1276	-3496	1895	-1208	507	-16	173	67	9	41	9	78368943	
-15825	-1494	-3734	1509	-877	427	-14	168	72	10	46	10	78368960	
-15611	-1470	-4008	1126	-480	353	-14	168	71	11	51	11	78368961	
-15352	-1433	-3983	915	-328	333	-14	168	68	12	56	12	78368961	
-15400	-1281	-3518	925	-505	367	-15	170	70	13	61	13	78368961	
-15420	-1280	-3378	1129	-632	414	-17	177	77	14	66	14	78368961	
-15238	-1549	-4029	1299	-654	412	-17	176	75	15	71	15	78368962	
-15157	-1799	-4549	995	-674	305	-15	173	69	16	76	16	78368971	
-15221	-1700	-4597	259	-618	104	-13	173	70	17	81	17	78368997	
-15090	-1767	-4638	-110	-438	-30	-10	174	72	18	86	18	78368998	
-14982	-1968	-4780	-147	-333	-106	-12	172	73	19	91	19	78368998	
-15111	-2022	-4797	-69	-361	-193	-15	169	75	20	96	20	78368998	
-15167	-1938	-4902	44	-331	-307	-15	172	75	21	101	21	78368999	
-15041	-1844	-5206	69	-291	-418	-16	176	74	22	106	22	78368999	
-14923	-1762	-5524	-95	-322	-527	-15	175	76	23	111	23	78369011	
-14879	-1564	-5540	-288	-407	-624	-13	173	79	24	116	24	78369033	
-15018	-1389	-5142	-346	-568	-702	-15	171	77	25	121	25	78369040	
-15378	-1252	-4637	-384	-716	-783	-17	169	75	26	126	26	78369040	
-15574	-1026	-4402	-418	-681	-843	-12	168	71	27	131	27	78369040	
-15540	-750	-4177	-424	-594	-871	-8	168	68	28	136	28	78369040	
-15618	-555	-3991	-311	-624	-841	-12	169	69	29	141	29	78369040	
-15710	-511	-3901	-13	-670	-761	-14	170	70	30	146	30	78369047	
-15635	-674	-3978	361	-721	-631	-13	171	75	31	151	31	78369067	
-15587	-1030	-4055	559	-827	-485	-13	171	79	32	156	32	78369078	
-15720	-1371	-3899	457	-926	-362	-11	173	73	33	161	33	78369078	
-15828	-1601	-3683	288	-932	-221	-9	175	69	34	166	34	78369078	
-15814	-1730	-3699	245	-886	-62	-9	170	70	35	171	35	78369078	
-15832	-1633	-3880	233	-880	127	-9	167	71	36	176	36	78369078	
-15911	-1353	-3765	302	-965	363	-11	168	72	37	181	37	78369078	
-16018	-1165	-3676	505	-1167	633	-12	168	72	38	186	38	78369083	
-16156	-1164	-3940	662	-1369	873	-11	170	73	39	191	39	78369104	
-16210	-1252	-4229	542	-1439	1039	-10	172	74	40	196	40	78369116	
-16256	-1176	-4593	211	-1474	1160	-14	173	73	41	201	41	78369126	
-16386	-987	-5266	-131	-1557	1293	-17	173	73	42	206	42	78369132	
-16364	-585	-5953	-300	-1605	1419	-16	174	74	43	211	43	78369132	
-16038	-51	-6143	-496	-1724	1504	-16	174	74	44	216	44	78369132	
-15816	686	-5761	-590	-1759	1492	-14	177	74	45	221	45	78369132	
-17505	757	-5980	-416	-2304	1667	-14	178	74	46	226	46	78369132	
-19104	568	-6447	-56	-2322	2023	-16	176	76	47	231	47	78369150	
-19710	641	-6538	153	-1909	2402	-16	176	76	48	236	48	78369155	
-20124	289	-7013	750	-1591	2760	-15	167	75	49	241	49	78369155	
-20972	-980	-7512	1576	-1324	3115	-15	165	75	50	246	50	78369155	
-21402	-2116	-7716	1765	-844	3274	-12	172	80	51	251	51	78369155	
-21430	-3020	-7820	1556	-258	3390	-12	172	80	52	256	52	78369155	
-21530	-3632	-7786	1124	203	3349	-19	173	75	53	261	53	78369156	
-21628	-3668	-7404	485	316	3208	-19	173	75	54	266	54	78369172	
-21654	-3480	-6648	-111	264	3097	-19	167	77	55	271	55	78369206	
-21378	-3446	-6430	-527	379	2885	-19	167	77	56	276	56	78369209	
-20904	-3632	-6080	-710	645	2623	-23	169	71	57	281	57	78369209	
-20426	-3639	-5770	-793	780	2388	-23	169	71	58	286	58	78369210	
-19920	-3518	-4388	-921	751	2070	-20	166	76	59	291	59	78369210	
-19778	-3148	-3060	-1184	538	1717	-20	166	76	60	296	60	78369210	
-19708	-2536	-2462	-1111	469	1348	-22	168	76	61	301	61	78369210	
-19664	-2106	-3188	-535	594	1022	-22	168	76	62	306	62	78369210	
-19742	-2284	-3666	32	751	677	-21	167	71	63	311	63	78369236	
-20122	-2272	-4106	218	726	316	-21	167	71	64	316	64	78369236	
-20826	-2356	-3594	374	579	95	-18	164	76	65	321	65	78369236	
-21224	-2354	-3756	666	488	27	-18	164	76	66	326	66	78369237	
-21222	-2255	-3917	768	563	2	-23	167	73	67	331	67	78369237	
-21129	-1730	-3927	492	622	-48	-21	166	74	68	336	68	78369237	
-21034	-1020	-4128	152	471	-73	-12	164	76	69	341	69	78369240	
-20942	-800	-4142	229	325	-12	-14	165	75	70	346	70	78369259	
-20857	-950	-4353	436	244	105	-21	169	73	71	351	71	78369282	
-20811	-936	-4140	332	210	202	-21	168	74	72	356	72	78369282	
-20816	-727	-4058	76	178	320	-20	162	76	73	361	73	78369282	
-20718	-446	-4284	-47	164	491	-19	162	77	74	366	74	78369282	
-20650	15	-4368	-243	187	695	-16	164	80	75	371	75	78369282	
-20472	525	-3928	-399	172	857	-17	164	76	76	376	76	78369283	
-20478	812	-3855	-124	132	937	-19	163	71	77	381	77	78369283	
-20555	824	-4174	293	235	995	-20	161	73	78	386	78	78369296	
-20610	621	-4223	552	486	1031	-22	158	76	79	391	79	78369317	
-20531	334	-4073	796	728	1073	-23	161	74	80	396	80	78369319	
-20328	2	-3778	1121	891	1147	-24	166	72	81	401	81	78369320	
-20160	-335	-3613	1360	933	1247	-21	163	75	82	406	82	78369320	
-20101	-755	-3885	1467	936	1347	-16	158	80	83	411	83	78369320	
-20044	-1273	-4148	1479	1063	1413	-17	157	78	84	416	84	78369320	
-20082	-1697	-3994	1499	1180	1455	-18	156	74	85	421	85	78369321	
-20236	-2250	-3850	1533	1284	1528	-19	156	75	86	426	86	78369321	
-20258	-2893	-3682	1402	1509	1560	-21	155	77	87	431	87	78369321	
-20160	-3411	-3140	1043	1850	1461	-20	156	78	88	436	88	78369324	
-19979	-3785	-2620	750	2139	1341	-18	158	80	89	441	89	78369347	
-19848	-4114	-2669	684	2340	1272	-22	156	76	90	446	90	78369375	
-19604	-4399	-3136	444	2623	1102	-29	153	71	91	451	91	78369375	
-19189	-4606	-3191	-294	3036	747	-27	153	73	92	456	92	78369376	
-18784	-4783	-3288	-1102	3332	356	-25	153	75	93	461	93	78369376	
-18136	-5167	-3479	-1609	3537	57	-24	152	73	94	466	94	78369376	
-17447	-5386	-3503	-2237	3561	-155	-23	151	71	95	471	95	78369377	
-16726	-5194	-2852	-3277	3432	-325	-21	151	75	96	476	96	78369392	
-16052	-4654	-1982	-4448	3263	-475	-19	151	77	97	481	97	78369409	
-15629	-3965	-1179	-5432	2959	-596	-22	152	78	98	486	98	78369413	
-15375	-3319	-658	-6290	2526	-670	-24	152	78	99	491	99	78369413	
-15234	-2299	-469	-7247	2144	-805	-19	150	76	100	496	100	78369413	
-15102	-963	-755	-7694	1923	-934	-17	149	75	101	501	101	78369413	
-14978	170	-1275	-7285	1699	-904	-21	147	74	102	506	102	78369413	
-14912	664	-2332	-6167	1406	-730	-22	146	74	103	511	103	78369413	
-15030	531	-3174	-5607	1002	-620	-17	146	76	104	516	104	78369413	
-15312	275	-3040	-5340	712	-732	-16	146	76	105	521	105	78369419	
-15523	-25	-2929	-4799	491	-692	-15	147	75	106	526	106	78369440	
-15614	-302	-3212	-4089	354	-513	-15	147	75	107	531	107	78369450	
-15369	-380	-3873	-3576	371	-346	-16	149	73	108	536	108	78369450	
-14985	-190	-4008	-3692	238	-355	-16	150	72	109	541	109	78369450	
-14976	37	-4310	-3642	-82	-388	-16	147	75	110	546	110	78369450	
-15013	-144	-4935	-3181	-311	-388	-16	146	76	111	551	111	78369450	
-14813	-525	-5216	-2645	-335	-416	-14	144	79	112	556	112	78369450	
-14666	-678	-4980	-2516	-460	-431	-14	144	80	113	561	113	78369459	
-14733	-757	-4483	-2749	-746	-327	-14	144	77	114	566	114	78369483	
-14938	-769	-4221	-3059	-903	-200	-14	144	76	115	571	115	78369489	
-15067	-328	-3892	-3900	-847	-82	-16	142	81	116	576	116	78369489	
-14712	1176	-3396	-4989	-742	107	-16	142	82	117	581	117	78369489	
-14216	2090	-3712	-4333	-1105	429	-13	141	81	118	586	118	78369489	
-13830	1944	-4858	-2772	-1592	681	-13	141	81	119	591	119	78369489	
-13490	1098	-5756	-1802	-1797	708	-17	137	81	120	596	120	78369489	
-13530	252	-4812	-1789	-1788	470	-17	137	81	121	601	121	78369531	
-13974	-326	-3124	-1777	-1877	377	-17	141	81	122	606	122	78369531	
-14376	-826	-2562	-1028	-1905	623	-17	141	81	123	611	123	78369531	
-14238	-1390	-3714	94	-1585	917	-14	138	82	124	616	124	78369532	
-13392	-2005	-4681	772	-1094	1081	-14	138	81	125	621	125	78369532	
-12743	-2276	-4772	675	-1119	1107	-15	137	79	126	626	126	78369532	
-12681	-2067	-4404	449	-1487	1114	-14	136	80	127	631	127	78369532	
-12955	-1946	-3826	492	-1877	1127	-9	131	83	128	636	128	78369540	
-13116	-1798	-3164	523	-2147	1089	-10	132	83	129	641	129	78369573	
-13295	-1663	-3063	446	-2354	1023	-15	137	83	130	646	130	78369574	
-13310	-1666	-3370	424	-2513	964	-15	137	83	131	651	131	78369574	
-13368	-1596	-3356	489	-2748	972	-14	138	84	132	656	132	78369575	
-13390	-1332	-3358	440	-3085	1070	-14	138	84	133	661	133	78369575	
-13527	-692	-3255	-20	-3484	1216	-9	135	85	134	666	134	78369577	
-13464	-251	-2568	-703	-3651	1302	-10	135	85	135	671	135	78369577	
-13496	553	-986	-1571	-3732	1364	-14	134	86	136	676	136	78369584	
-13767	1249	-76	-2087	-3807	1578	-14	133	85	137	681	137	78369610	
-13526	1658	-991	-1967	-3670	1928	-15	129	79	138	686	138	78369611	
-12886	1978	-2283	-1371	-3645	2392	-15	131	81	139	691	139	78369612	
-12658	2125	-2222	-785	-4051	2782	-16	140	88	140	696	140	78369612	
-13136	2014	-2064	-742	-4733	2893	-16	139	87	141	701	141	78369612	
-14079	1636	-2122	-1086	-5117	2731	-15	137	85	142	706	142	78369612	
-14632	1515	-1594	-1242	-4794	2587	-13	135	86	143	711	143	78369612	
-14592	1360	-1384	-770	-4164	2534	-9	131	87	144	716	144	78369612	
-14231	932	-2060	277	-3927	2603	-9	129	88	145	721	145	78369615	
-14229	482	-2790	1122	-4283	2704	-8	126	90	146	726	146	78369633	
-14546	190	-3631	1504	-4797	2709	-11	130	91	147	731	147	78369653	
-14694	-47	-3943	1831	-5110	2656	-16	136	92	148	736	148	78369653	
-14797	-301	-3059	2151	-5483	2661	-14	134	92	149	741	149	78369654	
-15350	-333	-1480	2139	-6174	2704	-10	130	92	150	746	150	78369655	
-16006	-5	-728	2043	-6676	2719	-12	129	90	151	751	151	78369655	
-16214	350	-1006	2165	-6943	2746	-13	129	89	152	756	152	78369655	
-16693	833	-1392	2060	-7180	2825	-11	130	91	153	761	153	78369672	
-17590	1504	-1707	2009	-7495	2945	-9	131	93	154	766	154	78369684	
-18195	1998	-2048	2591	-7766	3170	-15	132	91	155	771	155	78369684	
-18722	2112	-2367	3407	-7961	3510	-20	132	88	156	776	156	78369684	
-19723	2272	-2066	3524	-7919	3850	-18	131	91	157	781	157	78369684	
-20696	3144	-1117	2499	-7229	4032	-15	129	95	158	786	158	78369684	
-20581	3248	-2040	1935	-6338	4007	-14	127	97	159	791	159	78369684	
-20104	2176	-3821	2431	-5948	3846	-14	126	98	160	796	160	78369691	
-19741	1019	-4134	3280	-5965	3834	-16	127	96	161	801	161	78369711	
-19216	224	-2994	4356	-5984	4109	-18	128	94	162	806	162	78369722	
-18578	-177	-1074	5447	-5952	4526	-17	128	96	163	811	163	78369722	
-18166	-346	361	5692	-5780	4857	-16	128	98	164	816	164	78369723	
-17422	-296	380	4854	-5225	4888	-12	126	97	165	821	165	78369723	
-16155	-308	-240	3777	-4845	4631	-10	124	96	166	826	166	78369724	
-14806	-86	168	2844	-5251	4286	-18	120	94	167	831	167	78369729	
-14325	657	1009	2515	-6022	4071	-21	119	93	168	836	168	78369759	
-14076	887	1655	2812	-6782	3983	-19	124	91	169	841	169	78369766	
-14330	549	2260	3015	-7439	3895	-19	125	91	170	846	170	78369766	
-14787	465	2319	2616	-7937	3744	-20	123	95	171	851	171	78369766	
-14645	1050	2091	2381	-8142	3670	-20	122	96	172	856	172	78369767	
-14328	1615	2184	2649	-8435	3708	-19	124	100	173	861	173	78369767	
-14318	1790	2182	2906	-9077	3693	-19	125	101	174	866	174	78369767	
-14942	1528	314	3028	-9505	3530	-12	130	104	175	871	175	78369776	
-14696	1288	-622	3135	-9244	3392	-12	130	104	176	876	176	78369804	
-14872	1094	-1668	3377	-9332	3435	-17	115	111	177	881	177	78369804	
-15276	860	-2596	3829	-9426	3566	-17	115	111	178	886	178	78369804	
-15320	788	-3530	4011	-9245	3625	-15	123	105	179	891	179	78369804	
-15390	1480	-4482	3709	-8967	3768	-15	123	105	180	896	180	78369804	
-15185	2247	-5064	3371	-8529	3963	-23	121	103	181	901	181	78369804	
-14695	2516	-4738	3357	-8260	4098	-25	121	103	182	906	182	78369804	
-14608	2582	-4584	3205	-8267	4231	-26	122	105	183	911	183	78369834	
-14436	2570	-5282	3002	-8120	4265	-26	122	106	184	916	184	78369842	
-14098	2998	-6122	3043	-7629	4177	-20	124	106	185	921	185	78369842	
-13942	2990	-6662	3489	-7226	4076	-20	124	106	186	926	186	78369842	
-13932	2586	-7286	3864	-6957	3891	-27	123	109	187	931	187	78369842	
-13920	2344	-8378	4060	-6380	3658	-27	123	109	188	936	188	78369842	
-13946	2564	-10116	4493	-5537	3439	-21	117	113	189	941	189	78369842	
-14120	2386	-12074	5124	-4656	3346	-21	117	113	190	946	190	78369842	
-14226	2094	-12358	5418	-3628	2974	-20	116	112	191	951	191	78369842	
-13229	2309	-10111	5315	-2456	2521	-19	117	111	192	956	192	78369938	
-11701	1816	-8122	6023	-1827	2439	-13	123	109	193	961	193	78369938	
-9640	-120	-5988	7126	-1485	2339	-15	123	110	194	966	194	78369938	
-7581	-2463	-3288	7229	-1609	1970	-22	124	112	195	971	195	78369939	
-6418	-3846	-749	5842	-2440	1486	-22	122	112	196	976	196	78369939	
-5991	-3384	632	3674	-3316	1133	-21	115	111	197	981	197	78369939	
-6541	-2222	1323	1969	-3744	819	-21	116	110	198	986	198	78369941	
-7607	-1402	1482	1341	-4205	720	-22	120	108	199	991	199	78369951	
-8638	-199	532	1249	-4899	887	-22	120	107	200	996	200	78369967	
-9888	1882	-1428	1183	-5691	1302	-22	120	102	201	1001	201	78369967	
-10980	4019	-3090	1002	-6233	1687	-24	118	106	202	1006	202	78369967	
-12086	5738	-4251	667	-6552	1980	-27	115	111	203	1011	203	78369967	
-13282	6870	-4932	435	-6660	2260	-27	116	111	204	1016	204	78369967	
-14462	7276	-5366	590	-6568	2727	-25	121	109	205	1021	205	78369967	
-15188	7120	-5457	866	-6325	3212	-24	120	111	206	1026	206	78369967	
-15617	6525	-5119	890	-6022	3552	-22	116	118	207	1031	207	78369967	
-15752	5793	-4873	823	-5631	3599	-22	117	117	208	1036	208	78369967	
-15232	4788	-4569	899	-5089	3328	-21	121	113	209	1041	209	78369967	
-14396	3792	-3734	1122	-4686	2958	-21	121	114	210	1046	210	78369968	
-13490	2867	-2550	1487	-4550	2597	-22	120	116	211	1051	211	78369972	
-12938	2231	-1836	2015	-4810	2378	-23	120	116	212	1056	212	78369989	
-12875	2018	-1509	2691	-5359	2375	-25	119	115	213	1061	213	78370008	
-13134	1900	-1250	3397	-5913	2461	-25	119	115	214	1066	214	78370008	
-13544	1747	-821	3930	-6257	2578	-24	120	114	215	1071	215	78370008	
-13978	1528	-370	4269	-6359	2688	-23	119	114	216	1076	216	78370009	
-14342	1286	-515	4649	-6386	2803	-21	117	115	217	1081	217	78370009	
-14835	1548	-869	5419	-6484	3042	-25	119	111	218	1086	218	78370009	
-15356	1923	-1295	6506	-6740	3363	-27	121	109	219	1091	219	78370009	
-15879	1880	-2000	7461	-7126	3683	-29	119	113	220	1096	220	78370009	
-16202	1354	-2644	7671	-7343	3830	-30	118	116	221	1101	221	78370009	
-16052	950	-2695	6790	-7276	3692	-26	117	118	222	1106	222	78370009	
-15516	901	-2174	5308	-7190	3404	-24	116	120	223	1111	223	78370009	
-14905	712	-1575	4029	-7309	3102	-26	117	118	224	1116	224	78370014	
-14405	-147	-1379	3168	-7454	2716	-28	118	116	225	1121	225	78370025	
-13974	-1482	-1448	2471	-7183	2218	-24	117	114	226	1126	226	78370047	
-13597	-2513	-882	1298	-6652	1606	-23	117	113	227	1131	227	78370053	
-13420	-3213	-172	96	-6328	1072	-26	115	120	228	1136	228	78370053	
-13458	-3845	81	-882	-6223	626	-28	114	124	229	1141	229	78370054	
-13722	-4236	-496	-1408	-6129	328	-28	113	123	230	1146	230	78370055	
-13866	-4256	-1649	-1677	-5811	236	-28	112	122	231	1151	231	78370056	
-13716	-3676	-2362	-1902	-5307	223	-26	116	120	232	1156	232	78370060	
-13615	-2676	-2298	-2079	-4928	255	-24	118	118	233	1161	233	78370080	
-13784	-1687	-2128	-2330	-5196	395	-27	120	120	234	1166	234	78370085	
-14149	-470	-1824	-2759	-5643	548	-28	120	120	235	1171	235	78370085	
-14627	941	-1380	-3027	-5985	663	-28	112	126	236	1176	236	78370085	
-14948	2017	-1177	-2959	-6332	895	-28	110	128	237	1181	237	78370085	
-15150	2529	-1054	-2859	-6725	1190	-29	116	132	238	1186	238	78370085	
-15068	2883	-1244	-3059	-7060	1476	-29	117	133	239	1191	239	78370086	
-14964	3336	-1290	-3675	-7191	1624	-27	115	128	240	1196	240	78370100	
-15048	3870	-1173	-4367	-7122	1623	-27	115	127	241	1201	241	78370119	
-15342	4316	-1200	-4616	-6726	1452	-22	120	130	242	1206	242	78370123	
-15344	4242	-1304	-4099	-6106	1240	-22	120	130	243	1211	243	78370123	
-14914	3844	-1070	-3254	-5506	1081	-32	116	126	244	1216	244	78370124	
-14666	3680	-902	-2466	-5188	899	-32	116	126	245	1221	245	78370130	
-14954	3644	-1080	-1761	-5199	622	-27	115	129	246	1226	246	78370130	
-15306	3490	-1470	-910	-5220	397	-27	115	129	247	1231	247	78370130	
-15334	3238	-1660	-88	-5056	223	-31	117	137	248	1236	248	78370168	
-15720	3194	-1538	438	-4731	-1	-31	117	137	249	1241	249	78370168	
-16370	3424	-651	859	-4321	-249	-28	116	134	250	1246	250	78370168	
-16670	3831	-61	1507	-3916	-351	-28	116	135	251	1251	251	78370168	
-16700	3948	234	2584	-3568	-321	-27	115	137	252	1256	252	78370168	
-16536	3540	454	3985	-3368	-221	-27	115	137	253	1261	253	78370168	
-16478	3580	826	4736	-3486	-138	-30	114	136	254	1266	254	78370168	
-16346	3720	962	5025	-3809	-112	-30	114	136	255	1271	255	78370168	
-16330	3510	960	5045	-4154	-92	-26	110	132	256	1276	256	78370198	
-16278	3266	696	4456	-4355	-190	-26	110	132	257	1281	257	78370209	
-16102	3150	466	3354	-4302	-368	-31	121	133	258	1286	258	78370209	
-15973	2865	560	2216	-4059	-591	-31	119	134	259	1291	259	78370210	
-15984	2545	663	1739	-3899	-671	-29	113	137	260	1296	260	78370210	
-15952	2084	648	1647	-3794	-657	-28	113	137	261	1301	261	78370210	
-16004	1353	472	1625	-3747	-624	-23	113	137	262	1306	262	78370211	
-16272	824	466	1308	-3725	-618	-24	114	137	263	1311	263	78370212	
-16686	645	397	790	-3691	-655	-30	116	136	264	1316	264	78370223	
-17076	478	225	420	-3528	-729	-30	117	136	265	1321	265	78370246	
-17446	198	8	400	-3085	-820	-30	122	136	266	1326	266	78370247	
-17635	-2	-414	640	-2298	-877	-31	118	134	267	1331	267	78370247	
-17591	-439	-668	965	-1423	-951	-32	112	130	268	1336	268	78370247	
-17402	-748	-648	1097	-561	-1008	-27	114	134	269	1341	269	78370248	
-17172	-546	-354	904	104	-999	-20	118	140	270	1346	270	78370248	
-16990	-4	-42	728	515	-947	-22	115	139	271	1351	271	78370248	
-16763	486	66	700	792	-875	-26	110	138	272	1356	272	78370263	
-16469	979	-17	660	1005	-787	-30	112	139	273	1361	273	78370284	
-16183	1476	-57	509	1091	-740	-35	115	141	274	1366	274	78370284	
-15969	1900	279	231	949	-719	-31	115	139	275	1371	275	78370284	
-15930	2416	762	-48	605	-633	-25	115	135	276	1376	276	78370284	
-15956	2851	949	-137	145	-466	-27	116	136	277	1381	277	78370284	
-15949	3132	846	-210	-310	-269	-29	117	137	278	1386	278	78370284	
-15965	3361	818	-552	-656	-123	-28	114	135	279	1391	279	78370287	
-15929	3706	926	-1210	-906	-59	-27	109	131	280	1396	280	78370305	
-15862	4129	1074	-2015	-1102	-76	-27	112	132	281	1401	281	78370324	
-15954	4525	1264	-2802	-1260	-171	-28	116	134	282	1406	282	78370325	
-16060	4787	1547	-3385	-1437	-268	-26	116	135	283	1411	283	78370326	
-16239	4828	1809	-3593	-1658	-355	-23	115	135	284	1416	284	78370326	
-16450	4800	1772	-3390	-1682	-447	-21	114	134	285	1421	285	78370327	
-16651	4626	1670	-2838	-1424	-546	-20	114	134	286	1426	286	78370327	
-16769	4371	1624	-2252	-968	-637	-20	116	134	287	1431	287	78370331	
-16681	4279	1581	-1826	-482	-747	-20	118	134	288	1436	288	78370350	
-16578	4349	1559	-1395	-115	-851	-23	120	139	289	1441	289	78370362	
-16583	4382	1516	-715	154	-880	-25	121	143	290	1446	290	78370362	
-16512	4171	1331	308	395	-834	-22	116	138	291	1451	291	78370362	
-16276	3642	1128	1618	632	-797	-20	112	134	292	1456	292	78370363	
-16088	3257	961	2455	823	-835	-27	113	136	293	1461	293	78370363	
-15920	3028	963	2780	997	-954	-29	113	137	294	1466	294	78370364	
-15820	2887	1162	2782	1122	-1126	-27	114	138	295	1471	295	78370369	
-15834	2878	1328	2653	1160	-1305	-26	114	138	296	1476	296	78370393	
-15932	2879	1670	2530	1090	-1484	-25	115	134	297	1481	297	78370399	
-16138	2905	1985	2548	929	-1603	-25	115	133	298	1486	298	78370399	
-16344	2911	2156	2752	807	-1633	-26	118	132	299	1491	299	78370399	
-16544	2853	2232	3169	718	-1558	-27	119	131	300	1496	300	78370399	
-16526	2888	2294	3472	692	-1368	-24	119	131	301	1501	301	78370399	
-16453	2820	2151	3641	627	-1158	-23	119	131	302	1506	302	78370399	
-16488	2562	2038	3702	475	-968	-21	117	134	303	1511	303	78370406	
-16386	2284	2150	3568	393	-801	-21	117	135	304	1516	304	78370430	
-16158	1878	2297	3315	382	-675	-22	116	134	305	1521	305	78370436	
-15932	1300	2537	2788	392	-624	-22	116	134	306	1526	306	78370436	
-15854	767	2702	1968	417	-687	-28	117	133	307	1531	307	78370436	
-15820	402	2853	1090	439	-825	-29	117	133	308	1536	308	78370436	
-15864	104	3064	241	418	-1050	-23	119	137	309	1541	309	78370437	
-15956	-66	2910	-191	281	-1238	-23	119	137	310	1546	310	78370437	
-16192	-148	2718	-403	165	-1382	-26	118	134	311	1551	311	78370464	
-16236	-264	2438	-448	108	-1492	-26	118	134	312	1556	312	78370474	
-16162	-322	2138	-466	-13	-1532	-26	124	128	313	1561	313	78370474	
-16250	-296	1862	-614	-242	-1546	-26	124	128	314	1566	314	78370474	
-16244	-120	1908	-958	-494	-1514	-24	120	128	315	1571	315	78370474	
-16348	272	1976	-1289	-784	-1468	-24	120	128	316	1576	316	78370474	
-16461	612	1929	-1585	-1103	-1364	-19	117	133	317	1581	317	78370476	
-16581	955	2040	-1912	-1255	-1286	-19	117	134	318	1586	318	78370488	
-16580	1366	2107	-2346	-1274	-1258	-17	117	139	319	1591	319	78370511	
-16471	1809	2026	-2704	-1252	-1245	-17	117	139	320	1596	320	78370511	
-16370	2132	1832	-2832	-1261	-1213	-19	117	137	321	1601	321	78370511	
-16332	2366	1574	-2804	-1303	-1174	-19	116	138	322	1606	322	78370511	
-16336	2428	1326	-2708	-1384	-1158	-18	114	140	323	1611	323	78370511	
-16308	2378	1096	-2595	-1475	-1128	-18	114	140	324	1616	324	78370512	
-16216	2241	997	-2565	-1604	-1087	-18	112	136	325	1621	325	78370517	
-16216	2074	958	-2610	-1714	-1055	-19	113	136	326	1626	326	78370541	
-16270	2009	959	-2612	-1797	-1023	-24	118	134	327	1631	327	78370549	
-16387	1938	993	-2520	-1817	-992	-24	119	136	328	1636	328	78370549	
-16405	1954	956	-2319	-1819	-942	-24	122	142	329	1641	329	78370549	
-16460	2067	1011	-1988	-1826	-881	-24	120	141	330	1646	330	78370549	
-16578	2162	1061	-1637	-1794	-830	-22	114	136	331	1651	331	78370549	
-16642	2185	908	-1189	-1682	-793	-23	115	135	332	1656	332	78370551	
-16630	2226	1080	-768	-1502	-754	-25	121	133	333	1661	333	78370564	
-16596	2234	1047	-478	-1320	-722	-21	118	136	334	1666	334	78370586	
-16578	2176	1268	-380	-1219	-728	-14	114	140	335	1671	335	78370586	
-16518	2034	1522	-411	-1192	-746	-16	114	138	336	1676	336	78370587	
-16454	1874	1609	-497	-1248	-751	-20	114	134	337	1681	337	78370587	
-16471	1718	1731	-627	-1350	-760	-21	116	136	338	1686	338	78370587	
-16510	1601	1812	-793	-1409	-780	-23	119	139	339	1691	339	78370594	
-16459	1487	1915	-888	-1369	-794	-22	117	137	340	1696	340	78370603	
-16296	1334	2046	-836	-1284	-790	-20	114	134	341	1701	341	78370614	
-16074	1080	2056	-620	-1231	-777	-20	115	134	342	1706	342	78370628	
-15937	824	1912	-433	-1235	-764	-19	115	133	343	1711	343	78370628	
-15881	842	1908	-508	-1265	-749	-17	118	135	344	1716	344	78370628	
-15909	937	2228	-676	-1318	-764	-16	120	136	345	1721	345	78370628	
-16121	927	2427	-750	-1413	-811	-18	119	138	346	1726	346	78370628	
-16380	977	2472	-718	-1501	-853	-19	119	139	347	1731	347	78370628	
-16628	1051	2604	-598	-1540	-868	-19	117	139	348	1736	348	78370643	
-16858	1073	2734	-391	-1526	-848	-18	114	140	349	1741	349	78370665	
-17026	1066	2607	-189	-1454	-812	-20	115	138	350	1746	350	78370665	
-17036	1024	2360	-58	-1252	-772	-21	115	135	351	1751	351	78370665	
-16817	988	2171	-33	-988	-753	-17	116	136	352	1756	352	78370665	
-16579	1026	2162	-117	-786	-760	-14	116	136	353	1761	353	78370665	
-16322	1137	2251	-254	-766	-764	-16	115	137	354	1766	354	78370666	
-16077	1344	2273	-359	-930	-727	-18	114	138	355	1771	355	78370666	
-16051	1623	2180	-351	-1149	-649	-16	115	137	356	1776	356	78370689	
-16020	1832	1910	-265	-1319	-549	-15	115	137	357	1781	357	78370704	
-16021	2209	1817	-188	-1482	-446	-17	112	142	358	1786	358	78370704	
-16068	2607	1916	-19	-1709	-358	-17	111	143	359	1791	359	78370705	
-16090	2798	1893	398	-1927	-208	-22	116	138	360	1796	360	78370705	
-16112	2866	1845	892	-2093	-37	-23	117	137	361	1801	361	78370705	
-16100	2855	1775	1251	-2211	65	-22	121	138	362	1806	362	78370705	
-16080	2829	1733	1350	-2377	86	-22	122	138	363	1811	363	78370711	
-16196	2805	1897	1257	-2595	45	-20	120	135	364	1816	364	78370743	
-16498	2779	1911	1174	-2768	-35	-20	120	134	365	1821	365	78370752	
-16801	2497	2109	1205	-2784	-142	-20	120	139	366	1826	366	78370752	
-17228	2126	2234	1387	-2634	-279	-20	120	140	367	1831	367	78370752	
-17404	1800	2424	1674	-2357	-393	-21	121	135	368	1836	368	78370752	
-17446	1296	2492	2031	-1985	-473	-21	121	135	369	1841	369	78370752	
-17420	734	2458	2263	-1574	-554	-17	119	147	370	1846	370	78370752	
-17178	236	2434	2405	-1077	-645	-17	119	147	371	1851	371	78370779	
-16910	-186	2376	2463	-684	-721	-21	120	143	372	1856	372	78370779	
-16538	-513	2393	2384	-287	-806	-22	120	142	373	1861	373	78370779	
-16162	-667	2405	2074	-17	-897	-22	123	136	374	1866	374	78370779	
-15944	-720	2536	1469	37	-968	-22	124	134	375	1871	375	78370779	
-15958	-592	2682	827	-131	-923	-17	117	135	376	1876	376	78370779	
-16062	-480	2650	322	-372	-824	-17	117	135	377	1881	377	78370779	
-16192	-330	2532	99	-584	-654	-21	113	143	378	1886	378	78370780	
-16418	-320	2232	-15	-697	-472	-21	113	143	379	1891	379	78370780	
-16596	-210	1886	-144	-736	-300	-14	120	134	380	1896	380	78370810	
-16800	-290	1668	-401	-747	-185	-14	120	134	381	1901	381	78370820	
-16964	-128	1570	-793	-739	-163	-17	119	139	382	1906	382	78370820	
-17146	38	1706	-1230	-652	-177	-17	119	139	383	1911	383	78370820	
-17207	74	1862	-1643	-482	-227	-20	118	138	384	1916	384	78370820	
-17268	158	1716	-1856	-306	-278	-18	117	139	385	1921	385	78370820	
-17260	196	1503	-1959	-41	-353	-12	114	142	386	1926	386	78370822	
-17168	258	1486	-2022	327	-442	-13	114	142	387	1931	387	78370835	
