-15770	-5364	-490	773	-1162	-22	78	148	40	1	1	1	84992687	
-15666	-5880	-214	499	-1204	-13	75	157	35	2	6	2	84992704	
-15584	-6328	-168	76	-1275	-74	75	157	35	3	11	3	84992704	
-15696	-6832	-300	-421	-1329	-123	70	150	40	4	16	4	84992704	
-15904	-7092	-418	-998	-1381	-192	70	150	40	5	21	5	84992704	
-16038	-7262	-534	-1670	-1434	-262	75	153	39	6	26	6	84992704	
-16112	-7412	-782	-2397	-1472	-403	75	153	39	7	31	7	84992704	
-16226	-7320	-958	-3023	-1480	-575	75	151	39	8	36	8	84992705	
-16112	-7408	-1220	-3691	-1524	-823	74	151	39	9	41	9	84992734	
-16119	-7516	-1309	-4133	-1678	-1089	71	153	39	10	46	10	84992742	
-16301	-7681	-1548	-4378	-1820	-1362	71	153	38	11	51	11	84992742	
-16447	-7899	-1890	-4580	-1901	-1650	72	152	36	12	56	12	84992742	
-16508	-8110	-1950	-4872	-1963	-1980	73	152	35	13	61	13	84992742	
-16526	-8279	-1981	-5159	-1996	-2383	76	154	32	14	66	14	84992742	
-16564	-8496	-1888	-5366	-2003	-2786	76	154	32	15	71	15	84992742	
-16536	-8648	-1926	-5466	-2036	-3260	74	150	36	16	76	16	84992750	
-16694	-9022	-1952	-5496	-2063	-3699	74	150	36	17	81	17	84992779	
-16648	-9491	-1882	-5629	-2060	-4202	77	151	35	18	86	18	84992779	
-16762	-9754	-1878	-5754	-1985	-4691	77	149	35	19	91	19	84992780	
-17027	-9946	-1877	-5755	-1877	-5219	75	139	35	20	96	20	84992780	
-17069	-10182	-1908	-5654	-1854	-5684	76	140	35	21	101	21	84992780	
-17102	-10444	-1824	-5524	-1923	-6046	78	144	36	22	106	22	84992780	
-17164	-10786	-1967	-5281	-1956	-6358	79	145	35	23	111	23	84992782	
-17253	-10857	-2170	-4967	-1946	-6723	83	149	31	24	116	24	84992793	
-17520	-10949	-2427	-4627	-1929	-7215	82	148	32	25	121	25	84992818	
-17417	-11396	-2800	-4406	-2084	-7299	78	144	34	26	126	26	84992819	
-17321	-11626	-3041	-4329	-2220	-7334	81	143	33	27	131	27	84992821	
-17544	-11768	-3272	-3964	-1993	-7976	86	142	32	28	136	28	84992822	
-17542	-11884	-3384	-3543	-1824	-8505	85	143	32	29	141	29	84992823	
-17517	-12070	-3468	-3188	-1666	-8899	84	144	32	30	146	30	84992823	
-17678	-12284	-3490	-2943	-1468	-9513	84	144	33	31	151	31	84992835	
-17582	-12701	-3357	-2591	-1208	-10229	84	144	34	32	156	32	84992854	
-17664	-13076	-3100	-2052	-925	-11176	85	145	34	33	161	33	84992854	
-17804	-13585	-2973	-1353	-767	-12074	87	147	33	34	166	34	84992854	
-17840	-14132	-2713	-693	-485	-12792	87	141	32	35	171	35	84992854	
-17839	-14623	-2394	-237	-86	-13578	87	137	31	36	176	36	84992855	
-17926	-14975	-2106	59	279	-14527	88	132	35	37	181	37	84992855	
-18072	-15216	-1871	288	567	-15430	89	129	37	38	186	38	84992870	
-18190	-15429	-1731	479	822	-16107	90	131	33	39	191	39	84992890	
-18254	-15742	-1644	633	1106	-16729	91	133	29	40	196	40	84992900	
-18245	-16147	-1593	735	1451	-17470	90	132	32	41	201	41	84992900	
-18251	-16496	-1639	741	1829	-18342	88	130	36	42	206	42	84992900	
-18299	-16854	-1843	639	2163	-19184	90	129	32	43	211	43	84992900	
-18411	-17116	-2096	440	2460	-19866	91	129	29	44	216	44	84992900	
-18542	-17354	-2307	204	2756	-20465	95	124	30	45	221	45	84992900	
-18638	-17678	-2358	-6	3050	-21044	98	120	30	46	226	46	84992938	
-18858	-18021	-2526	-202	3361	-21679	98	121	31	47	231	47	84992976	
-19215	-18369	-2797	-404	3667	-22353	98	122	32	48	236	48	84992985	
-19563	-18620	-3075	-601	3949	-22987	99	118	35	49	241	49	84992985	
-19862	-18790	-3186	-789	4248	-23587	99	115	37	50	246	50	84992985	
-20122	-18853	-3161	-1043	4671	-24295	101	111	33	51	251	51	84992985	
-20362	-18846	-3213	-1353	5067	-24967	101	109	31	52	256	52	84992985	
-20436	-18804	-3191	-1652	5410	-25577	104	107	28	53	261	53	84992985	
-20450	-18660	-3009	-1942	5728	-26159	105	107	27	54	266	54	84992985	
-20423	-18463	-2724	-2242	6065	-26785	110	102	29	55	271	55	84992991	
-20381	-18400	-2371	-2502	6424	-27462	111	101	29	56	276	56	84993016	
-20364	-18253	-1775	-2658	6736	-28107	112	89	25	57	281	57	84993022	
-20343	-18090	-1146	-2646	6986	-28677	112	86	24	58	286	58	84993022	
-20316	-18072	-694	-2483	7203	-29310	111	93	23	59	291	59	84993022	
-20292	-18286	-300	-2352	7352	-29856	111	93	23	60	296	60	84993023	
-20306	-18438	-50	-2310	7523	-30473	117	79	23	61	301	61	84993023	
-20388	-18810	42	-2299	7648	-31094	117	79	23	62	306	62	84993023	
-20412	-19202	-230	-2317	7735	-31670	114	86	22	63	311	63	84993023	
-19795	-19522	-488	-2474	7776	-32066	114	86	22	64	316	64	84993023	
-18531	-19735	-551	-2651	7728	-32256	113	82	24	65	321	65	84993023	
-19508	-20068	-861	-2712	7236	-32452	113	81	25	66	326	66	84993023	
-21053	-20472	-1656	-2732	6972	-32713	115	71	19	67	331	67	84993023	
-21778	-20510	-2114	-3264	7332	-32768	116	68	18	68	336	68	84993024	
-21400	-20412	-2170	-4052	7648	-32768	124	62	14	69	341	69	84993032	
-21328	-20126	-2176	-4625	7725	-32768	124	62	14	70	346	70	84993032	
-21452	-19620	-1954	-4933	7657	-32768	115	53	21	71	351	71	84993032	
-21174	-19398	-1766	-5291	7624	-32768	115	53	21	72	356	72	84993067	
-20872	-19006	-1358	-5749	7753	-32768	123	51	11	73	361	73	84993067	
-20818	-18502	-896	-5917	7683	-32768	123	51	11	74	366	74	84993067	
-20486	-18140	-552	-5544	7575	-32768	119	43	11	75	371	75	84993067	
-19805	-18344	-431	-5024	7348	-32768	120	41	11	76	376	76	84993067	
-19241	-18529	-272	-4949	7061	-32768	123	35	9	77	381	77	84993067	
-18614	-18910	-200	-4951	6826	-32768	123	34	10	78	386	78	84993067	
-18109	-18998	-232	-5002	6695	-32768	124	30	12	79	391	79	84993077	
-17884	-18790	-350	-5164	6539	-32768	123	29	12	80	396	80	84993116	
-17366	-18666	-412	-5292	6359	-32768	121	25	11	81	401	81	84993116	
-16626	-19137	-460	-5405	6285	-32768	119	22	12	82	406	82	84993116	
-16538	-19407	-436	-5628	6357	-32768	110	12	16	83	411	83	84993117	
-16355	-19239	-515	-5646	6399	-32768	112	10	14	84	416	84	84993117	
-15757	-18610	-655	-5687	6381	-32768	118	2	6	85	421	85	84993117	
-15181	-17935	-688	-5935	6328	-32768	115	1	6	86	426	86	84993118	
-14688	-17401	-447	-6063	6172	-32768	111	-1	5	87	431	87	84993120	
-14300	-17112	-287	-5946	5888	-32768	110	-3	4	88	436	88	84993132	
-14160	-17151	-233	-5470	5386	-32768	108	-10	-2	89	441	89	84993159	
-13642	-17210	-602	-4907	4711	-32768	109	-11	-2	90	446	90	84993163	
-12740	-17054	-644	-5300	4337	-32768	112	-16	-2	91	451	91	84993164	
-12354	-17410	-348	-6058	4131	-32768	110	-18	-2	92	456	92	84993166	
-11620	-17546	-575	-6237	3611	-32768	102	-22	-2	93	461	93	84993167	
-11002	-17398	-890	-6565	3387	-32768	102	-26	-2	94	466	94	84993167	
-10336	-17362	-906	-7184	3424	-32768	101	-31	-3	95	471	95	84993167	
-9753	-17174	-755	-7780	3591	-32768	97	-35	-5	96	476	96	84993167	
-9272	-16706	-523	-7887	3646	-32768	91	-41	-7	97	481	97	84993168	
-8885	-16118	-542	-7556	3460	-32768	93	-42	-7	98	486	98	84993177	
-8496	-15611	-681	-7317	3234	-32768	97	-43	-7	99	491	99	84993190	
-8144	-15196	-573	-7413	3239	-32768	93	-46	-6	100	496	100	84993190	
-7733	-14943	-65	-7604	3417	-32768	87	-51	-5	101	501	101	84993191	
-7329	-14767	90	-7623	3402	-32768	86	-55	-7	102	506	102	84993191	
-7136	-14473	-102	-7620	3233	-32768	86	-58	-8	103	511	103	84993191	
-7040	-14069	-189	-7932	3172	-32768	79	-60	-9	104	516	104	84993191	
-6909	-13943	29	-8793	3302	-32768	74	-62	-10	105	521	105	84993191	
-6676	-13759	538	-10073	3477	-32768	75	-66	-12	106	526	106	84993208	
-6194	-13455	750	-11265	3648	-32768	75	-69	-13	107	531	107	84993225	
-5592	-13256	754	-12265	3803	-32768	65	-73	-15	108	536	108	84993228	
-4786	-13280	798	-13479	4031	-32768	58	-76	-16	109	541	109	84993228	
-3966	-13639	1069	-14465	4361	-32768	56	-79	-16	110	546	110	84993228	
-3386	-14229	1305	-14892	4619	-32768	56	-80	-16	111	551	111	84993228	
-3007	-14299	1309	-14611	4708	-32768	51	-85	-19	112	556	112	84993228	
-2762	-13672	830	-13759	4671	-32768	48	-88	-20	113	561	113	84993233	
-2438	-12672	79	-12781	4632	-32768	44	-86	-18	114	566	114	84993254	
-1970	-11718	-496	-12368	4809	-32768	41	-85	-17	115	571	115	84993266	
-1450	-10956	-496	-12399	5142	-32768	40	-95	-12	116	576	116	84993266	
-743	-10001	-378	-11862	5384	-32768	40	-102	-8	117	581	117	84993266	
-247	-8727	-698	-10229	5281	-32768	32	-102	-14	118	586	118	84993266	
180	-7804	-1522	-8460	5014	-32768	30	-102	-16	119	591	119	84993267	
642	-7662	-1761	-7584	4935	-32768	26	-100	-14	120	596	120	84993267	
978	-8258	-699	-7313	5005	-32768	25	-99	-13	121	601	121	84993296	
1028	-8878	-132	-6540	4717	-32768	15	-102	-15	122	606	122	84993303	
800	-8921	-791	-4945	4011	-32768	13	-103	-15	123	611	123	84993303	
606	-8606	-1388	-3462	3504	-32768	7	-109	-17	124	616	124	84993303	
633	-8260	-1503	-2967	3741	-32768	6	-110	-18	125	621	125	84993303	
1054	-8004	-1354	-3597	4400	-32768	-5	-105	-17	126	626	126	84993303	
1792	-7792	-1042	-4365	4553	-32768	-5	-105	-17	127	631	127	84993303	
2462	-7376	-1076	-4443	4380	-32768	-5	-113	-19	128	636	128	84993312	
2996	-6396	-1206	-3903	4287	-32768	-5	-113	-19	129	641	129	84993347	
3534	-5250	-1472	-3434	4443	-32768	-14	-110	-16	130	646	130	84993350	
4296	-4324	-1328	-3508	4477	-32768	-14	-110	-16	131	651	131	84993351	
4694	-3506	-1310	-3562	4274	-32768	-21	-117	-21	132	656	132	84993351	
5112	-2930	-1260	-2995	4010	-32768	-21	-117	-21	133	661	133	84993351	
5505	-2804	-1212	-2130	3388	-32768	-27	-119	-21	134	666	134	84993351	
5692	-3222	-1117	-1779	2652	-32768	-29	-117	-20	135	671	135	84993354	
5767	-3619	-1267	-1704	1866	-32768	-36	-110	-18	136	676	136	84993367	
5714	-3956	-1322	-1697	1140	-32768	-36	-110	-18	137	681	137	84993369	
5502	-4482	-1454	-1953	367	-32257	-43	-111	-21	138	686	138	84993369	
5346	-4348	-1196	-2425	3	-31700	-43	-111	-21	139	691	139	84993369	
5202	-3782	-1618	-2745	81	-31237	-41	-109	-19	140	696	140	84993370	
5078	-3108	-2244	-3252	203	-30962	-41	-109	-19	141	701	141	84993370	
5098	-2166	-2040	-4015	326	-30819	-49	-111	-15	142	706	142	84993370	
5401	-1149	-2505	-4395	480	-30633	-51	-111	-15	143	711	143	84993388	
5720	-443	-2706	-4288	1016	-30413	-57	-109	-15	144	716	144	84993419	
6136	226	-2411	-4069	1827	-30156	-58	-108	-14	145	721	145	84993419	
6726	855	-2023	-4232	2169	-29856	-62	-106	-12	146	726	146	84993420	
7318	1226	-1842	-4873	2161	-29508	-64	-106	-13	147	731	147	84993420	
7999	1492	-1635	-5700	2101	-29098	-70	-104	-18	148	736	148	84993420	
8468	1759	-1555	-6295	1903	-28626	-71	-105	-18	149	741	149	84993420	
8888	2011	-1596	-6595	1563	-28016	-77	-107	-17	150	746	150	84993430	
9168	2082	-1916	-7065	991	-27322	-79	-106	-17	151	751	151	84993458	
9072	2060	-2042	-7594	437	-26738	-82	-104	-16	152	756	152	84993458	
8742	2052	-2278	-7905	-16	-26057	-81	-104	-14	153	761	153	84993458	
8408	2088	-2733	-8092	-321	-25255	-79	-103	-11	154	766	154	84993459	
8188	2129	-3123	-8476	-507	-24481	-85	-100	-12	155	771	155	84993459	
8030	2403	-3196	-9060	-578	-23796	-94	-96	-14	156	776	156	84993465	
7966	2968	-3361	-9518	-575	-23148	-91	-96	-14	157	781	157	84993483	
8113	3668	-3620	-9900	-525	-22541	-87	-97	-15	158	786	158	84993497	
8467	4548	-4164	-10515	-346	-22018	-93	-96	-15	159	791	159	84993497	
8817	5632	-4608	-11115	39	-21658	-99	-95	-15	160	796	160	84993497	
9215	6612	-4724	-11443	456	-21279	-102	-93	-14	161	801	161	84993497	
9642	7403	-4693	-11532	712	-20677	-107	-89	-13	162	806	162	84993497	
9934	7846	-4606	-11156	793	-19909	-107	-90	-11	163	811	163	84993498	
10121	8070	-4455	-10273	893	-19163	-108	-92	-8	164	816	164	84993498	
10238	8058	-4280	-9281	1071	-18544	-109	-90	-9	165	821	165	84993498	
10444	7708	-4129	-8788	1141	-17905	-110	-86	-10	166	826	166	84993498	
10736	7189	-3862	-8994	889	-17094	-112	-87	-10	167	831	167	84993516	
10946	6890	-3400	-9178	659	-16304	-113	-87	-9	168	836	168	84993535	
11086	6977	-3327	-9148	477	-15609	-116	-85	-11	169	841	169	84993535	
11092	7225	-3514	-9261	162	-14917	-118	-84	-12	170	846	170	84993535	
11232	7438	-3947	-9570	-82	-14256	-118	-84	-11	171	851	171	84993535	
11275	7831	-3978	-10005	-194	-13652	-118	-84	-10	172	856	172	84993536	
11290	8164	-4012	-10026	-284	-12937	-122	-84	-6	173	861	173	84993536	
11431	8494	-4315	-9673	-337	-12189	-124	-84	-4	174	866	174	84993536	
11487	8919	-4556	-9331	-291	-11544	-123	-83	-4	175	871	175	84993551	
11663	9303	-4618	-8997	-217	-10831	-122	-82	-4	176	876	176	84993569	
11854	9777	-4620	-8472	-137	-10215	-124	-76	-8	177	881	177	84993572	
12081	10283	-4472	-7597	-78	-9622	-125	-75	-9	178	886	178	84993572	
12303	10746	-4452	-6548	-61	-9023	-125	-78	-3	179	891	179	84993572	
12391	10977	-4498	-5456	-133	-8442	-125	-79	-1	180	896	180	84993572	
12706	11062	-4508	-4272	-226	-7745	-123	-82	1	181	901	181	84993572	
13137	10762	-4554	-3179	-426	-7040	-123	-83	1	182	906	182	84993579	
13285	10418	-4401	-2279	-1030	-6373	-123	-81	3	183	911	183	84993610	
13190	9856	-4450	-828	-1907	-5529	-123	-81	3	184	916	184	84993618	
12998	9711	-4743	185	-2177	-4947	-129	-82	6	185	921	185	84993620	
12808	9517	-5096	787	-2261	-4318	-130	-82	6	186	926	186	84993621	
12730	9239	-5298	865	-2289	-3729	-131	-80	0	187	931	187	84993622	
12898	8940	-5340	929	-2370	-3195	-131	-79	-1	188	936	188	84993624	
13088	8638	-5232	1221	-2583	-2700	-132	-78	-3	189	941	189	84993625	
13156	8453	-5359	1667	-2738	-2204	-132	-78	-4	190	946	190	84993645	
13223	8337	-5588	1796	-2731	-1746	-129	-73	-6	191	951	191	84993650	
13286	8340	-5718	1571	-2609	-1367	-128	-72	-6	192	956	192	84993651	
13360	8292	-5552	1393	-2557	-908	-125	-75	-3	193	961	193	84993651	
13286	8154	-5524	1557	-2604	-506	-125	-75	-3	194	966	194	84993651	
13184	8044	-5498	1743	-2472	-184	-129	-75	1	195	971	195	84993651	
12970	7998	-5552	1742	-2085	40	-129	-75	1	196	976	196	84993651	
12982	7772	-5458	1349	-1795	271	-130	-74	-2	197	981	197	84993658	
13098	7374	-5092	819	-1770	505	-130	-74	-2	198	986	198	84993688	
13142	6972	-4882	708	-1804	779	-131	-77	-3	199	991	199	84993688	
13110	6636	-4916	688	-1900	1002	-131	-77	-3	200	996	200	84993688	
12909	6453	-4966	198	-1955	1143	-134	-78	0	201	1001	201	84993688	
