-15010	-6944	-3262	1212	-402	559	39	201	-57	13991	69955	13991	75656195
-14888	-7016	-3216	1208	-389	549	41	195	-55	13992	69960	13992	75656196
-14894	-7120	-3202	1176	-381	538	41	195	-55	13993	69965	13993	75656196
-14846	-7180	-3120	1186	-377	523	41	195	-57	13994	69970	13994	75656198
-14812	-7202	-3086	1173	-377	489	41	195	-57	13995	69975	13995	75656198
-14748	-7156	-3076	1161	-377	480	38	200	-56	13996	69980	13996	75656211
-14712	-7296	-3050	1139	-387	472	38	200	-56	13997	69985	13997	75656211
-14698	-7324	-3064	1127	-394	440	37	197	-57	13998	69990	13998	75656245
-14684	-7336	-3008	1129	-396	421	37	197	-57	13999	69995	13999	75656247
-14698	-7420	-2977	1118	-387	386	37	197	-56	14000	70000	14000	75656249
-14712	-7504	-2946	1107	-377	351	37	197	-55	14001	70005	14001	75656250
-14744	-7536	-2914	1073	-365	330	40	200	-56	14002	70010	14002	75656254
-14784	-7594	-2886	987	-350	301	40	200	-56	14003	70015	14003	75656256
-14722	-7612	-2828	964	-355	286	44	194	-56	14004	70020	14004	75656257
-14788	-7636	-2938	922	-348	261	44	194	-56	14005	70025	14005	75656260
-14734	-7680	-2876	800	-345	244	46	196	-56	14006	70030	14006	75656260
-14866	-7694	-2798	669	-305	221	46	196	-56	14007	70035	14007	75656261
-14822	-7678	-2938	615	-304	217	41	201	-55	14008	70040	14008	75656261
-14812	-7646	-2874	588	-297	231	41	201	-55	14009	70045	14009	75656261
-14844	-7680	-2890	514	-300	217	40	202	-60	14010	70050	14010	75656262
-14954	-7646	-2724	499	-286	224	40	202	-60	14011	70055	14011	75656268
-14946	-7642	-2828	454	-275	235	43	201	-51	14012	70060	14012	75656271
-15018	-7592	-2972	333	-238	248	43	201	-51	14013	70065	14013	75656272
-14972	-7640	-2926	246	-179	247	43	201	-55	14014	70070	14014	75656272
-15006	-7620	-2848	214	-159	246	43	201	-55	14015	70075	14015	75656272
-14854	-7530	-2810	178	-155	242	44	200	-56	14016	70080	14016	75656273
-14872	-7502	-2772	163	-172	226	44	200	-56	14017	70085	14017	75656273
-14748	-7482	-2772	162	-182	222	37	205	-59	14018	70090	14018	75656292
-14726	-7420	-2842	136	-150	243	37	205	-59	14019	70095	14019	75656322
-14814	-7450	-2894	133	-135	246	45	199	-51	14020	70100	14020	75656324
-14720	-7472	-2916	133	-117	259	45	199	-51	14021	70105	14021	75656326
-14696	-7394	-2920	160	-95	242	44	196	-54	14022	70110	14022	75656328
-14638	-7468	-2884	173	-111	253	44	196	-54	14023	70115	14023	75656328
-14696	-7392	-2858	157	-89	257	44	200	-60	14024	70120	14024	75656329
-14552	-7444	-2836	133	-105	255	44	200	-60	14025	70125	14025	75656329
-14494	-7500	-2800	74	-95	248	45	197	-51	14026	70130	14026	75656330
-14500	-7472	-2866	48	-110	249	45	197	-51	14027	70135	14027	75656330
-14538	-7502	-2768	-39	-131	237	40	198	-54	14028	70140	14028	75656331
-14458	-7446	-2564	-143	-193	246	40	198	-54	14029	70145	14029	75656332
-14530	-7460	-2664	-183	-218	252	34	198	-50	14030	70150	14030	75656332
-14458	-7394	-2658	-277	-249	284	34	198	-50	14031	70155	14031	75656346
-14578	-7318	-2588	-363	-285	292	40	196	-56	14032	70160	14032	75656346
-14506	-7242	-2588	-401	-304	301	40	196	-56	14033	70165	14033	75656346
-14416	-7182	-2640	-456	-303	321	41	203	-53	14034	70170	14034	75656398
-14474	-7218	-2660	-487	-305	331	41	203	-53	14035	70175	14035	75656398
-14486	-7128	-2656	-506	-295	334	40	198	-56	14036	70180	14036	75656398
-14488	-7134	-2696	-516	-314	347	40	198	-56	14037	70185	14037	75656399
-14466	-7116	-2746	-528	-336	347	44	200	-48	14038	70190	14038	75656423
-14452	-7060	-2700	-549	-356	344	44	200	-48	14039	70195	14039	75656424
-14486	-7014	-2526	-531	-359	339	43	197	-59	14040	70200	14040	75656449
-14558	-7042	-2624	-467	-347	333	43	197	-59	14041	70205	14041	75656449
-14502	-7152	-2574	-401	-351	341	43	199	-53	14042	70210	14042	75656449
-14548	-7114	-2690	-355	-338	335	43	199	-53	14043	70215	14043	75656450
-14554	-7150	-2688	-319	-334	339	44	200	-54	14044	70220	14044	75656451
-14550	-7212	-2720	-317	-328	338	44	200	-54	14045	70225	14045	75656451
-14624	-7162	-2766	-336	-340	336	35	193	-61	14046	70230	14046	75656451
-14598	-7176	-2672	-357	-340	340	35	193	-61	14047	70235	14047	75656452
-14618	-7252	-2736	-359	-352	340	43	199	-51	14048	70240	14048	75656454
-14572	-7264	-2758	-363	-354	344	43	199	-51	14049	70245	14049	75656455
-14686	-7308	-2698	-380	-342	342	48	200	-54	14050	70250	14050	75656455
-14672	-7400	-2762	-430	-361	360	48	200	-54	14051	70255	14051	75656455
-14638	-7334	-2768	-458	-352	358	42	200	-50	14052	70260	14052	75656456
-14634	-7332	-2786	-503	-363	380	42	200	-50	14053	70265	14053	75656456
-14618	-7392	-2794	-526	-372	338	42	202	-56	14054	70270	14054	75656456
-14664	-7416	-2788	-535	-398	327	42	202	-56	14055	70275	14055	75656457
-14668	-7444	-2782	-540	-414	325	47	201	-53	14056	70280	14056	75656457
-14676	-7514	-2710	-581	-427	318	47	201	-53	14057	70285	14057	75656458
-14640	-7498	-2760	-634	-435	311	47	197	-51	14058	70290	14058	75656458
-14652	-7496	-2790	-669	-452	303	47	197	-51	14059	70295	14059	75656502
-14654	-7488	-2698	-745	-477	289	40	198	-56	14060	70300	14060	75656503
-14672	-7438	-2772	-817	-478	281	40	198	-56	14061	70305	14061	75656503
-14718	-7434	-2806	-836	-485	269	47	201	-53	14062	70310	14062	75656503
-14782	-7454	-2822	-856	-479	271	47	201	-53	14063	70315	14063	75656504
-14796	-7466	-2836	-890	-461	259	42	200	-54	14064	70320	14064	75656504
-14730	-7408	-2764	-908	-453	252	42	200	-54	14065	70325	14065	75656527
-14802	-7436	-2742	-963	-427	225	42	198	-56	14066	70330	14066	75656528
-14802	-7442	-2728	-996	-404	220	42	198	-56	14067	70335	14067	75656609
-14816	-7410	-2800	-1016	-394	201	41	199	-55	14068	70340	14068	75656609
-14782	-7362	-2816	-1042	-369	193	41	199	-55	14069	70345	14069	75656610
-14752	-7294	-2832	-1055	-375	171	40	198	-56	14070	70350	14070	75656611
-14766	-7348	-2874	-1053	-382	160	40	198	-56	14071	70355	14071	75656611
-14770	-7224	-2890	-1042	-390	153	41	195	-55	14072	70360	14072	75656612
-14778	-7220	-2876	-1015	-392	139	41	195	-55	14073	70365	14073	75656612
-14746	-7216	-2924	-981	-379	121	42	196	-54	14074	70370	14074	75656613
-14754	-7068	-2868	-961	-364	119	42	196	-54	14075	70375	14075	75656614
-14702	-7132	-2908	-926	-359	108	42	202	-60	14076	70380	14076	75656615
-14696	-7104	-2938	-884	-361	103	42	202	-60	14077	70385	14077	75656615
-14756	-7054	-2848	-865	-351	97	41	199	-53	14078	70390	14078	75656616
-14658	-7084	-2892	-831	-350	89	41	199	-53	14079	70395	14079	75656616
-14764	-7150	-2822	-776	-345	74	41	201	-55	14080	70400	14080	75656627
-14736	-7150	-2890	-760	-354	55	41	201	-55	14081	70405	14081	75656647
-14806	-7092	-2926	-738	-379	62	39	203	-53	14082	70410	14082	75656647
-14780	-7168	-2878	-734	-357	68	39	203	-53	14083	70415	14083	75656647
-14708	-7186	-2836	-720	-322	70	45	201	-57	14084	70420	14084	75656648
-14726	-7146	-2830	-695	-287	75	45	201	-57	14085	70425	14085	75656648
-14668	-7226	-2968	-651	-252	73	40	202	-54	14086	70430	14086	75656671
-14720	-7184	-2780	-641	-250	72	40	202	-54	14087	70435	14087	75656675
-14674	-7212	-2890	-656	-272	64	43	201	-59	14088	70440	14088	75656675
-14606	-7232	-2888	-670	-280	48	43	201	-59	14089	70445	14089	75656676
-14680	-7238	-2910	-686	-279	46	44	196	-52	14090	70450	14090	75656676
-14662	-7256	-2824	-699	-272	75	44	196	-52	14091	70455	14091	75656677
-14572	-7244	-2796	-726	-252	89	39	195	-53	14092	70460	14092	75656677
-14646	-7274	-2764	-744	-234	99	39	195	-53	14093	70465	14093	75656678
-14580	-7222	-2850	-766	-229	85	46	204	-60	14094	70470	14094	75656679
-14608	-7282	-2802	-809	-254	97	46	204	-60	14095	70475	14095	75656680
-14548	-7172	-2830	-861	-250	85	44	200	-50	14096	70480	14096	75656681
-14582	-7182	-2822	-868	-265	78	44	200	-50	14097	70485	14097	75656682
-14548	-7152	-2786	-871	-282	78	44	200	-54	14098	70490	14098	75656683
-14606	-7090	-2848	-830	-301	82	44	200	-54	14099	70495	14099	75656684
-14646	-7086	-2782	-811	-308	70	45	197	-55	14100	70500	14100	75656726
-14628	-7134	-2806	-760	-325	66	45	197	-55	14101	70505	14101	75656727
-14650	-7120	-2830	-701	-315	63	42	202	-60	14102	70510	14102	75656727
-14656	-7120	-2892	-681	-328	49	42	202	-60	14103	70515	14103	75656728
-14586	-6980	-2826	-630	-314	46	42	202	-54	14104	70520	14104	75656728
-14722	-7048	-2766	-591	-282	60	42	202	-54	14105	70525	14105	75656728
-14670	-7116	-2838	-568	-271	70	43	201	-53	14106	70530	14106	75656780
-14648	-7136	-2794	-544	-241	81	43	201	-53	14107	70535	14107	75656781
-14766	-7136	-2932	-487	-198	90	41	205	-55	14108	70540	14108	75656782
-14698	-7164	-2846	-465	-188	104	41	205	-55	14109	70545	14109	75656782
-14758	-7130	-2922	-448	-173	99	39	203	-57	14110	70550	14110	75656783
-14736	-7240	-2852	-427	-174	114	39	203	-57	14111	70555	14111	75656784
-14676	-7188	-2902	-422	-163	109	44	204	-56	14112	70560	14112	75656784
-14724	-7180	-2854	-420	-162	130	44	204	-56	14113	70565	14113	75656785
-14676	-7230	-2842	-415	-187	145	43	201	-55	14114	70570	14114	75656785
-14686	-7174	-2848	-407	-179	155	43	201	-55	14115	70575	14115	75656797
-14660	-7214	-2802	-381	-177	140	37	195	-49	14116	70580	14116	75656830
-14734	-7158	-2788	-347	-171	159	37	195	-49	14117	70585	14117	75656855
-14634	-7254	-2826	-286	-132	138	40	198	-52	14118	70590	14118	75656855
-14644	-7234	-2938	-269	-142	135	40	198	-52	14119	70595	14119	75656856
-14682	-7286	-2758	-261	-116	127	40	200	-60	14120	70600	14120	75656856
-14668	-7264	-2912	-257	-117	125	40	200	-60	14121	70605	14121	75656857
-14666	-7340	-2946	-273	-115	116	44	198	-48	14122	70610	14122	75656857
-14594	-7346	-2916	-305	-99	132	44	198	-48	14123	70615	14123	75656857
-14494	-7366	-2932	-357	-99	141	46	200	-54	14124	70620	14124	75656858
-14514	-7320	-2850	-376	-98	142	46	200	-54	14125	70625	14125	75656858
-14518	-7358	-2850	-395	-125	145	43	205	-61	14126	70630	14126	75656859
-14626	-7316	-2844	-401	-137	130	43	205	-61	14127	70635	14127	75656859
-14520	-7236	-2806	-400	-138	136	42	198	-54	14128	70640	14128	75656859
-14598	-7292	-2858	-372	-164	133	42	198	-54	14129	70645	14129	75656880
-14650	-7298	-2764	-332	-144	125	43	201	-59	14130	70650	14130	75656880
-14584	-7328	-2840	-315	-143	110	43	201	-59	14131	70655	14131	75656881
-14594	-7242	-2758	-322	-139	117	43	203	-51	14132	70660	14132	75656882
-14634	-7372	-2824	-362	-113	125	43	203	-51	14133	70665	14133	75656882
-14634	-7396	-2770	-404	-120	131	47	195	-55	14134	70670	14134	75656883
-14584	-7348	-2882	-427	-119	137	47	195	-55	14135	70675	14135	75656883
-14602	-7332	-2724	-486	-128	139	44	202	-52	14136	70680	14136	75656883
-14536	-7326	-2792	-535	-162	163	44	202	-52	14137	70685	14137	75656884
-14562	-7294	-2854	-538	-159	165	34	198	-56	14138	70690	14138	75656885
-14610	-7244	-2850	-523	-152	183	34	198	-56	14139	70695	14139	75656886
-14640	-7276	-2788	-507	-140	177	44	200	-50	14140	70700	14140	75656886
-14660	-7184	-2846	-493	-121	187	44	200	-50	14141	70705	14141	75656907
-14554	-7250	-2804	-463	-106	188	37	201	-55	14142	70710	14142	75656931
-14510	-7160	-2810	-435	-115	194	37	201	-55	14143	70715	14143	75656932
-14508	-7244	-2938	-426	-132	193	46	198	-54	14144	70720	14144	75656932
-14444	-7178	-2922	-387	-122	202	46	198	-54	14145	70725	14145	75656932
-14496	-7188	-2808	-368	-139	198	39	197	-57	14146	70730	14146	75656934
-14448	-7256	-2838	-351	-138	207	39	197	-57	14147	70735	14147	75656935
-14414	-7220	-2742	-375	-158	214	42	194	-54	14148	70740	14148	75656935
-14426	-7208	-2718	-393	-182	213	42	194	-54	14149	70745	14149	75656936
-14432	-7198	-2712	-399	-181	210	40	196	-56	14150	70750	14150	75656936
-14452	-7196	-2738	-407	-202	236	40	196	-56	14151	70755	14151	75656937
-14472	-7198	-2700	-380	-204	237	39	197	-53	14152	70760	14152	75657012
-14528	-7200	-2664	-345	-202	239	39	197	-53	14153	70765	14153	75657037
-14438	-7296	-2598	-326	-234	229	42	196	-56	14154	70770	14154	75657037
-14480	-7328	-2582	-323	-254	228	42	196	-56	14155	70775	14155	75657038
-14538	-7424	-2582	-316	-288	218	41	195	-53	14156	70780	14156	75657039
-14606	-7422	-2608	-318	-295	212	41	195	-53	14157	70785	14157	75657040
-14678	-7392	-2620	-368	-320	216	43	197	-53	14158	70790	14158	75657041
-14702	-7508	-2708	-427	-312	209	43	197	-53	14159	70795	14159	75657051
-14644	-7470	-2672	-467	-315	210	44	200	-56	14160	70800	14160	75657053
-14770	-7472	-2728	-542	-286	212	44	200	-56	14161	70805	14161	75657059
-14772	-7478	-2802	-612	-255	220	42	198	-56	14162	70810	14162	75657059
-14764	-7442	-2686	-635	-247	219	42	198	-56	14163	70815	14163	75657060
-14698	-7420	-2870	-680	-234	222	46	200	-56	14164	70820	14164	75657061
-14690	-7398	-2882	-713	-248	211	46	200	-56	14165	70825	14165	75657061
-14670	-7378	-2876	-721	-248	211	46	196	-58	14166	70830	14166	75657084
-14744	-7364	-2924	-698	-270	209	46	196	-58	14167	70835	14167	75657116
-14730	-7302	-2910	-658	-292	195	38	196	-58	14168	70840	14168	75657120
-14694	-7362	-2906	-627	-280	194	38	196	-58	14169	70845	14169	75657121
-14670	-7324	-2996	-597	-239	205	41	201	-53	14170	70850	14170	75657124
-14620	-7374	-2972	-587	-226	184	41	201	-53	14171	70855	14171	75657126
-14588	-7416	-2906	-580	-237	176	41	205	-57	14172	70860	14172	75657129
-14492	-7380	-2966	-582	-234	178	41	205	-57	14173	70865	14173	75657129
-14554	-7296	-3006	-596	-242	173	44	198	-56	14174	70870	14174	75657130
-14494	-7368	-2930	-613	-238	160	44	198	-56	14175	70875	14175	75657130
-14502	-7442	-2968	-631	-266	158	40	200	-54	14176	70880	14176	75657130
-14462	-7358	-2742	-669	-269	147	40	200	-54	14177	70885	14177	75657131
-14390	-7420	-2800	-717	-295	126	44	202	-54	14178	70890	14178	75657131
-14462	-7406	-2814	-743	-320	138	44	202	-54	14179	70895	14179	75657131
-14424	-7368	-2846	-805	-320	144	45	201	-55	14180	70900	14180	75657139
-14456	-7306	-2726	-843	-334	142	45	201	-55	14181	70905	14181	75657139
-14474	-7304	-2766	-845	-337	148	43	199	-51	14182	70910	14182	75657140
-14488	-7268	-2730	-869	-348	151	43	199	-51	14183	70915	14183	75657141
-14520	-7144	-2726	-899	-328	149	44	196	-52	14184	70920	14184	75657190
-14502	-7182	-2750	-893	-338	154	44	196	-52	14185	70925	14185	75657217
-14578	-7176	-2654	-883	-334	157	40	198	-54	14186	70930	14186	75657219
-14546	-7136	-2772	-857	-315	173	40	198	-54	14187	70935	14187	75657220
-14598	-7126	-2800	-861	-324	177	46	204	-54	14188	70940	14188	75657220
-14588	-7148	-2810	-819	-315	164	46	204	-54	14189	70945	14189	75657220
-14626	-7038	-2868	-783	-287	177	43	199	-53	14190	70950	14190	75657223
-14618	-7090	-2874	-713	-282	182	43	199	-53	14191	70955	14191	75657234
-14568	-7136	-2876	-691	-266	174	45	195	-51	14192	70960	14192	75657239
-14668	-7152	-2870	-667	-267	179	45	195	-51	14193	70965	14193	75657242
-14574	-7128	-2886	-662	-277	190	46	196	-52	14194	70970	14194	75657242
-14580	-7178	-2828	-669	-289	194	46	196	-52	14195	70975	14195	75657243
-14612	-7156	-2898	-654	-329	182	45	197	-53	14196	70980	14196	75657244
-14694	-7132	-2882	-644	-351	182	45	197	-53	14197	70985	14197	75657245
-14662	-7152	-2858	-647	-356	187	41	201	-59	14198	70990	14198	75657246
-14712	-7182	-2884	-614	-333	181	41	201	-59	14199	70995	14199	75657272
-14678	-7194	-2928	-565	-312	192	41	199	-57	14200	71000	14200	75657273
-14664	-7176	-2972	-541	-291	195	41	199	-57	14201	71005	14201	75657273
-14614	-7110	-2812	-473	-256	207	45	199	-57	14202	71010	14202	75657273
-14596	-7208	-2764	-409	-297	206	45	199	-57	14203	71015	14203	75657274
-14608	-7230	-2824	-365	-301	194	45	203	-55	14204	71020	14204	75657274
-14524	-7300	-2890	-322	-297	176	45	203	-55	14205	71025	14205	75657275
-14628	-7352	-2806	-328	-305	167	39	199	-53	14206	71030	14206	75657275
-14590	-7290	-2748	-337	-291	174	39	199	-53	14207	71035	14207	75657275
-14596	-7440	-2784	-339	-282	168	43	203	-51	14208	71040	14208	75657276
-14660	-7404	-2784	-357	-266	178	43	203	-51	14209	71045	14209	75657276
-14602	-7408	-2808	-396	-262	188	45	199	-53	14210	71050	14210	75657276
-14658	-7358	-2702	-418	-248	198	45	199	-53	14211	71055	14211	75657277
-14594	-7384	-2788	-442	-245	200	43	203	-51	14212	71060	14212	75657295
-14632	-7412	-2794	-473	-224	210	43	203	-51	14213	71065	14213	75657296
-14568	-7386	-2812	-495	-229	213	44	194	-56	14214	71070	14214	75657297
-14642	-7416	-2844	-495	-220	228	44	194	-56	14215	71075	14215	75657302
-14642	-7344	-2772	-499	-236	216	46	196	-54	14216	71080	14216	75657303
-14698	-7452	-2892	-502	-238	217	46	196	-54	14217	71085	14217	75657304
-14620	-7426	-2782	-536	-240	223	48	200	-52	14218	71090	14218	75657305
-14650	-7430	-2918	-575	-224	230	48	200	-52	14219	71095	14219	75657306
-14696	-7316	-2884	-597	-226	241	37	199	-51	14220	71100	14220	75657323
-14706	-7326	-2876	-573	-204	237	37	199	-51	14221	71105	14221	75657324
-14692	-7408	-2886	-496	-202	238	44	194	-54	14222	71110	14222	75657325
-14680	-7442	-2894	-491	-189	233	44	194	-54	14223	71115	14223	75657326
-14626	-7472	-2880	-553	-156	236	48	200	-52	14224	71120	14224	75657326
-14634	-7398	-2940	-591	-167	224	48	200	-52	14225	71125	14225	75657327
-14616	-7374	-2886	-594	-169	218	42	196	-52	14226	71130	14226	75657327
-14574	-7356	-2916	-588	-180	218	42	196	-52	14227	71135	14227	75657328
-14612	-7284	-2880	-589	-193	217	48	200	-50	14228	71140	14228	75657328
-14640	-7352	-2952	-607	-185	231	48	200	-50	14229	71145	14229	75657328
-14596	-7306	-2874	-598	-187	240	46	200	-52	14230	71150	14230	75657329
-14606	-7344	-2816	-614	-170	253	46	200	-52	14231	71155	14231	75657376
-14544	-7290	-2926	-618	-164	254	42	192	-56	14232	71160	14232	75657376
-14552	-7280	-2890	-617	-175	272	42	192	-56	14233	71165	14233	75657377
-14502	-7216	-2810	-587	-177	263	40	200	-56	14234	71170	14234	75657377
-14558	-7272	-2872	-587	-175	263	40	200	-56	14235	71175	14235	75657378
-14556	-7170	-2884	-593	-161	245	30	196	-50	14236	71180	14236	75657378
-14576	-7198	-2812	-589	-181	231	30	196	-50	14237	71185	14237	75657378
-14542	-7186	-2862	-571	-162	221	43	195	-53	14238	71190	14238	75657379
-14636	-7154	-2824	-565	-162	218	43	195	-53	14239	71195	14239	75657379
-14606	-7196	-2808	-531	-153	220	45	199	-59	14240	71200	14240	75657379
-14630	-7140	-2872	-488	-149	219	45	199	-59	14241	71205	14241	75657452
-14584	-7144	-2822	-469	-149	220	44	198	-52	14242	71210	14242	75657455
-14588	-7146	-2902	-444	-119	218	44	198	-52	14243	71215	14243	75657455
-14604	-7216	-2954	-435	-102	199	45	201	-57	14244	71220	14244	75657456
