-16364	3993	-266	4711	-403	4843	31	313	113	1	1	1	79041541	
-16278	3732	-445	4940	-328	4847	31	313	113	2	6	2	79041541	
-16298	3496	-459	5102	-276	4820	30	314	114	3	11	3	79041551	
-16424	3288	-578	5217	-268	4775	30	314	114	4	16	4	79041568	
-16486	3067	-706	5202	-280	4696	27	313	109	5	21	5	79041573	
-16575	2878	-876	5001	-254	4591	26	312	106	6	26	6	79041573	
-16750	2780	-989	4581	-79	4447	27	315	105	7	31	7	79041573	
-16898	2721	-1011	4062	232	4282	27	317	105	8	36	8	79041573	
-16932	2636	-908	3610	517	4107	27	316	107	9	41	9	79041574	
-16863	2482	-828	3223	666	3906	27	315	109	10	46	10	79041574	
-16791	2332	-1027	2853	633	3700	17	309	114	11	51	11	79041585	
-16706	2061	-1193	2385	536	3506	15	307	115	12	56	12	79041606	
-16705	1872	-1355	1927	458	3331	20	310	111	13	61	13	79041610	
-16666	1741	-1400	1471	391	3133	23	311	109	14	66	14	79041610	
-16588	1631	-1308	1080	361	2905	21	314	106	15	71	15	79041610	
-16509	1590	-1222	816	370	2663	20	316	104	16	76	16	79041610	
-16446	1603	-1116	663	406	2435	21	315	108	17	81	17	79041610	
-16287	1667	-913	585	467	2207	22	314	110	18	86	18	79041624	
-16190	1750	-654	575	503	2035	22	316	110	19	91	19	79041646	
-16191	1809	-458	504	503	1901	22	316	110	20	96	20	79041653	
-16123	1813	-385	321	473	1786	19	313	114	21	101	21	79041653	
-16086	1840	-322	-16	457	1661	18	312	116	22	106	22	79041654	
-16076	1888	-240	-508	459	1516	20	311	113	23	111	23	79041654	
-16071	1967	-201	-1046	470	1354	21	311	111	24	116	24	79041654	
-16014	2135	-206	-1537	498	1160	20	313	112	25	121	25	79041656	
-15915	2273	-115	-1937	533	925	20	314	112	26	126	26	79041678	
-15828	2458	-31	-2093	550	689	22	309	109	27	131	27	79041685	
-15730	2724	46	-2050	571	448	22	308	108	28	136	28	79041685	
-15638	2887	137	-1883	605	244	16	310	109	29	141	29	79041685	
-15582	3097	226	-1626	625	41	13	311	109	30	146	30	79041685	
-15564	3339	286	-1312	628	-156	18	309	108	31	151	31	79041685	
-15569	3530	251	-1008	601	-312	22	308	108	32	156	32	79041685	
-15602	3668	259	-733	540	-458	19	312	111	33	161	33	79041690	
-15632	3772	269	-494	470	-595	17	315	113	34	166	34	79041716	
-15630	3839	261	-253	372	-740	19	313	111	35	171	35	79041731	
-15636	3851	345	0	271	-869	20	312	110	36	176	36	79041731	
-15681	3811	314	226	185	-968	22	314	107	37	181	37	79041731	
-15728	3756	331	501	87	-1074	23	315	105	38	186	38	79041731	
-15831	3696	307	794	-6	-1179	21	311	108	39	191	39	79041731	
-15901	3650	230	1073	-69	-1284	20	308	110	40	196	40	79041731	
-15899	3606	260	1308	-84	-1385	22	309	109	41	201	41	79041749	
-15848	3568	288	1476	-67	-1493	23	309	109	42	206	42	79041761	
-15833	3544	275	1592	-50	-1619	18	311	108	43	211	43	79041761	
-15844	3556	210	1633	-47	-1740	16	312	108	44	216	44	79041761	
-15826	3552	257	1634	-82	-1829	23	316	109	45	221	45	79041761	
-15788	3559	284	1621	-131	-1923	26	318	110	46	226	46	79041761	
-15774	3613	251	1595	-199	-2015	23	313	112	47	231	47	79041761	
-15799	3628	225	1579	-275	-2087	21	309	113	48	236	48	79041766	
-15850	3640	221	1603	-340	-2150	22	312	114	49	241	49	79041794	
-15885	3659	216	1672	-381	-2193	22	314	114	50	246	50	79041810	
-15904	3697	105	1789	-440	-2198	22	317	111	51	251	51	79041810	
-15858	3716	-9	1925	-493	-2179	22	318	110	52	256	52	79041810	
-15903	3658	-45	2025	-536	-2154	25	316	109	53	261	53	79041811	
-15949	3701	-47	2098	-572	-2117	27	315	109	54	266	54	79041811	
-15966	3755	-100	2134	-590	-2080	22	316	110	55	271	55	79041811	
-15984	3760	-211	2129	-578	-2044	18	316	110	56	276	56	79041833	
-16018	3773	-266	2089	-548	-2007	22	312	110	57	281	57	79041847	
-15970	3745	-407	2018	-497	-1994	24	310	110	58	286	58	79041847	
-15947	3724	-536	1936	-433	-1994	23	312	109	59	291	59	79041847	
-15924	3731	-543	1855	-384	-1995	23	313	109	60	296	60	79041848	
-15991	3752	-641	1817	-388	-1993	23	317	110	61	301	61	79041853	
-16068	3707	-663	1814	-431	-1987	23	319	111	62	306	62	79041857	
-16131	3633	-648	1836	-481	-1979	20	315	110	63	311	63	79041858	
-16175	3570	-650	1861	-512	-1989	18	312	110	64	316	64	79041875	
-16210	3436	-683	1843	-503	-1997	19	311	110	65	321	65	79041887	
-16225	3297	-683	1769	-474	-2008	20	310	110	66	326	66	79041887	
-16273	3194	-715	1629	-442	-2020	21	311	110	67	331	67	79041887	
-16397	3071	-778	1400	-382	-2040	22	312	110	68	336	68	79041887	
-16435	3006	-819	1177	-333	-2051	25	313	108	69	341	69	79041887	
-16464	2976	-838	938	-266	-2063	27	313	107	70	346	70	79041887	
-16487	2957	-902	666	-177	-2078	23	314	108	71	351	71	79041888	
-16492	2948	-1009	386	-81	-2094	21	315	109	72	356	72	79041888	
-16501	2948	-1053	105	20	-2113	25	313	109	73	361	73	79041892	
-16486	3002	-1115	-173	112	-2135	27	311	109	74	366	74	79041913	
-16514	3025	-1166	-431	204	-2151	26	310	107	75	371	75	79041925	
-16586	3056	-1217	-704	297	-2163	25	309	105	76	376	76	79041925	
-16648	3060	-1267	-896	365	-2155	25	310	109	77	381	77	79041925	
-16695	3050	-1346	-1070	463	-2147	25	311	111	78	386	78	79041926	
-16682	3046	-1309	-1233	594	-2138	26	312	110	79	391	79	79041926	
-16726	3000	-1310	-1377	748	-2116	26	312	110	80	396	80	79041926	
-16808	2906	-1255	-1497	887	-2088	24	313	111	81	401	81	79041930	
-16828	2863	-1196	-1583	1013	-2060	23	313	111	82	406	82	79041950	
-16840	2766	-1174	-1636	1139	-2033	25	314	109	83	411	83	79041962	
-16828	2697	-1192	-1665	1270	-2011	26	314	108	84	416	84	79041962	
-16826	2630	-1038	-1685	1384	-2002	25	313	109	85	421	85	79041962	
-16791	2545	-944	-1694	1484	-2010	24	312	110	86	426	86	79041962	
-16761	2490	-1003	-1675	1548	-2025	28	311	109	87	431	87	79041962	
-16856	2466	-992	-1635	1583	-2039	31	311	109	88	436	88	79041962	
-17050	2388	-940	-1587	1607	-2054	28	309	110	89	441	89	79041984	
-17272	2279	-993	-1542	1637	-2077	26	308	110	90	446	90	79041999	
-17286	2170	-1053	-1535	1745	-2132	31	310	111	91	451	91	79042000	
-17150	2129	-1055	-1581	1944	-2246	35	311	111	92	456	92	79042000	
-17091	2110	-1216	-1646	2142	-2383	31	311	109	93	461	93	79042000	
-17168	2080	-1373	-1664	2292	-2514	29	311	107	94	466	94	79042000	
-17261	2029	-1494	-1601	2454	-2612	30	313	108	95	471	95	79042000	
-17496	1961	-1586	-1488	2654	-2699	30	314	108	96	476	96	79042004	
-17887	1876	-1784	-1383	2891	-2768	32	315	109	97	481	97	79042029	
-18213	1929	-2030	-1324	3223	-2854	33	315	109	98	486	98	79042044	
-18404	2064	-2096	-1285	3655	-2945	34	314	107	99	491	99	79042044	
-18511	2084	-2212	-1195	4127	-2983	34	314	106	100	496	100	79042045	
-18484	2076	-2476	-1031	4617	-2985	34	318	107	101	501	101	79042045	
-18437	2102	-2637	-854	5130	-2986	34	320	108	102	506	102	79042045	
-18556	2067	-2815	-700	5619	-3009	34	321	107	103	511	103	79042045	
-18813	2158	-3099	-580	6071	-3060	34	322	106	104	516	104	79042060	
-18997	2253	-3359	-496	6564	-3145	35	319	104	105	521	105	79042078	
-19131	2372	-3636	-400	7125	-3236	35	317	103	106	526	106	79042083	
-19225	2408	-3893	-222	7714	-3337	34	318	102	107	531	107	79042084	
-19198	2442	-4178	63	8331	-3473	33	319	101	108	536	108	79042084	
-19104	2453	-4447	396	8940	-3614	37	322	101	109	541	109	79042085	
-19020	2449	-4786	811	9644	-3718	40	324	100	110	546	110	79042087	
-18973	2456	-5100	1235	10396	-3727	38	322	100	111	551	111	79042088	
-19085	2328	-5369	1543	11060	-3681	36	320	100	112	556	112	79042089	
-19258	2155	-5558	1778	11670	-3591	39	318	96	113	561	113	79042102	
-19250	2024	-5687	1987	12225	-3502	41	317	93	114	566	114	79042116	
-19211	1826	-5856	2247	12759	-3453	42	320	90	115	571	115	79042119	
-19075	1587	-6136	2577	13285	-3471	42	322	88	116	576	116	79042120	
-18941	1358	-6399	2887	13756	-3533	39	323	91	117	581	117	79042120	
-18869	1092	-6627	3174	14271	-3642	35	323	93	118	586	118	79042120	
-18825	922	-6879	3352	14827	-3808	40	322	91	119	591	119	79042120	
-18866	894	-7057	3401	15354	-3965	43	321	89	120	596	120	79042120	
-18796	949	-7177	3406	15926	-4117	41	323	89	121	601	121	79042142	
-18644	1118	-7259	3437	16559	-4257	39	325	89	122	606	122	79042157	
-18618	1324	-7327	3551	17197	-4357	40	328	86	123	611	123	79042158	
-18736	1448	-7408	3745	17782	-4417	40	330	84	124	616	124	79042158	
-18817	1538	-7447	3922	18278	-4436	42	327	83	125	621	125	79042158	
-18838	1668	-7548	4071	18813	-4425	43	323	81	126	626	126	79042159	
-18777	1856	-7801	4130	19370	-4373	44	324	77	127	631	127	79042159	
-18631	2110	-7930	4002	19862	-4299	44	324	74	128	636	128	79042165	
-18568	2467	-8031	3647	20347	-4209	43	325	75	129	641	129	79042185	
-18647	3074	-8180	3158	20724	-4091	43	325	75	130	646	130	79042196	
-18730	3850	-8354	2706	20942	-3919	47	326	69	131	651	131	79042197	
-18848	4664	-8542	2471	21083	-3658	49	327	65	132	656	132	79042197	
-18947	5384	-8682	2546	21242	-3382	48	328	64	133	661	133	79042198	
-18947	6045	-8882	2923	21456	-3072	47	329	63	134	666	134	79042198	
-18899	6647	-9210	3804	21755	-2651	45	330	59	135	671	135	79042199	
-18809	6964	-9302	5088	22111	-2264	43	331	55	136	676	136	79042219	
-18800	6998	-9233	6571	22518	-1973	44	329	56	137	681	137	79042232	
-18954	6713	-9182	8290	22904	-1752	45	327	57	138	686	138	79042232	
-19121	6179	-9109	10169	23246	-1626	48	330	53	139	691	139	79042232	
-19370	5475	-9070	12096	23580	-1631	50	332	50	140	696	140	79042232	
-19476	4736	-9122	13798	23909	-1722	49	330	49	141	701	141	79042232	
-19436	3868	-9353	15454	24318	-1876	48	328	48	142	706	142	79042232	
-19381	2709	-9802	17378	24887	-2156	48	328	42	143	711	143	79042238	
-19387	1563	-10311	19032	25344	-2514	47	327	35	144	716	144	79042271	
-19367	583	-10877	20128	25668	-2922	51	328	34	145	721	145	79042289	
-19180	-206	-11550	20761	26051	-3415	54	328	34	146	726	146	79042289	
-19021	-830	-12077	20958	26531	-3972	53	329	32	147	731	147	79042289	
-18734	-1184	-12521	20748	27047	-4541	53	329	31	148	736	148	79042290	
-18370	-1359	-12956	20251	27552	-5020	52	326	29	149	741	149	79042290	
-18072	-1521	-13280	19554	28065	-5489	51	323	27	150	746	150	79042290	
-17871	-1679	-13445	18591	28609	-6076	53	323	23	151	751	151	79042309	
-17825	-1723	-13434	17603	28998	-6631	54	322	18	152	756	152	79042329	
-17863	-1735	-13282	16757	29200	-7103	58	320	15	153	761	153	79042330	
-17964	-1862	-13173	16100	29371	-7596	61	319	13	154	766	154	79042331	
-18010	-2092	-13274	15651	29585	-8166	60	315	12	155	771	155	79042331	
-18050	-2388	-13330	15396	29747	-8766	59	313	11	156	776	156	79042331	
-18013	-2680	-13330	15281	29811	-9312	61	315	8	157	781	157	79042331	
-17949	-2980	-13265	15139	29834	-9892	63	317	5	158	786	158	79042331	
-17880	-3336	-13082	14777	29884	-10573	66	317	2	159	791	159	79042331	
-17631	-3690	-13112	14098	30073	-11317	70	316	-2	160	796	160	79042331	
-17210	-4037	-13225	13370	30372	-11999	70	312	-4	161	801	161	79042331	
-16674	-4406	-13245	12831	30566	-12535	70	310	-6	162	806	162	79042334	
-16159	-4795	-13315	12405	30570	-13033	75	309	-12	163	811	163	79042353	
-15872	-5174	-13423	12011	30386	-13517	78	308	-16	164	816	164	79042365	
-15811	-5430	-13502	11578	30130	-14007	79	305	-17	165	821	165	79042365	
-15842	-5638	-13539	11059	29893	-14519	79	301	-17	166	826	166	79042365	
-15868	-5909	-13532	10460	29757	-15041	80	302	-16	167	831	167	79042365	
-15693	-6204	-13464	9704	29732	-15576	81	303	-15	168	836	168	79042366	
-15372	-6440	-13426	8672	29661	-16036	85	299	-22	169	841	169	79042366	
-15040	-6665	-13593	7399	29506	-16357	88	296	-26	170	846	170	79042388	
-14671	-6948	-13849	5688	29260	-16647	89	295	-28	171	851	171	79042402	
-14342	-7266	-14021	3816	28904	-16892	89	295	-29	172	856	172	79042402	
-13999	-7614	-14132	2350	28578	-17086	91	292	-29	173	861	173	79042402	
-13559	-7968	-14235	1117	28322	-17293	93	289	-29	174	866	174	79042402	
-13057	-8250	-14288	-171	28129	-17535	94	286	-31	175	871	175	79042403	
-12636	-8376	-14224	-1630	28004	-17773	96	282	-34	176	876	176	79042403	
-12468	-8373	-14050	-2979	27922	-17947	101	284	-33	177	881	177	79042408	
-12468	-8406	-13700	-4057	27891	-18088	105	285	-33	178	886	178	79042428	
-12367	-8351	-13354	-5082	27947	-18264	103	277	-38	179	891	179	79042439	
-12034	-8165	-13085	-6014	28079	-18446	102	272	-42	180	896	180	79042439	
-11645	-7780	-12863	-6732	28250	-18540	103	274	-45	181	901	181	79042440	
-11172	-7158	-12656	-7401	28472	-18559	103	275	-47	182	906	182	79042440	
-10483	-6363	-12417	-8223	28781	-18535	102	272	-48	183	911	183	79042440	
-9702	-5644	-12310	-9174	29114	-18463	101	267	-49	184	916	184	79042440	
-8877	-4865	-12358	-10237	29424	-18282	106	263	-52	185	921	185	79042456	
-8133	-4096	-12290	-11133	29592	-17946	111	259	-55	186	926	186	79042476	
-7491	-3528	-12347	-11701	29545	-17478	111	254	-54	187	931	187	79042479	
-6887	-3092	-12493	-12035	29373	-16911	111	251	-53	188	936	188	79042479	
-6350	-2658	-12548	-12140	29186	-16391	109	247	-57	189	941	189	79042480	
-5861	-2151	-12526	-11987	28988	-15926	107	243	-61	190	946	190	79042480	
-5446	-1700	-12472	-11359	28759	-15515	106	243	-62	191	951	191	79042480	
-5155	-1452	-12468	-10197	28505	-15232	104	244	-64	192	956	192	79042481	
-4885	-1390	-12630	-8488	28123	-15100	104	237	-65	193	961	193	79042493	
-4702	-1504	-12851	-6609	27635	-15115	104	230	-66	194	966	194	79042510	
-4603	-1627	-12908	-4901	27210	-15202	108	229	-69	195	971	195	79042515	
-4462	-1770	-12889	-3240	26858	-15304	111	229	-71	196	976	196	79042515	
-4219	-1913	-12760	-1843	26580	-15348	112	226	-72	197	981	197	79042515	
-3879	-2026	-12540	-587	26333	-15359	112	222	-72	198	986	198	79042515	
-3520	-2083	-12314	642	26042	-15348	109	219	-72	199	991	199	79042516	
-3197	-2052	-12120	1691	25634	-15287	105	215	-71	200	996	200	79042524	
-2719	-2007	-11866	2537	25021	-15077	109	215	-72	201	1001	201	79042544	
-2093	-2123	-11655	2854	24255	-14593	113	215	-73	202	1006	202	79042552	
-1587	-2180	-11544	2627	23576	-14066	112	210	-74	203	1011	203	79042552	
-1235	-2254	-11380	2166	23057	-13609	111	207	-75	204	1016	204	79042552	
-941	-2497	-11226	1727	22726	-13249	115	204	-74	205	1021	205	79042552	
-636	-2945	-11150	1274	22482	-12969	118	200	-72	206	1026	206	79042552	
-308	-3572	-11236	717	22213	-12891	118	198	-74	207	1031	207	79042552	
-12	-4096	-11428	112	21866	-13075	118	196	-78	208	1036	208	79042563	
220	-4496	-11591	-498	21509	-13420	118	191	-78	209	1041	209	79042587	
451	-4895	-11748	-1045	21133	-13892	119	183	-79	210	1046	210	79042599	
775	-5108	-11813	-1377	20785	-14334	117	184	-81	211	1051	211	79042600	
1196	-5092	-11733	-1584	20454	-14685	116	184	-82	212	1056	212	79042601	
1657	-4938	-11546	-1733	20102	-14881	118	184	-81	213	1061	213	79042601	
2070	-4590	-11361	-1898	19706	-14928	120	184	-80	214	1066	214	79042601	
2482	-4055	-11268	-2179	19213	-14837	118	178	-78	215	1071	215	79042601	
2920	-3527	-11241	-2569	18650	-14609	114	168	-76	216	1076	216	79042612	
3232	-2953	-11174	-3010	18080	-14267	116	170	-78	217	1081	217	79042629	
3470	-2461	-11156	-3440	17587	-13809	118	172	-80	218	1086	218	79042629	
3716	-2041	-11209	-3779	17299	-13296	119	171	-81	219	1091	219	79042629	
3954	-1732	-11372	-4073	17149	-12890	119	171	-81	220	1096	220	79042630	
4218	-1599	-11539	-4423	17043	-12582	118	166	-80	221	1101	221	79042630	
4469	-1542	-11716	-4741	16926	-12380	118	162	-80	222	1106	222	79042630	
4711	-1490	-11867	-4982	16757	-12243	116	158	-80	223	1111	223	79042656	
4955	-1516	-11786	-5089	16512	-12195	113	153	-81	224	1116	224	79042707	
5211	-1637	-11552	-4977	16179	-12261	112	152	-81	225	1121	225	79042725	
5507	-1723	-11216	-4612	15658	-12411	111	151	-81	226	1126	226	79042727	
5722	-1803	-10920	-3999	14902	-12592	113	152	-78	227	1131	227	79042727	
5828	-1856	-10728	-3321	14068	-12815	114	152	-76	228	1136	228	79042727	
5857	-1836	-10546	-2650	13289	-13067	110	150	-78	229	1141	229	79042728	
5891	-1767	-10376	-2084	12710	-13194	107	149	-79	230	1146	230	79042728	
6044	-1574	-10293	-1639	12254	-13231	108	146	-77	231	1151	231	79042731	
6425	-1238	-10346	-1439	11893	-13225	109	141	-75	232	1156	232	79042743	
6939	-842	-10479	-1634	11625	-13089	109	138	-76	233	1161	233	79042753	
7515	-449	-10807	-2205	11414	-12792	110	134	-78	234	1166	234	79042753	
8290	-244	-11347	-3110	11301	-12363	108	132	-79	235	1171	235	79042753	
9286	-146	-11911	-4073	11246	-11831	106	130	-80	236	1176	236	79042753	
10272	-163	-12390	-4849	11085	-11294	107	131	-78	237	1181	237	79042753	
10953	-325	-12818	-5346	10731	-10785	107	131	-77	238	1186	238	79042753	
11375	-662	-13250	-5567	10180	-10284	107	132	-76	239	1191	239	79042753	
11498	-1142	-13611	-5417	9435	-9812	107	133	-75	240	1196	240	79042754	
11188	-1513	-13640	-4894	8705	-9553	106	131	-75	241	1201	241	79042754	
10565	-1712	-13394	-4143	8041	-9539	105	127	-75	242	1206	242	79042754	
9527	-1892	-13069	-3222	7431	-9743	102	126	-76	243	1211	243	79042755	
8340	-2082	-12810	-2337	7070	-10190	99	125	-77	244	1216	244	79042758	
7294	-2192	-12584	-1637	7026	-10647	100	122	-76	245	1221	245	79042760	
6468	-2140	-12332	-1232	7259	-11034	100	120	-76	246	1226	246	79042772	
5890	-1944	-12052	-1048	7672	-11422	101	118	-76	247	1231	247	79042788	
5681	-1561	-11664	-1009	8153	-11837	102	114	-76	248	1236	248	79042793	
5726	-1040	-11184	-1142	8429	-12176	100	116	-74	249	1241	249	79042793	
5808	-540	-10816	-1585	8391	-12364	98	118	-72	250	1246	250	79042793	
6097	-205	-10626	-2621	8075	-12369	97	118	-74	251	1251	251	79042794	
6465	-32	-10702	-3987	7595	-12302	95	117	-75	252	1256	252	79042794	
6860	80	-10840	-5076	7055	-12293	97	116	-74	253	1261	253	79042794	
7209	149	-10952	-5649	6482	-12326	98	116	-74	254	1266	254	79042794	
7383	178	-11108	-5826	5900	-12393	96	112	-76	255	1271	255	79042794	
7389	222	-11431	-5785	5427	-12506	94	106	-78	256	1276	256	79042809	
7344	312	-11908	-5804	5308	-12590	94	109	-78	257	1281	257	79042831	
7249	474	-12414	-6007	5565	-12542	93	113	-77	258	1286	258	79042831	
7268	897	-12804	-6317	6090	-12366	93	113	-76	259	1291	259	79042831	
7454	1625	-12930	-6548	6673	-11978	92	112	-74	260	1296	260	79042832	
7814	2599	-12786	-6373	6993	-11458	90	110	-75	261	1301	261	79042832	
8173	3483	-12562	-5829	7080	-11024	89	109	-75	262	1306	262	79042832	
8490	4309	-12271	-4897	7079	-10588	88	109	-75	263	1311	263	79042832	
8764	5088	-11961	-3483	7014	-10157	86	108	-76	264	1316	264	79042847	
8998	5627	-11824	-1966	6925	-9826	84	106	-74	265	1321	265	79042868	
9191	5911	-11724	-610	6788	-9540	82	104	-72	266	1326	266	79042869	
9300	5912	-11836	481	6607	-9290	83	106	-73	267	1331	267	79042870	
9330	5592	-12071	1397	6383	-9093	85	109	-75	268	1336	268	79042871	
9275	5082	-12198	2260	6079	-8953	83	104	-75	269	1341	269	79042871	
9188	4684	-12223	3067	5803	-8845	81	101	-75	270	1346	270	79042871	
9106	4357	-12313	3926	5543	-8725	84	101	-75	271	1351	271	79042871	
9055	4122	-12539	4832	5354	-8592	88	100	-76	272	1356	272	79042894	
9140	3961	-12795	5567	5322	-8451	85	98	-74	273	1361	273	79042929	
9328	3833	-13014	6031	5370	-8260	80	96	-70	274	1366	274	79042929	
9505	3815	-13032	6231	5434	-8006	82	97	-71	275	1371	275	79042929	
9629	3915	-12714	6477	5451	-7669	85	99	-73	276	1376	276	79042930	
9730	4005	-12320	7111	5375	-7316	82	94	-71	277	1381	277	79042930	
9817	3951	-12028	7785	5257	-7014	80	90	-70	278	1386	278	79042930	
9912	3770	-11796	8389	5091	-6724	84	92	-70	279	1391	279	79042932	
10076	3539	-11662	8896	4836	-6480	90	96	-70	280	1396	280	79042946	
10244	3341	-11484	9310	4493	-6284	89	95	-66	281	1401	281	79042962	
10392	3204	-11158	9768	4047	-6064	87	93	-61	282	1406	282	79042962	
10481	3216	-10822	10339	3463	-5910	86	93	-63	283	1411	283	79042962	
10370	3382	-10548	10969	2751	-5889	84	94	-66	284	1416	284	79042962	
10101	3668	-10300	11628	1854	-5986	85	93	-69	285	1421	285	79042962	
9726	3928	-10099	12063	1152	-6110	85	91	-71	286	1426	286	79042962	
9407	4208	-10090	12231	764	-6204	86	90	-70	287	1431	287	79042979	
9154	4540	-10423	12096	592	-6205	88	88	-68	288	1436	288	79043004	
8869	4890	-11005	11536	625	-6032	90	88	-67	289	1441	289	79043004	
8603	5279	-11693	10632	763	-5673	92	88	-66	290	1446	290	79043004	
8550	5596	-12359	9580	999	-5177	92	90	-65	291	1451	291	79043005	
8622	5801	-12943	8535	1300	-4602	92	92	-64	292	1456	292	79043005	
8717	5801	-13350	7625	1604	-3965	95	92	-65	293	1461	293	79043005	
8878	5606	-13487	7125	1829	-3432	97	91	-65	294	1466	294	79043006	
9150	5270	-13458	6904	1986	-2991	95	89	-64	295	1471	295	79043006	
9530	4713	-13247	6811	2079	-2559	93	87	-63	296	1476	296	79043006	
9800	4060	-12951	6750	2023	-2240	92	87	-65	297	1481	297	79043006	
9973	3362	-12565	6624	1781	-2108	91	87	-67	298	1486	298	79043017	
10093	2747	-12273	6384	1410	-2119	93	87	-65	299	1491	299	79043035	
10096	2289	-12054	6056	1017	-2185	95	87	-61	300	1496	300	79043041	
9900	2055	-11893	5653	655	-2246	99	88	-62	301	1501	301	79043041	
9713	2098	-11762	5248	401	-2224	102	88	-62	302	1506	302	79043041	
9557	2290	-11619	4858	231	-2096	102	87	-62	303	1511	303	79043041	
9422	2684	-11421	4445	89	-1810	102	86	-62	304	1516	304	79043041	
9423	3227	-11082	4109	-52	-1398	101	86	-64	305	1521	305	79043041	
9551	3801	-10549	3881	-195	-905	99	87	-67	306	1526	306	79043045	
9736	4361	-9860	3795	-399	-335	99	86	-67	307	1531	307	79043061	
9839	4922	-9331	3920	-794	266	100	84	-66	308	1536	308	79043078	
9754	5485	-8940	4375	-1421	808	102	85	-65	309	1541	309	79043078	
9684	6077	-8542	5199	-2141	1256	106	86	-64	310	1546	310	79043078	
9602	6654	-8212	6374	-2803	1693	104	86	-64	311	1551	311	79043078	
9458	7103	-7944	7828	-3344	2146	101	85	-63	312	1556	312	79043078	
9509	7350	-7559	9474	-3835	2507	103	86	-64	313	1561	313	79043078	
9912	7503	-7146	11214	-4356	2823	105	87	-65	314	1566	314	79043097	
10344	7585	-7008	13134	-4879	3165	104	90	-64	315	1571	315	79043126	
10531	7552	-7115	15440	-5430	3463	102	94	-62	316	1576	316	79043126	
10585	7317	-7310	17975	-6085	3626	105	94	-59	317	1581	317	79043126	
10554	6818	-7485	20183	-6754	3697	110	94	-54	318	1586	318	79043127	
10354	6205	-7594	21556	-7284	3777	111	92	-56	319	1591	319	79043127	
10090	5519	-7762	22051	-7616	4015	112	90	-60	320	1596	320	79043127	
9827	4799	-7830	21943	-7836	4345	110	94	-59	321	1601	321	79043131	
9672	4121	-8010	21664	-8151	4561	107	99	-57	322	1606	322	79043147	
9413	3416	-8340	21697	-8657	4687	112	97	-59	323	1611	323	79043165	
8894	2439	-8769	22164	-9268	4928	119	93	-61	324	1616	324	79043166	
8228	1296	-9290	22714	-9773	5162	121	95	-61	325	1621	325	79043166	
7546	116	-9693	22950	-10004	5318	125	97	-61	326	1626	326	79043166	
6992	-1120	-10094	22579	-10031	5465	125	99	-60	327	1631	327	79043166	
6498	-2269	-10584	21638	-10017	5697	125	103	-59	328	1636	328	79043166	
6066	-3199	-11116	20366	-9980	5971	127	105	-59	329	1641	329	79043170	
5775	-3946	-11764	18932	-9923	6211	131	107	-59	330	1646	330	79043186	
5619	-4475	-12440	17386	-9795	6302	133	106	-57	331	1651	331	79043202	
5648	-4792	-13104	15842	-9649	6285	135	105	-55	332	1656	332	79043202	
5738	-5139	-13751	14226	-9463	6140	133	103	-55	333	1661	333	79043203	
5882	-5492	-14292	12427	-9206	5881	129	101	-55	334	1666	334	79043203	
6055	-5806	-14798	10389	-8948	5669	133	105	-54	335	1671	335	79043203	
6179	-6078	-15258	8061	-8712	5515	139	111	-53	336	1676	336	79043204	
6343	-6224	-15638	5508	-8448	5305	141	110	-53	337	1681	337	79043204	
6452	-6289	-15826	2899	-8122	5044	145	109	-53	338	1686	338	79043204	
6480	-6287	-15887	393	-7837	4807	143	111	-53	339	1691	339	79043208	
6551	-6294	-15843	-1993	-7655	4632	141	115	-53	340	1696	340	79043223	
6627	-6285	-15723	-4272	-7552	4463	142	115	-53	341	1701	341	79043239	
6720	-6231	-15618	-6460	-7509	4246	144	116	-54	342	1706	342	79043240	
6890	-6045	-15516	-8537	-7497	3975	143	116	-54	343	1711	343	79043240	
6997	-5728	-15517	-10474	-7525	3647	141	115	-55	344	1716	344	79043240	
7066	-5354	-15491	-12270	-7614	3276	140	113	-57	345	1721	345	79043241	
7061	-5062	-15408	-13948	-7755	2917	139	111	-59	346	1726	346	79043241	
7013	-4797	-15358	-15522	-7919	2612	136	115	-62	347	1731	347	79043252	
6908	-4499	-15305	-16948	-8114	2355	132	122	-66	348	1736	348	79043272	
6755	-4256	-15303	-18165	-8282	2144	133	120	-66	349	1741	349	79043277	
6656	-4127	-15288	-19190	-8446	1998	135	117	-67	350	1746	350	79043277	
6580	-4054	-15228	-20130	-8642	1909	134	117	-66	351	1751	351	79043278	
6474	-3897	-15207	-21030	-8863	1821	132	118	-64	352	1756	352	79043278	
6468	-3734	-15268	-21853	-9103	1739	131	120	-65	353	1761	353	79043278	
6398	-3640	-15262	-22555	-9321	1691	129	123	-67	354	1766	354	79043282	
6268	-3563	-15200	-23134	-9524	1668	126	124	-67	355	1771	355	79043297	
6170	-3470	-15109	-23618	-9691	1654	122	126	-66	356	1776	356	79043314	
6064	-3288	-15020	-24045	-9813	1613	121	127	-68	357	1781	357	79043314	
