-6418	-9148	-11182	-569	-795	-759	-15	29	-179	1	1	1	74774470	
-6564	-9302	-11226	-887	-1007	-588	-8	40	-176	2	6	2	74774470	
-6660	-9372	-11158	-1236	-1194	-416	-8	40	-176	3	11	3	74774492	
-6784	-9354	-11146	-1626	-1407	-227	-14	38	-174	4	16	4	74774492	
-6846	-9246	-11296	-2048	-1618	-12	-14	38	-174	5	21	5	74774492	
-6900	-9188	-11296	-2453	-1831	191	-13	33	-181	6	26	6	74774492	
-6976	-9138	-11342	-2669	-1997	354	-13	33	-181	7	31	7	74774493	
-6976	-9116	-11648	-2714	-2046	475	-16	36	-184	8	36	8	74774493	
-6968	-9192	-11972	-2653	-1987	605	-16	36	-184	9	41	9	74774493	
-6938	-9502	-12220	-2552	-1864	725	-18	38	-178	10	46	10	74774493	
-6876	-9944	-12548	-2455	-1726	818	-18	37	-178	11	51	11	74774494	
-6837	-10297	-12799	-2446	-1662	864	-20	34	-178	12	56	12	74774499	
-6845	-10575	-13083	-2451	-1646	927	-21	34	-178	13	61	13	74774519	
-6732	-10651	-13265	-2452	-1617	985	-23	35	-179	14	66	14	74774519	
-6712	-10656	-13398	-2465	-1598	1018	-23	35	-179	15	71	15	74774520	
-6660	-10658	-13340	-2505	-1588	1041	-11	39	-179	16	76	16	74774543	
-6602	-10616	-13102	-2482	-1593	1062	-11	39	-179	17	81	17	74774543	
-6572	-10576	-12996	-2379	-1581	1107	-19	37	-179	18	86	18	74774544	
-6598	-10364	-13079	-2239	-1556	1158	-18	37	-179	19	91	19	74774544	
-6590	-10247	-12938	-2189	-1499	1212	-14	38	-180	20	96	20	74774544	
-6638	-10211	-12846	-2171	-1436	1276	-15	37	-180	21	101	21	74774544	
-6666	-10187	-12715	-2207	-1363	1357	-19	35	-179	22	106	22	74774545	
-6667	-10223	-12603	-2336	-1280	1471	-19	36	-179	23	111	23	74774545	
-6633	-10195	-12558	-2568	-1175	1597	-21	41	-181	24	116	24	74774545	
-6701	-10251	-12388	-2858	-1100	1728	-21	41	-181	25	121	25	74774546	
-6726	-10342	-12217	-3136	-1028	1864	-23	39	-181	26	126	26	74774546	
-6844	-10395	-12082	-3420	-1016	2031	-21	39	-180	27	131	27	74774546	
-6987	-10342	-11659	-3715	-1024	2246	-16	40	-178	28	136	28	74774547	
-7187	-10290	-11412	-3952	-1012	2413	-23	38	-180	29	141	29	74774547	
-7427	-10192	-11284	-4173	-950	2575	-34	36	-184	30	146	30	74774547	
-7616	-10080	-11180	-4371	-850	2765	-30	36	-184	31	151	31	74774547	
-7794	-10002	-11061	-4522	-763	2970	-23	37	-183	32	156	32	74774548	
-7875	-9960	-10991	-4651	-731	3184	-22	39	-183	33	161	33	74774548	
-7954	-9994	-10945	-4780	-731	3381	-21	41	-183	34	166	34	74774578	
-8068	-10039	-10939	-4928	-750	3580	-22	40	-180	35	171	35	74774622	
-8257	-10087	-10933	-5120	-771	3768	-22	38	-176	36	176	36	74774622	
-8423	-10118	-10910	-5355	-746	3928	-24	38	-179	37	181	37	74774622	
-8564	-10179	-10974	-5672	-677	4081	-27	39	-183	38	186	38	74774623	
-8635	-10221	-11070	-6000	-615	4222	-29	37	-181	39	191	39	74774623	
-8622	-10144	-11094	-6304	-576	4371	-33	35	-177	40	196	40	74774623	
-8569	-9971	-10962	-6578	-593	4536	-30	38	-177	41	201	41	74774623	
-8482	-9725	-10854	-6789	-660	4693	-26	42	-176	42	206	42	74774624	
-8405	-9456	-10788	-6894	-717	4856	-29	44	-181	43	211	43	74774624	
-8346	-9232	-10696	-6901	-737	5018	-31	45	-185	44	216	44	74774624	
-8305	-9072	-10558	-6827	-731	5171	-32	41	-182	45	221	45	74774625	
-8285	-8870	-10441	-6656	-688	5331	-32	38	-180	46	226	46	74774625	
-8232	-8726	-10303	-6390	-621	5504	-33	40	-181	47	231	47	74774625	
-8162	-8600	-10166	-6074	-547	5696	-33	41	-181	48	236	48	74774625	
-8055	-8556	-10004	-5771	-483	5911	-32	40	-182	49	241	49	74774626	
-8004	-8606	-9842	-5487	-437	6111	-32	40	-182	50	246	50	74774653	
-7994	-8709	-9661	-5193	-367	6297	-34	42	-178	51	251	51	74774671	
-7966	-8919	-9631	-4774	-313	6532	-36	44	-176	52	256	52	74774671	
-7829	-9020	-9507	-4335	-257	6742	-33	42	-178	53	261	53	74774672	
-7657	-9106	-9352	-3876	-269	6938	-32	42	-178	54	266	54	74774672	
-7449	-9327	-9255	-3529	-305	7164	-45	40	-183	55	271	55	74774672	
-7289	-9626	-9112	-3335	-310	7373	-48	40	-184	56	276	56	74774673	
-7238	-9806	-8922	-3211	-338	7556	-39	42	-183	57	281	57	74774673	
-7171	-9935	-8847	-3054	-433	7766	-37	43	-183	58	286	58	74774673	
-7029	-9964	-8650	-2957	-562	7975	-38	42	-183	59	291	59	74774673	
-6911	-9944	-8582	-2831	-746	8217	-39	41	-183	60	296	60	74774674	
-6924	-9866	-8606	-2776	-881	8417	-40	39	-184	61	301	61	74774674	
-7110	-9878	-9005	-2822	-899	8592	-40	38	-184	62	306	62	74774674	
-7170	-9737	-9122	-2845	-800	8751	-42	39	-188	63	311	63	74774674	
-7264	-9642	-9462	-2682	-787	8977	-43	39	-189	64	316	64	74774675	
-7395	-9362	-9922	-2343	-774	9245	-45	41	-183	65	321	65	74774713	
-7251	-9099	-10170	-1998	-782	9528	-45	41	-181	66	326	66	74774723	
-7086	-9218	-10403	-1743	-882	9812	-41	43	-179	67	331	67	74774724	
-7354	-9582	-10854	-1666	-756	9969	-40	44	-178	68	336	68	74774725	
-7862	-9722	-11294	-1593	-427	10148	-42	44	-176	69	341	69	74774725	
-8034	-9308	-11854	-1342	-326	10572	-42	44	-176	70	346	70	74774725	
-8032	-8808	-12326	-1067	-215	10959	-49	41	-187	71	351	71	74774726	
-7852	-8828	-12722	-793	-19	11219	-49	41	-187	72	356	72	74774726	
-8068	-9092	-12860	-438	231	11415	-48	38	-176	73	361	73	74774726	
-8414	-9328	-12960	-242	462	11594	-48	38	-176	74	366	74	74774749	
-8634	-9410	-12896	-245	651	11814	-46	46	-176	75	371	75	74774749	
-8800	-9492	-12990	-201	859	12002	-46	46	-176	76	376	76	74774750	
-8866	-9436	-13056	13	1138	12143	-47	41	-173	77	381	77	74774750	
-8892	-9367	-13102	222	1392	12239	-47	41	-175	78	386	78	74774750	
-9010	-9292	-13220	451	1644	12326	-47	41	-181	79	391	79	74774751	
-9022	-9177	-13460	658	1893	12406	-48	40	-181	80	396	80	74774751	
-8972	-9032	-13548	826	2104	12471	-51	35	-183	81	401	81	74774751	
-8848	-8630	-13882	1108	2387	12558	-51	35	-183	82	406	82	74774751	
-8752	-8200	-14104	1412	2725	12665	-45	45	-181	83	411	83	74774752	
-8702	-7434	-14508	1727	3056	12829	-45	45	-181	84	416	84	74774752	
-8474	-6742	-14668	2092	3394	13082	-43	43	-181	85	421	85	74774752	
-8363	-6010	-14830	2620	3872	13343	-43	43	-181	86	426	86	74774801	
-8475	-5550	-14956	3133	4305	13571	-42	44	-180	87	431	87	74774803	
-8550	-5160	-15054	3644	4765	13783	-41	44	-180	88	436	88	74774803	
-8535	-4798	-15152	4131	5222	14011	-38	42	-178	89	441	89	74774803	
-8433	-4524	-15269	4607	5636	14235	-40	42	-178	90	446	90	74774803	
-8196	-4279	-15366	5087	6093	14520	-46	40	-178	91	451	91	74774804	
-7857	-4098	-15548	5476	6600	14903	-45	39	-179	92	456	92	74774804	
-7534	-4304	-15511	5658	7127	15208	-43	37	-181	93	461	93	74774804	
-7533	-4526	-15385	5675	7495	15293	-40	37	-181	94	466	94	74774813	
-7636	-4646	-15282	5808	7683	15239	-36	38	-182	95	471	95	74774835	
-7594	-4722	-15241	6146	7834	15250	-38	35	-184	96	476	96	74774852	
-7311	-4958	-15154	6544	7981	15287	-41	31	-187	97	481	97	74774852	
-7124	-5364	-14876	6820	8054	15089	-39	31	-185	98	486	98	74774853	
-7101	-5907	-14645	6844	8025	14754	-35	31	-181	99	491	99	74774853	
-7034	-6548	-14408	6642	7900	14390	-32	31	-181	100	496	100	74774854	
-6924	-7032	-14095	6248	7671	13884	-28	30	-182	101	501	101	74774854	
-6774	-7390	-13807	5599	7317	13421	-30	30	-181	102	506	102	74774855	
-6636	-7505	-13523	4768	6852	12947	-33	29	-179	103	511	103	74774855	
-6566	-7389	-13445	3941	6333	12501	-32	31	-178	104	516	104	74774855	
-6513	-7211	-13482	3208	5849	12112	-31	33	-177	105	521	105	74774855	
-6504	-7074	-13370	2607	5468	11734	-34	31	-175	106	526	106	74774874	
-6594	-6909	-13213	2113	5129	11335	-38	28	-172	107	531	107	74774900	
-6694	-6754	-13112	1676	4765	10994	-33	26	-175	108	536	108	74774900	
-6764	-6675	-13233	1259	4445	10768	-25	23	-179	109	541	109	74774901	
-6796	-6833	-13432	825	4243	10479	-26	25	-180	110	546	110	74774914	
-6954	-7080	-13485	300	4062	10153	-27	27	-181	111	551	111	74774957	
-7057	-7344	-13496	-271	3863	9980	-29	26	-178	112	556	112	74774977	
-7102	-7630	-13572	-838	3715	9900	-30	26	-176	113	561	113	74774978	
-7172	-7964	-13646	-1451	3587	9803	-30	27	-176	114	566	114	74774978	
-7364	-8280	-13688	-2183	3452	9680	-30	28	-176	115	571	115	74774978	
-7586	-8335	-13579	-2988	3313	9584	-30	28	-180	116	576	116	74774979	
-7876	-8163	-13496	-3784	3135	9592	-30	28	-182	117	581	117	74774979	
-8153	-7756	-13608	-4501	2946	9698	-30	28	-178	118	586	118	74774979	
-8338	-7280	-13789	-5097	2794	9853	-30	28	-176	119	591	119	74774980	
-8408	-7062	-14038	-5360	2808	10045	-28	26	-182	120	596	120	74774980	
-8362	-7227	-14286	-5526	3006	10234	-27	25	-183	121	601	121	74775006	
-8346	-7585	-14521	-5729	3335	10422	-34	21	-181	122	606	122	74775013	
-8495	-7899	-14694	-6074	3641	10619	-36	20	-180	123	611	123	74775013	
-8682	-8091	-14987	-6614	3931	10853	-34	22	-177	124	616	124	74775014	
-8753	-8108	-15063	-7251	4156	11097	-34	22	-176	125	621	125	74775014	
-8834	-7811	-15061	-7892	4367	11382	-36	20	-177	126	626	126	74775014	
-8887	-6994	-15019	-8385	4580	11789	-38	18	-178	127	631	127	74775014	
-8957	-5946	-14998	-8394	4741	12167	-39	17	-177	128	636	128	74775015	
-9016	-5016	-14977	-8005	4963	12508	-39	17	-177	129	641	129	74775015	
-8981	-4407	-14948	-7281	5361	12813	-39	20	-182	130	646	130	74775015	
-9048	-4386	-14868	-6321	6026	13008	-39	21	-183	131	651	131	74775049	
-9202	-4867	-14519	-5398	6873	13027	-39	19	-177	132	656	132	74775100	
-9410	-5537	-14026	-4794	7658	13020	-39	19	-175	133	661	133	74775111	
-9697	-6185	-13444	-4599	8190	13037	-41	19	-180	134	666	134	74775111	
-10074	-6444	-13100	-4546	8475	13127	-41	19	-181	135	671	135	74775112	
-10124	-5998	-12838	-4445	8642	13295	-41	17	-175	136	676	136	74775112	
-9900	-5430	-12648	-4152	8756	13414	-41	17	-175	137	681	137	74775112	
-9846	-5188	-12344	-3817	8859	13387	-43	11	-177	138	686	138	74775113	
-9954	-5024	-11824	-3524	8977	13265	-43	11	-177	139	691	139	74775113	
-10372	-4990	-11700	-3230	9079	13192	-40	18	-180	140	696	140	74775113	
-10484	-4802	-11388	-2988	9276	13222	-40	18	-180	141	701	141	74775113	
-10412	-4690	-11336	-2721	9638	13251	-47	-1	-179	142	706	142	74775114	
-10166	-4544	-11388	-2492	9946	13214	-47	-1	-179	143	711	143	74775114	
-9960	-4059	-11431	-2390	10087	13096	-47	7	-175	144	716	144	74775114	
-9795	-3660	-11514	-2336	10098	13001	-46	6	-176	145	721	145	74775115	
-9739	-3313	-11561	-2208	10138	12899	-42	4	-180	146	726	146	74775115	
-9764	-3098	-11664	-2042	10215	12800	-42	4	-180	147	731	147	74775115	
-9556	-3050	-11614	-1736	10424	12629	-41	7	-167	148	736	148	74775137	
-9324	-3130	-11718	-1369	10705	12423	-41	7	-167	149	741	149	74775137	
-9146	-3290	-11872	-1156	10938	12204	-42	2	-182	150	746	150	74775137	
-8932	-3482	-12000	-1032	11187	11980	-42	2	-182	151	751	151	74775138	
-8625	-3746	-11978	-1060	11380	11651	-42	2	-172	152	756	152	74775138	
-8379	-3909	-12112	-1180	11474	11331	-41	2	-172	153	761	153	74775138	
-8083	-4123	-12154	-1292	11565	11004	-37	1	-171	154	766	154	74775138	
-7875	-4326	-12084	-1433	11719	10681	-37	0	-171	155	771	155	74775139	
-7594	-4428	-11983	-1635	11861	10375	-37	-5	-171	156	776	156	74775149	
-7362	-4300	-11965	-1873	11976	10125	-39	-6	-171	157	781	157	74775189	
-7067	-4123	-12021	-2146	12084	9914	-45	-11	-169	158	786	158	74775195	
-6774	-3776	-12053	-2375	12241	9690	-44	-11	-170	159	791	159	74775213	
-6576	-3514	-11817	-2487	12423	9470	-42	-12	-176	160	796	160	74775214	
-6422	-3442	-11657	-2408	12623	9262	-42	-9	-175	161	801	161	74775214	
-6290	-3336	-11538	-2263	12827	9114	-41	-5	-173	162	806	162	74775214	
-6120	-3178	-11532	-2089	13070	8985	-41	-9	-172	163	811	163	74775215	
-5991	-3027	-11545	-1896	13341	8866	-42	-16	-170	164	816	164	74775215	
-5814	-2896	-11514	-1650	13610	8763	-42	-16	-172	165	821	165	74775215	
-5618	-2750	-11574	-1285	13875	8694	-41	-15	-175	166	826	166	74775215	
-5473	-2582	-11694	-788	14140	8673	-40	-17	-170	167	831	167	74775216	
-5357	-2410	-11711	-76	14429	8669	-39	-19	-163	168	836	168	74775216	
-5282	-2283	-11665	741	14709	8669	-40	-23	-164	169	841	169	74775217	
-5244	-2218	-11644	1613	14979	8668	-41	-27	-165	170	846	170	74775217	
-5217	-2167	-11628	2800	15289	8653	-40	-27	-164	171	851	171	74775217	
-5120	-2142	-11568	4233	15592	8618	-38	-28	-162	172	856	172	74775227	
-4938	-2118	-11522	5854	15886	8562	-40	-29	-159	173	861	173	74775262	
-4799	-2030	-11538	7671	16182	8493	-42	-30	-154	174	866	174	74775293	
-4678	-1933	-11568	9696	16481	8405	-38	-33	-158	175	871	175	74775293	
-4538	-1884	-11578	11909	16766	8280	-31	-37	-163	176	876	176	74775294	
-4289	-1778	-11554	14608	17035	8112	-29	-37	-161	177	881	177	74775294	
-4040	-1618	-11524	17600	17274	7917	-26	-36	-158	178	886	178	74775294	
-3786	-1533	-11514	20547	17487	7701	-27	-38	-160	179	891	179	74775294	
-3560	-1411	-11639	23768	17713	7440	-27	-39	-161	180	896	180	74775295	
-3333	-1322	-11726	27299	17979	7108	-19	-44	-157	181	901	181	74775295	
-3056	-1310	-11833	31089	18298	6717	-14	-48	-154	182	906	182	74775295	
-2721	-1451	-11901	32717	18636	6272	-13	-45	-156	183	911	183	74775295	
-2313	-1764	-11737	32767	18973	5761	-13	-43	-157	184	916	184	74775296	
-1792	-2302	-11454	32767	19355	5081	-4	-49	-150	185	921	185	74775310	
-1266	-2984	-11234	32767	19639	4400	-1	-51	-147	186	926	186	74775314	
-716	-3591	-10991	32767	19823	3730	6	-52	-141	187	931	187	74775315	
-82	-4276	-10734	32767	19894	3037	8	-52	-140	188	936	188	74775317	
544	-4879	-10223	32767	19814	2378	10	-58	-142	189	941	189	74775340	
1215	-5496	-9921	32767	19594	1794	10	-60	-142	190	946	190	74775345	
1785	-5958	-9622	32767	19311	1288	23	-61	-128	191	951	191	74775345	
2392	-6430	-9350	32767	18975	726	29	-61	-121	192	956	192	74775346	
2920	-6912	-8968	32767	18609	152	35	-62	-122	193	961	193	74775377	
3551	-7439	-8471	32767	18118	-367	39	-63	-123	194	966	194	74775397	
4209	-8005	-8269	32767	17604	-824	41	-65	-114	195	971	195	74775440	
4806	-8548	-8086	32767	17142	-1390	42	-66	-112	196	976	196	74775451	
5298	-9130	-7932	32767	16696	-1963	56	-67	-103	197	981	197	74775451	
5787	-9904	-7763	32767	16300	-2523	59	-67	-101	198	986	198	74775451	
6172	-10612	-7501	32767	15936	-3096	56	-75	-95	199	991	199	74775452	
6586	-11510	-7230	32767	15601	-3677	55	-77	-93	200	996	200	74775452	
6797	-12252	-7114	32767	15241	-4239	64	-75	-89	201	1001	201	74775452	
7014	-13158	-6446	32767	15181	-4850	66	-74	-88	202	1006	202	74775453	
7408	-14330	-6410	32767	15439	-5404	75	-75	-75	203	1011	203	74775453	
7932	-15644	-6496	29272	15231	-5874	75	-75	-75	204	1016	204	74775453	
8374	-16914	-5556	23380	14448	-6162	71	-77	-63	205	1021	205	74775454	
8478	-17986	-4658	17527	13559	-6388	71	-77	-63	206	1026	206	74775454	
8462	-18752	-4510	11690	12986	-6657	71	-81	-69	207	1031	207	74775454	
8348	-19452	-3964	5188	12618	-6903	71	-81	-69	208	1036	208	74775454	
8346	-19858	-2982	-1578	12085	-7158	75	-85	-65	209	1041	209	74775475	
8466	-19982	-2198	-8006	11286	-7427	75	-85	-65	210	1046	210	74775528	
8462	-19624	-2198	-14915	10315	-7722	72	-86	-70	211	1051	211	74775528	
8436	-18961	-2845	-19883	9703	-7864	72	-86	-69	212	1056	212	74775529	
8350	-17977	-3812	-23985	9270	-7945	71	-85	-65	213	1061	213	74775529	
8328	-17084	-4660	-27024	8995	-8021	71	-85	-65	214	1066	214	74775529	
8178	-15804	-5900	-29824	8735	-8124	59	-89	-67	215	1071	215	74775529	
8160	-14508	-7206	-31768	8469	-8206	59	-89	-67	216	1076	216	74775530	
8196	-13058	-8482	-32768	8256	-8241	65	-89	-73	217	1081	217	74775530	
8378	-11620	-9472	-32768	8093	-8232	65	-89	-73	218	1086	218	74775530	
8448	-9848	-10442	-32626	8019	-8202	61	-89	-71	219	1091	219	74775530	
8562	-8568	-11115	-31750	8073	-8203	60	-89	-71	220	1096	220	74775531	
8667	-7473	-11585	-30104	8241	-8269	56	-88	-70	221	1101	221	74775541	
8804	-6624	-12029	-27930	8467	-8375	54	-90	-72	222	1106	222	74775580	
8938	-5802	-12441	-25308	8618	-8479	48	-98	-80	223	1111	223	74775580	
9016	-5210	-12868	-22356	8775	-8536	48	-98	-80	224	1116	224	74775580	
9010	-4770	-13236	-19176	8941	-8577	46	-100	-78	225	1121	225	74775581	
8980	-4577	-13617	-15873	9170	-8646	45	-99	-78	226	1126	226	74775581	
8991	-4635	-13915	-12393	9463	-8766	40	-96	-80	227	1131	227	74775581	
8978	-5008	-14074	-8739	9719	-8896	40	-99	-81	228	1136	228	74775581	
8983	-5586	-13973	-5869	9863	-9028	41	-103	-83	229	1141	229	74775591	
9037	-6302	-13679	-3377	9949	-9201	37	-102	-81	230	1146	230	74775615	
9141	-7133	-13470	-1263	9947	-9390	31	-101	-79	231	1151	231	74775629	
9316	-7908	-13197	381	9833	-9560	34	-100	-78	232	1156	232	74775629	
9481	-8549	-12789	1517	9637	-9724	38	-98	-76	233	1161	233	74775630	
9536	-9090	-12492	2217	9374	-9895	34	-100	-76	234	1166	234	74775630	
9598	-9444	-12292	2579	9060	-10047	29	-103	-75	235	1171	235	74775630	
9604	-9589	-12185	2751	8727	-10195	29	-106	-74	236	1176	236	74775631	
9578	-9468	-12096	2805	8417	-10342	28	-110	-72	237	1181	237	74775631	
9603	-9262	-12014	2737	8142	-10498	30	-111	-70	238	1186	238	74775631	
9662	-9057	-11916	2528	7896	-10686	32	-112	-66	239	1191	239	74775631	
9677	-8832	-11824	2202	7676	-10898	30	-112	-66	240	1196	240	74775632	
9791	-8660	-11770	1813	7489	-11126	27	-111	-67	241	1201	241	74775632	
9877	-8604	-11768	1356	7327	-11355	25	-113	-67	242	1206	242	74775653	
9937	-8663	-11755	746	7173	-11587	23	-115	-67	243	1211	243	74775683	
9925	-8648	-11788	30	7019	-11806	25	-112	-68	244	1216	244	74775683	
9843	-8523	-11946	-667	6869	-11980	26	-110	-68	245	1221	245	74775684	
9778	-8301	-12045	-1363	6722	-12136	22	-114	-63	246	1226	246	74775684	
9668	-7943	-12102	-2026	6588	-12289	20	-116	-60	247	1231	247	74775685	
9596	-7556	-12222	-2611	6465	-12450	19	-115	-59	248	1236	248	74775685	
9513	-7153	-12219	-3042	6361	-12616	19	-115	-59	249	1241	249	74775686	
9499	-6752	-12177	-3324	6279	-12794	18	-118	-63	250	1246	250	74775686	
9574	-6412	-12208	-3500	6214	-12986	18	-120	-66	251	1251	251	74775686	
9766	-6057	-12029	-3570	6132	-13238	5	-124	-65	252	1256	252	74775686	
10018	-5692	-11880	-3500	6022	-13465	1	-125	-65	253	1261	253	74775687	
10196	-5415	-11782	-3384	5869	-13657	10	-123	-63	254	1266	254	74775687	
10322	-5121	-11752	-3303	5710	-13869	12	-122	-62	255	1271	255	74775724	
10364	-4929	-11809	-3264	5571	-14069	9	-124	-54	256	1276	256	74775733	
10344	-4796	-11803	-3255	5483	-14239	8	-124	-52	257	1281	257	74775734	
10306	-4624	-11829	-3238	5388	-14420	6	-125	-58	258	1286	258	74775734	
10252	-4438	-11818	-3216	5280	-14605	4	-126	-62	259	1291	259	74775734	
10264	-4272	-11814	-3181	5185	-14809	-2	-128	-58	260	1296	260	74775734	
10231	-4062	-11809	-3143	5074	-14969	-4	-128	-56	261	1301	261	74775735	
10231	-3980	-11737	-3207	4971	-15136	-6	-126	-57	262	1306	262	74775735	
10226	-3898	-11646	-3401	4906	-15329	-7	-125	-57	263	1311	263	74775735	
10166	-3790	-11564	-3671	4879	-15508	-9	-128	-55	264	1316	264	74775735	
10126	-3686	-11402	-3941	4857	-15660	-9	-129	-55	265	1321	265	74775736	
10093	-3546	-11297	-4196	4838	-15777	-13	-127	-56	266	1326	266	74775775	
10132	-3391	-11232	-4508	4810	-15876	-14	-126	-56	267	1331	267	74775806	
10176	-3315	-11170	-4847	4818	-15943	-19	-126	-51	268	1336	268	74775811	
10278	-3232	-11196	-5295	4841	-16042	-20	-126	-50	269	1341	269	74775811	
10328	-3084	-11124	-5688	4825	-16077	-23	-129	-53	270	1346	270	74775812	
10262	-2988	-11044	-6090	4798	-16083	-23	-129	-53	271	1351	271	74775812	
10240	-2860	-11016	-6524	4790	-16038	-29	-123	-43	272	1356	272	74775813	
10254	-2760	-10914	-6917	4794	-15999	-29	-123	-43	273	1361	273	74775813	
10122	-2606	-10976	-7170	4784	-15915	-33	-127	-53	274	1366	274	74775813	
10046	-2600	-11162	-7374	4868	-15761	-33	-127	-53	275	1371	275	74775814	
10032	-2414	-11316	-7638	5015	-15636	-37	-131	-55	276	1376	276	74775814	
10079	-2319	-11516	-8002	5170	-15428	-39	-131	-55	277	1381	277	74775840	
10153	-2256	-11595	-8313	5268	-15214	-45	-133	-55	278	1386	278	74775841	
10188	-2241	-11750	-8630	5339	-14998	-45	-134	-55	279	1391	279	74775841	
10216	-2214	-11742	-8904	5379	-14797	-43	-137	-53	280	1396	280	74775841	
10398	-2166	-11580	-9146	5373	-14523	-43	-137	-53	281	1401	281	74775841	
10472	-2122	-11358	-9189	5331	-14262	-52	-130	-50	282	1406	282	74775842	
10618	-2032	-11256	-9089	5256	-13994	-52	-130	-50	283	1411	283	74775842	
10724	-2048	-11094	-8961	5221	-13747	-53	-135	-55	284	1416	284	74775842	
10862	-1974	-11078	-8871	5141	-13498	-53	-135	-55	285	1421	285	74775842	
11092	-1701	-10615	-8678	5048	-13131	-50	-128	-44	286	1426	286	74775843	
11079	-1423	-10223	-8399	4884	-12790	-54	-130	-46	287	1431	287	74775843	
11212	-1171	-9794	-7930	4637	-12408	-71	-137	-55	288	1436	288	74775843	
11325	-902	-9358	-7327	4384	-12025	-70	-136	-53	289	1441	289	74775853	
11405	-716	-8913	-6729	4152	-11665	-67	-133	-43	290	1446	290	74775892	
11422	-606	-8382	-6143	3933	-11354	-67	-133	-45	291	1451	291	74775893	
11460	-576	-8082	-5529	3667	-11024	-66	-132	-52	292	1456	292	74775893	
11519	-574	-7822	-4903	3417	-10636	-66	-133	-51	293	1461	293	74775894	
11551	-573	-7471	-4274	3131	-10181	-65	-135	-49	294	1466	294	74775894	
11643	-597	-7291	-3768	2842	-9771	-67	-135	-48	295	1471	295	74775895	
11669	-583	-7235	-3311	2565	-9355	-71	-135	-47	296	1476	296	74775895	
11714	-516	-7253	-2916	2361	-8947	-71	-133	-46	297	1481	297	74775895	
11840	-465	-7234	-2526	2222	-8540	-71	-131	-45	298	1486	298	74775895	
12065	-467	-7192	-2109	2100	-8110	-73	-131	-44	299	1491	299	74775896	
12289	-481	-7293	-1667	2008	-7674	-75	-131	-43	300	1496	300	74775896	
12449	-513	-7463	-1302	1990	-7276	-76	-128	-41	301	1501	301	74775896	
12646	-597	-7505	-1028	2038	-6890	-77	-123	-37	302	1506	302	74775896	
12896	-628	-7277	-686	2113	-6413	-81	-125	-39	303	1511	303	74775903	
13180	-673	-7071	-322	2101	-5974	-87	-127	-43	304	1516	304	74775913	
13377	-725	-6792	30	2067	-5513	-85	-127	-42	305	1521	305	74775914	
13488	-736	-6472	347	2063	-5058	-81	-127	-41	306	1526	306	74775914	
13483	-747	-6301	651	2071	-4576	-83	-127	-43	307	1531	307	74775914	
13327	-831	-6253	893	2114	-4055	-85	-127	-45	308	1536	308	74775956	
13131	-924	-6237	1044	2242	-3538	-87	-126	-43	309	1541	309	74776018	
12943	-1121	-6044	1159	2412	-2992	-89	-125	-39	310	1546	310	74776019	
12875	-1401	-5878	1222	2557	-2460	-87	-127	-43	311	1551	311	74776019	
12891	-1670	-5894	1197	2679	-1996	-85	-129	-45	312	1556	312	74776020	
12903	-1967	-6036	1013	2827	-1577	-88	-127	-42	313	1561	313	74776020	
12950	-2264	-6174	649	3017	-1210	-90	-126	-40	314	1566	314	74776052	
13059	-2469	-6201	164	3193	-862	-87	-128	-43	315	1571	315	74776073	
13213	-2598	-6194	-385	3322	-536	-85	-129	-45	316	1576	316	74776074	
13350	-2674	-6212	-985	3445	-245	-87	-125	-43	317	1581	317	74776074	
13455	-2744	-6130	-1678	3619	6	-88	-122	-42	318	1586	318	74776074	
13518	-2791	-6109	-2527	3849	260	-91	-133	-48	319	1591	319	74776074	
13444	-2735	-5951	-3257	4036	499	-92	-136	-50	320	1596	320	74776075	
13443	-2626	-5716	-3875	4213	726	-82	-130	-39	321	1601	321	74776075	
13413	-2498	-5350	-4445	4405	948	-80	-128	-36	322	1606	322	74776075	
13359	-2277	-4932	-4925	4558	1169	-86	-127	-38	323	1611	323	74776076	
13296	-2091	-4643	-5276	4668	1385	-87	-127	-39	324	1616	324	74776076	
13190	-1891	-4370	-5644	4833	1610	-89	-128	-44	325	1621	325	74776076	
13117	-1659	-4034	-6002	5040	1819	-91	-129	-47	326	1626	326	74776077	
13163	-1460	-3477	-6309	5206	2054	-89	-127	-40	327	1631	327	74776094	
13288	-1279	-2999	-6485	5302	2298	-88	-126	-38	328	1636	328	74776099	
13453	-1068	-2861	-6577	5389	2529	-92	-130	-37	329	1641	329	74776099	
13768	-866	-2739	-6619	5504	2745	-93	-131	-37	330	1646	330	74776099	
14217	-629	-2712	-6616	5647	2933	-88	-126	-39	331	1651	331	74776100	
14677	-550	-2485	-6562	5820	3100	-87	-125	-39	332	1656	332	74776101	
15218	-440	-2426	-6497	5927	3226	-89	-125	-34	333	1661	333	74776101	
15735	-368	-2274	-6466	6011	3349	-89	-125	-33	334	1666	334	74776122	
16308	-178	-1940	-6312	6043	3477	-88	-124	-30	335	1671	335	74776127	
16780	0	-1738	-6016	5980	3591	-88	-124	-30	336	1676	336	74776127	
17048	260	-1484	-5640	5899	3709	-84	-124	-36	337	1681	337	74776128	
17468	502	-1146	-5164	5864	3781	-84	-124	-36	338	1686	338	74776128	
17748	648	-898	-4545	5838	3813	-83	-127	-33	339	1691	339	74776128	
18022	822	-536	-3771	5774	3843	-83	-127	-33	340	1696	340	74776128	
18280	938	-332	-2955	5667	3886	-82	-130	-26	341	1701	341	74776129	
18506	936	-38	-2103	5518	3946	-82	-130	-26	342	1706	342	74776129	
18770	738	160	-1203	5274	4002	-82	-134	-24	343	1711	343	74776129	
18921	598	322	-215	4894	4110	-82	-134	-25	344	1716	344	74776129	
18995	391	315	473	4541	4218	-84	-134	-28	345	1721	345	74776133	
18938	278	168	998	4218	4316	-84	-134	-28	346	1726	346	74776149	
18734	10	36	1352	3821	4440	-78	-128	-28	347	1731	347	74776149	
18504	-184	-48	1479	3381	4579	-78	-128	-28	348	1736	348	74776149	
18296	-458	36	1562	2838	4729	-77	-127	-27	349	1741	349	74776150	
18054	-644	-2	1670	2188	4897	-77	-127	-27	350	1746	350	74776150	
17728	-700	-294	1678	1559	5076	-80	-132	-24	351	1751	351	74776150	
17349	-868	-792	1435	878	5268	-80	-131	-24	352	1756	352	74776150	
16995	-950	-1179	1084	309	5433	-81	-127	-23	353	1761	353	74776151	
16600	-998	-1564	651	-294	5611	-80	-128	-23	354	1766	354	74776156	
16210	-948	-1853	215	-932	5794	-76	-134	-22	355	1771	355	74776176	
15841	-1011	-2261	-147	-1612	5972	-77	-133	-23	356	1776	356	74776178	
15454	-1076	-2850	-526	-2248	6167	-81	-131	-25	357	1781	357	74776181	
15090	-1242	-3283	-1058	-2794	6349	-80	-133	-25	358	1786	358	74776181	
14713	-1501	-3695	-1719	-3330	6506	-75	-139	-25	359	1791	359	74776182	
14334	-1724	-4160	-2558	-3911	6664	-76	-137	-24	360	1796	360	74776182	
13830	-1994	-4702	-3639	-4539	6859	-79	-129	-19	361	1801	361	74776182	
13421	-2287	-5125	-4603	-5017	7024	-77	-128	-21	362	1806	362	74776183	
13019	-2591	-5400	-5559	-5464	7167	-75	-127	-25	363	1811	363	74776183	
12625	-2880	-5640	-6507	-5942	7297	-74	-129	-26	364	1816	364	74776183	
12281	-3117	-5866	-7508	-6437	7398	-72	-132	-28	365	1821	365	74776192	
11969	-3328	-6011	-8552	-6939	7465	-73	-133	-31	366	1826	366	74776205	
11647	-3492	-6164	-9552	-7434	7526	-75	-135	-35	367	1831	367	74776214	
11322	-3536	-6284	-10500	-7890	7568	-73	-132	-33	368	1836	368	74776225	
11056	-3498	-6351	-11357	-8328	7588	-70	-128	-30	369	1841	369	74776226	
10837	-3319	-6379	-12078	-8763	7596	-68	-129	-33	370	1846	370	74776226	
10686	-3040	-6559	-12671	-9210	7592	-66	-130	-38	371	1851	371	74776226	
10582	-2738	-6766	-13197	-9652	7573	-68	-132	-38	372	1856	372	74776226	
10484	-2385	-6803	-13675	-10067	7532	-71	-135	-37	373	1861	373	74776227	
10390	-2048	-6762	-14068	-10483	7472	-67	-135	-35	374	1866	374	74776227	
10378	-1738	-6778	-14321	-10909	7416	-61	-135	-33	375	1871	375	74776227	
10354	-1546	-6788	-14428	-11328	7376	-63	-136	-38	376	1876	376	74776227	
10288	-1377	-6765	-14422	-11746	7344	-66	-138	-46	377	1881	377	74776228	
10213	-1214	-6601	-14324	-12119	7309	-64	-135	-45	378	1886	378	74776228	
10089	-1003	-6395	-14149	-12455	7281	-63	-133	-45	379	1891	379	74776228	
10079	-766	-6312	-13869	-12813	7285	-62	-131	-49	380	1896	380	74776229	
9974	-506	-6278	-13489	-13164	7310	-61	-129	-51	381	1901	381	74776240	
9834	-293	-6252	-13046	-13432	7329	-64	-127	-48	382	1906	382	74776276	
9791	-120	-6212	-12596	-13559	7322	-66	-126	-46	383	1911	383	74776298	
9716	-38	-6224	-12154	-13608	7308	-62	-126	-47	384	1916	384	74776300	
9660	-62	-6227	-11679	-13662	7300	-60	-126	-48	385	1921	385	74776300	
9699	-141	-6054	-11241	-13691	7313	-55	-128	-53	386	1926	386	74776300	
9728	-243	-6018	-10787	-13797	7344	-54	-128	-54	387	1931	387	74776301	
9850	-358	-5826	-10380	-14117	7409	-62	-131	-52	388	1936	388	74776301	
9901	-372	-5656	-10028	-14595	7464	-64	-132	-52	389	1941	389	74776301	
9958	-443	-5498	-9749	-15023	7501	-58	-130	-57	390	1946	390	74776302	
9979	-493	-5346	-9468	-15446	7542	-55	-129	-59	391	1951	391	74776302	
10008	-518	-5128	-9163	-15843	7612	-53	-130	-61	392	1956	392	74776302	
10004	-536	-4903	-8820	-16359	7716	-52	-130	-62	393	1961	393	74776303	
10055	-701	-4701	-8365	-17041	7834	-54	-130	-70	394	1966	394	74776303	
10118	-887	-4545	-7896	-17676	7893	-54	-130	-72	395	1971	395	74776303	
10139	-1077	-4497	-7410	-18282	7896	-58	-128	-66	396	1976	396	74776340	
10097	-1193	-4471	-6945	-18925	7873	-59	-127	-65	397	1981	397	74776450	
10000	-1146	-4727	-6558	-19577	7874	-56	-129	-73	398	1986	398	74776476	
9656	-1178	-5400	-6327	-20165	7877	-55	-129	-75	399	1991	399	74776476	
9296	-1144	-6075	-6282	-20622	7833	-51	-125	-76	400	1996	400	74776476	
8951	-950	-6886	-6231	-20976	7778	-50	-124	-76	401	2001	401	74776476	
8494	-766	-8050	-6112	-21345	7711	-58	-122	-88	402	2006	402	74776477	
8154	-528	-9088	-6097	-21532	7700	-58	-122	-88	403	2011	403	74776477	
7862	-388	-10034	-6101	-21611	7677	-49	-125	-91	404	2016	404	74776477	
7574	-212	-10838	-6195	-21577	7599	-49	-125	-91	405	2021	405	74776524	
7340	-174	-11594	-6344	-21454	7470	-54	-122	-92	406	2026	406	74776630	
7080	-52	-12252	-6427	-21262	7303	-54	-122	-92	407	2031	407	74776631	
6912	-106	-12530	-6472	-21075	7125	-43	-121	-99	408	2036	408	74776631	
6820	-292	-12792	-6589	-20833	6955	-43	-121	-99	409	2041	409	74776631	
6742	-672	-12982	-6773	-20568	6756	-46	-118	-106	410	2046	410	74776632	
6730	-924	-13261	-7148	-20242	6460	-46	-117	-107	411	2051	411	74776632	
6700	-1054	-13424	-7559	-20089	6263	-48	-110	-110	412	2056	412	74776632	
6572	-1026	-13416	-8225	-20021	6007	-48	-110	-110	413	2061	413	74776632	
6524	-928	-13476	-8963	-19960	5767	-47	-113	-117	414	2066	414	74776633	
6320	-682	-13346	-9726	-19902	5549	-47	-113	-117	415	2071	415	74776633	
6072	-342	-13306	-10374	-19863	5322	-53	-109	-113	416	2076	416	74776633	
5676	158	-13292	-10910	-19827	5123	-53	-109	-113	417	2081	417	74776634	
5298	536	-13250	-11429	-19762	4926	-45	-107	-127	418	2086	418	74776634	
4883	1234	-13287	-11861	-19706	4710	-44	-107	-127	419	2091	419	74776648	
4548	1846	-13379	-12109	-19707	4543	-41	-107	-125	420	2096	420	74776648	
4134	2292	-13642	-12401	-19710	4390	-41	-106	-126	421	2101	421	74776648	
3586	2591	-13981	-12775	-19621	4218	-40	-102	-128	422	2106	422	74776648	
3060	2633	-14394	-13091	-19436	4067	-41	-102	-129	423	2111	423	74776649	
2467	2474	-14970	-13349	-19168	3921	-47	-103	-135	424	2116	424	74776649	
1860	2161	-15731	-13584	-18835	3768	-48	-102	-137	425	2121	425	74776649	
1372	1775	-16412	-13774	-18460	3595	-53	-99	-143	426	2126	426	74776664	
910	1374	-17296	-13878	-18054	3426	-54	-100	-144	427	2131	427	74776721	
544	1226	-18217	-13937	-17626	3219	-58	-102	-148	428	2136	428	74776721	
269	1247	-19019	-13924	-17263	3018	-57	-98	-148	429	2141	429	74776721	
14	1363	-19756	-13793	-16884	2809	-55	-93	-149	430	2146	430	74776721	
-182	1644	-20427	-13511	-16492	2605	-57	-93	-150	431	2151	431	74776722	
-272	1950	-21089	-13018	-16026	2420	-60	-92	-152	432	2156	432	74776722	
-215	2240	-21688	-12329	-15630	2243	-57	-90	-155	433	2161	433	74776722	
-187	2481	-22137	-11511	-15385	2090	-52	-86	-160	434	2166	434	74776722	
-176	2668	-22593	-10568	-14983	1974	-55	-86	-160	435	2171	435	74776723	
38	2840	-23115	-9297	-14430	1827	-62	-84	-158	436	2176	436	74776723	
241	2962	-23492	-8107	-13939	1672	-60	-83	-159	437	2181	437	74776723	
406	2986	-23895	-6820	-13450	1520	-57	-81	-161	438	2186	438	74776723	
601	2792	-24186	-5514	-12967	1426	-59	-82	-163	439	2191	439	74776767	
790	2410	-24458	-4323	-12473	1355	-61	-83	-167	440	2196	440	74776831	
950	2029	-24718	-3333	-11970	1257	-62	-81	-168	441	2201	441	74776831	
1034	1746	-24819	-2556	-11540	1124	-64	-78	-170	442	2206	442	74776831	
1073	1593	-24824	-1903	-11146	963	-61	-77	-172	443	2211	443	74776832	
1116	1535	-24948	-1380	-10729	797	-57	-75	-173	444	2216	444	74776832	
1038	1565	-24960	-976	-10257	630	-59	-76	-175	445	2221	445	74776832	
866	1504	-24976	-668	-9682	425	-60	-76	-176	446	2226	446	74776832	
702	1365	-24823	-459	-9012	226	-61	-73	-177	447	2231	447	74776833	
393	1180	-24753	-358	-8280	87	-61	-71	-177	448	2236	448	74776833	
133	1124	-24656	-374	-7492	25	-59	-69	-180	449	2241	449	74776833	
-14	1233	-24561	-614	-6640	60	-58	-68	-182	450	2246	450	74776834	
-176	1447	-24377	-1132	-5771	145	-59	-67	-180	451	2251	451	74776848	
-315	1745	-23913	-1684	-4854	196	-59	-67	-179	452	2256	452	74776858	
-250	1964	-23382	-1982	-4024	269	-57	-69	-181	453	2261	453	74776859	
-182	1986	-22782	-2216	-3202	438	-57	-69	-181	454	2266	454	74776859	
-229	1908	-22146	-2270	-2377	546	-59	-65	-179	455	2271	455	74776860	
-252	1702	-21489	-2101	-1648	560	-60	-64	-178	456	2276	456	74776860	
-304	1537	-20744	-1752	-881	564	-61	-69	-178	457	2281	457	74776860	
-312	1398	-19979	-1297	-155	583	-62	-72	-178	458	2286	458	74776860	
-237	1430	-19300	-849	434	590	-61	-70	-182	459	2291	459	74776861	
-74	1657	-18565	-330	1031	536	-60	-68	-184	460	2296	460	74776861	
144	1744	-17884	254	1533	462	-66	-72	-180	461	2301	461	74776861	
252	1717	-17268	815	1889	426	-67	-73	-179	462	2306	462	74776862	
306	1529	-16679	1356	2199	391	-64	-70	-182	463	2311	463	74776862	
497	1313	-16196	1938	2498	338	-63	-69	-183	464	2316	464	74776878	
670	1102	-15864	2494	2721	277	-55	-67	-178	465	2321	465	74776882	
803	905	-15470	2893	2862	231	-53	-67	-177	466	2326	466	74776883	
972	868	-15040	3100	2913	184	-63	-74	-176	467	2331	467	74776883	
1026	996	-15013	3192	2933	141	-66	-76	-176	468	2336	468	74776883	
1242	1280	-14908	3275	2982	123	-59	-73	-175	469	2341	469	74776883	
1298	1328	-14822	3329	3000	119	-59	-73	-175	470	2346	470	74776884	
1460	1340	-14742	3378	2998	154	-58	-72	-176	471	2351	471	74776884	
1496	1228	-14694	3497	3001	158	-58	-72	-176	472	2356	472	74776885	
1574	1168	-14772	3515	2997	164	-60	-74	-178	473	2361	473	74776885	
1734	1014	-14562	3472	2953	188	-60	-74	-178	474	2366	474	74776885	
1938	946	-14548	3419	2861	195	-58	-78	-180	475	2371	475	74776885	
2072	1058	-14520	3328	2778	145	-58	-78	-180	476	2376	476	74776886	
2196	1165	-14463	3226	2655	162	-51	-71	-175	477	2381	477	74776886	
2299	1217	-14370	3259	2563	196	-52	-73	-176	478	2386	478	74776894	
2416	1180	-14288	3376	2477	236	-54	-80	-178	479	2391	479	74776931	
2578	1080	-14196	3594	2371	273	-54	-80	-178	480	2396	480	74776931	
2638	928	-13952	3812	2260	282	-53	-71	-177	481	2401	481	74776933	
2744	718	-13936	4014	2173	306	-53	-71	-177	482	2406	482	74777011	
2866	508	-13880	4149	2061	362	-53	-77	-173	483	2411	483	74777011	
2908	382	-13754	4270	1906	447	-53	-77	-173	484	2416	484	74777011	
3054	208	-13714	4345	1740	535	-50	-72	-174	485	2421	485	74777011	
3144	14	-13715	4381	1547	637	-50	-73	-174	486	2426	486	74777012	
3180	-176	-13576	4400	1379	734	-50	-76	-176	487	2431	487	74777013	
3205	-382	-13528	4375	1211	831	-49	-76	-176	488	2436	488	74777013	
3287	-582	-13580	4254	1026	906	-46	-76	-174	489	2441	489	74777013	
3337	-709	-13523	4089	832	952	-49	-77	-174	490	2446	490	74777014	
3299	-861	-13471	3885	641	1002	-61	-83	-173	491	2451	491	74777014	
3320	-956	-13499	3648	435	1072	-59	-81	-171	492	2456	492	74777014	
3337	-1037	-13389	3364	220	1149	-49	-75	-165	493	2461	493	74777032	
3343	-1143	-13410	3038	-5	1232	-49	-77	-167	494	2466	494	74777084	
3249	-1195	-13441	2697	-196	1293	-49	-81	-171	495	2471	495	74777085	
3152	-1274	-13475	2330	-386	1336	-50	-81	-171	496	2476	496	74777085	
3128	-1325	-13426	1968	-578	1361	-51	-81	-171	497	2481	497	74777085	
3095	-1369	-13488	1605	-764	1377	-48	-78	-171	498	2486	498	74777085	
3072	-1400	-13519	1226	-941	1370	-44	-74	-170	499	2491	499	74777086	
3034	-1416	-13519	869	-1109	1340	-45	-76	-168	500	2496	500	74777086	
3013	-1384	-13506	549	-1260	1301	-47	-79	-165	501	2501	501	74777086	
3025	-1331	-13582	148	-1432	1237	-45	-77	-168	502	2506	502	74777086	
3036	-1230	-13491	-263	-1613	1161	-40	-72	-176	503	2511	503	74777087	
3045	-1144	-13488	-542	-1767	1093	-42	-75	-172	504	2516	504	74777087	
3009	-1087	-13514	-763	-1902	1018	-45	-79	-167	505	2521	505	74777087	
2957	-1076	-13520	-942	-2017	953	-45	-79	-169	506	2526	506	74777088	
2912	-1070	-13531	-1071	-2116	888	-44	-78	-172	507	2531	507	74777088	
