-16048	-5732	-2976	448	115	-1084	10	152	-156	1	1	1	74738941	
-16020	-5684	-2902	273	175	-1055	10	152	-156	2	6	2	74738941	
-16078	-5660	-2822	73	229	-1027	9	151	-149	3	11	3	74739014	
-16080	-5556	-2738	-128	294	-980	9	151	-149	4	16	4	74739014	
-16072	-5342	-2752	-324	390	-911	9	151	-149	5	21	5	74739014	
-16040	-5256	-2636	-501	503	-828	9	151	-149	6	26	6	74739015	
-15884	-5070	-2654	-638	614	-739	6	150	-156	7	31	7	74739015	
-15770	-4872	-2546	-712	726	-603	6	150	-155	8	36	8	74739015	
-15714	-4804	-2486	-757	822	-479	5	151	-153	9	41	9	74739015	
-15636	-4724	-2439	-811	909	-363	6	151	-154	10	46	10	74739016	
-15596	-4604	-2411	-858	984	-242	8	150	-158	11	51	11	74739016	
-15492	-4498	-2374	-929	1089	-116	7	151	-159	12	56	12	74739016	
-15414	-4418	-2336	-994	1183	-12	4	154	-162	13	61	13	74739016	
-15322	-4340	-2242	-1097	1297	113	4	154	-162	14	66	14	74739065	
-15304	-4186	-2186	-1175	1394	247	9	155	-157	15	71	15	74739068	
-15244	-4163	-2136	-1213	1485	416	9	155	-156	16	76	16	74739068	
-15256	-4076	-1997	-1198	1509	565	8	156	-154	17	81	17	74739068	
-15286	-4105	-2044	-1164	1497	737	7	155	-153	18	86	18	74739069	
-15397	-4142	-2044	-1094	1487	906	5	153	-151	19	91	19	74739069	
-15453	-4235	-2018	-1009	1476	1086	6	152	-152	20	96	20	74739069	
-15499	-4342	-2063	-958	1466	1267	8	148	-156	21	101	21	74739070	
-15630	-4429	-2042	-908	1466	1443	8	148	-155	22	106	22	74739070	
-15782	-4560	-2026	-839	1499	1601	7	149	-153	23	111	23	74739070	
-15932	-4757	-1983	-755	1559	1700	6	149	-154	24	116	24	74739070	
-16122	-4908	-1893	-693	1646	1744	0	150	-160	25	121	25	74739071	
-16172	-4941	-1820	-633	1777	1829	2	151	-159	26	126	26	74739071	
-16251	-4908	-1935	-585	1949	1986	9	153	-153	27	131	27	74739071	
-16327	-4820	-2256	-608	2183	2212	7	151	-153	28	136	28	74739076	
-16422	-4562	-2578	-573	2574	2463	1	145	-151	29	141	29	74739092	
-16566	-4057	-2930	-56	3204	2767	2	145	-153	30	146	30	74739092	
-16492	-3480	-3053	1179	4025	3149	5	147	-159	31	151	31	74739092	
-16095	-2864	-3033	2932	4825	3614	5	148	-159	32	156	32	74739093	
-15532	-2181	-2880	4937	5295	4175	4	150	-158	33	161	33	74739113	
-15055	-1634	-2702	6588	5377	4719	1	148	-161	34	166	34	74739163	
-14611	-1186	-2530	7994	5204	5323	-3	145	-165	35	171	35	74739197	
-14306	-880	-2425	8995	4848	5939	1	145	-163	36	176	36	74739197	
-14197	-775	-2324	9544	4424	6455	6	146	-160	37	181	37	74739197	
-14203	-828	-2325	9760	4060	6841	6	146	-160	38	186	38	74739198	
-14182	-976	-2387	9709	3802	7205	5	147	-159	39	191	39	74739198	
-14175	-1269	-2485	9522	3683	7493	6	146	-161	40	196	40	74739198	
-14109	-1772	-2533	9351	3586	7667	8	144	-166	41	201	41	74739198	
-14231	-2103	-2660	9255	3521	7703	9	145	-165	42	206	42	74739199	
-14322	-2439	-2722	9330	3529	7685	11	147	-163	43	211	43	74739218	
-14322	-2880	-2709	9551	3591	7650	7	146	-163	44	216	44	74739247	
-14396	-3283	-2551	9764	3636	7639	0	144	-162	45	221	45	74739247	
-14537	-3620	-2349	9925	3649	7679	4	144	-162	46	226	46	74739248	
-14735	-3868	-2064	10089	3632	7732	11	145	-163	47	231	47	74739248	
-15002	-4142	-1973	10286	3560	7773	11	144	-164	48	236	48	74739248	
-15324	-4416	-1975	10422	3456	7808	12	142	-166	49	241	49	74739269	
-15632	-4547	-1961	10367	3351	7854	10	145	-166	50	246	50	74739300	
-15998	-4460	-2088	10147	3270	7937	7	149	-165	51	251	51	74739300	
-16352	-4095	-2184	9898	3261	8087	7	147	-164	52	256	52	74739301	
-16464	-3618	-2202	9670	3334	8345	7	143	-163	53	261	53	74739301	
-16387	-3093	-2132	9386	3395	8706	8	143	-163	54	266	54	74739301	
-16242	-2576	-1958	8888	3310	9168	10	142	-164	55	271	55	74739301	
-16138	-2145	-1632	8139	3005	9746	10	143	-164	56	276	56	74739302	
-16330	-1692	-1345	7211	2429	10422	9	145	-165	57	281	57	74739302	
-16697	-1244	-1110	6413	1743	11071	11	144	-164	58	286	58	74739302	
-17097	-958	-1069	5962	1183	11576	13	143	-163	59	291	59	74739303	
-17529	-764	-960	5872	783	11978	11	141	-162	60	296	60	74739303	
-17840	-663	-832	6067	564	12311	10	140	-162	61	301	61	74739303	
-18064	-624	-745	6397	414	12640	8	142	-163	62	306	62	74739313	
-18256	-528	-654	6824	262	12991	5	145	-165	63	311	63	74739328	
-18402	-318	-598	7289	142	13334	5	146	-166	64	316	64	74739329	
-18519	-125	-557	7766	86	13715	5	147	-167	65	321	65	74739329	
-18657	-12	-503	8259	21	14211	3	144	-164	66	326	66	74739329	
-18788	-9	-443	8564	-133	14772	0	140	-160	67	331	67	74739330	
-18849	44	-415	8626	-340	15353	4	141	-160	68	336	68	74739330	
-18935	194	-374	8574	-555	15989	6	142	-160	69	341	69	74739330	
-18978	310	-351	8498	-751	16623	5	143	-164	70	346	70	74739331	
-18990	416	-308	8504	-920	17198	5	143	-167	71	351	71	74739360	
-18982	515	-401	8557	-1046	17699	1	145	-168	72	356	72	74739380	
-18938	553	-500	8586	-1134	18090	-1	147	-169	73	361	73	74739380	
-18944	537	-565	8620	-1228	18454	-4	147	-168	74	366	74	74739380	
-19002	599	-684	8673	-1317	18793	-6	146	-166	75	371	75	74739381	
-19098	761	-719	8731	-1384	19082	-4	146	-167	76	376	76	74739382	
-19268	928	-663	8793	-1451	19406	-2	146	-168	77	381	77	74739382	
-19530	1120	-493	8826	-1538	19772	-4	144	-165	78	386	78	74739382	
-19860	1292	-231	8893	-1652	20174	-5	143	-163	79	391	79	74739382	
-20134	1393	62	9087	-1780	20602	-5	144	-167	80	396	80	74739383	
-20322	1466	121	9437	-1884	21010	-5	145	-169	81	401	81	74739383	
-20448	1432	37	9816	-1942	21393	-9	147	-166	82	406	82	74739383	
-20629	1422	-63	10265	-2006	21778	-12	148	-164	83	411	83	74739383	
-20764	1483	-227	10761	-2046	22082	-8	149	-165	84	416	84	74739384	
-20842	1480	-230	11186	-2042	22313	-7	149	-165	85	421	85	74739395	
-20952	1402	-189	11609	-2010	22533	-17	149	-164	86	426	86	74739433	
-21088	1403	-220	11963	-1943	22768	-23	149	-163	87	431	87	74739454	
-21196	1502	-150	12166	-1887	23051	-18	148	-161	88	436	88	74739454	
-21209	1630	-47	12367	-1867	23407	-14	148	-160	89	441	89	74739455	
-21060	1799	-6	12474	-1911	23819	-16	149	-162	90	446	90	74739455	
-20885	1956	18	12628	-2020	24293	-17	149	-163	91	451	91	74739455	
-20803	2104	24	12750	-2183	24671	-19	143	-162	92	456	92	74739456	
-20758	2299	221	12812	-2374	24922	-20	142	-162	93	461	93	74739456	
-20561	2522	283	13011	-2544	25041	-14	144	-164	94	466	94	74739456	
-20436	2693	411	13385	-2681	25040	-12	144	-164	95	471	95	74739457	
-20274	2556	487	13850	-2821	24954	-25	146	-159	96	476	96	74739498	
-20135	2342	541	14175	-2982	24834	-28	146	-158	97	481	97	74739508	
-20048	2081	596	14329	-3209	24647	-24	145	-162	98	486	98	74739509	
-20032	1621	758	14288	-3536	24372	-22	144	-164	99	491	99	74739509	
-20008	1288	850	14059	-3828	24125	-23	145	-163	100	496	100	74739510	
-19997	1255	851	13641	-4030	23902	-23	145	-163	101	501	101	74739510	
-20009	1391	998	13266	-4225	23698	-29	148	-160	102	506	102	74739510	
-19948	1341	1154	13100	-4363	23560	-31	149	-159	103	511	103	74739511	
-19631	1344	1286	13039	-4431	23473	-28	147	-161	104	516	104	74739511	
-19302	1312	1398	13030	-4540	23424	-27	147	-161	105	521	105	74739511	
-19220	1256	1359	13046	-4682	23376	-28	146	-162	106	526	106	74739529	
-18968	1534	1320	12975	-4793	23309	-28	146	-162	107	531	107	74739534	
-18578	2462	1586	12776	-4934	23263	-30	142	-164	108	536	108	74739534	
-18440	3030	1636	12939	-5045	23222	-30	142	-164	109	541	109	74739535	
-18260	3518	1713	13399	-5205	23095	-33	144	-161	110	546	110	74739535	
-18273	3889	1786	13896	-5448	22914	-34	144	-160	111	551	111	74739535	
-18345	4305	1872	14267	-5687	22716	-36	146	-159	112	556	112	74739536	
-18611	4725	1880	14657	-5846	22533	-37	147	-159	113	561	113	74739536	
-18796	5094	1836	15180	-5869	22361	-40	145	-161	114	566	114	74739536	
-18972	5388	1800	15880	-5764	22129	-41	145	-161	115	571	115	74739536	
-19018	5450	1770	16901	-5511	21787	-39	145	-163	116	576	116	74739536	
-18868	5288	1832	17773	-5280	21457	-39	145	-163	117	581	117	74739615	
-18356	5014	2062	18696	-5191	21090	-39	145	-161	118	586	118	74739615	
-17710	4710	1866	19768	-5386	20712	-39	145	-161	119	591	119	74739616	
-17160	4258	1656	20884	-5787	20228	-36	140	-166	120	596	120	74739616	
-16793	3786	1543	21697	-6145	19751	-36	140	-166	121	601	121	74739616	
-16552	3417	1270	22392	-6467	19129	-38	141	-164	122	606	122	74739617	
-16339	3079	1043	22890	-6629	18461	-39	141	-163	123	611	123	74739617	
-16024	2702	534	23160	-6551	17722	-36	142	-162	124	616	124	74739617	
-15732	2486	56	22914	-6309	17204	-36	142	-162	125	621	125	74739618	
-15560	2404	-498	22210	-5970	16858	-34	146	-160	126	626	126	74739618	
-15326	2592	-772	21187	-5722	16718	-34	146	-160	127	631	127	74739618	
-15128	2838	-938	20073	-5718	16746	-44	146	-160	128	636	128	74739618	
-14980	3038	-1332	18969	-5931	16866	-44	146	-160	129	641	129	74739619	
-15170	3184	-1578	17853	-6076	16989	-36	142	-160	130	646	130	74739619	
-15120	3468	-1724	16745	-6080	17167	-36	142	-160	131	651	131	74739619	
-15140	3944	-1628	15645	-6075	17251	-34	144	-164	132	656	132	74739638	
-15046	4318	-1704	14802	-6051	17215	-34	144	-164	133	661	133	74739666	
-15122	4554	-1970	14130	-6038	17086	-38	142	-162	134	666	134	74739667	
-15000	4916	-2256	13607	-5964	16953	-38	142	-162	135	671	135	74739667	
-14912	5244	-2508	13131	-5811	16787	-32	142	-160	136	676	136	74739667	
-14828	5708	-2514	12735	-5541	16588	-32	142	-160	137	681	137	74739667	
-14784	6164	-2582	12412	-5226	16381	-32	144	-158	138	686	138	74739668	
-14836	6670	-2620	12357	-4835	16224	-32	144	-158	139	691	139	74739668	
-14778	7100	-2754	12125	-4385	16109	-38	144	-158	140	696	140	74739668	
-14848	7410	-2834	11965	-4064	16030	-38	144	-159	141	701	141	74739668	
-14852	7564	-3018	11844	-3952	16011	-40	142	-162	142	706	142	74739679	
-14728	7764	-3201	11637	-3910	15968	-40	143	-163	143	711	143	74739717	
-14708	7934	-3296	11473	-3800	15798	-40	146	-166	144	716	144	74739718	
-14740	7982	-3314	11366	-3643	15575	-40	146	-166	145	721	145	74739718	
-14744	8050	-3040	11268	-3536	15341	-37	143	-157	146	726	146	74739718	
-14786	7940	-3054	11207	-3517	15068	-37	143	-157	147	731	147	74739718	
-14960	7820	-2976	11089	-3460	14801	-38	144	-164	148	736	148	74739719	
-15080	7768	-3110	10849	-3265	14460	-38	144	-164	149	741	149	74739719	
-15090	7858	-3237	10423	-3028	13997	-41	135	-169	150	746	150	74739719	
-15150	8042	-3308	10058	-2829	13569	-41	137	-167	151	751	151	74739719	
-15315	8276	-3480	9723	-2622	13121	-41	143	-161	152	756	152	74739720	
-15382	8542	-3496	9425	-2417	12686	-41	142	-160	153	761	153	74739734	
-15430	8920	-3495	9278	-2270	12262	-41	137	-155	154	766	154	74739793	
-15579	9261	-3605	9345	-2244	11862	-41	138	-157	155	771	155	74739795	
-15832	9467	-3721	9545	-2298	11526	-43	141	-165	156	776	156	74739795	
-15992	9562	-3764	9736	-2375	11296	-43	141	-165	157	781	157	74739796	
-16094	9630	-3794	9952	-2432	11012	-40	142	-162	158	786	158	74739796	
-16062	9598	-3759	10160	-2489	10848	-42	142	-162	159	791	159	74739796	
-15920	9458	-4047	10450	-2561	10730	-48	140	-160	160	796	160	74739797	
-15564	9203	-4241	10645	-2637	10637	-46	140	-160	161	801	161	74739797	
-15109	8861	-4440	10660	-2767	10537	-36	138	-162	162	806	162	74739797	
-14512	8640	-4572	10447	-2969	10425	-37	139	-162	163	811	163	74739802	
-13874	8542	-4808	10055	-3137	10316	-43	141	-163	164	816	164	74739823	
-13152	8578	-4826	9500	-3214	10114	-43	140	-162	165	821	165	74739825	
-12258	8588	-5022	8999	-3118	9895	-44	138	-158	166	826	166	74739825	
-11600	8442	-5186	8628	-2936	9748	-40	139	-161	167	831	167	74739826	
-11046	8287	-5312	8181	-2741	9667	-35	141	-165	168	836	168	74739826	
-10597	8342	-5515	7705	-2545	9627	-36	141	-164	169	841	169	74739826	
-10086	8416	-5616	7236	-2211	9594	-40	142	-160	170	846	170	74739826	
-9605	8186	-5788	6922	-1762	9584	-39	141	-160	171	851	171	74739827	
-9352	8104	-5868	6652	-1281	9545	-36	136	-160	172	856	172	74739827	
-9047	8204	-6034	6258	-788	9502	-37	136	-160	173	861	173	74739827	
-8841	8347	-6076	5869	-297	9374	-40	136	-158	174	866	174	74739843	
-8726	8277	-6161	5590	227	9137	-41	135	-161	175	871	175	74739890	
-8563	8231	-6084	5323	640	8933	-42	134	-166	176	876	176	74739890	
-8517	8176	-6000	5105	1017	8710	-40	137	-165	177	881	177	74739891	
-8598	7998	-5870	4999	1376	8455	-38	142	-164	178	886	178	74739891	
-8795	7905	-5760	4895	1726	8148	-40	139	-164	179	891	179	74739891	
-8987	7929	-5633	4774	2029	7854	-43	135	-163	180	896	180	74739891	
-9075	8017	-5504	4672	2252	7575	-42	135	-162	181	901	181	74739892	
-9258	8223	-5408	4551	2446	7234	-36	134	-160	182	906	182	74739892	
-9457	8642	-5208	4425	2621	6866	-38	134	-161	183	911	183	74739893	
-9640	9083	-4952	4437	2773	6537	-40	134	-162	184	916	184	74739894	
-9686	9364	-4675	4667	2872	6194	-44	132	-164	185	921	185	74739894	
-9635	9329	-4551	5061	2900	5860	-50	130	-166	186	926	186	74739894	
-9487	9120	-4622	5499	2874	5563	-46	131	-166	187	931	187	74739904	
-9248	8794	-4672	5834	2806	5257	-39	133	-165	188	936	188	74739917	
-9022	8507	-4786	5983	2728	4891	-40	131	-166	189	941	189	74739917	
-8752	8145	-4964	6039	2729	4477	-42	128	-168	190	946	190	74739927	
-8269	7729	-5414	6038	2775	3980	-41	127	-167	191	951	191	74739967	
-7631	7433	-5882	5879	2754	3506	-40	126	-166	192	956	192	74739992	
-6987	7261	-6210	5555	2711	3055	-40	127	-166	193	961	193	74739992	
-6301	7184	-6448	5024	2717	2528	-40	128	-166	194	966	194	74739993	
-5756	7166	-6589	4409	2807	1963	-42	130	-166	195	971	195	74740004	
-5409	7110	-6616	3782	3011	1343	-44	132	-166	196	976	196	74740021	
-5311	7073	-6535	3143	3358	686	-42	130	-167	197	981	197	74740042	
-5491	7238	-6398	2447	3872	28	-40	126	-168	198	986	198	74740073	
-5797	7625	-6001	1676	4542	-690	-38	127	-167	199	991	199	74740074	
-6400	8315	-5390	1009	5131	-1382	-35	127	-165	200	996	200	74740074	
-7104	8988	-4859	661	5432	-2007	-37	128	-169	201	1001	201	74740074	
-7766	9663	-4405	647	5520	-2656	-39	129	-171	202	1006	202	74740074	
-8376	10220	-4092	882	5476	-3292	-46	128	-167	203	1011	203	74740075	
-8823	10590	-3946	1261	5385	-3836	-50	128	-164	204	1016	204	74740075	
-9240	10861	-3827	1789	5273	-4341	-45	128	-167	205	1021	205	74740103	
-9655	10949	-3750	2528	5093	-4821	-37	127	-171	206	1026	206	74740146	
-9808	10893	-3887	3430	4787	-5215	-36	128	-171	207	1031	207	74740146	
-9654	10735	-4195	4283	4429	-5483	-35	129	-171	208	1036	208	74740147	
-9218	10480	-4627	4939	4052	-5655	-37	127	-170	209	1041	209	74740148	
-8684	10223	-5052	5439	3545	-5780	-39	125	-169	210	1046	210	74740148	
-8268	9993	-5549	5780	2891	-5860	-33	123	-170	211	1051	211	74740148	
-7960	9658	-5950	6021	2170	-5908	-29	121	-171	212	1056	212	74740149	
-7751	9195	-6274	6182	1523	-5933	-29	122	-170	213	1061	213	74740150	
-7710	8807	-6661	6285	1024	-5944	-29	123	-169	214	1066	214	74740150	
-7703	8568	-7122	6272	690	-5926	-30	124	-173	215	1071	215	74740150	
-7746	8476	-7537	6110	529	-5856	-31	125	-175	216	1076	216	74740151	
-7827	8436	-7800	5868	526	-5742	-27	126	-175	217	1081	217	74740151	
-7892	8406	-7957	5600	616	-5608	-25	127	-175	218	1086	218	74740151	
-8002	8423	-8204	5313	762	-5487	-27	125	-170	219	1091	219	74740151	
-8102	8540	-8459	4943	978	-5390	-29	123	-167	220	1096	220	74740152	
-8180	8762	-8651	4441	1286	-5306	-27	124	-168	221	1101	221	74740152	
-8263	9136	-8867	3886	1607	-5247	-26	124	-168	222	1106	222	74740152	
-8297	9587	-9029	3369	1933	-5201	-22	127	-171	223	1111	223	74740152	
-8192	10245	-9053	2849	2332	-5185	-19	129	-173	224	1116	224	74740208	
-8076	10834	-8867	2542	2651	-5184	-25	124	-173	225	1121	225	74740227	
-8040	11313	-8625	2530	2823	-5196	-27	123	-173	226	1126	226	74740227	
-8142	11568	-8406	2805	2957	-5196	-17	127	-164	227	1131	227	74740227	
-8280	11559	-8271	3235	3068	-5152	-14	128	-162	228	1136	228	74740227	
-8301	11503	-8189	3821	3173	-5097	-18	129	-169	229	1141	229	74740228	
-8159	11279	-8195	4508	3264	-5010	-21	129	-173	230	1146	230	74740228	
-7959	10840	-8150	5111	3311	-4888	-19	124	-175	231	1151	231	74740228	
-7879	10319	-8149	5463	3362	-4705	-18	120	-176	232	1156	232	74740229	
-7901	9701	-8218	5548	3521	-4433	-17	124	-168	233	1161	233	74740229	
-7809	9180	-8118	5464	3791	-4225	-17	125	-165	234	1166	234	74740249	
-7530	8911	-7962	5302	4036	-4133	-18	124	-169	235	1171	235	74740255	
-7140	8982	-7869	4996	4065	-4078	-18	124	-170	236	1176	236	74740255	
-6850	9314	-7673	4562	3807	-4015	-17	122	-177	237	1181	237	74740296	
-6795	9492	-7650	4176	3434	-3946	-17	121	-179	238	1186	238	74740307	
-6741	9484	-7787	3927	3176	-3918	-13	123	-175	239	1191	239	74740307	
-6536	9461	-7897	3723	3076	-3937	-12	124	-174	240	1196	240	74740307	
-6061	9358	-7611	3484	2913	-4045	-16	114	-175	241	1201	241	74740307	
-5692	9361	-7345	3348	2486	-4235	-17	111	-175	242	1206	242	74740308	
-5578	9333	-7461	3221	1858	-4470	-14	119	-177	243	1211	243	74740308	
-5916	9086	-8182	2853	1225	-4712	-13	121	-177	244	1216	244	74740308	
-6711	8140	-9397	1818	910	-4999	-12	119	-178	245	1221	245	74740309	
-7584	6326	-11154	57	1260	-5539	-12	118	-178	246	1226	246	74740309	
-7635	4118	-11837	-2282	2416	-6499	-12	120	-175	247	1231	247	74740309	
-6817	2063	-10583	-4380	3642	-7946	-12	120	-174	248	1236	248	74740310	
-5446	-550	-7722	-5555	3879	-10049	-8	118	-178	249	1241	249	74740310	
-4730	-3088	-5588	-5111	2919	-12230	-8	118	-178	250	1246	250	74740328	
-4314	-5564	-4038	-4341	1425	-14429	-12	116	-176	251	1251	251	74740328	
-4149	-7312	-3403	-4534	-231	-16039	-12	116	-176	252	1256	252	74740329	
-4049	-8723	-3036	-5921	-2297	-17635	-11	117	-175	253	1261	253	74740329	
-3610	-9007	-2707	-8172	-4283	-19054	-11	117	-175	254	1266	254	74740329	
-3045	-8114	-2390	-9999	-5985	-20404	-12	123	-171	255	1271	255	74740329	
-2364	-6311	-2429	-10790	-7524	-21560	-12	124	-170	256	1276	256	74740376	
-1868	-3836	-2798	-11013	-8876	-22417	-17	122	-175	257	1281	257	74740388	
-2134	-30	-4122	-11229	-10344	-23200	-18	122	-176	258	1286	258	74740388	
-3490	3304	-5834	-11404	-11364	-23677	-6	126	-172	259	1291	259	74740388	
-5912	6130	-7980	-11252	-11922	-24082	-6	126	-172	260	1296	260	74740389	
-9100	8968	-10020	-10979	-11819	-23923	-3	133	-165	261	1301	261	74740389	
-13574	12778	-11270	-10863	-11210	-23371	-3	133	-165	262	1306	262	74740389	
-18182	15990	-12524	-9228	-10231	-22594	-5	133	-163	263	1311	263	74740389	
-21317	17453	-13247	-6504	-8335	-21478	-5	133	-163	264	1316	264	74740390	
-23482	18775	-13864	-3313	-5558	-20073	-4	135	-162	265	1321	265	74740390	
-24332	19386	-14124	374	-2237	-18610	-4	136	-162	266	1326	266	74740390	
-23666	18710	-13984	3610	365	-17155	-11	131	-167	267	1331	267	74740390	
-22300	17548	-13358	6532	2556	-15621	-11	131	-167	268	1336	268	74740411	
-20184	16336	-11988	8961	4068	-14187	2	136	-166	269	1341	269	74740412	
-18318	14740	-10802	10845	4913	-12817	2	136	-166	270	1346	270	74740412	
-17014	12876	-10076	11653	5119	-11598	2	136	-166	271	1351	271	74740412	
-16304	11036	-9860	11259	4735	-10461	2	136	-166	272	1356	272	74740412	
-15926	9380	-10154	10014	4119	-9311	4	138	-166	273	1361	273	74740412	
-15482	8242	-10654	8241	3754	-8044	4	138	-166	274	1366	274	74740413	
-14902	7508	-11001	6478	3564	-6724	15	131	-169	275	1371	275	74740413	
-14732	7176	-11164	5676	3527	-5864	15	131	-169	276	1376	276	74740413	
-14594	7018	-11382	5298	3626	-4981	11	131	-165	277	1381	277	74740414	
-14422	6820	-11460	5417	3915	-4259	11	131	-165	278	1386	278	74740414	
-14112	6716	-11422	5915	4339	-3818	15	135	-163	279	1391	279	74740414	
-13890	6290	-11458	6822	4822	-3631	15	135	-163	280	1396	280	74740415	
-13460	5672	-11482	7864	5318	-3592	20	132	-172	281	1401	281	74740439	
-12948	5356	-11532	8709	5754	-3616	20	132	-172	282	1406	282	74740439	
-12058	4700	-11131	9352	6173	-3689	19	129	-173	283	1411	283	74740439	
-11365	4097	-10948	9904	6388	-3915	20	129	-172	284	1416	284	74740440	
-10497	3658	-10816	10336	6496	-4170	22	128	-170	285	1421	285	74740440	
-9474	3143	-10736	10425	6457	-4419	22	128	-170	286	1426	286	74740440	
-8787	2435	-10806	10307	6301	-4705	21	127	-171	287	1431	287	74740440	
-8420	2482	-11204	10142	6149	-4953	21	127	-171	288	1436	288	74740441	
-7684	1962	-11118	9540	5948	-5109	24	128	-166	289	1441	289	74740441	
-7534	1614	-11682	8908	5716	-5475	24	128	-166	290	1446	290	74740441	
-7299	1364	-11366	7481	5406	-5878	25	129	-169	291	1451	291	74740460	
-7403	1278	-11198	6272	5080	-6364	25	128	-169	292	1456	292	74740460	
-7701	1644	-11071	5201	4909	-6745	24	126	-170	293	1461	293	74740466	
-7934	2103	-10952	4127	4819	-7142	25	126	-170	294	1466	294	74740491	
-7936	2287	-10937	2807	4688	-7468	30	128	-168	295	1471	295	74740492	
-8108	2358	-11104	1284	4472	-7981	31	128	-168	296	1476	296	74740492	
-8186	3250	-10638	-242	4309	-8361	34	126	-166	297	1481	297	74740492	
-8460	4066	-10058	-1397	4046	-8677	34	126	-167	298	1486	298	74740492	
-8732	4566	-9802	-1886	3819	-8897	32	124	-170	299	1491	299	74740493	
-8869	5250	-9556	-2065	3758	-8928	31	125	-170	300	1496	300	74740493	
-9398	5781	-9270	-1994	3717	-8890	29	127	-171	301	1501	301	74740493	
-9875	6618	-9085	-1687	3592	-8688	31	127	-171	302	1506	302	74740493	
-10514	7924	-8964	-1230	3548	-8332	38	126	-170	303	1511	303	74740494	
-11072	8686	-8383	-557	3725	-7776	36	125	-171	304	1516	304	74740494	
-11531	8921	-8000	507	4064	-7322	29	121	-173	305	1521	305	74740494	
-11794	9031	-7607	1726	4673	-6945	30	122	-173	306	1526	306	74740498	
-11840	9383	-7154	2916	5341	-6448	35	125	-171	307	1531	307	74740513	
-11436	9570	-6708	4720	5994	-5857	35	125	-172	308	1536	308	74740513	
-10809	9422	-6519	6905	6524	-5422	35	125	-173	309	1541	309	74740514	
-9945	8728	-6508	9371	6981	-5068	36	122	-173	310	1546	310	74740514	
-9097	7742	-6491	11614	7249	-4884	38	118	-174	311	1551	311	74740514	
-8480	6709	-6523	13534	7305	-4894	38	117	-173	312	1556	312	74740530	
-7998	5596	-6399	15503	7123	-5047	37	113	-171	313	1561	313	74740593	
-7819	4658	-6281	17157	6770	-5220	38	113	-172	314	1566	314	74740593	
-7818	3852	-6205	18543	6360	-5377	43	111	-175	315	1571	315	74740593	
-7854	3154	-6507	19854	6000	-5557	45	113	-173	316	1576	316	74740594	
-7777	2776	-6951	20838	5779	-5650	49	117	-171	317	1581	317	74740594	
-7669	2439	-7174	21584	5598	-5615	50	114	-173	318	1586	318	74740595	
-7726	2071	-7316	22184	5462	-5490	51	109	-175	319	1591	319	74740624	
-7813	1630	-7394	22748	5398	-5277	51	110	-173	320	1596	320	74740668	
-7810	1274	-7333	23291	5435	-5025	52	112	-170	321	1601	321	74740668	
-7480	792	-7148	23871	5461	-4718	56	111	-171	322	1606	322	74740668	
-7015	159	-7199	24548	5294	-4458	61	109	-173	323	1611	323	74740669	
-6600	-435	-7462	25273	4884	-4250	60	109	-172	324	1616	324	74740669	
-6434	-1045	-7711	26014	4090	-4027	58	108	-168	325	1621	325	74740669	
-6697	-1415	-7950	26330	3239	-3880	61	108	-168	326	1626	326	74740669	
-7215	-1670	-8250	26253	2316	-3776	65	107	-167	327	1631	327	74740670	
-7881	-1946	-8699	25864	1390	-3664	69	110	-167	328	1636	328	74740670	
-8664	-1924	-9286	25400	547	-3522	74	114	-166	329	1641	329	74740670	
-9456	-1429	-9818	25090	-155	-3335	77	114	-164	330	1646	330	74740670	
-10067	-943	-10244	24989	-750	-3122	81	113	-161	331	1651	331	74740671	
-10677	-585	-10841	24996	-1415	-2876	83	112	-162	332	1656	332	74740671	
-10994	-116	-11504	24884	-1989	-2491	84	110	-162	333	1661	333	74740672	
-10998	284	-12162	24656	-2299	-2077	86	115	-158	334	1666	334	74740686	
-10848	612	-12726	24398	-2431	-1728	87	119	-155	335	1671	335	74740697	
-10684	898	-13167	24120	-2456	-1421	89	117	-155	336	1676	336	74740697	
-10473	1177	-13555	23790	-2471	-1119	93	113	-155	337	1681	337	74740697	
-10206	1468	-13834	23359	-2626	-795	94	115	-154	338	1686	338	74740697	
-10166	1588	-13818	22817	-2899	-424	95	117	-153	339	1691	339	74740697	
-10359	1384	-13690	22276	-3119	-82	97	115	-151	340	1696	340	74740698	
-10563	1032	-13686	21620	-3164	253	99	113	-147	341	1701	341	74740698	
-10706	744	-13810	20793	-3094	664	100	118	-146	342	1706	342	74740698	
-10716	647	-14073	20049	-2915	1118	101	121	-145	343	1711	343	74740699	
-10518	756	-14307	19455	-2560	1655	103	120	-143	344	1716	344	74740699	
-10142	846	-14341	18994	-2079	2308	104	120	-142	345	1721	345	74740700	
-9683	791	-14177	18591	-1683	3024	105	119	-147	346	1726	346	74740711	
-9332	573	-13932	18269	-1552	3653	105	119	-151	347	1731	347	74740719	
-9149	148	-13674	17966	-1626	4208	105	119	-147	348	1736	348	74740720	
-9185	-553	-13386	17638	-1833	4720	104	120	-142	349	1741	349	74740721	
-9233	-1318	-13090	17440	-1931	5044	102	123	-139	350	1746	350	74740736	
-9160	-2117	-12866	17468	-1884	5175	101	125	-137	351	1751	351	74740747	
-9131	-2922	-12806	17711	-1755	5164	108	127	-135	352	1756	352	74740747	
-9171	-3713	-12876	17992	-1577	5033	112	128	-134	353	1761	353	74740747	
-9257	-4422	-13004	18198	-1369	4834	110	129	-132	354	1766	354	74740747	
-9508	-4941	-13132	18321	-1193	4612	109	129	-131	355	1771	355	74740748	
-9930	-5240	-13186	18464	-1056	4344	113	133	-134	356	1776	356	74740748	
-10455	-5497	-13192	18746	-933	4006	116	136	-136	357	1781	357	74740749	
-11047	-5891	-13221	19382	-836	3508	112	129	-132	358	1786	358	74740749	
-11533	-6373	-13114	20145	-730	2961	111	127	-131	359	1791	359	74740749	
-11976	-6866	-12907	21078	-499	2203	109	129	-133	360	1796	360	74740749	
-12298	-7414	-12747	22223	-74	1143	107	131	-135	361	1801	361	74740750	
-12548	-8159	-12699	23510	480	-150	112	132	-130	362	1806	362	74740750	
-12781	-9140	-12946	24940	1061	-1594	115	133	-127	363	1811	363	74740750	
-12882	-10214	-13414	26467	1631	-3121	116	135	-126	364	1816	364	74740763	
-12729	-11260	-13789	27954	2193	-4703	116	136	-126	365	1821	365	74740772	
-12226	-12528	-14037	29448	2801	-6599	118	132	-124	366	1826	366	74740812	
-11502	-13836	-13973	30330	3286	-8350	119	131	-123	367	1831	367	74740827	
-10772	-15023	-13757	30517	3701	-9947	123	132	-117	368	1836	368	74740828	
-9948	-16110	-13532	30069	4101	-11342	124	132	-116	369	1841	369	74740828	
-9252	-17076	-13309	29164	4459	-12642	128	128	-112	370	1846	370	74740829	
-8623	-17819	-13164	28167	4726	-13642	129	127	-111	371	1851	371	74740829	
-7893	-18610	-13083	26930	4994	-14563	130	125	-111	372	1856	372	74740829	
-7121	-19335	-12994	25204	5251	-15420	131	123	-111	373	1861	373	74740830	
-6249	-19931	-12741	22474	5435	-16246	133	126	-104	374	1866	374	74740830	
-5543	-20185	-12331	19473	5474	-16870	133	127	-101	375	1871	375	74740844	
-5094	-20223	-11864	16488	5338	-17367	134	121	-110	376	1876	376	74740873	
-4968	-19838	-11568	13593	5050	-17777	134	120	-112	377	1881	377	74740879	
-5220	-19280	-11376	10924	4693	-18126	138	122	-105	378	1886	378	74740879	
-5852	-18569	-11289	8687	4261	-18443	139	123	-103	379	1891	379	74740880	
-6576	-17650	-11391	6919	3772	-18695	146	117	-97	380	1896	380	74740880	
-6989	-16525	-11329	5540	3345	-18869	148	116	-96	381	1901	381	74740881	
-6907	-15319	-11221	4610	2991	-19051	151	113	-106	382	1906	382	74740881	
-6579	-14154	-11210	4158	2721	-19273	152	112	-108	383	1911	383	74740881	
-6284	-13292	-11156	4173	2633	-19529	149	110	-105	384	1916	384	74740881	
-5951	-12636	-11020	4605	2709	-19804	148	110	-104	385	1921	385	74740882	
-5823	-12323	-10814	5359	2936	-20066	154	106	-103	386	1926	386	74740882	
-5683	-12250	-10704	6252	3229	-20199	155	105	-103	387	1931	387	74740882	
-5441	-12271	-10496	7060	3498	-20128	155	102	-103	388	1936	388	74740882	
-5084	-12451	-10115	7588	3651	-19839	155	101	-103	389	1941	389	74740883	
-4658	-12723	-9842	7791	3605	-19414	161	102	-105	390	1946	390	74740895	
-4314	-13216	-9388	7663	3288	-18850	162	102	-106	391	1951	391	74741003	
-4174	-13640	-9054	7206	2882	-18405	153	91	-101	392	1956	392	74741005	
-4152	-14130	-8812	6640	2487	-18053	153	91	-101	393	1961	393	74741006	
-4244	-14670	-8830	6016	2208	-17787	164	100	-108	394	1966	394	74741006	
-4231	-15217	-8905	5369	2092	-17596	164	100	-108	395	1971	395	74741008	
-4233	-15716	-8851	4438	2007	-17372	158	94	-106	396	1976	396	74741026	
-4183	-16099	-8704	3269	1931	-17095	157	93	-105	397	1981	397	74741032	
-4178	-16400	-8550	1885	1815	-16808	167	86	-101	398	1986	398	74741034	
-4182	-16598	-8406	68	1625	-16447	170	84	-100	399	1991	399	74741034	
-4268	-16518	-8212	-1524	1439	-16102	162	78	-110	400	1996	400	74741034	
-4352	-16348	-7834	-3105	1249	-15733	162	78	-110	401	2001	401	74741035	
-4550	-15946	-7462	-4579	1016	-15367	161	77	-103	402	2006	402	74741035	
-4788	-15546	-6990	-5845	722	-15003	161	77	-103	403	2011	403	74741035	
-5080	-15122	-6616	-6920	393	-14682	170	74	-108	404	2016	404	74741036	
-5156	-14640	-6096	-7763	65	-14394	170	74	-108	405	2021	405	74741036	
-5420	-14052	-5634	-8427	-237	-14177	162	76	-112	406	2026	406	74741037	
-5588	-13537	-5329	-8755	-496	-14035	162	76	-112	407	2031	407	74741037	
-5936	-12880	-4976	-8961	-782	-13882	171	69	-107	408	2036	408	74741037	
-5948	-12364	-4786	-8906	-970	-13819	171	69	-107	409	2041	409	74741058	
-6062	-12008	-4366	-8653	-1112	-13775	173	67	-117	410	2046	410	74741058	
-6036	-11560	-4330	-8322	-1188	-13697	173	67	-117	411	2051	411	74741058	
-5978	-11204	-3930	-7917	-1248	-13591	165	61	-119	412	2056	412	74741059	
-5970	-10864	-3732	-7326	-1275	-13487	165	61	-119	413	2061	413	74741059	
-5996	-10770	-3568	-6504	-1246	-13370	165	61	-121	414	2066	414	74741059	
-6320	-10606	-3428	-5589	-1155	-13329	165	61	-121	415	2071	415	74741060	
-6711	-10561	-3082	-4486	-1005	-13313	164	58	-122	416	2076	416	74741060	
-7021	-10621	-2864	-3442	-912	-13296	165	57	-123	417	2081	417	74741060	
-7346	-10944	-2842	-2450	-829	-13280	167	53	-125	418	2086	418	74741061	
-7638	-11170	-2932	-1385	-726	-13221	167	53	-125	419	2091	419	74741062	
-7854	-11374	-2846	-450	-554	-13091	166	46	-130	420	2096	420	74741062	
-8066	-11754	-2890	444	-352	-12884	166	46	-130	421	2101	421	74741062	
-8190	-12010	-2962	1254	-165	-12635	168	50	-132	422	2106	422	74741084	
-8350	-12018	-2874	1914	-87	-12238	168	50	-132	423	2111	423	74741084	
-8568	-12060	-2810	2666	-67	-12023	170	44	-134	424	2116	424	74741085	
-8996	-12115	-2838	3578	-138	-11591	171	45	-133	425	2121	425	74741085	
-9259	-12602	-2850	4286	-179	-11283	176	48	-128	426	2126	426	74741085	
-9360	-13232	-2980	5015	-154	-10939	175	46	-128	427	2131	427	74741085	
-9470	-13934	-3216	5686	-139	-10536	170	38	-128	428	2136	428	74741086	
-9712	-14457	-3279	6172	-197	-10171	171	38	-128	429	2141	429	74741086	
-10112	-14554	-3342	6571	-344	-9830	177	35	-129	430	2146	430	74741086	
-10554	-14638	-3664	7271	-605	-9221	177	35	-129	431	2151	431	74741087	
-10916	-14512	-4070	8004	-853	-8671	177	41	-127	432	2156	432	74741109	
-11278	-15094	-4644	8930	-1209	-7976	178	41	-127	433	2161	433	74741110	
-11066	-16154	-5324	9600	-1445	-7404	182	42	-128	434	2166	434	74741127	
-10705	-17166	-5792	9735	-1541	-7037	183	42	-128	435	2171	435	74741187	
-10432	-17749	-6236	9295	-1791	-6756	186	40	-126	436	2176	436	74741187	
-10191	-18122	-6630	8646	-2210	-6451	185	39	-125	437	2181	437	74741187	
-9866	-18344	-7051	7869	-2412	-6212	180	34	-120	438	2186	438	74741188	
-9414	-19008	-7379	7253	-2121	-5967	181	33	-121	439	2191	439	74741188	
-9249	-19957	-7914	6631	-1690	-5862	183	29	-125	440	2196	440	74741188	
-8994	-20531	-8737	5454	-1650	-5680	183	31	-123	441	2201	441	74741189	
-8719	-20357	-9176	3992	-1633	-5514	184	36	-120	442	2206	442	74741204	
-8443	-19911	-9196	2111	-1337	-5480	185	35	-119	443	2211	443	74741262	
-8004	-19521	-9052	707	-852	-5516	187	31	-115	444	2216	444	74741263	
-7578	-19243	-8886	-202	-444	-5502	187	31	-116	445	2221	445	74741263	
-7115	-18928	-8847	-833	-280	-5378	187	31	-119	446	2226	446	74741263	
-6745	-18367	-8775	-1278	-172	-5248	186	31	-120	447	2231	447	74741263	
-6275	-17840	-8652	-1484	18	-5133	181	31	-125	448	2236	448	74741264	
-5757	-17442	-8667	-1411	318	-5064	181	30	-124	449	2241	449	74741264	
-5197	-17272	-8479	-1114	671	-5015	181	27	-119	450	2246	450	74741264	
-4750	-17311	-8308	-812	956	-4953	183	29	-119	451	2251	451	74741264	
-4371	-17316	-8030	-541	1212	-4884	185	31	-119	452	2256	452	74741285	
-4039	-17356	-7835	-346	1417	-4810	185	32	-118	453	2261	453	74741315	
-3772	-17390	-7700	-232	1552	-4749	185	33	-115	454	2266	454	74741315	
-3532	-17497	-7410	-186	1623	-4674	185	31	-116	455	2271	455	74741316	
-3430	-17599	-7070	-191	1672	-4578	184	22	-118	456	2276	456	74741316	
-3277	-17743	-6807	-269	1731	-4499	184	22	-119	457	2281	457	74741317	
-3154	-17782	-6436	-410	1783	-4426	185	21	-123	458	2286	458	74741317	
-3055	-17816	-6194	-499	1781	-4357	185	22	-124	459	2291	459	74741317	
-2943	-17799	-5966	-546	1749	-4284	185	23	-125	460	2296	460	74741318	
-2832	-17726	-5801	-597	1706	-4194	186	23	-123	461	2301	461	74741318	
-2801	-17752	-5720	-705	1634	-4090	187	23	-119	462	2306	462	74741318	
-2853	-17714	-5762	-902	1559	-3955	184	23	-120	463	2311	463	74741318	
-2951	-17599	-5798	-1234	1483	-3762	179	23	-121	464	2316	464	74741319	
-3016	-17456	-5964	-1683	1392	-3497	182	23	-122	465	2321	465	74741319	
-3078	-17218	-6125	-2194	1318	-3164	186	22	-124	466	2326	466	74741319	
-3074	-16863	-6279	-2756	1250	-2744	187	21	-124	467	2331	467	74741350	
-2991	-16368	-6370	-3377	1172	-2274	188	20	-124	468	2336	468	74741394	
-2819	-15866	-6435	-4011	1090	-1775	186	19	-122	469	2341	469	74741394	
-2624	-15437	-6476	-4623	989	-1307	184	18	-118	470	2346	470	74741394	
-2462	-14978	-6545	-5197	902	-896	186	19	-120	471	2351	471	74741394	
-2312	-14573	-6682	-5737	797	-442	189	21	-123	472	2356	472	74741395	
-2184	-14263	-6861	-6249	686	9	184	20	-125	473	2361	473	74741395	
-2074	-13924	-7088	-6736	560	436	176	18	-128	474	2366	474	74741396	
-2126	-13745	-7464	-7104	410	779	177	19	-127	475	2371	475	74741396	
-2302	-13640	-7790	-7354	274	1015	178	20	-126	476	2376	476	74741396	
-2548	-13456	-8100	-7470	180	1195	179	18	-129	477	2381	477	74741397	
-2898	-13210	-8406	-7456	115	1338	179	15	-131	478	2386	478	74741397	
-3284	-13067	-8726	-7289	77	1470	177	17	-130	479	2391	479	74741398	
-3613	-13091	-9017	-6994	76	1580	175	19	-129	480	2396	480	74741407	
-3885	-13237	-9472	-6721	48	1670	177	19	-128	481	2401	481	74741420	
-4079	-13504	-10029	-6728	76	1638	179	19	-127	482	2406	482	74741421	
-4463	-13728	-10275	-6906	216	1471	179	19	-129	483	2411	483	74741422	
-4774	-13642	-10322	-6896	262	1426	179	19	-131	484	2416	484	74741453	
-5040	-13453	-10216	-6597	308	1439	175	20	-130	485	2421	485	74741474	
-5276	-13530	-10222	-6051	408	1449	172	20	-130	486	2426	486	74741474	
-5490	-13624	-10056	-5547	560	1491	173	22	-129	487	2431	487	74741475	
-5617	-13627	-9759	-5189	705	1562	173	23	-129	488	2436	488	74741475	
-5636	-13629	-9448	-4974	818	1657	171	24	-130	489	2441	489	74741475	
-5581	-13706	-9121	-4804	873	1861	169	25	-131	490	2446	490	74741475	
-5366	-13694	-8854	-4599	719	2274	170	24	-134	491	2451	491	74741476	
-5059	-13448	-8686	-4438	444	2619	170	22	-136	492	2456	492	74741476	
-4728	-13362	-8562	-4347	332	2783	173	25	-135	493	2461	493	74741476	
-4273	-13506	-8525	-4397	310	2852	175	27	-135	494	2466	494	74741477	
-3880	-13550	-8588	-4721	215	2876	172	25	-137	495	2471	495	74741477	
-3606	-13224	-8556	-5289	0	2851	170	24	-138	496	2476	496	74741487	
-3546	-12833	-8415	-5944	-281	2743	171	23	-138	497	2481	497	74741493	
-3598	-12518	-8274	-6596	-571	2543	172	22	-138	498	2486	498	74741494	
-3601	-12129	-8051	-7316	-868	2274	169	28	-132	499	2491	499	74741494	
-3559	-11715	-7922	-7913	-1143	2078	168	30	-130	500	2496	500	74741494	
-3377	-11239	-7924	-8299	-1362	1910	169	27	-135	501	2501	501	74741495	
-3106	-10748	-7941	-8548	-1576	1704	169	25	-137	502	2506	502	74741495	
-2756	-10337	-7945	-8618	-1754	1427	171	30	-136	503	2511	503	74741495	
-2435	-9977	-7932	-8501	-1829	1117	172	34	-136	504	2516	504	74741528	
-2177	-9658	-7979	-8240	-1779	829	166	33	-137	505	2521	505	74741550	
-1866	-9428	-8090	-7871	-1636	609	162	32	-138	506	2526	506	74741551	
-1669	-9203	-8034	-7448	-1444	434	164	34	-140	507	2531	507	74741551	
-1656	-9082	-7828	-6919	-1228	230	165	35	-141	508	2536	508	74741551	
-1973	-8996	-7724	-6379	-1117	71	167	33	-136	509	2541	509	74741551	
-2308	-9075	-7836	-5807	-1024	-12	167	33	-135	510	2546	510	74741552	
-2278	-9138	-8012	-5175	-879	-42	164	30	-141	511	2551	511	74741552	
-1898	-9259	-8256	-4674	-758	-17	163	29	-143	512	2556	512	74741552	
-1353	-9360	-8554	-4210	-700	13	162	33	-142	513	2561	513	74741552	
-792	-9396	-8937	-3774	-743	39	161	35	-141	514	2566	514	74741599	
-350	-9422	-9359	-3402	-843	86	159	39	-143	515	2571	515	74741631	
-24	-9342	-9810	-3028	-977	175	158	42	-144	516	2576	516	74741669	
167	-9254	-10232	-2679	-1004	274	161	36	-144	517	2581	517	74741681	
306	-9208	-10423	-2340	-997	360	162	34	-144	518	2586	518	74741681	
417	-9298	-10647	-2050	-1135	406	162	31	-142	519	2591	519	74741681	
420	-9527	-11014	-1717	-1392	416	162	30	-142	520	2596	520	74741682	
317	-9743	-11248	-1345	-1579	356	156	35	-142	521	2601	521	74741682	
193	-9906	-11755	-981	-1625	280	154	36	-142	522	2606	522	74741682	
227	-10014	-12190	-624	-1494	191	159	36	-144	523	2611	523	74741682	
360	-10151	-12596	-333	-1248	141	160	36	-144	524	2616	524	74741700	
624	-10239	-12830	-120	-968	122	154	37	-138	525	2621	525	74741729	
839	-10380	-13100	4	-764	161	153	37	-137	526	2626	526	74741735	
958	-10612	-13422	-17	-603	215	160	38	-146	527	2631	527	74741735	
970	-10822	-13734	-226	-428	260	162	38	-148	528	2636	528	74741736	
1059	-11036	-14014	-577	-226	257	161	36	-141	529	2641	529	74741736	
1008	-11235	-14244	-990	-39	225	161	35	-139	530	2646	530	74741736	
1035	-11552	-14307	-1341	147	195	153	35	-139	531	2651	531	74741736	
1076	-11814	-14394	-1635	434	109	151	35	-139	532	2656	532	74741737	
1290	-12042	-14280	-2092	779	4	161	41	-145	533	2661	533	74741737	
1320	-12262	-14108	-2431	976	-147	161	41	-145	534	2666	534	74741737	
1546	-12268	-13836	-2763	1133	-262	158	38	-148	535	2671	535	74741738	
1756	-12155	-13609	-2924	1254	-381	158	38	-148	536	2676	536	74741738	
2070	-12194	-13439	-2980	1372	-518	163	38	-145	537	2681	537	74741738	
2256	-12340	-13264	-2884	1443	-663	164	38	-144	538	2686	538	74741776	
2326	-12623	-13140	-2727	1452	-790	161	36	-144	539	2691	539	74741785	
2157	-12784	-13067	-2659	1366	-901	160	36	-144	540	2696	540	74741785	
1720	-12926	-12924	-2691	1147	-1001	158	36	-144	541	2701	541	74741786	
1278	-13104	-12726	-2711	836	-1082	158	36	-144	542	2706	542	74741786	
912	-13120	-12306	-2705	499	-1181	158	36	-146	543	2711	543	74741786	
424	-13060	-12102	-2690	228	-1264	158	36	-146	544	2716	544	74741786	
70	-12836	-11956	-2607	19	-1330	157	39	-145	545	2721	545	74741787	
-408	-12570	-11864	-2453	-181	-1341	157	39	-145	546	2726	546	74741787	
-782	-12202	-11716	-2204	-351	-1327	153	37	-145	547	2731	547	74741787	
-1070	-11885	-11696	-1924	-463	-1258	153	37	-145	548	2736	548	74741788	
-1486	-11456	-11568	-1448	-544	-1095	155	35	-147	549	2741	549	74741788	
-1718	-11168	-11406	-958	-562	-930	155	35	-147	550	2746	550	74741788	
-2042	-11000	-11202	-396	-577	-758	154	36	-144	551	2751	551	74741807	
-2356	-10872	-11020	168	-581	-606	154	36	-144	552	2756	552	74741807	
-2472	-10902	-10864	712	-545	-495	150	32	-148	553	2761	553	74741807	
-2540	-10926	-10640	1206	-495	-388	150	32	-148	554	2766	554	74741807	
-2546	-10982	-10430	1650	-443	-305	158	36	-150	555	2771	555	74741808	
-2586	-11084	-10314	1963	-440	-244	158	36	-150	556	2776	556	74741810	
-2584	-11076	-10210	2194	-432	-209	155	31	-145	557	2781	557	74741838	
-2565	-11148	-10184	2301	-488	-194	156	33	-146	558	2786	558	74741838	
-2567	-11197	-10064	2254	-568	-203	159	39	-149	559	2791	559	74741838	
-2590	-11132	-10094	2111	-659	-233	159	39	-149	560	2796	560	74741838	
-2708	-11010	-10032	1809	-763	-280	159	35	-149	561	2801	561	74741839	
-2870	-10798	-10150	1396	-893	-357	159	35	-149	562	2806	562	74741839	
-3024	-10472	-10250	960	-1000	-431	156	30	-146	563	2811	563	74741839	
-3120	-10116	-10272	540	-1103	-484	156	30	-146	564	2816	564	74741839	
-3360	-9860	-10254	215	-1142	-573	158	38	-150	565	2821	565	74741840	
-3492	-9513	-10370	-109	-1128	-688	159	37	-149	566	2826	566	74741840	
-3608	-9264	-10420	-292	-1075	-812	161	35	-143	567	2831	567	74741840	
-3808	-9137	-10497	-403	-985	-945	160	36	-143	568	2836	568	74741844	
-3981	-8964	-10569	-409	-919	-1052	156	38	-142	569	2841	569	74741858	
-4141	-8876	-10676	-352	-852	-1135	157	39	-143	570	2846	570	74741860	
-4234	-8808	-10678	-194	-767	-1198	161	41	-147	571	2851	571	74741862	
-4420	-8886	-10708	130	-621	-1312	161	41	-147	572	2856	572	74741862	
-4372	-9014	-10580	473	-459	-1423	152	36	-144	573	2861	573	74741862	
-4420	-9132	-10626	835	-329	-1530	152	36	-144	574	2866	574	74741862	
-4304	-9466	-10642	1294	-196	-1686	147	33	-151	575	2871	575	74741913	
-4162	-9810	-10663	1656	-106	-1818	149	33	-151	576	2876	576	74741915	
-4058	-10190	-10680	1980	-48	-1948	159	33	-149	577	2881	577	74741915	
-3989	-10494	-10699	2235	9	-2069	160	33	-148	578	2886	578	74741916	
-3762	-10939	-10696	2415	43	-2155	163	35	-145	579	2891	579	74741916	
-3597	-11294	-10760	2510	66	-2201	162	35	-145	580	2896	580	74741916	
-3512	-11640	-10780	2519	31	-2220	160	34	-146	581	2901	581	74741916	
-3349	-11973	-10862	2544	-54	-2171	159	36	-146	582	2906	582	74741917	
-3209	-12250	-10909	2626	-134	-2150	155	43	-145	583	2911	583	74741917	
-3052	-12470	-10948	2733	-195	-2112	157	42	-145	584	2916	584	74741917	
-2918	-12712	-10905	2881	-231	-2090	164	38	-146	585	2921	585	74741917	
-2760	-12880	-10933	3065	-258	-2084	164	36	-146	586	2926	586	74741918	
-2686	-13061	-10918	3298	-263	-2076	162	28	-148	587	2931	587	74741922	
-2582	-13266	-10863	3565	-264	-2037	161	29	-148	588	2936	588	74741939	
-2552	-13422	-10794	3833	-241	-1996	159	31	-147	589	2941	589	74741939	
-2423	-13706	-10746	4074	-222	-1961	161	31	-148	590	2946	590	74741940	
-2278	-13994	-10719	4226	-214	-1913	165	29	-149	591	2951	591	74741940	
-2187	-14188	-10710	4250	-223	-1854	163	30	-147	592	2956	592	74741940	
-2126	-14355	-10576	4206	-253	-1788	161	31	-145	593	2961	593	74741993	
-2076	-14487	-10449	4113	-305	-1705	163	30	-146	594	2966	594	74742070	
-1993	-14548	-10374	3973	-357	-1615	166	28	-148	595	2971	595	74742070	
-1953	-14526	-10188	3775	-411	-1513	166	28	-148	596	2976	596	74742071	
-1904	-14543	-10114	3580	-477	-1419	164	30	-148	597	2981	597	74742071	
-1903	-14488	-9924	3399	-554	-1341	163	30	-148	598	2986	598	74742071	
-1966	-14419	-9797	3219	-617	-1252	158	28	-146	599	2991	599	74742072	
-1955	-14258	-9631	3013	-658	-1143	158	28	-145	600	2996	600	74742072	
-1928	-14183	-9503	2818	-694	-1064	159	29	-143	601	3001	601	74742073	
-1938	-14031	-9459	2588	-736	-1004	163	30	-141	602	3006	602	74742080	
-2013	-13903	-9389	2335	-780	-938	169	31	-139	603	3011	603	74742112	
-2071	-13756	-9296	2074	-810	-865	167	31	-141	604	3016	604	74742146	
-2043	-13592	-9242	1769	-813	-788	164	32	-144	605	3021	605	74742147	
-2099	-13427	-9185	1494	-788	-724	166	33	-143	606	3026	606	74742147	
-2162	-13298	-9150	1261	-786	-656	170	34	-140	607	3031	607	74742147	
-2173	-13119	-9133	1007	-774	-574	166	32	-141	608	3036	608	74742148	
-2271	-12994	-9021	796	-745	-521	161	29	-143	609	3041	609	74742148	
-2299	-12877	-8946	603	-717	-453	164	31	-142	610	3046	610	74742148	
-2326	-12726	-8854	447	-680	-378	169	33	-141	611	3051	611	74742149	
-2409	-12644	-8796	363	-628	-320	169	34	-142	612	3056	612	74742149	
-2481	-12595	-8778	309	-567	-289	168	36	-144	613	3061	613	74742150	
-2575	-12578	-8802	238	-507	-267	167	32	-144	614	3066	614	74742150	
-2607	-12627	-8861	171	-453	-251	165	27	-143	615	3071	615	74742150	
-2594	-12703	-8882	112	-387	-266	167	27	-142	616	3076	616	74742174	
-2560	-12759	-8850	-5	-318	-307	168	26	-140	617	3081	617	74742198	
