-17406	3049	-2108	271	1190	1523	-11	154	-161	1	1	1	74818600	
-17552	3140	-1936	138	1129	1650	-12	154	-162	2	6	2	74818600	
-17650	3338	-1786	11	1070	1789	-8	155	-164	3	11	3	74818600	
-17798	3513	-1686	-80	997	1908	-7	155	-165	4	16	4	74818601	
-17985	3676	-1514	-151	943	2010	-6	151	-166	5	21	5	74818601	
-18220	3954	-1418	-234	893	2115	-6	150	-166	6	26	6	74818601	
-18248	4128	-1488	-311	861	2187	-7	153	-167	7	31	7	74818601	
-18302	4252	-1358	-379	848	2297	-7	153	-167	8	36	8	74818602	
-18396	4376	-1296	-435	814	2423	-17	159	-157	9	41	9	74818602	
-18326	4514	-1372	-434	798	2566	-17	159	-157	10	46	10	74818602	
-18391	4676	-1272	-367	772	2706	-10	156	-162	11	51	11	74818602	
-18426	4846	-1126	-204	747	2876	-9	155	-163	12	56	12	74818603	
-18525	4946	-1086	53	736	3060	-6	152	-166	13	61	13	74818617	
-18585	5056	-930	377	724	3243	-5	151	-167	14	66	14	74818643	
-18520	5204	-810	795	722	3489	-8	156	-158	15	71	15	74818651	
-18414	5266	-782	1139	750	3712	-8	156	-158	16	76	16	74818652	
-18398	5364	-764	1440	789	3957	-13	155	-161	17	81	17	74818652	
-18246	5476	-798	1727	832	4222	-13	155	-161	18	86	18	74818652	
-18086	5538	-592	2049	863	4467	-16	154	-158	19	91	19	74818652	
-17918	5592	-518	2372	859	4714	-16	154	-158	20	96	20	74818653	
-17828	5650	-414	2686	884	4945	-10	152	-164	21	101	21	74818653	
-17684	5752	-328	2959	912	5171	-10	152	-164	22	106	22	74818653	
-17586	5844	-316	3229	960	5378	-10	150	-164	23	111	23	74818654	
-17352	5868	-248	3513	979	5557	-10	150	-164	24	116	24	74818654	
-17200	5926	-166	3775	1011	5737	-6	148	-162	25	121	25	74818654	
-17190	5920	-136	4056	995	5912	-6	148	-162	26	126	26	74818655	
-17048	5896	-38	4317	978	6089	-14	152	-164	27	131	27	74818673	
-16926	5856	6	4587	937	6275	-14	152	-164	28	136	28	74818674	
-16850	5936	54	4857	892	6478	-13	155	-165	29	141	29	74818704	
-16818	5856	-8	5105	822	6675	-13	155	-165	30	146	30	74818704	
-16562	5904	-108	5362	737	6918	-11	149	-167	31	151	31	74818704	
-16454	5882	-178	5567	670	7126	-11	148	-167	32	156	32	74818705	
-16351	5834	-231	5781	589	7332	-13	145	-165	33	161	33	74818705	
-16252	5897	-280	5992	487	7537	-14	146	-164	34	166	34	74818705	
-16220	5896	-385	6169	354	7744	-18	150	-158	35	171	35	74818705	
-16228	5916	-512	6278	244	7912	-18	150	-158	36	176	36	74818706	
-16208	5982	-530	6424	121	8102	-13	147	-165	37	181	37	74818706	
-16230	6114	-548	6569	-31	8301	-13	147	-165	38	186	38	74818706	
-16244	6152	-490	6755	-184	8489	-11	147	-167	39	191	39	74818725	
-16372	6219	-537	6985	-298	8733	-12	147	-167	40	196	40	74818778	
-16372	6234	-686	7227	-335	8957	-16	148	-166	41	201	41	74818780	
-16365	6267	-768	7533	-319	9224	-15	149	-166	42	206	42	74818781	
-16335	6226	-882	7889	-279	9522	-13	151	-165	43	211	43	74818781	
-16296	6099	-1035	8227	-243	9832	-14	150	-165	44	216	44	74818781	
-16174	5885	-1148	8461	-268	10170	-16	144	-166	45	221	45	74818781	
-16066	5762	-1196	8574	-371	10477	-15	145	-165	46	226	46	74818782	
-15911	5485	-1159	8569	-585	10732	-13	149	-163	47	231	47	74818782	
-15801	5237	-1165	8462	-828	10942	-13	149	-163	48	236	48	74818783	
-15662	5050	-1116	8310	-1081	11104	-11	147	-163	49	241	49	74818784	
-15496	4873	-1170	8175	-1280	11225	-13	147	-163	50	246	50	74818784	
-15273	4767	-1214	8063	-1439	11318	-20	146	-164	51	251	51	74818784	
-15037	4805	-1355	7988	-1509	11417	-19	147	-163	52	256	52	74818784	
-14801	4939	-1520	7990	-1495	11539	-13	149	-159	53	261	53	74818789	
-14534	5126	-1677	8085	-1451	11684	-14	149	-159	54	266	54	74818816	
-14190	5364	-1905	8234	-1412	11826	-17	147	-159	55	271	55	74818855	
-13911	5614	-1949	8361	-1415	11998	-19	148	-161	56	276	56	74818855	
-13744	5880	-1953	8484	-1441	12201	-24	152	-168	57	281	57	74818855	
-13616	6077	-2039	8621	-1447	12403	-20	151	-167	58	286	58	74818856	
-13566	6208	-2096	8875	-1432	12622	-15	149	-165	59	291	59	74818856	
-13597	6342	-2143	9153	-1429	12810	-17	150	-165	60	296	60	74818857	
-13681	6524	-2120	9353	-1424	12922	-21	151	-165	61	301	61	74818857	
-13695	6580	-2100	9673	-1378	12930	-21	151	-165	62	306	62	74818857	
-13708	6485	-2056	10150	-1261	12907	-19	149	-165	63	311	63	74818857	
-13698	6307	-2080	10616	-1086	12848	-19	149	-165	64	316	64	74818857	
-13633	6173	-2116	11132	-839	12755	-20	150	-164	65	321	65	74818858	
-13554	6085	-2109	11592	-603	12667	-19	149	-163	66	326	66	74818858	
-13506	6000	-2118	12030	-398	12536	-17	147	-161	67	331	67	74818858	
-13488	5886	-2156	12371	-239	12367	-17	148	-163	68	336	68	74818858	
-13473	5769	-2176	12467	-129	12187	-17	149	-167	69	341	69	74818859	
-13463	5676	-2166	12453	-43	12007	-18	147	-167	70	346	70	74818867	
-13444	5626	-2098	12436	25	11817	-20	144	-168	71	351	71	74818891	
-13465	5585	-2205	12421	88	11626	-21	143	-166	72	356	72	74818908	
-13417	5604	-2181	12409	183	11417	-22	142	-164	73	361	73	74818909	
-13324	5784	-2018	12415	295	11180	-20	144	-164	74	366	74	74818909	
-13352	5911	-1968	12435	402	10922	-17	147	-165	75	371	75	74818909	
-13351	5977	-2004	12437	513	10677	-17	144	-164	76	376	76	74818909	
-13362	6067	-2032	12424	634	10439	-17	139	-163	77	381	77	74818910	
-13403	6193	-1921	12425	745	10202	-17	144	-165	78	386	78	74818910	
-13392	6374	-1868	12458	836	9951	-17	151	-167	79	391	79	74818910	
-13423	6541	-1981	12642	902	9698	-20	151	-164	80	396	80	74818919	
-13479	6609	-2118	13095	969	9426	-24	150	-160	81	401	81	74818957	
-13449	6555	-2352	13546	1066	9138	-20	151	-162	82	406	82	74818982	
-13457	6499	-2573	13820	1140	8843	-17	151	-163	83	411	83	74818982	
-13472	6426	-2656	13939	1179	8571	-16	148	-166	84	416	84	74818982	
-13478	6363	-2778	14000	1172	8304	-15	145	-169	85	421	85	74819004	
-13476	6326	-2906	14076	1104	8000	-17	146	-169	86	426	86	74819036	
-13479	6274	-2951	14158	1020	7687	-20	148	-170	87	431	87	74819036	
-13546	6212	-3106	14181	954	7381	-17	146	-169	88	436	88	74819037	
-13583	6218	-3269	14070	916	7067	-12	142	-168	89	441	89	74819037	
-13630	6380	-3470	13812	908	6775	-10	144	-166	90	446	90	74819037	
-13622	6514	-3616	13457	895	6503	-9	145	-165	91	451	91	74819038	
-13598	6718	-3718	13058	857	6253	-13	146	-168	92	456	92	74819038	
-13593	7015	-3815	12652	776	6053	-16	146	-170	93	461	93	74819038	
-13672	7283	-3920	12346	645	5897	-9	144	-169	94	466	94	74819038	
-13745	7667	-4006	12077	479	5802	-5	143	-169	95	471	95	74819069	
-13743	8045	-4096	11897	324	5771	-11	141	-168	96	476	96	74819089	
-13612	8398	-4236	11902	227	5772	-15	139	-167	97	481	97	74819090	
-13333	8696	-4409	12039	204	5770	-11	142	-166	98	486	98	74819090	
-12993	8946	-4569	12296	207	5746	-8	144	-166	99	491	99	74819091	
-12619	9148	-4670	12498	214	5698	-6	141	-169	100	496	100	74819091	
-12314	9221	-4830	12856	203	5610	-5	139	-171	101	501	101	74819091	
-12100	9291	-5032	13369	140	5486	-4	141	-169	102	506	102	74819091	
-11910	9311	-5192	13918	71	5381	-3	143	-167	103	511	103	74819091	
-11727	9187	-5307	14539	42	5284	-1	142	-168	104	516	104	74819092	
-11516	8920	-5473	15155	61	5178	1	141	-169	105	521	105	74819092	
-11274	8438	-5701	15769	138	5068	-3	140	-167	106	526	106	74819110	
-11014	8181	-5918	16169	222	4947	-4	140	-166	107	531	107	74819117	
-10791	7936	-6141	16388	294	4803	-2	142	-165	108	536	108	74819117	
-10551	7812	-6338	16536	327	4643	-1	143	-165	109	541	109	74819117	
-10406	7654	-6493	16620	353	4460	4	145	-169	110	546	110	74819117	
-10261	7481	-6726	16610	395	4265	7	147	-171	111	551	111	74819118	
-10119	7335	-6979	16492	425	4068	2	146	-168	112	556	112	74819118	
-9998	7259	-7170	16365	386	3885	-2	146	-166	113	561	113	74819118	
-9921	7099	-7438	16319	211	3684	6	144	-168	114	566	114	74819119	
-9875	6693	-7544	16386	-80	3500	9	143	-169	115	571	115	74819119	
-9788	6193	-7700	16452	-414	3354	11	148	-169	116	576	116	74819119	
-9773	5652	-7850	16421	-738	3207	11	149	-169	117	581	117	74819120	
-9801	5200	-7921	16254	-969	3060	12	143	-167	118	586	118	74819120	
-9704	4820	-7988	16070	-1129	2917	12	142	-166	119	591	119	74819134	
-9612	4594	-8109	16046	-1252	2745	9	147	-163	120	596	120	74819139	
-9423	4238	-8114	16202	-1295	2577	8	148	-162	121	601	121	74819141	
-9288	3975	-8235	16408	-1316	2431	11	145	-162	122	606	122	74819142	
-9136	3743	-8273	16643	-1338	2215	12	144	-162	123	611	123	74819179	
-9047	3651	-8382	16821	-1413	1958	15	146	-160	124	616	124	74819193	
-9189	3651	-8526	16867	-1517	1697	16	146	-160	125	621	125	74819194	
-9364	3716	-8648	16817	-1580	1443	21	146	-160	126	626	126	74819195	
-9558	3950	-8888	16791	-1568	1209	22	146	-160	127	631	127	74819195	
-9652	4047	-9196	16872	-1517	999	20	145	-156	128	636	128	74819195	
-9656	4052	-9444	17051	-1481	766	19	145	-155	129	641	129	74819195	
-9713	3978	-9372	17225	-1441	519	24	142	-158	130	646	130	74819196	
-9798	3884	-9306	17421	-1358	177	25	141	-159	131	651	131	74819196	
-9694	3708	-9162	17648	-1266	-141	22	142	-164	132	656	132	74819196	
-9614	3308	-8986	17877	-1172	-445	22	142	-164	133	661	133	74819268	
-9502	2953	-9038	18014	-1130	-673	30	148	-162	134	666	134	74819268	
-9370	2720	-9211	18033	-1139	-873	31	149	-161	135	671	135	74819268	
-9307	2354	-9306	18010	-1234	-1073	33	147	-159	136	676	136	74819268	
-9311	1966	-9549	17979	-1370	-1246	34	146	-158	137	681	137	74819269	
-9356	1573	-9694	17798	-1545	-1374	34	148	-158	138	686	138	74819269	
-9289	1137	-9886	17474	-1742	-1498	34	148	-158	139	691	139	74819269	
-9402	708	-10042	16898	-1955	-1624	39	147	-153	140	696	140	74819269	
-9430	456	-10056	16332	-2103	-1746	39	147	-153	141	701	141	74819270	
-9464	318	-10164	15750	-2275	-1845	40	146	-154	142	706	142	74819270	
-9612	86	-10216	15193	-2462	-1990	40	146	-154	143	711	143	74819270	
-9648	4	-10298	14614	-2618	-2117	47	151	-153	144	716	144	74819270	
-9854	-50	-10348	14027	-2744	-2258	47	151	-153	145	721	145	74819271	
-9881	3	-10328	13578	-2775	-2366	42	148	-151	146	726	146	74819271	
-9955	153	-10370	13066	-2759	-2486	41	147	-151	147	731	147	74819291	
-10066	398	-10282	12449	-2644	-2674	44	146	-150	148	736	148	74819347	
-10002	432	-10218	12364	-2541	-2857	44	146	-150	149	741	149	74819347	
-9906	548	-10204	12204	-2477	-3058	50	150	-144	150	746	150	74819347	
-9856	524	-10082	11974	-2419	-3235	50	150	-144	151	751	151	74819347	
-9934	524	-10068	11856	-2376	-3399	52	150	-144	152	756	152	74819348	
-9946	516	-9962	11831	-2292	-3546	52	150	-144	153	761	153	74819349	
-9862	330	-9990	11870	-2192	-3663	52	150	-140	154	766	154	74819424	
-9720	402	-9862	11880	-2094	-3763	52	150	-140	155	771	155	74819424	
-9526	236	-9774	11808	-1947	-3907	55	153	-141	156	776	156	74819424	
-9420	137	-9848	11721	-1830	-4034	57	153	-141	157	781	157	74819424	
-9358	24	-9815	11574	-1795	-4171	63	153	-141	158	786	158	74819425	
-9250	-6	-9720	11436	-1800	-4277	63	153	-141	159	791	159	74819425	
-9330	-30	-9828	11291	-1791	-4443	55	139	-147	160	796	160	74819425	
-9400	80	-9726	11177	-1700	-4576	55	139	-147	161	801	161	74819426	
-9388	22	-9832	11137	-1604	-4717	66	148	-140	162	806	162	74819426	
-9276	-88	-9970	11163	-1489	-4837	66	148	-140	163	811	163	74819426	
-9178	-200	-9886	11022	-1367	-4943	56	142	-140	164	816	164	74819426	
-9000	-435	-9909	10560	-1215	-5080	57	143	-139	165	821	165	74819427	
-8920	-554	-10038	9955	-1131	-5221	63	147	-133	166	826	166	74819432	
-9022	-511	-10178	9223	-1148	-5432	64	148	-134	167	831	167	74819450	
-9497	-246	-10297	8547	-1226	-5774	69	151	-137	168	836	168	74819457	
-10025	100	-10373	8037	-1215	-6169	67	151	-136	169	841	169	74819477	
-10551	434	-10448	7950	-1086	-6556	59	153	-131	170	846	170	74819477	
-10998	636	-10486	8292	-918	-6878	59	153	-131	171	851	171	74819477	
-11222	894	-10622	9248	-645	-7207	72	144	-134	172	856	172	74819478	
-11297	1059	-10690	10868	-210	-7470	71	145	-134	173	861	173	74819478	
-11152	891	-10622	12388	168	-7693	66	148	-132	174	866	174	74819478	
-10924	448	-10680	13658	497	-7978	68	150	-131	175	871	175	74819478	
-10539	-86	-10583	14468	682	-8302	74	156	-126	176	876	176	74819479	
-10279	-503	-10498	14706	697	-8668	75	155	-127	177	881	177	74819479	
-10009	-887	-10320	14608	618	-9007	79	149	-131	178	886	178	74819479	
-9738	-1356	-10382	14439	535	-9296	79	148	-130	179	891	179	74819479	
-9393	-2025	-10498	14284	504	-9491	81	143	-127	180	896	180	74819484	
-8980	-2628	-10886	13940	494	-9567	81	145	-128	181	901	181	74819500	
-8632	-3233	-11121	13250	459	-9551	80	150	-130	182	906	182	74819501	
-8412	-3619	-11247	12592	411	-9502	83	148	-129	183	911	183	74819501	
-8280	-3812	-11336	12004	337	-9439	88	144	-126	184	916	184	74819501	
-8198	-3843	-11314	11308	203	-9391	88	145	-126	185	921	185	74819501	
-8155	-3723	-11225	10648	43	-9380	88	148	-124	186	926	186	74819502	
-8261	-3427	-11342	10162	-112	-9392	88	147	-124	187	931	187	74819502	
-8381	-2984	-11342	9800	-218	-9398	87	145	-125	188	936	188	74819502	
-8530	-2593	-11431	9530	-247	-9425	88	143	-123	189	941	189	74819510	
-8732	-2236	-11408	9342	-238	-9488	92	138	-118	190	946	190	74819530	
-8951	-1950	-11422	9279	-233	-9524	91	141	-119	191	951	191	74819530	
-9113	-1744	-11391	9340	-195	-9522	89	145	-121	192	956	192	74819531	
-9250	-1634	-11326	9560	-154	-9481	91	144	-122	193	961	193	74819531	
-9325	-1622	-11326	9950	-135	-9411	95	143	-123	194	966	194	74819531	
-9387	-1737	-11297	10388	-147	-9326	97	141	-121	195	971	195	74819531	
-9400	-1853	-11196	10812	-187	-9248	100	136	-118	196	976	196	74819532	
-9348	-2077	-11089	11352	-250	-9148	100	138	-119	197	981	197	74819532	
-9399	-2468	-11065	11941	-318	-9050	101	145	-123	198	986	198	74819532	
-9312	-2785	-11082	12340	-350	-8964	100	143	-120	199	991	199	74819533	
-9155	-3060	-11002	12478	-392	-8875	98	140	-116	200	996	200	74819533	
-9080	-3374	-10862	12532	-463	-8794	102	140	-117	201	1001	201	74819533	
-9000	-3710	-10659	12557	-574	-8742	109	141	-119	202	1006	202	74819533	
-8908	-4055	-10448	12429	-720	-8726	108	141	-115	203	1011	203	74819551	
-8964	-4461	-10233	12232	-871	-8733	106	140	-110	204	1016	204	74819578	
-8987	-4886	-9994	11847	-1028	-8757	103	139	-115	205	1021	205	74819588	
-8902	-5331	-9782	11301	-1214	-8806	98	138	-122	206	1026	206	74819604	
-8914	-5788	-9557	10677	-1429	-8869	104	138	-116	207	1031	207	74819606	
-8958	-6069	-9470	10159	-1635	-8917	108	138	-112	208	1036	208	74819606	
-9001	-6335	-9546	9685	-1855	-8962	109	137	-113	209	1041	209	74819606	
-9093	-6576	-9756	9289	-2090	-9020	110	136	-114	210	1046	210	74819607	
-9306	-6720	-10116	9109	-2309	-9079	111	139	-112	211	1051	211	74819607	
-9670	-6918	-10535	9131	-2564	-9145	112	144	-108	212	1056	212	74819607	
-10166	-7114	-10751	9290	-2857	-9252	112	142	-108	213	1061	213	74819607	
-10802	-7445	-10978	9559	-3124	-9436	111	139	-107	214	1066	214	74819608	
-11385	-7885	-11250	9884	-3271	-9700	109	141	-105	215	1071	215	74819624	
-11962	-8272	-11478	10245	-3282	-10039	108	142	-104	216	1076	216	74819649	
-12612	-8668	-11603	10741	-3156	-10509	114	137	-106	217	1081	217	74819659	
-13264	-9090	-11742	11380	-2833	-11114	118	134	-108	218	1086	218	74819659	
-13887	-9544	-12005	12153	-2246	-11757	119	138	-107	219	1091	219	74819660	
-14373	-9940	-12197	12943	-1549	-12413	120	140	-106	220	1096	220	74819660	
-14748	-10301	-12290	13732	-790	-13104	120	137	-105	221	1101	221	74819660	
-15027	-10764	-12373	14594	121	-13860	121	133	-103	222	1106	222	74819661	
-15104	-11331	-12454	15331	901	-14499	122	136	-102	223	1111	223	74819661	
-15040	-11874	-12456	15874	1429	-14965	122	138	-102	224	1116	224	74819661	
-14913	-12542	-12532	16251	1784	-15346	120	133	-98	225	1121	225	74819691	
-14680	-13325	-12604	16402	1996	-15672	119	129	-95	226	1126	226	74819712	
-14371	-14113	-12582	16306	2094	-15975	124	129	-97	227	1131	227	74819713	
-14114	-15015	-12543	16031	2139	-16282	127	129	-99	228	1136	228	74819713	
-13804	-16136	-12376	15562	2209	-16633	129	130	-99	229	1141	229	74819714	
-13491	-17407	-12158	14730	2302	-17013	131	131	-99	230	1146	230	74819714	
-13216	-18926	-11893	13216	2340	-17450	130	122	-99	231	1151	231	74819714	
-13043	-20056	-11689	11293	2267	-17775	129	119	-99	232	1156	232	74819715	
-13021	-20708	-11525	9353	2112	-17989	135	122	-97	233	1161	233	74819715	
-12918	-21149	-11410	7139	1877	-18160	138	124	-96	234	1166	234	74819715	
-12598	-21300	-11413	4798	1581	-18268	139	123	-94	235	1171	235	74819716	
-12150	-21049	-11391	2579	1222	-18325	140	122	-92	236	1176	236	74819777	
-11654	-20482	-11295	461	781	-18389	138	122	-94	237	1181	237	74819818	
-11129	-19706	-11124	-1572	303	-18503	136	122	-96	238	1186	238	74819818	
-10492	-18613	-10846	-3737	-215	-18681	146	120	-94	239	1191	239	74819818	
-9867	-17576	-10609	-5459	-568	-18831	149	119	-93	240	1196	240	74819818	
-9250	-16559	-10400	-6830	-806	-18906	143	110	-95	241	1201	241	74819819	
-8609	-15685	-10225	-8023	-1008	-18877	142	108	-96	242	1206	242	74819819	
-8064	-14873	-9944	-9187	-1126	-18783	145	114	-94	243	1211	243	74819819	
-7763	-14238	-9671	-10290	-1243	-18595	146	116	-94	244	1216	244	74819820	
-7243	-13503	-9546	-11093	-1414	-18214	149	112	-102	245	1221	245	74819832	
-6565	-12554	-9380	-11740	-1498	-17634	150	110	-106	246	1226	246	74819855	
-5980	-11688	-9098	-12179	-1534	-16968	148	106	-105	247	1231	247	74819881	
-5594	-10928	-8755	-12490	-1697	-16241	147	103	-105	248	1236	248	74819891	
-5536	-10292	-8417	-12574	-2063	-15619	149	99	-109	249	1241	249	74819892	
-5535	-9903	-8035	-12492	-2469	-15070	150	98	-110	250	1246	250	74819892	
-5619	-9703	-7602	-12372	-2772	-14514	148	100	-108	251	1251	251	74819892	
-5678	-9585	-7140	-12186	-2977	-13958	147	101	-107	252	1256	252	74819892	
-5872	-9690	-6753	-11912	-3169	-13405	146	97	-114	253	1261	253	74819893	
-6283	-9821	-6373	-11606	-3326	-12890	146	96	-116	254	1266	254	74819893	
-6800	-9947	-6008	-11233	-3428	-12475	147	95	-114	255	1271	255	74819893	
-7432	-10020	-5642	-10617	-3437	-12102	147	95	-113	256	1276	256	74819920	
-7680	-10138	-5380	-9922	-3335	-11791	150	90	-110	257	1281	257	74819944	
-7903	-10151	-5427	-9292	-3198	-11648	150	90	-110	258	1286	258	74819944	
-8012	-10092	-5362	-8628	-3004	-11536	148	94	-116	259	1291	259	74819944	
-8103	-10038	-5288	-8047	-2812	-11478	147	95	-117	260	1296	260	74819944	
-8192	-9985	-5205	-7563	-2676	-11469	151	89	-121	261	1301	261	74819945	
-8364	-9958	-5164	-7184	-2562	-11469	152	88	-122	262	1306	262	74819945	
-8620	-10045	-5203	-6871	-2441	-11484	154	90	-124	263	1311	263	74819945	
-8994	-10194	-5227	-6589	-2251	-11458	154	90	-124	264	1316	264	74819945	
-9458	-10460	-5102	-6287	-1949	-11387	151	83	-121	265	1321	265	74819946	
-9662	-10668	-5152	-6037	-1649	-11281	151	83	-121	266	1326	266	74819946	
-9870	-10710	-5164	-5703	-1327	-11156	151	87	-125	267	1331	267	74819946	
-9850	-10760	-5114	-5258	-1040	-10984	151	87	-125	268	1336	268	74819946	
-9686	-10798	-5084	-4701	-816	-10812	154	82	-124	269	1341	269	74819997	
-9508	-10656	-5001	-4164	-701	-10667	154	82	-124	270	1346	270	74819997	
-9282	-10591	-4898	-3514	-638	-10540	150	86	-126	271	1351	271	74819998	
-9141	-10545	-4788	-2792	-651	-10430	149	87	-127	272	1356	272	74819998	
-9000	-10516	-4722	-1902	-712	-10340	145	77	-127	273	1361	273	74819999	
-9004	-10592	-4748	-1174	-777	-10265	145	77	-127	274	1366	274	74819999	
-9202	-10716	-4870	-497	-808	-10177	155	81	-125	275	1371	275	74819999	
-9320	-10862	-5150	105	-740	-10054	155	81	-125	276	1376	276	74819999	
-9472	-11050	-5530	611	-589	-9882	153	81	-129	277	1381	277	74820000	
-9484	-11366	-5784	1026	-353	-9682	153	81	-129	278	1386	278	74820000	
-9370	-11624	-5994	1325	-21	-9469	148	78	-126	279	1391	279	74820000	
-9128	-11696	-6144	1516	310	-9251	148	78	-126	280	1396	280	74820000	
-9069	-11920	-6406	1596	639	-9081	159	77	-123	281	1401	281	74820001	
-8914	-12062	-6484	1576	828	-9001	159	77	-123	282	1406	282	74820001	
-8712	-12172	-6422	1497	1074	-8950	149	73	-131	283	1411	283	74820021	
-8610	-12124	-6424	1421	1369	-8931	149	73	-131	284	1416	284	74820021	
-8426	-11996	-6558	1402	1683	-8953	152	74	-126	285	1421	285	74820021	
-8270	-11790	-6588	1449	1996	-8991	152	74	-126	286	1426	286	74820022	
-8140	-11698	-6620	1578	2310	-9061	154	72	-120	287	1431	287	74820022	
-7906	-11720	-6548	1711	2622	-9114	154	72	-120	288	1436	288	74820022	
-7806	-11690	-6498	1860	2923	-9147	156	64	-132	289	1441	289	74820023	
-7620	-11752	-6538	2083	3211	-9152	155	65	-130	290	1446	290	74820023	
-7471	-11928	-6560	2332	3408	-9112	153	67	-123	291	1451	291	74820023	
-7371	-12251	-6591	2601	3552	-9058	155	68	-123	292	1456	292	74820028	
-7285	-12649	-6656	2819	3674	-8994	161	73	-125	293	1461	293	74820048	
-7155	-12854	-6701	2915	3729	-8877	160	71	-125	294	1466	294	74820048	
-7002	-13056	-6818	2948	3754	-8754	156	60	-122	295	1471	295	74820048	
-6906	-13166	-7004	3058	3759	-8677	156	60	-122	296	1476	296	74820072	
-6770	-13268	-7206	3306	3760	-8592	158	64	-120	297	1481	297	74820073	
-6595	-13442	-7600	3719	3720	-8490	157	62	-121	298	1486	298	74820073	
-6504	-13570	-7932	4080	3688	-8409	151	53	-123	299	1491	299	74820073	
-6461	-13824	-8237	4343	3678	-8357	153	54	-123	300	1496	300	74820073	
-6349	-14145	-8586	4490	3646	-8323	162	60	-122	301	1501	301	74820074	
-6207	-14322	-9048	4528	3657	-8292	162	60	-123	302	1506	302	74820074	
-6043	-14551	-9403	4526	3711	-8260	163	59	-127	303	1511	303	74820074	
-5740	-14677	-9760	4516	3835	-8195	163	59	-126	304	1516	304	74820074	
-5473	-14842	-10083	4511	3993	-8140	165	59	-123	305	1521	305	74820075	
-5101	-14962	-10389	4447	4137	-8039	165	58	-122	306	1526	306	74820075	
-4660	-15081	-10753	4246	4246	-7922	163	55	-119	307	1531	307	74820075	
-4348	-15332	-11020	3959	4335	-7810	164	55	-120	308	1536	308	74820075	
-4007	-15734	-11421	3604	4388	-7684	167	53	-123	309	1541	309	74820086	
-3584	-16300	-11786	3075	4432	-7586	167	53	-122	310	1546	310	74820124	
-3362	-16725	-12025	2243	4465	-7445	167	53	-117	311	1551	311	74820124	
-3127	-16837	-12264	1157	4458	-7227	167	52	-117	312	1556	312	74820124	
-2972	-16834	-12461	18	4435	-7003	169	47	-117	313	1561	313	74820125	
-2773	-16706	-12555	-1098	4407	-6757	168	47	-117	314	1566	314	74820132	
-2669	-16528	-12467	-2121	4337	-6505	166	46	-118	315	1571	315	74820150	
-2666	-16330	-12395	-2882	4229	-6275	166	47	-118	316	1576	316	74820150	
-2656	-16062	-12259	-3560	4093	-6083	167	49	-117	317	1581	317	74820150	
-2648	-15751	-12118	-4157	3993	-5919	169	49	-119	318	1586	318	74820151	
-2597	-15375	-11871	-4629	3927	-5741	171	49	-121	319	1591	319	74820151	
-2552	-14971	-11678	-4923	3875	-5587	170	48	-121	320	1596	320	74820151	
-2483	-14418	-11478	-5005	3827	-5421	167	45	-121	321	1601	321	74820152	
-2309	-14095	-11363	-4895	3795	-5241	167	45	-122	322	1606	322	74820152	
-2168	-13784	-11275	-4627	3735	-5072	165	43	-123	323	1611	323	74820152	
-2042	-13570	-11254	-4377	3618	-4908	162	39	-123	324	1616	324	74820152	
-1918	-13153	-11132	-4092	3464	-4738	158	34	-124	325	1621	325	74820153	
-1768	-12502	-11110	-3729	3293	-4513	161	38	-122	326	1626	326	74820153	
-1686	-11929	-11070	-3198	3121	-4245	165	43	-119	327	1631	327	74820153	
-1577	-11652	-10972	-2469	2938	-4005	163	43	-121	328	1636	328	74820163	
-1470	-11575	-10916	-1678	2755	-3824	159	43	-125	329	1641	329	74820188	
-1452	-11470	-10977	-1034	2549	-3644	159	40	-123	330	1646	330	74820205	
-1482	-11275	-10949	-533	2316	-3422	159	35	-121	331	1651	331	74820205	
-1500	-11186	-10862	-68	2109	-3182	159	38	-120	332	1656	332	74820205	
-1554	-11218	-10862	347	1954	-2928	160	42	-118	333	1661	333	74820206	
-1578	-11321	-10922	665	1844	-2643	160	40	-119	334	1666	334	74820206	
-1514	-11504	-11037	887	1763	-2358	160	38	-120	335	1671	335	74820206	
-1527	-11633	-10982	966	1655	-2075	162	38	-118	336	1676	336	74820206	
-1604	-11597	-10898	906	1486	-1782	166	38	-116	337	1681	337	74820207	
-1741	-11411	-10820	804	1287	-1488	168	39	-118	338	1686	338	74820207	
-1963	-11273	-10692	790	1108	-1193	170	40	-120	339	1691	339	74820217	
-2062	-11431	-10567	858	1026	-953	165	35	-123	340	1696	340	74820243	
-2254	-11657	-10488	837	1009	-793	161	31	-125	341	1701	341	74820254	
-2366	-11705	-10329	672	1021	-613	165	33	-126	342	1706	342	74820255	
-2411	-11670	-10202	474	1060	-427	168	34	-126	343	1711	343	74820255	
-2481	-11560	-10100	296	1101	-234	167	35	-125	344	1716	344	74820255	
-2503	-11484	-9955	166	1131	-19	165	37	-123	345	1721	345	74820255	
-2498	-11702	-9852	104	1153	145	163	35	-125	346	1726	346	74820256	
-2500	-11846	-9751	-15	1169	252	161	33	-127	347	1731	347	74820256	
-2406	-11748	-9576	-233	1178	335	163	34	-125	348	1736	348	74820256	
-2355	-11630	-9432	-302	1158	392	165	35	-123	349	1741	349	74820257	
-2318	-11572	-9374	-195	1130	429	161	33	-122	350	1746	350	74820301	
-2214	-11493	-9315	-1	1119	444	159	31	-121	351	1751	351	74820330	
-2112	-11481	-9281	222	1106	427	161	33	-123	352	1756	352	74820331	
-2054	-11580	-9186	414	1081	385	163	35	-125	353	1761	353	74820331	
-1965	-11672	-9086	552	1075	331	160	33	-127	354	1766	354	74820365	
-1860	-11761	-8989	651	1066	292	158	32	-128	355	1771	355	74820387	
-1823	-11858	-8925	751	1038	267	159	32	-129	356	1776	356	74820387	
-1825	-11951	-8896	860	1005	242	161	32	-130	357	1781	357	74820388	
-1778	-12037	-8871	944	961	232	166	33	-124	358	1786	358	74820388	
-1691	-12131	-8939	981	933	240	168	34	-120	359	1791	359	74820388	
-1599	-12225	-9014	965	920	246	164	32	-118	360	1796	360	74820389	
-1533	-12278	-9084	920	887	239	161	31	-117	361	1801	361	74820389	
-1452	-12363	-9056	884	840	207	161	32	-119	362	1806	362	74820389	
-1374	-12480	-9152	879	780	161	161	33	-121	363	1811	363	74820389	
-1317	-12582	-9328	847	700	93	164	36	-120	364	1816	364	74820390	
-1272	-12586	-9350	737	641	33	165	37	-119	365	1821	365	74820390	
-1282	-12660	-9457	585	564	-11	163	39	-118	366	1826	366	74820390	
-1262	-12750	-9465	420	478	-55	162	40	-118	367	1831	367	74820408	
-1257	-12731	-9541	272	411	-84	167	38	-120	368	1836	368	74820412	
-1308	-12687	-9550	127	343	-111	169	37	-121	369	1841	369	74820412	
-1337	-12632	-9524	-14	274	-117	169	41	-126	370	1846	370	74820413	
-1371	-12506	-9504	-132	183	-139	169	43	-129	371	1851	371	74820427	
-1418	-12434	-9521	-198	73	-226	167	41	-125	372	1856	372	74820452	
-1411	-12519	-9569	-145	-76	-290	165	39	-123	373	1861	373	74820463	
-1380	-12566	-9717	-47	-223	-295	167	34	-120	374	1866	374	74820463	
-1416	-12586	-9726	-42	-361	-285	167	33	-119	375	1871	375	74820463	
-1405	-12579	-9723	-62	-516	-274	164	36	-122	376	1876	376	74820464	
-1533	-12590	-9878	-42	-681	-242	163	37	-123	377	1881	377	74820464	
-1619	-12490	-9986	-13	-819	-217	166	39	-126	378	1886	378	74820464	
-1712	-12336	-10140	11	-929	-210	167	39	-127	379	1891	379	74820465	
-1860	-12205	-10304	28	-1038	-210	169	37	-122	380	1896	380	74820465	
-1982	-12090	-10523	89	-1126	-228	169	37	-121	381	1901	381	74820465	
-2202	-11900	-10621	158	-1188	-271	170	36	-122	382	1906	382	74820466	
-2319	-11767	-10800	286	-1221	-307	170	36	-122	383	1911	383	74820466	
-2462	-11650	-11048	434	-1224	-360	172	34	-122	384	1916	384	74820466	
-2630	-11597	-11132	613	-1197	-412	172	34	-122	385	1921	385	74820466	
-2755	-11496	-11249	820	-1188	-450	166	36	-122	386	1926	386	74820485	
-2903	-11405	-11274	1067	-1180	-505	164	36	-122	387	1931	387	74820573	
-2948	-11447	-11285	1336	-1166	-545	165	37	-121	388	1936	388	74820594	
-3013	-11408	-11299	1578	-1130	-582	165	37	-121	389	1941	389	74820594	
-3084	-11414	-11058	1931	-1079	-622	169	39	-123	390	1946	390	74820594	
-3026	-11394	-11004	2325	-1000	-659	169	39	-123	391	1951	391	74820595	
-2888	-11476	-10704	2802	-908	-703	166	36	-124	392	1956	392	74820595	
-2821	-11654	-10654	3229	-826	-757	166	36	-124	393	1961	393	74820595	
-2678	-11909	-10353	3734	-731	-819	170	40	-126	394	1966	394	74820595	
-2572	-12222	-10186	4237	-665	-875	171	41	-127	395	1971	395	74820596	
-2533	-12531	-9938	4691	-669	-903	169	39	-120	396	1976	396	74820596	
-2576	-12819	-9805	5086	-697	-922	168	38	-118	397	1981	397	74820690	
-2562	-13186	-9454	5507	-709	-896	170	34	-118	398	1986	398	74820714	
-2664	-13086	-9184	5834	-766	-848	170	34	-118	399	1991	399	74820714	
-2598	-13122	-8914	6162	-845	-888	166	38	-120	400	1996	400	74820714	
-2536	-13238	-8730	6514	-919	-944	166	38	-120	401	2001	401	74820715	
-2514	-13312	-8648	6797	-1006	-1026	161	35	-113	402	2006	402	74820715	
-2380	-13518	-8408	6962	-1080	-1108	161	35	-113	403	2011	403	74820715	
-2242	-13670	-8396	6994	-1153	-1206	172	34	-118	404	2016	404	74820716	
-2110	-13730	-8312	6862	-1225	-1340	172	34	-118	405	2021	405	74820716	
-2158	-13814	-8222	6667	-1305	-1451	175	37	-117	406	2026	406	74820716	
-2146	-13878	-8204	6453	-1376	-1565	175	37	-117	407	2031	407	74820717	
-2038	-13960	-8270	6181	-1448	-1673	165	41	-115	408	2036	408	74820739	
-2000	-13942	-8322	5797	-1494	-1771	165	41	-115	409	2041	409	74820739	
-2030	-13974	-8296	5355	-1576	-1855	174	40	-114	410	2046	410	74820739	
-2102	-13988	-8458	4860	-1606	-1920	174	40	-114	411	2051	411	74820739	
-2108	-13998	-8440	4369	-1646	-1935	178	38	-114	412	2056	412	74820740	
-2200	-14062	-8512	3948	-1686	-1920	178	38	-114	413	2061	413	74820740	
-2286	-14084	-8508	3578	-1669	-1917	181	33	-107	414	2066	414	74820740	
-2364	-14186	-8495	3218	-1690	-1881	180	33	-107	415	2071	415	74820740	
-2450	-14276	-8458	2897	-1671	-1867	176	34	-106	416	2076	416	74820741	
-2514	-14367	-8536	2596	-1603	-1839	176	35	-107	417	2081	417	74820741	
-2512	-14422	-8444	2397	-1525	-1793	177	39	-111	418	2086	418	74820742	
-2552	-14504	-8442	2201	-1419	-1758	177	39	-111	419	2091	419	74820742	
-2590	-14504	-8492	2051	-1289	-1744	177	39	-113	420	2096	420	74820742	
-2644	-14774	-8456	1916	-1197	-1713	177	39	-113	421	2101	421	74820766	
-2722	-14868	-8378	1830	-1079	-1653	173	39	-111	422	2106	422	74820766	
-2783	-15044	-8321	1863	-943	-1570	171	37	-112	423	2111	423	74820766	
-2762	-15110	-8239	1875	-873	-1448	165	31	-115	424	2116	424	74820766	
-2812	-15153	-7982	1925	-770	-1348	168	32	-113	425	2121	425	74820767	
-2770	-15314	-7950	2032	-672	-1220	180	34	-106	426	2126	426	74820767	
-2672	-15403	-7823	2154	-568	-1091	180	36	-107	427	2131	427	74820768	
-2678	-15461	-7597	2239	-454	-965	178	42	-110	428	2136	428	74820768	
-2641	-15554	-7494	2296	-349	-814	178	41	-110	429	2141	429	74820768	
-2604	-15556	-7274	2336	-293	-691	175	37	-111	430	2146	430	74820768	
-2605	-15655	-7109	2384	-244	-521	176	37	-110	431	2151	431	74820769	
-2571	-15695	-6899	2425	-211	-423	181	37	-107	432	2156	432	74820783	
-2552	-15739	-6798	2382	-209	-333	180	37	-107	433	2161	433	74820841	
-2471	-15730	-6607	2278	-228	-283	177	37	-109	434	2166	434	74820841	
-2470	-15716	-6620	2151	-252	-240	177	37	-108	435	2171	435	74820842	
-2357	-15745	-6481	2007	-283	-204	179	39	-105	436	2176	436	74820849	
-2363	-15659	-6409	1832	-304	-202	179	38	-104	437	2181	437	74820871	
-2286	-15548	-6380	1537	-304	-159	180	34	-100	438	2186	438	74820871	
-2297	-15391	-6348	1190	-309	-108	180	34	-100	439	2191	439	74820872	
-2202	-15246	-6364	806	-269	-76	181	35	-101	440	2196	440	74820872	
-2140	-15028	-6309	427	-245	-19	181	37	-102	441	2201	441	74820872	
-2154	-14820	-6228	89	-247	21	180	40	-104	442	2206	442	74820872	
-2156	-14660	-6269	-209	-274	47	181	39	-105	443	2211	443	74820873	
-2166	-14416	-6269	-571	-312	107	183	35	-107	444	2216	444	74820873	
-2107	-14317	-6334	-882	-350	133	182	33	-107	445	2221	445	74820873	
-2086	-14239	-6391	-1148	-386	135	177	27	-105	446	2226	446	74820873	
-2046	-14138	-6372	-1450	-395	133	176	29	-106	447	2231	447	74820874	
-2020	-14125	-6674	-1817	-378	90	171	33	-107	448	2236	448	74820874	
-2039	-14153	-6894	-2163	-338	36	174	33	-109	449	2241	449	74820892	
-2064	-14164	-7108	-2571	-276	-1	178	34	-112	450	2246	450	74820920	
-2074	-14085	-7367	-2992	-183	-31	178	34	-109	451	2251	451	74820921	
-2107	-14042	-7578	-3383	-88	-67	179	33	-105	452	2256	452	74820921	
-2116	-13957	-7776	-3735	11	-97	176	32	-108	453	2261	453	74820921	
-2105	-13845	-7835	-4013	108	-109	172	30	-112	454	2266	454	74820921	
-2082	-13794	-7940	-4236	196	-119	174	32	-112	455	2271	455	74820922	
-2026	-13798	-8037	-4415	289	-125	182	40	-112	456	2276	456	74820923	
-2013	-13760	-8147	-4530	375	-117	179	38	-110	457	2281	457	74820923	
-1992	-13719	-8178	-4542	443	-97	174	36	-106	458	2286	458	74820931	
-1982	-13699	-8194	-4479	483	-84	174	34	-108	459	2291	459	74820973	
-1956	-13768	-8146	-4375	505	-76	174	30	-112	460	2296	460	74821017	
-1969	-13833	-8170	-4260	520	-66	173	32	-114	461	2301	461	74821017	
-1980	-13916	-8324	-4134	519	-65	172	36	-116	462	2306	462	74821018	
-1952	-13962	-8418	-4012	511	-85	175	34	-116	463	2311	463	74821018	
-1977	-14046	-8556	-3906	524	-128	179	31	-115	464	2316	464	74821018	
-1996	-14086	-8653	-3846	548	-164	176	36	-114	465	2321	465	74821019	
-2013	-14100	-8780	-3839	569	-194	174	40	-114	466	2326	466	74821019	
-2017	-14070	-8980	-3849	589	-230	172	38	-114	467	2331	467	74821019	
-2088	-14013	-9173	-3861	605	-263	170	36	-114	468	2336	468	74821019	
-2116	-13934	-9335	-3892	620	-275	174	38	-112	469	2341	469	74821019	
-2080	-13774	-9425	-3947	633	-277	180	40	-110	470	2346	470	74821020	
-2104	-13604	-9442	-3991	641	-266	178	39	-113	471	2351	471	74821020	
-2055	-13300	-9565	-4000	638	-245	174	38	-118	472	2356	472	74821020	
-2075	-13044	-9612	-3942	624	-234	173	38	-119	473	2361	473	74821021	
-2089	-12852	-9624	-3831	593	-219	172	38	-120	474	2366	474	74821021	
-2074	-12707	-9610	-3664	563	-188	173	36	-119	475	2371	475	74821021	
-2100	-12580	-9612	-3427	531	-156	173	35	-119	476	2376	476	74821021	
-2086	-12487	-9655	-3142	507	-132	172	36	-119	477	2381	477	74821022	
-2089	-12498	-9715	-2860	486	-110	171	37	-119	478	2386	478	74821022	
-2153	-12521	-9730	-2639	463	-91	171	35	-118	479	2391	479	74821022	
-2206	-12552	-9768	-2448	434	-76	170	32	-116	480	2396	480	74821022	
-2222	-12620	-9864	-2260	396	-65	169	34	-117	481	2401	481	74821023	
-2223	-12682	-9940	-2128	360	-61	167	35	-117	482	2406	482	74821023	
-2189	-12749	-9974	-2035	344	-59	169	33	-120	483	2411	483	74821032	
-2211	-12792	-10015	-1975	335	-53	170	32	-122	484	2416	484	74821040	
-2287	-12810	-10045	-1955	330	-37	171	32	-123	485	2421	485	74821041	
-2287	-12740	-10071	-1945	313	-12	172	32	-124	486	2426	486	74821042	
-2283	-12684	-10039	-1937	295	32	171	36	-123	487	2431	487	74821042	
-2323	-12646	-9972	-1900	283	96	170	38	-122	488	2436	488	74821042	
-2348	-12597	-9838	-1791	273	179	169	31	-124	489	2441	489	74821042	
-2350	-12526	-9789	-1651	259	248	169	29	-125	490	2446	490	74821043	
-2297	-12467	-9691	-1487	250	310	174	32	-122	491	2451	491	74821043	
