-15338	1596	9206	-4506	3252	-46	-96	130	26	1	1	1	83007021	
-15394	1736	8444	-4502	3975	-74	-94	130	28	2	6	2	83007021	
-15508	1910	7428	-4737	4690	-42	-94	130	28	3	11	3	83007021	
-15784	2175	6744	-5086	5328	65	-93	129	19	4	16	4	83007021	
-15972	2294	6468	-5185	5695	110	-93	129	20	5	21	5	83007023	
-15942	2478	6494	-4969	5943	75	-92	130	26	6	26	6	83007035	
-15914	2528	6564	-4548	6044	-42	-93	131	25	7	31	7	83007057	
-16011	2640	6667	-4098	6033	-183	-97	133	19	8	36	8	83007057	
-16088	2720	6752	-3810	6008	-294	-97	133	19	9	41	9	83007058	
-15978	2664	7100	-3695	5996	-381	-101	123	19	10	46	10	83007058	
-15776	2702	7438	-3725	5838	-442	-101	123	19	11	51	11	83007058	
-15646	2644	7554	-3769	5387	-520	-95	139	19	12	56	12	83007058	
-15722	2683	7627	-3908	4793	-631	-94	138	19	13	61	13	83007063	
-15894	2780	7594	-4145	4695	-711	-91	135	19	14	66	14	83007081	
-15865	3098	7479	-4421	5025	-745	-91	135	21	15	71	15	83007095	
-15691	3303	7495	-4537	5584	-772	-91	137	29	16	76	16	83007095	
-15288	3522	7438	-4300	6165	-823	-91	138	28	17	81	17	83007095	
-14934	3697	7385	-3793	6647	-903	-92	140	22	18	86	18	83007095	
-14716	3782	7408	-3270	6968	-973	-92	140	22	19	91	19	83007095	
-14470	3844	7452	-2636	7247	-1042	-93	137	23	20	96	20	83007095	
-14275	3818	7562	-1824	7572	-1146	-93	138	22	21	101	21	83007101	
-14248	3641	7647	-1112	7856	-1242	-93	143	17	22	106	22	83007125	
-14280	3496	7666	-397	8143	-1339	-92	143	15	23	111	23	83007133	
-14426	3275	7640	314	8429	-1440	-89	141	9	24	116	24	83007133	
-14520	3050	7454	1005	8724	-1564	-90	142	10	25	121	25	83007134	
-14691	2823	7051	1606	9018	-1680	-94	144	14	26	126	26	83007135	
-15000	2780	6463	1991	9377	-1727	-93	143	14	27	131	27	83007136	
-15304	2731	5807	2169	9948	-1716	-87	139	15	28	136	28	83007137	
-15438	2567	5408	2190	10694	-1702	-89	141	12	29	141	29	83007151	
-15425	2364	5198	2108	11248	-1700	-94	146	6	30	146	30	83007170	
-15525	2103	4705	1908	11743	-1737	-94	146	7	31	151	31	83007170	
-15995	1449	3455	1726	12268	-1861	-95	145	13	32	156	32	83007171	
-17018	1136	1378	1505	13245	-2111	-94	146	12	33	161	33	83007171	
-18466	1281	-952	952	15305	-2384	-92	152	6	34	166	34	83007171	
-18944	1905	-1657	-285	19239	-2411	-91	152	6	35	171	35	83007171	
-17694	2684	122	-1855	23482	-2081	-89	153	5	36	176	36	83007180	
-17486	2410	284	-2266	26143	-1603	-89	153	5	37	181	37	83007212	
-17626	2011	-95	-2817	27471	-1021	-87	153	3	38	186	38	83007212	
-17091	3156	1407	-4451	27674	-450	-88	153	0	39	191	39	83007213	
-16545	4352	2983	-5351	27536	-49	-91	153	-5	40	196	40	83007213	
-16048	3792	3864	-4042	27304	190	-91	154	-5	41	201	41	83007214	
-15288	3059	3699	-808	26373	94	-90	156	-6	42	206	42	83007214	
-15126	2927	2813	2371	25368	-268	-89	156	-6	43	211	43	83007215	
-14144	2530	3548	2879	24936	-362	-84	158	-6	44	216	44	83007223	
-12601	1776	5123	560	23258	-105	-86	158	-9	45	221	45	83007245	
-12066	1636	8440	-2326	19775	340	-92	158	-16	46	226	46	83007245	
-12057	1414	12393	-1804	16895	555	-92	159	-20	47	231	47	83007245	
-12625	314	14069	1782	14653	277	-92	160	-26	48	236	48	83007245	
-13849	-843	12859	5476	13619	-290	-92	159	-27	49	241	49	83007245	
-14836	-1610	10660	7694	13903	-780	-92	158	-28	50	246	50	83007245	
-15358	-1645	8606	8730	15303	-1154	-92	159	-28	51	251	51	83007249	
-15786	-1051	7420	9583	16865	-1502	-93	161	-27	52	256	52	83007268	
-16544	-562	6229	10738	18626	-1968	-91	162	-29	53	261	53	83007282	
-17579	-395	3822	10789	20834	-2439	-86	164	-34	54	266	54	83007282	
-18326	-587	1273	8957	22706	-2717	-88	164	-34	55	271	55	83007282	
-18533	-733	-420	5734	24059	-2925	-92	164	-34	56	276	56	83007282	
-18262	-1159	-1399	2147	24300	-3173	-90	165	-37	57	281	57	83007282	
-17932	-2144	-1706	-1154	23176	-3452	-86	166	-42	58	286	58	83007282	
-17778	-3114	-1048	-3730	21152	-3665	-87	166	-45	59	291	59	83007294	
-17745	-3493	321	-4736	19261	-3795	-88	166	-50	60	296	60	83007313	
-17678	-3343	1704	-4176	18065	-3883	-89	168	-50	61	301	61	83007320	
-17487	-2736	2252	-2161	17673	-3948	-92	174	-52	62	306	62	83007320	
-17065	-1834	1723	-71	18388	-3931	-88	169	-52	63	311	63	83007320	
-16493	-929	1079	1023	19429	-3817	-81	161	-51	64	316	64	83007320	
-16060	-163	397	1398	20301	-3597	-83	165	-53	65	321	65	83007321	
-16022	445	-552	1050	20827	-3340	-86	170	-56	66	326	66	83007324	
-16201	926	-1886	79	21257	-3080	-87	168	-59	67	331	67	83007340	
-16382	1482	-3507	-1245	21727	-2779	-88	164	-64	68	336	68	83007357	
-16363	2208	-4564	-2418	21905	-2449	-86	165	-63	69	341	69	83007357	
-16005	3146	-4202	-2765	21503	-2102	-84	166	-62	70	346	70	83007357	
-15538	4312	-3165	-1722	20537	-1850	-85	167	-64	71	351	71	83007357	
-15509	5066	-2733	391	19448	-1798	-86	168	-68	72	356	72	83007357	
-15693	5060	-3123	2499	18871	-1740	-86	169	-70	73	361	73	83007357	
-15692	5126	-3884	3685	19041	-1569	-85	171	-73	74	366	74	83007378	
-15636	5417	-4495	3789	19648	-1463	-85	170	-75	75	371	75	83007408	
-15526	4602	-5058	4073	20140	-1328	-85	169	-77	76	376	76	83007408	
-14979	3570	-5152	4963	20134	-1246	-86	164	-82	77	381	77	83007409	
-14331	3358	-4690	5482	19811	-1540	-87	157	-89	78	386	78	83007409	
-13716	2126	-5172	5980	19353	-1665	-85	161	-89	79	391	79	83007410	
-13191	1176	-5652	6646	18615	-1543	-82	164	-88	80	396	80	83007410	
-12605	630	-5580	7890	17914	-1488	-82	162	-90	81	401	81	83007410	
-12484	314	-5658	10056	17178	-1612	-82	158	-92	82	406	82	83007420	
-13053	12	-6269	11718	16485	-1753	-81	161	-93	83	411	83	83007435	
-13558	-158	-6652	11777	16240	-1723	-79	165	-95	84	416	84	83007435	
-13425	422	-5734	10668	16471	-1615	-80	161	-98	85	421	85	83007435	
-13041	1266	-4190	9868	16652	-1665	-82	156	-102	86	426	86	83007435	
-13030	1479	-3645	9842	16385	-2001	-80	157	-104	87	431	87	83007435	
-13474	1096	-4544	9367	16011	-2550	-78	158	-106	88	436	88	83007435	
-13761	956	-5239	8139	16107	-3161	-79	156	-111	89	441	89	83007440	
-13767	792	-5610	7202	16524	-3732	-79	155	-115	90	446	90	83007469	
-13504	602	-5978	6894	16889	-4180	-80	155	-115	91	451	91	83007485	
-13098	501	-6069	6755	17108	-4628	-81	155	-115	92	456	92	83007485	
-12942	374	-5801	6952	17036	-5214	-82	153	-117	93	461	93	83007485	
-13106	188	-5947	7956	16637	-5793	-84	150	-120	94	466	94	83007485	
-12996	-32	-6511	9404	16355	-6172	-78	152	-120	95	471	95	83007486	
-13202	-609	-7436	10566	16619	-6362	-72	154	-120	96	476	96	83007486	
-13624	-1299	-8112	10877	17078	-6450	-71	158	-122	97	481	97	83007508	
-13699	-1566	-7858	10222	17325	-6486	-71	161	-123	98	486	98	83007523	
-13604	-1512	-7238	9281	17247	-6440	-71	157	-127	99	491	99	83007523	
-13725	-1588	-6653	8830	17142	-6311	-71	155	-129	100	496	100	83007523	
-14120	-2236	-5740	9076	17102	-6184	-68	156	-131	101	501	101	83007523	
-15002	-3768	-5012	9945	16835	-6044	-65	157	-133	102	506	102	83007523	
-16246	-5521	-5084	10606	16410	-5871	-64	155	-134	103	511	103	83007523	
-17171	-6447	-5704	9349	17129	-5659	-63	153	-135	104	516	104	83007524	
-16878	-6974	-6554	6676	19499	-5455	-63	154	-137	105	521	105	83007524	
-16270	-7327	-6939	3832	21429	-5309	-63	155	-139	106	526	106	83007524	
-15768	-7465	-7109	1438	21644	-5142	-64	150	-144	107	531	107	83007546	
-15493	-7117	-6858	-363	21222	-4890	-64	146	-148	108	536	108	83007560	
-15747	-6701	-6592	-1309	21613	-4646	-65	141	-147	109	541	109	83007560	
-15936	-6573	-7300	-1482	22938	-4503	-66	138	-146	110	546	110	83007560	
-15213	-6138	-8804	-1812	24897	-4431	-64	141	-149	111	551	111	83007560	
-13352	-4654	-9447	-2889	26822	-4308	-63	143	-151	112	556	112	83007560	
-10776	-3023	-8900	-3689	27856	-4110	-61	142	-154	113	561	113	83007560	
-8786	-2121	-8189	-3419	27547	-4001	-60	142	-156	114	566	114	83007560	
-7783	-1902	-7794	-2625	26267	-3992	-62	139	-160	115	571	115	83007582	
-7444	-1963	-8030	-1779	25152	-3989	-63	137	-163	116	576	116	83007597	
-7274	-1725	-8641	-865	24614	-3940	-65	137	-165	117	581	117	83007598	
-7134	-1145	-9247	61	23989	-3921	-67	137	-167	118	586	118	83007598	
-7459	-707	-9839	740	22968	-4042	-66	135	-172	119	591	119	83007598	
-8289	-694	-10278	1011	22082	-4233	-66	134	-176	120	596	120	83007599	
-9188	-765	-10031	1383	21697	-4383	-58	127	-169	121	601	121	83007599	
-9691	-974	-9928	2402	21570	-4495	-55	125	-167	122	606	122	83007599	
-10258	-1686	-10289	3662	21497	-4617	-57	123	-174	123	611	123	83007620	
-10666	-2622	-10744	4426	21514	-4671	-58	122	-178	124	616	124	83007635	
-10731	-3547	-11191	4700	21667	-4636	-56	120	-180	125	621	125	83007635	
-10362	-4844	-11750	4934	21911	-4551	-55	119	-181	126	626	126	83007635	
-9698	-6551	-12218	4829	22067	-4501	-54	118	-179	127	631	127	83007635	
-8954	-7358	-12065	4103	21944	-4426	-54	118	-178	128	636	128	83007635	
-7975	-6441	-11619	3369	21368	-4263	-56	114	-187	129	641	129	83007635	
-7464	-5355	-12914	3149	20681	-4070	-56	112	-190	130	646	130	83007642	
-6966	-4711	-14301	2287	20259	-3839	-56	107	-192	131	651	131	83007671	
-6810	-4025	-14418	1092	19991	-3639	-56	106	-192	132	656	132	83007679	
-6927	-4265	-14743	458	19793	-3577	-53	108	-193	133	661	133	83007679	
-6812	-4756	-15484	-412	19473	-3561	-51	109	-193	134	666	134	83007679	
-6397	-4588	-16072	-1450	19196	-3439	-52	105	-195	135	671	135	83007680	
-5877	-3615	-16184	-1952	19042	-3093	-53	103	-197	136	676	136	83007680	
-5607	-2568	-15597	-2040	18585	-2523	-50	100	-197	137	681	137	83007680	
-5566	-2681	-15296	-1794	17880	-1923	-49	99	-197	138	686	138	83007704	
-5686	-3588	-16231	-1240	17525	-1400	-51	98	-199	139	691	139	83007710	
-5393	-3858	-16494	-1421	17459	-940	-52	98	-200	140	696	140	83007710	
-5067	-2988	-15996	-2043	17147	-500	-54	88	-204	141	701	141	83007710	
-5072	-1774	-15307	-2344	16484	-119	-55	85	-205	142	706	142	83007711	
-5072	-1393	-15186	-2075	15818	134	-55	86	-206	143	711	143	83007711	
-5060	-1286	-15371	-1749	15202	276	-55	87	-207	144	716	144	83007711	
-4750	-1698	-15722	-1482	14731	334	-53	88	-205	145	721	145	83007716	
-4168	-2808	-16258	-1314	14399	289	-52	88	-204	146	726	146	83007740	
-4061	-3525	-16718	-1674	14268	198	-57	78	-206	147	731	147	83007747	
-3965	-3628	-16682	-2491	14322	126	-58	76	-206	148	736	148	83007747	
-3364	-3386	-16094	-3562	14270	-6	-56	79	-203	149	741	149	83007748	
-2500	-4166	-15232	-4310	13980	-267	-56	80	-202	150	746	150	83007748	
-2744	-5002	-15871	-4491	13555	-467	-57	74	-208	151	751	151	83007748	
-3108	-4723	-16031	-5154	13433	-397	-57	73	-209	152	756	152	83007748	
-2844	-3846	-16020	-5638	13518	-264	-59	74	-207	153	761	153	83007766	
-2268	-2568	-15910	-5858	13426	-139	-60	74	-206	154	766	154	83007778	
-2170	-1522	-16135	-5611	12937	-76	-62	70	-213	155	771	155	83007780	
-1718	-803	-16470	-4846	12253	-12	-63	69	-215	156	776	156	83007780	
-1524	-506	-16858	-3790	11585	72	-62	71	-213	157	781	157	83007780	
-1362	-482	-17250	-2520	10924	186	-62	72	-212	158	786	158	83007780	
-1137	-534	-17542	-1343	10266	308	-60	68	-213	159	791	159	83007781	
-1004	-962	-17886	-220	9585	430	-59	67	-213	160	796	160	83007781	
-958	-1546	-18174	763	8868	544	-61	65	-209	161	801	161	83007803	
-880	-2086	-18426	1684	7988	693	-62	64	-208	162	806	162	83007817	
-944	-2378	-18286	2325	7258	817	-62	64	-216	163	811	163	83007817	
-1282	-2548	-18368	2855	6586	942	-62	64	-216	164	816	164	83007817	
-1596	-2342	-18294	3256	5814	1113	-60	60	-214	165	821	165	83007817	
-1706	-2008	-17941	3531	5182	1247	-59	59	-213	166	826	166	83007817	
-1900	-1985	-17887	3843	4631	1336	-62	57	-215	167	831	167	83007847	
-1951	-2302	-17976	3983	4152	1405	-63	57	-215	168	836	168	83007855	
-1808	-2751	-17974	3891	3781	1457	-61	56	-219	169	841	169	83007855	
-1775	-2769	-17912	3570	3410	1502	-60	56	-220	170	846	170	83007855	
-1492	-2984	-17566	3193	2940	1526	-60	60	-214	171	851	171	83007855	
-1504	-3242	-17510	3170	2458	1519	-60	60	-214	172	856	172	83007855	
-1466	-3278	-16996	2970	1947	1573	-61	53	-219	173	861	173	83007855	
-1562	-3598	-16874	3018	1474	1626	-61	53	-219	174	866	174	83007856	
-1579	-3705	-16644	3044	1203	1681	-60	56	-215	175	871	175	83007877	
-1707	-4016	-16536	3122	969	1738	-60	56	-214	176	876	176	83007898	
-1775	-4318	-16466	3150	753	1789	-59	57	-218	177	881	177	83007903	
-1822	-4197	-16234	3048	466	1833	-59	57	-219	178	886	178	83007903	
-1922	-4470	-15904	2919	56	1807	-58	52	-218	179	891	179	83007903	
-1944	-4678	-15728	2651	-230	1747	-58	52	-218	180	896	180	83007904	
-2228	-4832	-15560	2332	-438	1666	-58	56	-216	181	901	181	83007904	
-2350	-4614	-15340	1873	-572	1580	-58	56	-216	182	906	182	83007937	
-2608	-5028	-15056	1567	-623	1522	-62	54	-218	183	911	183	83007937	
-2850	-4790	-15054	1300	-651	1498	-62	54	-218	184	916	184	83007937	
-2870	-4678	-14949	1103	-585	1493	-55	53	-211	185	921	185	83007937	
-2727	-4570	-14810	1069	-448	1487	-53	53	-209	186	926	186	83007937	
-2646	-5008	-14386	1289	-311	1483	-56	54	-212	187	931	187	83007937	
-2580	-5168	-14286	1680	-283	1492	-56	54	-212	188	936	188	83007937	
-2452	-5266	-14332	1970	-208	1485	-58	52	-218	189	941	189	83007956	
-2318	-5506	-14612	2221	-218	1421	-58	52	-218	190	946	190	83007975	
-2146	-5962	-15102	1947	-330	1314	-58	52	-220	191	951	191	83007975	
-2112	-5656	-15336	925	-568	1242	-58	52	-220	192	956	192	83007975	
-2292	-5502	-15388	-452	-791	1155	-64	44	-220	193	961	193	83007976	
-2630	-5318	-15380	-1855	-701	1052	-64	44	-220	194	966	194	83007976	
-2757	-5238	-15192	-2941	-344	975	-62	48	-221	195	971	195	83007976	
-2828	-5376	-14580	-4070	443	876	-61	49	-221	196	976	196	83007976	
-2730	-5118	-14108	-4484	1275	823	-62	56	-218	197	981	197	83008009	
-2618	-5216	-13870	-4215	1993	867	-62	56	-218	198	986	198	83008014	
-2088	-5534	-14132	-3194	2500	1045	-58	56	-218	199	991	199	83008014	
-1838	-5018	-14272	-2076	2808	1253	-58	56	-218	200	996	200	83008014	
-1578	-5578	-14870	-711	2430	1219	-65	61	-221	201	1001	201	83008015	
-1150	-5840	-15192	379	1903	1313	-65	61	-221	202	1006	202	83008015	
-900	-6082	-15206	959	1335	1477	-60	50	-214	203	1011	203	83008015	
-904	-6408	-15479	1562	660	1609	-60	51	-214	204	1016	204	83008029	
-932	-6396	-15672	1933	204	1699	-60	56	-214	205	1021	205	83008075	
-1108	-6336	-15834	2321	-181	1701	-60	56	-214	206	1026	206	83008076	
-1278	-6290	-15990	2572	-264	1609	-61	47	-217	207	1031	207	83008076	
-1374	-6452	-16210	2668	-213	1456	-61	47	-217	208	1036	208	83008076	
-1414	-6368	-16318	2299	-144	1265	-63	51	-215	209	1041	209	83008076	
-1456	-6414	-16036	1257	-174	1006	-63	51	-215	210	1046	210	83008077	
-1768	-6054	-15578	-507	-224	722	-60	52	-222	211	1051	211	83008077	
-2298	-5768	-15356	-2413	-177	423	-60	52	-222	212	1056	212	83008093	
-2655	-5292	-15261	-4186	215	124	-63	49	-217	213	1061	213	83008122	
-2868	-5015	-14931	-4972	636	-84	-63	50	-217	214	1066	214	83008122	
-2979	-4928	-14653	-5035	1001	-219	-61	53	-217	215	1071	215	83008122	
-2886	-4916	-14328	-4602	1143	-313	-61	53	-217	216	1076	216	83008122	
-2782	-4982	-14480	-3520	951	-422	-63	51	-219	217	1081	217	83008122	
-2664	-5284	-14736	-2306	467	-496	-63	51	-219	218	1086	218	83008122	
-2628	-5488	-15066	-1302	-102	-525	-64	54	-222	219	1091	219	83008130	
-2606	-5520	-15298	-682	-614	-506	-64	54	-222	220	1096	220	83008161	
-2414	-5406	-15340	-493	-1037	-457	-62	48	-218	221	1101	221	83008162	
-2240	-4991	-15269	-732	-1212	-482	-61	48	-217	222	1106	222	83008162	
-2194	-4923	-15263	-1097	-1293	-528	-57	49	-215	223	1111	223	83008162	
-2113	-4895	-15203	-1391	-1255	-453	-58	51	-215	224	1116	224	83008162	
-2009	-4785	-15138	-1509	-1155	-319	-63	57	-217	225	1121	225	83008162	
-1944	-4728	-15158	-1453	-1152	-197	-63	57	-217	226	1126	226	83008162	
-2026	-4608	-15126	-1279	-1289	-57	-60	52	-212	227	1131	227	83008162	
-2446	-4522	-15078	-1163	-1382	71	-60	52	-212	228	1136	228	83008163	
-2955	-4438	-14979	-922	-1171	203	-66	54	-218	229	1141	229	83008163	
-3248	-4279	-15014	-724	-799	276	-64	54	-217	230	1146	230	83008163	
-3438	-4278	-15233	-629	-497	302	-57	53	-215	231	1151	231	83008163	
-3595	-4138	-15394	-794	-443	294	-58	53	-215	232	1156	232	83008164	
-3728	-3996	-15440	-1254	-566	269	-62	52	-216	233	1161	233	83008169	
-3843	-3681	-15280	-1946	-639	226	-62	52	-217	234	1166	234	83008169	
-3912	-3475	-15169	-2569	-501	161	-60	50	-220	235	1171	235	83008175	
-3884	-3352	-15044	-2965	-268	98	-60	50	-220	236	1176	236	83008206	
-3832	-3198	-14838	-3297	113	37	-58	50	-214	237	1181	237	83008207	
-3476	-3108	-14913	-3404	540	-32	-60	51	-214	238	1186	238	83008208	
-3193	-3001	-14985	-3329	739	-69	-67	53	-213	239	1191	239	83008209	
-2878	-2816	-15121	-3137	710	-107	-67	53	-214	240	1196	240	83008209	
-2676	-2784	-15392	-2922	522	-129	-65	51	-217	241	1201	241	83008210	
-2453	-2802	-15520	-2760	280	-137	-66	51	-217	242	1206	242	83008211	
-2358	-2600	-15652	-2668	-13	-126	-68	50	-216	243	1211	243	83008216	
-2350	-2547	-15776	-2549	-378	-102	-67	50	-216	244	1216	244	83008234	
-2366	-2507	-15771	-2384	-762	-84	-63	49	-217	245	1221	245	83008234	
-2465	-2431	-15659	-2190	-1092	-76	-63	49	-215	246	1226	246	83008235	
-2642	-2388	-15471	-2074	-1216	-71	-62	48	-212	247	1231	247	83008235	
-2793	-2355	-15236	-1966	-1168	-72	-62	48	-212	248	1236	248	83008235	
-3035	-2352	-15064	-1807	-921	-90	-64	48	-214	249	1241	249	83008235	
-3101	-2328	-15146	-1592	-515	-112	-64	50	-214	250	1246	250	83008237	
-3148	-2358	-15174	-1469	-133	-134	-66	58	-214	251	1251	251	83008250	
-3284	-2553	-15130	-1624	35	-141	-66	56	-214	252	1256	252	83008273	
-3408	-2482	-14982	-2118	100	-119	-64	48	-216	253	1261	253	83008273	
-3107	-1767	-14820	-2685	255	-97	-66	47	-216	254	1266	254	83008273	
-3084	-1938	-15022	-2837	413	-174	-70	46	-216	255	1271	255	83008273	
-3053	-1872	-15240	-2857	469	-192	-71	48	-215	256	1276	256	83008274	
-2918	-1798	-15412	-2841	449	-170	-72	52	-214	257	1281	257	83008274	
-2750	-1688	-15582	-2775	368	-138	-72	52	-214	258	1286	258	83008283	
-2608	-1590	-15562	-2715	252	-96	-72	52	-212	259	1291	259	83008318	
-2550	-1561	-15569	-2643	121	-41	-70	52	-213	260	1296	260	83008319	
-2598	-1528	-15521	-2535	-20	30	-63	51	-217	261	1301	261	83008319	
-2681	-1564	-15268	-2363	-159	93	-65	52	-216	262	1306	262	83008319	
-2752	-1502	-15046	-2111	-295	161	-71	53	-213	263	1311	263	83008320	
-2884	-1457	-15092	-1834	-393	216	-70	54	-213	264	1316	264	83008320	
-2978	-1474	-15196	-1517	-467	261	-68	56	-212	265	1321	265	83008320	
-2959	-1446	-15254	-1231	-479	304	-68	56	-214	266	1326	266	83008332	
-2941	-1421	-15275	-1033	-414	348	-67	55	-217	267	1331	267	83008353	
-2934	-1402	-15343	-918	-304	393	-67	55	-217	268	1336	268	83008359	
-2929	-1442	-15366	-861	-158	445	-69	55	-215	269	1341	269	83008359	
-2866	-1382	-15339	-841	-17	481	-70	55	-213	270	1346	270	83008360	
-2830	-1307	-15484	-842	94	529	-71	55	-207	271	1351	271	83008360	
-2823	-1270	-15488	-761	168	556	-72	53	-209	272	1356	272	83008360	
-2836	-1268	-15554	-580	230	563	-73	51	-211	273	1361	273	83008364	
-2892	-1352	-15614	-394	235	569	-72	53	-213	274	1366	274	83008381	
-2918	-1466	-15528	-379	217	575	-71	55	-215	275	1371	275	83008397	
-2918	-1531	-15336	-522	230	567	-70	54	-215	276	1376	276	83008398	
-2939	-1513	-15243	-637	254	550	-68	52	-214	277	1381	277	83008398	
-2977	-1442	-15321	-627	244	533	-69	53	-215	278	1386	278	83008398	
-2950	-1511	-15522	-412	90	497	-70	56	-218	279	1391	279	83008398	
