-14124	-40	9568	-1930	1533	-10	-215	70	108	1	1	1	72698127	
-14064	-103	9596	-1885	1514	42	-217	69	113	2	6	2	72698127	
-14066	-183	9688	-1851	1443	103	-213	69	103	3	11	3	72698127	
-14070	-182	9803	-1836	1357	167	-211	69	99	4	16	4	72698127	
-14070	-184	9893	-1828	1252	238	-214	72	97	5	21	5	72698127	
-14003	-224	10025	-1828	1116	301	-215	73	97	6	26	6	72698135	
-13975	-252	10124	-1826	974	338	-216	67	99	7	31	7	72698159	
-14002	-272	10214	-1819	831	390	-216	66	100	8	36	8	72698164	
-13989	-265	10354	-1806	687	445	-218	68	102	9	41	9	72698164	
-13981	-294	10491	-1802	564	497	-219	69	103	10	46	10	72698165	
-13977	-296	10662	-1803	445	525	-218	68	102	11	51	11	72698165	
-14010	-296	10714	-1808	347	558	-218	68	102	12	56	12	72698165	
-14062	-332	10912	-1825	318	594	-216	66	100	13	61	13	72698165	
-14112	-252	11008	-1840	311	575	-216	66	100	14	66	14	72698173	
-14068	-316	11006	-1845	365	585	-219	71	101	15	71	15	72698196	
-14176	-322	11036	-1862	478	561	-219	71	101	16	76	16	72698196	
-14130	-344	11078	-1896	643	547	-219	71	105	17	81	17	72698196	
-14130	-376	11060	-1930	846	518	-219	71	105	18	86	18	72698196	
-14120	-346	11022	-1968	1064	503	-212	72	98	19	91	19	72698197	
-14118	-407	11058	-2003	1332	464	-213	72	98	20	96	20	72698197	
-14100	-427	11022	-2021	1537	431	-216	72	96	21	101	21	72698203	
-14000	-422	11054	-2043	1679	398	-216	72	96	22	106	22	72698233	
-13938	-422	11042	-2061	1786	357	-214	74	102	23	111	23	72698233	
-13890	-384	11012	-2085	1861	317	-214	74	102	24	116	24	72698233	
-13768	-412	11102	-2104	1872	322	-216	70	98	25	121	25	72698233	
-13806	-414	11034	-2107	1833	317	-216	70	98	26	126	26	72698233	
-13788	-306	11056	-2099	1770	321	-213	67	99	27	131	27	72698234	
-13800	-206	11026	-2069	1687	339	-213	67	99	28	136	28	72698234	
-13816	-164	10930	-2022	1538	366	-210	70	94	29	141	29	72698247	
-13857	-41	10880	-1979	1407	403	-211	70	96	30	146	30	72698273	
-13898	24	10795	-1954	1265	459	-215	69	103	31	151	31	72698273	
-13885	98	10772	-1937	1132	492	-215	70	104	32	156	32	72698273	
-13878	191	10691	-1930	1018	539	-216	76	106	33	161	33	72698273	
-13918	308	10532	-1925	942	577	-216	75	105	34	166	34	72698273	
-13983	316	10551	-1918	888	621	-217	69	101	35	171	35	72698279	
-13969	339	10529	-1920	855	679	-218	70	102	36	176	36	72698301	
-13892	416	10384	-1925	865	721	-221	71	105	37	181	37	72698301	
-13884	425	10368	-1927	894	749	-219	71	100	38	186	38	72698301	
-13823	416	10375	-1938	938	766	-215	71	93	39	191	39	72698301	
-13719	392	10344	-1953	981	777	-217	71	95	40	196	40	72698301	
-13584	381	10362	-1979	1026	780	-221	71	99	41	201	41	72698301	
-13422	359	10437	-2012	1058	755	-217	71	99	42	206	42	72698305	
-13240	333	10517	-2046	1067	723	-212	70	100	43	211	43	72698321	
-13117	304	10544	-2089	1045	680	-212	71	100	44	216	44	72698338	
-12955	299	10596	-2135	982	622	-211	73	99	45	221	45	72698339	
-12737	230	10599	-2197	907	548	-213	71	101	46	226	46	72698339	
-12608	188	10654	-2268	835	459	-214	70	102	47	231	47	72698339	
-12496	127	10727	-2331	764	372	-217	67	105	48	236	48	72698340	
-12436	104	10798	-2406	695	286	-219	65	107	49	241	49	72698340	
-12345	167	10814	-2499	602	197	-215	71	103	50	246	50	72698351	
-12254	188	10862	-2600	492	109	-213	75	101	51	251	51	72698369	
-12191	186	10937	-2705	355	22	-216	74	97	52	256	52	72698380	
-12182	224	11014	-2849	166	-85	-218	74	94	53	261	53	72698384	
-12284	279	11237	-3049	-7	-181	-215	74	104	54	266	54	72698384	
-12346	346	11309	-3349	-262	-295	-214	74	106	55	271	55	72698385	
-12367	482	11284	-3656	-520	-409	-216	74	106	56	276	56	72698385	
-12248	576	11210	-3887	-592	-502	-216	74	106	57	281	57	72698385	
-12053	619	11128	-4049	-525	-593	-210	73	104	58	286	58	72698399	
-11860	647	11005	-4137	-437	-702	-209	73	103	59	291	59	72698413	
-11712	724	10804	-4192	-370	-836	-215	73	105	60	296	60	72698416	
-11638	824	10624	-4212	-327	-975	-217	73	105	61	301	61	72698416	
-11668	1002	10440	-4221	-286	-1189	-216	70	96	62	306	62	72698416	
-11650	1166	10232	-4191	-247	-1354	-216	70	96	63	311	63	72698416	
-11690	1332	9934	-4151	-190	-1528	-213	71	105	64	316	64	72698417	
-11758	1540	9746	-4100	-138	-1695	-213	71	105	65	321	65	72698425	
-11843	1628	9674	-4058	-101	-1818	-214	75	104	66	326	66	72698449	
-11943	1857	9527	-4028	-64	-1965	-214	76	104	67	331	67	72698454	
-11972	2083	9425	-3994	-48	-2146	-212	71	102	68	336	68	72698454	
-12094	2185	9491	-3947	-44	-2331	-212	70	102	69	341	69	72698454	
-12084	2226	9734	-3907	-160	-2532	-207	73	103	70	346	70	72698454	
-12136	2210	9860	-3925	-392	-2700	-207	73	103	71	351	71	72698465	
-12166	2198	10196	-3963	-751	-2860	-212	72	110	72	356	72	72698492	
-12288	2140	10514	-4005	-1200	-3011	-212	72	110	73	361	73	72698493	
-12512	2150	10758	-4032	-1698	-3163	-207	73	107	74	366	74	72698493	
-12698	2072	11126	-4088	-2273	-3237	-207	73	107	75	371	75	72698494	
-12994	2010	11446	-4173	-2956	-3284	-209	71	109	76	376	76	72698494	
-13276	1908	11812	-4268	-3706	-3332	-209	71	109	77	381	77	72698494	
-13486	1882	11982	-4343	-4452	-3320	-205	71	103	78	386	78	72698494	
-13833	1848	12262	-4394	-5270	-3274	-204	73	104	79	391	79	72698502	
-14040	1810	12180	-4377	-5822	-3206	-200	80	108	80	396	80	72698529	
-14314	1856	11971	-4295	-6176	-3129	-202	79	109	81	401	81	72698529	
-14508	1923	11864	-4132	-6246	-3033	-210	74	112	82	406	82	72698529	
-14614	2019	11690	-3936	-6048	-2950	-209	73	112	83	411	83	72698530	
-14752	2119	11744	-3749	-5642	-2881	-205	71	113	84	416	84	72698530	
-14781	2196	11645	-3560	-5111	-2819	-205	71	113	85	421	85	72698530	
-14908	2265	11613	-3354	-4538	-2794	-205	71	111	86	426	86	72698540	
-15076	2303	11615	-3107	-4016	-2766	-205	71	109	87	431	87	72698591	
-15153	2331	11694	-2871	-3620	-2758	-204	70	106	88	436	88	72698621	
-15116	2347	11727	-2586	-3261	-2782	-206	71	108	89	441	89	72698621	
-15080	2405	11754	-2270	-2967	-2827	-210	72	112	90	446	90	72698621	
-15046	2396	11763	-1946	-2712	-2876	-208	74	111	91	451	91	72698621	
-15038	2320	11737	-1605	-2467	-2962	-204	76	110	92	456	92	72698621	
-15111	2242	11725	-1271	-2219	-3066	-204	74	110	93	461	93	72698621	
-15221	2197	11704	-963	-1943	-3158	-203	71	109	94	466	94	72698631	
-15372	2156	11573	-678	-1587	-3238	-203	70	108	95	471	95	72698653	
-15562	1978	11413	-468	-1181	-3290	-203	69	107	96	476	96	72698659	
-15684	1855	11259	-327	-766	-3311	-202	70	113	97	481	97	72698659	
-15759	1704	11164	-235	-333	-3331	-201	71	117	98	486	98	72698659	
-15741	1491	11180	-196	95	-3333	-203	72	114	99	491	99	72698659	
-15673	1322	11236	-197	456	-3308	-204	72	112	100	496	100	72698659	
-15560	1117	11189	-233	680	-3245	-203	71	110	101	501	101	72698659	
-15410	888	11217	-302	757	-3130	-203	71	109	102	506	102	72698659	
-15222	678	11273	-417	654	-2936	-202	72	111	103	511	103	72698659	
-15058	506	11260	-519	360	-2696	-202	72	112	104	516	104	72698659	
-14886	512	11222	-599	-109	-2390	-204	74	110	105	521	105	72698660	
-14716	264	11056	-673	-684	-2021	-204	74	110	106	526	106	72698660	
-14495	96	10826	-821	-1257	-1667	-202	74	113	107	531	107	72698667	
-14352	232	10690	-995	-1686	-1377	-202	74	114	108	536	108	72698670	
-14134	234	10415	-1062	-1978	-1041	-203	70	110	109	541	109	72698670	
-14091	248	10208	-1079	-2081	-737	-203	69	109	110	546	110	72698670	
-14002	291	9940	-1056	-1948	-389	-201	71	114	111	551	111	72698670	
-13964	527	9812	-1007	-1607	-96	-201	71	115	112	556	112	72698676	
-13894	637	9685	-912	-1116	201	-204	68	112	113	561	113	72698695	
-13872	816	9548	-779	-553	508	-205	67	111	114	566	114	72698703	
-13777	1098	9578	-629	49	787	-202	77	106	115	571	115	72698704	
-13568	1403	9675	-487	628	1026	-201	79	105	116	576	116	72698705	
-13348	1642	9733	-370	1124	1243	-199	74	108	117	581	117	72698705	
-13125	1790	9872	-290	1510	1402	-199	73	109	118	586	118	72698705	
-12845	1842	10086	-245	1832	1505	-204	76	115	119	591	119	72698705	
-12644	1976	10130	-268	2149	1567	-205	77	117	120	596	120	72698715	
-12422	2034	10250	-327	2382	1603	-202	74	116	121	601	121	72698737	
-12234	2146	10222	-409	2591	1592	-202	74	116	122	606	122	72698737	
-12040	2192	10374	-492	2768	1547	-205	69	119	123	611	123	72698737	
-11834	2220	10386	-597	2872	1488	-205	69	119	124	616	124	72698737	
-11724	2242	10480	-729	2863	1422	-209	69	115	125	621	125	72698737	
-11628	2346	10516	-918	2746	1305	-209	69	115	126	626	126	72698737	
-11466	2372	10436	-1148	2541	1193	-203	73	107	127	631	127	72698737	
-11416	2370	10338	-1388	2256	1072	-203	73	107	128	636	128	72698751	
-11310	2440	10220	-1705	1725	949	-207	75	111	129	641	129	72698778	
-11244	2413	10168	-1979	1152	814	-207	76	110	130	646	130	72698778	
-11209	2346	10095	-2246	510	662	-208	80	108	131	651	131	72698778	
-11284	2231	10112	-2510	-206	489	-208	80	108	132	656	132	72698778	
-11356	1992	10127	-2757	-965	301	-209	79	109	133	661	133	72698778	
-11484	1823	10239	-2975	-1744	122	-208	78	109	134	666	134	72698778	
-11754	1683	10303	-3165	-2508	-68	-202	72	110	135	671	135	72698780	
-12020	1462	10376	-3324	-3228	-283	-203	73	110	136	676	136	72698794	
-12418	1185	10499	-3463	-3805	-523	-207	73	110	137	681	137	72698819	
-12812	973	10642	-3575	-4146	-722	-206	68	113	138	686	138	72698819	
-13162	777	10781	-3676	-4396	-913	-205	65	115	139	691	139	72698819	
-13481	610	10960	-3750	-4465	-1077	-205	68	115	140	696	140	72698819	
-13832	437	11165	-3799	-4430	-1198	-204	72	114	141	701	141	72698820	
-14114	254	11311	-3824	-4308	-1278	-203	73	115	142	706	142	72698820	
-14337	102	11524	-3808	-4083	-1336	-202	74	116	143	711	143	72698820	
-14498	-42	11750	-3750	-3747	-1396	-203	74	116	144	716	144	72698829	
-14570	-220	11886	-3651	-3249	-1440	-205	75	115	145	721	145	72698842	
-14612	-384	11982	-3525	-2646	-1457	-203	75	114	146	726	146	72698842	
-14584	-563	12027	-3395	-2036	-1448	-201	75	113	147	731	147	72698842	
-14558	-691	12010	-3255	-1382	-1433	-204	73	114	148	736	148	72698842	
-14462	-785	11989	-3106	-688	-1418	-206	72	114	149	741	149	72698842	
-14324	-905	11983	-2952	24	-1383	-202	69	113	150	746	150	72698858	
-14146	-1029	11835	-2803	748	-1349	-199	67	113	151	751	151	72698875	
-13953	-1098	11720	-2665	1468	-1325	-204	67	112	152	756	152	72698879	
-13729	-1144	11637	-2554	2264	-1267	-207	67	111	153	761	153	72698879	
-13585	-1168	11608	-2476	2896	-1182	-206	71	118	154	766	154	72698879	
-13408	-1153	11574	-2420	3321	-1083	-206	72	120	155	771	155	72698880	
-13287	-1094	11556	-2368	3547	-946	-203	70	118	156	776	156	72698886	
-13279	-1050	11544	-2315	3613	-788	-202	70	118	157	781	157	72698910	
-13311	-945	11509	-2288	3607	-657	-201	68	119	158	786	158	72698916	
-13310	-847	11424	-2277	3573	-514	-201	67	119	159	791	159	72698916	
-13340	-729	11340	-2282	3518	-351	-201	68	117	160	796	160	72698916	
-13366	-581	11247	-2306	3426	-173	-201	69	115	161	801	161	72698917	
-13355	-524	11122	-2358	3331	-46	-198	69	115	162	806	162	72698917	
-13309	-454	11085	-2426	3235	62	-197	69	115	163	811	163	72698917	
-13338	-339	11072	-2507	3129	165	-202	72	117	164	816	164	72698923	
-13366	-247	10940	-2580	3012	256	-203	73	117	165	821	165	72698947	
-13408	-136	10927	-2652	2878	353	-203	71	112	166	826	166	72698953	
-13376	42	11012	-2732	2725	443	-203	71	111	167	831	167	72698953	
-13292	122	11054	-2815	2527	544	-203	74	116	168	836	168	72698953	
-13236	183	11127	-2906	2308	671	-203	75	117	169	841	169	72698953	
-13194	286	11140	-3037	2071	821	-205	73	113	170	846	170	72698953	
-13128	390	11346	-3156	1908	932	-205	73	113	171	851	171	72698953	
-13028	490	11330	-3267	1724	1028	-199	75	115	172	856	172	72698991	
-12952	494	11444	-3373	1517	1095	-199	75	115	173	861	173	72698991	
-12946	534	11534	-3471	1302	1159	-193	75	115	174	866	174	72698991	
-12956	572	11578	-3531	1094	1197	-193	75	115	175	871	175	72698991	
-12902	586	11752	-3578	932	1229	-205	77	113	176	876	176	72698991	
-12920	578	11840	-3582	845	1239	-205	77	113	177	881	177	72698991	
-12992	512	11926	-3555	846	1246	-199	73	115	178	886	178	72698991	
-13051	532	12034	-3501	990	1218	-200	73	114	179	891	179	72699006	
-13126	469	11994	-3452	1179	1170	-202	72	110	180	896	180	72699028	
-13263	407	12041	-3407	1432	1109	-201	74	111	181	901	181	72699028	
-13346	393	11996	-3395	1746	1031	-199	83	113	182	906	182	72699028	
-13380	368	12043	-3424	2072	936	-199	82	113	183	911	183	72699028	
-13402	327	12019	-3465	2417	858	-201	77	113	184	916	184	72699029	
-13494	326	12034	-3521	2773	784	-200	77	113	185	921	185	72699029	
-13508	247	12008	-3572	3150	715	-198	78	114	186	926	186	72699031	
-13492	219	11996	-3664	3579	686	-201	78	114	187	931	187	72699047	
-13422	171	11934	-3779	3928	713	-205	77	113	188	936	188	72699061	
-13282	180	11838	-3909	4255	777	-201	77	113	189	941	189	72699061	
-13152	215	11742	-4031	4534	860	-196	78	114	190	946	190	72699061	
-13044	272	11644	-4127	4737	955	-197	77	114	191	951	191	72699061	
-12898	282	11642	-4185	4844	1068	-198	76	114	192	956	192	72699061	
-12738	254	11627	-4259	4799	1173	-200	77	114	193	961	193	72699061	
-12528	234	11679	-4366	4579	1245	-203	79	115	194	966	194	72699072	
-12411	344	11819	-4537	4171	1282	-204	79	116	195	971	195	72699094	
-12387	470	11908	-4704	3691	1321	-204	78	116	196	976	196	72699098	
-12383	556	11916	-4787	3290	1362	-203	79	115	197	981	197	72699098	
-12486	634	11886	-4836	2958	1385	-202	80	114	198	986	198	72699098	
-12684	705	11746	-4878	2694	1408	-201	80	115	199	991	199	72699098	
-12834	764	11617	-4896	2496	1399	-200	80	116	200	996	200	72699103	
-12952	864	11414	-4854	2316	1351	-198	79	114	201	1001	201	72699124	
-13073	932	11201	-4760	2126	1284	-196	78	112	202	1006	202	72699136	
-13173	963	11113	-4623	1867	1166	-197	83	110	203	1011	203	72699136	
-13232	1020	10972	-4480	1604	1037	-197	85	109	204	1016	204	72699136	
-13279	998	11021	-4334	1356	911	-197	79	114	205	1021	205	72699137	
-13329	989	11046	-4200	1191	781	-197	77	115	206	1026	206	72699137	
-13420	1000	11032	-4055	1060	657	-198	84	112	207	1031	207	72699137	
-13518	974	10994	-3888	971	528	-198	88	110	208	1036	208	72699148	
-13594	938	10918	-3711	946	379	-201	81	111	209	1041	209	72699166	
-13617	903	10959	-3534	960	233	-203	77	111	210	1046	210	72699175	
-13676	835	10949	-3338	989	106	-199	82	113	211	1051	211	72699177	
-13774	714	10930	-3185	987	18	-197	83	113	212	1056	212	72699178	
-13847	658	11044	-3071	945	-55	-199	77	117	213	1061	213	72699179	
-13871	568	10970	-2959	875	-107	-200	76	118	214	1066	214	72699179	
-13949	516	10891	-2859	770	-136	-198	78	114	215	1071	215	72699179	
-13982	473	10961	-2771	652	-147	-197	79	113	216	1076	216	72699205	
-14096	424	10955	-2678	545	-124	-195	85	111	217	1081	217	72699211	
-14183	390	10998	-2595	430	-106	-195	87	111	218	1086	218	72699211	
-14179	357	11068	-2509	316	-73	-203	81	108	219	1091	219	72699212	
-14322	268	11038	-2379	193	-31	-205	79	107	220	1096	220	72699212	
-14330	274	10936	-2263	120	9	-196	82	108	221	1101	221	72699213	
-14278	252	10932	-2155	68	30	-196	82	108	222	1106	222	72699213	
-14316	208	10918	-2030	56	86	-195	75	105	223	1111	223	72699219	
-14236	178	10816	-1903	53	122	-195	75	105	224	1116	224	72699248	
-14226	188	10658	-1781	56	157	-196	78	110	225	1121	225	72699248	
-14144	286	10600	-1677	67	213	-196	78	110	226	1126	226	72699248	
-14036	318	10712	-1582	76	276	-198	76	114	227	1131	227	72699248	
-13882	290	10500	-1531	100	326	-198	76	114	228	1136	228	72699248	
-13818	320	10432	-1553	99	379	-196	80	114	229	1141	229	72699248	
-13777	406	10374	-1622	78	394	-196	81	113	230	1146	230	72699250	
-13752	510	10337	-1643	81	419	-198	84	110	231	1151	231	72699266	
-13651	454	10259	-1610	112	435	-198	84	111	232	1156	232	72699290	
-13591	531	10266	-1640	167	425	-197	85	113	233	1161	233	72699290	
-13640	613	10213	-1636	253	417	-197	85	113	234	1166	234	72699290	
-13446	613	10218	-1584	364	413	-197	85	115	235	1171	235	72699291	
-13374	673	10215	-1560	450	369	-197	84	114	236	1176	236	72699292	
-13371	749	10193	-1522	533	296	-198	80	112	237	1181	237	72699292	
-13427	812	10160	-1487	600	222	-197	78	110	238	1186	238	72699307	
-13430	828	10120	-1424	660	155	-196	76	108	239	1191	239	72699327	
-13436	888	10107	-1332	684	75	-198	77	108	240	1196	240	72699327	
-13480	934	10106	-1246	683	12	-201	79	109	241	1201	241	72699327	
-13498	983	10167	-1172	653	-53	-201	80	110	242	1206	242	72699327	
-13580	1031	10214	-1109	584	-133	-202	82	112	243	1211	243	72699327	
-13628	1038	10234	-1064	481	-206	-200	81	110	244	1216	244	72699327	
-13695	986	10287	-1012	351	-257	-198	80	108	245	1221	245	72699327	
-13740	932	10317	-978	226	-292	-201	82	107	246	1226	246	72699346	
-13784	841	10438	-992	139	-308	-203	83	107	247	1231	247	72699361	
-13932	774	10586	-1023	74	-317	-196	81	109	248	1236	248	72699363	
-13969	720	10646	-1072	-6	-319	-191	79	111	249	1241	249	72699363	
-13938	700	10716	-1142	-109	-317	-195	81	110	250	1246	250	72699363	
-13938	727	10744	-1210	-230	-314	-198	82	110	251	1251	251	72699363	
-13953	703	10744	-1275	-361	-345	-199	83	112	252	1256	252	72699363	
-14047	612	10799	-1334	-483	-372	-199	83	113	253	1261	253	72699367	
