-14477	2148	9627	-1886	-2687	465	-205	91	101	1	1	1	72708596	
-14471	2146	9560	-1845	-2377	338	-205	94	101	2	6	2	72708596	
-14442	2135	9428	-1813	-1981	208	-206	98	100	3	11	3	72708596	
-14436	2132	9266	-1798	-1516	65	-206	94	100	4	16	4	72708596	
-14452	2132	9265	-1782	-998	-95	-207	87	101	5	21	5	72708612	
-14426	2133	9212	-1765	-448	-240	-206	88	101	6	26	6	72708636	
-14389	2114	9057	-1781	170	-375	-204	90	102	7	31	7	72708636	
-14337	2048	8986	-1816	755	-515	-209	87	103	8	36	8	72708636	
-14324	1954	8948	-1845	1268	-625	-213	85	103	9	41	9	72708636	
-14323	1894	8825	-1877	1728	-720	-208	86	102	10	46	10	72708636	
-14272	1768	8754	-1918	2093	-814	-204	86	102	11	51	11	72708653	
-14210	1613	8731	-1973	2337	-884	-206	90	103	12	56	12	72708669	
-14150	1496	8718	-2062	2450	-932	-208	92	104	13	61	13	72708672	
-14110	1368	8744	-2153	2423	-965	-209	94	102	14	66	14	72708673	
-14027	1172	8802	-2251	2231	-965	-209	95	101	15	71	15	72708673	
-14023	1049	8758	-2331	1920	-946	-204	90	106	16	76	16	72708673	
-14007	902	8851	-2386	1524	-921	-203	89	107	17	81	17	72708673	
-13949	812	8835	-2434	1076	-886	-205	92	105	18	86	18	72708673	
-13978	768	8898	-2474	599	-829	-205	93	105	19	91	19	72708683	
-14007	710	8983	-2512	127	-778	-207	91	104	20	96	20	72708707	
-14031	701	9014	-2545	-319	-717	-208	90	104	21	101	21	72708712	
-14138	713	9042	-2585	-734	-651	-209	86	102	22	106	22	72708712	
-14294	708	9102	-2624	-1090	-593	-209	85	101	23	111	23	72708712	
-14354	714	9252	-2659	-1448	-504	-205	89	99	24	116	24	72708712	
-14484	768	9368	-2698	-1668	-428	-205	89	99	25	121	25	72708713	
-14532	734	9638	-2722	-1837	-375	-205	93	103	26	126	26	72708713	
-14680	708	9622	-2754	-1979	-302	-205	93	103	27	131	27	72708750	
-14760	775	9737	-2769	-2072	-233	-203	90	106	28	136	28	72708750	
-14827	825	9875	-2788	-2168	-169	-203	89	107	29	141	29	72708750	
-14944	816	9914	-2783	-2249	-118	-203	87	101	30	146	30	72708751	
-15063	862	10086	-2749	-2288	-68	-203	87	99	31	151	31	72708751	
-15014	922	10192	-2676	-2294	-20	-200	90	102	32	156	32	72708751	
-15116	958	10276	-2618	-2247	11	-200	90	102	33	161	33	72708751	
-15148	998	10154	-2555	-2177	58	-207	89	103	34	166	34	72708751	
-15192	1138	10186	-2487	-2028	108	-207	89	103	35	171	35	72708829	
-15162	1216	10186	-2437	-1820	145	-207	93	105	36	176	36	72708829	
-15152	1352	10074	-2400	-1529	200	-207	93	105	37	181	37	72708829	
-15128	1508	10064	-2362	-1175	244	-211	83	103	38	186	38	72708829	
-15118	1640	10082	-2319	-801	275	-211	83	103	39	191	39	72708829	
-14918	1808	9946	-2299	-412	318	-206	90	104	40	196	40	72708829	
-14800	1854	9914	-2277	-7	358	-205	91	104	41	201	41	72708829	
-14690	1908	9915	-2272	287	389	-199	97	105	42	206	42	72708837	
-14574	2017	9808	-2289	496	417	-199	95	105	43	211	43	72708867	
-14522	2076	9862	-2301	638	444	-198	88	104	44	216	44	72708867	
-14388	2123	9771	-2300	723	458	-199	88	103	45	221	45	72708867	
-14320	2228	9642	-2270	746	466	-201	89	99	46	226	46	72708867	
-14268	2293	9589	-2210	722	462	-202	89	101	47	231	47	72708867	
-14220	2248	9581	-2104	663	428	-205	87	109	48	236	48	72708867	
-14218	2328	9492	-1968	538	368	-203	87	108	49	241	49	72708867	
-14182	2389	9478	-1844	417	323	-199	87	107	50	246	50	72708867	
-14126	2439	9420	-1715	284	275	-201	89	107	51	251	51	72708867	
-14134	2515	9356	-1572	144	215	-204	92	106	52	256	52	72708868	
-14102	2527	9352	-1423	8	150	-203	91	105	53	261	53	72708868	
-14094	2490	9350	-1283	-124	85	-202	90	104	54	266	54	72708868	
-14044	2445	9426	-1160	-260	26	-202	89	104	55	271	55	72708871	
-13874	2448	9571	-1056	-421	-21	-203	87	103	56	276	56	72708887	
-13711	2378	9716	-967	-634	-56	-206	90	104	57	281	57	72708906	
