-1416	2958	-15690	457	764	-102	-113	-5	-119	1	1	1	79728419	
-1572	3396	-15820	-341	799	-98	-117	-11	-121	2	6	2	79728419	
-1574	3682	-15812	-991	865	-106	-117	-11	-121	3	11	3	79728451	
-1616	3924	-15586	-1376	987	-106	-109	-13	-117	4	16	4	79728459	
-1790	3976	-15736	-1783	1054	-71	-109	-13	-117	5	21	5	79728459	
-1870	3808	-16196	-2606	1035	19	-111	-13	-121	6	26	6	79728459	
-2060	3952	-16418	-3876	801	173	-111	-13	-121	7	31	7	79728459	
-2264	4438	-16104	-4929	506	373	-112	-14	-120	8	36	8	79728459	
-2366	4732	-15764	-5008	320	516	-112	-14	-120	9	41	9	79728459	
-2332	4672	-15802	-4418	303	566	-117	-11	-119	10	46	10	79728473	
-2418	4528	-16104	-3950	355	580	-117	-11	-119	11	51	11	79728515	
-2070	4540	-16002	-3829	612	599	-112	-16	-116	12	56	12	79728515	
-1488	4698	-15380	-3783	974	636	-112	-16	-116	13	61	13	79728515	
-980	4874	-14898	-3495	1321	666	-119	-15	-121	14	66	14	79728515	
-208	4490	-14196	-2837	1501	688	-119	-15	-121	15	71	15	79728516	
300	3786	-14722	-2199	1422	732	-115	-17	-115	16	76	16	79728516	
-100	3046	-15802	-1935	1276	804	-115	-17	-115	17	81	17	79728516	
-716	2608	-16642	-1909	1212	867	-116	-10	-122	18	86	18	79728523	
-1422	2146	-17026	-2342	1238	1017	-116	-10	-122	19	91	19	79728553	
-1748	2050	-16226	-3641	1293	1244	-119	-21	-115	20	96	20	79728553	
-1692	2802	-14600	-5303	1278	1499	-119	-21	-115	21	101	21	79728553	
-1640	3600	-12954	-5707	1147	1630	-121	-15	-117	22	106	22	79728553	
-1628	4004	-12898	-4226	1145	1558	-121	-15	-117	23	111	23	79728553	
-1708	3760	-14074	-2106	1430	1335	-120	-18	-120	24	116	24	79728553	
-1584	3360	-15642	-1041	1906	1128	-120	-18	-120	25	121	25	79728553	
-1314	3346	-16436	-1718	2208	1084	-117	-9	-119	26	126	26	79728553	
-1374	3770	-16428	-3604	2125	1250	-117	-9	-119	27	131	27	79728562	
-1642	4814	-16108	-5576	1914	1541	-117	-15	-109	28	136	28	79728590	
-1974	5952	-16168	-6534	1845	1793	-117	-15	-109	29	141	29	79728590	
-2478	6592	-16154	-6407	2021	1939	-124	-18	-108	30	146	30	79728591	
-2578	6798	-15980	-5982	2416	2031	-124	-18	-108	31	151	31	79728591	
-2344	6930	-15202	-5874	2807	2074	-122	-14	-116	32	156	32	79728591	
-2080	7296	-14124	-6008	3097	2054	-122	-14	-116	33	161	33	79728591	
-1658	7818	-13468	-6162	3191	2012	-120	-20	-104	34	166	34	79728591	
-1322	8084	-13496	-6277	3061	1946	-120	-20	-104	35	171	35	79728591	
-1200	8506	-13412	-6600	2522	1886	-121	-21	-105	36	176	36	79728591	
-1146	9100	-13308	-6835	1631	1856	-121	-21	-105	37	181	37	79728635	
-1196	9500	-12656	-6569	760	1789	-121	-21	-109	38	186	38	79728635	
-1222	9626	-11874	-5630	198	1709	-121	-21	-109	39	191	39	79728636	
-1210	9416	-11210	-3875	26	1595	-117	-21	-107	40	196	40	79728636	
-1038	8706	-10950	-1732	220	1465	-117	-21	-107	41	201	41	79728636	
-1158	7608	-10942	-167	588	1325	-124	-26	-110	42	206	42	79728636	
-820	6808	-11126	-31	980	1211	-124	-26	-110	43	211	43	79728637	
-584	6284	-11410	-1379	1349	1145	-124	-22	-110	44	216	44	79728652	
-224	6122	-11914	-3446	1460	1075	-124	-22	-110	45	221	45	79728672	
146	6590	-11934	-4771	1228	907	-124	-20	-106	46	226	46	79728673	
334	7010	-11774	-4073	647	605	-124	-20	-106	47	231	47	79728673	
190	6890	-12088	-1512	-142	259	-129	-23	-111	48	236	48	79728673	
-362	5948	-13386	1391	-740	47	-129	-23	-111	49	241	49	79728673	
-834	4706	-15288	2700	-914	76	-121	-25	-107	50	246	50	79728673	
-918	3736	-16544	1405	-596	328	-121	-25	-107	51	251	51	79728673	
-608	3606	-15964	-1803	-170	661	-126	-26	-106	52	256	52	79728703	
-58	4046	-14480	-5138	-163	1024	-126	-26	-106	53	261	53	79728711	
202	4914	-13324	-7187	-520	1281	-129	-27	-107	54	266	54	79728712	
134	5728	-13580	-7736	-1242	1443	-129	-27	-107	55	271	55	79728712	
144	6466	-14714	-7568	-2049	1492	-123	-21	-101	56	276	56	79728712	
-74	7618	-15068	-7127	-2684	1451	-123	-21	-101	57	281	57	79728712	
-524	8916	-14572	-6035	-3345	1358	-124	-20	-100	58	286	58	79728712	
-1310	9684	-14270	-4225	-4250	1320	-124	-20	-100	59	291	59	79728712	
-1742	10046	-14684	-2666	-5207	1359	-124	-22	-100	60	296	60	79728713	
-1942	10220	-14986	-2015	-5598	1440	-124	-22	-100	61	301	61	79728719	
-1654	10344	-14886	-2164	-5312	1650	-121	-21	-101	62	306	62	79728749	
-1140	9954	-14338	-2884	-4561	2040	-121	-21	-101	63	311	63	79728749	
-564	9648	-13492	-3991	-3616	2531	-126	-20	-110	64	316	64	79728749	
-68	9584	-13292	-4952	-2823	3084	-126	-20	-110	65	321	65	79728749	
86	9630	-14096	-5216	-2179	3507	-124	-24	-102	66	326	66	79728749	
-32	10010	-15586	-4765	-1530	3776	-124	-24	-102	67	331	67	79728749	
-116	10598	-17032	-3565	-765	3947	-124	-18	-104	68	336	68	79728749	
176	11164	-18068	-2056	-21	4032	-124	-18	-104	69	341	69	79728785	
462	11702	-18946	-574	349	4000	-122	-24	-96	70	346	70	79728785	
698	12162	-19588	443	116	3980	-122	-24	-96	71	351	71	79728785	
310	12490	-20188	621	-624	3991	-127	-25	-103	72	356	72	79728786	
-182	12964	-20324	247	-1441	4065	-127	-25	-103	73	361	73	79728786	
-678	13170	-20360	-112	-2043	4262	-124	-22	-102	74	366	74	79728786	
-1150	13002	-20350	-234	-2358	4580	-124	-22	-102	75	371	75	79728786	
-1540	12536	-20154	-267	-2347	4900	-127	-21	-103	76	376	76	79728795	
-1896	12062	-20068	-324	-2006	5188	-127	-21	-103	77	381	77	79728832	
-2332	11872	-19950	-513	-1368	5487	-127	-25	-105	78	386	78	79728833	
-2674	11766	-19526	-867	-396	5844	-127	-25	-105	79	391	79	79728833	
-2776	11822	-18802	-985	816	6220	-127	-23	-101	80	396	80	79728833	
-2792	11616	-18248	-367	1954	6458	-127	-23	-101	81	401	81	79728833	
-2678	10800	-18172	1046	2648	6581	-124	-28	-106	82	406	82	79728833	
-2752	9488	-18500	2621	3001	6618	-124	-28	-106	83	411	83	79728844	
-2818	8102	-19052	3682	3042	6674	-125	-25	-101	84	416	84	79728872	
-2702	6782	-19482	3889	3107	6802	-125	-25	-101	85	421	85	79728872	
-2322	5602	-19814	3479	3341	6968	-127	-27	-107	86	426	86	79728872	
-1902	4806	-19884	2515	3691	7086	-127	-27	-107	87	431	87	79728872	
-1594	4468	-19846	1289	4102	7140	-126	-26	-104	88	436	88	79728873	
-1440	4284	-19704	-44	4671	7227	-126	-26	-104	89	441	89	79728873	
-996	4138	-19674	-1344	5294	7351	-118	-32	-106	90	446	90	79728873	
-906	4266	-19212	-2940	5908	7638	-118	-32	-106	91	451	91	79728873	
-880	4814	-18764	-4661	6279	7894	-116	-30	-102	92	456	92	79728874	
-910	5812	-17884	-6250	6440	8230	-116	-30	-102	93	461	93	79728910	
-756	6124	-17002	-7296	6373	8613	-118	-36	-104	94	466	94	79728913	
-590	6708	-16186	-7952	5959	8859	-118	-36	-104	95	471	95	79728913	
-616	7320	-15356	-8431	5255	9052	-119	-39	-101	96	476	96	79728914	
-678	7520	-14830	-8326	4491	9131	-119	-39	-101	97	481	97	79728914	
-530	8120	-14410	-8204	3845	9251	-115	-37	-97	98	486	98	79728914	
-592	9166	-13734	-8519	3443	9384	-115	-37	-97	99	491	99	79728914	
-818	9522	-13080	-8441	3284	9423	-118	-38	-98	100	496	100	79728919	
-612	9544	-12432	-8143	3332	9484	-118	-38	-98	101	501	101	79728947	
-518	8726	-12260	-7989	3579	9532	-120	-44	-96	102	506	102	79728948	
-214	8322	-12178	-8423	3838	9672	-120	-44	-96	103	511	103	79728948	
262	8454	-12386	-9200	4140	9903	-115	-41	-95	104	516	104	79728948	
794	8546	-12712	-10144	4561	10223	-115	-41	-95	105	521	105	79728948	
1238	8684	-13906	-10647	5125	10552	-114	-48	-92	106	526	106	79728948	
1192	8862	-15354	-11644	6039	10996	-114	-48	-92	107	531	107	79728948	
1204	9158	-16514	-13113	7329	11528	-123	-49	-89	108	536	108	79728957	
1014	9944	-17146	-15222	8795	12178	-123	-49	-89	109	541	109	79728984	
596	10254	-17044	-18058	10198	12823	-120	-50	-86	110	546	110	79728984	
-2	11338	-16338	-21839	11442	13480	-120	-50	-86	111	551	111	79728984	
-146	12822	-14628	-26286	12390	14103	-118	-52	-80	112	556	112	79728984	
-98	14144	-12456	-30397	12587	14433	-118	-52	-80	113	561	113	79728984	
742	14814	-9624	-32768	11785	14640	-128	-52	-74	114	566	114	79728984	
1608	15322	-6968	-32768	9856	14710	-128	-52	-74	115	571	115	79728994	
2490	16086	-5176	-32768	7259	14733	-123	-59	-71	116	576	116	79729021	
3164	16536	-4634	-31951	4591	14623	-123	-59	-71	117	581	117	79729021	
3602	15872	-4824	-27814	2225	14347	-125	-59	-61	118	586	118	79729021	
3718	15216	-5372	-23064	341	14027	-125	-59	-61	119	591	119	79729022	
3466	14834	-6042	-18648	-911	13737	-123	-61	-59	120	596	120	79729022	
3346	14158	-6674	-14624	-1559	13585	-123	-61	-59	121	601	121	79729022	
3252	13478	-7196	-11018	-1866	13414	-125	-59	-57	122	606	122	79729022	
3086	12892	-7702	-8034	-2123	13197	-125	-59	-57	123	611	123	79729061	
3192	12130	-8144	-5569	-2453	12952	-121	-67	-53	124	616	124	79729061	
3266	11548	-8530	-3708	-2868	12702	-121	-67	-53	125	621	125	79729062	
2876	11202	-8698	-2610	-3338	12450	-121	-65	-65	126	626	126	79729062	
2436	11058	-8654	-2153	-3604	12223	-121	-65	-65	127	631	127	79729062	
1836	11360	-8490	-2112	-3483	12086	-121	-71	-59	128	636	128	79729062	
1300	11342	-8198	-2120	-2880	12087	-121	-71	-59	129	641	129	79729062	
1010	11456	-8030	-1906	-1934	12199	-118	-72	-54	130	646	130	79729072	
1068	11420	-7992	-1492	-964	12357	-118	-72	-54	131	651	131	79729120	
1574	11556	-8108	-949	-277	12432	-117	-71	-59	132	656	132	79729121	
2040	11722	-8190	-412	-67	12485	-117	-71	-59	133	661	133	79729121	
2630	11840	-8532	16	-358	12513	-115	-73	-59	134	666	134	79729122	
2970	11912	-8926	-91	-955	12525	-115	-73	-59	135	671	135	79729122	
3284	11824	-8874	-855	-1621	12564	-107	-71	-53	136	676	136	79729123	
3452	11804	-8722	-2173	-2111	12639	-107	-71	-53	137	681	137	79729123	
3694	11790	-8398	-3601	-2296	12800	-115	-71	-53	138	686	138	79729130	
4078	11930	-8190	-4659	-2289	13008	-115	-71	-53	139	691	139	79729158	
4502	11878	-8112	-5153	-2335	13182	-107	-75	-53	140	696	140	79729158	
5130	11658	-8262	-5030	-2681	13240	-107	-75	-53	141	701	141	79729158	
5424	11374	-8640	-4438	-3400	13159	-106	-78	-48	142	706	142	79729158	
5670	11014	-9272	-3571	-4324	12946	-106	-78	-48	143	711	143	79729158	
5676	10568	-9920	-2675	-5227	12663	-109	-75	-59	144	716	144	79729158	
5530	10136	-10514	-1983	-6048	12378	-109	-75	-59	145	721	145	79729158	
5350	9876	-10918	-1757	-6550	12162	-104	-82	-54	146	726	146	79729158	
5428	9922	-11008	-2040	-6623	12050	-104	-82	-54	147	731	147	79729167	
5760	10228	-10956	-2501	-6425	12057	-101	-77	-49	148	736	148	79729195	
6146	10596	-10650	-2679	-6218	12083	-101	-77	-49	149	741	149	79729196	
6434	11094	-10550	-2429	-6154	12095	-96	-80	-60	150	746	150	79729196	
6732	11692	-10520	-1897	-6190	12109	-96	-80	-60	151	751	151	79729197	
7008	12284	-10462	-1133	-6301	12131	-94	-80	-60	152	756	152	79729197	
7116	12894	-10650	-242	-6362	12136	-94	-80	-60	153	761	153	79729198	
7028	13288	-10716	746	-6433	12126	-99	-77	-55	154	766	154	79729198	
6786	13444	-10692	1890	-6521	12089	-99	-77	-55	155	771	155	79729199	
6422	13204	-10536	2738	-6522	12074	-95	-83	-61	156	776	156	79729199	
5942	12862	-10368	2983	-6328	12106	-95	-83	-61	157	781	157	79729223	
5466	12616	-9798	2759	-5850	12182	-90	-82	-58	158	786	158	79729231	
5372	12306	-9076	2716	-5252	12225	-90	-82	-58	159	791	159	79729231	
5440	11886	-8718	3099	-4690	12155	-89	-87	-61	160	796	160	79729231	
5576	11266	-8774	3715	-4356	12013	-89	-87	-61	161	801	161	79729231	
5876	10516	-9418	4407	-4307	11825	-87	-89	-67	162	806	162	79729231	
6236	9830	-10150	5049	-4660	11624	-87	-89	-67	163	811	163	79729232	
6398	9462	-10720	5568	-5319	11394	-82	-80	-64	164	816	164	79729251	
6286	9378	-11142	6009	-5994	11205	-82	-80	-64	165	821	165	79729270	
6014	9356	-11372	6362	-6442	11083	-81	-87	-65	166	826	166	79729270	
5700	9130	-11184	6463	-6456	11052	-81	-87	-65	167	831	167	79729270	
5566	8818	-10812	6232	-6094	11160	-82	-86	-68	168	836	168	79729270	
5614	8740	-10428	5762	-5561	11390	-82	-86	-68	169	841	169	79729270	
5662	8602	-10062	5104	-5073	11642	-77	-91	-73	170	846	170	79729270	
5886	8464	-9704	4261	-4650	11900	-77	-91	-73	171	851	171	79729270	
6134	8628	-9194	3195	-4299	12129	-78	-88	-68	172	856	172	79729297	
6480	8864	-8890	2556	-4047	12260	-78	-88	-68	173	861	173	79729308	
6802	8880	-8978	2653	-3989	12238	-75	-85	-73	174	866	174	79729308	
6960	8664	-9246	3069	-4190	12100	-75	-85	-73	175	871	175	79729308	
7222	8364	-9312	3374	-4635	11899	-70	-88	-66	176	876	176	79729308	
7272	8112	-9298	3495	-5189	11645	-70	-88	-66	177	881	177	79729308	
7134	8132	-9176	3636	-5738	11371	-73	-87	-69	178	886	178	79729308	
7118	7858	-9206	4060	-6101	11096	-73	-87	-69	179	891	179	79729318	
7156	7474	-9268	4810	-6311	10840	-71	-85	-79	180	896	180	79729344	
7318	7176	-9502	5522	-6536	10611	-71	-85	-79	181	901	181	79729344	
7330	7198	-9668	6108	-6789	10402	-64	-90	-70	182	906	182	79729344	
7360	7174	-9886	6739	-7059	10161	-64	-90	-70	183	911	183	79729344	
7114	7210	-10166	7338	-7390	9911	-61	-83	-77	184	916	184	79729344	
7050	7242	-10270	7882	-7714	9667	-61	-83	-77	185	921	185	79729344	
6918	7264	-10490	8412	-7893	9457	-64	-86	-78	186	926	186	79729355	
6568	7216	-10760	8752	-8080	9332	-64	-86	-78	187	931	187	79729381	
6378	7128	-10508	8978	-8129	9323	-58	-94	-82	188	936	188	79729384	
6068	6970	-10038	9276	-7905	9411	-58	-94	-82	189	941	189	79729384	
6042	6946	-9824	9779	-7373	9545	-57	-91	-87	190	946	190	79729384	
6288	7180	-9664	10414	-6815	9669	-57	-91	-87	191	951	191	79729385	
6744	7490	-9534	11287	-6542	9681	-50	-86	-82	192	956	192	79729385	
7220	7590	-9588	12321	-6719	9510	-50	-86	-82	193	961	193	79729385	
7576	7254	-9876	13203	-7426	9115	-45	-87	-81	194	966	194	79729417	
7496	6772	-9856	13614	-8544	8689	-45	-87	-81	195	971	195	79729418	
7302	6008	-9618	13613	-9600	8351	-48	-88	-90	196	976	196	79729418	
6888	5414	-8944	13601	-10138	8143	-48	-88	-90	197	981	197	79729418	
6780	4748	-8498	13613	-10109	8027	-41	-93	-93	198	986	198	79729418	
6854	3972	-8600	13564	-9892	7979	-41	-93	-93	199	991	199	79729418	
6852	3204	-9080	13103	-9894	7999	-33	-83	-91	200	996	200	79729418	
6846	2736	-9704	12068	-10188	8109	-33	-83	-91	201	1001	201	79729428	
6714	2700	-10096	10982	-10612	8245	-40	-88	-94	202	1006	202	79729457	
6562	2912	-10662	10306	-11093	8350	-40	-88	-94	203	1011	203	79729458	
6124	3024	-11086	10382	-11616	8408	-36	-82	-94	204	1016	204	79729458	
5746	3026	-11538	10911	-12160	8370	-36	-82	-94	205	1021	205	79729458	
5050	2842	-12014	11446	-12753	8300	-36	-78	-100	206	1026	206	79729458	
4614	2544	-12284	11793	-13278	8248	-36	-78	-100	207	1031	207	79729458	
4252	2418	-12164	11940	-13470	8236	-27	-83	-109	208	1036	208	79729459	
3818	2616	-12060	12238	-13373	8254	-27	-83	-109	209	1041	209	79729556	
3306	2366	-11938	12891	-13097	8175	-25	-83	-109	210	1046	210	79729556	
2930	2138	-12050	13430	-12787	8096	-25	-83	-109	211	1051	211	79729556	
2756	1764	-12208	13818	-12332	8049	-25	-73	-111	212	1056	212	79729556	
2704	1438	-12268	14155	-11833	7978	-25	-73	-111	213	1061	213	79729556	
2628	944	-12546	14340	-11459	7900	-26	-80	-110	214	1066	214	79729556	
2414	384	-12906	14535	-11258	7761	-26	-80	-110	215	1071	215	79729557	
2070	-110	-13100	14666	-11306	7621	-17	-77	-115	216	1076	216	79729565	
1870	-504	-13176	14564	-11450	7429	-17	-77	-115	217	1081	217	79729593	
1552	-1252	-13066	14432	-11598	7283	-12	-70	-116	218	1086	218	79729593	
1260	-1868	-13114	14066	-11746	7135	-12	-70	-116	219	1091	219	79729593	
938	-2526	-13106	13413	-11852	7087	-7	-69	-117	220	1096	220	79729593	
660	-3460	-13224	12441	-11967	7138	-7	-69	-117	221	1101	221	79729594	
296	-4604	-13622	11353	-12014	7272	-5	-73	-121	222	1106	222	79729594	
776	-6036	-14374	10083	-12091	7476	-5	-73	-121	223	1111	223	79729594	
1130	-7290	-14794	8637	-11879	7309	-4	-72	-124	224	1116	224	79729594	
1264	-8298	-15340	6934	-11575	7060	-4	-72	-124	225	1121	225	79729594	
638	-7980	-16182	4825	-11249	6733	-1	-61	-127	226	1126	226	79729594	
152	-7150	-16582	2037	-10956	6688	-1	-61	-127	227	1131	227	79729594	
192	-6358	-17016	-600	-10792	6692	1	-67	-129	228	1136	228	79729594	
538	-5492	-16912	-2953	-10918	6689	1	-67	-129	229	1141	229	79729594	
1042	-5252	-17062	-4647	-11293	6487	3	-61	-127	230	1146	230	79729605	
1202	-5380	-16368	-5985	-11807	6114	3	-61	-127	231	1151	231	79729605	
1278	-4378	-15026	-6029	-12127	5601	1	-61	-133	232	1156	232	79729605	
1248	-3730	-13608	-4761	-11925	4899	1	-61	-133	233	1161	233	79729605	
1310	-3916	-12862	-2667	-11237	4100	1	-61	-133	234	1166	234	79729605	
1194	-4124	-13570	-897	-10200	3365	-1	-61	-131	235	1171	235	79729617	
1432	-3308	-13824	-564	-9148	2895	-1	-57	-133	236	1176	236	79729647	
1634	-1998	-13842	-622	-8335	2577	-1	-57	-133	237	1181	237	79729652	
1478	-2358	-14662	-282	-7966	2361	0	-58	-134	238	1186	238	79729652	
1114	-1882	-16006	-139	-7834	2190	0	-58	-134	239	1191	239	79729652	
630	-792	-16512	-585	-7735	2164	-3	-49	-139	240	1196	240	79729652	
548	432	-16734	-760	-7637	2224	-3	-49	-139	241	1201	241	79729652	
324	360	-17404	-531	-7682	2243	-5	-55	-137	242	1206	242	79729653	
198	438	-17742	-388	-7915	2210	-5	-55	-137	243	1211	243	79729684	
194	1256	-17790	-335	-8340	2134	-2	-54	-140	244	1216	244	79729684	
0	1216	-17590	39	-8863	2038	-2	-54	-140	245	1221	245	79729684	
-262	1320	-17666	767	-9327	1936	2	-56	-140	246	1226	246	79729684	
-426	788	-17506	1571	-9611	1842	2	-56	-140	247	1231	247	79729684	
-740	-28	-17692	2497	-9608	1672	5	-43	-143	248	1236	248	79729684	
-1062	-532	-18010	3118	-9329	1485	5	-43	-143	249	1241	249	79729684	
-1394	-976	-18348	3410	-8765	1352	8	-50	-146	250	1246	250	79729684	
-1650	-582	-18722	3293	-7990	1218	8	-50	-146	251	1251	251	79729693	
-1544	-1236	-19050	3397	-7021	1138	2	-48	-142	252	1256	252	79729721	
-1252	-1438	-19174	3547	-6072	1085	2	-48	-142	253	1261	253	79729722	
-1172	-1806	-19474	3788	-5361	985	0	-42	-148	254	1266	254	79729722	
-970	-1978	-19668	3963	-4915	884	0	-42	-148	255	1271	255	79729722	
-730	-2212	-19772	3980	-4772	756	3	-43	-147	256	1276	256	79729722	
-738	-1892	-19472	3729	-4893	622	3	-43	-147	257	1281	257	79729722	
-1128	-2060	-19414	3579	-5194	556	0	-44	-148	258	1286	258	79729722	
-1858	-2358	-19592	3474	-5585	522	0	-44	-148	259	1291	259	79729722	
-2492	-3150	-19630	3644	-5937	537	4	-42	-144	260	1296	260	79729722	
-2294	-2656	-19962	3867	-6190	535	4	-42	-144	261	1301	261	79729759	
-1526	-2042	-19754	3717	-6009	572	8	-42	-148	262	1306	262	79729759	
-994	-2042	-19378	3945	-5609	513	8	-42	-148	263	1311	263	79729759	
-810	-1668	-19134	4287	-5450	192	10	-38	-148	264	1316	264	79729759	
-400	-1688	-18720	4793	-5348	-73	10	-38	-148	265	1321	265	79729759	
92	-774	-18506	5535	-4962	-181	8	-38	-148	266	1326	266	79729759	
626	-68	-18316	6136	-4193	-68	8	-38	-148	267	1331	267	79729759	
54	-58	-18072	7045	-3637	-120	10	-38	-148	268	1336	268	79729767	
-656	382	-18306	8164	-3581	-400	10	-38	-148	269	1341	269	79729796	
-1374	618	-18420	8986	-3525	-800	9	-39	-149	270	1346	270	79729796	
-1954	586	-18308	9353	-3344	-1133	9	-39	-149	271	1351	271	79729796	
-2430	424	-18062	9339	-3133	-1351	9	-39	-157	272	1356	272	79729796	
-2888	-20	-17986	8931	-3077	-1603	9	-39	-157	273	1361	273	79729797	
-3082	-588	-18044	7759	-2964	-1694	15	-39	-147	274	1366	274	79729797	
-3126	-1044	-17402	5505	-2390	-1653	15	-39	-147	275	1371	275	79729797	
-2864	-1146	-16866	2968	-1271	-1459	19	-35	-145	276	1376	276	79729833	
-2202	-1444	-16582	1054	16	-1158	19	-35	-145	277	1381	277	79729841	
-1682	-1426	-16384	-35	990	-927	16	-40	-152	278	1386	278	79729841	
-1166	-1584	-16454	-418	1608	-711	16	-40	-152	279	1391	279	79729841	
-1094	-2002	-16666	-294	1903	-506	12	-34	-152	280	1396	280	79729841	
-782	-2526	-17018	106	2021	-284	12	-34	-152	281	1401	281	79729842	
-662	-2928	-17348	457	1960	-79	17	-39	-151	282	1406	282	79729842	
-502	-3112	-17848	674	1698	117	17	-39	-151	283	1411	283	79729850	
-154	-3144	-18070	786	1207	238	13	-37	-151	284	1416	284	79729879	
-48	-3252	-18212	848	453	256	13	-37	-151	285	1421	285	79729879	
96	-3386	-18280	769	-560	221	19	-39	-153	286	1426	286	79729879	
-68	-3296	-18068	353	-1658	130	19	-39	-153	287	1431	287	79729879	
-148	-3068	-17838	-355	-2696	9	18	-36	-152	288	1436	288	79729879	
-382	-2576	-17388	-1213	-3551	-127	18	-36	-152	289	1441	289	79729879	
-678	-2090	-16654	-2064	-4095	-219	11	-41	-151	290	1446	290	79729879	
-1030	-1884	-15940	-2697	-4224	-228	11	-41	-151	291	1451	291	79729879	
-1332	-1746	-15266	-3100	-3993	-173	14	-36	-154	292	1456	292	79729888	
-1454	-1540	-14702	-3298	-3389	-52	14	-36	-154	293	1461	293	79729917	
-1514	-1218	-14240	-3230	-2544	99	10	-36	-146	294	1466	294	79729917	
-1444	-1028	-13880	-2859	-1554	223	10	-36	-146	295	1471	295	79729918	
-1432	-748	-13586	-2268	-542	307	16	-32	-152	296	1476	296	79729918	
-1308	-450	-13522	-1490	389	321	16	-32	-152	297	1481	297	79729919	
-1130	-218	-13696	-679	1128	298	11	-33	-153	298	1486	298	79729919	
-900	-98	-14130	2	1597	256	11	-33	-153	299	1491	299	79729919	
-850	42	-14540	445	1801	193	15	-35	-155	300	1496	300	79729961	
-680	190	-15016	755	1773	116	15	-35	-155	301	1501	301	79729961	
-552	368	-15324	900	1568	37	9	-37	-151	302	1506	302	79729961	
-484	422	-15590	938	1274	-26	9	-37	-151	303	1511	303	79729961	
-410	604	-15864	822	917	-88	11	-33	-151	304	1516	304	79729962	
-302	650	-16070	528	505	-133	11	-33	-151	305	1521	305	79729962	
-216	586	-16098	86	41	-170	14	-32	-154	306	1526	306	79729962	
-210	546	-16014	-539	-450	-176	14	-32	-154	307	1531	307	79729969	
-176	518	-15862	-1358	-938	-167	15	-35	-153	308	1536	308	79729999	
-194	438	-15744	-2297	-1401	-119	15	-35	-153	309	1541	309	79729999	
-358	386	-15402	-3244	-1707	-76	10	-32	-152	310	1546	310	79729999	
-348	458	-15104	-4097	-1815	5	10	-32	-152	311	1551	311	79729999	
-372	626	-14832	-4647	-1721	64	10	-32	-152	312	1556	312	79729999	
-288	686	-14574	-4797	-1496	86	10	-32	-152	313	1561	313	79729999	
-344	842	-14450	-4616	-1220	57	7	-33	-155	314	1566	314	79729999	
-336	902	-14586	-4161	-956	-5	7	-33	-155	315	1571	315	79730009	
-408	982	-14714	-3487	-710	-97	14	-34	-154	316	1576	316	79730040	
-366	1094	-15038	-2709	-498	-188	14	-34	-154	317	1581	317	79730043	
-450	1050	-15290	-1826	-306	-300	11	-31	-153	318	1586	318	79730043	
-426	1056	-15670	-934	-144	-406	11	-31	-153	319	1591	319	79730043	
-508	1046	-15986	-45	-27	-499	9	-29	-153	320	1596	320	79730043	
-596	956	-16328	754	46	-560	9	-29	-153	321	1601	321	79730043	
-602	824	-16658	1424	95	-608	8	-36	-152	322	1606	322	79730044	
-602	696	-16784	1877	114	-650	8	-36	-152	323	1611	323	79730047	
-642	600	-17014	2097	90	-646	12	-30	-152	324	1616	324	79730069	
-542	496	-17140	2026	60	-591	12	-30	-152	325	1621	325	79730069	
-370	430	-17108	1738	11	-538	10	-32	-152	326	1626	326	79730069	
-506	364	-17176	1292	-45	-486	10	-32	-152	327	1631	327	79730069	
-442	248	-17298	772	-80	-431	10	-34	-154	328	1636	328	79730069	
-530	168	-17472	254	-83	-403	10	-34	-154	329	1641	329	79730069	
-636	186	-17526	-263	1	-370	13	-31	-153	330	1646	330	79730069	
-816	162	-17614	-705	149	-364	13	-31	-153	331	1651	331	79730069	
-860	224	-17792	-1015	388	-362	11	-35	-157	332	1656	332	79730129	
-990	346	-17902	-1160	708	-380	11	-35	-157	333	1661	333	79730130	
-986	496	-17948	-1116	1039	-427	6	-36	-156	334	1666	334	79730130	
-896	538	-18162	-895	1404	-495	6	-36	-156	335	1671	335	79730130	
-912	704	-18140	-585	1746	-585	12	-30	-152	336	1676	336	79730130	
-906	740	-18196	-206	2040	-677	12	-30	-152	337	1681	337	79730163	
-684	782	-18132	181	2216	-745	13	-39	-155	338	1686	338	79730171	
-584	634	-17928	429	2227	-786	13	-39	-155	339	1691	339	79730172	
-492	514	-17802	500	2064	-792	12	-38	-150	340	1696	340	79730172	
-354	544	-17612	345	1743	-760	12	-38	-150	341	1701	341	79730172	
-344	538	-17270	85	1325	-709	10	-34	-154	342	1706	342	79730172	
-302	468	-16926	-174	870	-651	10	-34	-154	343	1711	343	79730172	
-258	512	-16710	-443	471	-579	12	-40	-156	344	1716	344	79730172	
-228	558	-16442	-685	141	-495	12	-40	-156	345	1721	345	79730172	
-236	664	-16130	-837	-93	-428	12	-34	-150	346	1726	346	79730172	
-218	792	-16030	-926	-294	-371	12	-34	-150	347	1731	347	79730201	
-130	774	-15838	-977	-427	-322	8	-36	-146	348	1736	348	79730209	
-232	1024	-15720	-1076	-532	-270	8	-36	-146	349	1741	349	79730209	
-266	1370	-15706	-1151	-625	-227	10	-44	-154	350	1746	350	79730209	
-372	1580	-15632	-1104	-720	-225	10	-44	-154	351	1751	351	79730209	
-518	1682	-15646	-975	-741	-227	8	-36	-156	352	1756	352	79730209	
-718	1736	-15832	-730	-731	-196	8	-36	-156	353	1761	353	79730210	
-866	1792	-15890	-451	-655	-193	5	-33	-147	354	1766	354	79730210	
-866	1626	-15972	-96	-509	-172	5	-33	-147	355	1771	355	79730210	
-774	1392	-16128	244	-359	-157	4	-38	-154	356	1776	356	79730210	
-812	1306	-16220	488	-159	-147	4	-38	-154	357	1781	357	79730210	
-782	1050	-16136	654	-11	-133	9	-41	-153	358	1786	358	79730246	
-736	760	-16150	744	75	-140	9	-41	-153	359	1791	359	79730249	
-576	484	-16212	693	113	-138	5	-31	-155	360	1796	360	79730249	
-606	306	-16314	480	85	-137	5	-31	-155	361	1801	361	79730249	
-394	84	-16256	209	-16	-146	9	-31	-151	362	1806	362	79730249	
-412	-52	-16312	-128	-198	-164	9	-31	-151	363	1811	363	79730250	
-504	-34	-16294	-475	-393	-173	11	-39	-153	364	1816	364	79730250	
-470	-92	-16314	-757	-568	-194	11	-39	-153	365	1821	365	79730257	
-560	-182	-16288	-973	-686	-230	8	-38	-156	366	1826	366	79730284	
-756	-160	-16300	-1120	-737	-253	8	-38	-156	367	1831	367	79730284	
-794	-130	-16318	-1210	-678	-282	10	-38	-150	368	1836	368	79730284	
-918	-16	-16288	-1246	-521	-279	10	-38	-150	369	1841	369	79730284	
-904	90	-16226	-1219	-294	-255	7	-33	-149	370	1846	370	79730284	
-942	224	-16242	-1178	-31	-208	7	-33	-149	371	1851	371	79730284	
-1088	216	-16240	-1116	231	-132	10	-34	-154	372	1856	372	79730284	
-1090	184	-16260	-1110	535	-73	10	-34	-154	373	1861	373	79730321	
-1110	-72	-16356	-1230	833	-13	10	-38	-152	374	1866	374	79730321	
-1078	-324	-16280	-1464	1093	20	10	-38	-152	375	1871	375	79730321	
-970	-618	-16268	-1804	1316	46	6	-44	-154	376	1876	376	79730321	
-982	-812	-16152	-2278	1500	60	6	-44	-154	377	1881	377	79730321	
-912	-922	-16096	-2772	1701	69	8	-38	-152	378	1886	378	79730322	
-922	-962	-15904	-3149	1933	66	8	-38	-152	379	1891	379	79730322	
-786	-876	-15542	-3230	2191	38	4	-38	-152	380	1896	380	79730330	
-900	-906	-15552	-2950	2453	-19	4	-38	-152	381	1901	381	79730359	
-1018	-736	-15524	-2381	2741	-101	0	-38	-150	382	1906	382	79730359	
-1082	-682	-15670	-1622	3101	-207	0	-38	-150	383	1911	383	79730359	
-1272	-556	-15768	-755	3492	-337	5	-35	-149	384	1916	384	79730359	
-1240	-432	-16030	61	3947	-493	5	-35	-149	385	1921	385	79730359	
-1178	-368	-16344	696	4424	-636	2	-38	-150	386	1926	386	79730359	
-950	-320	-16534	1033	4886	-765	2	-38	-150	387	1931	387	79730359	
-802	-156	-16736	1014	5248	-877	4	-40	-144	388	1936	388	79730388	
-566	28	-16944	726	5444	-917	4	-40	-144	389	1941	389	79730396	
-234	142	-17130	318	5479	-937	4	-42	-152	390	1946	390	79730397	
16	192	-17454	-104	5391	-902	4	-42	-152	391	1951	391	79730398	
122	208	-17596	-503	5263	-853	-2	-40	-146	392	1956	392	79730399	
226	200	-17952	-873	5162	-835	-2	-40	-146	393	1961	393	79730400	
266	232	-18134	-1248	5105	-849	2	-44	-148	394	1966	394	79730400	
310	108	-18178	-1505	5069	-894	2	-44	-148	395	1971	395	79730406	
172	-126	-18140	-1656	5057	-1016	5	-41	-143	396	1976	396	79730432	
38	-466	-17948	-1804	5103	-1191	5	-41	-143	397	1981	397	79730432	
-168	-824	-17692	-1967	5318	-1375	7	-41	-145	398	1986	398	79730433	
-380	-1192	-17510	-2086	5810	-1552	7	-41	-145	399	1991	399	79730433	
-470	-1350	-17362	-2075	6569	-1703	0	-46	-144	400	1996	400	79730433	
-376	-1408	-17216	-1853	7481	-1839	0	-46	-144	401	2001	401	79730433	
-440	-1392	-17174	-1271	8413	-1956	10	-42	-144	402	2006	402	79730442	
-658	-1412	-17422	-228	9412	-2058	10	-42	-144	403	2011	403	79730470	
-510	-1322	-18112	1355	10559	-2112	4	-50	-146	404	2016	404	79730470	
-360	-1476	-18998	3500	11693	-2181	4	-50	-146	405	2021	405	79730470	
-444	-1950	-20536	6324	12805	-2232	8	-50	-138	406	2026	406	79730470	
252	-2646	-21178	9159	13870	-2335	8	-50	-138	407	2031	407	79730470	
1460	-4216	-18912	10634	14380	-2502	0	-54	-138	408	2036	408	79730470	
2510	-5988	-15706	9449	13771	-2593	0	-54	-138	409	2041	409	79730470	
2890	-5668	-13914	5794	12284	-2520	9	-59	-139	410	2046	410	79730498	
2482	-4346	-13560	2322	10703	-2216	9	-59	-139	411	2051	411	79730517	
1938	-3890	-14162	446	9680	-1852	10	-58	-136	412	2056	412	79730517	
1756	-4066	-15148	-856	9188	-1622	10	-58	-136	413	2061	413	79730517	
1328	-3642	-16210	-2099	9044	-1644	4	-54	-138	414	2066	414	79730517	
854	-3356	-17142	-2798	9292	-1931	4	-54	-138	415	2071	415	79730518	
570	-3266	-17818	-2716	10059	-2437	5	-59	-133	416	2076	416	79730518	
714	-3416	-18538	-2571	10991	-2956	5	-59	-133	417	2081	417	79730529	
562	-3698	-18754	-3328	11641	-3471	2	-60	-128	418	2086	418	79730566	
514	-3436	-18180	-5028	12028	-3888	2	-60	-128	419	2091	419	79730566	
462	-2774	-17372	-6861	12348	-4178	3	-65	-131	420	2096	420	79730566	
770	-2012	-17328	-7964	12577	-4335	3	-65	-131	421	2101	421	79730566	
1066	-1260	-17564	-8559	12413	-4388	1	-65	-125	422	2106	422	79730566	
1198	-1128	-17658	-9081	11936	-4348	1	-65	-125	423	2111	423	79730567	
1318	-1054	-17382	-9702	11414	-4272	2	-70	-120	424	2116	424	79730574	
1320	-1042	-16966	-10335	11303	-4173	2	-70	-120	425	2121	425	79730604	
1536	-888	-16114	-10819	11833	-4111	-4	-72	-120	426	2126	426	79730604	
2050	-848	-15538	-10414	12559	-4102	-4	-72	-120	427	2131	427	79730604	
2794	-1078	-15628	-9133	13161	-4156	-5	-71	-115	428	2136	428	79730604	
3734	-1582	-15934	-8057	13676	-4287	-5	-71	-115	429	2141	429	79730604	
4860	-1954	-15702	-7266	14248	-4454	-1	-71	-115	430	2146	430	79730604	
5876	-2122	-15420	-6644	14644	-4730	-1	-71	-115	431	2151	431	79730604	
5828	-2526	-14426	-6469	14335	-5112	-6	-78	-116	432	2156	432	79730604	
4766	-2896	-13994	-6500	13018	-5460	-6	-78	-116	433	2161	433	79730605	
3358	-2674	-14030	-6886	11501	-5591	-13	-77	-115	434	2166	434	79730628	
2946	-2130	-14918	-7284	10681	-5434	-13	-77	-115	435	2171	435	79730642	
3826	-1254	-15864	-7616	11089	-5237	-13	-77	-107	436	2176	436	79730642	
4850	-790	-15796	-7745	12250	-5337	-13	-77	-107	437	2181	437	79730642	
5210	-806	-15604	-7473	12844	-5620	-11	-79	-107	438	2186	438	79730642	
5202	-630	-15814	-6997	12832	-5901	-11	-79	-107	439	2191	439	79730643	
5076	-52	-15766	-6760	12856	-6094	-17	-81	-101	440	2196	440	79730643	
4856	182	-15698	-6673	13057	-6375	-17	-81	-101	441	2201	441	79730643	
4830	152	-15484	-6578	13374	-6639	-20	-86	-100	442	2206	442	79730652	
4872	-576	-15404	-6400	13600	-7008	-20	-86	-100	443	2211	443	79730657	
4676	-262	-15290	-6561	13535	-7321	-22	-86	-96	444	2216	444	79730679	
4584	16	-15066	-7070	13113	-7568	-22	-86	-96	445	2221	445	79730679	
4162	-442	-15476	-7241	12792	-8017	-21	-87	-93	446	2226	446	79730679	
3878	-302	-15570	-7707	12685	-8369	-21	-87	-93	447	2231	447	79730679	
3870	196	-15146	-8476	13201	-8774	-20	-94	-88	448	2236	448	79730679	
3906	818	-14474	-9029	14207	-9176	-20	-94	-88	449	2241	449	79730679	
3996	1416	-14128	-9333	15047	-9493	-31	-95	-91	450	2246	450	79730694	
4036	1850	-14026	-9626	15519	-9772	-31	-95	-91	451	2251	451	79730716	
3962	2396	-13582	-10393	15538	-9939	-30	-90	-84	452	2256	452	79730716	
3716	3008	-13068	-11351	15342	-10005	-30	-90	-84	453	2261	453	79730716	
3232	3654	-12766	-12207	15208	-10036	-29	-95	-91	454	2266	454	79730717	
2652	4606	-12494	-12939	15198	-10036	-29	-95	-91	455	2271	455	79730717	
2006	5476	-12392	-13314	15410	-9999	-39	-95	-81	456	2276	456	79730717	
1218	6112	-12318	-13171	15950	-9943	-39	-95	-81	457	2281	457	79730717	
632	6628	-12212	-12708	16681	-9876	-33	-95	-73	458	2286	458	79730740	
322	7160	-11918	-12057	17288	-9738	-33	-95	-73	459	2291	459	79730752	
304	7808	-11676	-11128	17616	-9545	-41	-101	-67	460	2296	460	79730752	
302	8226	-11546	-10072	17810	-9391	-41	-101	-67	461	2301	461	79730752	
458	8506	-10852	-9185	17975	-9334	-45	-95	-67	462	2306	462	79730753	
806	8706	-10418	-8107	18194	-9211	-45	-95	-67	463	2311	463	79730753	
1456	8418	-9906	-6821	18450	-9222	-50	-102	-60	464	2316	464	79730753	
2046	8190	-9502	-5439	18511	-9268	-50	-102	-60	465	2321	465	79730808	
2702	7850	-9006	-4443	18253	-9260	-53	-99	-57	466	2326	466	79730839	
3366	7252	-8578	-3519	18022	-9405	-53	-99	-57	467	2331	467	79730839	
4248	6944	-8358	-2515	17861	-9496	-59	-103	-59	468	2336	468	79730840	
4920	6898	-8032	-1835	17642	-9492	-59	-103	-59	469	2341	469	79730840	
5594	6810	-7918	-1095	17432	-9430	-52	-98	-52	470	2346	470	79730840	
6038	6762	-7880	-290	17222	-9342	-52	-98	-52	471	2351	471	79730840	
6776	6770	-8234	414	16893	-9189	-54	-104	-44	472	2356	472	79730848	
7480	6862	-8578	996	16474	-9069	-54	-104	-44	473	2361	473	79730898	
7970	7360	-9106	1427	15887	-9090	-56	-108	-46	474	2366	474	79730899	
8468	7960	-9524	1403	15284	-9027	-56	-108	-46	475	2371	475	79730899	
8430	8710	-9730	900	14867	-9025	-54	-104	-38	476	2376	476	79730905	
8838	9354	-9754	388	14619	-8856	-54	-104	-38	477	2381	477	79730912	
9228	9854	-9494	28	14556	-8856	-59	-107	-39	478	2386	478	79730912	
9356	10324	-9116	-269	14474	-8879	-59	-107	-39	479	2391	479	79730912	
9558	10742	-8608	-354	14113	-8879	-57	-105	-33	480	2396	480	79730912	
9942	10884	-7924	5	13687	-8944	-57	-105	-33	481	2401	481	79730912	
10268	10540	-7190	688	13212	-9067	-64	-100	-34	482	2406	482	79730913	
10530	9714	-6408	1566	12663	-9131	-64	-100	-34	483	2411	483	79730913	
10986	8676	-5924	2386	12128	-9228	-62	-100	-30	484	2416	484	79730913	
11162	7978	-5608	2860	11618	-9371	-62	-100	-30	485	2421	485	79730913	
