-14942	-6330	-3032	-540	-317	217	52	92	264	2161	10805	2161	69781327
-15030	-6258	-2946	-522	-367	154	54	90	258	2162	10810	2162	69781327
-15084	-6250	-3088	-534	-393	100	54	90	258	2163	10815	2163	69781327
-15084	-6308	-3160	-526	-388	60	56	92	264	2164	10820	2164	69781328
-15146	-6264	-3160	-549	-357	-26	56	92	264	2165	10825	2165	69781351
-15194	-6238	-3146	-573	-341	-64	51	93	265	2166	10830	2166	69781394
-15266	-6128	-3246	-611	-337	-85	51	93	265	2167	10835	2167	69781395
-15228	-5954	-3318	-661	-312	-106	54	92	264	2168	10840	2168	69781396
-15308	-5776	-3216	-659	-327	-126	54	92	264	2169	10845	2169	69781396
-15360	-5700	-3234	-608	-331	-129	53	91	263	2170	10850	2170	69781397
-15550	-5620	-3168	-457	-263	-110	53	91	263	2171	10855	2171	69781397
-15486	-5556	-3078	-260	-185	-95	56	86	260	2172	10860	2172	69781397
-15448	-5612	-3184	-195	-157	-98	56	86	260	2173	10865	2173	69781398
-15388	-5744	-3198	-129	-86	-146	56	86	266	2174	10870	2174	69781398
-15338	-5878	-3152	-96	-106	-172	56	86	266	2175	10875	2175	69781399
-15406	-5902	-3146	-117	-116	-178	56	92	264	2176	10880	2176	69781399
-15460	-6026	-3138	-214	-114	-218	56	92	264	2177	10885	2177	69781399
-15578	-6042	-3236	-325	-154	-226	55	91	257	2178	10890	2178	69781400
-15616	-5988	-3190	-379	-146	-241	55	91	257	2179	10895	2179	69781401
-15640	-5958	-3170	-474	-151	-259	55	85	265	2180	10900	2180	69781407
-15708	-5820	-3170	-547	-156	-272	55	85	265	2181	10905	2181	69781428
-15700	-5724	-3244	-568	-137	-279	51	85	261	2182	10910	2182	69781429
-15724	-5642	-3262	-585	-128	-311	51	85	261	2183	10915	2183	69781430
-15764	-5606	-3428	-582	-122	-335	57	87	261	2184	10920	2184	69781430
-15796	-5644	-3392	-574	-120	-362	57	87	261	2185	10925	2185	69781431
-15698	-5650	-3534	-587	-79	-403	54	88	264	2186	10930	2186	69781457
-15782	-5740	-3530	-619	-47	-467	54	88	264	2187	10935	2187	69781457
-15798	-5692	-3492	-641	-33	-492	45	89	267	2188	10940	2188	69781538
-15662	-5712	-3556	-675	45	-556	45	89	267	2189	10945	2189	69781539
-15638	-5620	-3542	-728	133	-631	52	92	266	2190	10950	2190	69781539
-15572	-5602	-3596	-748	153	-659	52	92	266	2191	10955	2191	69781540
-15440	-5490	-3538	-745	209	-722	43	87	265	2192	10960	2192	69781540
-15352	-5362	-3620	-735	270	-806	43	87	265	2193	10965	2193	69781541
-15394	-5306	-3638	-708	315	-852	53	93	263	2194	10970	2194	69781541
-15336	-5174	-3546	-641	389	-938	53	93	263	2195	10975	2195	69781542
-15262	-5008	-3454	-535	481	-1036	51	93	265	2196	10980	2196	69781542
-15254	-5022	-3434	-504	515	-1089	51	93	265	2197	10985	2197	69781542
-15274	-4942	-3326	-436	603	-1183	51	91	265	2198	10990	2198	69781543
-15404	-4898	-3304	-428	658	-1244	51	91	265	2199	10995	2199	69781543
-15570	-4876	-3418	-409	701	-1260	54	90	260	2200	11000	2200	69781544
-15766	-4918	-3292	-388	789	-1293	54	90	260	2201	11005	2201	69781587
-16090	-4962	-3424	-335	863	-1284	52	90	256	2202	11010	2202	69781615
-16296	-4950	-3400	-294	919	-1270	52	90	256	2203	11015	2203	69781616
-16678	-4890	-3382	-145	1044	-1217	55	87	263	2204	11020	2204	69781617
-17112	-4946	-3462	7	1209	-1137	55	87	263	2205	11025	2205	69781618
-17266	-4866	-3514	96	1286	-1099	54	90	264	2206	11030	2206	69781618
-17536	-4818	-3514	292	1475	-1024	54	90	264	2207	11035	2207	69781618
-17608	-4692	-3700	558	1689	-970	50	82	264	2208	11040	2208	69781619
-17556	-4658	-3764	709	1815	-942	50	82	264	2209	11045	2209	69781619
-17598	-4570	-3682	1031	2013	-936	49	87	259	2210	11050	2210	69781619
-17414	-4582	-3680	1429	2238	-930	49	87	259	2211	11055	2211	69781620
-17334	-4562	-3712	1833	2435	-966	58	94	260	2212	11060	2212	69781620
-17150	-4482	-3756	2030	2521	-972	58	94	260	2213	11065	2213	69781621
-16876	-4484	-3598	2419	2706	-1026	55	95	261	2214	11070	2214	69781621
-16720	-4500	-3568	2752	2837	-1090	55	95	261	2215	11075	2215	69781661
-16438	-4512	-3474	2906	2910	-1110	56	92	260	2216	11080	2216	69781662
-16194	-4666	-3430	3190	2993	-1185	56	92	260	2217	11085	2217	69781665
-16126	-4706	-3360	3427	3065	-1247	54	88	264	2218	11090	2218	69781667
-15914	-4806	-3418	3508	3070	-1242	54	88	264	2219	11095	2219	69781668
-15808	-4954	-3388	3654	3084	-1260	53	93	261	2220	11100	2220	69781669
-15784	-5084	-3442	3710	3089	-1239	53	93	261	2221	11105	2221	69781669
-15798	-5272	-3514	3724	3081	-1207	52	88	258	2222	11110	2222	69781670
-15776	-5448	-3634	3704	3098	-1105	52	88	258	2223	11115	2223	69781671
-15786	-5470	-3742	3596	3115	-997	48	88	266	2224	11120	2224	69781671
-15702	-5498	-3742	3523	3116	-921	48	88	266	2225	11125	2225	69781673
-15792	-5534	-3792	3356	3136	-750	52	90	256	2226	11130	2226	69781675
-15900	-5554	-3830	3191	3144	-571	52	90	256	2227	11135	2227	69781676
-15900	-5574	-3804	3126	3162	-468	57	87	259	2228	11140	2228	69781677
-15914	-5536	-3802	3024	3241	-256	57	87	259	2229	11145	2229	69781679
-15908	-5530	-3792	2952	3319	-53	56	88	256	2230	11150	2230	69781680
-15868	-5456	-3646	2954	3355	55	56	88	256	2231	11155	2231	69781680
-15624	-5400	-3630	2961	3406	255	56	88	256	2232	11160	2232	69781681
-15410	-5462	-3576	2990	3497	417	56	88	256	2233	11165	2233	69781682
-15368	-5418	-3526	3016	3506	501	54	88	254	2234	11170	2234	69781682
-15080	-5392	-3374	3074	3531	638	54	88	254	2235	11175	2235	69781683
-14864	-5468	-3208	3184	3551	725	55	87	257	2236	11180	2236	69781683
-14828	-5476	-3220	3222	3560	780	55	87	257	2237	11185	2237	69781684
-14430	-5560	-3180	3333	3541	861	57	91	251	2238	11190	2238	69781686
-14048	-5720	-3248	3423	3514	934	57	91	251	2239	11195	2239	69781715
-13980	-5688	-3154	3452	3484	944	47	83	265	2240	11200	2240	69781715
-13752	-5836	-3172	3516	3409	986	47	83	265	2241	11205	2241	69781715
-13660	-6012	-3140	3587	3279	1013	51	89	249	2242	11210	2242	69781716
-13532	-6040	-3128	3623	3234	1017	51	89	249	2243	11215	2243	69781716
-13532	-6140	-3246	3652	3145	1040	48	88	254	2244	11220	2244	69781717
-13510	-6284	-3252	3628	3035	1044	48	88	254	2245	11225	2245	69781739
-13498	-6330	-3210	3609	2985	1057	54	84	254	2246	11230	2246	69781739
-13506	-6384	-3248	3600	2883	1034	54	84	254	2247	11235	2247	69781740
-13448	-6366	-3300	3489	2794	1043	54	88	250	2248	11240	2248	69781740
-13476	-6414	-3342	3435	2746	1039	54	88	250	2249	11245	2249	69781740
-13528	-6522	-3232	3302	2666	1053	41	91	255	2250	11250	2250	69781741
-13458	-6542	-3166	3133	2590	1049	41	91	255	2251	11255	2251	69781741
-13504	-6612	-3318	3051	2569	1068	56	88	250	2252	11260	2252	69781742
-13642	-6650	-3252	2898	2496	1077	56	88	250	2253	11265	2253	69781742
-13728	-6704	-3354	2795	2428	1107	51	89	249	2254	11270	2254	69781795
-13828	-6752	-3232	2734	2399	1135	51	89	249	2255	11275	2255	69781798
-13834	-6838	-3170	2610	2379	1172	52	90	254	2256	11280	2256	69781798
-13958	-6812	-3290	2492	2347	1201	52	90	254	2257	11285	2257	69781799
-14076	-6840	-3270	2430	2340	1232	44	84	248	2258	11290	2258	69781799
-14288	-6842	-3354	2347	2316	1268	44	84	248	2259	11295	2259	69781799
-14422	-6824	-3390	2340	2284	1299	52	94	250	2260	11300	2260	69781800
-14492	-6918	-3258	2356	2276	1299	52	94	250	2261	11305	2261	69781800
-14602	-6920	-3250	2422	2267	1292	52	92	252	2262	11310	2262	69781801
-14598	-6930	-3328	2531	2254	1286	52	92	252	2263	11315	2263	69781801
-14516	-6926	-3280	2585	2244	1296	47	89	245	2264	11320	2264	69781849
-14452	-6984	-3244	2678	2218	1296	47	89	245	2265	11325	2265	69781850
-14336	-7088	-3246	2773	2202	1318	46	90	250	2266	11330	2266	69781850
-14316	-7220	-3204	2847	2141	1296	46	90	250	2267	11335	2267	69781850
-14358	-7394	-3126	2857	2102	1292	47	93	245	2268	11340	2268	69781851
-14346	-7414	-3142	2823	2024	1314	47	93	245	2269	11345	2269	69781851
-14284	-7460	-3102	2796	1947	1330	49	85	243	2270	11350	2270	69781901
-14212	-7658	-3110	2755	1898	1308	49	85	243	2271	11355	2271	69781904
-14156	-7682	-2944	2676	1772	1268	49	91	241	2272	11360	2272	69781904
-14076	-7778	-2998	2553	1647	1218	49	91	241	2273	11365	2273	69781905
-13976	-7824	-2982	2505	1573	1189	49	91	249	2274	11370	2274	69781905
-13944	-7960	-2840	2366	1419	1122	49	91	249	2275	11375	2275	69781905
-14016	-7936	-2960	2185	1265	1067	51	89	243	2276	11380	2276	69781906
-14014	-7968	-2920	2093	1183	1041	51	89	243	2277	11385	2277	69781906
-14078	-8030	-2922	1886	1037	953	47	89	247	2278	11390	2278	69781906
-14128	-8042	-2972	1645	904	851	47	89	247	2279	11395	2279	69781907
-14132	-8072	-3046	1546	834	792	50	92	244	2280	11400	2280	69781907
-14114	-8106	-3018	1353	704	673	50	92	244	2281	11405	2281	69781907
-14084	-8114	-2984	1143	588	557	46	90	248	2282	11410	2282	69781981
-14092	-8130	-3042	1048	501	497	46	90	248	2283	11415	2283	69781982
-14138	-8210	-3224	835	390	359	49	91	245	2284	11420	2284	69781982
-14212	-8112	-3148	675	276	203	49	91	245	2285	11425	2285	69781983
-14210	-8036	-3178	600	230	134	47	93	243	2286	11430	2286	69781983
-14138	-8004	-3136	484	126	1	47	93	243	2287	11435	2287	69781983
-14194	-7922	-3310	402	36	-139	51	87	247	2288	11440	2288	69781984
-14268	-7962	-3342	367	-9	-218	51	87	247	2289	11445	2289	69781985
-14312	-7938	-3484	314	-78	-386	49	93	251	2290	11450	2290	69781986
-14420	-7854	-3620	288	-124	-555	49	93	251	2291	11455	2291	69781987
-14442	-7866	-3602	295	-141	-647	49	93	245	2292	11460	2292	69781988
-14482	-7718	-3638	287	-176	-835	49	93	245	2293	11465	2293	69781988
-14456	-7660	-3792	310	-219	-1008	49	89	251	2294	11470	2294	69781989
-14468	-7612	-3716	333	-240	-1093	49	89	251	2295	11475	2295	69782005
-14550	-7506	-3772	365	-252	-1271	50	90	248	2296	11480	2296	69782006
-14490	-7336	-3774	448	-284	-1430	50	90	248	2297	11485	2297	69782028
-14522	-7246	-3734	506	-277	-1503	44	88	250	2298	11490	2298	69782029
-14508	-7194	-3838	640	-291	-1614	44	88	250	2299	11495	2299	69782029
-14590	-7230	-3890	750	-309	-1728	49	91	237	2300	11500	2300	69782029
-14656	-7180	-3952	806	-335	-1784	49	91	237	2301	11505	2301	69782030
-14694	-7148	-4128	884	-375	-1885	49	93	243	2302	11510	2302	69782031
-14676	-7120	-4042	893	-370	-1983	49	93	243	2303	11515	2303	69782059
-14630	-7134	-4058	915	-381	-2024	47	91	249	2304	11520	2304	69782060
-14632	-7068	-4140	899	-416	-2101	47	91	249	2305	11525	2305	69782061
-14664	-7072	-4202	844	-471	-2195	51	89	249	2306	11530	2306	69782062
-14682	-7016	-4210	782	-488	-2228	51	89	249	2307	11535	2307	69782063
-14666	-6966	-4280	659	-523	-2275	56	88	246	2308	11540	2308	69782063
-14756	-7076	-4392	529	-558	-2309	56	88	246	2309	11545	2309	69782064
-14832	-6992	-4494	453	-571	-2330	51	89	249	2310	11550	2310	69782065
-14888	-6984	-4476	300	-605	-2364	51	89	249	2311	11555	2311	69782065
-14990	-6886	-4640	161	-625	-2388	51	89	249	2312	11560	2312	69782065
-15082	-6812	-4592	109	-617	-2401	51	89	249	2313	11565	2313	69782067
-15046	-6714	-4740	-14	-591	-2402	50	86	248	2314	11570	2314	69782069
-15194	-6544	-4806	-126	-570	-2419	50	86	248	2315	11575	2315	69782069
-15158	-6534	-4850	-172	-558	-2422	52	90	242	2316	11580	2316	69782070
-15314	-6502	-4982	-265	-477	-2439	52	90	242	2317	11585	2317	69782070
-15458	-6384	-5032	-370	-452	-2442	54	86	250	2318	11590	2318	69782082
-15464	-6338	-4924	-396	-425	-2455	54	86	250	2319	11595	2319	69782086
-15578	-6296	-5026	-381	-348	-2454	50	88	248	2320	11600	2320	69782086
-15552	-6202	-4958	-362	-244	-2438	50	88	248	2321	11605	2321	69782086
-15520	-6076	-5026	-357	-191	-2433	55	83	247	2322	11610	2322	69782120
-15430	-5992	-4958	-288	-138	-2439	55	83	247	2323	11615	2323	69782121
-15218	-5826	-5022	-222	-75	-2469	48	90	248	2324	11620	2324	69782138
-15090	-5722	-5080	-191	-52	-2486	48	90	248	2325	11625	2325	69782138
-14904	-5638	-5156	-97	-23	-2499	53	89	247	2326	11630	2326	69782139
-14572	-5498	-5096	5	1	-2534	53	89	247	2327	11635	2327	69782139
-14460	-5380	-5034	67	22	-2543	55	87	247	2328	11640	2328	69782140
-14312	-5396	-5072	209	-4	-2558	55	87	247	2329	11645	2329	69782140
-14124	-5354	-5140	317	-43	-2544	56	88	246	2330	11650	2330	69782141
-14106	-5382	-5102	433	-96	-2485	56	88	246	2331	11655	2331	69782141
-14204	-5300	-5040	461	-131	-2450	54	82	248	2332	11660	2332	69782141
-14232	-5410	-5110	514	-146	-2351	54	82	248	2333	11665	2333	69782143
-14260	-5442	-5178	510	-199	-2207	55	91	253	2334	11670	2334	69782243
-14262	-5564	-5138	485	-204	-2135	55	91	253	2335	11675	2335	69782244
-14418	-5650	-5256	397	-216	-1970	58	84	250	2336	11680	2336	69782244
-14522	-5660	-5254	261	-226	-1805	58	84	250	2337	11685	2337	69782245
-14610	-5608	-5378	189	-221	-1703	57	81	247	2338	11690	2338	69782264
-14670	-5712	-5396	78	-184	-1509	57	81	247	2339	11695	2339	69782318
-14692	-5680	-5266	-25	-104	-1313	57	77	249	2340	11700	2340	69782318
-14500	-5612	-5228	-106	-91	-1222	57	77	249	2341	11705	2341	69782318
-14350	-5468	-5228	-225	-104	-1048	55	89	249	2342	11710	2342	69782319
-14226	-5372	-5100	-328	-158	-899	55	89	249	2343	11715	2343	69782319
-13888	-5270	-4880	-351	-191	-814	52	88	246	2344	11720	2344	69782320
-13748	-5210	-4850	-407	-255	-658	52	88	246	2345	11725	2345	69782320
-13680	-5248	-4648	-471	-349	-536	49	87	247	2346	11730	2346	69782320
-13628	-5198	-4666	-493	-378	-468	49	87	247	2347	11735	2347	69782321
-13562	-5412	-4560	-617	-461	-365	57	85	251	2348	11740	2348	69782321
-13442	-5440	-4330	-767	-597	-293	57	85	251	2349	11745	2349	69782321
-13434	-5502	-4308	-827	-692	-258	53	87	243	2350	11750	2350	69782322
-13326	-5510	-4318	-946	-852	-161	53	87	243	2351	11755	2351	69782322
-13350	-5616	-4296	-1070	-1011	-65	60	88	248	2352	11760	2352	69782322
-13402	-5610	-4394	-1126	-1080	-16	60	88	248	2353	11765	2353	69782323
-13518	-5688	-4452	-1228	-1275	113	58	86	252	2354	11770	2354	69782323
-13564	-5830	-4448	-1339	-1435	224	58	86	252	2355	11775	2355	69782324
-13686	-5936	-4394	-1398	-1530	288	57	87	251	2356	11780	2356	69782324
-13774	-6014	-4342	-1556	-1687	377	57	87	251	2357	11785	2357	69782324
-13796	-6114	-4338	-1750	-1801	457	51	89	251	2358	11790	2358	69782325
-13854	-6122	-4372	-1846	-1853	518	51	89	251	2359	11795	2359	69782326
-13816	-6152	-4290	-2052	-1974	602	53	91	247	2360	11800	2360	69782327
-13890	-6160	-4182	-2279	-2082	670	53	91	247	2361	11805	2361	69782328
-13928	-6180	-4248	-2387	-2120	696	49	87	259	2362	11810	2362	69782376
-13960	-6214	-4026	-2582	-2214	715	49	87	259	2363	11815	2363	69782376
-13964	-6110	-3974	-2766	-2284	725	57	95	251	2364	11820	2364	69782377
-13948	-6040	-3770	-2845	-2342	705	57	95	251	2365	11825	2365	69782377
-13986	-6086	-3722	-2990	-2423	654	50	86	252	2366	11830	2366	69782378
-13908	-5932	-3604	-3113	-2485	626	50	86	252	2367	11835	2367	69782378
-13816	-5918	-3472	-3147	-2511	600	53	91	249	2368	11840	2368	69782379
-13604	-5738	-3448	-3177	-2579	522	53	91	249	2369	11845	2369	69782447
-13474	-5686	-3348	-3167	-2679	429	48	88	252	2370	11850	2370	69782462
-13392	-5666	-3278	-3144	-2707	381	48	88	252	2371	11855	2371	69782463
-13334	-5648	-3252	-3048	-2776	312	50	84	252	2372	11860	2372	69782481
-13376	-5610	-3208	-2958	-2837	244	50	84	252	2373	11865	2373	69782481
-13460	-5612	-3172	-2921	-2885	227	52	96	250	2374	11870	2374	69782482
-13716	-5656	-3040	-2842	-2983	211	52	96	250	2375	11875	2375	69782483
-14258	-5834	-2934	-2741	-3065	275	48	90	250	2376	11880	2376	69782483
-14448	-5900	-2902	-2687	-3103	329	48	90	250	2377	11885	2377	69782484
-15204	-6046	-3000	-2606	-3109	470	52	90	252	2378	11890	2378	69782484
-15948	-6232	-2760	-2528	-3128	704	52	90	252	2379	11895	2379	69782484
-16466	-6318	-2782	-2479	-3130	855	49	91	253	2380	11900	2380	69782485
-17554	-6566	-2788	-2376	-3058	1168	49	91	253	2381	11905	2381	69782485
-18442	-6696	-2666	-2241	-2909	1517	44	92	246	2382	11910	2382	69782485
-18738	-6782	-2724	-2144	-2796	1699	44	92	246	2383	11915	2383	69782486
-19180	-6820	-2690	-1977	-2520	2063	52	90	250	2384	11920	2384	69782486
-19118	-6838	-2710	-1769	-2164	2339	52	90	250	2385	11925	2385	69782486
-18958	-6850	-2688	-1645	-1982	2439	54	90	248	2386	11930	2386	69782487
-18510	-6748	-2672	-1365	-1637	2590	54	90	248	2387	11935	2387	69782487
-17900	-6660	-2520	-1080	-1383	2644	48	88	252	2388	11940	2388	69782488
-17570	-6574	-2364	-925	-1269	2621	48	88	252	2389	11945	2389	69782488
-16968	-6654	-2118	-624	-1072	2524	49	95	249	2390	11950	2390	69782488
-16458	-6830	-1866	-332	-932	2291	49	95	249	2391	11955	2391	69782524
-16356	-7012	-1824	-158	-794	1974	41	81	259	2392	11960	2392	69782525
-15850	-7302	-1236	-52	-794	1792	41	81	259	2393	11965	2393	69782525
-15336	-7630	-1272	189	-824	1435	41	91	249	2394	11970	2394	69782526
-15086	-7700	-1214	216	-835	1104	41	91	249	2395	11975	2395	69782527
-14534	-7932	-1068	166	-888	938	44	92	256	2396	11980	2396	69782528
-13948	-7944	-1148	-31	-1125	586	44	92	256	2397	11985	2397	69782529
-13856	-7936	-1186	-331	-1330	202	45	93	255	2398	11990	2398	69782529
-13592	-7878	-1440	-536	-1459	23	45	93	255	2399	11995	2399	69782530
-13546	-7816	-1504	-932	-1734	-309	46	90	254	2400	12000	2400	69782531
-13550	-7710	-1684	-1329	-1972	-613	46	90	254	2401	12005	2401	69782532
-13716	-7688	-1900	-1511	-2055	-729	49	95	255	2402	12010	2402	69782533
-14020	-7544	-2138	-1850	-2195	-950	49	95	255	2403	12015	2403	69782534
-14338	-7482	-2270	-2122	-2269	-1084	43	89	257	2404	12020	2404	69782534
-14504	-7388	-2310	-2236	-2291	-1160	43	89	257	2405	12025	2405	69782535
-14676	-7294	-2358	-2417	-2290	-1259	46	94	258	2406	12030	2406	69782536
-14732	-7110	-2360	-2558	-2227	-1319	46	94	258	2407	12035	2407	69782537
-14674	-7006	-2350	-2618	-2162	-1337	37	95	255	2408	12040	2408	69782615
-14774	-6730	-2294	-2724	-2036	-1372	37	95	255	2409	12045	2409	69782616
-14764	-6472	-2264	-2748	-1921	-1392	45	93	255	2410	12050	2410	69782617
-14830	-6402	-2358	-2753	-1847	-1381	45	93	255	2411	12055	2411	69782617
-14902	-6206	-2288	-2783	-1658	-1341	43	91	255	2412	12060	2412	69782617
-15056	-6136	-2194	-2620	-1563	-1282	43	91	255	2413	12065	2413	69782618
-15176	-6126	-2130	-2459	-1492	-1218	36	86	262	2414	12070	2414	69782619
-15366	-6146	-2148	-2209	-1322	-1094	36	86	262	2415	12075	2415	69782619
-15518	-6208	-2246	-1935	-1188	-939	48	90	258	2416	12080	2416	69782620
-15632	-6314	-2372	-1778	-1121	-859	48	90	258	2417	12085	2417	69782620
-15680	-6538	-2340	-1562	-945	-694	42	90	256	2418	12090	2418	69782655
-15782	-6714	-2412	-1323	-817	-505	42	90	256	2419	12095	2419	69782656
-15788	-6736	-2440	-1177	-762	-410	45	91	253	2420	12100	2420	69782657
-15734	-6822	-2504	-951	-652	-228	45	91	253	2421	12105	2421	69782658
-15820	-6924	-2506	-743	-578	-62	38	96	258	2422	12110	2422	69782659
-15730	-7036	-2554	-657	-532	14	38	96	258	2423	12115	2423	69782661
-15640	-7154	-2536	-525	-482	102	47	93	255	2424	12120	2424	69782662
-15578	-7460	-2472	-407	-457	161	47	93	255	2425	12125	2425	69782663
-15622	-7590	-2482	-379	-453	170	40	90	258	2426	12130	2426	69782664
-15450	-7740	-2520	-462	-468	158	40	90	258	2427	12135	2427	69782664
-15166	-7884	-2414	-626	-495	103	47	89	261	2428	12140	2428	69782665
-15096	-7932	-2414	-766	-544	56	47	89	261	2429	12145	2429	69782666
-14952	-8080	-2310	-1099	-639	-85	49	95	253	2430	12150	2430	69782666
-14904	-8056	-2258	-1434	-778	-244	49	95	253	2431	12155	2431	69782667
-14830	-8068	-2362	-1598	-842	-339	45	95	261	2432	12160	2432	69782668
-14800	-7956	-2400	-1956	-981	-543	45	95	261	2433	12165	2433	69782668
-14692	-7928	-2472	-2285	-1086	-728	45	93	259	2434	12170	2434	69782669
-14750	-7878	-2514	-2440	-1144	-837	45	93	259	2435	12175	2435	69782710
-14662	-7756	-2446	-2696	-1302	-1024	42	98	260	2436	12180	2436	69782715
-14636	-7628	-2488	-2913	-1417	-1173	42	98	260	2437	12185	2437	69782716
-14628	-7480	-2554	-3024	-1465	-1237	42	94	254	2438	12190	2438	69782716
-14716	-7406	-2506	-3208	-1551	-1350	42	94	254	2439	12195	2439	69782717
-14806	-7314	-2452	-3316	-1628	-1449	37	91	259	2440	12200	2440	69782767
-14820	-7204	-2576	-3366	-1643	-1484	37	91	259	2441	12205	2441	69782767
