-16454	-1952	-2582	180	40	661	-51	171	-49	5094	25470	5094	69795852
-16476	-2004	-2594	7	-114	735	-52	172	-48	5095	25475	5095	69795852
-16532	-2022	-2682	-39	-182	762	-52	172	-48	5096	25480	5096	69795853
-16626	-2030	-2676	68	-171	751	-55	173	-51	5097	25485	5097	69795863
-16614	-2070	-2700	144	-117	780	-55	173	-51	5098	25490	5098	69795864
-16610	-2038	-2686	181	-85	772	-59	173	-55	5099	25495	5099	69795864
-16480	-2104	-2798	195	-34	744	-59	173	-55	5100	25500	5100	69795865
-16314	-2184	-2670	-68	-126	744	-50	172	-48	5101	25505	5101	69795865
-16360	-2034	-2644	-253	-196	739	-50	172	-48	5102	25510	5102	69795915
-16500	-1910	-2716	-365	-232	729	-57	169	-43	5103	25515	5103	69795916
-16580	-1936	-2798	-384	-116	716	-57	169	-43	5104	25520	5104	69795916
-16616	-1868	-2872	-411	21	673	-60	170	-48	5105	25525	5105	69795916
-16416	-1790	-2780	-405	72	631	-60	170	-48	5106	25530	5106	69795917
-16276	-1608	-2634	-341	87	617	-49	173	-47	5107	25535	5107	69795917
-16250	-1518	-2570	-296	-9	623	-49	173	-47	5108	25540	5108	69795917
-16286	-1544	-2666	-232	-15	619	-59	169	-49	5109	25545	5109	69795919
-16350	-1622	-2958	-47	85	562	-59	169	-49	5110	25550	5110	69795920
-16258	-1566	-2768	82	225	516	-48	170	-50	5111	25555	5111	69795920
-16278	-1578	-2814	148	270	495	-48	170	-50	5112	25560	5112	69795943
-16250	-1656	-2684	294	288	457	-55	173	-47	5113	25565	5113	69795944
-16168	-1656	-2700	382	291	397	-55	173	-47	5114	25570	5114	69795944
-16148	-1594	-2728	394	274	357	-48	172	-54	5115	25575	5115	69795944
-16314	-1596	-2724	344	228	345	-48	172	-54	5116	25580	5116	69795945
-16378	-1490	-2626	358	223	360	-50	170	-54	5117	25585	5117	69796011
-16308	-1492	-2544	377	251	327	-50	170	-54	5118	25590	5118	69796077
-16368	-1358	-2348	461	277	232	-53	171	-53	5119	25595	5119	69796078
-16364	-1284	-2472	618	272	163	-53	171	-53	5120	25600	5120	69796078
-16390	-1278	-2438	651	266	161	-52	172	-56	5121	25605	5121	69796079
-16376	-1132	-2538	645	276	142	-52	172	-56	5122	25610	5122	69796079
-16494	-986	-2490	615	303	117	-53	165	-55	5123	25615	5123	69796080
-16490	-918	-2634	629	315	104	-53	165	-55	5124	25620	5124	69796080
-16478	-826	-2646	740	433	101	-48	172	-48	5125	25625	5125	69796080
-16278	-854	-2718	913	598	114	-48	172	-48	5126	25630	5126	69796081
-16212	-832	-2626	909	731	182	-52	170	-54	5127	25635	5127	69796081
-16026	-806	-2588	944	813	211	-52	170	-54	5128	25640	5128	69796131
-15720	-588	-2910	1115	905	282	-59	169	-51	5129	25645	5129	69796131
-15660	-606	-2848	1328	902	366	-59	169	-51	5130	25650	5130	69796132
-15568	-688	-2816	1436	930	414	-50	174	-48	5131	25655	5131	69796133
-15394	-760	-2604	1621	1036	495	-50	174	-48	5132	25660	5132	69796134
-15334	-914	-2572	1795	1050	582	-48	170	-50	5133	25665	5133	69796135
-15320	-1074	-2562	1837	1018	608	-48	170	-50	5134	25670	5134	69796136
-15420	-1152	-2272	1746	902	686	-52	172	-50	5135	25675	5135	69796138
-15690	-1220	-2276	1542	752	781	-52	172	-50	5136	25680	5136	69796139
-15796	-1320	-2314	1407	692	822	-48	176	-52	5137	25685	5137	69796140
-16006	-1382	-2208	1146	683	923	-48	176	-52	5138	25690	5138	69796140
-16016	-1430	-2156	904	824	997	-51	169	-51	5139	25695	5139	69796184
-15978	-1488	-2108	757	848	1013	-51	169	-51	5140	25700	5140	69796185
-15884	-1260	-1942	405	810	1026	-52	170	-46	5141	25705	5141	69796186
-15906	-1120	-2012	16	658	1080	-52	170	-46	5142	25710	5142	69796187
-16030	-1012	-2020	-163	558	1104	-47	173	-51	5143	25715	5143	69796187
-16142	-622	-2038	-313	532	1106	-47	173	-51	5144	25720	5144	69796187
-16350	-238	-1970	-222	621	1054	-50	178	-50	5145	25725	5145	69796188
-16424	-126	-1944	-31	605	1065	-50	178	-50	5146	25730	5146	69796189
-16606	258	-1974	127	598	1065	-55	175	-55	5147	25735	5147	69796190
-16770	594	-2048	589	599	1039	-55	175	-55	5148	25740	5148	69796191
-16814	718	-2020	1117	546	1025	-50	172	-52	5149	25745	5149	69796192
-16866	1022	-1918	1387	447	1028	-50	172	-52	5150	25750	5150	69796194
-17130	1128	-2106	2108	250	1057	-49	173	-49	5151	25755	5151	69796195
-17452	1112	-2238	3034	224	1050	-49	173	-49	5152	25760	5152	69796228
-17568	1094	-2274	3500	290	1017	-46	168	-52	5153	25765	5153	69796229
-17606	858	-2432	4481	456	987	-46	168	-52	5154	25770	5154	69796229
-17678	426	-2556	5372	574	1009	-56	170	-46	5155	25775	5155	69796230
-17706	220	-2568	5749	592	1015	-56	170	-46	5156	25780	5156	69796231
-17824	-468	-2712	6095	673	1011	-57	175	-53	5157	25785	5157	69796232
-17908	-904	-2800	5994	740	1071	-57	175	-53	5158	25790	5158	69796280
-17996	-1070	-2794	5992	752	1172	-51	171	-57	5159	25795	5159	69796280
-17918	-1524	-2626	6323	755	1400	-51	171	-57	5160	25800	5160	69796281
-17772	-2256	-2606	6656	966	1436	-44	170	-52	5161	25805	5161	69796391
-17648	-2636	-2710	6538	1039	1454	-44	170	-52	5162	25810	5162	69796414
-17450	-2906	-2678	5914	993	1491	-50	170	-52	5163	25815	5163	69796415
-17382	-2826	-2612	5246	851	1557	-50	170	-52	5164	25820	5164	69796417
-17404	-2822	-2562	5017	815	1606	-50	170	-54	5165	25825	5165	69796418
-17456	-2832	-2472	4704	873	1669	-50	170	-54	5166	25830	5166	69796419
-17456	-2850	-2592	4440	1041	1738	-55	167	-51	5167	25835	5167	69796420
-17374	-2852	-2462	4167	1223	1804	-55	167	-51	5168	25840	5168	69796421
-17228	-2944	-2310	3985	1257	1848	-45	169	-51	5169	25845	5169	69796422
-17000	-2906	-2120	3812	1316	1897	-45	169	-51	5170	25850	5170	69796423
-16788	-2992	-2240	3829	1351	1872	-47	173	-51	5171	25855	5171	69796425
-16732	-3086	-2266	3793	1388	1852	-47	173	-51	5172	25860	5172	69796426
-16606	-3216	-2538	3620	1517	1836	-52	170	-54	5173	25865	5173	69796427
-16488	-3548	-2270	3329	1620	1933	-52	170	-54	5174	25870	5174	69796429
-16340	-3650	-2228	3092	1703	1936	-47	171	-53	5175	25875	5175	69796431
-16082	-3660	-2280	2554	1815	1910	-47	171	-53	5176	25880	5176	69796432
-15634	-3786	-2278	2238	1852	1918	-55	169	-59	5177	25885	5177	69796433
-15400	-3836	-2336	2157	1854	1915	-55	169	-59	5178	25890	5178	69796434
-15108	-3900	-2284	1922	1810	1866	-47	173	-55	5179	25895	5179	69796435
-14844	-3800	-2170	1615	1669	1840	-47	173	-55	5180	25900	5180	69796436
-14702	-3694	-2018	1463	1596	1839	-48	176	-56	5181	25905	5181	69796437
-14692	-3482	-2156	1116	1391	1823	-48	176	-56	5182	25910	5182	69796438
-14636	-3042	-1864	785	1267	1838	-45	173	-53	5183	25915	5183	69796439
-14536	-2892	-1772	681	1228	1836	-45	173	-53	5184	25920	5184	69796440
-14474	-2550	-1814	689	1173	1807	-45	175	-57	5185	25925	5185	69796440
-14474	-2304	-1818	812	1202	1736	-45	175	-57	5186	25930	5186	69796544
-14470	-2174	-1730	939	1227	1654	-54	170	-58	5187	25935	5187	69796544
-14552	-1882	-1536	1026	1248	1606	-54	170	-58	5188	25940	5188	69796545
-14798	-1832	-1400	1324	1224	1490	-52	172	-62	5189	25945	5189	69796545
-14954	-1910	-1340	1728	1253	1359	-52	172	-62	5190	25950	5190	69796546
-15338	-2144	-1090	1869	1214	1292	-49	167	-55	5191	25955	5191	69796547
-15666	-2654	-940	2300	1085	1175	-49	167	-55	5192	25960	5192	69796548
-16018	-3124	-750	2913	949	1035	-48	166	-56	5193	25965	5193	69796549
-16228	-3380	-688	3122	873	974	-48	166	-56	5194	25970	5194	69796549
-16516	-3944	-894	3060	760	835	-47	173	-61	5195	25975	5195	69796550
-16624	-4194	-1212	2398	522	645	-47	173	-61	5196	25980	5196	69796550
-16702	-4208	-1336	2000	404	554	-53	175	-57	5197	25985	5197	69796551
-16824	-4206	-1446	1215	127	464	-53	175	-57	5198	25990	5198	69796551
-16762	-4196	-1758	415	-171	435	-53	169	-65	5199	25995	5199	69796551
-16724	-4136	-2022	-22	-336	423	-53	169	-65	5200	26000	5200	69796552
-16706	-3864	-2200	-955	-666	423	-47	167	-61	5201	26005	5201	69796552
-16690	-3390	-2370	-1803	-1039	442	-47	167	-61	5202	26010	5202	69796552
-16730	-2934	-2542	-2162	-1237	445	-52	168	-54	5203	26015	5203	69796553
-16866	-2330	-2704	-2682	-1600	502	-52	168	-54	5204	26020	5204	69796553
-17034	-1812	-2890	-2984	-1928	539	-54	166	-56	5205	26025	5205	69796554
-17052	-1562	-2954	-3053	-2074	523	-54	166	-56	5206	26030	5206	69796554
-17152	-1116	-3020	-3044	-2300	487	-48	166	-56	5207	26035	5207	69796554
-17066	-856	-3104	-3071	-2405	469	-48	166	-56	5208	26040	5208	69796555
-17030	-730	-3136	-3450	-2581	465	-46	168	-66	5209	26045	5209	69796555
-16872	-510	-2846	-3736	-2757	486	-46	168	-66	5210	26050	5210	69796556
-16976	-352	-3138	-4349	-2998	540	-49	171	-55	5211	26055	5211	69796556
-17292	62	-3222	-5029	-2844	574	-49	171	-55	5212	26060	5212	69796556
-17252	338	-3238	-5285	-2662	573	-54	172	-54	5213	26065	5213	69796557
-17220	734	-3142	-5260	-2222	536	-54	172	-54	5214	26070	5214	69796557
-16826	786	-2740	-4777	-1795	479	-49	165	-57	5215	26075	5215	69796558
-16614	812	-2632	-4486	-1674	462	-49	165	-57	5216	26080	5216	69796558
-16422	814	-2652	-3690	-1567	428	-57	167	-51	5217	26085	5217	69796558
-16198	658	-2546	-2723	-1546	384	-57	167	-51	5218	26090	5218	69796559
-16214	576	-2496	-2316	-1558	336	-62	168	-58	5219	26095	5219	69796559
-16166	394	-2488	-1623	-1560	283	-62	168	-58	5220	26100	5220	69796559
-16032	282	-2310	-1017	-1547	248	-50	176	-58	5221	26105	5221	69796560
-15962	166	-2336	-715	-1537	217	-50	176	-58	5222	26110	5222	69796560
-15828	-38	-2364	-106	-1498	203	-52	170	-60	5223	26115	5223	69796561
-15786	-392	-2246	460	-1499	187	-52	170	-60	5224	26120	5224	69796561
-15758	-630	-2226	667	-1482	172	-48	176	-52	5225	26125	5225	69796561
-15756	-916	-2214	767	-1444	106	-48	176	-52	5226	26130	5226	69796562
-15782	-1098	-2076	802	-1533	110	-59	169	-55	5227	26135	5227	69796562
-15796	-1158	-2074	1141	-1561	81	-59	169	-55	5228	26140	5228	69796563
-15788	-1368	-1950	1240	-1572	50	-48	178	-56	5229	26145	5229	69796563
-15646	-1590	-2142	1338	-1750	-13	-48	178	-56	5230	26150	5230	69796563
-15686	-1768	-2274	1311	-2055	-14	-47	177	-53	5231	26155	5231	69796564
-15770	-1872	-2080	1269	-2168	-14	-47	177	-53	5232	26160	5232	69796564
-15900	-2024	-2174	1285	-2260	-79	-47	171	-53	5233	26165	5233	69796564
-15972	-2070	-2384	1391	-2256	-222	-47	171	-53	5234	26170	5234	69796565
-16082	-2066	-2318	1439	-2216	-286	-46	178	-54	5235	26175	5235	69796565
-16198	-2022	-2402	1511	-2074	-392	-46	178	-54	5236	26180	5236	69796565
-16338	-2056	-2372	1684	-1968	-428	-49	175	-53	5237	26185	5237	69796615
-16350	-2144	-2472	1845	-1900	-472	-49	175	-53	5238	26190	5238	69796615
-16442	-2286	-2652	2152	-1786	-555	-54	172	-54	5239	26195	5239	69796642
-16406	-2398	-2686	2273	-1717	-621	-54	172	-54	5240	26200	5240	69796642
-16390	-2454	-2828	2275	-1704	-630	-49	175	-57	5241	26205	5241	69796643
-16508	-2558	-3006	2264	-1685	-654	-49	175	-57	5242	26210	5242	69796643
-16558	-2584	-3058	2284	-1620	-704	-57	173	-51	5243	26215	5243	69796643
-16558	-2670	-3110	2325	-1557	-738	-57	173	-51	5244	26220	5244	69796644
-16518	-2792	-3202	2380	-1454	-794	-50	172	-52	5245	26225	5245	69796644
-16470	-2926	-3288	2382	-1356	-864	-50	172	-52	5246	26230	5246	69796646
-16468	-2976	-3262	2380	-1346	-896	-45	173	-53	5247	26235	5247	69796673
-16496	-3126	-3288	2408	-1323	-1005	-45	173	-53	5248	26240	5248	69796694
-16694	-3226	-3296	2475	-1279	-1181	-52	170	-50	5249	26245	5249	69796695
-16768	-3228	-3264	2467	-1180	-1366	-52	170	-50	5250	26250	5250	69796695
-16968	-3284	-3364	2380	-1145	-1448	-48	170	-46	5251	26255	5251	69796695
-17072	-3208	-3564	2090	-1035	-1557	-48	170	-46	5252	26260	5252	69796696
-17184	-3074	-3756	1839	-825	-1710	-44	172	-52	5253	26265	5253	69796697
-17310	-2898	-3772	1745	-733	-1787	-44	172	-52	5254	26270	5254	69796697
-17564	-2822	-3610	1493	-681	-1900	-41	169	-53	5255	26275	5255	69796698
-17962	-2886	-3530	973	-727	-2003	-41	169	-53	5256	26280	5256	69796699
-18164	-2902	-3720	737	-632	-2053	-44	172	-52	5257	26285	5257	69796699
-18252	-2796	-3700	704	-170	-2140	-44	172	-52	5258	26290	5258	69796699
-18014	-2560	-3416	1355	510	-2295	-41	175	-49	5259	26295	5259	69796700
-17766	-2562	-3436	1710	750	-2373	-41	175	-49	5260	26300	5260	69796720
-17372	-2766	-3420	2101	963	-2485	-39	169	-53	5261	26305	5261	69796720
-16970	-2894	-3212	2012	869	-2466	-39	169	-53	5262	26310	5262	69796721
-16802	-2976	-3104	1949	786	-2432	-43	173	-53	5263	26315	5263	69796721
-16512	-3102	-2798	1925	582	-2341	-43	173	-53	5264	26320	5264	69796748
-16334	-3222	-2608	1863	376	-2234	-41	171	-53	5265	26325	5265	69796748
-16314	-3382	-2552	1711	295	-2175	-41	171	-53	5266	26330	5266	69796749
-16228	-3464	-2400	1155	190	-2028	-39	173	-51	5267	26335	5267	69796749
-16060	-3340	-2220	455	123	-1921	-39	173	-51	5268	26340	5268	69796750
-16032	-3310	-2166	-249	70	-1856	-47	167	-53	5269	26345	5269	69796751
-15992	-2978	-1926	-506	72	-1766	-47	167	-53	5270	26350	5270	69796751
-15984	-2604	-1822	-728	97	-1611	-43	169	-53	5271	26355	5271	69796752
-15892	-2444	-1802	-721	93	-1398	-43	169	-53	5272	26360	5272	69796752
-15852	-2264	-1906	-657	106	-1297	-43	175	-49	5273	26365	5273	69796752
-15948	-2108	-1996	-320	330	-1182	-43	175	-49	5274	26370	5274	69796753
-15778	-2000	-1952	40	614	-1112	-45	165	-53	5275	26375	5275	69796753
-15722	-2052	-1958	209	696	-1063	-45	165	-53	5276	26380	5276	69796753
-15530	-2146	-1970	530	682	-896	-38	170	-52	5277	26385	5277	69796754
-15496	-2416	-1854	881	604	-728	-38	170	-52	5278	26390	5278	69796774
-15420	-2554	-1796	1059	587	-668	-46	178	-54	5279	26395	5279	69796775
-15416	-2830	-1820	1265	593	-571	-46	178	-54	5280	26400	5280	69796799
-15354	-3126	-1968	1117	616	-426	-43	173	-55	5281	26405	5281	69796800
-15364	-3106	-2066	934	634	-368	-43	173	-55	5282	26410	5282	69796800
-15314	-3170	-2148	462	639	-193	-38	172	-56	5283	26415	5283	69796801
-15296	-3164	-2308	98	657	-58	-38	172	-56	5284	26420	5284	69796803
-15276	-3130	-2360	-73	666	20	-39	173	-51	5285	26425	5285	69796804
-15314	-3240	-2448	-506	688	171	-39	173	-51	5286	26430	5286	69796804
-15044	-3064	-2566	-886	661	352	-36	172	-58	5287	26435	5287	69796805
-15014	-3062	-2478	-1008	580	471	-36	172	-58	5288	26440	5288	69796805
-14910	-3010	-2534	-1213	404	701	-44	170	-52	5289	26445	5289	69796825
-14798	-2776	-2702	-1447	289	853	-44	170	-52	5290	26450	5290	69796853
-14686	-2654	-2718	-1578	231	904	-39	169	-57	5291	26455	5291	69796854
-14788	-2478	-2730	-1587	209	928	-39	169	-57	5292	26460	5292	69796854
-14724	-2490	-2592	-1598	145	1012	-44	172	-54	5293	26465	5293	69796855
-14686	-2428	-2612	-1599	23	1154	-44	172	-54	5294	26470	5294	69796855
-14628	-2404	-2494	-1498	30	1178	-42	176	-54	5295	26475	5295	69796856
-14530	-2480	-2648	-1147	123	1201	-42	176	-54	5296	26480	5296	69796856
-14256	-2566	-2576	-1023	205	1173	-38	170	-54	5297	26485	5297	69796857
-14224	-2476	-2576	-1070	168	1147	-38	170	-54	5298	26490	5298	69796857
-14068	-2274	-2432	-1094	21	1115	-42	174	-58	5299	26495	5299	69796875
-14190	-2204	-2226	-884	-152	1043	-42	174	-58	5300	26500	5300	69796902
-14288	-2196	-2172	-675	-251	996	-50	164	-58	5301	26505	5301	69796903
-14520	-2238	-2032	-211	-416	888	-50	164	-58	5302	26510	5302	69796903
-14896	-2466	-1934	139	-544	746	-37	175	-51	5303	26515	5303	69796904
-15126	-2484	-1882	234	-599	685	-37	175	-51	5304	26520	5304	69796904
-15476	-2658	-1646	307	-726	622	-39	171	-55	5305	26525	5305	69796905
-15684	-2918	-1742	335	-655	574	-39	171	-55	5306	26530	5306	69796929
-15726	-3028	-1794	266	-584	520	-45	169	-53	5307	26535	5307	69796930
-15672	-3244	-1906	-116	-487	394	-45	169	-53	5308	26540	5308	69796930
-15620	-3296	-1976	-533	-541	351	-44	174	-52	5309	26545	5309	69796931
-15574	-3308	-1944	-699	-677	308	-44	174	-52	5310	26550	5310	69796932
-15472	-3284	-1964	-716	-810	297	-50	176	-56	5311	26555	5311	69796933
-15612	-3376	-1796	-750	-1116	266	-50	176	-56	5312	26560	5312	69796934
-15766	-3412	-1792	-906	-1484	239	-38	174	-54	5313	26565	5313	69796934
-16284	-3410	-1836	-1081	-1675	245	-38	174	-54	5314	26570	5314	69796935
-16790	-3370	-1770	-1668	-2091	371	-46	172	-54	5315	26575	5315	69796978
-17264	-3216	-1594	-1849	-2424	444	-46	172	-54	5316	26580	5316	69797012
-17488	-3108	-1544	-1732	-2474	383	-41	167	-49	5317	26585	5317	69797012
-17904	-2890	-1372	-1594	-2552	332	-41	167	-49	5318	26590	5318	69797013
-18210	-2632	-1362	-1605	-2622	329	-42	172	-54	5319	26595	5319	69797013
-18334	-2480	-1350	-1574	-2642	326	-42	172	-54	5320	26600	5320	69797013
-18352	-2232	-1468	-1410	-2532	315	-43	175	-51	5321	26605	5321	69797014
-18182	-1906	-1606	-1130	-2303	281	-43	175	-51	5322	26610	5322	69797014
-18048	-1888	-1510	-977	-2185	286	-39	175	-53	5323	26615	5323	69797015
-17698	-1772	-1750	-661	-1988	304	-39	175	-53	5324	26620	5324	69797016
-17396	-1680	-1876	-508	-1913	389	-41	173	-55	5325	26625	5325	69797016
-17198	-1746	-1814	-484	-1916	419	-41	173	-55	5326	26630	5326	69797017
-16814	-1794	-1894	-415	-1892	483	-41	171	-53	5327	26635	5327	69797017
-16408	-1934	-2164	-405	-1792	548	-41	171	-53	5328	26640	5328	69797018
-16214	-1958	-2158	-417	-1746	562	-42	172	-52	5329	26645	5329	69797033
-15740	-2218	-2276	-478	-1700	597	-42	172	-52	5330	26650	5330	69797034
-15384	-2424	-2258	-620	-1746	592	-43	173	-53	5331	26655	5331	69797034
-15208	-2612	-2418	-869	-1833	613	-43	173	-53	5332	26660	5332	69797035
-14996	-2742	-2274	-1073	-1899	622	-40	174	-50	5333	26665	5333	69797037
-14908	-2996	-2002	-1722	-2041	575	-40	174	-50	5334	26670	5334	69797037
-14942	-3030	-2120	-2218	-2159	527	-40	174	-52	5335	26675	5335	69797039
-15042	-3024	-2084	-2396	-2177	508	-40	174	-52	5336	26680	5336	69797040
-15266	-2944	-1948	-2706	-2173	433	-46	170	-50	5337	26685	5337	69797061
-15452	-2658	-1698	-2932	-2079	344	-46	170	-50	5338	26690	5338	69797082
-15574	-2580	-1560	-3024	-1999	288	-46	174	-54	5339	26695	5339	69797083
-15764	-2440	-1406	-3179	-1849	143	-46	174	-54	5340	26700	5340	69797083
-15964	-2264	-1324	-3344	-1779	34	-40	168	-50	5341	26705	5341	69797083
-16074	-2116	-1360	-3432	-1771	7	-40	168	-50	5342	26710	5342	69797084
-16454	-1970	-1294	-3591	-1906	144	-52	170	-52	5343	26715	5343	69797084
-16768	-1758	-1184	-3390	-1792	243	-52	170	-52	5344	26720	5344	69797085
-16774	-1702	-1190	-3197	-1605	207	-39	171	-53	5345	26725	5345	69797085
-16674	-1684	-1098	-2947	-1387	132	-39	171	-53	5346	26730	5346	69797087
-16628	-1730	-1034	-2797	-1399	111	-44	170	-56	5347	26735	5347	69797087
-16650	-1646	-1132	-2711	-1459	106	-44	170	-56	5348	26740	5348	69797135
