-16020	-2772	5886	-713	-23	598	91	179	171	8188	40940	8188	69811335
-16008	-2786	5928	-777	-24	605	98	182	174	8189	40945	8189	69811335
-16026	-2870	5770	-861	-76	639	98	182	174	8190	40950	8190	69811335
-16152	-2898	5676	-880	-64	647	95	185	177	8191	40955	8191	69811436
-16258	-2902	5614	-833	6	659	95	185	177	8192	40960	8192	69811437
-16400	-2882	5734	-657	240	657	94	180	172	8193	40965	8193	69811438
-16432	-2972	5768	-534	504	647	94	180	172	8194	40970	8194	69811438
-16374	-3002	5852	-524	568	646	98	180	180	8195	40975	8195	69811438
-16462	-3114	5860	-646	641	625	98	180	180	8196	40980	8196	69811439
-16546	-3252	5784	-673	810	591	93	185	171	8197	40985	8197	69811439
-16600	-3256	5554	-620	956	564	93	185	171	8198	40990	8198	69811440
-16662	-3350	5318	-450	1268	490	95	179	181	8199	40995	8199	69811440
-16622	-3424	5186	-332	1482	432	95	179	181	8200	41000	8200	69811441
-16630	-3362	5020	-296	1513	393	94	184	170	8201	41005	8201	69811441
-16780	-3336	4602	-219	1473	367	94	184	170	8202	41010	8202	69811441
-16816	-3392	4450	-219	1441	356	94	186	178	8203	41015	8203	69811442
-17070	-3366	4046	-310	1449	326	94	186	178	8204	41020	8204	69811442
-17310	-3376	3634	-448	1535	291	91	181	175	8205	41025	8205	69811443
-17256	-3356	3454	-331	1795	248	91	181	175	8206	41030	8206	69811480
-17200	-3294	3308	-150	1960	251	91	187	175	8207	41035	8207	69811484
-16992	-3274	3386	184	2303	276	91	187	175	8208	41040	8208	69811485
-16812	-3382	3552	295	2450	304	97	189	173	8209	41045	8209	69811485
-16700	-3550	3902	160	2641	329	97	189	173	8210	41050	8210	69811485
-16666	-3600	3722	-189	2940	329	99	183	171	8211	41055	8211	69811486
-16600	-3598	3730	-360	3140	331	99	183	171	8212	41060	8212	69811486
-16502	-3700	3544	-581	3661	315	84	182	178	8213	41065	8213	69811486
-16380	-4030	3690	-648	3999	328	84	182	178	8214	41070	8214	69811487
-16360	-4298	3762	-697	4116	339	94	188	170	8215	41075	8215	69811487
-16332	-4674	4020	-1043	4187	340	94	188	170	8216	41080	8216	69811536
-16343	-4469	4005	-1102	4135	336	95	187	171	8217	41085	8217	69811560
-16354	-4264	3990	-1161	4082	331	96	186	172	8218	41090	8218	69811583
-16240	-3936	3914	-1147	4189	322	92	176	168	8219	41095	8219	69811588
-16130	-3442	3974	-1143	4140	308	92	176	168	8220	41100	8220	69811588
-15998	-3082	4216	-1205	3979	302	95	181	171	8221	41105	8221	69811589
-15602	-2364	4938	-1264	3365	295	95	181	171	8222	41110	8222	69811589
-15554	-1688	5586	-1337	2513	274	98	180	164	8223	41115	8223	69811589
-15614	-1460	5646	-1344	2188	244	98	180	164	8224	41120	8224	69811590
-15838	-1052	6082	-1180	1833	161	97	183	165	8225	41125	8225	69811591
-15862	-748	6574	-693	1887	78	97	183	165	8226	41130	8226	69811592
-15862	-908	6912	-318	2029	47	96	184	162	8227	41135	8227	69811592
-15452	-1212	7276	328	2328	-7	96	184	162	8228	41140	8228	69811592
-14860	-1262	7590	631	2343	-12	93	185	165	8229	41145	8229	69811593
-14680	-1236	7574	763	2186	-1	93	185	165	8230	41150	8230	69811593
-14678	-1204	7520	1185	1701	74	94	186	166	8231	41155	8231	69811593
-14746	-1172	7258	1576	1196	123	94	186	166	8232	41160	8232	69811594
-14872	-1248	7302	1730	1009	138	92	182	162	8233	41165	8233	69811594
-14804	-1432	7264	2064	845	207	92	182	162	8234	41170	8234	69811594
-14570	-1632	7572	2490	803	255	95	181	163	8235	41175	8235	69811596
-14402	-1876	7832	2729	699	307	95	181	163	8236	41180	8236	69811596
-14190	-2602	8126	3116	268	389	93	177	163	8237	41185	8237	69811597
-14188	-3060	8136	3236	-319	478	93	177	163	8238	41190	8238	69811597
-14374	-3870	7782	3138	-609	509	95	179	165	8239	41195	8239	69811599
-14732	-4188	7394	2552	-1126	544	95	179	165	8240	41200	8240	69811599
-14958	-4298	7348	1840	-1475	551	93	179	163	8241	41205	8241	69811600
-15368	-4244	7590	1565	-1563	547	93	179	163	8242	41210	8242	69811600
-15526	-3974	7578	1193	-1542	554	92	186	168	8243	41215	8243	69811600
-15486	-3886	7546	994	-1337	537	92	186	168	8244	41220	8244	69811611
-15164	-3514	7192	970	-1265	533	94	182	168	8245	41225	8245	69811612
-14894	-2942	6876	1002	-1326	552	94	182	168	8246	41230	8246	69811612
-14864	-2642	6712	1115	-1445	554	98	182	168	8247	41235	8247	69811612
-15314	-1854	6278	1405	-1749	530	98	182	168	8248	41240	8248	69811613
-15784	-958	6308	1782	-2050	484	94	180	168	8249	41245	8249	69811613
-16216	-444	6358	1974	-2194	484	94	180	168	8250	41250	8250	69811615
-16726	782	6332	2146	-2389	506	90	180	170	8251	41255	8251	69811616
-17166	1796	6560	2384	-2298	622	90	180	170	8252	41260	8252	69811616
-17292	2104	6506	2569	-2207	701	93	181	171	8253	41265	8253	69811637
-17416	2466	6208	2869	-1891	801	93	181	171	8254	41270	8254	69811641
-17386	2448	5962	3102	-1569	843	94	182	170	8255	41275	8255	69811648
-17442	2574	6110	3075	-1504	883	94	182	170	8256	41280	8256	69811649
-17406	2604	6528	2792	-1514	1025	94	186	174	8257	41285	8257	69811649
-17388	1934	6802	2521	-1294	1054	94	186	174	8258	41290	8258	69811650
-17452	1360	6788	2381	-1134	1037	88	184	170	8259	41295	8259	69811650
-18130	544	6592	2030	-1009	1070	88	184	170	8260	41300	8260	69811650
-18374	-500	5856	1636	-878	1258	91	183	173	8261	41305	8261	69811651
-18262	-686	5696	1561	-650	1391	91	183	173	8262	41310	8262	69811651
-18562	-904	5102	1697	-384	1828	92	178	168	8263	41315	8263	69811652
-18324	-3058	3844	1714	-451	2447	92	178	168	8264	41320	8264	69811748
-18104	-4062	3444	1296	-587	2790	89	177	169	8265	41325	8265	69811748
-16650	-5418	2948	1	-1017	3266	89	177	169	8266	41330	8266	69811750
-15970	-6572	2326	-815	-1061	3289	95	185	173	8267	41335	8267	69811750
-16024	-6494	2446	-1475	-1184	3199	95	185	173	8268	41340	8268	69811752
-16688	-5788	2416	-2823	-1527	3076	88	180	174	8269	41345	8269	69811793
-17190	-5640	1888	-3941	-1690	2993	88	180	174	8270	41350	8270	69811793
-17206	-5444	1890	-4643	-1713	2914	89	185	169	8271	41355	8271	69811793
-17564	-4322	2210	-5582	-1548	2680	89	185	169	8272	41360	8272	69811794
-17636	-2922	3034	-5840	-1121	2456	93	187	171	8273	41365	8273	69811795
-17580	-2194	3560	-5811	-908	2387	93	187	171	8274	41370	8274	69811795
-17236	-760	4728	-5506	-707	2363	87	183	173	8275	41375	8275	69811796
-17112	664	5928	-5391	-965	2454	87	183	173	8276	41380	8276	69811796
-17262	1294	6310	-5402	-1126	2526	83	187	173	8277	41385	8277	69811796
-17788	2324	6860	-5297	-984	2567	83	187	173	8278	41390	8278	69811819
-17974	2564	6744	-4867	-84	2523	87	179	173	8279	41395	8279	69811846
-18120	3082	6192	-4461	550	2467	87	179	173	8280	41400	8280	69811873
-17964	3776	5948	-3281	1763	2289	87	183	167	8281	41405	8281	69811873
-17804	3948	6078	-1664	2592	2099	87	183	167	8282	41410	8282	69811874
-17696	3870	6154	-799	2889	2017	86	184	168	8283	41415	8283	69811876
-17482	3360	5880	877	3380	1917	86	184	168	8284	41420	8284	69811878
-17162	2890	5748	1528	3573	1889	93	181	169	8285	41425	8285	69811879
-16270	1708	5396	2311	3741	1856	93	181	169	8286	41430	8286	69811879
-15234	304	5164	2610	3521	1793	92	182	168	8287	41435	8287	69811881
-14828	-496	5190	2690	3346	1769	92	182	168	8288	41440	8288	69811882
-14172	-1992	5280	2721	2901	1667	89	187	167	8289	41445	8289	69811883
-13866	-3482	5492	2652	2366	1506	89	187	167	8290	41450	8290	69811884
-13852	-4064	5630	2505	2039	1403	91	181	165	8291	41455	8291	69811885
-13904	-5000	5758	2031	1355	1222	91	181	165	8292	41460	8292	69811887
-14160	-5158	5886	1329	676	1086	87	189	167	8293	41465	8293	69811896
-14264	-5154	5894	835	385	1050	87	189	167	8294	41470	8294	69811897
-14346	-4638	6208	-465	-166	950	88	184	162	8295	41475	8295	69811898
-14786	-4058	6642	-1531	-677	964	88	184	162	8296	41480	8296	69811898
-14924	-3806	6784	-1783	-909	1039	84	182	174	8297	41485	8297	69811899
-15214	-3416	6876	-1942	-1375	1226	84	182	174	8298	41490	8298	69811900
-15586	-3164	6446	-2106	-1942	1398	91	187	165	8299	41495	8299	69811901
-15782	-2886	6172	-2264	-2150	1456	91	187	165	8300	41500	8300	69811903
-16132	-2576	5216	-2362	-2255	1479	91	183	167	8301	41505	8301	69811905
-16228	-2570	4186	-2537	-2036	1404	91	183	167	8302	41510	8302	69811906
-16082	-2516	3826	-2673	-1913	1324	86	184	166	8303	41515	8303	69811907
-15946	-2504	3418	-3000	-1738	1150	86	184	166	8304	41520	8304	69811909
-15922	-2342	3298	-3352	-1748	922	86	182	164	8305	41525	8305	69811973
-16062	-2066	3466	-3645	-1855	829	86	182	164	8306	41530	8306	69811974
-16486	-1090	4308	-4131	-2177	709	89	185	171	8307	41535	8307	69811974
-17032	-358	5360	-3998	-2407	733	89	185	171	8308	41540	8308	69811974
-17344	-102	5582	-3780	-2463	762	88	190	172	8309	41545	8309	69811975
-17666	394	6242	-3036	-2234	829	88	190	172	8310	41550	8310	69811975
-17716	662	6696	-2127	-1730	880	81	183	173	8311	41555	8311	69812031
-17628	740	6714	-1778	-1455	897	81	183	173	8312	41560	8312	69812032
-17398	848	6046	-1373	-1045	979	92	182	166	8313	41565	8313	69812033
-17330	690	5730	-1345	-948	1156	92	182	166	8314	41570	8314	69812034
-17236	322	4604	-1430	-978	1261	87	183	169	8315	41575	8315	69812034
-17332	-276	3584	-1735	-1222	1506	87	183	169	8316	41580	8316	69812035
-17544	-528	3380	-2223	-1560	1750	86	184	172	8317	41585	8317	69812035
-17944	-1284	2928	-2641	-1775	1881	86	184	172	8318	41590	8318	69812035
-18182	-1918	2920	-3186	-1940	2063	90	186	168	8319	41595	8319	69812036
-18154	-2112	3074	-3540	-1688	2148	90	186	168	8320	41600	8320	69812036
-18200	-2738	3048	-3478	-1544	2183	87	187	175	8321	41605	8321	69812056
-18128	-3174	3384	-3500	-1298	2257	87	187	175	8322	41610	8322	69812084
-17834	-3346	3904	-3699	-1249	2265	88	184	170	8323	41615	8323	69812084
-17364	-3046	5394	-3713	-1240	2223	88	184	170	8324	41620	8324	69812085
-17056	-2464	6170	-3730	-1500	2195	86	182	170	8325	41625	8325	69812085
-16952	-2152	6006	-3680	-1528	2195	86	182	170	8326	41630	8326	69812085
-16892	-1902	5514	-3168	-1175	2229	85	177	171	8327	41635	8327	69812086
-16376	-2060	5320	-2792	-548	2167	85	177	171	8328	41640	8328	69812087
-16178	-1912	5246	-2717	-174	2121	89	179	169	8329	41645	8329	69812087
-15528	-1638	5334	-2814	264	2017	89	179	169	8330	41650	8330	69812088
-15150	-1680	4858	-2740	520	1951	88	182	168	8331	41655	8331	69812088
-15128	-1778	5042	-2810	738	1904	88	182	168	8332	41660	8332	69812089
-14714	-2448	4950	-2820	1007	1716	83	181	169	8333	41665	8333	69812089
-14884	-2360	5546	-2823	1002	1450	83	181	169	8334	41670	8334	69812090
-15032	-2374	5946	-2596	1016	1297	87	183	167	8335	41675	8335	69812090
-15092	-1924	6896	-2259	1104	958	87	183	167	8336	41680	8336	69812090
-15208	-1416	7576	-1624	920	763	86	178	170	8337	41685	8337	69812091
-15262	-1168	7432	-1352	831	719	86	178	170	8338	41690	8338	69812091
-15484	-998	6772	-1253	606	674	85	177	171	8339	41695	8339	69812091
-15856	-1252	5386	-1585	521	714	85	177	171	8340	41700	8340	69812092
-15768	-1422	4990	-1835	548	744	86	182	174	8341	41705	8341	69812093
-15642	-1720	4854	-2396	614	839	86	182	174	8342	41710	8342	69812093
-15518	-1952	5320	-2830	490	951	92	184	172	8343	41715	8343	69812095
-15508	-2062	5704	-2989	340	1022	92	184	172	8344	41720	8344	69812095
-15450	-2080	6418	-3238	-25	1176	95	181	169	8345	41725	8345	69812096
-15586	-1778	7386	-3765	-643	1300	95	181	169	8346	41730	8346	69812096
-15582	-1612	7658	-4169	-1003	1317	86	186	168	8347	41735	8347	69812135
-15824	-1266	7850	-4743	-1528	1335	86	186	168	8348	41740	8348	69812186
-15822	-1152	7586	-4694	-1518	1348	82	180	168	8349	41745	8349	69812187
-15756	-1268	7410	-4516	-1444	1331	82	180	168	8350	41750	8350	69812187
-15702	-1576	6734	-4273	-1340	1287	93	181	173	8351	41755	8351	69812188
-15746	-1600	6456	-4134	-1269	1152	93	181	173	8352	41760	8352	69812188
-16134	-1706	5790	-3982	-1195	1050	87	187	165	8353	41765	8353	69812189
-16664	-1484	5288	-3620	-881	804	87	187	165	8354	41770	8354	69812189
-16818	-1278	5014	-3353	-457	540	86	184	168	8355	41775	8355	69812191
-16704	-610	5094	-3256	-300	437	86	184	168	8356	41780	8356	69812191
-16556	106	5214	-3261	-157	261	89	185	173	8357	41785	8357	69812191
-16386	440	5338	-3334	-146	196	89	185	173	8358	41790	8358	69812192
-16082	936	5312	-3243	-148	208	84	182	174	8359	41795	8359	69812214
-15730	1050	5300	-2767	-252	252	84	182	174	8360	41800	8360	69812216
-15578	1032	5110	-2457	-326	277	89	181	167	8361	41805	8361	69812217
-15308	996	4870	-2150	-637	399	89	181	167	8362	41810	8362	69812218
-15132	1002	4764	-2187	-1030	583	84	186	170	8363	41815	8363	69812219
-15244	1036	4688	-2197	-1188	663	84	186	170	8364	41820	8364	69812219
-15426	832	5054	-2021	-1428	769	86	180	166	8365	41825	8365	69812220
-15776	624	5734	-2033	-1712	798	86	180	166	8366	41830	8366	69812220
-15944	562	6220	-2084	-1890	786	91	187	173	8367	41835	8367	69812221
-16358	312	6876	-1914	-2110	667	91	187	173	8368	41840	8368	69812221
-16522	-326	7156	-1162	-1856	426	81	183	173	8369	41845	8369	69812223
-16502	-706	7090	-723	-1571	252	81	183	173	8370	41850	8370	69812223
-16348	-1360	6860	232	-1017	-135	89	183	171	8371	41855	8371	69812223
-16358	-1666	6764	1204	-708	-490	89	183	171	8372	41860	8372	69812263
-16386	-1302	6572	1702	-584	-633	85	181	177	8373	41865	8373	69812265
-16656	-782	5720	2614	-348	-783	85	181	177	8374	41870	8374	69812295
-16788	-176	5444	2684	-238	-811	85	181	171	8375	41875	8375	69812296
-16816	10	5204	2488	-283	-762	85	181	171	8376	41880	8376	69812297
-16574	88	4790	1792	-582	-549	88	188	174	8377	41885	8377	69812298
-16392	388	4764	1171	-900	-262	88	188	174	8378	41890	8378	69812299
-16298	326	4698	964	-968	-158	86	182	178	8379	41895	8379	69812300
-16152	124	5108	787	-976	55	86	182	178	8380	41900	8380	69812303
-16178	280	5826	1073	-899	250	90	186	172	8381	41905	8381	69812304
-16146	118	6020	1435	-801	315	90	186	172	8382	41910	8382	69812305
-16218	-474	5536	2139	-430	304	89	185	175	8383	41915	8383	69812306
-16172	-1052	5114	2425	-12	176	89	185	175	8384	41920	8384	69812308
-16000	-1080	5266	2580	259	34	82	182	170	8385	41925	8385	69812310
-16064	-1614	5044	3433	527	-155	82	182	170	8386	41930	8386	69812311
-16200	-2030	4470	3598	611	-386	85	187	171	8387	41935	8387	69812312
-16418	-1838	4292	3536	647	-578	85	187	171	8388	41940	8388	69812344
-16908	-1052	4200	3447	539	-974	89	183	165	8389	41945	8389	69812400
-16810	-638	4274	3443	475	-1279	89	183	165	8390	41950	8390	69812400
-17642	-330	4802	3562	427	-1366	86	178	170	8391	41955	8391	69812401
-17632	-434	5136	3515	494	-1480	86	178	170	8392	41960	8392	69812401
-17328	-60	5322	3312	357	-1588	91	183	173	8393	41965	8393	69812401
-16974	904	5702	3521	264	-1697	91	183	173	8394	41970	8394	69812402
-17438	-110	4326	3938	-204	-1314	89	183	171	8395	41975	8395	69812403
-17316	86	4368	3511	270	-1066	89	183	171	8396	41980	8396	69812403
-17156	98	4794	3531	466	-918	88	184	174	8397	41985	8397	69812404
-16936	138	5068	3789	717	-771	88	184	174	8398	41990	8398	69812404
-17672	-442	5006	4118	713	-523	90	182	172	8399	41995	8399	69812405
-17458	-1036	5610	4509	1115	-226	90	182	172	8400	42000	8400	69812405
-16716	-1698	5716	4819	1643	-262	83	181	173	8401	42005	8401	69812406
-16444	-1794	5730	4718	1713	-417	83	181	173	8402	42010	8402	69812406
-16392	-2842	5616	4812	1511	-527	88	178	172	8403	42015	8403	69812407
-15668	-2358	6132	4444	1748	-765	88	178	172	8404	42020	8404	69812407
-15918	-2550	6358	4392	1685	-799	87	187	173	8405	42025	8405	69812407
-15810	-2180	6166	4093	1197	-810	87	187	173	8406	42030	8406	69812420
-15722	-886	5816	3759	796	-823	84	186	170	8407	42035	8407	69812454
-16424	-468	6054	3503	680	-826	84	186	170	8408	42040	8408	69812454
-17012	-1314	5342	3358	406	-448	90	182	164	8409	42045	8409	69812454
-16572	-646	5798	3147	513	-564	90	182	164	8410	42050	8410	69812455
-16642	-1038	5352	3181	384	-554	88	186	172	8411	42055	8411	69812455
-16778	-1024	4868	2721	121	-576	88	186	172	8412	42060	8412	69812456
-17108	-42	5496	2495	200	-718	88	182	170	8413	42065	8413	69812456
-17050	20	5356	2783	232	-701	88	182	170	8414	42070	8414	69812456
