-15912	-5390	1654	-1518	-264	319	-11	163	-43	4151	20755	4151	75174941
-15914	-5278	1724	-1547	-281	335	-10	172	-44	4152	20760	4152	75174942
-15966	-5398	1658	-1594	-281	368	-10	172	-44	4153	20765	4153	75174942
-16034	-5320	1654	-1645	-275	399	-12	170	-46	4154	20770	4154	75174942
-16106	-5346	1654	-1649	-234	412	-12	170	-46	4155	20775	4155	75174970
-16166	-5376	1648	-1655	-221	418	-16	170	-44	4156	20780	4156	75174971
-16102	-5382	1636	-1678	-159	423	-16	170	-44	4157	20785	4157	75174971
-15994	-5350	1622	-1708	-89	437	-9	167	-41	4158	20790	4158	75174972
-16022	-5360	1596	-1722	-65	434	-9	167	-41	4159	20795	4159	75174972
-16024	-5302	1668	-1770	-37	443	-17	165	-41	4160	20800	4160	75174973
-15898	-5286	1654	-1761	-90	430	-17	165	-41	4161	20805	4161	75174973
-15968	-5284	1680	-1749	-114	431	-15	165	-37	4162	20810	4162	75174973
-16050	-5222	1718	-1653	-182	433	-15	165	-37	4163	20815	4163	75174974
-16056	-5280	1726	-1530	-198	464	-14	174	-42	4164	20820	4164	75174975
-15990	-5278	1752	-1439	-204	483	-14	174	-42	4165	20825	4165	75174975
-16040	-5342	1662	-1285	-206	511	-13	167	-39	4166	20830	4166	75174976
-15918	-5450	1660	-1182	-201	555	-13	167	-39	4167	20835	4167	75174977
-15924	-5586	1642	-1165	-195	568	-12	166	-46	4168	20840	4168	75174978
-15906	-5690	1630	-1172	-201	596	-12	166	-46	4169	20845	4169	75174979
-15898	-5806	1634	-1255	-224	612	-15	169	-43	4170	20850	4170	75174979
-15984	-5876	1646	-1308	-242	615	-15	169	-43	4171	20855	4171	75174980
-15986	-5940	1694	-1438	-283	615	-10	166	-44	4172	20860	4172	75174980
-15998	-6022	1702	-1596	-336	638	-10	166	-44	4173	20865	4173	75174981
-16030	-6040	1722	-1706	-345	639	-10	170	-46	4174	20870	4174	75174981
-16034	-6050	1704	-1925	-402	667	-10	170	-46	4175	20875	4175	75174981
-16158	-6128	1714	-2178	-450	715	-10	172	-40	4176	20880	4176	75174992
-16182	-6086	1660	-2403	-500	773	-10	172	-40	4177	20885	4177	75174995
-16196	-5972	1786	-2505	-510	800	-22	164	-46	4178	20890	4178	75174995
-16284	-5780	1858	-2637	-550	841	-22	164	-46	4179	20895	4179	75174996
-16352	-5718	1904	-2707	-590	898	-14	170	-36	4180	20900	4180	75174996
-16368	-5712	1958	-2715	-611	925	-14	170	-36	4181	20905	4181	75175020
-16386	-5542	2004	-2698	-622	990	-17	165	-41	4182	20910	4182	75175020
-16426	-5410	2122	-2666	-611	1030	-17	165	-41	4183	20915	4183	75175049
-16380	-5348	2162	-2649	-598	1055	-21	167	-43	4184	20920	4184	75175049
-16322	-5264	2238	-2619	-539	1083	-21	167	-43	4185	20925	4185	75175050
-16328	-5114	2362	-2586	-442	1110	-18	168	-42	4186	20930	4186	75175051
-16278	-5118	2430	-2576	-394	1119	-18	168	-42	4187	20935	4187	75175052
-16140	-5078	2418	-2557	-272	1164	-24	166	-46	4188	20940	4188	75175053
-16036	-5004	2580	-2547	-128	1191	-24	166	-46	4189	20945	4189	75175053
-15968	-4910	2482	-2555	-69	1198	-15	171	-43	4190	20950	4190	75175054
-15840	-4872	2602	-2601	62	1218	-15	171	-43	4191	20955	4191	75175100
-15682	-4648	2738	-2673	207	1226	-20	166	-44	4192	20960	4192	75175184
-15596	-4622	2646	-2690	279	1224	-20	166	-44	4193	20965	4193	75175185
-15436	-4548	2694	-2692	439	1190	-16	170	-48	4194	20970	4194	75175185
-15266	-4398	2868	-2641	554	1136	-16	170	-48	4195	20975	4195	75175186
-15210	-4386	2926	-2620	601	1097	-16	168	-46	4196	20980	4196	75175186
-15210	-4368	2824	-2567	639	1005	-16	168	-46	4197	20985	4197	75175187
-15116	-4364	2940	-2532	697	902	-20	168	-46	4198	20990	4198	75175188
-15114	-4406	2996	-2559	772	781	-20	168	-46	4199	20995	4199	75175188
-15244	-4468	3018	-2599	826	725	-19	169	-43	4200	21000	4200	75175189
-15242	-4494	3056	-2757	905	600	-19	169	-43	4201	21005	4201	75175189
-15300	-4554	3172	-2986	941	513	-19	171	-49	4202	21010	4202	75175190
-15356	-4548	3244	-3156	937	458	-19	171	-49	4203	21015	4203	75175190
-15396	-4586	3362	-3539	857	348	-19	167	-47	4204	21020	4204	75175191
-15562	-4568	3394	-3929	779	244	-19	167	-47	4205	21025	4205	75175209
-15622	-4544	3458	-4131	728	186	-20	168	-48	4206	21030	4206	75175209
-15760	-4460	3554	-4548	625	85	-20	168	-48	4207	21035	4207	75175210
-15922	-4354	3542	-4953	517	7	-16	170	-48	4208	21040	4208	75175210
-15960	-4316	3542	-5152	461	-34	-16	170	-48	4209	21045	4209	75175211
-16092	-4128	3556	-5541	349	-102	-17	167	-49	4210	21050	4210	75175211
-16172	-3950	3528	-5903	195	-144	-17	167	-49	4211	21055	4211	75175211
-16232	-3910	3512	-6070	122	-175	-21	169	-51	4212	21060	4212	75175212
-16314	-3632	3496	-6341	-38	-221	-21	169	-51	4213	21065	4213	75175232
-16418	-3372	3520	-6501	-217	-293	-22	168	-48	4214	21070	4214	75175285
-16462	-3236	3478	-6541	-294	-336	-22	168	-48	4215	21075	4215	75175286
-16478	-2968	3452	-6543	-447	-442	-15	165	-51	4216	21080	4216	75175286
-16548	-2794	3330	-6427	-594	-548	-15	165	-51	4217	21085	4217	75175287
-16620	-2630	3284	-6330	-670	-601	-27	167	-47	4218	21090	4218	75175287
-16684	-2356	3174	-6070	-778	-758	-27	167	-47	4219	21095	4219	75175287
-16628	-2222	3132	-5710	-900	-906	-25	169	-43	4220	21100	4220	75175288
-16634	-2132	3144	-5260	-985	-1085	-25	169	-43	4221	21105	4221	75175288
-16838	-1912	2976	-4995	-1015	-1165	-21	167	-45	4222	21110	4222	75175289
-16852	-1746	2872	-4426	-1048	-1281	-21	167	-45	4223	21115	4223	75175290
-16892	-1584	2770	-3766	-1085	-1424	-22	168	-52	4224	21120	4224	75175291
-16924	-1490	2698	-3410	-1094	-1476	-22	168	-52	4225	21125	4225	75175292
-16968	-1420	2688	-2630	-1085	-1606	-23	165	-43	4226	21130	4226	75175293
-17062	-1402	2504	-1792	-1070	-1730	-23	165	-43	4227	21135	4227	75175293
-17094	-1402	2446	-1368	-1050	-1785	-20	172	-46	4228	21140	4228	75175294
-17082	-1540	2312	-497	-1006	-1912	-20	172	-46	4229	21145	4229	75175294
-17200	-1604	2342	356	-912	-2027	-32	160	-50	4230	21150	4230	75175295
-17234	-1682	2312	768	-856	-2076	-32	160	-50	4231	21155	4231	75175295
-17272	-1928	2174	1566	-725	-2142	-21	167	-45	4232	21160	4232	75175296
-17288	-2130	2180	2300	-591	-2202	-21	167	-45	4233	21165	4233	75175296
-17248	-2274	2116	2642	-510	-2226	-18	166	-44	4234	21170	4234	75175310
-17230	-2554	2018	3245	-346	-2237	-18	166	-44	4235	21175	4235	75175337
-17238	-2834	1952	3730	-153	-2220	-22	164	-40	4236	21180	4236	75175337
-17180	-2944	1978	3936	-49	-2201	-22	164	-40	4237	21185	4237	75175338
-17116	-3334	2072	4232	135	-2146	-16	170	-44	4238	21190	4238	75175338
-17012	-3628	2038	4384	365	-2047	-16	170	-44	4239	21195	4239	75175339
-16944	-3726	2008	4373	579	-1934	-23	163	-43	4240	21200	4240	75175339
-16796	-4048	2088	4342	676	-1871	-23	163	-43	4241	21205	4241	75175390
-16592	-4330	2100	4212	858	-1751	-21	165	-41	4242	21210	4242	75175391
-16580	-4474	2102	3978	1019	-1611	-21	165	-41	4243	21215	4243	75175392
-16360	-4630	2116	3827	1098	-1561	-16	166	-44	4244	21220	4244	75175392
-16216	-4860	2228	3452	1211	-1445	-16	166	-44	4245	21225	4245	75175393
-16126	-5034	2222	3004	1287	-1344	-12	164	-38	4246	21230	4246	75175393
-16010	-5142	2290	2756	1320	-1295	-12	164	-38	4247	21235	4247	75175394
-15930	-5272	2390	2210	1340	-1197	-16	170	-46	4248	21240	4248	75175394
-15764	-5260	2444	1626	1346	-1117	-16	170	-46	4249	21245	4249	75175394
-15674	-5304	2534	1317	1343	-1067	-23	165	-37	4250	21250	4250	75175395
-15586	-5342	2618	713	1302	-992	-23	165	-37	4251	21255	4251	75175397
-15446	-5234	2766	124	1240	-902	-15	167	-47	4252	21260	4252	75175398
-15402	-5284	2790	-173	1204	-865	-15	167	-47	4253	21265	4253	75175398
-15382	-5216	2910	-734	1124	-805	-15	169	-41	4254	21270	4254	75175399
-15294	-5148	2982	-1277	1037	-720	-15	169	-41	4255	21275	4255	75175495
-15264	-5094	3024	-1541	983	-700	-17	165	-47	4256	21280	4256	75175497
-15258	-4930	3246	-2038	899	-630	-17	165	-47	4257	21285	4257	75175498
-15248	-4806	3380	-2479	834	-585	-15	171	-41	4258	21290	4258	75175500
-15198	-4784	3368	-2689	806	-564	-15	171	-41	4259	21295	4259	75175501
-15136	-4652	3490	-3058	773	-520	-16	166	-48	4260	21300	4260	75175503
-15192	-4448	3710	-3347	699	-506	-16	166	-48	4261	21305	4261	75175504
-15196	-4356	3714	-3603	655	-487	-11	165	-47	4262	21310	4262	75175506
-15138	-4146	3716	-3692	634	-469	-11	165	-47	4263	21315	4263	75175508
-15100	-4088	3786	-3842	576	-468	-15	169	-43	4264	21320	4264	75175508
-15094	-3928	3852	-3958	512	-462	-15	169	-43	4265	21325	4265	75175575
-15088	-3796	3888	-3986	495	-470	-25	165	-39	4266	21330	4266	75175584
-15078	-3582	4062	-4006	420	-483	-25	165	-39	4267	21335	4267	75175585
-15082	-3400	3996	-3970	331	-519	-18	164	-46	4268	21340	4268	75175585
-15082	-3252	4014	-3916	293	-556	-18	164	-46	4269	21345	4269	75175586
-15116	-3070	4048	-3749	203	-636	-16	166	-44	4270	21350	4270	75175587
-15230	-2968	4058	-3528	163	-710	-16	166	-44	4271	21355	4271	75175588
-15220	-2844	4146	-3396	136	-764	-19	167	-45	4272	21360	4272	75175589
-15326	-2710	4124	-3111	97	-852	-19	167	-45	4273	21365	4273	75175590
-15294	-2652	4322	-2835	58	-906	-19	165	-33	4274	21370	4274	75175591
-15266	-2648	4316	-2686	41	-933	-19	165	-33	4275	21375	4275	75175591
-15360	-2634	4394	-2372	-15	-995	-19	167	-43	4276	21380	4276	75175595
-15402	-2584	4370	-2051	-48	-1042	-19	167	-43	4277	21385	4277	75175597
-15398	-2558	4424	-1886	-80	-1062	-20	168	-40	4278	21390	4278	75175627
-15492	-2520	4452	-1546	-115	-1130	-20	168	-40	4279	21395	4279	75175627
-15606	-2660	4420	-1233	-132	-1177	-12	170	-36	4280	21400	4280	75175628
-15696	-2704	4390	-1107	-114	-1199	-12	170	-36	4281	21405	4281	75175630
-15790	-2734	4444	-884	-88	-1259	-13	169	-43	4282	21410	4282	75175631
-15860	-2798	4482	-726	-55	-1331	-13	169	-43	4283	21415	4283	75175633
-15852	-2892	4342	-603	-73	-1381	-16	170	-42	4284	21420	4284	75175634
-15874	-2962	4438	-536	-78	-1409	-16	170	-42	4285	21425	4285	75175636
-16060	-2942	4382	-452	-132	-1465	-17	169	-39	4286	21430	4286	75175637
-16166	-2996	4282	-386	-221	-1531	-17	169	-39	4287	21435	4287	75175637
-16240	-2972	4250	-353	-285	-1572	-17	171	-39	4288	21440	4288	75175638
-16410	-2982	4126	-303	-385	-1635	-17	171	-39	4289	21445	4289	75175638
-16632	-2864	3992	-233	-369	-1641	-14	170	-40	4290	21450	4290	75175639
-16700	-2876	3918	-198	-351	-1655	-14	170	-40	4291	21455	4291	75175639
-16888	-2798	3900	-49	-309	-1711	-18	168	-36	4292	21460	4292	75175641
-16944	-2724	3664	165	-221	-1709	-18	168	-36	4293	21465	4293	75175641
-16994	-2616	3646	270	-162	-1700	-12	164	-38	4294	21470	4294	75175642
-17032	-2732	3444	515	-19	-1703	-12	164	-38	4295	21475	4295	75175642
-17108	-2726	3454	750	109	-1717	-13	169	-35	4296	21480	4296	75175643
-17052	-2790	3302	872	175	-1733	-13	169	-35	4297	21485	4297	75175643
-17178	-2874	3174	1110	326	-1751	-17	173	-37	4298	21490	4298	75175644
-17280	-2976	3002	1296	567	-1715	-17	173	-37	4299	21495	4299	75175645
-17312	-3044	2992	1364	702	-1717	-12	178	-30	4300	21500	4300	75175645
-17382	-3258	2976	1476	863	-1709	-12	178	-30	4301	21505	4301	75175646
-17408	-3416	2912	1524	946	-1745	-7	173	-35	4302	21510	4302	75175647
-17550	-3470	2924	1512	954	-1759	-7	173	-35	4303	21515	4303	75175655
-17748	-3678	2744	1451	917	-1775	-11	169	-35	4304	21520	4304	75175655
-17862	-3784	2498	1362	946	-1770	-11	169	-35	4305	21525	4305	75175655
-18002	-3788	2442	1320	1004	-1731	-11	167	-37	4306	21530	4306	75175656
-18104	-3772	2276	1318	1022	-1708	-11	167	-37	4307	21535	4307	75175702
-18134	-3860	2038	1339	1111	-1608	-14	174	-30	4308	21540	4308	75175706
-18170	-3876	1890	1379	1226	-1416	-14	174	-30	4309	21545	4309	75175707
-18038	-3910	1906	1390	1239	-1332	-6	174	-34	4310	21550	4310	75175707
-18078	-3912	1650	1415	1156	-1193	-6	174	-34	4311	21555	4311	75175707
-18032	-3968	1506	1471	1091	-1057	-12	174	-36	4312	21560	4312	75175731
-17974	-4026	1372	1503	1079	-968	-12	174	-36	4313	21565	4313	75175731
-17898	-4122	1118	1593	1035	-857	-11	171	-31	4314	21570	4314	75175732
-17972	-4142	854	1711	989	-769	-11	171	-31	4315	21575	4315	75175763
-17964	-4176	730	1769	984	-727	-12	168	-32	4316	21580	4316	75175763
-18020	-4248	472	1894	990	-679	-12	168	-32	4317	21585	4317	75175764
-17924	-4366	310	2014	1054	-580	-6	174	-34	4318	21590	4318	75175764
-17978	-4382	234	2072	1110	-494	-6	174	-34	4319	21595	4319	75175765
-17872	-4456	110	2145	1181	-389	-9	167	-29	4320	21600	4320	75175765
-17792	-4546	-26	2280	1133	-282	-9	167	-29	4321	21605	4321	75175765
-17864	-4516	-198	2380	1111	-212	-10	172	-30	4322	21610	4322	75175766
-17910	-4480	-414	2594	1126	-66	-10	172	-30	4323	21615	4323	75175766
-17858	-4520	-366	2914	1148	99	-11	173	-29	4324	21620	4324	75175766
-17914	-4504	-428	3117	1179	171	-11	173	-29	4325	21625	4325	75175767
-17892	-4568	-458	3604	1156	338	-6	174	-26	4326	21630	4326	75175767
-17904	-4696	-586	4161	1093	470	-6	174	-26	4327	21635	4327	75175768
-17858	-4790	-652	4773	1077	626	-10	170	-22	4328	21640	4328	75175781
-17942	-5110	-680	5058	1088	714	-10	170	-22	4329	21645	4329	75175781
-17900	-5452	-774	5594	1162	920	-7	173	-27	4330	21650	4330	75175782
-17912	-5618	-800	6077	1147	1064	-7	173	-27	4331	21655	4331	75175782
-17890	-6176	-988	6289	1115	1125	-3	167	-27	4332	21660	4332	75175783
-17806	-6630	-944	6603	1089	1300	-3	167	-27	4333	21665	4333	75175783
-17642	-7168	-1098	6819	1079	1497	-11	175	-29	4334	21670	4334	75175812
-17568	-7436	-1094	6891	1027	1582	-11	175	-29	4335	21675	4335	75175813
-17518	-7982	-1274	6905	897	1745	-9	173	-21	4336	21680	4336	75175814
-17416	-8464	-1204	6772	755	1958	-9	173	-21	4337	21685	4337	75175814
-17356	-8790	-1396	6620	682	2062	-3	173	-23	4338	21690	4338	75175814
-17114	-9390	-1508	6179	559	2300	-3	173	-23	4339	21695	4339	75175815
-16870	-9886	-1732	5531	442	2508	-13	167	-19	4340	21700	4340	75175816
-16764	-10156	-1868	5113	389	2627	-13	167	-19	4341	21705	4341	75175833
-16388	-10556	-2102	4092	294	2869	-7	171	-25	4342	21710	4342	75175834
-15862	-10830	-2244	2856	209	3088	-7	171	-25	4343	21715	4343	75175834
-15586	-10876	-2352	2164	140	3153	-3	167	-23	4344	21720	4344	75175834
-15054	-10852	-2582	712	-76	3242	-3	167	-23	4345	21725	4345	75175835
-14540	-10638	-2830	-719	-315	3324	-18	160	-24	4346	21730	4346	75175835
-14350	-10428	-2894	-1375	-433	3330	-18	160	-24	4347	21735	4347	75175835
-13950	-9950	-2964	-2532	-679	3295	-12	170	-24	4348	21740	4348	75175836
-13660	-9478	-3054	-3409	-937	3207	-12	170	-24	4349	21745	4349	75175836
-13498	-9216	-3112	-4046	-1166	3058	-11	175	-25	4350	21750	4350	75175917
-13398	-8710	-3164	-4262	-1281	2973	-11	175	-25	4351	21755	4351	75175920
-13408	-8296	-3010	-4496	-1467	2797	-11	173	-21	4352	21760	4352	75175920
-13514	-7964	-3074	-4549	-1563	2606	-11	173	-21	4353	21765	4353	75175921
-13576	-7862	-2898	-4526	-1587	2514	-10	176	-24	4354	21770	4354	75175921
-13792	-7700	-2868	-4414	-1614	2309	-10	176	-24	4355	21775	4355	75175921
-14036	-7622	-2772	-4263	-1619	2093	-10	172	-20	4356	21780	4356	75175968
-14158	-7572	-2712	-4186	-1618	1974	-10	172	-20	4357	21785	4357	75175969
-14420	-7494	-2470	-4054	-1616	1747	-12	174	-28	4358	21790	4358	75175969
-14732	-7556	-2500	-3970	-1536	1564	-12	174	-28	4359	21795	4359	75175969
-14880	-7500	-2476	-3937	-1483	1494	-21	173	-17	4360	21800	4360	75175996
-15150	-7492	-2218	-3880	-1400	1370	-21	173	-17	4361	21805	4361	75176023
-15422	-7412	-2106	-3838	-1354	1290	-13	175	-21	4362	21810	4362	75176024
-15550	-7352	-2040	-3815	-1307	1262	-13	175	-21	4363	21815	4363	75176025
-15770	-7206	-2000	-3723	-1242	1241	-15	167	-27	4364	21820	4364	75176025
-16018	-7080	-1982	-3553	-1148	1235	-15	167	-27	4365	21825	4365	75176026
-15986	-7032	-1872	-3466	-1082	1235	-15	175	-17	4366	21830	4366	75176026
-16050	-6884	-1982	-3233	-908	1279	-15	175	-17	4367	21835	4367	75176027
-16004	-6750	-1938	-3015	-709	1358	-12	172	-20	4368	21840	4368	75176028
-16004	-6704	-2048	-2884	-575	1413	-12	172	-20	4369	21845	4369	75176028
-15802	-6600	-2052	-2621	-332	1533	-16	178	-20	4370	21850	4370	75176028
-15632	-6528	-1998	-2280	-100	1640	-16	178	-20	4371	21855	4371	75176029
-15382	-6486	-2132	-1909	117	1749	-19	171	-23	4372	21860	4372	75176029
-15104	-6534	-2166	-1721	223	1790	-19	171	-23	4373	21865	4373	75176029
-14708	-6652	-2218	-1349	366	1842	-17	179	-21	4374	21870	4374	75176030
-14408	-6680	-2286	-1029	507	1860	-17	179	-21	4375	21875	4375	75176030
-14262	-6800	-2250	-877	565	1839	-18	176	-26	4376	21880	4376	75176031
-14040	-6912	-2252	-629	649	1790	-18	176	-26	4377	21885	4377	75176031
-13812	-7034	-1978	-420	688	1688	-20	176	-22	4378	21890	4378	75176032
-13706	-7122	-2006	-326	681	1609	-20	176	-22	4379	21895	4379	75176032
-13546	-7296	-1914	-167	661	1436	-22	176	-22	4380	21900	4380	75176033
-13502	-7342	-1626	-48	570	1246	-22	176	-22	4381	21905	4381	75176033
-13536	-7430	-1550	-4	517	1150	-17	175	-19	4382	21910	4382	75176034
-13622	-7602	-1386	52	419	971	-17	175	-19	4383	21915	4383	75176034
-13684	-7704	-1280	59	324	845	-15	179	-23	4384	21920	4384	75176034
-13708	-7794	-1162	40	278	795	-15	179	-23	4385	21925	4385	75176036
-13764	-7866	-1032	-13	207	712	-16	178	-20	4386	21930	4386	75176048
-13846	-7992	-956	-120	161	661	-16	178	-20	4387	21935	4387	75176051
-13906	-7926	-878	-180	148	644	-22	180	-22	4388	21940	4388	75176052
-13952	-7998	-682	-318	116	646	-22	180	-22	4389	21945	4389	75176052
-13944	-7982	-688	-448	60	645	-17	181	-19	4390	21950	4390	75176053
-13884	-8048	-580	-506	11	647	-17	181	-19	4391	21955	4391	75176054
-13786	-8126	-550	-625	-129	660	-17	177	-19	4392	21960	4392	75176126
-13814	-8154	-418	-738	-271	687	-17	177	-19	4393	21965	4393	75176126
-13836	-8176	-324	-815	-447	687	-19	171	-23	4394	21970	4394	75176126
-13878	-8212	-220	-855	-535	709	-19	171	-23	4395	21975	4395	75176131
-13968	-8266	-244	-956	-740	693	-20	176	-20	4396	21980	4396	75176131
-14080	-8308	-190	-1075	-960	677	-20	176	-20	4397	21985	4397	75176132
-14170	-8408	-182	-1153	-1037	666	-25	175	-15	4398	21990	4398	75176132
-14194	-8406	-98	-1353	-1180	681	-25	175	-15	4399	21995	4399	75176133
-14304	-8402	-38	-1588	-1269	690	-24	174	-18	4400	22000	4400	75176134
-14370	-8382	-112	-1703	-1321	699	-24	174	-18	4401	22005	4401	75176134
-14364	-8386	-150	-1948	-1430	708	-19	177	-17	4402	22010	4402	75176135
-14398	-8298	-138	-2187	-1593	721	-19	177	-17	4403	22015	4403	75176151
-14440	-8278	-74	-2319	-1647	716	-18	172	-22	4404	22020	4404	75176176
-14534	-8128	-64	-2589	-1790	712	-18	172	-22	4405	22025	4405	75176201
-14450	-8066	-62	-2817	-1919	692	-22	180	-18	4406	22030	4406	75176202
-14532	-8012	-42	-2919	-1985	682	-22	180	-18	4407	22035	4407	75176202
-14578	-7896	52	-3081	-2172	630	-21	177	-15	4408	22040	4408	75176203
-14574	-7732	82	-3173	-2367	560	-21	177	-15	4409	22045	4409	75176203
-14520	-7686	4	-3207	-2480	513	-18	178	-20	4410	22050	4410	75176203
-14672	-7516	128	-3237	-2667	447	-18	178	-20	4411	22055	4411	75176204
-14700	-7376	154	-3302	-2852	390	-23	179	-19	4412	22060	4412	75176204
-14742	-7262	278	-3347	-2932	363	-23	179	-19	4413	22065	4413	75176205
-14750	-7104	390	-3467	-3069	319	-16	176	-20	4414	22070	4414	75176206
-14832	-6934	514	-3604	-3191	269	-16	176	-20	4415	22075	4415	75176206
-14862	-6818	642	-3738	-3277	229	-16	174	-22	4416	22080	4416	75176207
-15004	-6508	670	-3799	-3308	213	-16	174	-22	4417	22085	4417	75176208
-14988	-6282	632	-3929	-3352	170	-22	174	-16	4418	22090	4418	75176209
-15034	-6078	710	-4033	-3353	118	-22	174	-16	4419	22095	4419	75176209
-15102	-6006	728	-4074	-3348	97	-26	176	-18	4420	22100	4420	75176210
-15184	-5710	682	-4142	-3310	70	-26	176	-18	4421	22105	4421	75176210
-15204	-5428	718	-4159	-3212	59	-17	173	-15	4422	22110	4422	75176210
-15184	-5418	618	-4142	-3165	76	-17	173	-15	4423	22115	4423	75176211
-15182	-5106	664	-4067	-3099	98	-22	174	-10	4424	22120	4424	75176255
-15248	-4914	746	-3924	-3034	129	-22	174	-10	4425	22125	4425	75176255
-15284	-4828	722	-3854	-3017	149	-22	174	-16	4426	22130	4426	75176256
-15250	-4714	722	-3671	-2980	169	-22	174	-16	4427	22135	4427	75176256
-15192	-4634	590	-3440	-2930	199	-12	176	-16	4428	22140	4428	75176256
-15198	-4518	630	-3319	-2904	220	-12	176	-16	4429	22145	4429	75176257
-15152	-4420	644	-3080	-2871	230	-22	174	-12	4430	22150	4430	75176257
-15130	-4348	584	-2826	-2878	244	-22	174	-12	4431	22155	4431	75176257
-15140	-4302	556	-2699	-2883	247	-23	177	-13	4432	22160	4432	75176258
-15226	-4272	478	-2444	-2892	259	-23	177	-13	4433	22165	4433	75176258
-15260	-4172	488	-2177	-2874	248	-29	173	-13	4434	22170	4434	75176332
-15318	-4114	474	-2035	-2873	242	-29	173	-13	4435	22175	4435	75176332
-15466	-4110	412	-1786	-2888	188	-19	177	-13	4436	22180	4436	75176333
-15506	-4138	318	-1525	-2869	183	-19	177	-13	4437	22185	4437	75176333
-15574	-4100	296	-1285	-2757	189	-22	180	-8	4438	22190	4438	75176334
-15640	-4090	256	-1164	-2704	193	-22	180	-8	4439	22195	4439	75176382
-15664	-4084	120	-937	-2632	204	-26	174	-12	4440	22200	4440	75176385
-15756	-4092	94	-694	-2624	206	-26	174	-12	4441	22205	4441	75176386
-15790	-4026	120	-580	-2621	202	-20	174	-10	4442	22210	4442	75176387
-15980	-4076	30	-344	-2628	223	-20	174	-10	4443	22215	4443	75176387
-16064	-4064	-26	-95	-2595	230	-18	178	-18	4444	22220	4444	75176388
-16148	-4030	-32	30	-2546	261	-18	178	-18	4445	22225	4445	75176388
-16302	-4062	-36	303	-2400	317	-24	176	-8	4446	22230	4446	75176389
-16364	-4022	-92	597	-2214	379	-24	176	-8	4447	22235	4447	75176389
-16486	-3998	-174	758	-2118	417	-22	176	-10	4448	22240	4448	75176390
-16504	-3958	-64	1095	-1943	495	-22	176	-10	4449	22245	4449	75176390
-16624	-4048	-104	1481	-1756	522	-21	177	-13	4450	22250	4450	75176390
-16640	-4068	-122	1677	-1685	546	-21	177	-13	4451	22255	4451	75176391
-16746	-4244	-174	2058	-1512	558	-18	180	-12	4452	22260	4452	75176393
-16788	-4346	-106	2411	-1339	572	-18	180	-12	4453	22265	4453	75176394
-16788	-4460	-156	2554	-1235	586	-18	174	-10	4454	22270	4454	75176409
-16840	-4680	-222	2765	-1044	605	-18	174	-10	4455	22275	4455	75176437
-16884	-4856	-132	2890	-853	624	-23	177	-7	4456	22280	4456	75176438
-16856	-4894	-98	2931	-771	641	-23	177	-7	4457	22285	4457	75176438
-16970	-4998	-112	2985	-667	661	-21	173	-13	4458	22290	4458	75176438
-17064	-5154	-50	3025	-599	629	-21	173	-13	4459	22295	4459	75176439
-17082	-5214	54	3022	-540	591	-23	177	-9	4460	22300	4460	75176439
-17346	-5326	160	3016	-530	590	-23	177	-9	4461	22305	4461	75176440
-17526	-5452	284	2993	-459	581	-20	178	-10	4462	22310	4462	75176441
-17758	-5600	414	2946	-372	588	-20	178	-10	4463	22315	4463	75176442
-17810	-5594	454	2896	-327	613	-22	180	-10	4464	22320	4464	75176443
-17920	-5718	582	2741	-168	700	-22	180	-10	4465	22325	4465	75176489
-17946	-5740	696	2515	48	829	-28	178	-8	4466	22330	4466	75176489
-18026	-5734	676	2386	150	900	-28	178	-8	4467	22335	4467	75176490
-17796	-5654	628	2139	385	1080	-21	179	-9	4468	22340	4468	75176491
-17552	-5554	844	1912	602	1230	-21	179	-9	4469	22345	4469	75176491
-17374	-5432	908	1811	673	1290	-22	180	-4	4470	22350	4470	75176492
-17220	-5350	962	1704	838	1398	-22	180	-4	4471	22355	4471	75176492
-16870	-5176	878	1697	991	1470	-26	176	-14	4472	22360	4472	75176492
-16718	-5102	894	1727	1045	1474	-26	176	-14	4473	22365	4473	75176493
-16564	-4986	1042	1877	1166	1474	-20	176	-8	4474	22370	4474	75176493
-16436	-4922	1086	2069	1267	1422	-20	176	-8	4475	22375	4475	75176540
-16330	-4914	1150	2165	1322	1389	-27	177	-7	4476	22380	4476	75176541
-16230	-4928	1164	2337	1456	1336	-27	177	-7	4477	22385	4477	75176541
-16176	-4912	1248	2483	1584	1268	-23	177	-9	4478	22390	4478	75176542
-16144	-4956	1372	2526	1653	1256	-23	177	-9	4479	22395	4479	75176542
-16076	-5054	1466	2631	1767	1216	-25	183	-7	4480	22400	4480	75176543
-15954	-5126	1552	2679	1847	1194	-25	183	-7	4481	22405	4481	75176543
-15922	-5214	1634	2672	1876	1146	-21	179	-9	4482	22410	4482	75176544
-15836	-5268	1714	2669	1867	1135	-21	179	-9	4483	22415	4483	75176545
-15778	-5390	1690	2610	1841	1082	-25	179	-13	4484	22420	4484	75176545
-15828	-5336	1776	2554	1802	1031	-25	179	-13	4485	22425	4485	75176546
-15744	-5522	1844	2519	1793	994	-14	176	-12	4486	22430	4486	75176547
-15812	-5534	1990	2420	1725	919	-14	176	-12	4487	22435	4487	75176547
-16006	-5566	2192	2309	1623	810	-22	174	-6	4488	22440	4488	75176547
-16098	-5648	2196	2248	1573	758	-22	174	-6	4489	22445	4489	75176548
-16234	-5716	2202	2088	1474	665	-25	181	-13	4490	22450	4490	75176562
-16408	-5682	2262	1885	1472	618	-25	181	-13	4491	22455	4491	75176614
-16482	-5662	2258	1791	1489	591	-26	178	-10	4492	22460	4492	75176616
-16604	-5680	2280	1633	1545	551	-26	178	-10	4493	22465	4493	75176620
-16616	-5666	2152	1480	1580	529	-20	180	-10	4494	22470	4494	75176620
-16558	-5596	2164	1405	1606	531	-20	180	-10	4495	22475	4495	75176621
-16620	-5566	2170	1279	1675	541	-26	176	-12	4496	22480	4496	75176621
-16596	-5456	2164	1197	1713	526	-26	176	-12	4497	22485	4497	75176642
-16546	-5374	2090	1184	1709	508	-21	173	-11	4498	22490	4498	75176697
-16492	-5238	1952	1243	1684	466	-21	173	-11	4499	22495	4499	75176697
-16564	-5176	1796	1425	1683	436	-28	182	-10	4500	22500	4500	75176697
-16630	-5164	1796	1532	1693	412	-28	182	-10	4501	22505	4501	75176698
-16682	-5118	1788	1792	1713	330	-21	171	-7	4502	22510	4502	75176698
-16630	-5138	1498	2037	1760	275	-21	171	-7	4503	22515	4503	75176700
-16520	-5172	1412	2233	1901	269	-25	173	-7	4504	22520	4504	75176700
-16452	-5228	1320	2332	1958	264	-25	173	-7	4505	22525	4505	75176701
-16206	-5216	1218	2505	2054	247	-23	181	-15	4506	22530	4506	75176702
-16174	-5222	1180	2707	2078	223	-23	181	-15	4507	22535	4507	75176720
-15962	-5314	1010	2806	2079	220	-28	178	-18	4508	22540	4508	75176721
-15782	-5430	808	3024	2060	177	-28	178	-18	4509	22545	4509	75176721
-15638	-5588	680	3247	2041	128	-22	176	-12	4510	22550	4510	75176722
-15686	-5688	622	3345	2026	91	-22	176	-12	4511	22555	4511	75176722
-15580	-5884	526	3492	2005	40	-20	180	-12	4512	22560	4512	75176723
-15578	-6098	382	3530	2004	-22	-20	180	-12	4513	22565	4513	75176724
-15480	-6304	380	3520	1981	-75	-25	177	-15	4514	22570	4514	75176724
-15532	-6612	368	3386	1944	-168	-25	177	-15	4515	22575	4515	75176725
-15496	-6880	344	3138	1874	-246	-22	178	-14	4516	22580	4516	75176725
-15538	-6966	300	2975	1836	-288	-22	178	-14	4517	22585	4517	75176725
-15558	-7162	108	2567	1728	-354	-30	180	-16	4518	22590	4518	75176726
-15572	-7262	238	2082	1607	-390	-30	180	-16	4519	22595	4519	75176726
-15636	-7262	142	1818	1527	-418	-24	178	-16	4520	22600	4520	75176745
-15706	-7324	112	1285	1339	-467	-24	178	-16	4521	22605	4521	75176745
-15952	-7258	120	798	1184	-501	-32	178	-20	4522	22610	4522	75176771
-15952	-7198	78	576	1119	-502	-32	178	-20	4523	22615	4523	75176772
-16054	-6972	106	151	1008	-494	-20	178	-12	4524	22620	4524	75176772
-16150	-6778	2	-176	903	-495	-20	178	-12	4525	22625	4525	75176773
-16230	-6620	34	-378	828	-493	-23	175	-19	4526	22630	4526	75176774
-16274	-6362	34	-445	830	-489	-23	175	-19	4527	22635	4527	75176775
-16304	-5978	30	-499	886	-476	-23	177	-23	4528	22640	4528	75176777
-16244	-5732	-26	-391	991	-450	-23	177	-23	4529	22645	4529	75176778
-16214	-5556	104	-275	1043	-449	-23	177	-15	4530	22650	4530	75176778
-16158	-5324	92	91	1159	-434	-23	177	-15	4531	22655	4531	75176779
-15988	-5132	166	605	1302	-379	-19	175	-17	4532	22660	4532	75176779
-15894	-5090	60	869	1393	-353	-19	175	-17	4533	22665	4533	75176779
-15668	-4916	60	1475	1555	-307	-20	180	-16	4534	22670	4534	75176780
-15504	-4978	162	2118	1719	-262	-20	180	-16	4535	22675	4535	75176780
-15308	-4942	210	2435	1809	-241	-22	180	-18	4536	22680	4536	75176781
-15054	-4942	184	3069	1983	-222	-22	180	-18	4537	22685	4537	75176798
-14808	-5152	116	3705	2177	-246	-30	172	-16	4538	22690	4538	75176798
-14678	-5290	258	3970	2241	-272	-30	172	-16	4539	22695	4539	75176799
-14526	-5466	358	4437	2381	-311	-20	180	-22	4540	22700	4540	75176799
-14390	-5794	458	4803	2450	-376	-20	180	-22	4541	22705	4541	75176800
-14324	-6022	476	4938	2470	-416	-20	180	-18	4542	22710	4542	75176800
-14336	-6254	582	5082	2503	-469	-20	180	-18	4543	22715	4543	75176800
-14372	-6510	646	5052	2497	-500	-24	174	-22	4544	22720	4544	75176852
-14328	-6666	674	4976	2514	-484	-24	174	-22	4545	22725	4545	75176852
-14340	-6944	778	4744	2549	-440	-19	175	-17	4546	22730	4546	75176853
-14272	-7078	712	4414	2558	-395	-19	175	-17	4547	22735	4547	75176854
-14228	-7184	844	4012	2494	-338	-24	174	-12	4548	22740	4548	75176855
-14194	-7418	976	3810	2427	-308	-24	174	-12	4549	22745	4549	75176856
-14226	-7596	1076	3372	2308	-258	-16	178	-20	4550	22750	4550	75176857
-14212	-7642	922	2785	2177	-177	-16	178	-20	4551	22755	4551	75176857
-14264	-7700	976	2432	2127	-132	-22	174	-14	4552	22760	4552	75176857
-14242	-7612	976	1799	2015	-64	-22	174	-14	4553	22765	4553	75176927
-14268	-7522	1052	1284	1894	-66	-29	177	-21	4554	22770	4554	75176952
-14318	-7486	1002	1076	1807	-76	-29	177	-21	4555	22775	4555	75176963
-14386	-7324	1060	709	1642	-90	-16	178	-22	4556	22780	4556	75176964
-14514	-7340	1004	409	1488	-98	-16	178	-22	4557	22785	4557	75176978
-14610	-7300	990	274	1418	-79	-16	174	-22	4558	22790	4558	75177004
-14644	-7184	1048	19	1250	-62	-16	174	-22	4559	22795	4559	75177005
-14832	-7038	1022	-198	1072	-57	-22	180	-20	4560	22800	4560	75177005
-14838	-6952	1000	-262	979	-64	-22	180	-20	4561	22805	4561	75177006
-14984	-6814	996	-306	834	-60	-19	183	-21	4562	22810	4562	75177006
-15142	-6692	1006	-227	763	-100	-19	183	-21	4563	22815	4563	75177006
-15154	-6624	906	-164	723	-94	-20	184	-20	4564	22820	4564	75177007
-15122	-6552	788	-34	729	-72	-20	184	-20	4565	22825	4565	75177007
-15110	-6560	614	74	713	-9	-15	177	-19	4566	22830	4566	75177007
-15086	-6560	638	128	686	-5	-15	177	-19	4567	22835	4567	75177008
-14920	-6446	502	267	622	52	-16	176	-20	4568	22840	4568	75177008
-14772	-6476	400	430	540	90	-16	176	-20	4569	22845	4569	75177009
-14658	-6410	346	606	437	96	-20	180	-20	4570	22850	4570	75177009
-14650	-6486	236	675	391	102	-20	180	-20	4571	22855	4571	75177009
-14590	-6456	100	788	307	97	-17	181	-21	4572	22860	4572	75177010
-14486	-6506	-4	859	229	90	-17	181	-21	4573	22865	4573	75177010
-14400	-6550	-90	889	185	79	-23	177	-19	4574	22870	4574	75177081
-14398	-6596	-62	938	45	51	-23	177	-19	4575	22875	4575	75177082
-14454	-6606	-240	945	-102	37	-16	178	-22	4576	22880	4576	75177082
-14436	-6624	-238	937	-177	31	-16	178	-22	4577	22885	4577	75177083
-14416	-6650	-290	911	-298	28	-15	179	-21	4578	22890	4578	75177083
-14388	-6724	-340	832	-412	23	-15	179	-21	4579	22895	4579	75177083
-14358	-6768	-334	780	-471	49	-17	175	-15	4580	22900	4580	75177084
-14414	-6798	-434	606	-597	85	-17	175	-15	4581	22905	4581	75177084
-14414	-6778	-382	410	-704	113	-21	175	-23	4582	22910	4582	75177085
-14420	-6794	-446	306	-763	140	-21	175	-23	4583	22915	4583	75177085
-14550	-6734	-486	119	-873	167	-16	174	-22	4584	22920	4584	75177085
-14666	-6686	-464	-23	-978	176	-16	174	-22	4585	22925	4585	75177086
-14674	-6668	-518	-80	-1016	194	-17	179	-15	4586	22930	4586	75177086
-14670	-6646	-376	-178	-1077	221	-17	179	-15	4587	22935	4587	75177108
-14682	-6680	-410	-238	-1134	234	-17	171	-21	4588	22940	4588	75177109
-14744	-6616	-408	-268	-1192	248	-17	171	-21	4589	22945	4589	75177110
-14764	-6648	-386	-315	-1249	271	-22	178	-16	4590	22950	4590	75177135
-14832	-6680	-484	-346	-1253	293	-22	178	-16	4591	22955	4591	75177135
-14868	-6630	-514	-336	-1252	304	-15	177	-15	4592	22960	4592	75177135
-14980	-6612	-502	-355	-1255	301	-15	177	-15	4593	22965	4593	75177136
-15070	-6616	-556	-370	-1256	309	-15	175	-15	4594	22970	4594	75177136
-15158	-6614	-690	-376	-1230	346	-15	175	-15	4595	22975	4595	75177136
-15176	-6612	-768	-361	-1199	362	-20	174	-18	4596	22980	4596	75177137
-15192	-6638	-844	-328	-1131	411	-20	174	-18	4597	22985	4597	75177137
-15218	-6638	-932	-266	-1078	447	-14	176	-24	4598	22990	4598	75177138
-15322	-6664	-1032	-220	-1048	465	-14	176	-24	4599	22995	4599	75177138
-15170	-6656	-1032	-63	-946	493	-14	174	-22	4600	23000	4600	75177182
-15092	-6610	-1164	113	-841	517	-14	174	-22	4601	23005	4601	75177189
-15004	-6700	-1214	213	-803	519	-15	177	-17	4602	23010	4602	75177190
-14860	-6672	-1224	408	-757	485	-15	177	-17	4603	23015	4603	75177190
-14770	-6712	-1312	639	-722	447	-16	174	-20	4604	23020	4604	75177191
-14736	-6780	-1372	757	-720	440	-16	174	-20	4605	23025	4605	75177191
-14664	-6678	-1474	1011	-712	406	-17	177	-17	4606	23030	4606	75177193
-14590	-6712	-1454	1274	-723	358	-17	177	-17	4607	23035	4607	75177193
-14524	-6806	-1484	1388	-720	349	-10	174	-22	4608	23040	4608	75177194
-14534	-6902	-1424	1570	-736	322	-10	174	-22	4609	23045	4609	75177194
-14508	-7016	-1294	1684	-745	299	-18	180	-26	4610	23050	4610	75177195
-14516	-7102	-1312	1706	-755	289	-18	180	-26	4611	23055	4611	75177195
-14498	-7278	-1362	1687	-759	310	-20	178	-20	4612	23060	4612	75177196
-14384	-7414	-1320	1572	-755	361	-20	178	-20	4613	23065	4613	75177234
-14350	-7508	-1318	1376	-774	422	-16	176	-20	4614	23070	4614	75177235
-14284	-7550	-1330	1245	-776	456	-16	176	-20	4615	23075	4615	75177235
-14216	-7618	-1342	989	-811	551	-16	176	-20	4616	23080	4616	75177235
-14178	-7592	-1294	735	-821	631	-16	176	-20	4617	23085	4617	75177236
-14088	-7508	-1208	603	-812	667	-17	177	-23	4618	23090	4618	75177236
-14048	-7516	-1202	403	-859	741	-17	177	-23	4619	23095	4619	75177236
-14072	-7416	-1272	247	-934	771	-15	173	-23	4620	23100	4620	75177287
-14116	-7398	-1130	195	-966	775	-15	173	-23	4621	23105	4621	75177287
-14232	-7356	-1144	132	-1058	777	-18	176	-22	4622	23110	4622	75177320
-14338	-7308	-1026	122	-1163	765	-18	176	-22	4623	23115	4623	75177321
-14412	-7334	-1002	124	-1209	759	-16	178	-18	4624	23120	4624	75177322
-14576	-7364	-958	145	-1317	742	-16	178	-18	4625	23125	4625	75177323
-14790	-7462	-860	106	-1398	718	-15	177	-15	4626	23130	4626	75177323
-14890	-7542	-942	62	-1444	722	-15	177	-15	4627	23135	4627	75177324
-15108	-7598	-724	-84	-1489	711	-13	177	-17	4628	23140	4628	75177325
-15244	-7560	-612	-253	-1519	722	-13	177	-17	4629	23145	4629	75177326
-15256	-7652	-518	-341	-1528	733	-15	181	-21	4630	23150	4630	75177327
-15374	-7660	-488	-550	-1556	780	-15	181	-21	4631	23155	4631	75177328
-15464	-7542	-382	-769	-1592	829	-18	170	-22	4632	23160	4632	75177329
-15448	-7552	-342	-869	-1613	870	-18	170	-22	4633	23165	4633	75177330
-15566	-7504	-288	-1095	-1668	905	-11	179	-25	4634	23170	4634	75177331
-15656	-7366	-392	-1278	-1766	939	-11	179	-25	4635	23175	4635	75177332
-15670	-7310	-300	-1403	-1841	905	-11	177	-15	4636	23180	4636	75177333
-15794	-7164	-354	-1441	-1884	892	-11	177	-15	4637	23185	4637	75177335
-16036	-7118	-346	-1497	-1939	850	-15	175	-21	4638	23190	4638	75177336
-16274	-7030	-224	-1555	-2015	776	-15	175	-21	4639	23195	4639	75177336
-16310	-6982	-118	-1580	-2048	756	-15	171	-17	4640	23200	4640	75177337
-16680	-6944	-178	-1670	-2070	688	-15	171	-17	4641	23205	4641	75177341
-16912	-6892	-6	-1770	-2068	620	-21	171	-17	4642	23210	4642	75177364
-17056	-6892	-70	-1811	-2060	581	-21	171	-17	4643	23215	4643	75177364
-17178	-6806	52	-1893	-2029	523	-12	174	-20	4644	23220	4644	75177365
-17418	-6696	222	-1990	-1968	478	-12	174	-20	4645	23225	4645	75177365
-17432	-6620	138	-2041	-1922	455	-14	174	-16	4646	23230	4646	75177366
-17480	-6520	282	-2167	-1840	444	-14	174	-16	4647	23235	4647	75177367
-17478	-6434	430	-2288	-1749	434	-10	180	-18	4648	23240	4648	75177368
-17524	-6464	546	-2341	-1736	431	-10	180	-18	4649	23245	4649	75177369
-17512	-6320	636	-2485	-1691	432	-14	182	-20	4650	23250	4650	75177369
-17444	-6214	738	-2674	-1653	480	-14	182	-20	4651	23255	4651	75177370
-17442	-6066	712	-2791	-1633	487	-17	179	-17	4652	23260	4652	75177370
-17302	-5866	842	-3015	-1581	529	-17	179	-17	4653	23265	4653	75177370
-17154	-5732	946	-3189	-1528	528	-16	180	-16	4654	23270	4654	75177392
-17116	-5652	1036	-3249	-1500	525	-16	180	-16	4655	23275	4655	75177393
-17024	-5444	1120	-3334	-1458	529	-12	178	-18	4656	23280	4656	75177415
-16912	-5310	1206	-3375	-1454	521	-12	178	-18	4657	23285	4657	75177418
-16854	-5330	1414	-3403	-1497	483	-13	173	-23	4658	23290	4658	75177418
-16896	-5212	1538	-3413	-1529	445	-13	173	-23	4659	23295	4659	75177419
-16960	-5172	1796	-3415	-1616	342	-10	178	-22	4660	23300	4660	75177419
-17126	-5130	2048	-3441	-1693	234	-10	178	-22	4661	23305	4661	75177420
-17142	-5088	2030	-3467	-1725	158	-8	176	-22	4662	23310	4662	75177421
-17346	-5074	2348	-3536	-1794	41	-8	176	-22	4663	23315	4663	75177421
-17522	-5026	2494	-3655	-1831	-95	-16	176	-18	4664	23320	4664	75177421
-17670	-5016	2712	-3721	-1855	-141	-16	176	-18	4665	23325	4665	75177422
-17868	-4932	2828	-3856	-1878	-208	-7	173	-17	4666	23330	4666	75177423
-18062	-4954	2930	-3965	-1917	-237	-7	173	-17	4667	23335	4667	75177495
-18178	-4914	3124	-4017	-1924	-233	-16	172	-22	4668	23340	4668	75177522
-18300	-4826	3234	-4148	-1907	-192	-16	172	-22	4669	23345	4669	75177523
-18364	-4696	3348	-4264	-1907	-149	-11	175	-23	4670	23350	4670	75177523
-18454	-4642	3370	-4309	-1874	-104	-11	175	-23	4671	23355	4671	75177523
-18464	-4484	3336	-4361	-1811	-6	-12	174	-28	4672	23360	4672	75177524
-18380	-4236	3446	-4336	-1741	105	-12	174	-28	4673	23365	4673	75177524
-18356	-4136	3494	-4274	-1711	146	-18	174	-26	4674	23370	4674	75177525
-18324	-3874	3444	-4049	-1687	202	-18	174	-26	4675	23375	4675	75177525
-18274	-3706	3400	-3677	-1675	226	-11	171	-27	4676	23380	4676	75177525
-18256	-3542	3422	-3465	-1658	221	-11	171	-27	4677	23385	4677	75177526
-18246	-3370	3292	-2960	-1650	179	-11	171	-23	4678	23390	4678	75177527
-18220	-3244	3294	-2417	-1587	139	-11	171	-23	4679	23395	4679	75177527
-18268	-3216	3194	-1893	-1472	92	-12	172	-26	4680	23400	4680	75177528
-18204	-3216	3176	-1638	-1400	84	-12	172	-26	4681	23405	4681	75177529
-18086	-3158	3186	-1180	-1235	43	-14	172	-32	4682	23410	4682	75177529
-17888	-3168	3054	-785	-1064	40	-14	172	-32	4683	23415	4683	75177530
-17764	-3122	3066	-606	-984	43	-18	172	-28	4684	23420	4684	75177574
-17614	-3146	2844	-265	-790	65	-18	172	-28	4685	23425	4685	75177578
-17352	-3190	2796	39	-617	84	-11	173	-29	4686	23430	4686	75177579
-17242	-3206	2790	183	-535	107	-11	173	-29	4687	23435	4687	75177579
-17118	-3330	2744	430	-375	112	-10	176	-24	4688	23440	4688	75177580
-16960	-3370	2642	667	-203	119	-10	176	-24	4689	23445	4689	75177581
-16930	-3494	2614	737	-122	122	-10	166	-26	4690	23450	4690	75177582
-16718	-3682	2546	811	50	118	-10	166	-26	4691	23455	4691	75177583
-16680	-3860	2538	752	248	126	-12	170	-28	4692	23460	4692	75177583
-16644	-4022	2540	660	338	134	-12	170	-28	4693	23465	4693	75177584
-16632	-4248	2508	417	480	142	-11	171	-31	4694	23470	4694	75177585
-16586	-4326	2544	59	637	177	-11	171	-31	4695	23475	4695	75177585
-16470	-4438	2576	-158	696	204	-8	170	-32	4696	23480	4696	75177586
-16474	-4526	2520	-680	811	272	-8	170	-32	4697	23485	4697	75177586
-16452	-4574	2508	-1242	873	360	-12	174	-32	4698	23490	4698	75177597
-16410	-4546	2420	-1821	938	444	-12	174	-32	4699	23495	4699	75177625
-16322	-4386	2534	-2104	968	484	-9	171	-31	4700	23500	4700	75177625
-16304	-4242	2498	-2588	1027	569	-9	171	-31	4701	23505	4701	75177626
-16302	-4260	2616	-2986	1097	646	-8	168	-38	4702	23510	4702	75177626
-16186	-4188	2558	-3179	1144	675	-8	168	-38	4703	23515	4703	75177626
-16120	-4094	2540	-3540	1238	723	-12	170	-32	4704	23520	4704	75177709
-16084	-3978	2504	-3845	1334	791	-12	170	-32	4705	23525	4705	75177709
-15992	-3874	2538	-3975	1368	801	-17	173	-33	4706	23530	4706	75177709
-15918	-3868	2526	-4193	1420	816	-17	173	-33	4707	23535	4707	75177710
-15830	-3692	2580	-4356	1421	811	-13	167	-35	4708	23540	4708	75177710
-15838	-3692	2584	-4436	1408	800	-13	167	-35	4709	23545	4709	75177710
-15764	-3590	2734	-4588	1353	757	-18	170	-28	4710	23550	4710	75177711
-15858	-3640	2876	-4720	1273	668	-18	170	-28	4711	23555	4711	75177711
-15922	-3606	2834	-4766	1222	620	-13	173	-33	4712	23560	4712	75177711
-16090	-3596	3084	-4919	1153	539	-13	173	-33	4713	23565	4713	75177712
-16166	-3604	3142	-5052	1078	445	-10	172	-36	4714	23570	4714	75177749
-16294	-3570	3200	-5137	1044	425	-10	172	-36	4715	23575	4715	75177749
-16414	-3646	3354	-5311	961	346	-13	167	-45	4716	23580	4716	75177750
-16524	-3562	3394	-5501	898	327	-13	167	-45	4717	23585	4717	75177752
-16616	-3534	3436	-5603	857	334	-10	166	-42	4718	23590	4718	75177753
-16626	-3446	3522	-5801	821	382	-10	166	-42	4719	23595	4719	75177754
-16650	-3390	3586	-5988	799	446	-22	164	-40	4720	23600	4720	75177755
-16608	-3318	3538	-6193	806	542	-22	164	-40	4721	23605	4721	75177755
-16460	-3178	3528	-6287	818	593	-10	174	-38	4722	23610	4722	75177756
-16324	-2988	3510	-6424	820	686	-10	174	-38	4723	23615	4723	75177757
-16204	-2896	3418	-6511	827	773	-10	172	-44	4724	23620	4724	75177757
-15938	-2676	3564	-6531	819	807	-10	172	-44	4725	23625	4725	75177758
-15632	-2418	3526	-6481	790	834	-15	169	-45	4726	23630	4726	75177759
-15370	-2136	3348	-6362	762	807	-15	169	-45	4727	23635	4727	75177759
-15274	-2096	3420	-6264	738	772	-15	165	-45	4728	23640	4728	75177759
-15202	-1858	3428	-6031	643	679	-15	165	-45	4729	23645	4729	75177760
-15184	-1736	3514	-5734	539	542	-13	165	-47	4730	23650	4730	75177760
-15158	-1650	3550	-5578	492	481	-13	165	-47	4731	23655	4731	75177760
-15102	-1534	3464	-5253	437	356	-16	172	-48	4732	23660	4732	75177762
-15130	-1532	3418	-4956	429	276	-16	172	-48	4733	23665	4733	75177762
-15134	-1460	3404	-4826	458	237	-11	169	-41	4734	23670	4734	75177763
-15042	-1410	3460	-4579	495	173	-11	169	-41	4735	23675	4735	75177778
-14878	-1338	3502	-4310	517	106	-20	164	-56	4736	23680	4736	75177804
-14868	-1386	3570	-4176	507	59	-20	164	-56	4737	23685	4737	75177804
-14846	-1312	3552	-3859	447	-54	-16	166	-48	4738	23690	4738	75177805
-14922	-1330	3638	-3499	308	-179	-16	166	-48	4739	23695	4739	75177829
-14930	-1332	3618	-3321	243	-255	-20	166	-42	4740	23700	4740	75177830
-15022	-1370	3702	-2956	84	-413	-20	166	-42	4741	23705	4741	75177909
-15222	-1376	3738	-2622	-94	-590	-21	167	-47	4742	23710	4742	75177910
-15332	-1432	3744	-2327	-243	-750	-21	167	-47	4743	23715	4743	75177910
-15588	-1454	3666	-2182	-309	-832	-20	168	-52	4744	23720	4744	75177910
-15766	-1500	3670	-1931	-437	-976	-20	168	-52	4745	23725	4745	75177911
-15904	-1468	3680	-1677	-572	-1090	-17	169	-47	4746	23730	4746	75177912
-16128	-1438	3716	-1540	-628	-1134	-17	169	-47	4747	23735	4747	75177912
-16230	-1446	3780	-1272	-756	-1234	-20	162	-50	4748	23740	4748	75177914
-16382	-1466	3760	-960	-868	-1303	-20	162	-50	4749	23745	4749	75177915
-16380	-1404	3850	-786	-918	-1335	-19	165	-55	4750	23750	4750	75177915
-16532	-1392	3788	-411	-1023	-1385	-19	165	-55	4751	23755	4751	75177916
-16738	-1390	3844	6	-1112	-1412	-18	164	-48	4752	23760	4752	75177916
-16822	-1432	3872	235	-1168	-1415	-18	164	-48	4753	23765	4753	75177917
-16944	-1394	3752	734	-1252	-1436	-15	163	-53	4754	23770	4754	75177918
-17068	-1412	3634	1271	-1326	-1445	-15	163	-53	4755	23775	4755	75177934
-17130	-1392	3518	1557	-1346	-1443	-22	166	-50	4756	23780	4756	75177935
-17234	-1510	3534	2151	-1349	-1434	-22	166	-50	4757	23785	4757	75177935
-17376	-1606	3412	2774	-1347	-1426	-17	163	-49	4758	23790	4758	75177936
-17438	-1600	3406	3095	-1352	-1427	-17	163	-49	4759	23795	4759	75177937
-17492	-1692	3242	3719	-1338	-1386	-17	161	-55	4760	23800	4760	75177960
-17564	-1950	3034	4349	-1318	-1356	-17	161	-55	4761	23805	4761	75177986
-17602	-1962	3076	4653	-1305	-1335	-16	164	-52	4762	23810	4762	75177988
-17638	-2142	2856	5235	-1249	-1264	-16	164	-52	4763	23815	4763	75177988
-17662	-2238	2762	5827	-1187	-1177	-10	164	-52	4764	23820	4764	75177989
-17632	-2380	2740	6376	-1122	-1085	-10	164	-52	4765	23825	4765	75177990
-17560	-2570	2600	6631	-1094	-1015	-11	163	-55	4766	23830	4766	75177991
-17504	-2902	2544	7118	-1024	-887	-11	163	-55	4767	23835	4767	75177992
-17434	-3012	2418	7516	-957	-753	-6	164	-50	4768	23840	4768	75177993
-17372	-3308	2282	7692	-934	-673	-6	164	-50	4769	23845	4769	75177993
-17294	-3624	2250	8007	-875	-504	-11	163	-57	4770	23850	4770	75177994
-17216	-4024	2148	8141	-827	-341	-11	163	-57	4771	23855	4771	75177995
-17142	-4184	2120	8183	-796	-248	-9	159	-51	4772	23860	4772	75177996
-16986	-4568	2096	8180	-715	-57	-9	159	-51	4773	23865	4773	75177996
-16840	-4956	1954	7998	-680	120	-6	160	-50	4774	23870	4774	75177997
-16802	-5068	1980	7858	-654	209	-6	160	-50	4775	23875	4775	75177997
-16666	-5344	1856	7466	-628	398	-7	169	-55	4776	23880	4776	75178011
-16518	-5710	1792	6937	-630	609	-7	169	-55	4777	23885	4777	75178036
-16490	-5788	1762	6610	-635	710	-2	168	-46	4778	23890	4778	75178038
-16296	-5990	1686	5904	-649	936	-2	168	-46	4779	23895	4779	75178039
-16096	-6096	1662	5116	-685	1143	-7	165	-49	4780	23900	4780	75178042
-16038	-6154	1612	4710	-705	1251	-7	165	-49	4781	23905	4781	75178044
-15900	-6250	1594	3844	-774	1445	-17	163	-49	4782	23910	4782	75178045
-15750	-6288	1626	2967	-910	1613	-17	163	-49	4783	23915	4783	75178046
-15742	-6310	1720	2533	-970	1684	-8	166	-50	4784	23920	4784	75178047
-15590	-6362	1664	1670	-1100	1816	-8	166	-50	4785	23925	4785	75178048
-15566	-6302	1714	814	-1233	1930	-3	163	-51	4786	23930	4786	75178048
-15586	-6212	1854	-44	-1352	2018	-3	163	-51	4787	23935	4787	75178089
-15658	-6216	1824	-480	-1418	2070	-7	167	-47	4788	23940	4788	75178089
-15578	-6170	1862	-1349	-1534	2173	-7	167	-47	4789	23945	4789	75178090
-15600	-5984	2058	-2217	-1646	2278	-10	166	-46	4790	23950	4790	75178090
-15666	-5982	2086	-2631	-1715	2333	-10	166	-46	4791	23955	4791	75178091
-15642	-5740	2200	-3392	-1826	2456	-13	167	-39	4792	23960	4792	75178091
-15688	-5510	2320	-4078	-1941	2593	-13	167	-39	4793	23965	4793	75178092
-15706	-5362	2400	-4356	-1986	2635	-12	164	-48	4794	23970	4794	75178092
-15750	-5126	2492	-4842	-2060	2732	-12	164	-48	4795	23975	4795	75178092
-15928	-4838	2566	-5206	-2083	2800	-9	167	-47	4796	23980	4796	75178093
-15988	-4750	2564	-5336	-2069	2819	-9	167	-47	4797	23985	4797	75178140
-16036	-4480	2688	-5506	-2015	2883	-12	164	-52	4798	23990	4798	75178140
-16110	-4286	2732	-5581	-1952	2905	-12	164	-52	4799	23995	4799	75178141
-16170	-4198	2768	-5586	-1925	2915	-7	169	-45	4800	24000	4800	75178141
-16232	-4014	2836	-5569	-1866	2918	-7	169	-45	4801	24005	4801	75178142
-16300	-3750	2988	-5461	-1805	2912	-14	166	-46	4802	24010	4802	75178142
-16384	-3700	2898	-5353	-1773	2924	-14	166	-46	4803	24015	4803	75178142
-16384	-3576	2884	-5043	-1709	2914	-8	168	-44	4804	24020	4804	75178143
-16452	-3518	2962	-4658	-1672	2863	-8	168	-44	4805	24025	4805	75178143
-16582	-3436	2972	-4401	-1638	2834	-9	171	-47	4806	24030	4806	75178143
-16680	-3296	3074	-3855	-1566	2727	-9	171	-47	4807	24035	4807	75178144
-16702	-3342	3138	-3288	-1469	2655	-12	166	-42	4808	24040	4808	75178144
-16756	-3404	3098	-2693	-1343	2582	-12	166	-42	4809	24045	4809	75178145
-16830	-3366	3080	-2409	-1276	2555	-11	169	-43	4810	24050	4810	75178146
-16838	-3532	3048	-1821	-1167	2480	-11	169	-43	4811	24055	4811	75178165
-16738	-3724	3066	-1304	-1080	2422	-13	169	-49	4812	24060	4812	75178220
-16840	-3760	3024	-1065	-1032	2410	-13	169	-49	4813	24065	4813	75178222
-16682	-3916	3010	-655	-934	2383	-17	165	-47	4814	24070	4814	75178222
-16614	-4054	2888	-305	-836	2404	-17	165	-47	4815	24075	4815	75178225
-16528	-4130	2858	-192	-775	2401	-14	170	-46	4816	24080	4816	75178227
-16242	-4254	2740	30	-652	2432	-14	170	-46	4817	24085	4817	75178228
-16080	-4324	2632	181	-582	2449	-15	175	-45	4818	24090	4818	75178230
-15972	-4356	2748	235	-557	2446	-15	175	-45	4819	24095	4819	75178230
-15698	-4510	2556	320	-545	2416	-19	169	-39	4820	24100	4820	75178231
-15612	-4640	2410	396	-553	2370	-19	169	-39	4821	24105	4821	75178233
-15510	-4678	2464	419	-561	2334	-14	166	-40	4822	24110	4822	75178234
-15378	-4818	2428	438	-590	2254	-14	166	-40	4823	24115	4823	75178234
-15356	-4910	2382	424	-647	2160	-17	165	-45	4824	24120	4824	75178235
-15270	-4992	2428	386	-681	2094	-17	165	-45	4825	24125	4825	75178235
-15240	-5274	2436	290	-743	1979	-15	169	-41	4826	24130	4826	75178235
-15264	-5466	2356	90	-815	1841	-15	169	-41	4827	24135	4827	75178241
-15250	-5532	2388	-52	-857	1798	-14	168	-44	4828	24140	4828	75178325
-15360	-5676	2510	-371	-963	1702	-14	168	-44	4829	24145	4829	75178325
-15452	-5888	2630	-732	-1068	1598	-18	170	-40	4830	24150	4830	75178326
-15496	-5988	2570	-1228	-1188	1508	-18	170	-40	4831	24155	4831	75178326
-15618	-6150	2578	-1483	-1246	1458	-17	169	-43	4832	24160	4832	75178326
-15634	-6126	2692	-2027	-1369	1379	-17	169	-43	4833	24165	4833	75178327
-15828	-6234	2698	-2584	-1484	1330	-17	165	-53	4834	24170	4834	75178328
-15850	-6208	2668	-2862	-1528	1301	-17	165	-53	4835	24175	4835	75178329
-16022	-6078	2640	-3386	-1619	1255	-12	168	-42	4836	24180	4836	75178330
-16082	-5912	2738	-3855	-1695	1207	-12	168	-42	4837	24185	4837	75178330
-16070	-5844	2622	-4054	-1733	1182	-18	172	-44	4838	24190	4838	75178331
-16246	-5622	2684	-4369	-1786	1166	-18	172	-44	4839	24195	4839	75178332
-16278	-5450	2668	-4581	-1837	1127	-25	167	-43	4840	24200	4840	75178333
-16316	-5386	2554	-4644	-1850	1094	-25	167	-43	4841	24205	4841	75178345
-16420	-5106	2498	-4654	-1868	1022	-17	169	-43	4842	24210	4842	75178346
-16420	-4938	2444	-4597	-1885	933	-17	169	-43	4843	24215	4843	75178346
-16456	-4866	2362	-4538	-1886	893	-25	167	-43	4844	24220	4844	75178400
-16434	-4758	2258	-4385	-1880	792	-25	167	-43	4845	24225	4845	75178426
-16406	-4626	2182	-4179	-1877	686	-15	171	-45	4846	24230	4846	75178426
-16404	-4576	2066	-4061	-1863	631	-15	171	-45	4847	24235	4847	75178427
-16358	-4548	2002	-3790	-1828	511	-19	173	-43	4848	24240	4848	75178428
-16400	-4486	2038	-3505	-1816	379	-19	173	-43	4849	24245	4849	75178430
-16424	-4452	2006	-3345	-1810	329	-15	165	-43	4850	24250	4850	75178431
-16436	-4378	1916	-2998	-1778	191	-15	165	-43	4851	24255	4851	75178431
-16444	-4442	1804	-2653	-1727	65	-24	170	-40	4852	24260	4852	75178433
-16432	-4372	1796	-2328	-1683	-47	-24	170	-40	4853	24265	4853	75178434
-16520	-4458	1716	-2183	-1647	-88	-21	171	-43	4854	24270	4854	75178435
-16530	-4480	1618	-1901	-1534	-182	-21	171	-43	4855	24275	4855	75178435
-16506	-4558	1710	-1693	-1415	-255	-17	173	-37	4856	24280	4856	75178436
-16468	-4612	1634	-1610	-1362	-286	-17	173	-37	4857	24285	4857	75178436
-16472	-4730	1624	-1499	-1259	-362	-21	173	-43	4858	24290	4858	75178438
-16428	-4802	1598	-1425	-1178	-406	-21	173	-43	4859	24295	4859	75178439
-16444	-4680	1552	-1420	-1162	-419	-24	168	-36	4860	24300	4860	75178441
-16410	-4850	1498	-1413	-1110	-476	-24	168	-36	4861	24305	4861	75178442
-16380	-4918	1466	-1452	-1037	-495	-18	172	-44	4862	24310	4862	75178443
-16408	-4972	1406	-1492	-1001	-509	-18	172	-44	4863	24315	4863	75178444
-16456	-4932	1438	-1607	-922	-536	-17	169	-37	4864	24320	4864	75178444
-16446	-4958	1368	-1713	-831	-551	-17	169	-37	4865	24325	4865	75178537
-16484	-4910	1376	-1773	-790	-557	-17	173	-41	4866	24330	4866	75178539
-16456	-4920	1436	-1862	-696	-566	-17	173	-41	4867	24335	4867	75178540
-16472	-4862	1352	-1967	-607	-572	-18	174	-40	4868	24340	4868	75178540
-16430	-4854	1310	-2017	-554	-576	-18	174	-40	4869	24345	4869	75178541
-16356	-4740	1306	-2077	-476	-594	-15	175	-39	4870	24350	4870	75178541
-16410	-4724	1278	-2136	-395	-612	-15	175	-39	4871	24355	4871	75178542
-16320	-4680	1382	-2136	-348	-628	-19	171	-41	4872	24360	4872	75178542
-16310	-4624	1318	-2128	-324	-650	-19	171	-41	4873	24365	4873	75178542
-16330	-4568	1356	-2080	-260	-672	-18	176	-40	4874	24370	4874	75178543
-16310	-4542	1398	-2000	-166	-696	-18	176	-40	4875	24375	4875	75178543
-16330	-4558	1482	-1941	-127	-708	-19	169	-39	4876	24380	4876	75178543
-16238	-4568	1290	-1826	-38	-742	-19	169	-39	4877	24385	4877	75178544
-16178	-4482	1382	-1690	52	-779	-14	170	-44	4878	24390	4878	75178544
-16144	-4478	1468	-1614	92	-800	-14	170	-44	4879	24395	4879	75178554
-16114	-4428	1478	-1483	140	-838	-22	170	-36	4880	24400	4880	75178575
-16092	-4454	1510	-1349	193	-883	-22	170	-36	4881	24405	4881	75178576
-16064	-4500	1474	-1279	229	-906	-21	175	-41	4882	24410	4882	75178576
-16056	-4434	1504	-1157	295	-944	-21	175	-41	4883	24415	4883	75178576
-15996	-4562	1658	-1047	351	-997	-16	172	-38	4884	24420	4884	75178577
