-16264	278	6258	-4	4	-159	40	192	180	8948	44740	8948	75198812
-16202	382	6318	40	12	-144	40	192	180	8949	44745	8949	75198813
-16248	434	6318	91	25	-144	42	184	182	8950	44750	8950	75198813
-16112	524	6260	153	46	-124	42	184	182	8951	44755	8951	75198814
-16172	620	6188	208	45	-95	43	189	183	8952	44760	8952	75198814
-16154	684	6304	221	41	-72	43	189	183	8953	44765	8953	75198815
-16152	912	6242	267	-13	-13	44	182	186	8954	44770	8954	75198815
-16066	1052	6212	355	-4	31	44	182	186	8955	44775	8955	75198816
-15894	1078	6244	417	30	47	43	185	189	8956	44780	8956	75198816
-15658	1096	6232	518	39	89	43	185	189	8957	44785	8957	75198817
-15532	1158	6292	592	-71	141	42	190	184	8958	44790	8958	75198826
-15458	1120	6372	601	-121	166	42	190	184	8959	44795	8959	75198826
-15424	1330	6388	681	-254	267	39	193	185	8960	44800	8960	75198827
-15552	1214	6504	767	-365	432	39	193	185	8961	44805	8961	75198827
-15604	1242	6548	723	-368	514	40	192	180	8962	44810	8962	75198827
-15744	1060	6550	577	-369	721	40	192	180	8963	44815	8963	75198828
-16022	284	6406	181	-574	983	47	189	185	8964	44820	8964	75198828
-16336	276	6200	-139	-662	1105	47	189	185	8965	44825	8965	75198829
-16546	-368	6140	-635	-724	1359	44	190	180	8966	44830	8966	75198829
-16700	-778	5836	-924	-770	1583	44	190	180	8967	44835	8967	75198854
-16730	-1080	5734	-866	-853	1693	41	185	187	8968	44840	8968	75198882
-16776	-2254	5778	-866	-1116	1778	41	185	187	8969	44845	8969	75198882
-17178	-2566	5930	-486	-971	1867	39	183	187	8970	44850	8970	75198883
-17258	-3294	5924	-159	-806	1849	39	183	187	8971	44855	8971	75198883
-17250	-2850	6002	-113	-477	1756	41	185	181	8972	44860	8972	75198884
-17252	-2780	5940	-199	-336	1773	41	185	181	8973	44865	8973	75198884
-17254	-2894	5734	-457	-379	1774	41	187	183	8974	44870	8974	75198884
-17266	-3110	5418	-1544	-449	1799	41	187	183	8975	44875	8975	75198885
-17136	-3442	5320	-2842	-416	1756	37	187	185	8976	44880	8976	75198885
-17136	-3612	5312	-3311	-441	1739	37	187	185	8977	44885	8977	75198936
-16890	-3916	5512	-3777	-536	1694	39	185	183	8978	44890	8978	75198937
-16484	-3978	5824	-3790	-645	1588	39	185	183	8979	44895	8979	75198937
-16320	-3590	6044	-3755	-695	1555	43	187	185	8980	44900	8980	75198938
-16154	-3164	6444	-3328	-626	1499	43	187	185	8981	44905	8981	75198938
-16072	-2808	6824	-2592	-416	1468	38	188	186	8982	44910	8982	75198939
-16212	-2490	6968	-2202	-320	1478	38	188	186	8983	44915	8983	75198940
-16612	-1760	7078	-1654	-100	1539	40	190	182	8984	44920	8984	75198941
-16902	-1020	6972	-1775	421	1535	40	190	182	8985	44925	8985	75198942
-16918	-626	6932	-2124	781	1514	41	187	185	8986	44930	8986	75198942
-16994	480	6786	-3125	1581	1469	41	187	185	8987	44935	8987	75198943
-17054	536	6844	-4086	2039	1433	39	185	177	8988	44940	8988	75198943
-16950	1318	6384	-4639	2101	1378	39	185	177	8989	44945	8989	75198943
-16792	1638	5812	-5525	2107	1291	42	188	188	8990	44950	8990	75198944
-16526	1876	5532	-6087	1936	1146	42	188	188	8991	44955	8991	75198944
-15972	2504	4858	-6131	1738	1048	35	189	187	8992	44960	8992	75199011
-15774	3014	4796	-5599	1237	857	35	189	187	8993	44965	8993	75199011
-15708	3232	4746	-4504	810	691	42	190	186	8994	44970	8994	75199012
-15754	3636	4522	-3898	686	639	42	190	186	8995	44975	8995	75199013
-15782	3670	4580	-2753	608	494	43	183	187	8996	44980	8996	75199014
-15814	3552	4514	-1865	463	342	43	183	187	8997	44985	8997	75199037
-15584	3520	4636	-1453	395	270	33	189	181	8998	44990	8998	75199041
-15072	3338	4812	-517	192	148	33	189	181	8999	44995	8999	75199041
-15016	3490	4974	-19	15	93	40	192	186	9000	45000	9000	75199042
-15060	3454	4936	1110	-394	74	40	192	186	9001	45005	9001	75199042
-15270	3628	5134	2234	-675	107	42	186	184	9002	45010	9002	75199043
-15422	3592	5078	2733	-775	154	42	186	184	9003	45015	9003	75199043
-15960	3392	4606	3469	-946	286	36	190	182	9004	45020	9004	75199043
-16454	2796	4186	3522	-937	411	36	190	182	9005	45025	9005	75199044
-16596	2424	3984	3298	-905	433	40	190	184	9006	45030	9006	75199044
-16576	1434	3700	2717	-936	521	40	190	184	9007	45035	9007	75199045
-16588	482	3422	2164	-1046	649	39	191	179	9008	45040	9008	75199164
-16574	-12	3266	1976	-1081	687	39	191	179	9009	45045	9009	75199167
-16674	-866	3338	2015	-1140	774	42	184	182	9010	45050	9010	75199168
-17018	-1822	3304	2471	-1230	893	42	184	182	9011	45055	9011	75199168
-17154	-2006	3398	2684	-1258	991	43	187	191	9012	45060	9012	75199168
-17538	-2654	3302	3213	-1156	1172	43	187	191	9013	45065	9013	75199169
-17516	-2992	3446	3481	-795	1170	40	196	186	9014	45070	9014	75199170
-17462	-3104	3724	3542	-613	1157	40	196	186	9015	45075	9015	75199171
-17300	-3312	4544	3711	-438	1093	48	188	184	9016	45080	9016	75199171
-16990	-3346	5030	3825	-244	1015	48	188	184	9017	45085	9017	75199172
-16810	-3372	5412	3814	-135	970	36	190	190	9018	45090	9018	75199172
-16354	-3230	6012	3562	-24	910	36	190	190	9019	45095	9019	75199172
-16138	-2762	6552	3152	-11	886	38	186	182	9020	45100	9020	75199173
-16044	-2526	6770	2948	-15	907	38	186	182	9021	45105	9021	75199242
-15950	-1870	7090	2538	26	975	40	188	192	9022	45110	9022	75199242
-15922	-1496	7086	2035	46	1115	40	188	192	9023	45115	9023	75199244
-15912	-1260	7124	1721	39	1201	38	188	184	9024	45120	9024	75199296
-15908	-1010	7010	1014	22	1359	38	188	184	9025	45125	9025	75199296
-15974	-818	6708	176	78	1496	37	187	181	9026	45130	9026	75199297
-15992	-748	6538	-206	115	1551	37	187	181	9027	45135	9027	75199297
-16080	-780	6086	-816	138	1648	43	195	183	9028	45140	9028	75199298
-16308	-740	5864	-1149	72	1710	43	195	183	9029	45145	9029	75199298
-16422	-742	5760	-1227	22	1773	40	192	182	9030	45150	9030	75199298
-16686	-1034	5452	-1349	-142	1925	40	192	182	9031	45155	9031	75199299
-16750	-1574	5280	-1602	-253	2022	39	185	181	9032	45160	9032	75199299
-16772	-1768	5186	-1776	-281	2033	39	185	181	9033	45165	9033	75199299
-16650	-2158	5026	-2133	-337	2036	33	183	183	9034	45170	9034	75199300
-16602	-2420	4992	-2283	-458	2034	33	183	183	9035	45175	9035	75199353
-16574	-2400	5086	-2229	-523	2038	34	186	182	9036	45180	9036	75199354
-16626	-2438	5118	-1982	-526	2072	34	186	182	9037	45185	9037	75199354
-16672	-2182	5344	-1737	-409	2117	34	186	188	9038	45190	9038	75199354
-16638	-2032	5550	-1661	-320	2151	34	186	188	9039	45195	9039	75199355
-16654	-1658	5826	-1507	-184	2215	34	190	182	9040	45200	9040	75199355
-16662	-1518	5844	-1509	-22	2279	34	190	182	9041	45205	9041	75199355
-16508	-1076	6040	-1552	86	2291	32	184	184	9042	45210	9042	75199356
-16412	-760	6088	-1658	281	2296	32	184	184	9043	45215	9043	75199356
-16326	-626	6034	-1842	426	2279	38	186	190	9044	45220	9044	75199356
-16258	-220	6112	-1915	493	2272	38	186	190	9045	45225	9045	75199357
-16156	146	6108	-2078	568	2278	34	186	182	9046	45230	9046	75199357
-16084	352	6148	-2192	632	2323	34	186	182	9047	45235	9047	75199357
-16138	612	6196	-2187	664	2354	32	190	180	9048	45240	9048	75199371
-16194	704	6020	-2194	679	2419	32	190	180	9049	45245	9049	75199371
-16210	778	6014	-2219	637	2486	26	184	188	9050	45250	9050	75199371
-16290	762	5828	-2251	628	2502	26	184	188	9051	45255	9051	75199372
-16308	748	5886	-2139	579	2518	35	189	189	9052	45260	9052	75199372
-16312	686	5920	-1997	521	2507	35	189	189	9053	45265	9053	75199372
-16308	382	5898	-1642	362	2477	38	190	184	9054	45270	9054	75199373
-16482	782	5746	-1284	252	2533	38	190	184	9055	45275	9055	75199373
-16468	412	5750	-979	228	2610	38	182	184	9056	45280	9056	75199374
-16576	104	5548	-604	152	2637	38	182	184	9057	45285	9057	75199374
-16500	0	5608	-383	178	2628	37	191	183	9058	45290	9058	75199374
-16464	-148	5522	-321	199	2611	37	191	183	9059	45295	9059	75199375
-16538	-112	5350	-154	213	2528	35	187	179	9060	45300	9060	75199375
-16350	-150	5292	129	389	2470	35	187	179	9061	45305	9061	75199375
-16336	-186	5566	211	456	2407	37	191	183	9062	45310	9062	75199376
-16024	-100	5826	282	459	2299	37	191	183	9063	45315	9063	75199376
-15880	-50	5900	425	420	2269	39	193	183	9064	45320	9064	75199376
-15820	-56	5994	496	359	2260	39	193	183	9065	45325	9065	75199377
-15840	100	5990	666	292	2272	36	188	184	9066	45330	9066	75199401
-15824	128	6090	858	366	2271	36	188	184	9067	45335	9067	75199401
-15854	190	6178	973	416	2282	30	192	182	9068	45340	9068	75199402
-15736	436	6182	1099	413	2299	30	192	182	9069	45345	9069	75199402
-15894	470	6108	1207	378	2334	38	186	186	9070	45350	9070	75199403
-15952	580	6014	1153	374	2329	38	186	186	9071	45355	9071	75199403
-16190	580	6050	1039	421	2347	35	185	183	9072	45360	9072	75199403
-16186	514	5974	896	466	2518	35	185	183	9073	45365	9073	75199404
-16136	440	5950	773	492	2543	33	185	181	9074	45370	9074	75199405
-16180	466	5896	552	519	2533	33	185	181	9075	45375	9075	75199406
-16264	412	5782	387	481	2490	31	187	183	9076	45380	9076	75199406
-16272	384	5662	365	459	2543	31	187	183	9077	45385	9077	75199406
-16374	238	5638	405	417	2586	34	184	180	9078	45390	9078	75199424
-16334	250	5450	411	398	2640	34	184	180	9079	45395	9079	75199428
-16260	220	5270	428	381	2673	29	183	181	9080	45400	9080	75199428
-16266	182	5218	485	323	2744	29	183	181	9081	45405	9081	75199428
-16134	238	5164	502	269	2737	22	190	182	9082	45410	9082	75199429
-16216	242	5196	502	244	2760	22	190	182	9083	45415	9083	75199429
-16076	346	5172	539	208	2850	34	186	180	9084	45420	9084	75199430
-16076	368	5356	483	214	2970	34	186	180	9085	45425	9085	75199430
-16038	350	5326	456	186	3085	31	187	179	9086	45430	9086	75199430
-15982	278	5226	253	150	3258	31	187	179	9087	45435	9087	75199431
-15796	232	5176	-93	64	3366	25	181	181	9088	45440	9088	75199433
-15832	246	5324	-242	14	3418	25	181	181	9089	45445	9089	75199433
-15824	134	5302	-354	-87	3531	32	186	178	9090	45450	9090	75199434
-15832	156	5352	-278	-116	3599	32	186	178	9091	45455	9091	75199553
-15768	136	5402	-163	-134	3644	25	183	183	9092	45460	9092	75199556
-15734	138	5412	172	-153	3675	25	183	183	9093	45465	9093	75199557
-15778	188	5460	504	-164	3770	30	186	180	9094	45470	9094	75199557
-15898	236	5522	657	-180	3813	30	186	180	9095	45475	9095	75199557
-15898	278	5530	876	-157	3895	27	179	185	9096	45480	9096	75199558
-15932	350	5382	969	-75	3884	27	179	185	9097	45485	9097	75199558
-16246	550	5416	1031	-25	3905	28	186	182	9098	45490	9098	75199558
-16282	608	5396	1134	63	3944	28	186	182	9099	45495	9099	75199560
-16428	664	5382	1167	118	3980	29	183	181	9100	45500	9100	75199561
-16566	926	5126	1143	195	3997	29	183	181	9101	45505	9101	75199578
-16640	982	5048	1119	419	3981	22	182	182	9102	45510	9102	75199623
-16618	1048	4978	1082	545	3974	22	182	182	9103	45515	9103	75199624
-16542	1092	4726	1073	757	3966	27	183	179	9104	45520	9104	75199624
-16452	1148	4450	1066	955	3989	27	183	179	9105	45525	9105	75199624
-16505	1197	4289	1083	1055	4013	24	184	179	9106	45530	9106	75199625
-16558	1246	4128	1100	1154	4036	21	185	179	9107	45535	9107	75199625
-16634	1070	3786	1135	1251	4111	27	185	183	9108	45540	9108	75199625
-16634	1116	3788	1151	1302	4145	27	185	183	9109	45545	9109	75199626
-16588	1094	3474	1127	1380	4161	24	186	178	9110	45550	9110	75199626
-16806	1112	3406	1052	1426	4169	24	186	178	9111	45555	9111	75199626
-16862	1032	3482	1036	1439	4189	21	183	175	9112	45560	9112	75199627
-17022	1004	3534	994	1491	4232	21	183	175	9113	45565	9113	75199627
-16992	858	3842	996	1575	4297	20	188	180	9114	45570	9114	75199628
-17082	912	3940	1039	1587	4350	20	188	180	9115	45575	9115	75199628
-17160	888	4128	1162	1567	4453	23	187	179	9116	45580	9116	75199629
-17180	808	4264	1274	1536	4507	23	187	179	9117	45585	9117	75199632
-17234	766	4270	1358	1529	4535	19	183	173	9118	45590	9118	75199632
-17256	742	4420	1510	1615	4499	19	183	173	9119	45595	9119	75199633
-17384	742	4698	1701	1821	4486	27	179	183	9120	45600	9120	75199633
-17392	824	4844	1743	1934	4435	27	179	183	9121	45605	9121	75199633
-17528	978	5306	1884	2136	4374	15	189	179	9122	45610	9122	75199634
-17718	1184	5630	2027	2325	4349	15	189	179	9123	45615	9123	75199634
-17728	1326	5814	2099	2430	4354	24	176	178	9124	45620	9124	75199635
-17970	1532	5994	2172	2692	4312	24	176	178	9125	45625	9125	75199635
-17988	1790	6212	2201	2958	4289	24	182	178	9126	45630	9126	75199635
-18060	1802	6236	2207	3101	4228	24	182	178	9127	45635	9127	75199636
-18006	1984	6386	2070	3396	4141	16	182	174	9128	45640	9128	75199636
-17948	2144	6432	1942	3706	4057	16	182	174	9129	45645	9129	75199636
-17934	2218	6486	1934	3859	4010	23	181	173	9130	45650	9130	75199661
-17766	2566	6694	2051	4177	3963	23	181	173	9131	45655	9131	75199662
-17782	2922	6952	2264	4432	3908	20	182	172	9132	45660	9132	75199662
-17936	3122	6964	2415	4549	3903	20	182	172	9133	45665	9133	75199714
-18086	3392	6998	2666	4742	3916	19	181	175	9134	45670	9134	75199715
-18272	3696	7192	2813	5015	3886	19	181	175	9135	45675	9135	75199715
-18316	3810	7102	2859	5160	3911	24	180	170	9136	45680	9136	75199715
-18346	3886	7002	3014	5501	3974	24	180	170	9137	45685	9137	75199716
-18368	3748	7004	3021	5796	4012	11	183	167	9138	45690	9138	75199716
-18344	3802	6978	3024	5939	4019	11	183	167	9139	45695	9139	75199716
-18340	3836	7018	3041	6209	4059	13	177	171	9140	45700	9140	75199717
-18310	3888	6830	3049	6335	3954	13	177	171	9141	45705	9141	75199717
-18198	3940	6888	3070	6384	3913	17	179	169	9142	45710	9142	75199760
-18032	4070	6800	3095	6411	3809	17	179	169	9143	45715	9143	75199813
-18090	4088	6846	3100	6322	3624	8	174	168	9144	45720	9144	75199840
-18096	4060	6828	3091	6251	3517	8	174	168	9145	45725	9145	75199840
-18026	4064	6740	3077	6005	3366	13	179	163	9146	45730	9146	75199840
-17972	3986	6674	3073	5799	3219	13	179	163	9147	45735	9147	75199841
-17852	3920	6606	3061	5692	3090	16	178	160	9148	45740	9148	75199841
-17844	3824	6410	3083	5484	2798	16	178	160	9149	45745	9149	75199841
-17918	3790	6460	3173	5343	2570	16	178	162	9150	45750	9150	75199842
-17976	3552	6180	3252	5280	2448	16	178	162	9151	45755	9151	75199842
-17900	3540	6072	3181	5302	2161	24	180	162	9152	45760	9152	75199842
-18014	3546	6058	3110	5376	1929	24	180	162	9153	45765	9153	75199843
-17872	3550	5692	3080	5413	1884	12	178	164	9154	45770	9154	75199843
-17886	3042	5388	2934	5415	1662	12	178	164	9155	45775	9155	75199843
-17790	3298	5128	2737	5438	1614	11	179	157	9156	45780	9156	75199894
-17622	3920	4950	2328	5561	1484	11	179	157	9157	45785	9157	75199894
-17636	4774	4610	2202	5652	1377	11	173	159	9158	45790	9158	75199894
-17516	4952	4616	2296	5700	1352	11	173	159	9159	45795	9159	75199895
-17208	5576	4308	2422	5802	1257	13	175	157	9160	45800	9160	75199895
-16844	6160	4222	2553	5944	1356	13	175	157	9161	45805	9161	75199895
-16628	6426	4082	2645	5976	1376	18	180	158	9162	45810	9162	75199896
-16414	6928	3664	2678	5986	1436	18	180	158	9163	45815	9163	75199896
-16198	7176	3298	2501	5912	1507	14	180	144	9164	45820	9164	75199946
-16136	7088	2902	2291	5876	1536	14	180	144	9165	45825	9165	75199946
-15922	6872	2072	1644	5829	1526	15	173	159	9166	45830	9166	75199946
-15872	6576	1568	587	5819	1437	15	173	159	9167	45835	9167	75199947
-15798	6346	1158	28	5828	1368	12	178	152	9168	45840	9168	75199947
-15564	5916	840	-1087	5976	1163	12	178	152	9169	45845	9169	75199947
-15152	5520	756	-2011	6231	923	9	175	151	9170	45850	9170	75199948
-14942	5388	686	-2375	6364	790	9	175	151	9171	45855	9171	75199948
-14602	5372	358	-2952	6515	501	17	173	151	9172	45860	9172	75199948
-14234	5608	322	-3355	6605	197	17	173	151	9173	45865	9173	75199949
-14032	5950	232	-3403	6600	29	17	179	157	9174	45870	9174	75199949
-13960	6796	292	-3146	6574	-244	17	179	157	9175	45875	9175	75199949
-14210	7176	-12	-2342	6440	-437	16	178	150	9176	45880	9176	75200018
-14416	7376	-94	-1840	6392	-508	16	178	150	9177	45885	9177	75200020
-14818	7432	-248	-799	6345	-606	15	175	151	9178	45890	9178	75200020
-15386	7060	-692	279	6239	-691	15	175	151	9179	45895	9179	75200020
-15578	6842	-934	796	6212	-733	21	183	151	9180	45900	9180	75200021
-16030	6272	-1692	1715	6262	-823	21	183	151	9181	45905	9181	75200021
-16238	5454	-2092	2518	6413	-973	17	179	147	9182	45910	9182	75200022
-16346	5256	-2020	2804	6484	-1116	17	179	147	9183	45915	9183	75200022
-16334	4594	-1956	3320	6612	-1473	24	178	146	9184	45920	9184	75200105
-16044	3972	-1650	3726	6581	-1908	24	178	146	9185	45925	9185	75200106
-15978	3784	-1234	3931	6481	-2189	16	174	146	9186	45930	9186	75200142
-15774	3572	-418	4423	6106	-2717	16	174	146	9187	45935	9187	75200190
-15582	3328	362	4935	5654	-3017	16	178	140	9188	45940	9188	75200190
-15510	3126	534	5161	5462	-3162	16	178	140	9189	45945	9189	75200191
-15408	2784	958	5507	5202	-3601	24	184	146	9190	45950	9190	75200192
-15176	2568	1230	5546	4957	-4090	24	184	146	9191	45955	9191	75200192
-15206	2510	1518	5480	4896	-4378	22	182	146	9192	45960	9192	75200193
-15086	2324	1830	5529	4864	-4895	22	182	146	9193	45965	9193	75200193
-14962	2042	2986	5842	4785	-5371	22	172	146	9194	45970	9194	75200194
-14816	1898	3584	6021	4514	-5582	22	172	146	9195	45975	9195	75200194
-14362	1872	4798	6221	3438	-6058	18	176	142	9196	45980	9196	75200195
-14036	1934	5162	6057	1932	-6498	18	176	142	9197	45985	9197	75200195
-13350	2158	6132	6008	1055	-6562	22	176	142	9198	45990	9198	75200195
-12630	2368	6698	5901	-1108	-6755	22	176	142	9199	45995	9199	75200215
-12414	2338	6908	5940	-3660	-7015	26	174	144	9200	46000	9200	75200215
-12522	2194	7158	5942	-4969	-7209	26	174	144	9201	46005	9201	75200215
-12572	3008	6452	5711	-7136	-7289	21	173	139	9202	46010	9202	75200217
-12824	3330	5956	4783	-8285	-7219	21	173	139	9203	46015	9203	75200217
-13648	3966	5064	4038	-8327	-7221	34	180	146	9204	46020	9204	75200218
-14346	4574	3266	2303	-7222	-7331	34	180	146	9205	46025	9205	75200218
-14458	4918	2386	1181	-6118	-7525	27	181	145	9206	46030	9206	75200364
-14174	5584	1108	-1514	-3395	-7929	27	181	145	9207	46035	9207	75200364
-13342	6268	1000	-3613	-1097	-8158	33	175	151	9208	46040	9208	75200365
-13000	6208	1224	-4082	-416	-8158	33	175	151	9209	46045	9209	75200365
-12836	5740	1170	-4270	111	-8040	32	180	142	9210	46050	9210	75200365
-13228	4852	1064	-3815	352	-7735	32	180	142	9211	46055	9211	75200366
-13430	4298	1176	-3440	503	-7535	37	179	145	9212	46060	9212	75200366
-13958	3154	1288	-2636	885	-7098	37	179	145	9213	46065	9213	75200367
-14306	2444	1462	-1992	1231	-6683	37	173	141	9214	46070	9214	75200367
-14514	2116	1824	-1704	1267	-6486	37	173	141	9215	46075	9215	75200367
-15074	1248	2192	-1115	927	-6196	39	179	145	9216	46080	9216	75200368
-15930	308	2142	-979	412	-6122	39	179	145	9217	46085	9217	75200368
-16356	-204	2182	-1190	197	-6207	40	176	144	9218	46090	9218	75200368
-17292	-928	2022	-2110	-252	-6707	40	176	144	9219	46095	9219	75200438
-18002	-1280	2312	-3566	-862	-7492	47	171	149	9220	46100	9220	75200438
-18266	-1368	2640	-4297	-1219	-7815	47	171	149	9221	46105	9221	75200439
-18344	-1028	3272	-5489	-1927	-8244	40	176	144	9222	46110	9222	75200440
-18036	-580	4144	-6166	-2452	-8444	40	176	144	9223	46115	9223	75200441
-17906	-330	4616	-6321	-2688	-8412	47	179	149	9224	46120	9224	75200441
-17506	234	5330	-6659	-3179	-8202	47	179	149	9225	46125	9225	75200442
-17410	354	5326	-7035	-3765	-7986	51	175	151	9226	46130	9226	75200443
-17226	878	4828	-7306	-3998	-7777	51	175	151	9227	46135	9227	75200443
-17396	1946	4192	-7923	-4166	-7510	49	177	149	9228	46140	9228	75200443
-17874	3030	3508	-8253	-4535	-7260	49	177	149	9229	46145	9229	75200444
-18152	3590	3072	-8378	-4699	-7199	54	180	144	9230	46150	9230	75200444
-18420	3992	2392	-8184	-4861	-6804	54	180	144	9231	46155	9231	75200444
-18870	4824	1546	-8241	-5355	-6561	57	179	151	9232	46160	9232	75200496
-19090	5186	1452	-8254	-5534	-6354	57	179	151	9233	46165	9233	75200496
-19318	5388	1182	-8241	-5873	-6072	57	177	153	9234	46170	9234	75200497
-19522	5360	862	-8466	-6276	-5885	57	177	153	9235	46175	9235	75200497
-19564	5512	862	-8473	-6381	-5770	58	174	160	9236	46180	9236	75200498
-19752	5658	836	-8345	-6476	-5685	58	174	160	9237	46185	9237	75200498
-19580	5566	760	-8100	-6303	-5663	58	172	158	9238	46190	9238	75200499
-19456	5684	744	-7926	-6172	-5610	58	172	158	9239	46195	9239	75200499
-18816	5548	736	-7389	-5970	-5433	61	173	151	9240	46200	9240	75200500
-18490	5732	644	-6779	-5951	-5646	61	173	151	9241	46205	9241	75200500
-18144	5898	602	-6378	-5905	-5673	66	170	162	9242	46210	9242	75200501
-17448	6150	574	-5480	-5785	-5693	66	170	162	9243	46215	9243	75200519
-16842	6516	644	-4759	-5672	-5794	61	175	155	9244	46220	9244	75200606
-16570	6612	788	-4444	-5646	-5817	61	175	155	9245	46225	9245	75200606
-15994	6788	1186	-3715	-5556	-5803	64	174	166	9246	46230	9246	75200607
-15766	7000	1438	-2965	-5457	-5780	64	174	166	9247	46235	9247	75200607
-15544	7064	1830	-2502	-5444	-5683	64	182	160	9248	46240	9248	75200607
-15756	6976	2550	-1625	-5627	-5729	64	182	160	9249	46245	9249	75200608
-15402	7212	2386	-999	-5448	-5268	61	167	165	9250	46250	9250	75200608
-14954	7804	2430	-498	-5227	-4961	61	167	165	9251	46255	9251	75200608
-15366	7580	2476	504	-5105	-4675	71	173	169	9252	46260	9252	75200609
-15474	7560	2518	1077	-4627	-4287	71	173	169	9253	46265	9253	75200609
-15486	7322	2680	1344	-4342	-3961	76	178	164	9254	46270	9254	75200609
-15474	6788	2788	1729	-4032	-3384	76	178	164	9255	46275	9255	75200610
-15546	6574	2782	1815	-3900	-2905	70	172	158	9256	46280	9256	75200610
-15620	6078	2742	1851	-3840	-2667	70	172	158	9257	46285	9257	75200610
-15628	5560	2660	1910	-3735	-2198	77	173	163	9258	46290	9258	75200611
-15760	5242	2534	1946	-3645	-1982	77	173	163	9259	46295	9259	75200611
-15840	4702	2598	2025	-3394	-1616	65	173	163	9260	46300	9260	75200612
-15812	4220	2692	2149	-3141	-1323	65	173	163	9261	46305	9261	75200612
-15732	4062	2878	2188	-3034	-1214	74	172	166	9262	46310	9262	75200612
-15848	3704	3092	2159	-2913	-1087	74	172	166	9263	46315	9263	75200613
-15992	3584	3204	2056	-2774	-990	68	178	168	9264	46320	9264	75200626
-16112	3500	3478	1956	-2657	-959	68	178	168	9265	46325	9265	75200626
-16266	3024	3634	1652	-2372	-833	77	167	169	9266	46330	9266	75200650
-16354	2688	4074	1111	-2040	-639	77	167	169	9267	46335	9267	75200651
-16434	2538	4504	940	-1845	-542	71	173	169	9268	46340	9268	75200651
-16708	2174	5102	1030	-1461	-234	71	173	169	9269	46345	9269	75200652
-16858	1800	5338	1485	-1213	114	74	172	170	9270	46350	9270	75200652
-16888	1636	5258	1777	-1172	306	74	172	170	9271	46355	9271	75200652
-17332	1070	4874	2520	-1082	693	75	175	171	9272	46360	9272	75200653
-17744	438	4022	3318	-759	1056	75	175	171	9273	46365	9273	75200654
-18002	394	3668	3459	-609	1212	72	170	170	9274	46370	9274	75200654
-18390	176	3354	3238	-542	1503	72	170	170	9275	46375	9275	75200654
-18670	100	2854	2478	-802	1713	74	174	168	9276	46380	9276	75200655
-18698	-64	2628	2048	-936	1768	74	174	168	9277	46385	9277	75200655
-18692	-220	1626	1412	-1062	1807	75	171	167	9278	46390	9278	75200655
-18724	-728	608	1216	-1098	1759	75	171	167	9279	46395	9279	75200656
-18800	-986	76	1114	-1074	1675	69	175	171	9280	46400	9280	75200657
-18614	-1282	-892	890	-964	1443	69	175	171	9281	46405	9281	75200658
-18346	-1192	-1514	646	-831	1152	74	174	172	9282	46410	9282	75200659
-18146	-1092	-1602	520	-792	991	74	174	172	9283	46415	9283	75200659
-17608	-488	-1180	325	-828	741	72	168	174	9284	46420	9284	75200660
-17240	-6	-44	410	-986	584	72	168	174	9285	46425	9285	75200661
-17192	284	740	566	-1073	528	73	173	169	9286	46430	9286	75200662
-16968	394	2566	1260	-1191	454	73	173	169	9287	46435	9287	75200663
-16824	504	4396	2342	-1413	458	71	177	173	9288	46440	9288	75200663
-16798	374	5138	3008	-1597	494	71	177	173	9289	46445	9289	75200665
-16932	272	6214	4237	-2046	603	63	175	173	9290	46450	9290	75200682
-17120	112	6786	5171	-2375	721	63	175	173	9291	46455	9291	75200682
-17228	112	6854	5375	-2441	754	67	179	177	9292	46460	9292	75200686
-17508	144	6694	5355	-2318	763	67	179	177	9293	46465	9293	75200686
-17588	284	6120	4874	-1968	746	70	176	174	9294	46470	9294	75200686
-17594	282	5776	4558	-1793	755	70	176	174	9295	46475	9295	75200687
-17590	384	4636	3838	-1453	755	64	170	166	9296	46480	9296	75200687
-17630	460	3728	3157	-1147	760	64	170	166	9297	46485	9297	75200688
-17684	514	3014	2872	-1012	733	79	175	173	9298	46490	9298	75200688
-17700	576	2130	2434	-769	719	79	175	173	9299	46495	9299	75200689
-17680	644	1708	2159	-543	664	69	173	171	9300	46500	9300	75200690
-17642	888	1084	2041	-430	614	69	173	171	9301	46505	9301	75200690
-17702	978	656	1804	-170	550	75	177	173	9302	46510	9302	75200692
-17668	960	700	1405	139	470	75	177	173	9303	46515	9303	75200695
-17546	992	804	1133	281	432	72	176	174	9304	46520	9304	75200703
-17430	1086	1034	581	481	367	72	176	174	9305	46525	9305	75200703
-17402	1132	1076	146	602	348	67	175	173	9306	46530	9306	75200704
-17384	1116	1382	-5	658	333	67	175	173	9307	46535	9307	75200704
-17402	1102	1616	-296	822	348	73	175	169	9308	46540	9308	75200704
-17430	1110	1638	-518	986	365	73	175	169	9309	46545	9309	75200705
-17434	1104	1992	-621	1075	395	76	174	178	9310	46550	9310	75200706
-17522	1106	2010	-775	1306	434	76	174	178	9311	46555	9311	75200706
-17596	1126	2042	-828	1468	465	69	171	179	9312	46560	9312	75200706
-17790	1150	2142	-958	1863	536	69	171	179	9313	46565	9313	75200707
-17942	1164	2168	-1010	2302	611	72	180	172	9314	46570	9314	75200707
-18112	1232	2230	-1011	2523	631	72	180	172	9315	46575	9315	75200708
-18256	1316	2016	-1027	2964	729	64	178	168	9316	46580	9316	75200708
-18308	1356	2042	-1186	3369	790	64	178	168	9317	46585	9317	75200732
-18344	1570	2118	-1321	3559	827	65	177	169	9318	46590	9318	75200733
-18156	1744	2144	-1485	3895	899	65	177	169	9319	46595	9319	75200733
-18082	1924	2318	-1536	4057	1002	72	174	172	9320	46600	9320	75200733
-18028	2030	2386	-1512	4086	1060	72	174	172	9321	46605	9321	75200734
-18124	2286	2528	-1358	4040	1226	67	173	173	9322	46610	9322	75200734
-18278	2474	3052	-1099	3902	1426	67	173	173	9323	46615	9323	75200734
-18354	2490	3136	-930	3817	1544	69	173	165	9324	46620	9324	75200735
-18310	2622	3502	-634	3609	1783	69	173	165	9325	46625	9325	75200736
-18234	2606	3830	-428	3360	2020	69	177	163	9326	46630	9326	75200737
-18024	2616	4028	-378	3283	2146	69	177	163	9327	46635	9327	75200738
-17666	2682	4282	-346	3227	2354	57	167	171	9328	46640	9328	75200740
-17376	2804	4390	-419	3214	2559	57	167	171	9329	46645	9329	75200740
-17206	2954	4606	-467	3197	2662	66	174	168	9330	46650	9330	75200761
-16818	3124	4678	-470	3122	2884	66	174	168	9331	46655	9331	75200761
-16506	3398	4732	-387	2947	3136	66	176	166	9332	46660	9332	75200762
-16350	3628	4700	-294	2846	3292	66	176	166	9333	46665	9333	75200762
-16210	4132	4636	-50	2586	3594	62	170	168	9334	46670	9334	75200762
-15972	4400	4640	136	2414	3935	62	170	168	9335	46675	9335	75200763
-15842	4560	4506	176	2366	4116	67	179	167	9336	46680	9336	75200763
-15592	4976	4270	279	2355	4459	67	179	167	9337	46685	9337	75200764
-15372	5514	4024	476	2469	4780	61	171	165	9338	46690	9338	75200764
-15274	5616	3930	645	2545	4971	61	171	165	9339	46695	9339	75200764
-15310	5790	3770	1186	2541	5390	58	174	160	9340	46700	9340	75200765
-15438	6044	3902	1864	2378	5869	58	174	160	9341	46705	9341	75200765
-15578	6074	3896	2278	2267	6108	63	177	167	9342	46710	9342	75200765
-15908	6028	3756	2989	2067	6570	63	177	167	9343	46715	9343	75200766
-16114	5814	3666	3277	1949	6982	51	173	161	9344	46720	9344	75200766
-16132	5634	3486	3274	1888	7174	51	173	161	9345	46725	9345	75200767
-16208	5356	3162	2994	1799	7480	63	177	163	9346	46730	9346	75200767
-16122	5282	3140	2599	1716	7728	63	177	163	9347	46735	9347	75200768
-16056	5296	2968	2491	1682	7835	54	176	166	9348	46740	9348	75200829
-15968	5344	3270	2502	1544	8026	54	176	166	9349	46745	9349	75200829
-15946	5364	3360	2870	1252	8213	55	173	169	9350	46750	9350	75200834
-15992	5388	3324	3122	1113	8318	55	173	169	9351	46755	9351	75200834
-16306	5528	3182	3702	933	8517	55	177	161	9352	46760	9352	75200835
-16682	5630	2952	4245	924	8758	55	177	161	9353	46765	9353	75200835
-16842	5690	2740	4454	1032	8885	52	180	162	9354	46770	9354	75200835
-17172	5958	2688	4753	1505	9070	52	180	162	9355	46775	9355	75200836
-17320	5958	2544	4939	2031	9289	53	175	163	9356	46780	9356	75200836
-17582	6242	2360	4974	2320	9383	53	175	163	9357	46785	9357	75200836
-17758	6200	2286	4956	2809	9579	48	182	160	9358	46790	9358	75200837
-17840	6146	2142	4848	3076	9682	48	182	160	9359	46795	9359	75200837
-17924	6200	2162	4763	3156	9714	45	177	161	9360	46800	9360	75200838
-18070	6082	1974	4695	3164	9743	45	177	161	9361	46805	9361	75200838
-18118	5998	1890	4740	3046	9751	47	177	163	9362	46810	9362	75200839
-18176	5764	1640	4796	2949	9751	47	177	163	9363	46815	9363	75200905
-18194	5348	1508	4855	2724	9711	35	179	167	9364	46820	9364	75200933
-18174	5234	1472	4841	2622	9669	35	179	167	9365	46825	9365	75200933
-17954	5164	1376	5004	2406	9581	40	176	164	9366	46830	9366	75200934
-17630	4602	1834	5535	1988	9504	40	176	164	9367	46835	9367	75200934
-17616	4302	1844	5810	1698	9426	37	179	155	9368	46840	9368	75200934
-17648	3962	1512	6112	1117	9245	37	179	155	9369	46845	9369	75200935
-17990	3842	1020	6333	778	9088	27	175	155	9370	46850	9370	75200935
-18202	3930	994	6377	833	9033	27	175	155	9371	46855	9371	75200935
-18574	4022	1148	6343	1210	9040	35	173	159	9372	46860	9372	75200936
-18844	3954	1558	6242	1479	8944	35	173	159	9373	46865	9373	75200936
-18812	3932	1570	6153	1663	8894	31	173	159	9374	46870	9374	75200936
-18450	3938	1374	5964	2341	8801	31	173	159	9375	46875	9375	75200937
-18026	3848	1382	5710	2868	8556	33	179	157	9376	46880	9376	75200959
-17732	3934	1350	5578	3066	8406	33	179	157	9377	46885	9377	75200960
-17076	4084	1614	5496	3248	8194	28	176	156	9378	46890	9378	75200960
-16500	4350	1728	5589	2986	8104	28	176	156	9379	46895	9379	75200961
-16292	4400	1666	5609	2769	8076	26	176	156	9380	46900	9380	75200961
-16082	4284	1474	5674	2391	8008	26	176	156	9381	46905	9381	75200961
-15906	4034	1838	5887	2229	7859	23	173	155	9382	46910	9382	75200962
-15880	4006	1954	5985	2157	7751	23	173	155	9383	46915	9383	75200962
-15922	4630	2302	6139	1782	7635	25	177	151	9384	46920	9384	75201037
-16062	3980	2032	6228	1178	7644	25	177	151	9385	46925	9385	75201037
-16206	3598	1874	6016	988	7671	25	177	153	9386	46930	9386	75201037
-16386	3578	1960	5230	840	7658	25	177	153	9387	46935	9387	75201038
-16270	3450	2086	4588	1019	7472	21	179	157	9388	46940	9388	75201038
-16244	3416	2238	4308	1167	7347	21	179	157	9389	46945	9389	75201038
-15980	3822	2162	3691	1485	7098	21	175	157	9390	46950	9390	75201039
-15654	4368	2324	3309	1677	6869	21	175	157	9391	46955	9391	75201039
-15686	4722	2356	3220	1788	6769	16	174	146	9392	46960	9392	75201039
-15722	4904	2364	3072	2045	6644	16	174	146	9393	46965	9393	75201040
-15514	4478	2128	2710	2070	6552	15	179	149	9394	46970	9394	75201040
-15352	4240	1956	2443	1976	6486	15	179	149	9395	46975	9395	75201040
-15098	3912	1656	1806	1660	6380	13	175	149	9396	46980	9396	75201041
-14948	3808	1636	1337	1411	6242	13	175	149	9397	46985	9397	75201041
-14976	3706	1700	1100	1321	6210	7	175	153	9398	46990	9398	75201088
-15130	3512	1704	537	1215	6155	7	175	153	9399	46995	9399	75201089
-15136	3260	1648	28	1242	6075	2	174	152	9400	47000	9400	75201090
-15054	3212	1418	-170	1286	6010	2	174	152	9401	47005	9401	75201112
-14808	3280	1256	-614	1355	5804	10	174	150	9402	47010	9402	75201112
-14404	3470	1046	-1134	1282	5587	10	174	150	9403	47015	9403	75201112
-14204	3576	1112	-1308	1257	5431	9	173	147	9404	47020	9404	75201113
-14110	4092	1230	-1501	1259	5116	9	173	147	9405	47025	9405	75201113
-13942	4326	1198	-1530	1070	4905	6	172	146	9406	47030	9406	75201113
-13912	4148	1248	-1552	945	4796	6	172	146	9407	47035	9407	75201114
-14004	3918	864	-1699	801	4519	3	175	153	9408	47040	9408	75201114
-14014	3846	912	-1958	916	4253	3	175	153	9409	47045	9409	75201114
-13936	4066	1032	-2039	991	4104	1	173	147	9410	47050	9410	75201115
-13774	4418	1196	-2067	1052	3899	1	173	147	9411	47055	9411	75201115
-13742	4604	1218	-1917	825	3749	-4	174	148	9412	47060	9412	75201115
-13534	4898	1034	-1788	703	3721	-4	174	148	9413	47065	9413	75201116
-13714	4860	1238	-1621	407	3492	3	169	151	9414	47070	9414	75201147
-13888	5162	1168	-1776	80	3154	3	169	151	9415	47075	9415	75201196
-13914	5246	866	-1857	-28	2988	-1	169	149	9416	47080	9416	75201196
-13752	5316	690	-2068	-204	2648	-1	169	149	9417	47085	9417	75201196
-13712	5386	558	-2107	-244	2485	4	174	150	9418	47090	9418	75201197
-13634	5382	518	-2043	-295	2190	4	174	150	9419	47095	9419	75201197
-13674	5480	386	-2023	-301	1818	4	174	148	9420	47100	9420	75201198
-13578	5454	356	-1965	-274	1636	4	174	148	9421	47105	9421	75201199
-13618	5648	360	-1648	-290	1362	4	172	150	9422	47110	9422	75201199
-13900	5886	134	-1254	-268	1156	4	172	150	9423	47115	9423	75201199
-13906	5984	-4	-1047	-263	1047	-1	171	149	9424	47120	9424	75201200
-14004	5922	-392	-626	-434	863	-1	171	149	9425	47125	9425	75201201
-14178	6062	-380	-343	-772	670	-4	168	142	9426	47130	9426	75201202
-14086	6014	-246	-231	-903	560	-4	168	142	9427	47135	9427	75201202
-13906	6252	-66	-143	-1050	258	2	174	148	9428	47140	9428	75201203
-13630	6130	-26	-58	-1189	-76	2	174	148	9429	47145	9429	75201203
-13384	6066	38	-27	-1286	-244	4	172	150	9430	47150	9430	75201203
-13114	5952	78	8	-1480	-575	4	172	150	9431	47155	9431	75201204
-13004	6036	452	-67	-1596	-916	-4	172	146	9432	47160	9432	75201204
-12944	6048	572	-104	-1605	-1077	-4	172	146	9433	47165	9433	75201205
-12934	6222	552	-32	-1455	-1369	-4	168	148	9434	47170	9434	75201205
-12892	6206	558	145	-1092	-1673	-4	168	148	9435	47175	9435	75201205
-12868	6222	674	161	-895	-1798	-3	169	149	9436	47180	9436	75201206
-12824	6284	670	143	-488	-2085	-3	169	149	9437	47185	9437	75201206
-12724	5994	646	259	-147	-2303	-1	171	149	9438	47190	9438	75201207
-12720	5770	632	330	-29	-2425	-1	171	149	9439	47195	9439	75201221
-12688	5366	730	406	111	-2660	-8	170	148	9440	47200	9440	75201250
-12530	4750	980	426	136	-2860	-8	170	148	9441	47205	9441	75201251
-12370	4348	914	451	87	-2924	-4	176	146	9442	47210	9442	75201251
-12200	3674	862	411	63	-3177	-4	176	146	9443	47215	9443	75201252
-12062	4068	930	150	170	-3522	-3	171	149	9444	47220	9444	75201253
-12018	4346	918	100	203	-3673	-3	171	149	9445	47225	9445	75201253
-12314	5003	1027	-50	-189	-3900	1	173	148	9446	47230	9446	75201253
-12610	5660	1136	-200	-580	-4127	4	174	146	9447	47235	9447	75201253
-13146	6208	1034	-416	-777	-4192	-2	174	144	9448	47240	9448	75201254
-13884	6772	212	-875	-733	-4356	-2	174	144	9449	47245	9449	75201397
-14588	6700	-488	-1493	-241	-4512	-2	178	148	9450	47250	9450	75201397
-14822	6608	-916	-1952	92	-4577	-2	178	148	9451	47255	9451	75201398
-14928	6410	-954	-2940	784	-4704	3	173	149	9452	47260	9452	75201398
-15044	6474	-732	-3389	1158	-4802	3	173	149	9453	47265	9453	75201398
-15144	6626	-484	-3322	1172	-4837	-3	169	147	9454	47270	9454	75201399
-15102	7138	392	-2529	976	-4836	-3	169	147	9455	47275	9455	75201399
-15060	7796	1572	-945	420	-4740	8	174	144	9456	47280	9456	75201399
-15174	8216	1988	-2	47	-4654	8	174	144	9457	47285	9457	75201401
-15338	8934	2834	1898	-633	-4473	-4	172	140	9458	47290	9458	75201402
-15448	9444	3266	3610	-1048	-4341	-4	172	140	9459	47295	9459	75201403
-15520	9512	3502	4255	-1140	-4294	6	180	144	9460	47300	9460	75201403
-15628	9640	3970	4969	-1296	-4282	6	180	144	9461	47305	9461	75201404
-15812	9622	4170	5029	-1513	-4209	9	175	147	9462	47310	9462	75201418
-15924	9300	4730	4916	-1615	-4105	9	175	147	9463	47315	9463	75201499
-16022	8576	5274	4601	-1895	-3878	8	176	148	9464	47320	9464	75201500
-16162	8106	5604	4318	-2330	-3570	8	176	148	9465	47325	9465	75201500
-16424	7150	5858	4199	-2585	-3433	10	174	148	9466	47330	9466	75201500
-16920	6160	5766	3937	-3072	-3238	10	174	148	9467	47335	9467	75201501
-17136	5596	5664	3327	-3361	-3232	8	178	150	9468	47340	9468	75201501
-17492	4686	5132	2906	-3471	-3266	8	178	150	9469	47345	9469	75201501
-17740	4028	4772	2000	-3767	-3397	6	176	144	9470	47350	9470	75201502
-17810	3894	4674	1159	-4246	-3537	6	176	144	9471	47355	9471	75201502
-18174	3680	4622	933	-4570	-3590	9	179	147	9472	47360	9472	75201503
-18464	3298	4416	559	-5111	-3674	9	179	147	9473	47365	9473	75201503
-18636	3254	4444	347	-5251	-3727	7	183	149	9474	47370	9474	75201504
-18532	3214	4516	-234	-5242	-3845	7	183	149	9475	47375	9475	75201504
-18232	3458	4560	-972	-5127	-3938	15	177	153	9476	47380	9476	75201523
-18002	3726	4438	-1358	-5110	-3992	15	177	153	9477	47385	9477	75201524
-17582	4328	4550	-2083	-5255	-4110	10	182	152	9478	47390	9478	75201524
-17258	5012	4866	-2635	-5543	-4291	10	182	152	9479	47395	9479	75201525
-17166	5288	5030	-2797	-5742	-4382	15	173	147	9480	47400	9480	75201526
-17208	5650	5802	-2901	-6166	-4524	15	173	147	9481	47405	9481	75201526
-17372	5750	6594	-2903	-6568	-4583	7	177	151	9482	47410	9482	75201526
-17446	5750	6950	-2926	-6776	-4589	7	177	151	9483	47415	9483	75201527
-17680	5636	7770	-2985	-7213	-4535	13	181	155	9484	47420	9484	75201527
-18042	5424	8338	-2903	-7598	-4395	13	181	155	9485	47425	9485	75201527
-18148	5358	8566	-2867	-7759	-4335	15	179	155	9486	47430	9486	75201529
-18486	5262	9060	-2741	-8009	-4191	15	179	155	9487	47435	9487	75201628
-18906	5188	9490	-2726	-8348	-4018	9	179	155	9488	47440	9488	75201629
-19160	5130	9524	-2758	-8583	-3918	9	179	155	9489	47445	9489	75201629
-19778	5328	9570	-2874	-9103	-3736	13	173	157	9490	47450	9490	75201629
-20324	5724	9436	-3038	-9568	-3561	13	173	157	9491	47455	9491	75201630
-20768	5920	9366	-3078	-9755	-3488	13	183	157	9492	47460	9492	75201630
-21750	6380	9584	-3178	-10050	-3257	13	183	157	9493	47465	9493	75201631
-22876	7018	9252	-3302	-10206	-2913	16	182	162	9494	47470	9494	75201631
-23272	7132	8890	-3332	-10137	-2740	16	182	162	9495	47475	9495	75201631
-23596	7118	7858	-3282	-9606	-2544	21	185	157	9496	47480	9496	75201632
-23010	6636	6320	-3243	-8690	-2553	21	185	157	9497	47485	9497	75201632
-22302	6468	5490	-3288	-8208	-2599	17	183	169	9498	47490	9498	75201633
-20698	5806	3818	-3350	-7446	-2717	17	183	169	9499	47495	9499	75201633
-19152	4986	2028	-3313	-7040	-2714	13	183	165	9500	47500	9500	75201633
-18464	4520	1128	-3337	-6910	-2682	13	183	165	9501	47505	9501	75201634
-17536	3342	-590	-3635	-6465	-2537	11	181	167	9502	47510	9502	75201710
-16948	1954	-2082	-4459	-5711	-2408	11	181	167	9503	47515	9503	75201711
-16714	1200	-2804	-5144	-5223	-2376	19	183	163	9504	47520	9504	75201762
-16450	88	-3840	-7113	-4109	-2440	19	183	163	9505	47525	9505	75201762
-16066	-896	-3774	-9590	-3085	-2658	16	184	170	9506	47530	9506	75201763
-16044	-976	-3576	-10779	-2721	-2802	16	184	170	9507	47535	9507	75201763
-16392	-886	-2526	-12297	-2331	-3014	20	186	172	9508	47540	9508	75201764
-17364	-490	-1352	-12448	-2181	-3172	20	186	172	9509	47545	9509	75201765
-17910	-232	-594	-12059	-2026	-3199	17	183	173	9510	47550	9510	75201765
-18670	214	738	-10653	-1523	-3266	17	183	173	9511	47555	9511	75201766
-18958	630	1954	-8471	-870	-3384	19	181	171	9512	47560	9512	75201766
-18956	574	2430	-7105	-546	-3442	19	181	171	9513	47565	9513	75201766
-18870	640	2986	-4127	-145	-3627	21	187	171	9514	47570	9514	75201767
-18414	210	3296	-1229	88	-3719	21	187	171	9515	47575	9515	75201767
-18148	190	3380	-41	154	-3765	22	184	176	9516	47580	9516	75201789
-17544	100	4044	1845	182	-3817	22	184	176	9517	47585	9517	75201789
-17374	304	4472	3166	340	-3806	20	194	164	9518	47590	9518	75201790
-16838	-378	4982	3506	487	-3798	20	194	164	9519	47595	9519	75201791
-16512	-278	5400	3368	711	-3867	20	184	172	9520	47600	9520	75201791
-16298	-14	5468	2801	687	-3886	20	184	172	9521	47605	9521	75201791
-16004	-178	5692	2478	582	-3856	21	187	177	9522	47610	9522	75201792
-15602	-226	5650	1595	321	-3783	21	187	177	9523	47615	9523	75201792
-15468	-346	5574	663	-1	-3682	23	185	175	9524	47620	9524	75201793
-15068	-504	5396	192	-207	-3627	23	185	175	9525	47625	9525	75201793
-15110	-490	5320	-435	-560	-3494	29	189	173	9526	47630	9526	75201793
-15160	-588	5348	-633	-644	-3317	29	189	173	9527	47635	9527	75201794
-15104	-612	5628	-597	-707	-3218	24	186	176	9528	47640	9528	75201794
-15274	-1028	5954	-264	-928	-2979	24	186	176	9529	47645	9529	75201839
-15542	-994	6162	-185	-1037	-2865	26	190	172	9530	47650	9530	75201839
-15972	-676	6654	-155	-1075	-2722	26	190	172	9531	47655	9531	75201840
-16572	-370	6966	-262	-830	-2713	24	184	174	9532	47660	9532	75201840
-16750	-276	6958	-343	-597	-2758	24	184	174	9533	47665	9533	75201841
-16864	206	6768	-541	-88	-2900	27	187	173	9534	47670	9534	75201841
-16952	484	6266	-423	238	-3043	27	187	173	9535	47675	9535	75201841
-16842	666	6010	-323	357	-3130	25	195	175	9536	47680	9536	75201842
-16588	1176	5528	-3	555	-3315	25	195	175	9537	47685	9537	75201842
-16390	1626	5214	589	614	-3468	23	187	179	9538	47690	9538	75201842
-16348	1618	5158	863	646	-3521	23	187	179	9539	47695	9539	75201843
-16276	1664	4692	1244	745	-3622	27	179	171	9540	47700	9540	75201843
-16090	1674	4346	1323	801	-3671	27	179	171	9541	47705	9541	75201894
-15972	1720	4268	1313	816	-3689	29	191	179	9542	47710	9542	75201894
-15826	1688	4060	1407	788	-3729	29	191	179	9543	47715	9543	75201895
-15706	1456	4096	1679	758	-3758	23	193	177	9544	47720	9544	75201895
-15694	1316	4430	1872	713	-3778	23	193	177	9545	47725	9545	75201897
-15710	1060	4702	2235	587	-3811	30	182	172	9546	47730	9546	75201897
-15802	1176	4902	2344	363	-3765	30	182	172	9547	47735	9547	75201897
-15794	982	5006	2381	184	-3710	29	187	175	9548	47740	9548	75201898
-16082	576	4874	2428	-283	-3564	29	187	175	9549	47745	9549	75201898
-16408	420	4964	2352	-547	-3415	31	185	177	9550	47750	9550	75201898
-16532	102	5074	2299	-551	-3369	31	185	177	9551	47755	9551	75201899
-16492	-186	5082	1997	-467	-3271	29	187	173	9552	47760	9552	75201899
-16320	-50	5010	1709	-546	-3217	29	187	173	9553	47765	9553	75201899
-16248	4	5038	1672	-652	-3180	33	193	175	9554	47770	9554	75201944
-16400	48	4730	1528	-868	-3162	33	193	175	9555	47775	9555	75201944
-16580	374	4818	1261	-772	-3249	29	191	177	9556	47780	9556	75201945
-16488	580	4652	1196	-639	-3312	29	191	177	9557	47785	9557	75201945
-16312	894	4840	1410	-437	-3364	30	190	176	9558	47790	9558	75201945
-16260	1170	4696	1845	-379	-3276	30	190	176	9559	47795	9559	75201946
-16184	1150	4576	2038	-450	-3218	25	193	173	9560	47800	9560	75201946
-16340	1130	4408	2248	-550	-3108	25	193	173	9561	47805	9561	75201947
-16462	1198	4132	2142	-410	-3060	33	187	175	9562	47810	9562	75201947
-16380	1192	4016	1984	-346	-3018	33	187	175	9563	47815	9563	75201947
-16216	1060	3792	1725	-260	-2901	31	199	171	9564	47820	9564	75201948
-16200	658	3422	1582	-340	-2714	31	199	171	9565	47825	9565	75201948
-16322	402	3348	1548	-407	-2616	33	191	173	9566	47830	9566	75201967
-16514	108	3054	1402	-355	-2422	33	191	173	9567	47835	9567	75201967
-16834	-152	3308	1259	-182	-2258	34	190	176	9568	47840	9568	75201968
-16930	-280	3330	1244	-77	-2164	34	190	176	9569	47845	9569	75201968
-17212	-342	3470	1392	102	-1999	35	191	179	9570	47850	9570	75201968
-17408	-584	3474	1612	238	-1833	35	191	179	9571	47855	9571	75201969
-17534	-594	3500	1634	257	-1767	29	191	175	9572	47860	9572	75201969
-17772	-834	3272	1304	117	-1585	29	191	175	9573	47865	9573	75202015
-17840	-834	3078	613	5	-1495	31	191	177	9574	47870	9574	75202015
-17900	-750	2880	366	74	-1484	31	191	177	9575	47875	9575	75202016
-17720	-828	2956	75	200	-1438	33	191	179	9576	47880	9576	75202016
-17666	-924	2980	-116	357	-1439	33	191	179	9577	47885	9577	75202017
-17384	-842	3394	-205	493	-1457	40	184	176	9578	47890	9578	75202018
-17012	-676	3988	-210	642	-1514	40	184	176	9579	47895	9579	75202018
-16814	-660	4236	15	580	-1525	32	194	174	9580	47900	9580	75202019
-16396	-604	4436	92	507	-1523	32	194	174	9581	47905	9581	75202019
-16086	-558	4998	153	361	-1513	26	188	174	9582	47910	9582	75202020
-16030	-712	5124	97	316	-1460	26	188	174	9583	47915	9583	75202020
-15968	-922	5126	-277	340	-1390	34	190	172	9584	47920	9584	75202021
-15918	-978	4972	-1017	367	-1323	34	190	172	9585	47925	9585	75202022
-15950	-1136	5088	-1360	337	-1275	32	196	172	9586	47930	9586	75202022
-16140	-1164	5220	-1739	317	-1185	32	196	172	9587	47935	9587	75202023
-16200	-1064	5442	-1851	269	-1117	32	190	172	9588	47940	9588	75202023
-16314	-1074	5430	-1784	263	-1078	32	190	172	9589	47945	9589	75202023
-16448	-874	5290	-1715	244	-1003	31	195	179	9590	47950	9590	75202024
-16528	-866	5172	-1759	294	-1010	31	195	179	9591	47955	9591	75202025
-16598	-760	5084	-1843	341	-1021	38	192	174	9592	47960	9592	75202025
-16610	-882	4648	-2007	454	-1033	38	192	174	9593	47965	9593	75202025
-16662	-962	4292	-2318	476	-1092	37	191	175	9594	47970	9594	75202026
-16728	-808	4306	-2434	517	-1143	37	191	175	9595	47975	9595	75202026
-16848	-710	4404	-2415	519	-1288	39	193	177	9596	47980	9596	75202027
-16886	-144	4296	-2230	587	-1469	39	193	177	9597	47985	9597	75202035
-16888	-150	4264	-2107	657	-1562	28	192	176	9598	47990	9598	75202093
-16906	226	4024	-2127	693	-1756	28	192	176	9599	47995	9599	75202094
-16678	782	4132	-2388	681	-1950	31	191	173	9600	48000	9600	75202094
-16516	938	4166	-2453	657	-2004	31	191	173	9601	48005	9601	75202095
-16370	968	4138	-2368	569	-2049	39	191	177	9602	48010	9602	75202095
-16400	1378	4098	-2120	335	-2038	39	191	177	9603	48015	9603	75202096
-16448	1426	4258	-1770	327	-2020	36	192	178	9604	48020	9604	75202097
-16618	1016	4718	-1010	246	-1982	36	192	178	9605	48025	9605	75202097
-16536	844	4672	-357	21	-1976	41	191	177	9606	48030	9606	75202097
-16484	748	4688	-137	-10	-1933	41	191	177	9607	48035	9607	75202098
-16286	284	5126	6	-33	-1873	36	192	178	9608	48040	9608	75202098
-16044	-60	5046	257	-110	-1810	36	192	178	9609	48045	9609	75202098
-15978	-210	4902	435	-204	-1770	37	195	173	9610	48050	9610	75202099
-16094	-384	4682	736	-380	-1648	37	195	173	9611	48055	9611	75202143
-16426	-516	4608	842	-273	-1547	36	194	178	9612	48060	9612	75202148
-16502	-226	4782	805	-85	-1510	36	194	178	9613	48065	9613	75202148
-16220	-280	5398	875	187	-1401	36	190	178	9614	48070	9614	75202149
-16002	-388	5270	797	145	-1280	36	190	178	9615	48075	9615	75202150
-15910	-458	5108	669	60	-1206	44	188	174	9616	48080	9616	75202151
-16112	-314	5032	228	19	-1060	44	188	174	9617	48085	9617	75202152
-16196	-502	5224	-50	79	-860	40	186	176	9618	48090	9618	75202153
-16134	-648	5178	-105	90	-752	40	186	176	9619	48095	9619	75202154
-16328	-680	4850	-87	87	-533	41	191	175	9620	48100	9620	75202155
-16584	-1176	4434	43	96	-357	41	191	175	9621	48105	9621	75202165
-16608	-1208	4384	-21	77	-291	33	193	175	9622	48110	9622	75202166
-16756	-1354	4634	49	-170	-131	33	193	175	9623	48115	9623	75202166
-17004	-1790	4848	169	-466	-22	40	190	170	9624	48120	9624	75202167
-17040	-1990	4822	131	-570	8	40	190	170	9625	48125	9625	75202197
-17176	-2366	4800	-24	-707	4	37	187	181	9626	48130	9626	75202197
-17250	-2602	4668	-316	-720	-47	37	187	181	9627	48135	9627	75202213
-17162	-2548	4354	-499	-668	-71	40	198	176	9628	48140	9628	75202217
-16974	-2300	4270	-1127	-541	-139	40	198	176	9629	48145	9629	75202217
-16944	-2130	4054	-1568	-304	-192	41	191	175	9630	48150	9630	75202218
-16886	-1908	3742	-1641	-151	-228	41	191	175	9631	48155	9631	75202218
-16814	-1394	3722	-1586	70	-303	40	192	176	9632	48160	9632	75202218
-16820	-1184	3736	-1466	54	-314	40	192	176	9633	48165	9633	75202219
-16848	-808	4004	-1472	23	-300	44	190	174	9634	48170	9634	75202219
-16988	-920	4460	-1444	-44	-196	44	190	174	9635	48175	9635	75202219
-17022	-954	4456	-1442	-31	-119	42	194	176	9636	48180	9636	75202220
-17060	-1174	4316	-1377	-24	-97	42	194	176	9637	48185	9637	75202220
-16960	-1580	4220	-1217	-23	-55	38	188	170	9638	48190	9638	75202221
-16938	-1670	4190	-1191	15	-45	38	188	170	9639	48195	9639	75202221
-16808	-1902	4312	-1172	105	-40	43	195	173	9640	48200	9640	75202245
-16712	-2100	4670	-1127	191	-46	43	195	173	9641	48205	9641	75202246
-16626	-2208	4692	-1078	215	-51	38	190	178	9642	48210	9642	75202247
