-2835	-1741	-15710	-100	-568	-117	90	-76	-114	1	1	1	81303090	
-2800	-1742	-15721	-99	-575	-116	96	-75	-114	2	6	2	81303091	
-2833	-1719	-15640	-89	-584	-120	100	-74	-114	3	11	3	81303091	
-2851	-1671	-15669	-79	-589	-124	92	-73	-115	4	16	4	81303092	
-2819	-1718	-15710	-80	-586	-123	87	-73	-115	5	21	5	81303092	
-2805	-1761	-15638	-70	-575	-126	89	-74	-115	6	26	6	81303092	
-2809	-1722	-15703	-76	-576	-132	91	-75	-115	7	31	7	81303093	
-2828	-1742	-15681	-75	-580	-127	94	-73	-118	8	36	8	81303093	
-2832	-1729	-15746	-65	-581	-130	95	-73	-119	9	41	9	81303094	
-2818	-1712	-15756	-63	-582	-138	94	-76	-117	10	46	10	81303094	
-2812	-1716	-15747	-63	-578	-140	94	-78	-116	11	51	11	81303095	
-2804	-1720	-15693	-60	-562	-135	95	-73	-114	12	56	12	81303096	
-2802	-1746	-15710	-62	-570	-131	96	-70	-112	13	61	13	81303096	
-2830	-1766	-15767	-76	-577	-131	94	-72	-113	14	66	14	81303109	
-2824	-1754	-15752	-86	-576	-130	92	-74	-114	15	71	15	81303147	
-2802	-1764	-15655	-82	-575	-127	93	-73	-116	16	76	16	81303168	
-2808	-1736	-15662	-82	-571	-120	93	-73	-117	17	81	17	81303168	
-2837	-1693	-15670	-80	-554	-128	99	-75	-113	18	86	18	81303169	
-2830	-1743	-15716	-82	-560	-125	100	-76	-112	19	91	19	81303169	
-2821	-1788	-15770	-70	-557	-119	96	-74	-111	20	96	20	81303170	
-2822	-1751	-15767	-58	-561	-118	95	-73	-111	21	101	21	81303170	
-2844	-1761	-15690	-48	-561	-128	97	-71	-114	22	106	22	81303170	
-2826	-1721	-15742	-50	-552	-132	97	-71	-115	23	111	23	81303171	
-2839	-1726	-15747	-42	-558	-132	96	-70	-111	24	116	24	81303188	
-2874	-1768	-15677	-53	-545	-130	96	-70	-110	25	121	25	81303193	
-2808	-1743	-15719	-43	-551	-129	96	-80	-118	26	126	26	81303193	
-2756	-1776	-15758	-53	-539	-127	96	-82	-120	27	131	27	81303193	
-2770	-1754	-15690	-50	-542	-137	97	-75	-116	28	136	28	81303194	
-2806	-1716	-15685	-58	-542	-135	97	-73	-115	29	141	29	81303194	
-2817	-1751	-15690	-64	-548	-124	97	-73	-110	30	146	30	81303194	
-2812	-1752	-15661	-83	-553	-130	97	-73	-109	31	151	31	81303230	
-2878	-1726	-15660	-86	-550	-124	94	-70	-116	32	156	32	81303240	
-2802	-1764	-15680	-94	-551	-120	94	-70	-116	33	161	33	81303240	
-2834	-1760	-15738	-93	-546	-129	99	-75	-111	34	166	34	81303241	
-2808	-1736	-15676	-104	-549	-117	99	-75	-111	35	171	35	81303242	
-2832	-1770	-15618	-108	-559	-115	96	-74	-110	36	176	36	81303242	
-2840	-1724	-15764	-111	-554	-118	96	-74	-110	37	181	37	81303242	
-2924	-1756	-15726	-119	-571	-119	100	-72	-112	38	186	38	81303243	
-2847	-1758	-15656	-122	-566	-127	100	-72	-112	39	191	39	81303243	
-2856	-1742	-15680	-116	-571	-122	98	-75	-115	40	196	40	81303244	
-2844	-1642	-15726	-120	-572	-114	98	-76	-116	41	201	41	81303244	
-2904	-1728	-15664	-109	-579	-119	96	-76	-112	42	206	42	81303245	
-2808	-1704	-15776	-95	-570	-121	96	-76	-112	43	211	43	81303246	
-2818	-1750	-15618	-102	-570	-115	99	-73	-119	44	216	44	81303246	
-2812	-1734	-15710	-92	-568	-118	99	-73	-119	45	221	45	81303290	
-2794	-1744	-15682	-96	-573	-114	94	-76	-112	46	226	46	81303291	
-2834	-1732	-15786	-88	-567	-125	94	-76	-112	47	231	47	81303292	
-2840	-1748	-15634	-99	-571	-114	93	-77	-115	48	236	48	81303292	
-2820	-1719	-15728	-97	-574	-123	94	-77	-114	49	241	49	81303293	
-2810	-1702	-15706	-101	-572	-127	97	-75	-111	50	246	50	81303303	
-2818	-1716	-15703	-108	-564	-122	96	-74	-112	51	251	51	81303344	
-2836	-1724	-15698	-104	-559	-127	94	-72	-114	52	256	52	81303346	
-2830	-1699	-15733	-99	-553	-126	94	-73	-114	53	261	53	81303346	
-2882	-1696	-15740	-96	-555	-128	95	-77	-113	54	266	54	81303346	
-2856	-1774	-15670	-96	-561	-125	95	-77	-113	55	271	55	81303347	
-2820	-1752	-15658	-89	-563	-122	92	-78	-114	56	276	56	81303347	
-2828	-1750	-15684	-102	-573	-126	92	-78	-114	57	281	57	81303348	
-2846	-1728	-15706	-95	-561	-119	101	-73	-113	58	286	58	81303348	
-2856	-1715	-15690	-85	-569	-125	100	-73	-113	59	291	59	81303349	
-2844	-1679	-15700	-83	-560	-138	95	-75	-111	60	296	60	81303353	
-2857	-1636	-15748	-81	-561	-134	95	-75	-111	61	301	61	81303374	
-2839	-1701	-15748	-82	-566	-123	95	-75	-113	62	306	62	81303396	
-2828	-1668	-15701	-79	-562	-120	95	-75	-113	63	311	63	81303397	
-2856	-1681	-15654	-76	-554	-127	97	-73	-111	64	316	64	81303397	
-2801	-1687	-15783	-85	-550	-131	97	-71	-111	65	321	65	81303398	
-2765	-1710	-15770	-78	-538	-133	96	-66	-110	66	326	66	81303398	
-2768	-1652	-15749	-76	-546	-129	96	-70	-113	67	331	67	81303399	
-2768	-1693	-15657	-68	-552	-124	97	-75	-117	68	336	68	81303399	
-2782	-1725	-15704	-58	-553	-118	96	-75	-116	69	341	69	81303399	
-2791	-1740	-15716	-59	-554	-122	94	-76	-114	70	346	70	81303404	
-2804	-1714	-15701	-49	-550	-128	95	-75	-113	71	351	71	81303425	
-2803	-1702	-15645	-46	-553	-133	98	-70	-110	72	356	72	81303447	
-2786	-1759	-15744	-44	-550	-128	98	-72	-110	73	361	73	81303448	
-2795	-1712	-15743	-40	-565	-129	98	-78	-110	74	366	74	81303448	
-2837	-1706	-15748	-34	-573	-133	99	-79	-112	75	371	75	81303449	
-2860	-1732	-15711	-40	-587	-133	100	-80	-114	76	376	76	81303449	
-2894	-1734	-15726	-49	-584	-137	98	-77	-111	77	381	77	81303450	
-2877	-1717	-15703	-59	-569	-139	95	-73	-107	78	386	78	81303450	
-2872	-1756	-15681	-68	-569	-138	96	-73	-111	79	391	79	81303450	
-2893	-1750	-15650	-73	-577	-136	98	-74	-116	80	396	80	81303459	
-2872	-1742	-15636	-77	-578	-138	94	-75	-115	81	401	81	81303493	
-2856	-1772	-15653	-78	-573	-142	89	-77	-113	82	406	82	81303526	
-2857	-1740	-15708	-82	-565	-135	93	-74	-114	83	411	83	81303527	
-2818	-1747	-15676	-87	-569	-131	97	-71	-115	84	416	84	81303527	
-2774	-1786	-15677	-92	-564	-139	97	-71	-112	85	421	85	81303527	
-2824	-1799	-15712	-84	-560	-139	96	-72	-108	86	426	86	81303527	
-2836	-1790	-15707	-80	-563	-131	95	-74	-110	87	431	87	81303528	
-2797	-1779	-15683	-81	-563	-132	94	-76	-114	88	436	88	81303528	
-2789	-1805	-15744	-80	-564	-132	95	-77	-114	89	441	89	81303528	
-2815	-1791	-15717	-89	-567	-131	96	-78	-114	90	446	90	81303529	
-2793	-1816	-15701	-95	-576	-131	94	-74	-112	91	451	91	81303542	
-2796	-1814	-15712	-100	-582	-129	93	-71	-111	92	456	92	81303567	
-2790	-1769	-15779	-105	-575	-128	95	-70	-110	93	461	93	81303577	
-2812	-1757	-15738	-104	-566	-122	97	-69	-109	94	466	94	81303578	
-2820	-1754	-15703	-113	-569	-114	96	-74	-111	95	471	95	81303578	
-2874	-1756	-15738	-123	-568	-118	95	-77	-113	96	476	96	81303579	
-2910	-1768	-15745	-121	-562	-122	93	-78	-116	97	481	97	81303579	
-2888	-1781	-15751	-122	-559	-115	90	-78	-118	98	486	98	81303579	
-2842	-1788	-15763	-127	-555	-102	93	-75	-116	99	491	99	81303580	
-2857	-1756	-15786	-133	-543	-103	96	-72	-114	100	496	100	81303580	
-2856	-1737	-15781	-135	-542	-112	97	-74	-113	101	501	101	81303581	
-2836	-1729	-15768	-128	-545	-116	98	-76	-112	102	506	102	81303594	
-2835	-1772	-15753	-116	-538	-111	96	-75	-116	103	511	103	81303603	
-2840	-1763	-15742	-112	-530	-109	94	-74	-118	104	516	104	81303604	
-2837	-1684	-15682	-106	-531	-111	98	-76	-119	105	521	105	81303604	
-2820	-1657	-15678	-94	-537	-117	101	-77	-119	106	526	106	81303605	
-2830	-1700	-15661	-82	-539	-131	98	-73	-113	107	531	107	81303605	
-2862	-1696	-15630	-67	-541	-130	97	-71	-111	108	536	108	81303605	
-2868	-1676	-15746	-50	-535	-136	99	-73	-112	109	541	109	81303606	
-2818	-1661	-15728	-51	-539	-132	100	-74	-112	110	546	110	81303606	
-2779	-1712	-15692	-38	-549	-128	98	-72	-111	111	551	111	81303607	
-2801	-1702	-15671	-44	-563	-124	97	-71	-111	112	556	112	81303607	
-2764	-1712	-15638	-50	-570	-125	92	-75	-115	113	561	113	81303607	
-2791	-1714	-15648	-57	-566	-132	89	-77	-117	114	566	114	81303608	
-2825	-1734	-15667	-66	-565	-132	91	-75	-112	115	571	115	81303621	
-2811	-1742	-15673	-85	-568	-135	93	-73	-109	116	576	116	81303631	
-2805	-1724	-15653	-99	-571	-130	94	-71	-115	117	581	117	81303649	
-2822	-1720	-15669	-98	-581	-128	94	-70	-116	118	586	118	81303654	
-2837	-1712	-15639	-101	-581	-134	98	-72	-114	119	591	119	81303654	
-2858	-1804	-15718	-100	-568	-130	99	-73	-113	120	596	120	81303654	
-2827	-1782	-15734	-95	-572	-135	99	-73	-111	121	601	121	81303655	
-2783	-1767	-15708	-97	-575	-138	99	-73	-111	122	606	122	81303655	
-2779	-1756	-15697	-84	-570	-139	95	-71	-109	123	611	123	81303655	
-2828	-1726	-15540	-78	-555	-135	94	-70	-108	124	616	124	81303656	
-2828	-1740	-15604	-72	-569	-134	95	-75	-111	125	621	125	81303656	
-2804	-1744	-15736	-73	-562	-134	95	-75	-111	126	626	126	81303657	
-2824	-1759	-15679	-66	-558	-124	99	-71	-119	127	631	127	81303657	
-2812	-1733	-15721	-70	-551	-127	100	-70	-120	128	636	128	81303714	
-2798	-1721	-15675	-77	-554	-125	90	-73	-120	129	641	129	81303730	
-2830	-1768	-15729	-80	-561	-126	88	-74	-120	130	646	130	81303731	
-2812	-1761	-15735	-85	-561	-120	96	-74	-118	131	651	131	81303732	
-2828	-1676	-15762	-86	-553	-129	98	-74	-118	132	656	132	81303732	
-2834	-1718	-15744	-88	-558	-120	94	-74	-110	133	661	133	81303733	
-2828	-1704	-15782	-87	-552	-119	94	-74	-110	134	666	134	81303733	
-2880	-1708	-15640	-91	-561	-117	92	-72	-112	135	671	135	81303734	
-2900	-1670	-15720	-91	-573	-130	92	-72	-112	136	676	136	81303735	
-2830	-1734	-15696	-74	-566	-124	95	-71	-115	137	681	137	81303736	
-2820	-1726	-15680	-65	-583	-128	95	-71	-115	138	686	138	81303761	
-2850	-1662	-15692	-66	-570	-133	94	-72	-110	139	691	139	81303763	
-2890	-1672	-15662	-72	-565	-130	94	-72	-110	140	696	140	81303763	
-2916	-1703	-15709	-72	-577	-127	99	-71	-115	141	701	141	81303764	
-2854	-1686	-15764	-67	-578	-124	99	-71	-115	142	706	142	81303764	
-2900	-1670	-15628	-75	-570	-128	101	-71	-113	143	711	143	81303765	
-2824	-1712	-15730	-68	-580	-135	101	-71	-113	144	716	144	81303803	
-2842	-1740	-15754	-72	-564	-141	97	-77	-113	145	721	145	81303803	
-2802	-1722	-15790	-63	-571	-135	97	-77	-113	146	726	146	81303804	
-2874	-1718	-15736	-73	-574	-137	94	-80	-106	147	731	147	81303804	
-2824	-1716	-15744	-65	-586	-148	94	-80	-106	148	736	148	81303805	
-2848	-1723	-15665	-71	-572	-129	96	-72	-116	149	741	149	81303805	
-2834	-1742	-15742	-69	-576	-125	96	-73	-115	150	746	150	81303806	
-2795	-1734	-15741	-70	-567	-125	96	-76	-110	151	751	151	81303806	
-2818	-1738	-15840	-80	-576	-130	96	-76	-111	152	756	152	81303807	
-2804	-1763	-15765	-74	-574	-127	97	-75	-115	153	761	153	81303808	
-2816	-1762	-15735	-73	-574	-134	97	-75	-116	154	766	154	81303809	
-2791	-1733	-15780	-75	-576	-134	95	-73	-121	155	771	155	81303809	
-2785	-1708	-15719	-76	-573	-123	95	-73	-120	156	776	156	81303813	
-2820	-1716	-15724	-64	-569	-119	97	-71	-117	157	781	157	81303825	
-2828	-1784	-15694	-49	-569	-126	97	-71	-117	158	786	158	81303826	
-2796	-1797	-15708	-56	-575	-128	95	-73	-117	159	791	159	81303832	
-2840	-1808	-15726	-56	-560	-131	95	-73	-117	160	796	160	81303852	
-2879	-1803	-15667	-47	-543	-126	93	-71	-115	161	801	161	81303852	
-2883	-1799	-15676	-46	-544	-127	94	-71	-114	162	806	162	81303853	
-2866	-1740	-15642	-54	-546	-124	100	-70	-112	163	811	163	81303869	
-2815	-1755	-15709	-62	-546	-122	99	-70	-113	164	816	164	81303929	
-2810	-1772	-15769	-65	-538	-123	94	-70	-116	165	821	165	81303930	
-2835	-1749	-15688	-72	-551	-126	95	-70	-113	166	826	166	81303930	
-2846	-1756	-15652	-78	-551	-124	97	-71	-109	167	831	167	81303930	
-2827	-1746	-15648	-92	-562	-128	95	-72	-113	168	836	168	81303931	
-2827	-1748	-15716	-97	-562	-128	93	-73	-119	169	841	169	81303931	
-2774	-1750	-15669	-101	-550	-125	93	-72	-115	170	846	170	81303932	
-2795	-1744	-15611	-105	-550	-124	94	-70	-110	171	851	171	81303932	
-2849	-1742	-15668	-104	-561	-128	95	-70	-111	172	856	172	81303932	
-2806	-1741	-15646	-112	-557	-128	99	-71	-113	173	861	173	81303933	
-2770	-1698	-15727	-112	-567	-115	96	-74	-112	174	866	174	81303933	
-2830	-1744	-15686	-116	-582	-121	91	-79	-111	175	871	175	81303934	
-2846	-1746	-15736	-114	-572	-120	93	-76	-112	176	876	176	81303934	
-2852	-1746	-15770	-107	-558	-122	97	-71	-113	177	881	177	81303953	
-2850	-1732	-15742	-114	-562	-123	95	-74	-114	178	886	178	81303980	
-2832	-1734	-15672	-117	-563	-118	92	-78	-116	179	891	179	81303980	
-2847	-1729	-15703	-114	-563	-119	93	-78	-115	180	896	180	81303980	
-2832	-1730	-15690	-112	-558	-116	95	-77	-113	181	901	181	81303981	
-2789	-1733	-15689	-110	-556	-113	94	-75	-113	182	906	182	81303982	
-2799	-1732	-15795	-113	-561	-122	92	-72	-112	183	911	183	81304013	
-2785	-1718	-15793	-110	-556	-125	95	-71	-111	184	916	184	81304033	
-2793	-1744	-15751	-99	-552	-125	97	-71	-111	185	921	185	81304034	
-2812	-1762	-15718	-93	-552	-125	97	-73	-113	186	926	186	81304034	
-2823	-1728	-15705	-90	-552	-120	96	-74	-114	187	931	187	81304034	
-2835	-1699	-15697	-89	-559	-119	96	-73	-112	188	936	188	81304035	
-2827	-1726	-15652	-87	-566	-128	95	-71	-109	189	941	189	81304035	
-2851	-1718	-15634	-86	-560	-132	99	-73	-110	190	946	190	81304036	
-2838	-1702	-15680	-89	-554	-123	102	-74	-110	191	951	191	81304036	
-2803	-1712	-15672	-82	-553	-125	99	-75	-112	192	956	192	81304037	
-2735	-1735	-15709	-84	-554	-129	97	-75	-113	193	961	193	81304037	
-2768	-1711	-15690	-90	-562	-130	96	-75	-113	194	966	194	81304038	
-2803	-1713	-15703	-90	-566	-127	95	-75	-113	195	971	195	81304038	
-2807	-1720	-15682	-82	-567	-126	95	-76	-111	196	976	196	81304039	
-2810	-1700	-15697	-82	-569	-123	95	-77	-109	197	981	197	81304050	
-2807	-1751	-15716	-82	-569	-123	91	-76	-113	198	986	198	81304058	
-2901	-1725	-15750	-71	-568	-121	89	-75	-115	199	991	199	81304059	
-2889	-1742	-15674	-75	-564	-128	95	-75	-113	200	996	200	81304059	
-2875	-1731	-15645	-73	-575	-130	97	-75	-113	201	1001	201	81304060	
