50	-1360	-18106	-136	-351	95	7	-99	-133	1	1	1	81300077	
138	-1394	-18062	-148	-360	88	14	-110	-130	2	6	2	81300078	
74	-1334	-18120	-151	-362	90	14	-110	-130	3	11	3	81300079	
60	-1390	-18152	-134	-365	98	15	-99	-135	4	16	4	81300080	
80	-1442	-18198	-124	-371	101	15	-99	-135	5	21	5	81300081	
84	-1406	-18068	-129	-360	104	15	-103	-135	6	26	6	81300081	
64	-1408	-18174	-132	-360	98	15	-103	-135	7	31	7	81300129	
66	-1380	-18108	-114	-355	96	10	-110	-126	8	36	8	81300129	
94	-1346	-18139	-117	-351	110	11	-109	-127	9	41	9	81300130	
63	-1376	-18115	-114	-349	108	16	-106	-130	10	46	10	81300130	
129	-1387	-18106	-125	-346	94	14	-105	-130	11	51	11	81300141	
122	-1377	-18120	-119	-340	94	6	-102	-128	12	56	12	81300183	
102	-1382	-18005	-138	-339	88	7	-102	-129	13	61	13	81300184	
50	-1384	-17977	-145	-329	87	9	-103	-131	14	66	14	81300185	
82	-1342	-18022	-160	-323	92	10	-103	-131	15	71	15	81300186	
121	-1306	-18061	-177	-322	89	15	-105	-133	16	76	16	81300186	
118	-1318	-18073	-195	-324	84	14	-105	-132	17	81	17	81300187	
108	-1338	-18049	-216	-321	72	11	-105	-129	18	86	18	81300188	
96	-1288	-18038	-224	-316	64	10	-103	-130	19	91	19	81300189	
163	-1293	-18056	-231	-311	59	9	-99	-131	20	96	20	81300190	
131	-1306	-18096	-237	-315	58	9	-101	-131	21	101	21	81300190	
97	-1322	-18090	-230	-323	65	9	-105	-131	22	106	22	81300191	
125	-1330	-18098	-213	-331	64	9	-106	-130	23	111	23	81300192	
120	-1330	-18046	-187	-345	64	10	-108	-128	24	116	24	81300192	
112	-1344	-18009	-168	-356	68	13	-108	-128	25	121	25	81300192	
133	-1351	-18043	-135	-356	63	17	-107	-129	26	126	26	81300199	
112	-1301	-18058	-110	-357	67	9	-106	-133	27	131	27	81300220	
81	-1300	-18091	-99	-362	68	4	-106	-136	28	136	28	81300231	
77	-1340	-18094	-94	-367	65	9	-109	-137	29	141	29	81300233	
70	-1346	-18072	-82	-366	68	13	-111	-137	30	146	30	81300234	
76	-1339	-18122	-77	-360	73	12	-105	-133	31	151	31	81300235	
76	-1348	-18130	-93	-361	68	11	-101	-131	32	156	32	81300248	
56	-1379	-18129	-102	-362	63	9	-103	-130	33	161	33	81300256	
69	-1353	-18093	-121	-361	69	8	-104	-130	34	166	34	81300257	
49	-1346	-18102	-144	-355	77	10	-106	-132	35	171	35	81300258	
85	-1391	-18186	-161	-347	71	10	-106	-132	36	176	36	81300259	
88	-1376	-18104	-164	-337	65	9	-107	-133	37	181	37	81300259	
116	-1325	-18073	-174	-334	74	9	-107	-133	38	186	38	81300260	
98	-1338	-18090	-180	-332	71	13	-111	-135	39	191	39	81300260	
58	-1352	-18094	-184	-334	74	14	-112	-136	40	196	40	81300260	
82	-1346	-18105	-172	-336	73	12	-105	-137	41	201	41	81300261	
31	-1307	-18070	-162	-346	78	11	-103	-137	42	206	42	81300279	
60	-1332	-18130	-159	-340	86	10	-108	-132	43	211	43	81300336	
38	-1328	-18126	-163	-349	75	10	-108	-132	44	216	44	81300337	
128	-1330	-18100	-161	-350	73	13	-107	-133	45	221	45	81300338	
114	-1332	-18106	-156	-346	84	13	-107	-133	46	226	46	81300338	
98	-1294	-18048	-154	-350	82	5	-111	-135	47	231	47	81300339	
12	-1260	-18138	-158	-349	82	5	-111	-135	48	236	48	81300339	
96	-1296	-18024	-158	-344	77	7	-109	-133	49	241	49	81300340	
50	-1348	-18122	-162	-337	89	7	-109	-133	50	246	50	81300340	
85	-1322	-18110	-149	-339	85	7	-103	-131	51	251	51	81300346	
80	-1352	-18106	-150	-336	78	7	-103	-130	52	256	52	81300370	
77	-1334	-18079	-147	-338	85	7	-105	-125	53	261	53	81300392	
63	-1340	-18176	-138	-341	85	8	-106	-125	54	266	54	81300392	
94	-1359	-18190	-127	-348	77	14	-108	-126	55	271	55	81300393	
95	-1332	-18180	-118	-354	79	14	-107	-127	56	276	56	81300394	
71	-1322	-18148	-117	-351	89	14	-102	-132	57	281	57	81300394	
76	-1379	-18151	-116	-355	85	13	-102	-132	58	286	58	81300399	
102	-1367	-18118	-114	-361	77	8	-100	-134	59	291	59	81300417	
22	-1373	-18066	-121	-362	79	10	-103	-133	60	296	60	81300418	
84	-1391	-18055	-125	-370	85	13	-107	-131	61	301	61	81300418	
113	-1364	-18100	-133	-375	88	12	-107	-133	62	306	62	81300418	
109	-1348	-18133	-126	-370	85	11	-107	-135	63	311	63	81300419	
95	-1362	-18100	-128	-364	84	11	-107	-134	64	316	64	81300419	
114	-1430	-18135	-137	-359	78	10	-106	-132	65	321	65	81300420	
117	-1403	-18175	-134	-356	78	12	-105	-133	66	326	66	81300420	
149	-1401	-18131	-133	-359	75	16	-104	-134	67	331	67	81300421	
119	-1398	-18106	-141	-353	74	9	-106	-136	68	336	68	81300421	
90	-1373	-18083	-147	-351	70	5	-107	-137	69	341	69	81300422	
100	-1402	-18094	-156	-347	66	8	-104	-130	70	346	70	81300433	
80	-1402	-18134	-162	-344	66	10	-102	-126	71	351	71	81300441	
98	-1365	-18125	-167	-350	69	11	-103	-130	72	356	72	81300441	
100	-1373	-18148	-172	-347	73	11	-103	-133	73	361	73	81300442	
67	-1405	-18079	-169	-341	71	7	-102	-131	74	366	74	81300459	
70	-1423	-18086	-171	-337	70	4	-102	-130	75	371	75	81300471	
98	-1395	-18045	-173	-336	78	10	-104	-136	76	376	76	81300472	
37	-1382	-18038	-167	-341	76	12	-104	-138	77	381	77	81300473	
60	-1387	-18033	-159	-344	79	14	-100	-136	78	386	78	81300473	
116	-1351	-18054	-148	-341	73	15	-99	-135	79	391	79	81300474	
115	-1387	-18025	-142	-347	70	6	-103	-133	80	396	80	81300475	
106	-1392	-17992	-147	-345	70	4	-104	-132	81	401	81	81300476	
115	-1385	-18044	-140	-345	79	11	-103	-134	82	406	82	81300476	
112	-1331	-18053	-140	-349	78	13	-103	-135	83	411	83	81300477	
102	-1356	-18080	-142	-344	70	13	-103	-131	84	416	84	81300477	
106	-1370	-18164	-153	-348	73	13	-103	-131	85	421	85	81300523	
156	-1316	-18018	-171	-352	71	12	-102	-132	86	426	86	81300543	
150	-1324	-18056	-161	-342	76	12	-102	-132	87	431	87	81300544	
102	-1350	-18086	-160	-340	76	15	-99	-131	88	436	88	81300545	
84	-1304	-18132	-167	-350	78	15	-99	-131	89	441	89	81300545	
118	-1322	-18016	-189	-343	82	4	-100	-132	90	446	90	81300545	
122	-1350	-18056	-185	-336	75	4	-100	-132	91	451	91	81300546	
56	-1362	-18014	-181	-338	78	4	-106	-136	92	456	92	81300546	
165	-1332	-18092	-170	-340	80	6	-106	-135	93	461	93	81300547	
118	-1314	-18126	-171	-348	75	13	-105	-131	94	466	94	81300548	
93	-1342	-18135	-161	-353	67	13	-105	-132	95	471	95	81300553	
128	-1345	-18139	-151	-341	77	13	-107	-135	96	476	96	81300578	
64	-1335	-18164	-150	-340	75	13	-107	-134	97	481	97	81300600	
88	-1328	-18153	-152	-339	72	13	-107	-131	98	486	98	81300600	
87	-1269	-18139	-150	-343	76	14	-107	-131	99	491	99	81300601	
103	-1329	-18163	-136	-338	78	17	-107	-129	100	496	100	81300601	
79	-1330	-18175	-136	-345	80	15	-106	-131	101	501	101	81300601	
75	-1324	-18194	-129	-344	82	11	-105	-135	102	506	102	81300602	
75	-1306	-18180	-127	-340	77	12	-104	-133	103	511	103	81300602	
69	-1329	-18146	-132	-342	72	14	-102	-130	104	516	104	81300603	
52	-1337	-18155	-129	-344	74	13	-103	-132	105	521	105	81300603	
36	-1327	-18146	-138	-350	81	11	-105	-135	106	526	106	81300604	
91	-1316	-18159	-140	-353	84	9	-105	-133	107	531	107	81300605	
74	-1306	-18152	-136	-348	82	7	-105	-131	108	536	108	81300606	
69	-1331	-18149	-136	-353	81	8	-104	-136	109	541	109	81300616	
94	-1348	-18118	-132	-352	77	9	-103	-141	110	546	110	81300626	
134	-1347	-18136	-132	-356	78	12	-104	-136	111	551	111	81300640	
131	-1338	-18163	-141	-354	80	14	-104	-132	112	556	112	81300651	
102	-1306	-18146	-137	-355	79	6	-103	-128	113	561	113	81300653	
110	-1337	-18151	-138	-357	80	0	-102	-126	114	566	114	81300654	
80	-1346	-18145	-148	-362	82	8	-104	-133	115	571	115	81300654	
52	-1357	-18163	-147	-364	81	13	-105	-137	116	576	116	81300655	
49	-1313	-18142	-146	-361	74	4	-113	-140	117	581	117	81300656	
66	-1335	-18115	-154	-358	74	1	-115	-141	118	586	118	81300656	
83	-1319	-18122	-155	-357	71	11	-108	-139	119	591	119	81300657	
76	-1347	-18126	-154	-358	68	14	-106	-138	120	596	120	81300657	
106	-1297	-18089	-148	-356	75	6	-111	-125	121	601	121	81300657	
101	-1330	-18053	-156	-350	74	4	-112	-122	122	606	122	81300658	
156	-1336	-18078	-156	-344	71	7	-106	-127	123	611	123	81300658	
82	-1401	-18014	-155	-342	66	8	-104	-128	124	616	124	81300659	
108	-1389	-18042	-166	-340	69	7	-105	-130	125	621	125	81300660	
194	-1324	-18032	-152	-323	71	7	-105	-131	126	626	126	81300674	
78	-1336	-17978	-153	-328	71	10	-100	-134	127	631	127	81300752	
172	-1306	-18014	-155	-327	68	10	-100	-134	128	636	128	81300754	
168	-1344	-18006	-157	-328	65	14	-102	-134	129	641	129	81300754	
182	-1346	-17942	-163	-341	64	14	-102	-134	130	646	130	81300755	
198	-1348	-18056	-167	-335	62	8	-102	-130	131	651	131	81300755	
118	-1220	-18168	-164	-343	54	8	-102	-130	132	656	132	81300755	
136	-1310	-18090	-168	-351	68	11	-103	-137	133	661	133	81300756	
115	-1299	-18092	-171	-362	59	11	-103	-136	134	666	134	81300756	
102	-1325	-18071	-159	-375	58	10	-102	-134	135	671	135	81300757	
98	-1332	-18132	-143	-373	65	10	-103	-134	136	676	136	81300761	
93	-1368	-18080	-116	-379	70	10	-108	-134	137	681	137	81300784	
33	-1330	-18081	-101	-376	69	11	-106	-134	138	686	138	81300807	
94	-1341	-18061	-98	-371	72	14	-100	-136	139	691	139	81300808	
50	-1346	-18099	-89	-365	75	14	-101	-136	140	696	140	81300808	
-12	-1345	-18045	-73	-362	75	14	-104	-134	141	701	141	81300809	
25	-1414	-18149	-79	-360	82	13	-105	-134	142	706	142	81300809	
57	-1353	-18142	-75	-359	85	10	-106	-134	143	711	143	81300809	
86	-1362	-18146	-86	-355	84	13	-106	-134	144	716	144	81300810	
84	-1382	-18131	-100	-350	87	17	-107	-135	145	721	145	81300810	
112	-1404	-18166	-110	-347	91	15	-105	-137	146	726	146	81300811	
137	-1376	-18147	-127	-353	87	11	-101	-139	147	731	147	81300812	
109	-1421	-18152	-144	-363	84	11	-102	-134	148	736	148	81300812	
70	-1461	-18134	-138	-359	90	11	-103	-127	149	741	149	81300813	
85	-1456	-18187	-139	-360	96	13	-102	-129	150	746	150	81300814	
88	-1438	-18214	-142	-362	99	17	-101	-131	151	751	151	81300814	
79	-1462	-18208	-134	-359	99	8	-102	-130	152	756	152	81300823	
86	-1406	-18167	-124	-359	104	2	-102	-130	153	761	153	81300831	
70	-1400	-18116	-117	-351	101	7	-104	-137	154	766	154	81300833	
78	-1390	-18152	-118	-352	99	11	-105	-141	155	771	155	81300834	
90	-1365	-18122	-119	-355	95	13	-104	-137	156	776	156	81300835	
89	-1386	-18078	-117	-356	95	14	-104	-134	157	781	157	81300836	
95	-1402	-18072	-115	-355	97	15	-103	-132	158	786	158	81300837	
105	-1381	-18098	-115	-347	93	15	-101	-129	159	791	159	81300838	
113	-1356	-18093	-123	-337	93	13	-108	-136	160	796	160	81300839	
121	-1355	-18053	-145	-330	89	12	-112	-140	161	801	161	81300841	
136	-1362	-18078	-158	-333	82	11	-105	-139	162	806	162	81300842	
119	-1346	-18076	-168	-330	76	10	-100	-138	163	811	163	81300867	
104	-1345	-18051	-182	-322	72	10	-102	-137	164	816	164	81300914	
144	-1317	-18070	-207	-316	71	10	-104	-136	165	821	165	81300936	
152	-1290	-18076	-232	-323	75	11	-107	-135	166	826	166	81300937	
122	-1312	-18097	-248	-316	68	11	-109	-135	167	831	167	81300937	
105	-1320	-18037	-254	-314	61	9	-105	-128	168	836	168	81300938	
136	-1320	-18041	-238	-323	64	8	-104	-126	169	841	169	81300939	
109	-1317	-17972	-229	-322	67	11	-104	-134	170	846	170	81300939	
74	-1297	-18018	-203	-330	59	12	-104	-136	171	851	171	81300940	
97	-1270	-18015	-186	-342	62	14	-106	-133	172	856	172	81300940	
146	-1325	-18064	-154	-352	69	14	-106	-132	173	861	173	81300941	
82	-1332	-18040	-123	-355	70	12	-107	-133	174	866	174	81300956	
82	-1372	-18083	-111	-360	64	11	-107	-133	175	871	175	81300981	
134	-1322	-18104	-104	-369	66	9	-101	-133	176	876	176	81300987	
108	-1360	-18064	-97	-367	64	9	-101	-133	177	881	177	81300987	
86	-1312	-18074	-102	-363	69	12	-104	-130	178	886	178	81300988	
104	-1386	-18088	-101	-376	69	12	-104	-130	179	891	179	81300989	
62	-1308	-18074	-111	-373	75	13	-107	-133	180	896	180	81300989	
34	-1332	-18178	-122	-362	75	13	-107	-133	181	901	181	81300990	
-2	-1318	-18182	-134	-351	73	19	-103	-129	182	906	182	81300991	
106	-1364	-18120	-142	-346	72	19	-103	-129	183	911	183	81300991	
98	-1308	-18103	-167	-333	68	19	-107	-131	184	916	184	81300992	
61	-1314	-18119	-184	-336	71	18	-107	-130	185	921	185	81300993	
49	-1338	-18094	-180	-343	70	15	-107	-127	186	926	186	81300993	
64	-1350	-18176	-177	-347	73	15	-107	-128	187	931	187	81300996	
122	-1367	-18074	-182	-350	67	14	-106	-134	188	936	188	81301010	
47	-1341	-18060	-180	-347	66	14	-106	-133	189	941	189	81301013	
-3	-1314	-18116	-177	-355	69	16	-108	-130	190	946	190	81301013	
8	-1326	-18134	-172	-358	73	15	-106	-131	191	951	191	81301013	
59	-1328	-18049	-175	-359	74	13	-97	-133	192	956	192	81301015	
106	-1288	-18096	-172	-358	76	11	-100	-131	193	961	193	81301016	
96	-1301	-18148	-165	-350	76	7	-105	-129	194	966	194	81301035	
53	-1309	-18134	-165	-350	81	11	-105	-130	195	971	195	81301064	
12	-1305	-18074	-157	-346	86	17	-105	-131	196	976	196	81301064	
27	-1325	-18098	-149	-342	87	14	-104	-131	197	981	197	81301065	
58	-1343	-18079	-144	-342	88	10	-102	-130	198	986	198	81301066	
60	-1330	-18034	-135	-344	89	9	-104	-133	199	991	199	81301066	
8	-1320	-18063	-129	-347	84	8	-108	-138	200	996	200	81301067	
