-5234	-2512	-17290	-197	-299	-3	-99	57	-273	4241	21205	4241	71149338
-5204	-2532	-17352	-157	-302	-8	-96	60	-272	4242	21210	4242	71149338
-5244	-2524	-17338	-154	-322	11	-96	60	-272	4243	21215	4243	71149339
-5216	-2428	-17458	-94	-370	16	-93	57	-273	4244	21220	4244	71149339
-5162	-2422	-17316	5	-403	34	-93	57	-273	4245	21225	4245	71149339
-5192	-2406	-17236	42	-410	36	-98	60	-278	4246	21230	4246	71149339
-5206	-2454	-17282	123	-429	66	-98	60	-278	4247	21235	4247	71149340
-5160	-2440	-17206	152	-447	64	-99	59	-271	4248	21240	4248	71149362
-5176	-2430	-17184	148	-440	93	-99	59	-271	4249	21245	4249	71149362
-5178	-2480	-17106	117	-434	92	-95	65	-275	4250	21250	4250	71149362
-5088	-2498	-17068	34	-411	102	-95	65	-275	4251	21255	4251	71149363
-5164	-2448	-17126	-55	-375	108	-94	54	-274	4252	21260	4252	71149363
-5140	-2400	-17080	-130	-365	114	-94	54	-274	4253	21265	4253	71149363
-5144	-2406	-17044	-263	-352	117	-91	57	-275	4254	21270	4254	71149364
-5170	-2370	-17158	-351	-316	115	-91	57	-275	4255	21275	4255	71149364
-5156	-2342	-17130	-382	-292	120	-94	60	-270	4256	21280	4256	71149364
-5192	-2372	-17156	-422	-241	131	-94	60	-270	4257	21285	4257	71149364
-5192	-2350	-17194	-433	-210	153	-101	53	-279	4258	21290	4258	71149364
-5162	-2362	-17204	-444	-223	138	-101	53	-279	4259	21295	4259	71149365
-5198	-2360	-17274	-425	-205	132	-93	59	-273	4260	21300	4260	71149365
-5180	-2364	-17284	-404	-231	140	-93	59	-273	4261	21305	4261	71149390
-5162	-2330	-17298	-383	-264	127	-102	60	-268	4262	21310	4262	71149442
-5136	-2428	-17236	-352	-283	122	-102	60	-268	4263	21315	4263	71149442
-5174	-2500	-17214	-283	-331	117	-101	59	-279	4264	21320	4264	71149443
-5200	-2544	-17288	-173	-350	109	-101	59	-279	4265	21325	4265	71149443
-5204	-2524	-17256	-113	-353	119	-98	58	-274	4266	21330	4266	71149443
-5184	-2518	-17230	-41	-363	94	-98	58	-274	4267	21335	4267	71149443
-5184	-2532	-17226	1	-374	90	-99	51	-279	4268	21340	4268	71149444
-5150	-2552	-17212	-15	-368	95	-99	51	-279	4269	21345	4269	71149444
-5126	-2414	-17200	-38	-388	87	-99	63	-277	4270	21350	4270	71149444
-5160	-2414	-17180	-41	-404	103	-99	63	-277	4271	21355	4271	71149444
-5156	-2410	-17106	-32	-418	103	-104	52	-270	4272	21360	4272	71149445
-5146	-2362	-17098	22	-434	94	-104	52	-270	4273	21365	4273	71149445
-5178	-2376	-17116	52	-432	100	-102	56	-276	4274	21370	4274	71149461
-5186	-2396	-17126	39	-428	103	-102	56	-276	4275	21375	4275	71149461
-5180	-2344	-17176	26	-428	110	-96	56	-272	4276	21380	4276	71149462
-5134	-2324	-17176	-57	-405	121	-96	56	-272	4277	21385	4277	71149462
-5144	-2394	-17164	-160	-366	125	-103	55	-275	4278	21390	4278	71149462
-5128	-2308	-17168	-213	-374	121	-103	55	-275	4279	21395	4279	71149462
-5110	-2306	-17190	-310	-312	122	-96	58	-272	4280	21400	4280	71149463
-5164	-2304	-17176	-392	-252	129	-96	58	-272	4281	21405	4281	71149463
-5210	-2270	-17160	-434	-240	129	-107	63	-281	4282	21410	4282	71149484
-5148	-2272	-17110	-488	-232	132	-107	63	-281	4283	21415	4283	71149484
-5108	-2324	-17212	-496	-222	118	-102	54	-272	4284	21420	4284	71149507
-5116	-2346	-17110	-524	-224	115	-102	54	-272	4285	21425	4285	71149536
-5112	-2338	-17208	-491	-210	104	-103	57	-275	4286	21430	4286	71149537
-5084	-2278	-17280	-453	-225	110	-103	57	-275	4287	21435	4287	71149537
-5118	-2380	-17316	-398	-256	113	-102	50	-280	4288	21440	4288	71149537
-5130	-2296	-17240	-362	-296	116	-102	50	-280	4289	21445	4289	71149537
-5170	-2326	-17376	-227	-339	118	-98	60	-276	4290	21450	4290	71149538
-5206	-2312	-17320	-124	-373	112	-98	60	-276	4291	21455	4291	71149539
-5166	-2362	-17318	-57	-412	106	-95	57	-271	4292	21460	4292	71149539
-5202	-2378	-17352	63	-443	97	-95	57	-271	4293	21465	4293	71149539
-5174	-2384	-17326	128	-465	102	-101	59	-275	4294	21470	4294	71149539
-5144	-2354	-17248	138	-460	98	-101	59	-275	4295	21475	4295	71149540
-5216	-2306	-17228	138	-469	111	-97	61	-271	4296	21480	4296	71149540
-5140	-2368	-17198	112	-450	94	-97	61	-271	4297	21485	4297	71149541
-5106	-2348	-17196	73	-461	105	-105	59	-273	4298	21490	4298	71149541
-5148	-2290	-17080	59	-451	109	-105	59	-273	4299	21495	4299	71149541
-5142	-2294	-16956	-13	-463	118	-101	61	-273	4300	21500	4300	71149542
-5110	-2266	-17006	-98	-437	122	-101	61	-273	4301	21505	4301	71149542
-5170	-2292	-17064	-121	-420	144	-103	61	-273	4302	21510	4302	71149542
-5210	-2330	-17094	-206	-353	122	-103	61	-273	4303	21515	4303	71149542
-5182	-2302	-17070	-343	-255	139	-101	53	-267	4304	21520	4304	71149543
-5190	-2334	-17208	-492	-198	136	-101	53	-267	4305	21525	4305	71149544
-5158	-2328	-17282	-546	-195	138	-98	60	-278	4306	21530	4306	71149544
-5166	-2360	-17234	-609	-214	147	-98	60	-278	4307	21535	4307	71149544
-5220	-2402	-17296	-576	-236	148	-105	55	-279	4308	21540	4308	71149544
-5222	-2388	-17272	-523	-239	140	-105	55	-279	4309	21545	4309	71149545
-5208	-2444	-17348	-364	-269	146	-103	61	-273	4310	21550	4310	71149614
-5210	-2488	-17322	-194	-318	152	-103	61	-273	4311	21555	4311	71149615
-5204	-2498	-17322	-120	-355	142	-104	60	-276	4312	21560	4312	71149647
-5210	-2554	-17320	0	-405	133	-104	60	-276	4313	21565	4313	71149648
-5148	-2564	-17396	61	-439	107	-101	57	-273	4314	21570	4314	71149648
-5142	-2546	-17362	100	-440	87	-101	57	-273	4315	21575	4315	71149648
-5152	-2540	-17376	106	-441	72	-105	63	-277	4316	21580	4316	71149650
-5242	-2556	-17172	98	-451	65	-105	63	-277	4317	21585	4317	71149650
-5128	-2494	-17152	80	-487	59	-99	57	-273	4318	21590	4318	71149650
-5144	-2428	-17110	68	-491	69	-99	57	-273	4319	21595	4319	71149693
-5146	-2360	-17090	47	-492	63	-100	56	-274	4320	21600	4320	71149694
-5106	-2366	-17038	23	-453	76	-100	56	-274	4321	21605	4321	71149694
-5134	-2404	-16964	-1	-425	80	-103	63	-275	4322	21610	4322	71149694
-5094	-2378	-16954	-90	-372	76	-103	63	-275	4323	21615	4323	71149694
-5202	-2424	-17068	-245	-318	88	-103	57	-277	4324	21620	4324	71149695
-5188	-2376	-17098	-389	-267	94	-103	57	-277	4325	21625	4325	71149695
-5202	-2340	-17200	-453	-246	114	-101	55	-277	4326	21630	4326	71149695
-5210	-2314	-17248	-558	-215	135	-101	55	-277	4327	21635	4327	71149695
-5156	-2484	-17270	-599	-205	138	-100	54	-276	4328	21640	4328	71149696
-5222	-2404	-17250	-567	-209	134	-100	54	-276	4329	21645	4329	71149696
-5190	-2434	-17324	-463	-236	156	-100	56	-270	4330	21650	4330	71149696
-5188	-2468	-17344	-309	-264	153	-100	56	-270	4331	21655	4331	71149696
-5190	-2448	-17376	-230	-293	169	-99	55	-271	4332	21660	4332	71149716
-5184	-2470	-17376	-88	-335	133	-99	55	-271	4333	21665	4333	71149716
-5186	-2440	-17312	40	-387	120	-99	57	-273	4334	21670	4334	71149717
-5100	-2514	-17372	73	-425	116	-99	57	-273	4335	21675	4335	71149717
-5096	-2476	-17322	85	-436	97	-98	60	-276	4336	21680	4336	71149717
-5026	-2450	-17210	62	-455	70	-98	60	-276	4337	21685	4337	71149717
-5012	-2388	-17056	45	-476	71	-101	59	-275	4338	21690	4338	71149798
-4974	-2404	-17134	28	-488	59	-101	59	-275	4339	21695	4339	71149798
-4990	-2352	-17098	-5	-485	42	-102	62	-274	4340	21700	4340	71149798
-5036	-2368	-17046	-6	-465	27	-102	62	-274	4341	21705	4341	71149799
-5108	-2282	-17048	-4	-449	28	-100	54	-276	4342	21710	4342	71149799
-5136	-2322	-16992	-37	-441	20	-100	54	-276	4343	21715	4343	71149799
-5064	-2232	-17120	-130	-396	31	-96	58	-276	4344	21720	4344	71149799
-5136	-2248	-17110	-209	-385	28	-96	58	-276	4345	21725	4345	71149800
-5184	-2212	-17178	-354	-342	40	-100	54	-278	4346	21730	4346	71149800
-5246	-2286	-17162	-512	-276	58	-100	54	-278	4347	21735	4347	71149800
-5310	-2314	-17208	-580	-249	89	-94	62	-272	4348	21740	4348	71149800
-5258	-2266	-17236	-614	-245	89	-94	62	-272	4349	21745	4349	71149878
-5224	-2386	-17252	-614	-243	110	-102	58	-274	4350	21750	4350	71149878
-5238	-2278	-17304	-544	-247	132	-102	58	-274	4351	21755	4351	71149879
-5282	-2288	-17320	-479	-246	132	-97	61	-271	4352	21760	4352	71149879
-5198	-2310	-17318	-353	-263	138	-97	61	-271	4353	21765	4353	71149879
-5150	-2344	-17398	-182	-296	158	-110	50	-276	4354	21770	4354	71149879
-5182	-2378	-17340	-100	-347	159	-110	50	-276	4355	21775	4355	71149880
-5182	-2398	-17372	45	-407	157	-100	58	-270	4356	21780	4356	71149880
-5202	-2428	-17402	183	-473	146	-100	58	-270	4357	21785	4357	71149880
-5160	-2406	-17278	249	-479	128	-100	62	-274	4358	21790	4358	71149880
-5174	-2380	-17328	286	-498	141	-100	62	-274	4359	21795	4359	71149902
-5118	-2430	-17228	331	-515	117	-102	62	-272	4360	21800	4360	71149902
-5196	-2380	-17002	284	-519	103	-102	62	-272	4361	21805	4361	71149902
-5158	-2400	-17068	223	-515	90	-95	57	-269	4362	21810	4362	71149903
-5152	-2440	-17054	91	-513	83	-95	57	-269	4363	21815	4363	71149903
-5134	-2404	-17046	-56	-462	72	-101	57	-273	4364	21820	4364	71149903
-5128	-2462	-16988	-135	-445	62	-101	57	-273	4365	21825	4365	71149903
-5086	-2402	-16996	-277	-377	44	-96	56	-272	4366	21830	4366	71149904
-5208	-2380	-17116	-418	-285	48	-96	56	-272	4367	21835	4367	71149904
-5178	-2314	-17184	-538	-203	49	-98	56	-270	4368	21840	4368	71149904
-5174	-2302	-17126	-570	-168	41	-98	56	-270	4369	21845	4369	71149904
-5150	-2324	-17130	-649	-147	40	-98	58	-274	4370	21850	4370	71149905
-5160	-2256	-17242	-633	-195	38	-98	58	-274	4371	21855	4371	71149981
-5150	-2240	-17248	-585	-225	49	-99	57	-277	4372	21860	4372	71149981
-5166	-2240	-17230	-468	-308	58	-99	57	-277	4373	21865	4373	71149981
-5224	-2314	-17394	-266	-358	62	-100	62	-276	4374	21870	4374	71149982
-5300	-2362	-17476	-148	-375	85	-100	62	-276	4375	21875	4375	71150008
-5304	-2428	-17650	29	-409	80	-103	57	-275	4376	21880	4376	71150009
-5184	-2428	-17652	153	-429	74	-103	57	-275	4377	21885	4377	71150016
-5200	-2454	-17632	237	-445	64	-100	58	-272	4378	21890	4378	71150021
-5112	-2406	-17412	273	-463	62	-100	58	-272	4379	21895	4379	71150029
-5134	-2428	-17340	359	-499	72	-100	58	-276	4380	21900	4380	71150038
-4996	-2388	-17300	421	-572	72	-100	58	-276	4381	21905	4381	71150041
-5022	-2410	-17118	434	-603	69	-96	54	-270	4382	21910	4382	71150041
-4994	-2406	-17066	412	-647	69	-96	54	-270	4383	21915	4383	71150041
-5024	-2372	-17008	340	-658	69	-102	60	-276	4384	21920	4384	71150042
-5026	-2402	-17032	336	-665	58	-102	60	-276	4385	21925	4385	71150042
-5006	-2376	-16996	287	-632	67	-93	57	-269	4386	21930	4386	71150042
-5140	-2338	-17088	204	-593	56	-93	57	-269	4387	21935	4387	71150043
-5114	-2396	-17072	101	-526	55	-101	59	-269	4388	21940	4388	71150043
-5224	-2458	-16992	36	-489	45	-101	59	-269	4389	21945	4389	71150043
-5230	-2430	-17008	-99	-442	46	-98	60	-278	4390	21950	4390	71150043
-5270	-2452	-17082	-225	-376	36	-98	60	-278	4391	21955	4391	71150044
-5320	-2410	-17028	-274	-346	30	-101	59	-273	4392	21960	4392	71150044
-5326	-2464	-17012	-374	-276	27	-101	59	-273	4393	21965	4393	71150044
-5286	-2398	-17116	-506	-215	47	-96	60	-272	4394	21970	4394	71150044
-5336	-2374	-17094	-566	-195	57	-96	60	-272	4395	21975	4395	71150044
-5304	-2406	-17190	-653	-157	60	-102	56	-266	4396	21980	4396	71150045
-5234	-2334	-17266	-682	-157	88	-102	56	-266	4397	21985	4397	71150045
-5226	-2338	-17360	-656	-188	76	-97	63	-271	4398	21990	4398	71150045
-5250	-2448	-17412	-523	-241	93	-97	63	-271	4399	21995	4399	71150045
-5268	-2454	-17410	-324	-344	94	-98	54	-270	4400	22000	4400	71150046
-5220	-2474	-17396	-32	-450	102	-98	54	-270	4401	22005	4401	71150046
-5234	-2524	-17388	106	-487	106	-105	57	-275	4402	22010	4402	71150046
-5272	-2470	-17462	328	-529	99	-105	57	-275	4403	22015	4403	71150046
-5254	-2478	-17338	425	-512	83	-99	57	-273	4404	22020	4404	71150060
-5168	-2402	-17404	426	-503	75	-99	57	-273	4405	22025	4405	71150060
-5138	-2412	-17214	367	-463	61	-102	58	-268	4406	22030	4406	71150060
-5032	-2350	-17040	208	-464	54	-102	58	-268	4407	22035	4407	71150061
-5064	-2354	-17000	108	-456	49	-100	58	-274	4408	22040	4408	71150061
-5042	-2390	-16852	-82	-412	48	-100	58	-274	4409	22045	4409	71150061
-4998	-2344	-16884	-270	-330	17	-95	55	-275	4410	22050	4410	71150061
-4972	-2402	-16946	-473	-261	23	-95	55	-275	4411	22055	4411	71150078
-4874	-2372	-16922	-585	-230	28	-97	57	-271	4412	22060	4412	71150126
-5008	-2324	-17036	-741	-171	28	-97	57	-271	4413	22065	4413	71150126
-4936	-2216	-17132	-832	-132	27	-95	65	-273	4414	22070	4414	71150126
-5002	-2314	-17174	-854	-142	28	-95	65	-273	4415	22075	4415	71150126
-5048	-2202	-17222	-825	-179	53	-94	60	-274	4416	22080	4416	71150127
-5120	-2172	-17328	-736	-246	48	-94	60	-274	4417	22085	4417	71150127
-5148	-2284	-17440	-670	-283	56	-108	56	-278	4418	22090	4418	71150127
-5246	-2282	-17462	-498	-338	55	-108	56	-278	4419	22095	4419	71150127
-5296	-2338	-17344	-313	-400	69	-101	59	-273	4420	22100	4420	71150128
-5258	-2308	-17438	-154	-421	69	-101	59	-273	4421	22105	4421	71150128
-5314	-2368	-17398	-81	-416	71	-95	59	-273	4422	22110	4422	71150155
-5238	-2388	-17452	32	-426	65	-95	59	-273	4423	22115	4423	71150208
-5280	-2376	-17278	116	-448	104	-103	59	-271	4424	22120	4424	71150209
-5188	-2402	-17312	118	-464	105	-103	59	-271	4425	22125	4425	71150209
-5312	-2490	-17200	111	-488	130	-99	59	-275	4426	22130	4426	71150209
-5340	-2428	-17068	59	-474	141	-99	59	-275	4427	22135	4427	71150209
-5332	-2378	-17108	22	-442	147	-101	53	-273	4428	22140	4428	71150210
-5296	-2476	-17044	-84	-374	153	-101	53	-273	4429	22145	4429	71150210
-5264	-2390	-16970	-183	-321	133	-96	56	-278	4430	22150	4430	71150210
-5320	-2418	-17040	-265	-285	135	-96	56	-278	4431	22155	4431	71150210
-5232	-2332	-17100	-286	-279	129	-102	54	-280	4432	22160	4432	71150210
-5254	-2326	-17068	-301	-271	119	-102	54	-280	4433	22165	4433	71150211
-5288	-2372	-17062	-270	-288	103	-95	59	-271	4434	22170	4434	71150211
-5288	-2352	-17144	-247	-284	99	-95	59	-271	4435	22175	4435	71150211
-5274	-2410	-17110	-231	-264	98	-101	59	-273	4436	22180	4436	71150255
-5252	-2400	-17238	-274	-242	77	-101	59	-273	4437	22185	4437	71150255
-5228	-2394	-17184	-316	-230	67	-97	59	-271	4438	22190	4438	71150255
-5192	-2416	-17268	-391	-215	72	-97	59	-271	4439	22195	4439	71150256
-5154	-2402	-17232	-400	-251	83	-107	63	-271	4440	22200	4440	71150350
-5180	-2498	-17190	-384	-255	76	-107	63	-271	4441	22205	4441	71150350
-5206	-2450	-17262	-365	-273	79	-106	54	-272	4442	22210	4442	71150351
-5204	-2464	-17236	-283	-294	92	-106	54	-272	4443	22215	4443	71150351
-5130	-2490	-17254	-184	-298	99	-100	60	-276	4444	22220	4444	71150351
-5144	-2558	-17340	-147	-308	105	-100	60	-276	4445	22225	4445	71150352
-5134	-2506	-17246	-122	-316	124	-102	58	-274	4446	22230	4446	71150352
-5070	-2516	-17310	-95	-308	118	-102	58	-274	4447	22235	4447	71150352
-5098	-2510	-17304	-73	-303	128	-103	49	-269	4448	22240	4448	71150353
-5038	-2398	-17182	-77	-291	134	-103	49	-269	4449	22245	4449	71150353
-5078	-2466	-17124	-86	-319	145	-95	61	-273	4450	22250	4450	71150353
-5074	-2446	-17118	-123	-344	130	-95	61	-273	4451	22255	4451	71150353
-5078	-2398	-17224	-139	-335	120	-94	54	-272	4452	22260	4452	71150354
-5136	-2418	-17196	-190	-300	111	-94	54	-272	4453	22265	4453	71150354
-5028	-2430	-17148	-244	-281	92	-99	55	-271	4454	22270	4454	71150354
-5040	-2314	-17068	-244	-282	87	-99	55	-271	4455	22275	4455	71150354
-5096	-2324	-17120	-258	-317	79	-95	59	-271	4456	22280	4456	71150398
-5142	-2378	-17228	-245	-344	62	-95	59	-271	4457	22285	4457	71150399
-5172	-2396	-17202	-232	-369	47	-101	53	-279	4458	22290	4458	71150432
-5124	-2348	-17216	-161	-386	44	-101	53	-279	4459	22295	4459	71150432
-5196	-2404	-17260	-84	-395	49	-101	51	-277	4460	22300	4460	71150432
-5216	-2460	-17238	-79	-406	56	-101	51	-277	4461	22305	4461	71150433
-5238	-2362	-17352	-57	-403	70	-98	64	-272	4462	22310	4462	71150433
-5218	-2350	-17322	-28	-397	80	-98	64	-272	4463	22315	4463	71150433
-5202	-2394	-17314	-2	-394	106	-98	52	-268	4464	22320	4464	71150433
-5160	-2364	-17244	-5	-386	115	-98	52	-268	4465	22325	4465	71150434
-5150	-2328	-17280	47	-394	146	-100	56	-272	4466	22330	4466	71150434
-5094	-2306	-17268	72	-390	173	-100	56	-272	4467	22335	4467	71150434
-5056	-2356	-17182	82	-391	176	-99	61	-271	4468	22340	4468	71150434
-5140	-2416	-17132	62	-384	221	-99	61	-271	4469	22345	4469	71150435
-5066	-2448	-17226	-3	-389	246	-100	60	-272	4470	22350	4470	71150456
-5092	-2464	-17156	-58	-390	235	-100	60	-272	4471	22355	4471	71150456
-5218	-2516	-17154	-171	-403	235	-98	54	-280	4472	22360	4472	71150457
-5244	-2488	-17172	-318	-358	221	-98	54	-280	4473	22365	4473	71150457
-5194	-2432	-17058	-383	-291	208	-101	53	-277	4474	22370	4474	71150458
-5172	-2432	-17086	-432	-295	206	-101	53	-277	4475	22375	4475	71150458
-5222	-2438	-17152	-451	-241	149	-105	61	-281	4476	22380	4476	71150458
-5220	-2352	-17132	-414	-271	118	-105	61	-281	4477	22385	4477	71150458
-5212	-2352	-17122	-370	-273	92	-96	58	-268	4478	22390	4478	71150459
-5186	-2362	-17058	-223	-325	77	-96	58	-268	4479	22395	4479	71150459
-5166	-2384	-17154	-53	-387	64	-106	60	-268	4480	22400	4480	71150459
-5136	-2480	-17164	32	-419	50	-106	60	-268	4481	22405	4481	71150459
-5190	-2510	-17308	148	-459	14	-93	57	-275	4482	22410	4482	71150460
-5220	-2530	-17280	150	-450	-6	-93	57	-275	4483	22415	4483	71150460
-5246	-2558	-17316	80	-406	-16	-97	57	-269	4484	22420	4484	71150460
-5218	-2514	-17372	30	-386	-18	-97	57	-269	4485	22425	4485	71150460
-5124	-2448	-17272	-57	-373	-8	-104	54	-276	4486	22430	4486	71150461
-5128	-2438	-17212	-98	-384	4	-104	54	-276	4487	22435	4487	71150461
-5078	-2442	-17222	-96	-387	22	-98	56	-276	4488	22440	4488	71150461
-5050	-2366	-17140	-84	-416	41	-98	56	-276	4489	22445	4489	71150461
-5044	-2426	-17120	-96	-373	54	-102	54	-268	4490	22450	4490	71150494
-5054	-2402	-17232	-105	-361	56	-102	54	-268	4491	22455	4491	71150518
-5096	-2420	-17254	-176	-365	91	-96	60	-276	4492	22460	4492	71150521
-5118	-2410	-17314	-291	-351	89	-96	60	-276	4493	22465	4493	71150521
-5122	-2370	-17276	-406	-356	84	-102	56	-274	4494	22470	4494	71150521
-5142	-2274	-17270	-424	-358	78	-102	56	-274	4495	22475	4495	71150522
-5186	-2250	-17160	-409	-360	62	-99	55	-275	4496	22480	4496	71150522
-5228	-2202	-17134	-320	-370	41	-99	55	-275	4497	22485	4497	71150523
-5206	-2234	-17158	-261	-389	29	-101	55	-271	4498	22490	4498	71150523
-5290	-2394	-17066	-111	-423	-2	-101	55	-271	4499	22495	4499	71150523
-5324	-2396	-17156	-12	-413	-23	-96	60	-278	4500	22500	4500	71150524
-5310	-2422	-17096	10	-413	-28	-96	60	-278	4501	22505	4501	71150524
-5320	-2468	-17172	17	-402	-50	-105	53	-273	4502	22510	4502	71150524
-5334	-2506	-17210	-49	-384	-48	-105	53	-273	4503	22515	4503	71150524
-5272	-2480	-17260	-113	-392	-43	-95	57	-279	4504	22520	4504	71150525
-5252	-2446	-17238	-142	-375	-43	-95	57	-279	4505	22525	4505	71150525
-5260	-2556	-17218	-159	-366	-11	-99	59	-275	4506	22530	4506	71150602
-5206	-2522	-17258	-128	-397	9	-99	59	-275	4507	22535	4507	71150603
-5230	-2518	-17256	-128	-394	26	-101	57	-275	4508	22540	4508	71150603
-5224	-2496	-17264	-78	-398	58	-101	57	-275	4509	22545	4509	71150603
-5136	-2472	-17324	-65	-405	68	-104	54	-278	4510	22550	4510	71150603
-5152	-2510	-17304	-57	-411	65	-104	54	-278	4511	22555	4511	71150604
-5206	-2360	-17362	-89	-405	86	-102	56	-272	4512	22560	4512	71150604
-5144	-2348	-17296	-126	-386	95	-102	56	-272	4513	22565	4513	71150604
-5148	-2290	-17242	-167	-383	87	-93	59	-275	4514	22570	4514	71150652
-5156	-2226	-17074	-176	-397	65	-93	59	-275	4515	22575	4515	71150671
-5074	-2306	-16990	-207	-410	62	-94	56	-280	4516	22580	4516	71150723
-5078	-2382	-17008	-192	-470	53	-94	56	-280	4517	22585	4517	71150724
-5070	-2412	-17018	-213	-505	36	-97	57	-275	4518	22590	4518	71150724
-5144	-2464	-17164	-240	-518	2	-97	57	-275	4519	22595	4519	71150725
-5196	-2470	-17248	-293	-483	-12	-103	57	-269	4520	22600	4520	71150725
-5122	-2464	-17292	-290	-458	-20	-103	57	-269	4521	22605	4521	71150725
-5104	-2444	-17350	-288	-442	-31	-102	56	-270	4522	22610	4522	71150725
-4988	-2592	-17346	-237	-502	-28	-102	56	-270	4523	22615	4523	71150726
-5074	-2628	-17344	-123	-550	-23	-100	62	-268	4524	22620	4524	71150726
-5112	-2628	-17328	-46	-556	-27	-100	62	-268	4525	22625	4525	71150726
-5110	-2642	-17172	152	-615	-52	-96	62	-274	4526	22630	4526	71150726
-5118	-2578	-17160	306	-639	-56	-96	62	-274	4527	22635	4527	71150726
-5064	-2602	-17116	335	-635	-54	-94	56	-274	4528	22640	4528	71150727
-5130	-2598	-17112	266	-637	-48	-94	56	-274	4529	22645	4529	71150727
-5042	-2620	-17230	115	-598	-34	-97	61	-275	4530	22650	4530	71150727
-5016	-2608	-17136	23	-583	-21	-97	61	-275	4531	22655	4531	71150727
-5058	-2612	-17040	-124	-542	6	-98	60	-280	4532	22660	4532	71150728
-5042	-2542	-17134	-257	-528	22	-98	60	-280	4533	22665	4533	71150728
-5018	-2500	-17044	-304	-518	30	-95	61	-269	4534	22670	4534	71150728
-5104	-2458	-17072	-388	-492	62	-95	61	-269	4535	22675	4535	71150728
-5160	-2422	-17090	-420	-473	108	-102	58	-270	4536	22680	4536	71150803
-5268	-2418	-17042	-472	-428	144	-102	58	-270	4537	22685	4537	71150803
-5254	-2426	-17150	-497	-427	172	-101	57	-273	4538	22690	4538	71150804
-5230	-2420	-17260	-521	-391	216	-101	57	-273	4539	22695	4539	71150804
-5248	-2366	-17264	-482	-351	242	-95	59	-271	4540	22700	4540	71150804
-5312	-2422	-17284	-475	-341	243	-95	59	-271	4541	22705	4541	71150804
-5438	-2452	-17246	-436	-323	251	-98	58	-276	4542	22710	4542	71150805
-5516	-2440	-17270	-354	-320	224	-98	58	-276	4543	22715	4543	71150805
-5474	-2434	-17226	-335	-313	232	-96	58	-276	4544	22720	4544	71150805
-5478	-2452	-17266	-299	-314	209	-96	58	-276	4545	22725	4545	71150805
-5376	-2494	-17232	-283	-313	172	-103	61	-273	4546	22730	4546	71150807
-5386	-2464	-17120	-269	-300	144	-103	61	-273	4547	22735	4547	71150807
-5366	-2474	-17160	-281	-301	117	-97	63	-275	4548	22740	4548	71150833
-5314	-2392	-17076	-334	-315	83	-97	63	-275	4549	22745	4549	71150833
-5226	-2424	-17102	-362	-342	49	-98	58	-278	4550	22750	4550	71150834
-5250	-2368	-17172	-335	-354	32	-98	58	-278	4551	22755	4551	71150834
-5204	-2198	-17160	-302	-357	10	-97	59	-269	4552	22760	4552	71150834
-5192	-2204	-17138	-228	-389	-24	-97	59	-269	4553	22765	4553	71150835
-5218	-2200	-17152	-191	-389	-41	-97	59	-273	4554	22770	4554	71150835
-5262	-2154	-17188	-114	-382	-62	-97	59	-273	4555	22775	4555	71150835
-5188	-2088	-17204	-107	-373	-71	-93	61	-277	4556	22780	4556	71150835
-5178	-2104	-17202	-154	-377	-73	-93	61	-277	4557	22785	4557	71150836
-5228	-2056	-17172	-178	-370	-78	-92	56	-272	4558	22790	4558	71150836
-5212	-1988	-17226	-190	-357	-57	-92	56	-272	4559	22795	4559	71150836
-5142	-1988	-17182	-165	-326	-13	-96	60	-276	4560	22800	4560	71150911
-5174	-2076	-17242	-168	-317	-7	-96	60	-276	4561	22805	4561	71150937
-5276	-2068	-17222	-199	-292	13	-99	57	-275	4562	22810	4562	71150941
-5230	-2176	-17350	-247	-254	45	-99	57	-275	4563	22815	4563	71150941
-5238	-2104	-17306	-304	-222	50	-95	59	-275	4564	22820	4564	71150941
-5270	-2034	-17284	-429	-177	74	-95	59	-275	4565	22825	4565	71150941
-5152	-2048	-17240	-540	-142	96	-94	62	-266	4566	22830	4566	71150942
-5142	-2024	-17232	-626	-112	117	-94	62	-266	4567	22835	4567	71150942
-5154	-1974	-17218	-633	-119	130	-103	57	-273	4568	22840	4568	71150942
-5162	-2068	-17216	-622	-153	135	-103	57	-273	4569	22845	4569	71150942
-5126	-2074	-17210	-506	-217	145	-102	58	-270	4570	22850	4570	71150943
-5138	-2094	-17260	-428	-243	145	-102	58	-270	4571	22855	4571	71150943
-5192	-2162	-17344	-271	-300	160	-102	54	-276	4572	22860	4572	71150943
-5252	-2242	-17378	-88	-345	145	-102	54	-276	4573	22865	4573	71150944
-5214	-2336	-17424	-32	-357	136	-97	55	-273	4574	22870	4574	71150944
-5202	-2360	-17426	104	-393	145	-97	55	-273	4575	22875	4575	71150944
-5154	-2448	-17408	197	-404	129	-102	62	-274	4576	22880	4576	71150944
-5154	-2476	-17400	255	-433	124	-102	62	-274	4577	22885	4577	71150945
-5134	-2504	-17318	264	-449	122	-100	54	-272	4578	22890	4578	71150945
-5144	-2524	-17218	235	-450	121	-100	54	-272	4579	22895	4579	71150945
-5108	-2532	-17194	185	-450	128	-97	57	-271	4580	22900	4580	71150945
-5070	-2518	-17108	125	-446	136	-97	57	-271	4581	22905	4581	71150992
-5018	-2594	-17028	12	-417	128	-99	51	-277	4582	22910	4582	71151069
-5082	-2672	-17040	-85	-394	148	-99	51	-277	4583	22915	4583	71151070
-5044	-2616	-17046	-143	-392	151	-102	60	-276	4584	22920	4584	71151070
-5150	-2632	-16970	-293	-335	172	-102	60	-276	4585	22925	4585	71151071
-5146	-2606	-16908	-489	-274	188	-99	61	-271	4586	22930	4586	71151071
-5146	-2626	-17012	-588	-233	209	-99	61	-271	4587	22935	4587	71151072
-5204	-2644	-16984	-769	-134	189	-97	59	-271	4588	22940	4588	71151072
-5170	-2580	-17160	-946	-65	211	-97	59	-271	4589	22945	4589	71151073
-5190	-2514	-17116	-1058	-40	206	-98	58	-270	4590	22950	4590	71151073
-5200	-2516	-17152	-1043	-41	195	-98	58	-270	4591	22955	4591	71151073
-5196	-2466	-17238	-924	-103	179	-103	53	-271	4592	22960	4592	71151073
-5324	-2466	-17354	-635	-219	180	-103	53	-271	4593	22965	4593	71151074
-5328	-2512	-17400	-448	-280	165	-103	49	-279	4594	22970	4594	71151074
-5448	-2562	-17448	-75	-393	156	-103	49	-279	4595	22975	4595	71151074
-5420	-2650	-17454	196	-454	117	-98	60	-272	4596	22980	4596	71151074
-5376	-2600	-17530	291	-478	99	-98	60	-272	4597	22985	4597	71151075
-5306	-2588	-17502	324	-502	71	-100	54	-274	4598	22990	4598	71151075
-5234	-2478	-17364	272	-493	42	-100	54	-274	4599	22995	4599	71151075
-5144	-2458	-17214	226	-468	22	-101	59	-271	4600	23000	4600	71151104
-5098	-2378	-17126	184	-473	18	-101	59	-271	4601	23005	4601	71151105
-5128	-2342	-16920	94	-478	12	-101	55	-273	4602	23010	4602	71151105
-5150	-2226	-16844	-16	-461	-1	-101	55	-273	4603	23015	4603	71151105
-5130	-2220	-16848	-77	-439	12	-100	52	-266	4604	23020	4604	71151105
-5218	-2084	-16884	-206	-367	23	-100	52	-266	4605	23025	4605	71151105
-5108	-2042	-17066	-323	-275	16	-98	60	-272	4606	23030	4606	71151106
-5122	-2032	-17110	-377	-242	30	-98	60	-272	4607	23035	4607	71151106
-5116	-2010	-17234	-490	-199	39	-97	55	-273	4608	23040	4608	71151106
-5154	-1972	-17368	-563	-209	58	-97	55	-273	4609	23045	4609	71151106
-5142	-1948	-17508	-537	-240	66	-100	60	-274	4610	23050	4610	71151107
-5224	-2028	-17506	-506	-250	78	-100	60	-274	4611	23055	4611	71151107
-5200	-2016	-17558	-390	-271	102	-100	56	-276	4612	23060	4612	71151125
-5252	-2062	-17528	-301	-267	121	-100	56	-276	4613	23065	4613	71151126
-5284	-2008	-17538	-269	-275	120	-99	59	-277	4614	23070	4614	71151126
-5150	-2014	-17444	-245	-278	145	-99	59	-277	4615	23075	4615	71151126
-5042	-2072	-17306	-198	-333	150	-101	59	-273	4616	23080	4616	71151126
-5128	-2062	-17292	-197	-349	157	-101	59	-273	4617	23085	4617	71151127
-5068	-2132	-17202	-165	-387	161	-99	51	-275	4618	23090	4618	71151127
-5044	-2096	-17158	-167	-410	166	-99	51	-275	4619	23095	4619	71151127
-5050	-2114	-17056	-195	-395	169	-104	56	-272	4620	23100	4620	71151127
-5098	-2124	-17094	-199	-373	161	-104	56	-272	4621	23105	4621	71151128
-5132	-2118	-17062	-234	-331	169	-97	59	-271	4622	23110	4622	71151128
-5096	-2150	-17040	-232	-302	143	-97	59	-271	4623	23115	4623	71151128
-5046	-2140	-17088	-222	-305	145	-92	58	-272	4624	23120	4624	71151128
-5172	-2164	-17170	-209	-306	152	-92	58	-272	4625	23125	4625	71151129
-5140	-2240	-17154	-198	-315	161	-103	55	-277	4626	23130	4626	71151154
-5166	-2226	-17204	-173	-318	157	-103	55	-277	4627	23135	4627	71151155
-5298	-2272	-17212	-153	-299	157	-91	57	-277	4628	23140	4628	71151155
-5272	-2278	-17280	-150	-289	147	-91	57	-277	4629	23145	4629	71151155
-5298	-2254	-17274	-152	-294	169	-101	57	-267	4630	23150	4630	71151155
-5246	-2302	-17330	-177	-304	181	-101	57	-267	4631	23155	4631	71151156
-5160	-2278	-17354	-219	-284	186	-101	57	-277	4632	23160	4632	71151156
-5232	-2394	-17324	-263	-262	207	-101	57	-277	4633	23165	4633	71151156
-5152	-2364	-17376	-286	-266	211	-98	58	-274	4634	23170	4634	71151156
-5184	-2354	-17208	-303	-272	223	-98	58	-274	4635	23175	4635	71151157
-5168	-2404	-17274	-297	-275	235	-101	57	-275	4636	23180	4636	71151157
-5206	-2410	-17180	-299	-277	254	-101	57	-275	4637	23185	4637	71151210
-5128	-2442	-17228	-291	-306	254	-100	58	-272	4638	23190	4638	71151233
-5148	-2414	-17214	-220	-309	249	-100	58	-272	4639	23195	4639	71151234
-5192	-2392	-17224	-147	-310	255	-98	56	-274	4640	23200	4640	71151234
-5246	-2464	-17230	-97	-318	246	-98	56	-274	4641	23205	4641	71151235
-5194	-2488	-17206	-31	-330	226	-106	54	-274	4642	23210	4642	71151284
-5190	-2580	-17190	6	-333	202	-106	54	-274	4643	23215	4643	71151285
-5186	-2516	-17188	1	-322	187	-96	58	-276	4644	23220	4644	71151285
-5232	-2478	-17176	-40	-320	182	-96	58	-276	4645	23225	4645	71151285
-5164	-2540	-17168	-88	-309	151	-98	58	-272	4646	23230	4646	71151285
-5190	-2522	-17186	-105	-311	125	-98	58	-272	4647	23235	4647	71151286
-5208	-2596	-17140	-135	-288	110	-99	55	-277	4648	23240	4648	71151286
-5178	-2504	-17192	-151	-285	96	-99	55	-277	4649	23245	4649	71151286
-5142	-2512	-17088	-152	-294	92	-96	60	-274	4650	23250	4650	71151287
-5182	-2510	-17110	-208	-291	79	-96	60	-274	4651	23255	4651	71151287
-5098	-2500	-17078	-247	-279	71	-98	56	-272	4652	23260	4652	71151288
-5156	-2444	-17194	-296	-240	93	-98	56	-272	4653	23265	4653	71151288
-5154	-2414	-17092	-328	-232	105	-97	57	-277	4654	23270	4654	71151288
-5132	-2316	-17172	-393	-198	99	-97	57	-277	4655	23275	4655	71151288
-5110	-2364	-17296	-441	-182	120	-101	59	-273	4656	23280	4656	71151289
-5058	-2298	-17258	-485	-178	115	-101	59	-273	4657	23285	4657	71151334
-4992	-2268	-17322	-464	-157	140	-97	57	-267	4658	23290	4658	71151361
-5116	-2272	-17310	-434	-206	145	-97	57	-267	4659	23295	4659	71151361
-5050	-2246	-17290	-412	-211	161	-98	54	-274	4660	23300	4660	71151361
-5086	-2154	-17334	-308	-239	165	-98	54	-274	4661	23305	4661	71151361
-5068	-2238	-17304	-214	-278	179	-100	58	-274	4662	23310	4662	71151362
-5086	-2272	-17446	-155	-295	192	-100	58	-274	4663	23315	4663	71151362
-5092	-2264	-17364	-121	-301	183	-101	59	-269	4664	23320	4664	71151362
-5066	-2258	-17372	-100	-310	170	-101	59	-269	4665	23325	4665	71151362
-5098	-2170	-17372	-72	-315	178	-105	57	-273	4666	23330	4666	71151363
-5164	-2150	-17308	-84	-341	166	-105	57	-273	4667	23335	4667	71151363
-5204	-2278	-17200	-73	-356	151	-99	61	-273	4668	23340	4668	71151363
