-16071	-1826	4403	320	297	-151	29	84	-126	1	1	1	80306555	
-16164	-1798	4394	417	333	-145	30	84	-124	2	6	2	80306555	
-16134	-1778	4514	474	385	-152	27	82	-129	3	11	3	80306555	
-16050	-1825	4559	535	405	-164	26	82	-130	4	16	4	80306564	
-16089	-1795	4535	602	400	-164	29	80	-132	5	21	5	80306590	
-16090	-1755	4632	633	394	-139	30	80	-132	6	26	6	80306596	
-16118	-1666	4727	631	375	-126	28	83	-132	7	31	7	80306596	
-16144	-1632	4803	613	336	-123	28	84	-132	8	36	8	80306596	
-16188	-1492	4749	608	314	-103	29	82	-134	9	41	9	80306597	
-16214	-1412	4754	570	333	-74	29	81	-135	10	46	10	80306597	
-16160	-1460	4610	576	361	-17	33	81	-131	11	51	11	80306597	
-16184	-1412	4580	559	355	19	33	81	-131	12	56	12	80306615	
-16238	-1476	4562	554	363	16	32	82	-134	13	61	13	80306637	
-16248	-1486	4450	616	394	52	32	82	-134	14	66	14	80306637	
-16196	-1611	4452	673	456	76	34	82	-131	15	71	15	80306637	
-16142	-1656	4370	734	488	89	34	82	-130	16	76	16	80306637	
-16042	-1737	4338	792	456	76	35	83	-132	17	81	17	80306637	
-15980	-1817	4426	810	377	38	35	83	-133	18	86	18	80306637	
-16116	-1980	4374	876	245	5	39	79	-131	19	91	19	80306646	
-16230	-2176	4264	921	224	-23	39	79	-131	20	96	20	80306674	
-16132	-2284	4430	897	251	-76	31	87	-133	21	101	21	80306675	
-16168	-2368	4438	904	199	-130	31	87	-133	22	106	22	80306675	
-16342	-2388	4428	865	118	-197	39	83	-131	23	111	23	80306675	
-16502	-2321	4465	830	108	-233	39	83	-131	24	116	24	80306675	
-16528	-2220	4469	794	184	-235	33	81	-132	25	121	25	80306675	
-16460	-2176	4442	775	291	-230	32	80	-132	26	126	26	80306675	
-16368	-2024	4364	733	402	-237	31	81	-127	27	131	27	80306675	
-16340	-1988	4332	678	420	-248	31	81	-127	28	136	28	80306675	
-16310	-2028	4290	643	440	-259	30	82	-132	29	141	29	80306706	
-16272	-1894	4168	603	463	-264	30	82	-132	30	146	30	80306706	
-16228	-2006	4302	539	508	-255	34	78	-132	31	151	31	80306706	
-16142	-2066	4314	493	524	-262	34	78	-132	32	156	32	80306706	
-16138	-1986	4392	457	503	-249	31	79	-131	33	161	33	80306706	
-16206	-1976	4362	461	476	-238	31	79	-131	34	166	34	80306706	
-16203	-1979	4505	446	501	-226	31	82	-134	35	171	35	80306706	
-16244	-1892	4668	437	503	-226	31	83	-135	36	176	36	80306715	
-16210	-1752	4650	425	467	-211	31	83	-135	37	181	37	80306737	
-16240	-1656	4622	408	438	-216	31	83	-135	38	186	38	80306737	
-16280	-1556	4632	356	427	-222	34	80	-132	39	191	39	80306737	
-16260	-1512	4536	323	428	-208	34	80	-132	40	196	40	80306737	
-16192	-1526	4516	306	463	-206	35	83	-131	41	201	41	80306737	
-16114	-1500	4388	343	485	-210	35	83	-131	42	206	42	80306737	
-16054	-1640	4610	398	474	-210	34	74	-130	43	211	43	80306737	
-16063	-1735	4713	471	425	-219	33	74	-130	44	216	44	80306775	
-16178	-1802	4800	525	412	-237	28	74	-132	45	221	45	80306779	
-16146	-1882	4670	602	432	-248	28	74	-132	46	226	46	80306779	
-16090	-1844	4848	684	528	-259	30	76	-130	47	231	47	80306779	
-15948	-1792	4942	805	549	-269	30	76	-130	48	236	48	80306779	
-15902	-1754	5074	935	519	-267	34	80	-130	49	241	49	80306779	
-15840	-1798	5152	1039	440	-296	34	80	-130	50	246	50	80306792	
-15862	-1682	5218	1134	382	-305	33	77	-131	51	251	51	80306812	
-15860	-1670	5308	1185	346	-319	33	77	-131	52	256	52	80306818	
-15864	-1749	5423	1232	329	-315	33	79	-133	53	261	53	80306818	
-15854	-1852	5468	1241	313	-311	33	78	-132	54	266	54	80306818	
-15844	-1870	5552	1204	294	-329	32	76	-126	55	271	55	80306819	
-15832	-1890	5664	1196	271	-336	32	76	-126	56	276	56	80306822	
-15810	-1838	5634	1195	223	-318	31	83	-133	57	281	57	80306849	
-15690	-1784	5498	1160	173	-307	31	83	-133	58	286	58	80306849	
-15676	-1750	5376	1129	91	-303	34	78	-130	59	291	59	80306849	
-15676	-1708	5228	1117	-5	-309	34	78	-130	60	296	60	80306849	
-15748	-1579	5017	1113	-52	-305	35	81	-133	61	301	61	80306850	
-15745	-1552	5001	1130	-35	-288	36	80	-132	62	306	62	80306850	
-15782	-1548	4935	1180	-22	-298	40	78	-126	63	311	63	80306858	
-15931	-1631	5017	1230	3	-321	40	79	-127	64	316	64	80306889	
-16158	-1643	5067	1290	64	-332	41	83	-129	65	321	65	80306889	
-16238	-1650	5062	1360	145	-340	41	83	-129	66	326	66	80306889	
-16078	-1552	5244	1430	282	-348	38	80	-128	67	331	67	80306889	
-15930	-1500	5518	1498	322	-367	38	80	-128	68	336	68	80306889	
-15833	-1398	5576	1597	183	-402	37	79	-129	69	341	69	80306889	
-15862	-1410	5530	1704	42	-419	36	79	-128	70	346	70	80306891	
-15825	-1465	5551	1824	-67	-431	34	78	-126	71	351	71	80306904	
-15787	-1495	5496	1938	-176	-436	35	79	-126	72	356	72	80306927	
-15875	-1491	5422	2092	-320	-444	40	82	-128	73	361	73	80306927	
-16045	-1559	5164	2233	-413	-457	40	82	-128	74	366	74	80306927	
-16174	-1566	5023	2362	-423	-475	38	80	-130	75	371	75	80306927	
-16239	-1575	4904	2516	-401	-497	38	81	-130	76	376	76	80306927	
-16474	-1570	4852	2657	-359	-509	39	83	-127	77	381	77	80306927	
-16466	-1596	4740	2795	-187	-516	39	84	-128	78	386	78	80306928	
-16393	-1703	4745	2888	-4	-565	38	86	-134	79	391	79	80306935	
-16313	-1716	4733	2948	96	-650	38	84	-134	80	396	80	80306965	
-16304	-1726	4754	2994	83	-729	38	78	-134	81	401	81	80306965	
-16370	-1773	4688	3055	73	-781	38	78	-134	82	406	82	80306965	
-16425	-1802	4620	3136	119	-799	37	79	-135	83	411	83	80306966	
-16310	-1788	4526	3212	195	-822	37	79	-134	84	416	84	80306966	
-16292	-1807	4590	3275	251	-858	37	81	-129	85	421	85	80306966	
-16362	-1729	4583	3378	261	-869	38	81	-128	86	426	86	80306968	
-16420	-1746	4584	3460	286	-854	39	81	-127	87	431	87	80306979	
-16462	-1695	4558	3534	356	-819	40	81	-127	88	436	88	80307003	
-16409	-1674	4469	3601	428	-768	42	82	-128	89	441	89	80307003	
-16429	-1658	4481	3667	465	-709	42	82	-128	90	446	90	80307003	
-16410	-1596	4412	3710	500	-656	42	80	-130	91	451	91	80307003	
-16383	-1566	4406	3737	546	-652	41	80	-130	92	456	92	80307004	
-16513	-1516	4368	3760	560	-673	38	82	-130	93	461	93	80307004	
-16630	-1516	4320	3852	593	-660	39	82	-130	94	466	94	80307008	
-16710	-1446	4252	3958	735	-639	43	81	-129	95	471	95	80307034	
-16725	-1440	4309	4056	902	-647	43	81	-129	96	476	96	80307057	
-16682	-1513	4289	4136	1025	-657	44	82	-130	97	481	97	80307057	
-16568	-1557	4207	4160	1075	-680	44	83	-130	98	486	98	80307057	
-16456	-1458	4234	4151	1107	-726	46	88	-128	99	491	99	80307057	
-16404	-1563	4213	4221	1185	-755	45	86	-128	100	496	100	80307057	
-16308	-1605	4020	4315	1284	-752	42	76	-128	101	501	101	80307059	
-16187	-1728	4021	4388	1359	-771	43	77	-128	102	506	102	80307086	
-16035	-1776	4124	4457	1363	-796	45	81	-127	103	511	103	80307141	
-16000	-1847	4053	4513	1347	-797	45	79	-127	104	516	104	80307142	
-15962	-1926	4130	4546	1342	-796	46	76	-126	105	521	105	80307142	
-16031	-2027	4267	4569	1320	-811	47	78	-128	106	526	106	80307142	
-16172	-2156	4306	4605	1308	-827	48	80	-130	107	531	107	80307143	
-16236	-2269	4478	4634	1342	-831	49	81	-129	108	536	108	80307143	
-16381	-2312	4690	4643	1400	-850	51	85	-127	109	541	109	80307143	
-16461	-2285	4791	4657	1401	-850	50	84	-127	110	546	110	80307143	
-16548	-2294	4856	4646	1337	-843	48	82	-126	111	551	111	80307143	
-16628	-2223	4794	4607	1314	-856	49	79	-127	112	556	112	80307143	
-16700	-2150	4666	4563	1343	-856	51	75	-129	113	561	113	80307153	
-16672	-2107	4566	4514	1432	-834	51	78	-128	114	566	114	80307172	
-16538	-2014	4552	4465	1556	-804	52	82	-126	115	571	115	80307177	
-16393	-1892	4496	4448	1651	-770	50	82	-129	116	576	116	80307178	
-16262	-1823	4388	4452	1693	-746	47	83	-133	117	581	117	80307178	
-16126	-1718	4253	4455	1703	-739	48	83	-132	118	586	118	80307178	
-16073	-1579	4050	4475	1719	-743	53	85	-129	119	591	119	80307178	
-16143	-1470	3901	4556	1761	-695	54	84	-129	120	596	120	80307178	
-16132	-1500	3857	4682	1837	-635	56	82	-128	121	601	121	80307178	
-16137	-1540	3972	4832	1904	-611	58	83	-128	122	606	122	80307178	
-16159	-1515	4144	4989	1881	-614	60	84	-128	123	611	123	80307178	
-16267	-1492	4311	5158	1812	-632	58	81	-128	124	616	124	80307178	
-16328	-1511	4391	5356	1774	-643	55	77	-127	125	621	125	80307178	
-16303	-1624	4372	5569	1774	-644	56	79	-126	126	626	126	80307182	
-16210	-1823	4348	5757	1757	-669	57	81	-125	127	631	127	80307189	
-16206	-1955	4323	5864	1701	-726	59	85	-125	128	636	128	80307189	
-16269	-2058	4320	5920	1646	-766	60	88	-124	129	641	129	80307193	
-16311	-2169	4356	5950	1634	-777	60	86	-125	130	646	130	80307207	
-16294	-2224	4422	5977	1705	-777	60	84	-126	131	651	131	80307218	
-16217	-2314	4488	5991	1790	-785	57	81	-125	132	656	132	80307218	
-16151	-2385	4453	5963	1829	-829	53	77	-123	133	661	133	80307218	
-16170	-2439	4390	5922	1822	-888	52	78	-124	134	666	134	80307218	
-16165	-2474	4340	5889	1833	-951	51	79	-125	135	671	135	80307218	
-16218	-2462	4347	5859	1904	-1005	55	80	-126	136	676	136	80307219	
-16223	-2368	4386	5867	1973	-1028	57	81	-127	137	681	137	80307225	
-16173	-2311	4359	5910	2030	-1033	56	81	-125	138	686	138	80307243	
-16132	-2326	4371	5949	2085	-1039	55	81	-123	139	691	139	80307256	
-16110	-2337	4516	5970	2123	-1042	57	78	-125	140	696	140	80307256	
-16094	-2238	4620	5966	2127	-1034	61	73	-129	141	701	141	80307256	
-16009	-2026	4656	5963	2123	-1023	60	77	-127	142	706	142	80307256	
-15866	-1827	4670	6007	2077	-1007	59	83	-123	143	711	143	80307256	
-15718	-1701	4632	6077	1974	-985	58	81	-124	144	716	144	80307256	
-15666	-1649	4590	6106	1814	-975	57	79	-125	145	721	145	80307262	
-15794	-1614	4574	6109	1611	-993	61	79	-120	146	726	146	80307282	
-16052	-1565	4547	6148	1395	-1004	63	79	-117	147	731	147	80307293	
-16295	-1568	4395	6268	1274	-972	64	77	-121	148	736	148	80307293	
-16378	-1594	4247	6415	1293	-910	64	76	-124	149	741	149	80307293	
-16268	-1639	4176	6552	1379	-844	66	78	-122	150	746	150	80307293	
-15998	-1758	4149	6670	1456	-797	68	80	-120	151	751	151	80307293	
-15839	-1864	4156	6735	1423	-780	64	80	-122	152	756	152	80307293	
-15772	-1957	4228	6693	1292	-787	59	79	-123	153	761	153	80307304	
-15760	-2131	4301	6604	1170	-802	64	77	-122	154	766	154	80307323	
-15776	-2271	4259	6486	1053	-822	68	76	-122	155	771	155	80307332	
-15913	-2364	4214	6312	914	-841	63	74	-124	156	776	156	80307334	
-16068	-2438	4142	6108	787	-828	59	73	-125	157	781	157	80307334	
-16186	-2440	4031	5909	738	-797	65	74	-126	158	786	158	80307335	
-16332	-2429	4025	5743	743	-760	69	75	-127	159	791	159	80307335	
-16461	-2506	4031	5587	772	-713	70	77	-127	160	796	160	80307338	
-16528	-2562	3939	5432	846	-678	70	78	-126	161	801	161	80307357	
-16500	-2532	3951	5267	947	-668	68	74	-124	162	806	162	80307368	
-16407	-2484	4021	5092	1028	-675	66	72	-122	163	811	163	80307368	
-16410	-2424	4038	4923	1064	-703	65	74	-120	164	816	164	80307368	
-16372	-2372	4023	4758	1098	-751	64	76	-118	165	821	165	80307368	
-16201	-2337	4023	4586	1159	-795	68	74	-124	166	826	166	80307368	
-16018	-2210	3990	4444	1187	-835	70	72	-128	167	831	167	80307368	
-15897	-2058	3970	4373	1134	-853	72	76	-120	168	836	168	80307374	
-15880	-2007	3987	4353	998	-865	73	79	-115	169	841	169	80307394	
-15949	-1936	4009	4378	848	-898	70	78	-120	170	846	170	80307413	
-16129	-1852	4030	4460	751	-925	68	78	-124	171	851	171	80307428	
-16274	-1711	4003	4585	721	-928	67	77	-121	172	856	172	80307436	
-16369	-1509	3918	4753	739	-914	67	77	-119	173	861	173	80307436	
-16392	-1377	3884	4941	789	-899	72	78	-118	174	866	174	80307436	
-16333	-1247	3822	5108	864	-898	76	78	-118	175	871	175	80307436	
-16308	-1146	3853	5258	898	-905	74	77	-117	176	876	176	80307440	
-16384	-1049	3918	5409	925	-904	72	76	-116	177	881	177	80307442	
-16387	-946	3831	5537	1012	-892	73	77	-115	178	886	178	80307442	
-16298	-921	3877	5634	1044	-864	74	78	-115	179	891	179	80307442	
-16192	-915	3963	5725	1060	-833	75	79	-114	180	896	180	80307442	
-16190	-984	4047	5869	989	-805	76	80	-114	181	901	181	80307442	
-16280	-1070	4036	6065	891	-789	75	78	-117	182	906	182	80307442	
-16371	-1142	4002	6253	864	-765	75	77	-119	183	911	183	80307449	
-16301	-1309	4042	6421	889	-752	76	76	-116	184	916	184	80307469	
-16128	-1473	4005	6573	906	-762	76	76	-114	185	921	185	80307479	
-16055	-1666	3985	6716	881	-791	77	77	-115	186	926	186	80307479	
-16108	-1799	3949	6807	869	-821	77	77	-115	187	931	187	80307479	
-16104	-1953	3836	6837	866	-844	76	75	-113	188	936	188	80307479	
-16199	-2082	3738	6813	840	-866	76	74	-112	189	941	189	80307480	
-16268	-2137	3568	6745	842	-866	80	78	-117	190	946	190	80307480	
-16327	-2166	3382	6651	870	-863	82	80	-120	191	951	191	80307502	
-16359	-2136	3151	6505	901	-858	76	75	-116	192	956	192	80307517	
-16417	-2030	2914	6324	927	-829	72	72	-114	193	961	193	80307517	
-16527	-1924	2711	6105	961	-790	72	75	-110	194	966	194	80307517	
-16546	-1824	2669	5929	1021	-755	72	76	-108	195	971	195	80307517	
-16469	-1975	2623	5817	1104	-736	76	75	-114	196	976	196	80307517	
-16485	-2183	2578	5748	1132	-776	77	75	-115	197	981	197	80307517	
-16782	-2378	2671	5687	1093	-837	79	76	-114	198	986	198	80307526	
-17150	-2437	2773	5694	1119	-890	80	76	-114	199	991	199	80307549	
-17296	-2368	2939	5733	1334	-914	79	72	-110	200	996	200	80307554	
-17185	-2285	3095	5817	1610	-903	79	71	-109	201	1001	201	80307554	
-16862	-2287	3337	5979	1881	-877	81	75	-110	202	1006	202	80307555	
-16661	-2404	3475	6100	1977	-900	82	76	-110	203	1011	203	80307555	
-16560	-2353	3529	6153	1957	-959	80	74	-112	204	1016	204	80307555	
-16425	-2289	3512	6181	1877	-1010	79	73	-113	205	1021	205	80307555	
-16297	-2246	3615	6213	1750	-1031	84	71	-110	206	1026	206	80307585	
-16251	-2262	3648	6264	1579	-1065	85	71	-109	207	1031	207	80307592	
-16380	-2260	3648	6349	1409	-1094	83	77	-111	208	1036	208	80307592	
-16576	-2191	3501	6422	1356	-1093	82	78	-112	209	1041	209	80307592	
-16594	-2185	3349	6402	1472	-1066	86	79	-108	210	1046	210	80307592	
-16478	-2090	3203	6319	1651	-1013	87	79	-107	211	1051	211	80307592	
-16405	-1989	3091	6178	1809	-944	86	77	-109	212	1056	212	80307592	
-16336	-1938	2985	5971	1893	-884	86	76	-110	213	1061	213	80307601	
-16252	-1831	3058	5725	1929	-842	85	74	-112	214	1066	214	80307624	
-16205	-1771	3090	5504	1945	-804	85	73	-113	215	1071	215	80307629	
-16248	-1815	3086	5355	1959	-786	85	73	-105	216	1076	216	80307629	
-16252	-1806	3234	5208	1957	-773	85	73	-103	217	1081	217	80307629	
-16239	-1690	3384	5067	1936	-769	85	76	-111	218	1086	218	80307630	
-16256	-1722	3348	4998	1897	-725	85	77	-113	219	1091	219	80307630	
-16190	-1826	3416	4974	1876	-644	90	72	-106	220	1096	220	80307630	
-16090	-2038	3509	4939	1856	-624	90	72	-106	221	1101	221	80307638	
-16156	-2211	3472	4875	1801	-620	91	74	-108	222	1106	222	80307666	
-16248	-2372	3509	4752	1754	-630	91	75	-109	223	1111	223	80307672	
-16287	-2503	3434	4594	1739	-628	89	76	-110	224	1116	224	80307672	
-16175	-2606	3519	4392	1732	-606	88	76	-110	225	1121	225	80307672	
-16164	-2754	3501	4215	1713	-589	90	78	-107	226	1126	226	80307672	
-16138	-2872	3482	3976	1646	-579	90	78	-106	227	1131	227	80307672	
-16090	-2814	3456	3723	1558	-566	91	73	-107	228	1136	228	80307673	
-16240	-2664	3486	3459	1472	-592	91	73	-107	229	1141	229	80307699	
-16322	-2452	3428	3231	1373	-603	90	74	-102	230	1146	230	80307709	
-16468	-2306	3230	3065	1372	-629	90	74	-102	231	1151	231	80307709	
-16778	-2211	2973	2943	1445	-667	89	73	-105	232	1156	232	80307709	
-17059	-2130	2764	2841	1602	-695	89	73	-105	233	1161	233	80307709	
-17228	-2077	2617	2752	1840	-732	87	72	-111	234	1166	234	80307710	
-17235	-1874	2632	2716	2188	-758	86	72	-112	235	1171	235	80307710	
-16862	-1634	2810	2866	2621	-721	90	72	-102	236	1176	236	80307710	
-16268	-1750	2896	3172	2824	-698	90	72	-102	237	1181	237	80307775	
-15728	-2154	2972	3489	2758	-658	87	71	-105	238	1186	238	80307775	
-15402	-2470	2798	3636	2408	-594	87	71	-105	239	1191	239	80307776	
-15286	-2574	2832	3655	1939	-575	91	71	-105	240	1196	240	80307776	
-15280	-2616	2794	3651	1498	-557	91	71	-105	241	1201	241	80307776	
-15370	-2566	2912	3709	1166	-514	91	73	-103	242	1206	242	80307776	
-15454	-2585	2749	3851	828	-487	91	73	-103	243	1211	243	80307776	
-15642	-2726	2468	4073	427	-510	87	71	-105	244	1216	244	80307786	
-15850	-2996	2312	4345	65	-545	87	71	-105	245	1221	245	80307807	
-16106	-3106	2034	4627	-300	-596	92	74	-104	246	1226	246	80307807	
-16478	-3240	1592	4929	-601	-669	92	74	-104	247	1231	247	80307807	
-16812	-3224	1440	5170	-750	-706	89	71	-109	248	1236	248	80307807	
-16906	-3230	1362	5315	-716	-744	89	71	-109	249	1241	249	80307807	
-17094	-3228	1488	5394	-587	-782	95	67	-105	250	1246	250	80307807	
-17086	-3238	1530	5322	-476	-784	95	67	-105	251	1251	251	80307807	
-17178	-3050	1640	5040	-387	-781	90	76	-102	252	1256	252	80307866	
-17350	-2548	1862	4638	-266	-765	90	76	-102	253	1261	253	80307876	
-17402	-2130	2162	4228	-18	-725	92	72	-100	254	1266	254	80307876	
-17124	-1734	2178	3893	369	-666	92	72	-100	255	1271	255	80307876	
-16622	-1410	2376	3647	694	-584	92	74	-102	256	1276	256	80307876	
-16312	-1310	2364	3463	805	-545	92	74	-102	257	1281	257	80307876	
-16250	-1298	2322	3301	677	-506	95	71	-105	258	1286	258	80307876	
-16466	-1288	2140	3130	491	-463	95	71	-105	259	1291	259	80307877	
-16610	-1248	1990	3026	449	-402	90	74	-102	260	1296	260	80307877	
-16594	-1404	1758	3024	505	-327	91	74	-101	261	1301	261	80307877	
-16615	-1528	1828	3026	499	-273	94	74	-96	262	1306	262	80307877	
-16770	-1628	1706	3026	477	-230	94	74	-96	263	1311	263	80307877	
-16968	-1988	1602	2989	536	-158	93	71	-105	264	1316	264	80307886	
-17012	-2186	1626	2895	677	-86	93	71	-105	265	1321	265	80307915	
-16840	-2390	1910	2738	788	-18	95	69	-103	266	1326	266	80307915	
-16788	-2606	2164	2548	795	10	95	69	-103	267	1331	267	80307915	
-16614	-2696	2266	2324	772	47	98	74	-96	268	1336	268	80307915	
-16360	-2803	2523	2080	641	74	98	73	-97	269	1341	269	80307915	
-16226	-2879	2721	1903	461	95	97	71	-101	270	1346	270	80307915	
-16123	-2945	2860	1701	248	74	97	70	-100	271	1351	271	80307915	
-16104	-2961	2994	1491	60	34	99	65	-97	272	1356	272	80307916	
-16144	-2908	2894	1338	-63	-1	99	65	-97	273	1361	273	80307916	
-16310	-2904	2790	1148	-127	-47	95	75	-99	274	1366	274	80307916	
-16436	-2844	2692	972	-142	-78	95	75	-99	275	1371	275	80307916	
-16590	-2604	2614	839	-45	-63	100	70	-96	276	1376	276	80307916	
-16514	-2466	2634	792	107	-63	100	70	-96	277	1381	277	80307927	
-16313	-2178	2898	769	166	-58	91	75	-99	278	1386	278	80307941	
-16254	-1810	3167	803	28	-79	92	73	-100	279	1391	279	80307967	
-16382	-1389	3348	879	-127	-122	94	64	-102	280	1396	280	80307967	
-16435	-971	3600	1022	-164	-143	94	66	-102	281	1401	281	80307967	
-16264	-685	3956	1200	-104	-125	95	75	-101	282	1406	282	80307967	
-16176	-409	4025	1427	-98	-92	95	74	-101	283	1411	283	80307967	
-16168	-334	4098	1617	-192	-51	94	68	-102	284	1416	284	80307967	
-16260	-182	4172	1673	-337	-24	94	68	-102	285	1421	285	80307967	
-16358	3	4086	1766	-415	59	97	71	-103	286	1426	286	80308004	
-16240	-68	3998	1912	-420	130	97	72	-102	287	1431	287	80308004	
-16055	-282	3948	2026	-427	165	98	74	-96	288	1436	288	80308004	
-16069	-484	3848	2118	-578	148	98	75	-96	289	1441	289	80308005	
-16196	-680	3745	2163	-755	93	99	77	-97	290	1446	290	80308005	
-16296	-839	3629	2249	-830	36	99	76	-97	291	1451	291	80308005	
-16233	-948	3543	2374	-790	-3	100	70	-98	292	1456	292	80308005	
-16090	-1056	3418	2489	-696	-38	98	71	-97	293	1461	293	80308010	
-15890	-1252	3342	2524	-684	-79	92	74	-92	294	1466	294	80308033	
-15804	-1353	3323	2501	-769	-102	92	73	-93	295	1471	295	80308042	
-15846	-1570	3304	2424	-894	-133	92	68	-98	296	1476	296	80308042	
-16052	-1648	3290	2314	-1037	-112	94	69	-100	297	1481	297	80308042	
-16275	-1785	3291	2202	-1126	-66	100	72	-106	298	1486	298	80308042	
-16404	-2067	3122	2094	-1144	16	98	71	-104	299	1491	299	80308042	
-16426	-2297	3060	1989	-1103	102	91	65	-97	300	1496	300	80308042	
-16420	-2493	2888	1842	-1066	177	92	66	-96	301	1501	301	80308043	
-16317	-2611	2901	1659	-1063	226	95	69	-93	302	1506	302	80308043	
-16296	-2668	3046	1519	-1057	243	96	70	-93	303	1511	303	80308050	
-16343	-2787	2985	1458	-1051	243	97	71	-93	304	1516	304	80308067	
-16404	-2778	2930	1361	-1046	223	98	72	-94	305	1521	305	80308080	
-16585	-2638	2939	1167	-1022	183	100	74	-96	306	1526	306	80308080	
-16756	-2476	2750	979	-951	147	100	74	-96	307	1531	307	80308081	
-16949	-2330	2580	784	-812	118	102	74	-94	308	1536	308	80308081	
-16973	-2171	2413	572	-623	91	102	73	-95	309	1541	309	80308081	
-16865	-2036	2309	383	-448	76	101	71	-97	310	1546	310	80308081	
-16579	-1816	2248	295	-292	72	101	72	-99	311	1551	311	80308097	
-16165	-1739	2289	317	-251	48	101	73	-101	312	1556	312	80308122	
-16048	-1761	2430	424	-407	-23	98	73	-101	313	1561	313	80308122	
-16215	-1741	2608	564	-642	-93	94	74	-100	314	1566	314	80308122	
-16333	-1697	2764	701	-757	-124	94	75	-99	315	1571	315	80308122	
-16284	-1571	2979	864	-687	-142	95	77	-97	316	1576	316	80308122	
-16096	-1494	3154	1002	-599	-153	95	77	-97	317	1581	317	80308122	
-15914	-1460	3263	1110	-650	-151	97	75	-95	318	1586	318	80308122	
-15971	-1338	3426	1179	-816	-139	97	75	-96	319	1591	319	80308129	
-16238	-1326	3598	1215	-1024	-107	95	73	-97	320	1596	320	80308152	
-16564	-1161	3712	1230	-1163	-58	97	73	-97	321	1601	321	80308158	
-16882	-1029	3672	1236	-1196	0	100	72	-98	322	1606	322	80308158	
-17042	-1011	3501	1221	-1093	62	100	72	-98	323	1611	323	80308158	
-16959	-1024	3421	1178	-857	140	99	71	-97	324	1616	324	80308158	
-16722	-1083	3377	1151	-611	203	100	71	-95	325	1621	325	80308158	
-16434	-1159	3293	1120	-445	234	101	71	-91	326	1626	326	80308158	
-16081	-1344	3184	1066	-386	225	101	72	-91	327	1631	327	80308160	
-16035	-1664	3034	1037	-509	181	100	76	-90	328	1636	328	80308176	
-16330	-2014	2807	1056	-706	150	99	76	-90	329	1641	329	80308189	
-16680	-2390	2713	1044	-833	134	97	75	-89	330	1646	330	80308189	
-16960	-2628	2816	998	-780	120	98	74	-90	331	1651	331	80308189	
-17067	-2691	2895	972	-590	125	100	72	-92	332	1656	332	80308189	
-17008	-2802	2759	900	-352	135	100	72	-92	333	1661	333	80308190	
-16870	-2861	2520	692	-124	120	99	71	-93	334	1666	334	80308190	
-16684	-2886	2510	411	66	109	96	71	-92	335	1671	335	80308200	
-16489	-2874	2632	155	176	115	92	70	-90	336	1676	336	80308220	
-16256	-2729	2772	-87	176	127	94	71	-92	337	1681	337	80308225	
-16137	-2605	3037	-317	55	135	96	72	-94	338	1686	338	80308225	
-16307	-2640	3262	-528	-173	133	96	72	-96	339	1691	339	80308226	
-16746	-2571	3315	-799	-403	137	96	72	-98	340	1696	340	80308230	
-17255	-2293	3350	-1146	-507	153	97	74	-96	341	1701	341	80308246	
-17552	-2002	3312	-1485	-413	187	98	78	-94	342	1706	342	80308263	
-17551	-1575	3235	-1778	-137	251	96	76	-96	343	1711	343	80308263	
-17208	-1094	3229	-1958	238	346	92	74	-100	344	1716	344	80308263	
-16736	-865	3291	-1983	525	428	97	73	-101	345	1721	345	80308263	
-16291	-680	3436	-1943	675	466	101	71	-101	346	1726	346	80308263	
-15948	-452	3689	-1822	624	456	99	72	-99	347	1731	347	80308264	
-15867	-442	3788	-1615	367	432	97	73	-97	348	1736	348	80308267	
-16054	-638	3686	-1406	92	410	100	72	-95	349	1741	349	80308283	
-16285	-793	3560	-1290	-32	404	105	71	-93	350	1746	350	80308300	
-16408	-886	3424	-1212	-8	405	103	71	-94	351	1751	351	80308300	
-16394	-1091	3273	-1066	151	422	101	71	-95	352	1756	352	80308301	
-16202	-1287	3258	-950	301	428	97	72	-93	353	1761	353	80308301	
-16012	-1577	3301	-850	299	401	95	73	-91	354	1766	354	80308301	
-15922	-1867	3389	-766	239	364	94	73	-93	355	1771	355	80308306	
-15860	-2036	3533	-757	171	318	93	73	-95	356	1776	356	80308324	
-15799	-2109	3637	-801	60	274	95	72	-96	357	1781	357	80308340	
-15778	-2170	3679	-856	-120	246	99	71	-97	358	1786	358	80308343	
-15816	-2335	3664	-924	-291	231	96	67	-100	359	1791	359	80308344	
-16014	-2535	3536	-1090	-421	237	92	62	-104	360	1796	360	80308344	
-16277	-2626	3455	-1359	-526	268	88	70	-100	361	1801	361	80308344	
-16556	-2628	3420	-1657	-557	299	86	76	-98	362	1806	362	80308344	
-16755	-2564	3348	-1928	-445	351	93	77	-99	363	1811	363	80308346	
-16791	-2423	3423	-2163	-221	416	97	77	-99	364	1816	364	80308389	
-16645	-2137	3504	-2343	-30	459	98	75	-97	365	1821	365	80308422	
-16465	-1832	3546	-2454	62	472	98	74	-96	366	1826	366	80308425	
-16364	-1629	3555	-2532	112	468	98	75	-97	367	1831	367	80308425	
-16292	-1512	3591	-2606	163	456	97	77	-99	368	1836	368	80308425	
-16202	-1380	3774	-2682	182	428	96	74	-100	369	1841	369	80308425	
-16226	-1174	3811	-2742	105	376	95	71	-101	370	1846	370	80308425	
-16378	-964	3780	-2783	10	335	96	75	-97	371	1851	371	80308443	
-16545	-828	3757	-2743	-45	305	97	77	-95	372	1856	372	80308455	
-16588	-850	3723	-2575	-57	317	96	77	-94	373	1861	373	80308455	
-16552	-816	3713	-2332	-44	345	95	77	-93	374	1866	374	80308455	
-16455	-694	3678	-2049	8	371	96	73	-94	375	1871	375	80308455	
-16277	-735	3617	-1717	85	402	96	70	-94	376	1876	376	80308455	
-15988	-873	3727	-1382	140	418	97	71	-95	377	1881	377	80308456	
-15749	-975	3877	-1098	112	415	98	72	-96	378	1886	378	80308456	
-15626	-1121	4002	-857	-15	385	97	68	-96	379	1891	379	80308456	
-15643	-1294	4056	-654	-171	326	96	66	-96	380	1896	380	80308456	
-15757	-1428	3978	-519	-268	264	97	68	-98	381	1901	381	80308456	
-15972	-1527	3875	-465	-303	206	98	70	-100	382	1906	382	80308456	
-16144	-1630	3715	-446	-305	167	94	72	-100	383	1911	383	80308456	
-16295	-1785	3576	-461	-298	148	92	74	-100	384	1916	384	80308461	
-16465	-1997	3472	-521	-326	128	93	75	-98	385	1921	385	80308464	
-16752	-2191	3340	-633	-392	117	94	76	-96	386	1926	386	80308464	
-16942	-2215	3262	-747	-403	124	97	77	-95	387	1931	387	80308485	
-16977	-2179	3191	-886	-336	151	98	78	-94	388	1936	388	80308496	
-16871	-2146	3191	-1036	-223	196	95	80	-97	389	1941	389	80308496	
-16702	-2100	3192	-1206	-142	233	93	81	-99	390	1946	390	80308496	
-16490	-1930	3258	-1416	-126	254	97	76	-100	391	1951	391	80308496	
-16307	-1706	3295	-1619	-146	265	99	73	-101	392	1956	392	80308496	
-16265	-1562	3321	-1754	-175	258	98	71	-97	393	1961	393	80308496	
-16342	-1415	3490	-1831	-182	250	97	69	-95	394	1966	394	80308503	
-16370	-1181	3700	-1820	-165	247	96	75	-96	395	1971	395	80308525	
-16439	-988	3705	-1705	-156	257	96	76	-96	396	1976	396	80308536	
-16415	-900	3665	-1565	-134	281	92	76	-93	397	1981	397	80308538	
-16404	-843	3582	-1448	-133	296	90	76	-92	398	1986	398	80308538	
-16403	-769	3424	-1353	-181	298	91	75	-98	399	1991	399	80308538	
-16432	-682	3211	-1261	-252	310	92	74	-102	400	1996	400	80308539	
-16431	-644	3074	-1165	-259	334	95	72	-100	401	2001	401	80308539	
-16338	-755	3034	-1015	-204	364	97	71	-99	402	2006	402	80308547	
-16202	-939	3156	-825	-188	370	95	73	-99	403	2011	403	80308564	
-16091	-1168	3287	-662	-235	359	95	73	-99	404	2016	404	80308567	
-16046	-1438	3362	-568	-324	319	94	75	-98	405	2021	405	80308567	
-16178	-1580	3472	-596	-460	260	94	76	-98	406	2026	406	80308567	
-16328	-1683	3524	-696	-595	223	92	77	-101	407	2031	407	80308567	
-16500	-1719	3500	-861	-677	191	91	77	-103	408	2036	408	80308567	
-16620	-1718	3515	-1087	-664	171	93	76	-98	409	2041	409	80308567	
-16596	-1612	3493	-1308	-603	182	95	75	-95	410	2046	410	80308574	
-16476	-1503	3523	-1518	-574	219	95	77	-95	411	2051	411	80308598	
-16326	-1439	3475	-1706	-597	266	95	77	-95	412	2056	412	80308607	
-16096	-1405	3461	-1871	-608	305	97	72	-101	413	2061	413	80308607	
-15848	-1408	3428	-1981	-645	338	97	71	-103	414	2066	414	80308607	
-15688	-1412	3490	-2046	-747	355	98	77	-99	415	2071	415	80308607	
-15647	-1404	3586	-2102	-901	354	98	78	-98	416	2076	416	80308607	
-15708	-1327	3705	-2100	-1088	349	92	76	-99	417	2081	417	80308613	
-15772	-1356	3786	-2055	-1236	349	91	75	-99	418	2086	418	80308634	
-15973	-1391	3841	-2009	-1388	352	92	70	-97	419	2091	419	80308643	
-16136	-1346	3933	-2005	-1489	354	92	68	-96	420	2096	420	80308643	
-16343	-1334	4020	-2025	-1551	355	94	71	-98	421	2101	421	80308643	
-16585	-1342	4058	-2031	-1556	366	94	72	-98	422	2106	422	80308643	
-16775	-1394	4000	-1953	-1512	413	91	72	-101	423	2111	423	80308643	
-16896	-1475	3870	-1823	-1407	442	90	72	-102	424	2116	424	80308643	
-17043	-1522	3738	-1775	-1245	436	94	74	-100	425	2121	425	80308650	
-17069	-1399	3690	-1787	-1054	429	95	75	-99	426	2126	426	80308677	
-17018	-1266	3582	-1808	-796	421	93	73	-97	427	2131	427	80308683	
-16903	-1218	3439	-1808	-655	423	93	73	-97	428	2136	428	80308683	
-16784	-1214	3252	-1862	-531	425	97	79	-99	429	2141	429	80308683	
-16717	-1176	3161	-1937	-475	414	98	80	-100	430	2146	430	80308683	
-16740	-1078	3113	-2021	-445	389	94	74	-96	431	2151	431	80308684	
-16646	-976	3171	-2074	-384	349	93	73	-95	432	2156	432	80308684	
-16566	-918	3190	-2080	-284	288	91	73	-98	433	2161	433	80308712	
-16437	-892	3195	-2037	-187	224	91	73	-99	434	2166	434	80308719	
-16381	-970	3361	-1986	-196	152	89	78	-101	435	2171	435	80308719	
-16500	-994	3446	-1915	-310	75	89	79	-101	436	2176	436	80308719	
-16596	-998	3480	-1800	-328	75	96	78	-98	437	2181	437	80308719	
-16578	-933	3405	-1676	-281	80	96	78	-98	438	2186	438	80308720	
-16569	-1002	3568	-1537	-243	83	94	77	-100	439	2191	439	80308720	
-16520	-1038	3628	-1377	-252	80	93	77	-101	440	2196	440	80308720	
-16494	-1095	3720	-1200	-270	77	90	74	-101	441	2201	441	80308754	
-16522	-1129	3755	-1062	-249	68	89	73	-101	442	2206	442	80308772	
-16500	-1155	3868	-981	-206	55	95	74	-103	443	2211	443	80308775	
-16398	-1172	3740	-940	-152	48	96	74	-104	444	2216	444	80308775	
-16462	-1072	3760	-952	-137	22	98	74	-100	445	2221	445	80308775	
-16630	-1046	3724	-951	-139	1	98	74	-100	446	2226	446	80308775	
-16636	-1022	3724	-897	-63	25	90	78	-98	447	2231	447	80308775	
-16589	-1055	3522	-830	36	47	90	78	-98	448	2236	448	80308775	
-16391	-1020	3511	-736	154	69	91	76	-99	449	2241	449	80308798	
-16200	-973	3604	-650	177	104	91	75	-99	450	2246	450	80308809	
-15988	-1049	3656	-559	97	133	95	76	-103	451	2251	451	80308810	
-15862	-1080	3740	-482	-15	139	96	76	-104	452	2256	452	80308810	
-15854	-1148	3828	-475	-128	147	95	73	-103	453	2261	453	80308810	
-15838	-1204	3912	-515	-283	142	95	73	-103	454	2266	454	80308810	
-16004	-1222	3912	-561	-412	104	97	77	-101	455	2271	455	80308810	
-16178	-1280	3776	-596	-508	74	97	77	-101	456	2276	456	80308810	
-16388	-1350	3640	-605	-508	29	92	74	-100	457	2281	457	80308832	
-16580	-1466	3802	-580	-430	-31	92	74	-100	458	2286	458	80308845	
-16643	-1604	3757	-536	-351	-64	90	81	-100	459	2291	459	80308846	
-16549	-1701	3634	-488	-222	-65	90	82	-100	460	2296	460	80308846	
-16314	-1806	3476	-485	-51	-64	93	75	-97	461	2301	461	80308846	
-16116	-1840	3300	-522	-13	-67	93	75	-97	462	2306	462	80308846	
-15916	-1986	3218	-613	-155	-56	90	74	-96	463	2311	463	80308846	
-15874	-1830	3144	-779	-362	-51	90	74	-96	464	2316	464	80308846	
-15928	-1758	3252	-957	-522	-45	89	75	-101	465	2321	465	80308898	
-16006	-1772	3356	-1100	-640	-39	89	75	-101	466	2326	466	80308907	
-16256	-1740	3438	-1236	-727	-29	92	74	-102	467	2331	467	80308907	
-16530	-1638	3364	-1399	-766	-37	92	74	-102	468	2336	468	80308907	
-16800	-1676	3428	-1510	-736	-37	89	75	-97	469	2341	469	80308907	
-16944	-1760	3248	-1593	-637	-10	89	75	-97	470	2346	470	80308907	
-17050	-1674	3244	-1789	-510	37	92	78	-98	471	2351	471	80308907	
-17124	-1530	3320	-1939	-447	66	92	78	-98	472	2356	472	80308907	
-17226	-1456	3330	-2010	-330	119	87	77	-99	473	2361	473	80308946	
-17056	-1296	3392	-2041	-72	168	87	77	-99	474	2366	474	80308946	
-16706	-1270	3562	-2038	147	196	93	77	-101	475	2371	475	80308946	
-16368	-1194	3840	-1951	161	246	93	77	-101	476	2376	476	80308946	
-15938	-1316	3890	-1819	83	226	88	70	-108	477	2381	477	80308946	
-15521	-1411	3933	-1768	-15	181	88	71	-106	478	2386	478	80308947	
-15348	-1396	4106	-1781	-148	156	90	76	-98	479	2391	479	80308947	
-15230	-1490	3932	-1781	-414	87	90	76	-98	480	2396	480	80308947	
-15420	-1690	3848	-1848	-708	22	88	76	-102	481	2401	481	80308947	
-15806	-1784	3480	-2015	-901	-35	88	76	-102	482	2406	482	80308947	
-16028	-1810	3354	-2219	-921	-13	94	70	-100	483	2411	483	80308947	
-16214	-1918	3128	-2387	-842	24	94	70	-100	484	2416	484	80308947	
-16318	-1950	3026	-2504	-798	39	93	75	-103	485	2421	485	80308947	
-16487	-2130	3006	-2638	-801	105	92	75	-102	486	2426	486	80308967	
-16708	-2187	3005	-2721	-824	151	87	77	-99	487	2431	487	80308983	
-16920	-2275	2978	-2788	-782	203	88	78	-99	488	2436	488	80308983	
-16972	-2378	2816	-2863	-691	267	91	81	-101	489	2441	489	80308983	
-17264	-2348	2742	-2978	-565	317	91	81	-101	490	2446	490	80308983	
-17476	-2220	2694	-3081	-456	334	93	79	-97	491	2451	491	80308983	
-17756	-1972	2662	-3126	-314	372	93	79	-97	492	2456	492	80308983	
-17920	-1926	2550	-3105	-58	412	92	76	-100	493	2461	493	80308983	
-17642	-1874	2673	-3051	386	450	93	75	-99	494	2466	494	80308998	
-17340	-1916	2774	-3028	679	448	95	73	-97	495	2471	495	80309020	
-17087	-1933	2716	-3046	822	431	94	73	-98	496	2476	496	80309020	
-16917	-1768	2717	-3171	917	412	90	72	-104	497	2481	497	80309020	
-16695	-1638	2811	-3364	992	389	89	72	-103	498	2486	498	80309021	
-16525	-1650	3039	-3487	1014	362	87	73	-97	499	2491	499	80309021	
-16498	-1562	3154	-3574	956	309	87	73	-97	500	2496	500	80309021	
-16624	-1518	3214	-3664	862	273	94	72	-104	501	2501	501	80309021	
-16542	-1438	3094	-3691	886	255	94	72	-104	502	2506	502	80309059	
-16279	-1538	3184	-3646	980	224	93	73	-97	503	2511	503	80309059	
-16128	-1653	3371	-3571	993	197	92	73	-98	504	2516	504	80309059	
-16047	-1805	3519	-3462	946	155	87	73	-101	505	2521	505	80309059	
-15981	-1986	3540	-3367	940	114	87	72	-102	506	2526	506	80309059	
-15893	-2137	3558	-3383	962	80	89	69	-105	507	2531	507	80309060	
-15865	-2237	3789	-3467	933	56	90	70	-104	508	2536	508	80309062	
-15844	-2280	3946	-3546	811	26	92	76	-102	509	2541	509	80309073	
-15916	-2360	3994	-3616	685	-5	92	76	-102	510	2546	510	80309100	
-16180	-2329	4098	-3797	590	5	95	73	-107	511	2551	511	80309101	
-16234	-2141	4238	-3943	584	29	94	74	-106	512	2556	512	80309101	
-16110	-1941	4294	-4016	615	62	90	76	-100	513	2561	513	80309101	
-15894	-1771	4292	-4068	636	128	90	75	-102	514	2566	514	80309102	
-15699	-1645	4338	-4137	607	190	88	70	-110	515	2571	515	80309102	
-15538	-1470	4421	-4198	510	256	88	71	-108	516	2576	516	80309103	
-15400	-1282	4589	-4288	354	330	90	74	-102	517	2581	517	80309114	
-15314	-1026	4760	-4382	162	400	90	75	-103	518	2586	518	80309140	
-15225	-834	4869	-4420	-62	470	91	77	-109	519	2591	519	80309140	
-15280	-779	4951	-4381	-292	522	91	77	-108	520	2596	520	80309140	
-15412	-708	4901	-4309	-496	575	91	75	-103	521	2601	521	80309140	
-15515	-811	4724	-4175	-679	623	91	74	-104	522	2606	522	80309140	
-15656	-926	4642	-4016	-858	641	92	72	-106	523	2611	523	80309141	
-15852	-1138	4655	-3868	-992	620	91	73	-106	524	2616	524	80309152	
-15996	-1282	4550	-3701	-1057	603	88	76	-104	525	2621	525	80309178	
-15982	-1444	4416	-3528	-1031	617	88	76	-105	526	2626	526	80309178	
-15850	-1597	4277	-3389	-1009	617	90	76	-110	527	2631	527	80309178	
-15660	-1742	4161	-3360	-1106	562	89	78	-109	528	2636	528	80309178	
-15638	-1939	4196	-3423	-1310	505	87	81	-107	529	2641	529	80309178	
-15777	-2058	4230	-3518	-1521	460	86	79	-106	530	2646	530	80309178	
-15927	-2112	4272	-3614	-1656	425	83	75	-105	531	2651	531	80309181	
-16112	-2156	4208	-3766	-1730	386	84	76	-106	532	2656	532	80309193	
-16304	-2134	4020	-3933	-1762	369	86	78	-108	533	2661	533	80309215	
-16494	-2047	3856	-4074	-1768	364	86	79	-108	534	2666	534	80309216	
-16665	-2164	3777	-4151	-1718	394	84	82	-110	535	2671	535	80309216	
-16692	-2210	3712	-4265	-1544	447	83	79	-110	536	2676	536	80309216	
-16575	-2184	3783	-4377	-1391	490	82	74	-110	537	2681	537	80309216	
-16454	-2144	3970	-4433	-1329	509	84	74	-110	538	2686	538	80309216	
-16373	-2078	4211	-4410	-1371	497	87	73	-109	539	2691	539	80309216	
-16435	-1981	4333	-4335	-1433	491	86	76	-110	540	2696	540	80309228	
-16502	-1857	4313	-4227	-1432	502	83	81	-111	541	2701	541	80309252	
-16405	-1654	4288	-4054	-1322	507	84	81	-111	542	2706	542	80309252	
-16310	-1591	4403	-3871	-1189	498	86	80	-112	543	2711	543	80309252	
-16315	-1592	4598	-3652	-1168	442	85	79	-111	544	2716	544	80309252	
-16439	-1521	4664	-3386	-1225	376	83	77	-109	545	2721	545	80309252	
-16632	-1434	4480	-3122	-1226	327	83	76	-109	546	2726	546	80309252	
-16677	-1483	4117	-2837	-1115	298	83	75	-109	547	2731	547	80309264	
-16420	-1575	3798	-2584	-941	286	82	76	-107	548	2736	548	80309285	
-15993	-1707	3601	-2327	-857	257	81	77	-105	549	2741	549	80309290	
-15788	-2016	3485	-2066	-1019	185	82	77	-107	550	2746	550	80309291	
-15932	-2400	3444	-1873	-1350	113	85	77	-111	551	2751	551	80309291	
-16385	-2702	3472	-1738	-1672	94	85	77	-111	552	2756	552	80309291	
-16484	-2858	3382	-1736	-1660	122	84	76	-110	553	2761	553	80309291	
-16276	-2938	3360	-1856	-1479	162	84	76	-108	554	2766	554	80309291	
-16060	-2865	3399	-2069	-1379	177	85	77	-105	555	2771	555	80309303	
-16078	-2688	3472	-2304	-1479	171	84	78	-107	556	2776	556	80309325	
-16315	-2547	3449	-2508	-1668	171	83	79	-111	557	2781	557	80309332	
-16633	-2515	3446	-2701	-1758	187	83	76	-111	558	2786	558	80309332	
-16772	-2432	3448	-2910	-1648	216	82	72	-110	559	2791	559	80309332	
-16791	-2359	3508	-3138	-1436	244	82	73	-110	560	2796	560	80309332	
-16800	-2365	3551	-3365	-1237	280	81	75	-111	561	2801	561	80309332	
-16795	-2399	3532	-3602	-1061	352	82	73	-109	562	2806	562	80309332	
-16736	-2358	3536	-3911	-901	442	83	71	-105	563	2811	563	80309347	
-16547	-2259	3638	-4282	-798	526	81	71	-105	564	2816	564	80309369	
-16375	-2135	3812	-4628	-769	636	78	72	-106	565	2821	565	80309369	
-16145	-1992	3831	-4912	-771	759	78	72	-109	566	2826	566	80309369	
-15878	-1941	3828	-5155	-813	853	78	72	-114	567	2831	567	80309369	
-15697	-1895	3827	-5347	-945	920	80	74	-112	568	2836	568	80309370	
-15562	-1919	3845	-5459	-1202	984	82	78	-108	569	2841	569	80309370	
-15499	-2049	3747	-5497	-1519	1013	80	76	-109	570	2846	570	80309370	
-15646	-2244	3559	-5542	-1796	992	79	75	-109	571	2851	571	80309393	
-15909	-2442	3402	-5623	-2064	947	79	76	-109	572	2856	572	80309416	
-16184	-2553	3234	-5736	-2279	923	80	78	-110	573	2861	573	80309417	
-16269	-2606	3058	-5828	-2350	936	81	78	-112	574	2866	574	80309417	
-16178	-2695	2992	-5880	-2344	938	82	78	-116	575	2871	575	80309417	
-16162	-2800	2925	-5921	-2343	921	81	77	-114	576	2876	576	80309417	
-16228	-2933	2950	-5978	-2379	876	80	76	-112	577	2881	577	80309417	
-16346	-2988	3052	-6077	-2404	825	82	78	-113	578	2886	578	80309422	
-16467	-3011	3048	-6147	-2344	800	83	79	-113	579	2891	579	80309442	
-16492	-2992	3262	-6209	-2230	812	78	78	-117	580	2896	580	80309452	
-16446	-2891	3541	-6291	-2145	822	75	77	-119	581	2901	581	80309452	
-16480	-2770	3715	-6394	-2125	822	76	76	-119	582	2906	582	80309452	
-16641	-2596	3846	-6518	-2161	815	78	74	-120	583	2911	583	80309452	
-16816	-2327	3950	-6650	-2133	808	77	76	-117	584	2916	584	80309452	
-16878	-2045	3969	-6785	-1981	835	76	78	-112	585	2921	585	80309452	
-16827	-1864	3890	-6893	-1784	867	75	77	-110	586	2926	586	80309458	
-16828	-1717	3927	-6954	-1651	887	75	77	-109	587	2931	587	80309486	
-16905	-1582	3990	-6961	-1561	929	76	78	-111	588	2936	588	80309502	
-16889	-1508	3991	-6905	-1474	998	77	79	-113	589	2941	589	80309502	
-16675	-1495	3972	-6830	-1338	1068	73	79	-113	590	2946	590	80309502	
-16331	-1416	3969	-6788	-1215	1099	71	79	-113	591	2951	591	80309502	
-16006	-1294	3978	-6747	-1179	1095	71	79	-114	592	2956	592	80309502	
-15865	-1249	4009	-6657	-1292	1083	71	79	-115	593	2961	593	80309502	
-15914	-1299	4007	-6513	-1529	1105	71	80	-116	594	2966	594	80309502	
-16001	-1350	3924	-6362	-1703	1164	70	80	-116	595	2971	595	80309509	
-15982	-1518	3830	-6227	-1748	1234	71	79	-114	596	2976	596	80309538	
-15921	-1766	3707	-6134	-1760	1281	72	78	-112	597	2981	597	80309554	
-15956	-2025	3603	-6103	-1789	1278	71	79	-114	598	2986	598	80309554	
-16046	-2287	3533	-6125	-1871	1242	70	80	-116	599	2991	599	80309554	
-16201	-2484	3540	-6169	-2001	1192	71	81	-115	600	2996	600	80309554	
-16377	-2607	3544	-6195	-2097	1135	72	82	-114	601	3001	601	80309554	
-16575	-2676	3629	-6191	-2105	1077	71	83	-116	602	3006	602	80309554	
-16732	-2659	3772	-6172	-2032	1021	70	84	-118	603	3011	603	80309577	
-16736	-2554	3986	-6170	-1883	943	72	82	-114	604	3016	604	80309592	
-16629	-2452	4173	-6127	-1690	872	74	80	-112	605	3021	605	80309592	
-16428	-2419	4370	-6033	-1538	832	69	80	-112	606	3026	606	80309592	
-16212	-2424	4554	-5968	-1464	794	66	80	-112	607	3031	607	80309592	
-16100	-2447	4659	-5988	-1451	754	68	79	-115	608	3036	608	80309592	
-16040	-2432	4746	-6079	-1465	730	69	79	-117	609	3041	609	80309592	
-15961	-2331	4857	-6171	-1485	750	68	78	-118	610	3046	610	80309593	
-15805	-2224	4912	-6264	-1495	829	68	78	-118	611	3051	611	80309593	
-15675	-2053	5001	-6305	-1506	908	67	83	-119	612	3056	612	80309593	
-15420	-1948	4989	-6315	-1536	994	66	86	-120	613	3061	613	80309598	
-15203	-1875	4905	-6298	-1604	1073	64	85	-122	614	3066	614	80309618	
-15068	-1833	4914	-6252	-1736	1152	62	84	-124	615	3071	615	80309629	
-15050	-1816	4941	-6175	-1931	1231	64	84	-122	616	3076	616	80309629	
-15158	-1862	4911	-6060	-2157	1304	66	84	-120	617	3081	617	80309630	
-15412	-1918	4852	-5939	-2356	1360	67	81	-118	618	3086	618	80309630	
-15756	-1927	4736	-5811	-2477	1371	67	79	-117	619	3091	619	80309630	
-15968	-2004	4724	-5697	-2380	1362	67	84	-115	620	3096	620	80309630	
-15985	-2174	4738	-5600	-2150	1345	67	85	-115	621	3101	621	80309630	
-15857	-2354	4790	-5510	-1924	1321	65	81	-121	622	3106	622	80309630	
-15737	-2475	4922	-5452	-1764	1253	64	80	-122	623	3111	623	80309657	
-15603	-2624	5169	-5401	-1687	1149	65	82	-120	624	3116	624	80309694	
-15551	-2834	5466	-5313	-1799	1054	65	83	-119	625	3121	625	80309710	
-15695	-3158	5605	-5205	-2130	981	58	86	-120	626	3126	626	80309710	
-16013	-3440	5940	-5162	-2521	905	54	88	-120	627	3131	627	80309710	
-16472	-3564	6246	-5163	-2790	811	60	85	-122	628	3136	628	80309711	
-16954	-3491	6176	-5232	-2889	794	62	84	-122	629	3141	629	80309711	
-17445	-3257	5992	-5389	-2880	833	63	85	-118	630	3146	630	80309711	
-17589	-2630	6008	-5720	-2936	879	63	85	-117	631	3151	631	80309728	
-17890	-2104	5636	-5872	-2683	794	65	82	-122	632	3156	632	80309746	
-17779	-1981	5041	-6029	-2361	853	65	81	-123	633	3161	633	80309750	
-17363	-1729	4508	-6340	-2131	946	59	80	-119	634	3166	634	80309763	
-17124	-1402	4007	-6767	-1961	875	55	79	-117	635	3171	635	80309771	
-16992	-1269	3311	-7155	-1763	824	60	84	-121	636	3176	636	80309771	
-16645	-1291	2692	-7414	-1521	904	62	86	-122	637	3181	637	80309771	
-16467	-1383	2456	-7681	-1247	889	56	85	-118	638	3186	638	80309771	
-16236	-1417	2373	-7873	-1046	898	55	85	-117	639	3191	639	80309771	
-16090	-1470	2541	-7957	-940	987	62	86	-121	640	3196	640	80309771	
-16024	-1493	2794	-7979	-844	1054	64	86	-122	641	3201	641	80309772	
-16024	-1440	3364	-7939	-788	1133	57	84	-124	642	3206	642	80309772	
-16094	-1353	3867	-7818	-772	1235	55	83	-125	643	3211	643	80309772	
-16214	-1361	4488	-7572	-733	1375	60	82	-123	644	3216	644	80309772	
-16232	-1422	4998	-7256	-599	1519	62	82	-122	645	3221	645	80309772	
-15944	-1477	5528	-6914	-463	1688	56	82	-120	646	3226	646	80309772	
-15589	-1576	6100	-6589	-475	1781	54	82	-120	647	3231	647	80309772	
-15489	-1617	6595	-6333	-647	1792	52	85	-125	648	3236	648	80309786	
-15572	-1686	6893	-6052	-934	1764	52	86	-126	649	3241	649	80309789	
-15701	-1830	6963	-5762	-1218	1763	51	85	-125	650	3246	650	80309789	
-15931	-1944	6960	-5572	-1405	1707	51	85	-125	651	3251	651	80309789	
-16192	-2104	6928	-5448	-1576	1583	50	86	-126	652	3256	652	80309789	
-16260	-2357	6603	-5417	-1641	1501	50	86	-126	653	3261	653	80309789	
-16327	-2704	6368	-5462	-1656	1351	52	84	-122	654	3266	654	80309790	
-16406	-3084	6011	-5602	-1608	1167	53	83	-121	655	3271	655	80309796	
-16518	-3394	5542	-5794	-1482	988	50	86	-126	656	3276	656	80309823	
-16531	-3543	5108	-6010	-1254	839	49	87	-127	657	3281	657	80309829	
-16491	-3600	4747	-6222	-967	755	47	88	-126	658	3286	658	80309829	
-16407	-3546	4625	-6390	-660	723	46	88	-126	659	3291	659	80309829	
-16257	-3370	4503	-6499	-372	727	46	83	-124	660	3296	660	80309829	
-16008	-3150	4752	-6540	-108	773	46	82	-124	661	3301	661	80309829	
-15826	-2980	4904	-6463	-14	835	50	86	-126	662	3306	662	80309830	
-15710	-2678	5168	-6319	-6	902	50	86	-126	663	3311	663	80309846	
-15593	-2426	5535	-6132	-51	938	53	85	-124	664	3316	664	80309868	
-15552	-2102	5843	-5862	-148	962	53	85	-123	665	3321	665	80309872	
-15500	-1714	5971	-5576	-273	956	48	87	-126	666	3326	666	80309872	
-15501	-1295	6082	-5318	-370	927	47	87	-127	667	3331	667	80309872	
-15432	-919	6141	-5084	-460	884	46	85	-125	668	3336	668	80309872	
-15428	-492	6254	-4791	-625	839	46	84	-124	669	3341	669	80309872	
-15520	-336	6214	-4481	-802	842	45	83	-127	670	3346	670	80309872	
-15592	-258	6096	-4156	-875	874	45	83	-127	671	3351	671	80309882	
-15476	-390	6040	-3811	-872	912	47	83	-131	672	3356	672	80309913	
-15412	-496	5950	-3515	-882	917	47	83	-131	673	3361	673	80309913	
-15319	-759	5773	-3291	-929	902	41	86	-130	674	3366	674	80309913	
-15318	-1159	5616	-3101	-1033	864	40	86	-130	675	3371	675	80309913	
-15556	-1467	5400	-3004	-1176	821	40	81	-128	676	3376	676	80309913	
-15910	-1942	5256	-2982	-1286	814	40	80	-128	677	3381	677	80309913	
-16242	-2290	5178	-3060	-1266	832	43	91	-125	678	3386	678	80309914	
-16382	-2534	5156	-3181	-1123	881	43	91	-125	679	3391	679	80309914	
-16438	-2652	5164	-3321	-951	924	38	84	-128	680	3396	680	80309923	
-16576	-2806	5332	-3482	-785	970	38	84	-128	681	3401	681	80309964	
-16542	-2890	5464	-3627	-582	1005	38	82	-124	682	3406	682	80309964	
-16600	-2884	5568	-3764	-400	1022	38	82	-124	683	3411	683	80309964	
-16425	-2841	5585	-3872	-310	1039	45	84	-126	684	3416	684	80309964	
-16292	-2909	5550	-4031	-237	992	46	84	-126	685	3421	685	80309964	
-16278	-2932	5538	-4259	-217	879	36	78	-126	686	3426	686	80309964	
-16202	-2876	5384	-4397	-262	830	36	78	-126	687	3431	687	80309964	
-16218	-2772	5210	-4512	-307	760	39	85	-129	688	3436	688	80309964	
-16258	-2664	5228	-4565	-300	694	39	85	-129	689	3441	689	80309992	
-16342	-2434	5212	-4569	-268	646	39	81	-131	690	3446	690	80310002	
-16226	-2276	5132	-4516	-192	605	39	81	-131	691	3451	691	80310008	
-16234	-2090	5062	-4445	-88	561	30	78	-136	692	3456	692	80310008	
-16180	-2062	5016	-4378	24	529	30	78	-136	693	3461	693	80310008	
-16074	-1793	5000	-4302	116	490	39	85	-123	694	3466	694	80310008	
-15966	-1588	5128	-4272	163	470	39	85	-123	695	3471	695	80310008	
-15946	-1456	5216	-4181	169	457	42	82	-128	696	3476	696	80310008	
-15958	-1288	5308	-3994	136	470	42	82	-128	697	3481	697	80310008	
-15872	-1156	5320	-3780	104	497	36	82	-130	698	3486	698	80310012	
-15786	-932	5472	-3565	82	528	36	82	-130	699	3491	699	80310041	
-15660	-844	5464	-3306	30	542	36	84	-130	700	3496	700	80310042	
-15550	-838	5472	-3056	-45	547	36	84	-130	701	3501	701	80310042	
-15526	-794	5422	-2823	-113	546	38	86	-122	702	3506	702	80310042	
-15524	-1052	5418	-2598	-214	536	37	86	-123	703	3511	703	80310042	
-15552	-1102	5347	-2465	-281	550	31	85	-125	704	3516	704	80310042	
-15644	-1192	5342	-2372	-337	553	31	85	-125	705	3521	705	80310042	
-15770	-1456	5220	-2256	-402	605	37	85	-137	706	3526	706	80310053	
-15906	-1582	5100	-2237	-404	660	37	85	-137	707	3531	707	80310083	
-15936	-1762	5218	-2224	-373	715	36	86	-126	708	3536	708	80310083	
-15980	-1978	5224	-2154	-354	818	36	86	-126	709	3541	709	80310083	
-16006	-2244	5274	-2175	-292	897	27	77	-135	710	3546	710	80310083	
-16013	-2322	5519	-2219	-140	951	29	78	-134	711	3551	711	80310083	
-15939	-2518	5657	-2276	-31	1005	38	84	-130	712	3556	712	80310083	
-15883	-2504	5731	-2395	-29	1017	38	84	-129	713	3561	713	80310086	
-16048	-2376	5797	-2531	-119	1020	36	82	-126	714	3566	714	80310097	
-16168	-2298	5710	-2643	-157	1037	36	82	-126	715	3571	715	80310119	
-16178	-2074	5652	-2775	-110	1014	31	83	-135	716	3576	716	80310119	
-16172	-1944	5478	-2856	-64	959	31	83	-135	717	3581	717	80310119	
-16036	-1916	5314	-2880	-124	894	27	75	-137	718	3586	718	80310119	
-16070	-1888	4951	-2825	-212	790	28	77	-135	719	3591	719	80310119	
-16119	-1996	4857	-2716	-251	705	30	84	-126	720	3596	720	80310119	
-16125	-2098	4750	-2565	-223	625	31	84	-128	721	3601	721	80310122	
-16132	-2245	4761	-2429	-179	552	36	84	-136	722	3606	722	80310136	
-16150	-2323	4815	-2298	-147	477	34	84	-134	723	3611	723	80310157	
-16148	-2368	4843	-2173	-117	416	28	84	-128	724	3616	724	80310157	
-16137	-2376	4964	-2061	-50	373	30	85	-129	725	3621	725	80310157	
-16240	-2364	5066	-1966	-5	350	39	87	-131	726	3626	726	80310157	
-16208	-2294	5134	-1854	28	328	39	87	-131	727	3631	727	80310157	
-16121	-2006	5201	-1718	65	326	28	84	-126	728	3636	728	80310157	
-15999	-1906	5157	-1598	94	333	28	83	-126	729	3641	729	80310159	
-15988	-1812	5171	-1488	138	346	29	81	-127	730	3646	730	80310172	
-15921	-1621	5216	-1411	204	355	29	81	-128	731	3651	731	80310194	
-15854	-1606	5265	-1340	247	368	27	83	-131	732	3656	732	80310194	
-15758	-1614	5323	-1270	249	396	29	83	-131	733	3661	733	80310194	
-15740	-1593	5330	-1224	207	408	35	83	-129	734	3666	734	80310194	
-15781	-1646	5367	-1174	147	416	34	83	-129	735	3671	735	80310194	
-15732	-1647	5326	-1136	78	425	29	85	-131	736	3676	736	80310194	
-15819	-1622	5250	-1116	15	420	29	85	-130	737	3681	737	80310196	
-15883	-1542	5258	-1094	-16	427	29	85	-127	738	3686	738	80310210	
-15865	-1546	5166	-1051	-34	439	29	85	-128	739	3691	739	80310235	
-15860	-1590	5062	-1003	-54	438	31	85	-131	740	3696	740	80310235	
-15914	-1590	4986	-934	-60	443	31	85	-132	741	3701	741	80310235	
-15853	-1626	5006	-855	-55	458	32	84	-136	742	3706	742	80310235	
-15814	-1685	4934	-778	-44	458	32	84	-134	743	3711	743	80310235	
-15829	-1760	4979	-719	-60	442	34	84	-128	744	3716	744	80310236	
-15851	-1821	5027	-660	-113	414	34	84	-126	745	3721	745	80310245	
-15901	-1940	4993	-624	-145	400	33	85	-123	746	3726	746	80310264	
-15962	-2078	5044	-624	-164	376	32	86	-125	747	3731	747	80310273	
-16038	-2203	5115	-632	-184	363	29	89	-131	748	3736	748	80310273	
-16120	-2313	5188	-640	-215	364	30	89	-131	749	3741	749	80310273	
-16276	-2322	5271	-660	-250	361	35	89	-129	750	3746	750	80310273	
-16391	-2347	5292	-685	-249	358	35	87	-129	751	3751	751	80310273	
-16441	-2345	5276	-719	-202	355	36	80	-130	752	3756	752	80310275	
-16428	-2292	5170	-781	-139	348	31	82	-132	753	3761	753	80310293	
