-16216	-754	5281	125	-508	27	26	139	155	1	1	1	15519523	
-16248	-678	5214	138	-524	21	23	139	155	2	6	2	15519536	
-16270	-658	5209	159	-529	16	24	138	156	3	11	3	15519590	
-16255	-597	5178	190	-533	18	26	136	160	4	16	4	15519604	
-16268	-572	5263	227	-554	19	27	135	158	5	21	5	15519605	
-16304	-547	5254	251	-542	22	29	133	153	6	26	6	15519605	
-16312	-546	5249	267	-533	22	25	135	157	7	31	7	15519605	
-16216	-534	5227	275	-526	14	20	138	164	8	36	8	15519605	
-16188	-498	5192	274	-514	0	22	139	163	9	41	9	15519605	
-16226	-512	5308	262	-514	-10	26	140	162	10	46	10	15519613	
-16216	-557	5361	259	-527	-12	26	141	160	11	51	11	15519626	
-16179	-552	5298	271	-526	-17	26	142	156	12	56	12	15519626	
-16135	-498	5306	270	-535	-20	31	142	159	13	61	13	15519627	
-16188	-489	5396	260	-568	-17	35	141	161	14	66	14	15519627	
-16212	-488	5428	242	-592	-11	32	140	162	15	71	15	15519627	
-16211	-522	5412	222	-617	-10	30	140	162	16	76	16	15519627	
-16190	-611	5376	199	-623	-17	26	139	164	17	81	17	15519627	
-16211	-645	5312	181	-614	-25	24	138	166	18	86	18	15519627	
-16260	-626	5312	177	-590	-26	29	140	165	19	91	19	15519627	
-16241	-639	5369	181	-566	-25	33	141	165	20	96	20	15519627	
-16238	-661	5321	197	-553	-22	32	139	163	21	101	21	15519627	
-16293	-623	5304	231	-532	-37	32	138	162	22	106	22	15519634	
-16303	-637	5264	261	-521	-43	30	140	161	23	111	23	15519637	
-16328	-670	5206	274	-513	-46	29	141	161	24	116	24	15519637	
-16289	-646	5224	289	-489	-45	28	140	160	25	121	25	15519637	
-16291	-596	5192	314	-469	-52	28	140	160	26	126	26	15519650	
-16329	-634	5228	333	-436	-44	26	142	160	27	131	27	15519666	
-16297	-602	5249	356	-432	-41	26	142	160	28	136	28	15519670	
-16252	-605	5296	365	-432	-41	28	140	165	29	141	29	15519670	
-16253	-628	5354	365	-438	-39	29	139	169	30	146	30	15519670	
-16223	-665	5332	379	-450	-32	30	138	160	31	151	31	15519670	
-16142	-642	5398	376	-471	-32	30	138	158	32	156	32	15519670	
-16148	-581	5328	365	-499	-45	30	140	161	33	161	33	15519670	
-16164	-646	5405	365	-504	-54	30	140	162	34	166	34	15519693	
-16187	-692	5384	356	-515	-54	28	136	163	35	171	35	15519707	
-16211	-663	5390	343	-527	-60	27	135	163	36	176	36	15519709	
-16192	-611	5471	337	-530	-62	26	139	157	37	181	37	15519709	
-16173	-622	5402	344	-532	-64	26	140	156	38	186	38	15519709	
-16214	-662	5434	341	-538	-68	28	140	160	39	191	39	15519710	
-16234	-692	5356	352	-541	-70	28	140	160	40	196	40	15519710	
-16304	-662	5446	360	-523	-71	31	143	161	41	201	41	15519710	
-16286	-632	5338	355	-488	-76	31	143	161	42	206	42	15519711	
-16310	-616	5418	382	-479	-73	31	137	165	43	211	43	15519719	
-16220	-614	5376	433	-467	-69	31	137	165	44	216	44	15519746	
-16264	-668	5440	477	-457	-71	27	143	163	45	221	45	15519746	
-16226	-676	5430	498	-448	-66	27	143	163	46	226	46	15519747	
-16228	-690	5353	495	-441	-65	30	142	160	47	231	47	15519748	
-16206	-721	5350	490	-442	-58	30	141	160	48	236	48	15519749	
-16223	-806	5385	489	-446	-49	28	138	158	49	241	49	15519749	
-16234	-870	5407	460	-443	-63	28	138	159	50	246	50	15519756	
-16240	-828	5419	432	-441	-46	29	139	163	51	251	51	15519783	
-16189	-798	5428	406	-447	-38	28	140	161	52	256	52	15519783	
-16228	-806	5478	398	-445	-30	25	145	153	53	261	53	15519783	
-16165	-815	5427	392	-445	-24	26	145	155	54	266	54	15519784	
-16141	-863	5336	393	-451	-20	29	143	161	55	271	55	15519784	
-16154	-901	5366	396	-450	-16	27	141	161	56	276	56	15519784	
-16191	-875	5439	407	-432	-21	25	139	161	57	281	57	15519788	
-16243	-896	5417	418	-422	-25	28	140	159	58	286	58	15519805	
-16254	-926	5422	422	-416	-26	33	141	155	59	291	59	15519822	
-16278	-944	5475	426	-423	-29	31	140	159	60	296	60	15519822	
-16286	-920	5470	419	-427	-28	27	139	165	61	301	61	15519822	
-16254	-898	5443	405	-420	-30	27	139	165	62	306	62	15519822	
-16275	-913	5353	393	-415	-30	29	137	163	63	311	63	15519822	
-16284	-905	5300	386	-418	-17	28	138	162	64	316	64	15519822	
-16258	-852	5324	374	-416	-3	27	139	161	65	321	65	15519833	
-16238	-831	5379	337	-401	5	27	139	160	66	326	66	15519857	
-16217	-811	5345	311	-383	14	26	138	158	67	331	67	15519868	
-16247	-784	5275	307	-368	19	28	138	161	68	336	68	15519869	
-16276	-786	5276	293	-363	16	32	138	166	69	341	69	15519869	
-16226	-772	5329	293	-356	22	32	138	163	70	346	70	15519870	
-16249	-734	5367	283	-353	37	31	139	159	71	351	71	15519870	
-16261	-748	5316	247	-348	51	30	141	162	72	356	72	15519871	
-16272	-728	5284	214	-332	52	28	142	164	73	361	73	15519890	
-16245	-683	5281	181	-337	51	30	140	161	74	366	74	15519902	
-16259	-662	5308	165	-350	57	31	139	159	75	371	75	15519903	
-16273	-658	5269	143	-363	61	28	137	164	76	376	76	15519903	
-16321	-638	5274	126	-375	65	26	136	168	77	381	77	15519903	
-16313	-646	5205	116	-369	65	28	138	168	78	386	78	15519904	
-16310	-661	5153	100	-348	60	30	140	168	79	391	79	15519904	
-16295	-685	5168	72	-310	59	27	139	158	80	396	80	15519904	
-16255	-706	5192	43	-315	58	26	138	154	81	401	81	15519904	
-16290	-694	5252	34	-310	61	28	138	162	82	406	82	15519911	
-16284	-768	5232	53	-303	57	28	138	164	83	411	83	15519935	
-16202	-822	5149	72	-289	54	30	136	159	84	416	84	15519940	
-16272	-798	5160	93	-300	45	30	136	158	85	421	85	15519940	
-16286	-692	5176	122	-312	48	28	142	165	86	426	86	15519940	
-16279	-673	5213	168	-317	43	27	143	167	87	431	87	15519940	
-16318	-706	5142	228	-302	40	30	137	164	88	436	88	15519940	
-16316	-722	5188	245	-298	48	31	135	163	89	441	89	15519940	
-16306	-764	5254	252	-325	59	33	135	157	90	446	90	15519940	
-16266	-678	5224	237	-340	70	33	135	157	91	451	91	15519949	
-16210	-798	5144	223	-314	62	27	137	163	92	456	92	15519989	
-16218	-780	5244	167	-310	62	27	137	163	93	461	93	15519989	
-16172	-756	5386	71	-331	71	27	141	159	94	466	94	15519989	
-16184	-739	5216	36	-331	81	27	141	159	95	471	95	15519990	
-16159	-774	5329	3	-327	80	28	143	160	96	476	96	15519990	
-16140	-768	5322	-53	-331	77	28	144	160	97	481	97	15519990	
-16180	-748	5238	-113	-335	74	34	140	160	98	486	98	15519990	
-16168	-748	5276	-131	-301	83	34	140	160	99	491	99	15520017	
-16180	-696	5394	-128	-305	80	24	136	164	100	496	100	15520029	
-16092	-620	5494	-111	-351	83	24	136	164	101	501	101	15520029	
-16214	-718	5546	-89	-382	105	30	138	160	102	506	102	15520030	
-16260	-716	5496	-87	-394	107	30	138	160	103	511	103	15520030	
-16240	-754	5550	-84	-379	113	20	142	164	104	516	104	15520030	
-16210	-720	5504	-83	-378	114	20	142	164	105	521	105	15520030	
-16117	-711	5570	-40	-363	123	29	141	163	106	526	106	15520040	
-16175	-721	5615	-1	-368	118	28	141	164	107	531	107	15520080	
-16099	-748	5626	19	-398	123	25	143	167	108	536	108	15520088	
-16094	-768	5549	17	-424	140	25	142	166	109	541	109	15520088	
-16059	-756	5514	-7	-441	132	26	140	164	110	546	110	15520088	
-16048	-734	5458	-39	-446	127	25	139	163	111	551	111	15520089	
-16086	-680	5441	-75	-450	123	23	137	161	112	556	112	15520089	
-16099	-657	5403	-114	-456	121	24	138	161	113	561	113	15520089	
-16097	-663	5438	-152	-481	113	26	140	160	114	566	114	15520096	
-16134	-622	5443	-182	-513	118	28	142	161	115	571	115	15520107	
-16150	-614	5391	-218	-546	125	31	145	163	116	576	116	15520107	
-16200	-594	5319	-248	-565	135	29	140	163	117	581	117	15520107	
-16215	-552	5262	-265	-578	143	27	133	163	118	586	118	15520107	
-16240	-549	5206	-270	-586	147	29	135	163	119	591	119	15520107	
-16236	-531	5174	-267	-599	152	32	138	162	120	596	120	15520107	
-16228	-544	5189	-282	-622	158	31	137	164	121	601	121	15520107	
-16220	-560	5146	-326	-649	153	30	136	166	122	606	122	15520127	
-16221	-554	5158	-345	-671	153	29	137	162	123	611	123	15520147	
-16237	-556	5098	-353	-681	153	28	138	160	124	616	124	15520147	
-16228	-547	5072	-333	-681	145	27	139	159	125	621	125	15520147	
-16210	-532	5109	-290	-695	140	27	139	159	126	626	126	15520147	
-16215	-563	5131	-242	-720	141	29	140	160	127	631	127	15520147	
-16246	-591	5119	-190	-740	133	31	141	161	128	636	128	15520147	
-16272	-534	5101	-143	-748	115	29	139	161	129	641	129	15520147	
-16263	-510	5017	-102	-738	101	27	137	161	130	646	130	15520161	
-16309	-522	4990	-67	-726	90	27	135	161	131	651	131	15520183	
-16328	-476	4949	-50	-718	90	27	133	161	132	656	132	15520197	
-16362	-498	4886	-42	-721	81	26	136	163	133	661	133	15520203	
-16398	-490	4912	-37	-740	74	26	138	164	134	666	134	15520203	
-16408	-466	4938	-38	-745	70	29	140	162	135	671	135	15520203	
-16366	-414	4892	-24	-739	73	31	141	161	136	676	136	15520203	
-16377	-406	4823	5	-723	78	33	141	162	137	681	137	15520203	
-16403	-404	4869	37	-704	71	35	141	163	138	686	138	15520214	
-16380	-396	4826	66	-689	64	29	144	163	139	691	139	15520222	
-16425	-465	4772	114	-670	66	27	145	163	140	696	140	15520222	
-16396	-498	4752	161	-647	56	26	141	165	141	701	141	15520222	
-16392	-484	4711	189	-626	49	26	140	166	142	706	142	15520222	
-16346	-573	4766	216	-602	47	28	140	164	143	711	143	15520222	
-16331	-660	4808	248	-567	40	28	140	164	144	716	144	15520222	
-16340	-607	4950	249	-554	34	28	140	161	145	721	145	15520229	
-16267	-628	4910	243	-574	28	28	140	160	146	726	146	15520254	
-16258	-690	4910	236	-608	17	30	142	164	147	731	147	15520260	
-16322	-718	5080	219	-608	13	30	142	164	148	736	148	15520261	
-16324	-716	5094	218	-599	13	25	135	165	149	741	149	15520261	
-16292	-658	4992	236	-596	4	25	135	165	150	746	150	15520262	
-16276	-626	5228	272	-595	-2	29	139	159	151	751	151	15520262	
-16236	-624	5250	325	-613	-7	29	139	159	152	756	152	15520262	
-16252	-556	5270	358	-610	-14	33	137	163	153	761	153	15520267	
-16214	-608	5140	354	-630	-13	33	137	163	154	766	154	15520291	
-16296	-568	5232	313	-627	-4	27	133	161	155	771	155	15520291	
-16248	-593	5112	272	-578	-26	27	133	161	156	776	156	15520291	
-16290	-628	5180	259	-542	-29	29	135	163	157	781	157	15520291	
-16315	-631	5156	249	-517	-29	29	135	163	158	786	158	15520291	
-16272	-673	5127	226	-527	-18	28	134	162	159	791	159	15520291	
-16320	-618	5102	199	-549	-5	28	134	162	160	796	160	15520291	
-16316	-686	5232	137	-545	-11	25	139	163	161	801	161	15520319	
-16324	-724	5246	92	-523	-6	25	139	163	162	806	162	15520328	
-16258	-728	5294	68	-493	-13	27	139	157	163	811	163	15520328	
-16207	-718	5313	78	-472	-12	26	139	156	164	816	164	15520328	
-16202	-747	5306	97	-470	-5	24	138	154	165	821	165	15520328	
-16147	-715	5348	104	-502	5	25	139	156	166	826	166	15520330	
-16192	-738	5454	97	-532	2	28	144	164	167	831	167	15520343	
-16228	-770	5462	64	-546	-3	27	143	162	168	836	168	15520366	
-16215	-727	5498	51	-526	-9	24	138	156	169	841	169	15520366	
-16195	-701	5494	41	-520	0	25	139	158	170	846	170	15520366	
-16189	-688	5331	40	-525	0	28	144	164	171	851	171	15520367	
-16185	-717	5406	49	-519	5	28	143	164	172	856	172	15520367	
-16206	-724	5499	52	-507	-4	29	139	165	173	861	173	15520367	
-16243	-727	5491	69	-494	-7	27	137	165	174	866	174	15520381	
-16224	-740	5463	97	-473	-2	23	135	165	175	871	175	15520403	
-16186	-717	5449	123	-456	1	26	137	162	176	876	176	15520404	
-16211	-702	5475	141	-453	-6	31	139	157	177	881	177	15520404	
-16217	-734	5484	153	-455	-4	27	137	159	178	886	178	15520405	
-16187	-707	5501	145	-453	-2	21	135	163	179	891	179	15520405	
-16168	-657	5578	121	-471	5	25	136	163	180	896	180	15520406	
-16152	-676	5567	96	-504	11	29	137	163	181	901	181	15520410	
-16114	-701	5466	67	-524	20	30	141	159	182	906	182	15520440	
-16094	-680	5430	43	-547	24	31	143	157	183	911	183	15520458	
-16098	-672	5434	18	-572	23	32	144	161	184	916	184	15520458	
-16108	-670	5424	-5	-587	21	33	145	163	185	921	185	15520458	
-16141	-663	5456	-19	-611	24	31	141	164	186	926	186	15520458	
-16162	-674	5462	-14	-631	25	30	138	164	187	931	187	15520458	
-16151	-664	5468	11	-637	21	32	140	160	188	936	188	15520459	
-16150	-640	5454	44	-646	18	33	141	157	189	941	189	15520479	
-16246	-615	5340	82	-621	10	31	140	155	190	946	190	15520494	
-16244	-560	5373	125	-598	-5	30	140	154	191	951	191	15520496	
-16297	-591	5300	164	-575	-23	30	137	162	192	956	192	15520496	
-16299	-631	5278	198	-569	-22	30	136	164	193	961	193	15520496	
-16305	-616	5232	232	-554	-17	28	138	162	194	966	194	15520496	
-16291	-595	5220	264	-537	-9	27	139	161	195	971	195	15520496	
-16286	-569	5285	281	-520	-8	29	141	160	196	976	196	15520496	
-16270	-590	5256	294	-507	-18	30	142	160	197	981	197	15520497	
-16217	-634	5207	288	-512	-14	30	140	157	198	986	198	15520497	
-16192	-594	5224	282	-511	-23	30	140	156	199	991	199	15520497	
-16274	-552	5195	284	-516	-28	31	139	158	200	996	200	15520497	
-16282	-584	5106	292	-522	-35	31	139	159	201	1001	201	15520526	
-16270	-648	5153	281	-525	-38	28	141	162	202	1006	202	15520533	
-16247	-664	5114	280	-533	-43	27	141	163	203	1011	203	15520533	
-16240	-662	5294	274	-549	-38	27	138	163	204	1016	204	15520533	
-16252	-668	5222	257	-564	-41	27	137	163	205	1021	205	15520533	
-16258	-702	5262	263	-553	-38	29	141	159	206	1026	206	15520534	
-16264	-704	5238	278	-534	-38	29	141	159	207	1031	207	15520534	
-16254	-704	5290	301	-537	-35	30	140	156	208	1036	208	15520542	
-16260	-658	5248	318	-542	-42	30	140	156	209	1041	209	15520571	
-16220	-634	5348	330	-529	-32	31	143	163	210	1046	210	15520572	
-16194	-710	5306	350	-551	-57	31	143	163	211	1051	211	15520572	
-16218	-652	5254	350	-530	-50	30	134	160	212	1056	212	15520572	
-16170	-574	5318	334	-538	-61	30	134	160	213	1061	213	15520572	
-16232	-687	5316	351	-512	-68	32	136	164	214	1066	214	15520573	
-16247	-636	5307	373	-495	-67	31	137	164	215	1071	215	15520580	
-16303	-678	5359	397	-500	-57	29	139	165	216	1076	216	15520608	
-16283	-710	5267	409	-496	-58	28	139	163	217	1081	217	15520608	
-16249	-668	5368	413	-483	-57	24	138	156	218	1086	218	15520608	
-16240	-757	5308	411	-467	-58	25	139	157	219	1091	219	15520608	
-16203	-716	5406	402	-462	-50	27	143	161	220	1096	220	15520608	
-16246	-714	5352	387	-466	-48	27	144	162	221	1101	221	15520608	
-16245	-758	5391	371	-467	-54	29	147	165	222	1106	222	15520610	
-16206	-760	5416	356	-486	-51	29	146	165	223	1111	223	15520629	
-16170	-790	5464	333	-495	-48	30	144	164	224	1116	224	15520651	
-16194	-784	5406	321	-491	-49	30	141	164	225	1121	225	15520658	
-16213	-767	5365	319	-499	-51	29	137	165	226	1126	226	15520660	
-16242	-778	5374	324	-506	-46	29	138	164	227	1131	227	15520662	
-16214	-797	5443	321	-524	-43	28	142	162	228	1136	228	15520663	
-16252	-779	5404	330	-524	-37	29	142	162	229	1141	229	15520663	
-16224	-764	5435	321	-524	-33	32	142	160	230	1146	230	15520664	
-16151	-821	5422	309	-525	-27	30	140	161	231	1151	231	15520673	
-16154	-850	5393	302	-516	-31	28	136	162	232	1156	232	15520686	
-16167	-851	5434	293	-505	-25	28	136	162	233	1161	233	15520686	
-16148	-839	5396	284	-498	-18	29	137	161	234	1166	234	15520686	
-16173	-806	5333	297	-496	-26	31	139	161	235	1171	235	15520686	
-16192	-807	5330	308	-497	-29	33	141	161	236	1176	236	15520686	
-16193	-808	5352	309	-500	-34	32	140	161	237	1181	237	15520690	
-16204	-807	5360	308	-508	-27	30	138	162	238	1186	238	15520709	
-16232	-755	5307	286	-514	-20	30	140	161	239	1191	239	15520722	
-16248	-743	5274	266	-517	-15	30	142	160	240	1196	240	15520722	
-16295	-747	5256	240	-521	-23	28	143	161	241	1201	241	15520722	
