-16017	4822	-3185	-3147	-488	1655	7	141	-5	1	1	1	85760763	
-16114	4837	-3246	-3425	-440	1752	1	138	-7	2	6	2	85760763	
-16169	4792	-3221	-3642	-393	1842	-1	137	-7	3	11	3	85760763	
-16350	4777	-3036	-3749	-403	1945	6	138	-5	4	16	4	85760792	
-16436	4685	-2926	-3725	-436	2079	8	138	-4	5	21	5	85760799	
-16404	4606	-2786	-3778	-513	2217	2	138	-2	6	26	6	85760799	
-16400	4586	-2598	-3971	-635	2333	2	138	-2	7	31	7	85760799	
-16406	4580	-2446	-4044	-774	2450	5	137	-5	8	36	8	85760799	
-16312	4670	-2358	-4089	-905	2561	5	137	-5	9	41	9	85760799	
-16262	4906	-2272	-4238	-1007	2642	1	133	-1	10	46	10	85760799	
-15982	5022	-2284	-4378	-1096	2731	1	133	-1	11	51	11	85760799	
-15808	5236	-2364	-4479	-1204	2799	1	137	-5	12	56	12	85760828	
-15612	5296	-2430	-4471	-1299	2881	1	137	-5	13	61	13	85760857	
-15427	5397	-2369	-4313	-1411	2985	-3	137	-9	14	66	14	85760858	
-15241	5506	-2387	-4113	-1505	3071	-2	138	-8	15	71	15	85760858	
-15028	5558	-2394	-3838	-1597	3176	2	142	-6	16	76	16	85760858	
-14903	5589	-2340	-3531	-1696	3305	1	141	-5	17	81	17	85760858	
-14762	5483	-2316	-3256	-1808	3456	-1	139	-3	18	86	18	85760859	
-14639	5436	-2300	-3030	-1929	3613	-1	139	-5	19	91	19	85760867	
-14569	5354	-2206	-2787	-2087	3776	1	137	-11	20	96	20	85760897	
-14536	5311	-2136	-2573	-2240	3931	-1	137	-8	21	101	21	85760897	
-14422	5309	-2169	-2440	-2345	4096	-9	137	3	22	106	22	85760897	
-14289	5242	-2052	-2219	-2420	4243	-6	137	1	23	111	23	85760898	
-14223	5152	-1931	-1948	-2479	4359	-1	137	-1	24	116	24	85760898	
-14119	4975	-1970	-1730	-2562	4465	-3	136	1	25	121	25	85760898	
-13988	4796	-2039	-1659	-2685	4551	-7	135	5	26	126	26	85760899	
-13901	4722	-2032	-1694	-2831	4630	-7	136	5	27	131	27	85760899	
-13831	4704	-2008	-1769	-2950	4701	-6	138	4	28	136	28	85760899	
-13741	4704	-2008	-1885	-3025	4758	-9	138	3	29	141	29	85760900	
-13593	4739	-2031	-2025	-3071	4815	-13	137	1	30	146	30	85760903	
-13374	4765	-2108	-2140	-3114	4888	-11	138	3	31	151	31	85760921	
-13192	4840	-2191	-2211	-3176	4958	-8	138	4	32	156	32	85760933	
-13040	4914	-2237	-2241	-3246	5035	-10	138	3	33	161	33	85760933	
-12903	4929	-2257	-2264	-3312	5131	-12	138	2	34	166	34	85760933	
-12777	4960	-2248	-2284	-3386	5243	-7	142	0	35	171	35	85760933	
-12636	4954	-2276	-2310	-3480	5382	-4	144	-2	36	176	36	85760933	
-12548	4937	-2286	-2333	-3554	5533	-11	140	3	37	181	37	85760933	
-12548	4858	-2179	-2264	-3597	5664	-16	138	6	38	186	38	85760933	
-12439	4774	-1842	-1984	-3589	5806	-12	140	3	39	191	39	85760998	
-12251	4705	-1778	-1790	-3604	5930	-10	140	2	40	196	40	85761020	
-12075	4687	-1751	-1754	-3656	6047	-19	137	1	41	201	41	85761020	
-11854	4624	-1858	-1795	-3714	6182	-23	135	1	42	206	42	85761020	
-11663	4457	-2018	-1925	-3791	6330	-20	138	4	43	211	43	85761020	
-11408	4292	-2086	-2069	-3857	6502	-18	140	6	44	216	44	85761020	
-11069	4028	-2199	-2194	-3869	6688	-17	140	6	45	221	45	85761021	
-10558	3708	-2148	-2328	-3867	6882	-16	140	6	46	226	46	85761027	
-9764	3369	-1837	-2435	-3949	7112	-18	138	8	47	231	47	85761055	
-9131	3069	-1704	-2603	-4126	7312	-19	137	9	48	236	48	85761064	
-8581	3009	-1476	-2899	-4307	7473	-20	146	10	49	241	49	85761064	
-8104	3059	-1209	-3078	-4424	7575	-20	148	10	50	246	50	85761064	
-7615	3293	-1166	-3186	-4450	7655	-22	142	8	51	251	51	85761065	
-7198	3630	-1274	-3317	-4439	7728	-22	140	8	52	256	52	85761065	
-6720	4090	-1401	-3428	-4428	7811	-20	138	6	53	261	53	85761065	
-6538	4652	-1560	-3461	-4447	7922	-19	137	5	54	266	54	85761065	
-6617	5154	-1698	-3370	-4437	8067	-18	141	11	55	271	55	85761066	
-7098	5754	-1814	-3020	-4339	8229	-18	142	12	56	276	56	85761066	
-7470	5900	-1684	-2408	-4189	8383	-25	141	7	57	281	57	85761067	
-8014	6026	-1642	-1616	-4065	8577	-25	141	7	58	286	58	85761067	
-8626	5886	-1322	-717	-3934	8807	-29	141	7	59	291	59	85761092	
-9534	5602	-960	-73	-3835	9016	-29	141	7	60	296	60	85761106	
-10476	5416	-598	326	-3801	9228	-27	141	9	61	301	61	85761107	
-11516	5368	-228	564	-3804	9435	-27	141	9	62	306	62	85761107	
-12640	5442	84	507	-3823	9596	-26	140	10	63	311	63	85761108	
-13949	6051	386	68	-3989	9753	-27	140	11	64	316	64	85761108	
-15059	6728	507	-457	-4179	9903	-32	142	14	65	321	65	85761108	
-16086	7595	474	-1118	-4325	10029	-33	141	14	66	326	66	85761109	
-16789	8526	452	-1832	-4394	10158	-35	139	13	67	331	67	85761109	
-17074	9466	308	-2477	-4406	10274	-34	140	13	68	336	68	85761110	
-17028	10519	271	-2944	-4419	10405	-32	144	14	69	341	69	85761110	
-16719	11502	145	-3203	-4446	10564	-33	143	15	70	346	70	85761110	
-16252	12291	163	-3324	-4409	10751	-37	141	19	71	351	71	85761111	
-15590	13025	-67	-3330	-4355	10965	-39	141	20	72	356	72	85761121	
-14707	13573	-420	-3267	-4338	11219	-43	139	23	73	361	73	85761149	
-13838	13608	-553	-3051	-4346	11448	-46	139	20	74	366	74	85761149	
-12921	13309	-693	-2598	-4171	11626	-50	138	16	75	371	75	85761149	
-11935	12844	-843	-2075	-3887	11734	-50	138	19	76	376	76	85761149	
-11073	12516	-888	-1792	-3683	11774	-49	139	23	77	381	77	85761149	
-10532	12272	-770	-1783	-3559	11807	-47	139	23	78	386	78	85761149	
-10255	12049	-513	-1890	-3463	11840	-44	140	24	79	391	79	85761149	
-10235	11864	-172	-1987	-3347	11843	-44	140	23	80	396	80	85761161	
-10368	11579	310	-1994	-3203	11800	-44	140	22	81	401	81	85761182	
-10622	11269	808	-1914	-3103	11707	-50	142	18	82	406	82	85761187	
-10971	11046	1146	-1882	-3040	11560	-54	144	16	83	411	83	85761187	
-11224	11094	1379	-1945	-2961	11376	-51	141	19	84	416	84	85761187	
-11376	11388	1560	-2044	-2910	11193	-49	139	21	85	421	85	85761187	
-11494	11802	1589	-2193	-2977	11031	-54	140	21	86	426	86	85761188	
-11619	12228	1512	-2374	-3148	10923	-57	141	21	87	431	87	85761194	
-11688	12566	1342	-2495	-3363	10886	-53	138	24	88	436	88	85761222	
-11821	12992	936	-2485	-3555	10940	-50	136	26	89	441	89	85761238	
-11772	13283	572	-2313	-3552	11091	-60	135	28	90	446	90	85761238	
-11550	13292	169	-2135	-3537	11299	-63	135	29	91	451	91	85761238	
-11340	12919	-105	-1879	-3571	11553	-62	136	30	92	456	92	85761238	
-11255	12250	-298	-1390	-3621	11777	-62	136	30	93	461	93	85761238	
-11180	11492	-345	-787	-3651	11896	-64	135	28	94	466	94	85761238	
-11034	10765	-249	-417	-3645	11921	-65	135	27	95	471	95	85761238	
-10853	10124	53	-487	-3660	11859	-65	135	35	96	476	96	85761238	
-10782	9822	388	-1009	-3749	11685	-65	135	37	97	481	97	85761244	
-10642	9984	648	-1956	-3778	11425	-68	136	34	98	486	98	85761281	
-10380	10514	924	-2929	-3560	11181	-68	136	34	99	491	99	85761281	
-10388	11370	1196	-3815	-3390	10944	-72	136	30	100	496	100	85761282	
-10596	12322	1494	-4423	-3341	10715	-72	136	30	101	501	101	85761283	
-10832	13274	1770	-4814	-3287	10510	-66	136	30	102	506	102	85761283	
-10966	14098	2028	-4852	-3177	10314	-66	136	30	103	511	103	85761284	
-11026	14812	2102	-4531	-3085	10124	-75	139	33	104	516	104	85761284	
-11102	15354	1828	-3957	-3059	9991	-75	139	33	105	521	105	85761302	
-11453	15732	1306	-3322	-3171	9911	-72	136	30	106	526	106	85761314	
-11780	15526	1057	-2891	-3414	9830	-73	134	30	107	531	107	85761314	
-12128	14632	478	-2286	-3378	9741	-78	126	30	108	536	108	85761314	
-12083	12993	566	-1679	-2912	9646	-80	126	31	109	541	109	85761314	
-11646	11310	1052	-627	-2465	9424	-89	125	33	110	546	110	85761314	
-11120	9898	1298	257	-2402	9093	-86	128	34	111	551	111	85761314	
-10561	9382	1743	207	-2464	8643	-74	138	38	112	556	112	85761314	
-10004	9576	2232	-502	-2558	8101	-75	137	38	113	561	113	85761314	
-9709	10188	2580	-1545	-2729	7572	-81	133	37	114	566	114	85761325	
-9419	11178	2364	-2744	-2822	7106	-81	134	36	115	571	115	85761357	
-9163	12194	2042	-3513	-2696	6781	-81	135	35	116	576	116	85761362	
-8936	13132	1799	-3794	-2466	6478	-81	133	37	117	581	117	85761362	
-8744	14032	1704	-3574	-2168	6208	-81	131	41	118	586	118	85761362	
-8561	14794	1673	-2922	-1821	6033	-81	131	39	119	591	119	85761363	
-8362	15380	1515	-1991	-1522	5999	-81	131	37	120	596	120	85761363	
-8292	15814	1328	-1019	-1353	6059	-81	131	38	121	601	121	85761367	
-8556	15955	1171	-55	-1340	6143	-80	132	40	122	606	122	85761386	
-8847	15762	1220	667	-1389	6202	-84	128	38	123	611	123	85761399	
-8886	15408	1478	1048	-1429	6215	-87	125	37	124	616	124	85761399	
-8781	15074	1836	1232	-1509	6181	-89	129	42	125	621	125	85761399	
-8659	14962	2219	1312	-1612	6129	-90	132	46	126	626	126	85761399	
-8494	15117	2364	1293	-1711	6097	-86	130	43	127	631	127	85761399	
-8272	15301	2150	1163	-1780	6055	-83	129	41	128	636	128	85761400	
-8165	15470	1724	969	-1797	6008	-88	127	37	129	641	129	85761400	
-8218	15582	1246	851	-1745	5923	-91	125	35	130	646	130	85761400	
-8127	15649	1022	1001	-1553	5761	-93	127	41	131	651	131	85761400	
-7733	15709	1391	1538	-1280	5572	-93	127	43	132	656	132	85761414	
-7299	15875	2094	2418	-1019	5410	-91	129	42	133	661	133	85761443	
-6985	16156	2830	3421	-771	5261	-90	130	42	134	666	134	85761449	
-6715	16429	3045	4244	-471	5119	-92	125	40	135	671	135	85761449	
-6505	16714	3104	4638	-197	4973	-92	124	40	136	676	136	85761449	
-6364	17255	3399	4700	-73	4891	-93	130	44	137	681	137	85761450	
-6370	17750	3961	4715	-133	4921	-93	131	45	138	686	138	85761450	
-6554	18338	4456	4935	-339	5034	-92	128	40	139	691	139	85761457	
-7026	18768	4250	5218	-542	5219	-92	128	40	140	696	140	85761486	
-7662	19120	4230	5367	-782	5477	-99	125	39	141	701	141	85761486	
-8516	19838	4518	5112	-1356	5891	-99	125	39	142	706	142	85761486	
-9508	20582	4752	4464	-2292	6444	-96	128	44	143	711	143	85761486	
-10936	21624	4428	3543	-3160	7016	-96	128	44	144	716	144	85761487	
-12158	22974	3626	2738	-3660	7627	-95	125	41	145	721	145	85761487	
-12904	24282	2928	2388	-3775	8328	-95	125	41	146	726	146	85761487	
-13312	25208	2584	2886	-3766	9023	-100	128	38	147	731	147	85761504	
-13225	26215	2837	4948	-3603	9849	-102	128	39	148	736	148	85761524	
-13001	26514	3239	7509	-3256	10555	-112	126	42	149	741	149	85761524	
-12779	26000	2701	10377	-2909	11365	-110	127	42	150	746	150	85761524	
-12532	24418	1692	12831	-2453	12255	-104	132	40	151	751	151	85761524	
-12048	21929	958	14611	-1937	13106	-105	130	39	152	756	152	85761524	
-11216	18713	544	16103	-1607	13730	-110	122	36	153	761	153	85761524	
-10602	16133	430	17164	-1546	13990	-110	123	36	154	766	154	85761525	
-9921	13763	117	17295	-1724	14084	-109	125	37	155	771	155	85761525	
-9038	11523	-371	16024	-1850	14098	-109	124	37	156	776	156	85761537	
-8120	10305	-932	13998	-1950	14042	-108	122	38	157	781	157	85761557	
-7058	9730	-1630	11639	-1938	13901	-111	122	38	158	786	158	85761562	
-6085	9505	-2287	9469	-1888	13715	-115	121	37	159	791	159	85761562	
-5479	9592	-2816	7689	-1958	13515	-114	121	35	160	796	160	85761562	
-4860	10026	-3098	6385	-2096	13238	-113	121	33	161	801	161	85761563	
-4226	10662	-3267	5680	-2303	12809	-116	122	37	162	806	162	85761563	
-3918	11422	-3228	5445	-2594	12385	-120	124	44	163	811	163	85761563	
-3931	12505	-3155	5522	-2985	12054	-124	120	38	164	816	164	85761572	
-3948	13479	-3024	5822	-3215	11965	-127	115	31	165	821	165	85761591	
-3741	14038	-2990	6124	-3178	12002	-129	114	32	166	826	166	85761599	
-4004	14850	-2907	6232	-2877	11804	-131	113	33	167	831	167	85761599	
-4322	15727	-2627	6185	-2176	11718	-130	113	33	168	836	168	85761600	
-4235	16423	-2561	6175	-1352	11911	-129	113	33	169	841	169	85761600	
-3874	17019	-2733	6169	-609	12197	-135	113	31	170	846	170	85761600	
-3462	17426	-2930	6115	86	12377	-139	113	29	171	851	171	85761600	
-3101	17739	-2904	6073	875	12364	-138	113	28	172	856	172	85761627	
-2744	17884	-2798	6082	1441	12292	-137	113	27	173	861	173	85761636	
-2413	17918	-2754	6000	1914	12204	-139	112	26	174	866	174	85761636	
-1900	18058	-2479	5901	2338	11907	-140	112	26	175	871	175	85761636	
-1487	17786	-2062	5969	2729	11513	-135	109	29	176	876	176	85761636	
-1649	17481	-1856	6172	3007	11098	-134	108	30	177	881	177	85761637	
-2249	16827	-1596	6487	3379	10673	-140	103	24	178	886	178	85761637	
-2878	16230	-1180	6901	3830	10246	-142	102	22	179	891	179	85761643	
-3106	15800	-1066	7288	4170	9938	-143	101	29	180	896	180	85761663	
-3230	15916	-1072	7366	4083	9562	-143	101	31	181	901	181	85761668	
-3408	16404	-620	7013	3600	9191	-146	100	24	182	906	182	85761668	
-3376	16774	-418	6755	3332	8881	-146	100	24	183	911	183	85761669	
-3238	17418	-560	6541	3372	8626	-146	106	22	184	916	184	85761669	
-3138	17846	-970	6229	3661	8508	-146	106	22	185	921	185	85761669	
-2648	17980	-1612	5962	3967	8353	-145	101	21	186	926	186	85761670	
-1790	18160	-1882	5807	4106	8039	-145	101	21	187	931	187	85761687	
-1236	18046	-2012	6012	4082	7721	-153	99	17	188	936	188	85761705	
-697	17646	-1931	6688	3962	7493	-154	101	17	189	941	189	85761705	
-472	17146	-2142	7331	3880	7295	-157	107	17	190	946	190	85761705	
-359	16806	-1795	7782	3976	7074	-157	105	16	191	951	191	85761705	
-2	16540	-1093	8360	4203	6693	-157	95	11	192	956	192	85761710	
458	16459	-594	9164	4420	5995	-157	96	11	193	961	193	85761736	
744	16489	209	9792	4616	5250	-158	98	10	194	966	194	85761761	
677	16501	140	10121	4500	4606	-158	97	11	195	971	195	85761781	
709	16965	-510	9582	4255	3849	-157	95	13	196	976	196	85761783	
269	16878	-2304	8373	4058	3145	-156	94	12	197	981	197	85761784	
-46	15695	-3544	7303	4458	2673	-154	92	8	198	986	198	85761784	
260	15104	-2619	7818	4886	2370	-155	93	6	199	991	199	85761784	
838	14975	-1713	9726	4774	1986	-157	95	3	200	996	200	85761787	
1078	14420	-2275	11230	4474	1540	-157	97	1	201	1001	201	85761791	
1062	13586	-3390	11037	4694	1033	-157	99	-1	202	1006	202	85761791	
930	12896	-3502	10082	5281	511	-159	98	-1	203	1011	203	85761791	
696	11992	-2569	10233	5621	54	-162	96	0	204	1016	204	85761791	
635	11179	-1353	11849	5406	-455	-162	97	-1	205	1021	205	85761791	
1014	10736	-417	13660	4734	-1039	-161	99	-3	206	1026	206	85761792	
1184	10807	-543	13445	3844	-1758	-159	97	-4	207	1031	207	85761796	
1014	11669	-964	11225	2780	-2590	-157	95	-5	208	1036	208	85761817	
503	12892	-1533	8315	1503	-3343	-159	93	-8	209	1041	209	85761829	
-256	13864	-2472	5782	326	-3919	-160	92	-10	210	1046	210	85761829	
-1044	14628	-3464	3935	-547	-4438	-161	91	-12	211	1051	211	85761829	
-1716	15291	-4360	2588	-1272	-4942	-162	90	-14	212	1056	212	85761829	
-2312	15583	-5405	1580	-1826	-5386	-161	97	-12	213	1061	213	85761829	
-2828	16011	-6463	677	-2074	-5891	-160	102	-10	214	1066	214	85761829	
-3520	16590	-6702	302	-2082	-6272	-159	100	-11	215	1071	215	85761830	
-4169	16972	-6397	933	-2044	-6525	-159	99	-11	216	1076	216	85761830	
-4747	17546	-5683	2095	-1939	-6846	-156	101	-11	217	1081	217	85761836	
-5426	18454	-4929	3129	-1948	-7123	-155	101	-11	218	1086	218	85761869	
-6197	19612	-4302	3591	-2106	-7217	-154	103	-7	219	1091	219	85761878	
-7005	20604	-4040	3752	-2234	-7177	-154	104	-6	220	1096	220	85761878	
-7592	21226	-4022	4095	-2083	-7172	-160	102	-9	221	1101	221	85761878	
-7866	21324	-4284	4933	-1804	-7250	-162	102	-10	222	1106	222	85761878	
-7822	21204	-4616	6360	-1417	-7423	-153	109	-13	223	1111	223	85761879	
-7640	20720	-5000	7510	-1199	-7631	-153	109	-13	224	1116	224	85761879	
-7440	19958	-5556	8383	-1069	-7889	-153	113	-15	225	1121	225	85761913	
-7120	18976	-6082	9003	-895	-8189	-153	113	-15	226	1126	226	85761924	
-7130	17900	-6228	9489	-829	-8542	-151	111	-17	227	1131	227	85761924	
-7104	16606	-6390	9751	-858	-8972	-151	111	-17	228	1136	228	85761924	
-6776	15454	-6372	9758	-923	-9517	-158	108	-16	229	1141	229	85761924	
-6248	14634	-6196	9526	-1123	-10078	-158	108	-16	230	1146	230	85761924	
-5884	13464	-5880	8873	-1692	-10772	-153	115	-19	231	1151	231	85761924	
-5876	13026	-5593	8074	-2387	-11381	-154	115	-18	232	1156	232	85761924	
-5991	12995	-5530	7036	-3236	-11967	-157	115	-13	233	1161	233	85761925	
-6129	13378	-5879	5888	-4024	-12531	-155	115	-14	234	1166	234	85761927	
-6347	13605	-6328	4762	-4616	-12963	-147	117	-19	235	1171	235	85761939	
-6842	13654	-7154	3793	-4973	-13305	-147	118	-20	236	1176	236	85761961	
-7398	13540	-7868	3086	-5076	-13614	-148	120	-22	237	1181	237	85761961	
-7819	13378	-8182	2724	-5035	-13860	-146	120	-21	238	1186	238	85761961	
-8119	13245	-8418	2709	-4871	-14085	-139	119	-17	239	1191	239	85761962	
-8371	12980	-8538	2966	-4484	-14327	-139	125	-18	240	1196	240	85761962	
-8387	12647	-8455	3275	-4009	-14556	-140	134	-20	241	1201	241	85761962	
-8100	12402	-8234	3666	-3467	-14848	-139	130	-23	242	1206	242	85761962	
-7850	12192	-8054	4157	-3001	-15196	-138	124	-28	243	1211	243	85761962	
-7883	11955	-7874	4644	-2672	-15536	-137	127	-25	244	1216	244	85761973	
-7872	11682	-7800	5037	-2399	-15853	-135	131	-21	245	1221	245	85761994	
-7762	11376	-7850	5327	-2115	-16171	-135	133	-23	246	1226	246	85761999	
-7600	11103	-7884	5568	-1846	-16539	-135	135	-25	247	1231	247	85761999	
-7572	10888	-7944	5709	-1714	-16886	-131	136	-24	248	1236	248	85761999	
-7742	10628	-8100	5729	-1693	-17171	-129	137	-23	249	1241	249	85761999	
-8077	10354	-8181	5646	-1717	-17430	-130	138	-25	250	1246	250	85761999	
-8421	10107	-8188	5498	-1721	-17692	-130	138	-26	251	1251	251	85762007	
-8759	9887	-8151	5377	-1693	-17970	-126	140	-23	252	1256	252	85762029	
-9002	9896	-8084	5303	-1634	-18236	-123	141	-21	253	1261	253	85762039	
-9301	10022	-7982	5275	-1597	-18463	-127	141	-23	254	1266	254	85762040	
-9552	10181	-7964	5251	-1572	-18601	-129	141	-25	255	1271	255	85762041	
-9734	10459	-7944	5232	-1507	-18608	-116	143	-21	256	1276	256	85762041	
-9868	10731	-7968	5293	-1431	-18529	-111	143	-19	257	1281	257	85762042	
-10023	11102	-7996	5406	-1301	-18373	-110	145	-20	258	1286	258	85762042	
-10144	11324	-8026	5592	-1120	-18116	-110	146	-20	259	1291	259	85762047	
-10184	11203	-8206	5927	-888	-17773	-108	152	-22	260	1296	260	85762089	
-10415	11142	-8415	6195	-595	-17425	-107	153	-23	261	1301	261	85762105	
-10866	11133	-8435	6469	-232	-17043	-109	153	-21	262	1306	262	85762107	
-11217	11087	-8491	6812	183	-16619	-109	153	-21	263	1311	263	85762107	
-11482	10754	-8386	7312	630	-16092	-102	156	-24	264	1316	264	85762107	
-11646	10350	-8250	7604	903	-15671	-102	156	-24	265	1321	265	85762107	
-11740	10008	-8072	7678	1064	-15257	-99	159	-29	266	1326	266	85762107	
-11856	9636	-7940	7595	1151	-14894	-99	159	-29	267	1331	267	85762107	
-11764	9142	-7892	7388	1197	-14586	-91	165	-27	268	1336	268	85762122	
-11834	8752	-7872	7072	1165	-14353	-91	165	-27	269	1341	269	85762123	
-11720	8410	-7694	6704	1052	-14126	-94	154	-28	270	1346	270	85762123	
-11612	7998	-7868	6289	840	-13902	-94	154	-28	271	1351	271	85762123	
-11424	7956	-7862	5744	574	-13682	-86	158	-28	272	1356	272	85762123	
-11418	7702	-8012	5171	146	-13466	-87	159	-29	273	1361	273	85762123	
-11501	7491	-8221	4737	-189	-13360	-89	165	-33	274	1366	274	85762126	
-11626	7456	-8276	4324	-502	-13249	-89	166	-32	275	1371	275	85762141	
-11667	7512	-8382	3995	-734	-13151	-91	169	-29	276	1376	276	85762160	
-11665	7482	-8522	3801	-881	-13050	-89	169	-30	277	1381	277	85762160	
-11618	7466	-8602	3718	-988	-12963	-82	168	-32	278	1386	278	85762160	
-11667	7467	-8701	3660	-1150	-12874	-81	168	-31	279	1391	279	85762160	
-11693	7716	-8719	3675	-1375	-12774	-75	169	-29	280	1396	280	85762160	
-11930	7858	-8779	3773	-1670	-12641	-75	167	-28	281	1401	281	85762160	
-12204	7977	-8872	3869	-1910	-12514	-75	163	-27	282	1406	282	85762161	
-12578	8068	-8939	3953	-2122	-12393	-75	167	-29	283	1411	283	85762170	
-13008	8074	-9036	4017	-2285	-12255	-74	172	-32	284	1416	284	85762196	
-13377	8039	-9150	4024	-2393	-12100	-76	170	-34	285	1421	285	85762213	
-13770	8182	-9275	3960	-2445	-11937	-78	168	-36	286	1426	286	85762213	
-14014	8350	-9469	3912	-2440	-11746	-75	168	-36	287	1431	287	85762213	
-14196	8436	-9660	3939	-2387	-11551	-70	168	-36	288	1436	288	85762213	
-14541	8362	-9875	3994	-2373	-11329	-68	168	-32	289	1441	289	85762214	
-14790	8461	-9951	3976	-2308	-11080	-66	168	-28	290	1446	290	85762214	
-14820	7990	-10158	3936	-2118	-10899	-63	172	-30	291	1451	291	85762226	
-14970	7851	-10297	3730	-1899	-10765	-61	175	-31	292	1456	292	85762265	
-15152	7896	-10316	3400	-1756	-10595	-60	176	-32	293	1461	293	85762285	
-15394	7912	-10213	3038	-1665	-10410	-60	176	-32	294	1466	294	85762285	
-15641	8096	-10104	2731	-1574	-10251	-56	181	-32	295	1471	295	85762285	
-15795	8158	-10016	2559	-1493	-10077	-54	184	-32	296	1476	296	85762285	
-15809	8209	-9931	2490	-1398	-9859	-56	174	-35	297	1481	297	85762285	
-15788	8153	-9782	2527	-1313	-9659	-56	170	-36	298	1486	298	85762285	
-15743	7912	-9753	2605	-1262	-9471	-57	174	-32	299	1491	299	85762285	
-15668	7792	-9677	2605	-1235	-9287	-57	175	-31	300	1496	300	85762286	
-15650	7578	-9676	2563	-1212	-9117	-53	179	-33	301	1501	301	85762286	
-15621	7419	-9646	2525	-1176	-8950	-52	180	-34	302	1506	302	85762322	
-15544	7066	-9635	2461	-1146	-8781	-48	182	-35	303	1511	303	85762331	
-15512	6803	-9632	2353	-1142	-8621	-47	183	-35	304	1516	304	85762331	
-15526	6627	-9515	2232	-1175	-8473	-45	181	-33	305	1521	305	85762331	
-15430	6550	-9358	2082	-1268	-8308	-45	181	-33	306	1526	306	85762331	
-15526	6362	-9436	1951	-1387	-8182	-48	180	-34	307	1531	307	85762331	
-15746	6478	-9338	1826	-1531	-8033	-48	180	-34	308	1536	308	85762332	
-15968	6548	-9286	1769	-1631	-7908	-41	181	-37	309	1541	309	85762339	
-16294	6476	-9270	1759	-1645	-7784	-41	181	-37	310	1546	310	85762370	
-16464	6288	-9374	1724	-1660	-7597	-40	180	-34	311	1551	311	85762371	
-16570	6010	-9476	1672	-1633	-7431	-40	180	-34	312	1556	312	85762372	
-16454	5956	-9538	1646	-1492	-7294	-34	184	-34	313	1561	313	85762373	
-16296	5878	-9442	1699	-1327	-7227	-35	183	-34	314	1566	314	85762374	
-16100	5838	-9372	1829	-1217	-7213	-38	178	-32	315	1571	315	85762375	
-15788	5752	-9229	1990	-1136	-7201	-38	179	-33	316	1576	316	85762376	
-15506	5523	-9093	2173	-1154	-7193	-37	183	-35	317	1581	317	85762376	
-15362	5343	-8880	2283	-1287	-7180	-37	184	-34	318	1586	318	85762376	
-15338	5223	-8718	2325	-1474	-7152	-37	187	-31	319	1591	319	85762376	
-15344	5250	-8544	2317	-1623	-7152	-35	186	-31	320	1596	320	85762376	
-15309	5192	-8442	2276	-1715	-7144	-29	183	-33	321	1601	321	85762376	
-15404	5232	-8479	2220	-1798	-7127	-30	184	-33	322	1606	322	85762382	
-15336	5292	-8465	2191	-1878	-7060	-32	186	-34	323	1611	323	85762400	
-15264	5360	-8456	2191	-1929	-6980	-31	185	-33	324	1616	324	85762400	
-15240	5450	-8514	2229	-1963	-6879	-30	184	-32	325	1621	325	85762404	
-15317	5455	-8607	2279	-1973	-6768	-30	181	-32	326	1626	326	85762420	
-15398	5368	-8739	2308	-1949	-6618	-29	177	-31	327	1631	327	85762436	
-15488	5228	-8788	2298	-1888	-6425	-26	177	-31	328	1636	328	85762436	
-15557	5055	-8802	2230	-1797	-6215	-22	178	-30	329	1641	329	85762437	
-15530	4929	-8842	2093	-1672	-5996	-23	181	-30	330	1646	330	85762437	
-15406	4869	-8921	1904	-1500	-5755	-25	185	-31	331	1651	331	85762437	
-15213	4905	-8919	1750	-1307	-5538	-23	187	-34	332	1656	332	85762437	
-15017	4806	-8907	1671	-1156	-5340	-22	188	-36	333	1661	333	85762438	
-14876	4599	-8896	1617	-1044	-5151	-21	184	-32	334	1666	334	85762454	
-14801	4536	-8840	1541	-959	-4972	-21	181	-29	335	1671	335	85762464	
-14722	4411	-8782	1438	-919	-4780	-21	185	-29	336	1676	336	85762464	
