-16378	3918	-1299	2704	-1182	582	-76	161	-40	1	1	1	79328024	
-16290	3793	-1256	2785	-1113	639	-77	163	-37	2	6	2	79328024	
-16328	3664	-1251	2852	-1046	686	-74	163	-37	3	11	3	79328025	
-16306	3512	-1230	2885	-977	712	-70	162	-38	4	16	4	79328025	
-16185	3328	-1243	2882	-909	739	-72	163	-39	5	21	5	79328037	
-16047	3229	-1235	2826	-875	760	-74	164	-40	6	26	6	79328048	
-15918	3176	-1257	2731	-868	783	-74	164	-38	7	31	7	79328048	
-15879	3093	-1348	2608	-900	817	-75	163	-35	8	36	8	79328049	
-15878	3024	-1316	2474	-965	840	-76	161	-38	9	41	9	79328049	
-15821	2972	-1312	2338	-1022	868	-77	157	-43	10	46	10	79328050	
-15786	2936	-1332	2210	-1075	898	-79	158	-39	11	51	11	79328051	
-15791	2870	-1304	2091	-1123	922	-82	160	-34	12	56	12	79328051	
-15834	2826	-1279	1973	-1165	944	-79	160	-35	13	61	13	79328051	
-15864	2843	-1272	1845	-1191	966	-75	159	-37	14	66	14	79328052	
-15889	2871	-1283	1698	-1192	978	-74	161	-39	15	71	15	79328053	
-15896	2891	-1299	1544	-1167	992	-74	162	-40	16	76	16	79328069	
-15894	2858	-1325	1385	-1137	1015	-79	157	-40	17	81	17	79328080	
-15895	2882	-1351	1227	-1115	1033	-82	154	-40	18	86	18	79328081	
-15880	2911	-1361	1052	-1093	1046	-79	155	-41	19	91	19	79328081	
-15866	2919	-1324	853	-1067	1063	-74	156	-42	20	96	20	79328081	
-15891	3010	-1283	664	-1048	1072	-75	156	-41	21	101	21	79328100	
-15890	3033	-1274	470	-1036	1061	-77	155	-39	22	106	22	79328127	
-15950	3096	-1198	299	-993	1044	-78	157	-41	23	111	23	79328129	
-15972	3137	-1125	159	-942	1029	-78	158	-42	24	116	24	79328130	
-16000	3161	-1031	28	-885	1013	-77	158	-38	25	121	25	79328131	
-16058	3217	-987	-92	-806	997	-76	158	-36	26	126	26	79328131	
-16022	3296	-924	-197	-729	964	-79	156	-39	27	131	27	79328132	
-16012	3403	-913	-284	-656	925	-81	155	-41	28	136	28	79328132	
-16019	3512	-906	-337	-589	900	-79	156	-37	29	141	29	79328133	
-16009	3608	-915	-391	-516	871	-77	157	-35	30	146	30	79328133	
-16036	3682	-900	-410	-455	845	-78	161	-38	31	151	31	79328144	
-16063	3702	-889	-415	-396	820	-79	163	-39	32	156	32	79328151	
-16068	3775	-883	-397	-322	801	-81	160	-40	33	161	33	79328153	
-16036	3836	-897	-349	-240	779	-82	158	-40	34	166	34	79328153	
-16042	3897	-869	-290	-186	753	-80	160	-38	35	171	35	79328154	
-16042	3882	-820	-231	-132	721	-79	161	-37	36	176	36	79328169	
-16032	3884	-897	-180	-80	685	-81	158	-38	37	181	37	79328193	
-16029	3885	-893	-133	-33	642	-82	156	-38	38	186	38	79328204	
-16089	3870	-853	-85	25	592	-79	156	-37	39	191	39	79328204	
-16012	3844	-830	-62	77	550	-78	156	-36	40	196	40	79328206	
-15972	3776	-830	-73	137	484	-78	159	-41	41	201	41	79328207	
-15962	3794	-699	-112	192	431	-78	160	-42	42	206	42	79328207	
-15985	3761	-653	-160	231	384	-79	155	-42	43	211	43	79328208	
-16002	3770	-686	-215	262	344	-80	152	-42	44	216	44	79328208	
-15970	3792	-741	-279	271	307	-81	156	-38	45	221	45	79328209	
-15977	3806	-770	-346	263	277	-81	159	-35	46	226	46	79328210	
-16014	3826	-722	-422	248	254	-82	164	-37	47	231	47	79328244	
-16001	3854	-710	-484	266	234	-82	166	-38	48	236	48	79328256	
-15962	3879	-678	-531	262	227	-80	160	-39	49	241	49	79328256	
-15957	3905	-702	-561	260	217	-79	159	-39	50	246	50	79328257	
-15990	3961	-680	-571	253	209	-79	157	-41	51	251	51	79328257	
-16030	3985	-678	-582	235	224	-79	157	-41	52	256	52	79328257	
-16064	3983	-685	-594	222	219	-78	158	-39	53	261	53	79328318	
-16068	3992	-713	-603	216	210	-78	158	-38	54	266	54	79328333	
-16090	4039	-682	-642	217	200	-76	155	-38	55	271	55	79328334	
-16085	4117	-621	-682	216	185	-76	154	-38	56	276	56	79328334	
-16052	4148	-598	-719	205	179	-83	160	-42	57	281	57	79328335	
-16066	4136	-625	-733	201	168	-85	161	-43	58	286	58	79328335	
-16101	4194	-592	-737	206	159	-78	159	-39	59	291	59	79328335	
-16058	4277	-648	-735	206	144	-76	158	-38	60	296	60	79328336	
-16035	4304	-672	-763	215	135	-77	159	-37	61	301	61	79328336	
-16014	4386	-660	-784	206	123	-77	159	-37	62	306	62	79328337	
-16037	4486	-693	-821	200	118	-77	161	-39	63	311	63	79328356	
-15936	4512	-662	-840	201	90	-77	161	-39	64	316	64	79328384	
-15920	4602	-624	-832	211	76	-79	163	-37	65	321	65	79328385	
-15876	4660	-726	-781	214	78	-79	163	-37	66	326	66	79328385	
-15894	4728	-648	-704	224	73	-77	163	-35	67	331	67	79328386	
-15844	4658	-740	-617	229	73	-77	163	-35	68	336	68	79328386	
-15767	4679	-747	-524	236	57	-83	158	-38	69	341	69	79328386	
-15737	4662	-782	-415	260	44	-85	157	-39	70	346	70	79328387	
-15795	4704	-763	-303	276	30	-76	159	-38	71	351	71	79328387	
-15712	4678	-738	-212	311	20	-74	160	-38	72	356	72	79328388	
-15750	4654	-694	-125	345	21	-78	158	-40	73	361	73	79328436	
-15782	4630	-770	-56	362	14	-78	158	-40	74	366	74	79328436	
-15826	4588	-698	5	387	0	-80	160	-44	75	371	75	79328436	
-15800	4560	-728	51	419	-2	-80	160	-44	76	376	76	79328437	
-15790	4488	-770	85	432	-28	-75	159	-39	77	381	77	79328438	
-15922	4408	-774	106	440	-48	-75	159	-39	78	386	78	79328438	
-15936	4430	-856	103	450	-71	-81	159	-35	79	391	79	79328439	
-15953	4340	-771	73	463	-94	-81	159	-35	80	396	80	79328439	
-15882	4314	-780	20	472	-123	-82	158	-32	81	401	81	79328440	
-15934	4270	-860	-39	469	-140	-82	158	-32	82	406	82	79328441	
-15870	4300	-958	-101	465	-152	-85	151	-39	83	411	83	79328442	
-15916	4348	-928	-172	443	-173	-85	151	-39	84	416	84	79328442	
-15868	4414	-874	-225	418	-192	-79	155	-43	85	421	85	79328443	
-15846	4380	-824	-293	411	-198	-79	155	-43	86	426	86	79328444	
-15860	4430	-810	-345	392	-200	-82	156	-40	87	431	87	79328444	
-15816	4484	-864	-404	379	-213	-82	156	-40	88	436	88	79328444	
-15762	4515	-858	-435	395	-209	-83	157	-39	89	441	89	79328492	
-15755	4529	-923	-444	415	-224	-82	157	-40	90	446	90	79328493	
-15708	4598	-917	-450	446	-231	-78	158	-44	91	451	91	79328495	
-15709	4572	-876	-460	481	-222	-78	158	-43	92	456	92	79328495	
-15584	4574	-898	-442	498	-217	-80	160	-36	93	461	93	79328496	
-15550	4578	-950	-440	519	-229	-80	160	-36	94	466	94	79328496	
-15464	4560	-842	-422	557	-239	-81	153	-43	95	471	95	79328497	
-15450	4618	-892	-402	566	-233	-81	153	-43	96	476	96	79328497	
-15384	4641	-805	-359	576	-243	-73	157	-37	97	481	97	79328498	
-15452	4614	-772	-312	583	-250	-74	157	-38	98	486	98	79328498	
-15382	4681	-820	-282	585	-260	-80	158	-40	99	491	99	79328513	
-15307	4672	-802	-239	584	-262	-80	158	-41	100	496	100	79328568	
-15264	4674	-763	-215	584	-272	-78	160	-44	101	501	101	79328568	
-15254	4641	-774	-228	594	-273	-78	160	-43	102	506	102	79328569	
-15216	4631	-759	-242	602	-278	-77	161	-37	103	511	103	79328569	
-15263	4647	-699	-253	606	-285	-79	161	-38	104	516	104	79328570	
-15248	4674	-704	-280	606	-278	-87	161	-41	105	521	105	79328570	
-15273	4626	-688	-289	600	-278	-85	160	-41	106	526	106	79328570	
-15405	4618	-549	-288	590	-296	-79	157	-39	107	531	107	79328571	
-15376	4608	-612	-289	574	-314	-79	158	-38	108	536	108	79328571	
