-16275	-1544	3355	-863	-495	115	-7	155	115	1	1	1	79368798	
-16374	-1655	3361	-1242	-472	270	-4	158	115	2	6	2	79368799	
-16490	-1789	3382	-1544	-497	408	0	162	116	3	11	3	79368799	
-16554	-1947	3318	-1759	-536	523	-5	159	115	4	16	4	79368800	
-16638	-2093	3229	-1920	-554	619	-12	154	114	5	21	5	79368801	
-16747	-2172	3107	-1997	-551	664	-9	155	117	6	26	6	79368802	
-16824	-2238	2954	-2017	-534	684	-5	155	119	7	31	7	79368802	
-16901	-2312	2786	-1974	-493	686	-5	156	119	8	36	8	79368803	
-16981	-2380	2697	-1862	-418	664	-4	158	120	9	41	9	79368803	
-17022	-2403	2646	-1677	-341	618	-4	158	121	10	46	10	79368803	
-17074	-2372	2530	-1455	-265	540	-4	158	122	11	51	11	79368804	
-17107	-2356	2380	-1189	-169	434	-3	159	120	12	56	12	79368804	
-17126	-2275	2288	-824	-101	312	-2	160	116	13	61	13	79368805	
-17071	-2155	2242	-418	-86	185	-3	158	116	14	66	14	79368816	
-16981	-2040	2297	-28	-105	69	-4	156	116	15	71	15	79368838	
-16876	-1919	2345	339	-132	-51	-8	158	117	16	76	16	79368849	
-16799	-1857	2366	645	-178	-156	-11	159	117	17	81	17	79368849	
-16780	-1770	2494	852	-246	-242	-8	157	116	18	86	18	79368850	
-16736	-1705	2529	952	-322	-304	-6	156	116	19	91	19	79368850	
-16671	-1649	2462	945	-388	-348	-8	157	118	20	96	20	79368864	
-16668	-1644	2473	832	-435	-388	-9	157	119	21	101	21	79368876	
-16668	-1663	2560	630	-446	-410	-10	155	120	22	106	22	79368878	
-16641	-1648	2626	372	-438	-414	-10	154	120	23	111	23	79368878	
-16581	-1589	2685	98	-438	-424	-7	156	119	24	116	24	79368879	
-16577	-1494	2727	-148	-425	-433	-5	157	119	25	121	25	79368879	
-16589	-1367	2795	-327	-409	-439	-9	153	115	26	126	26	79368880	
-16535	-1290	2827	-437	-410	-443	-12	150	112	27	131	27	79368880	
-16454	-1222	2926	-482	-419	-446	-8	157	113	28	136	28	79368880	
-16398	-1198	2992	-466	-446	-438	-6	162	114	29	141	29	79368881	
-16337	-1202	3004	-388	-488	-412	-8	162	116	30	146	30	79368915	
-16346	-1205	3005	-278	-515	-381	-8	162	116	31	151	31	79368948	
-16354	-1292	2994	-157	-530	-333	-7	153	115	32	156	32	79368954	
-16448	-1380	2902	-29	-551	-290	-7	151	115	33	161	33	79368955	
-16430	-1527	2867	79	-558	-240	-6	153	117	34	166	34	79368956	
-16484	-1658	2757	157	-600	-194	-6	154	118	35	171	35	79368956	
-16582	-1764	2640	217	-644	-151	-9	157	115	36	176	36	79368974	
-16639	-1854	2460	274	-701	-128	-10	158	114	37	181	37	79368980	
-16660	-1953	2367	310	-743	-117	-13	157	114	38	186	38	79368980	
-16623	-1994	2274	334	-784	-96	-14	156	114	39	191	39	79368980	
-16637	-2050	2340	361	-804	-84	-7	158	113	40	196	40	79368981	
-16577	-2128	2383	414	-819	-79	-5	159	113	41	201	41	79368981	
-16566	-2157	2455	503	-835	-78	-7	155	112	42	206	42	79368982	
-16661	-2130	2467	601	-839	-82	-8	154	112	43	211	43	79368982	
-16609	-2204	2453	703	-832	-92	-7	160	114	44	216	44	79368983	
-16566	-2190	2383	803	-805	-96	-7	161	115	45	221	45	79368983	
-16666	-2216	2358	874	-784	-110	-7	158	118	46	226	46	79368983	
-16674	-2160	2278	944	-743	-135	-7	157	119	47	231	47	79368984	
-16704	-2190	2262	991	-708	-160	-4	154	114	48	236	48	79368984	
-16712	-2164	2246	1042	-694	-178	-4	154	114	49	241	49	79368985	
-16716	-2122	2140	1067	-681	-204	-4	156	122	50	246	50	79369007	
-16752	-2218	2070	1056	-646	-220	-4	156	122	51	251	51	79369008	
-16686	-2264	2140	989	-629	-215	-9	155	115	52	256	52	79369031	
-16746	-2222	1990	875	-588	-223	-9	155	115	53	261	53	79369032	
-16769	-2274	2012	744	-551	-215	-5	159	116	54	266	54	79369032	
-16779	-2282	2008	544	-501	-192	-4	160	116	55	271	55	79369033	
-16710	-2338	1966	286	-464	-169	-4	156	116	56	276	56	79369033	
-16706	-2306	1976	43	-437	-133	-4	156	116	57	281	57	79369034	
-16660	-2298	1932	-169	-406	-101	-11	153	113	58	286	58	79369034	
-16702	-2366	1920	-314	-395	-81	-11	153	113	59	291	59	79369034	
-16678	-2304	1942	-414	-403	-63	-11	159	115	60	296	60	79369035	
-16606	-2272	1892	-420	-408	-50	-11	159	115	61	301	61	79369059	
-16674	-2350	1946	-383	-390	-57	-13	157	121	62	306	62	79369136	
-16630	-2396	1928	-323	-382	-54	-13	157	121	63	311	63	79369136	
-16759	-2500	1918	-292	-361	-59	-5	155	119	64	316	64	79369137	
-16852	-2541	1879	-309	-304	-65	-6	157	119	65	321	65	79369137	
-16889	-2601	2034	-346	-232	-76	-9	163	117	66	326	66	79369138	
-16901	-2602	1876	-404	-173	-84	-9	161	117	67	331	67	79369138	
