-16213	-473	-964	-2078	665	-281	-258	298	-155	1	1	1	84599746	
-16259	-428	-907	-2021	657	-344	-263	301	-151	2	6	2	84599747	
-16290	-369	-938	-1928	600	-432	-262	302	-152	3	11	3	84599747	
-16356	-328	-1108	-1860	536	-519	-258	306	-154	4	16	4	84599747	
-16352	-382	-1297	-1782	478	-595	-257	305	-155	5	21	5	84599747	
-16421	-635	-1552	-1670	400	-665	-255	299	-157	6	26	6	84599747	
-16532	-1011	-1824	-1658	249	-746	-257	298	-157	7	31	7	84599759	
-16596	-1300	-2100	-1741	122	-825	-261	297	-157	8	36	8	84599783	
-16678	-1628	-2162	-1869	61	-917	-261	299	-155	9	41	9	84599791	
-16776	-1990	-2140	-2035	62	-1040	-261	301	-151	10	46	10	84599792	
-16781	-2373	-2128	-2280	81	-1173	-258	299	-155	11	51	11	84599792	
-16677	-2590	-1937	-2591	101	-1287	-254	296	-160	12	56	12	84599793	
-16475	-2690	-1689	-2866	102	-1384	-254	298	-158	13	61	13	84599793	
-16311	-2778	-1377	-3065	45	-1503	-254	302	-156	14	66	14	84599795	
-16065	-2665	-1004	-3199	-103	-1640	-257	300	-157	15	71	15	84599810	
-15712	-2486	-792	-3254	-307	-1759	-259	297	-157	16	76	16	84599824	
-15507	-2352	-710	-3210	-513	-1874	-258	295	-155	17	81	17	84599824	
-15363	-2224	-688	-3133	-741	-1990	-258	294	-154	18	86	18	84599824	
-15473	-2204	-744	-3066	-981	-2106	-257	296	-155	19	91	19	84599824	
-15858	-2189	-899	-3018	-1246	-2203	-256	298	-156	20	96	20	84599824	
-16349	-2122	-1116	-3000	-1536	-2251	-257	298	-155	21	101	21	84599824	
-16796	-2193	-1353	-2967	-1751	-2257	-259	299	-153	22	106	22	84599824	
-17261	-2468	-1653	-2890	-1874	-2271	-259	299	-156	23	111	23	84599844	
-17466	-2843	-1897	-2855	-1857	-2296	-258	298	-158	24	116	24	84599864	
-17392	-3170	-1846	-2928	-1678	-2331	-258	296	-154	25	121	25	84599865	
-17131	-3397	-1736	-3090	-1455	-2387	-258	294	-152	26	126	26	84599865	
-16896	-3400	-1644	-3268	-1349	-2425	-256	296	-152	27	131	27	84599865	
-16785	-3234	-1478	-3469	-1397	-2391	-254	298	-152	28	136	28	84599865	
-16658	-3051	-1541	-3656	-1492	-2318	-255	296	-153	29	141	29	84599866	
-16531	-2786	-1832	-3683	-1510	-2252	-255	295	-153	30	146	30	84599870	
-16502	-2499	-2053	-3509	-1435	-2236	-259	296	-154	31	151	31	84599891	
-16591	-2166	-2289	-3224	-1360	-2192	-261	297	-155	32	156	32	84599903	
-16524	-1805	-2415	-3031	-1320	-2109	-258	302	-149	33	161	33	84599903	
-16591	-1430	-2426	-2864	-1265	-1992	-257	303	-147	34	166	34	84599904	
-16729	-1250	-2328	-2533	-1233	-1897	-262	301	-149	35	171	35	84599904	
-16712	-1192	-2286	-2089	-1220	-1812	-263	301	-149	36	176	36	84599904	
-16857	-1172	-2310	-1746	-1256	-1724	-260	296	-152	37	181	37	84599904	
-16991	-1257	-2332	-1461	-1312	-1621	-258	294	-154	38	186	38	84599910	
-17044	-1323	-2392	-1264	-1351	-1524	-258	299	-154	39	191	39	84599939	
-17101	-1283	-2550	-1155	-1363	-1407	-258	302	-154	40	196	40	84599958	
-17129	-1364	-2518	-1125	-1302	-1268	-254	300	-153	41	201	41	84599958	
-17052	-1556	-2598	-1087	-1221	-1141	-253	299	-153	42	206	42	84599959	
-16944	-1748	-2676	-1071	-1094	-1041	-253	299	-148	43	211	43	84599959	
-16900	-1911	-2669	-1075	-915	-956	-253	299	-147	44	216	44	84599960	
-16796	-2198	-2634	-1081	-663	-899	-258	297	-150	45	221	45	84599960	
-16769	-2483	-2604	-1076	-383	-885	-259	297	-151	46	226	46	84599978	
-16654	-2669	-2564	-1061	-99	-915	-256	299	-149	47	231	47	84600000	
-16362	-2930	-2698	-1073	263	-959	-255	299	-149	48	236	48	84600004	
-16042	-3116	-2654	-1120	585	-1000	-254	304	-152	49	241	49	84600004	
-15788	-3378	-2404	-1213	863	-1057	-254	304	-152	50	246	50	84600004	
-15678	-3464	-2230	-1382	1015	-1067	-254	294	-146	51	251	51	84600004	
-15724	-3684	-2160	-1575	1121	-1059	-254	294	-146	52	256	52	84600004	
-15818	-3730	-2016	-1826	1255	-1060	-259	299	-153	53	261	53	84600004	
-15891	-3792	-1999	-2122	1392	-1023	-259	299	-153	54	266	54	84600012	
-16037	-3766	-1950	-2472	1564	-1009	-257	297	-155	55	271	55	84600036	
-16040	-3855	-1975	-2779	1748	-1057	-256	296	-156	56	276	56	84600043	
-15962	-4030	-2026	-3196	1983	-1143	-257	299	-149	57	281	57	84600043	
-15794	-4078	-1988	-3568	2098	-1204	-257	299	-149	58	286	58	84600044	
-15740	-4188	-1982	-3834	2103	-1284	-257	295	-151	59	291	59	84600045	
-15672	-4242	-1952	-4075	2038	-1315	-257	295	-151	60	296	60	84600046	
-15680	-4280	-1876	-4236	1996	-1309	-247	295	-151	61	301	61	84600046	
-15642	-4396	-1888	-4371	1968	-1294	-247	295	-151	62	306	62	84600047	
-15534	-4416	-1878	-4574	1947	-1289	-257	297	-153	63	311	63	84600048	
-15650	-4336	-1910	-4811	1946	-1233	-257	297	-153	64	316	64	84600048	
-15922	-4280	-1964	-4952	1790	-1114	-252	300	-152	65	321	65	84600049	
-15924	-4188	-2078	-4912	1719	-1021	-252	300	-151	66	326	66	84600057	
-15855	-4234	-2073	-4780	1807	-960	-254	298	-148	67	331	67	84600080	
-15762	-4337	-2001	-4606	1947	-952	-253	297	-149	68	336	68	84600080	
-15732	-4378	-1806	-4511	2011	-915	-251	293	-151	69	341	69	84600081	
-15731	-4391	-1696	-4473	1956	-846	-251	293	-151	70	346	70	84600081	
-15696	-4331	-1639	-4461	1849	-768	-253	293	-153	71	351	71	84600081	
-15748	-4294	-1584	-4478	1746	-680	-253	293	-153	72	356	72	84600081	
-15674	-4246	-1640	-4472	1653	-596	-256	294	-158	73	361	73	84600081	
-15459	-4261	-1686	-4379	1553	-492	-255	295	-157	74	366	74	84600117	
-15403	-4245	-1668	-4272	1453	-408	-253	297	-155	75	371	75	84600119	
-15256	-4227	-1746	-4204	1276	-305	-254	297	-154	76	376	76	84600119	
-15224	-4208	-1860	-4129	1077	-223	-257	295	-149	77	381	77	84600119	
-15216	-4205	-2008	-4107	868	-148	-257	295	-151	78	386	78	84600119	
-15238	-4184	-2014	-4200	753	-73	-257	297	-157	79	391	79	84600119	
-15079	-4245	-2020	-4419	798	74	-257	296	-157	80	396	80	84600120	
-15014	-4121	-2071	-4651	861	218	-256	292	-156	81	401	81	84600133	
-14991	-3990	-2081	-4730	851	350	-255	293	-156	82	406	82	84600154	
-15080	-3950	-2213	-4628	795	457	-253	295	-157	83	411	83	84600154	
-15231	-4016	-2325	-4457	747	537	-254	292	-157	84	416	84	84600154	
-15441	-4068	-2461	-4275	726	585	-256	288	-158	85	421	85	84600154	
-15690	-4207	-2652	-4112	724	635	-255	288	-157	86	426	86	84600154	
-15919	-4360	-2796	-3985	758	666	-253	289	-155	87	431	87	84600154	
-16145	-4462	-2856	-3899	822	676	-253	290	-156	88	436	88	84600169	
-16342	-4507	-2897	-3825	901	691	-253	291	-157	89	441	89	84600192	
-16504	-4513	-2873	-3722	998	719	-252	290	-157	90	446	90	84600193	
-16518	-4428	-2786	-3570	1112	762	-250	288	-156	91	451	91	84600193	
-16463	-4473	-2706	-3373	1242	816	-250	290	-156	92	456	92	84600193	
-16252	-4608	-2642	-3203	1373	873	-250	292	-156	93	461	93	84600193	
-15960	-4597	-2517	-3187	1444	952	-251	289	-158	94	466	94	84600193	
-15698	-4453	-2353	-3301	1409	1058	-252	284	-160	95	471	95	84600197	
-15483	-4254	-2324	-3417	1287	1152	-254	287	-158	96	476	96	84600214	
-15296	-4082	-2268	-3425	1169	1255	-257	291	-155	97	481	97	84600230	
-15045	-4028	-2122	-3316	1105	1385	-257	292	-156	98	486	98	84600230	
-14941	-4100	-1991	-3201	1054	1492	-257	293	-157	99	491	99	84600230	
-14818	-4109	-2049	-3179	992	1581	-256	294	-157	100	496	100	84600230	
-14756	-3984	-2180	-3195	965	1663	-255	295	-157	101	501	101	84600230	
-14838	-3984	-2287	-3153	989	1720	-255	288	-155	102	506	102	84600230	
-15028	-4138	-2375	-3034	1013	1752	-255	283	-153	103	511	103	84600243	
-15130	-4186	-2396	-2911	975	1775	-260	288	-153	104	516	104	84600263	
-15054	-4202	-2395	-2746	855	1805	-263	291	-153	105	521	105	84600270	
-15036	-4238	-2480	-2493	665	1791	-261	290	-157	106	526	106	84600270	
-15020	-4290	-2569	-2254	494	1741	-259	289	-159	107	531	107	84600270	
-14970	-4362	-2492	-2074	360	1764	-260	286	-156	108	536	108	84600270	
-15033	-4488	-2467	-1910	209	1838	-260	284	-154	109	541	109	84600271	
-15147	-4694	-2430	-1737	8	1893	-259	282	-155	110	546	110	84600271	
-15241	-4812	-2338	-1613	-183	1908	-259	281	-155	111	551	111	84600282	
-15342	-4852	-2279	-1535	-287	1916	-261	283	-157	112	556	112	84600300	
-15399	-4812	-2119	-1433	-292	1913	-263	285	-159	113	561	113	84600308	
-15354	-4676	-1917	-1320	-260	1878	-261	283	-154	114	566	114	84600308	
-15447	-4337	-1719	-1253	-269	1828	-259	281	-151	115	571	115	84600308	
-15704	-4014	-1518	-1224	-345	1783	-259	283	-151	116	576	116	84600308	
-16148	-3868	-1326	-1120	-392	1675	-259	283	-151	117	581	117	84600308	
-16569	-3771	-1243	-1018	-374	1572	-255	287	-152	118	586	118	84600308	
-16908	-3709	-1086	-945	-297	1487	-254	288	-152	119	591	119	84600319	
-17294	-3407	-879	-834	-264	1385	-256	283	-154	120	596	120	84600345	
-17723	-2996	-777	-639	-252	1290	-256	282	-154	121	601	121	84600351	
-18240	-2421	-551	-376	-139	1165	-258	278	-152	122	606	122	84600351	
-18992	-1906	-482	92	180	949	-259	277	-151	123	611	123	84600352	
-19337	-1519	-215	461	536	809	-260	283	-155	124	616	124	84600352	
-19792	-1132	88	928	1019	627	-260	284	-156	125	621	125	84600352	
-20266	-859	484	1328	1595	403	-258	283	-149	126	626	126	84600352	
-20661	-754	600	1593	2213	155	-257	283	-147	127	631	127	84600359	
-20802	-807	701	1585	2780	-97	-256	282	-148	128	636	128	84600387	
-20589	-957	516	1301	3187	-396	-256	282	-148	129	641	129	84600397	
-20206	-1046	142	761	3295	-731	-256	280	-150	130	646	130	84600398	
-19751	-1322	-460	5	3078	-1077	-256	280	-150	131	651	131	84600398	
-19652	-1456	-1232	-1087	2607	-1486	-260	276	-154	132	656	132	84600398	
-19912	-966	-1532	-2074	2237	-1742	-260	276	-154	133	661	133	84600398	
-20994	180	-1770	-3071	2113	-1920	-263	275	-153	134	666	134	84600398	
-22924	1804	-2028	-3899	2309	-1942	-263	275	-153	135	671	135	84600398	
-25286	3544	-2694	-3965	2763	-1842	-255	275	-151	136	676	136	84600426	
-27200	5138	-3888	-2833	3376	-1719	-255	275	-151	137	681	137	84600426	
-27778	6368	-5580	-578	3790	-1572	-259	283	-157	138	686	138	84600426	
-26868	6024	-6112	1953	3513	-1341	-259	283	-157	139	691	139	84600426	
-24419	4678	-4542	1758	1846	-959	-252	276	-154	140	696	140	84600427	
-21652	3701	-2910	-761	173	-579	-253	275	-153	141	701	141	84600427	
-19009	3645	-1821	-3392	-1169	-396	-255	273	-151	142	706	142	84600429	
-16702	3588	-1528	-4531	-1860	-298	-255	273	-151	143	711	143	84600439	
-14494	3446	-1012	-4404	-2281	-382	-248	276	-150	144	716	144	84600466	
-12946	3014	-328	-4075	-2601	-496	-248	276	-150	145	721	145	84600466	
-12074	2216	470	-4409	-3103	-475	-262	270	-150	146	726	146	84600466	
-11708	1556	1000	-5308	-3737	-337	-262	270	-150	147	731	147	84600466	
-11670	1348	1364	-6211	-4198	22	-254	274	-146	148	736	148	84600466	
-12000	1414	1650	-6256	-4348	734	-254	273	-147	149	741	149	84600467	
-12458	1649	1900	-5318	-4268	1396	-254	270	-150	150	746	150	84600480	
-13236	1991	1799	-3897	-4233	2093	-254	270	-151	151	751	151	84600538	
-14059	2531	1428	-2596	-4239	2734	-256	272	-154	152	756	152	84600554	
-15128	3175	570	-1761	-4135	3245	-257	272	-153	153	761	153	84600554	
-16253	4009	-352	-1246	-3770	3657	-259	273	-151	154	766	154	84600555	
-17138	4774	-1268	-629	-3218	4021	-260	273	-151	155	771	155	84600555	
-17791	5353	-2347	335	-2663	4243	-262	274	-152	156	776	156	84600555	
-18310	5557	-3243	1467	-2232	4450	-259	274	-152	157	781	157	84600555	
-18537	5448	-3853	2327	-1924	4555	-255	273	-151	158	786	158	84600565	
-18464	5013	-4431	2755	-1685	4592	-257	273	-150	159	791	159	84600584	
-18089	4521	-4791	2609	-1439	4641	-260	274	-148	160	796	160	84600592	
-17579	4117	-4980	2078	-1142	4664	-260	275	-148	161	801	161	84600592	
-16892	3861	-4925	1128	-650	4709	-261	277	-147	162	806	162	84600592	
-16290	3376	-4742	26	27	4766	-260	277	-148	163	811	163	84600592	
-15815	2871	-4483	-1231	584	4697	-258	278	-150	164	816	164	84600592	
-15540	2662	-4217	-2634	836	4527	-258	276	-149	165	821	165	84600592	
-15169	2586	-4116	-3645	845	4446	-258	274	-148	166	826	166	84600592	
-14934	2653	-4156	-4401	668	4363	-259	274	-150	167	831	167	84600592	
-14924	3002	-4139	-4967	415	4263	-261	273	-153	168	836	168	84600593	
-14963	3244	-4158	-5302	261	4193	-259	273	-152	169	841	169	84600593	
-15126	3117	-4221	-5360	443	4056	-257	273	-151	170	846	170	84600593	
-15354	3070	-4067	-5399	1014	3780	-257	271	-151	171	851	171	84600595	
-15479	3177	-3762	-5642	1751	3444	-257	269	-151	172	856	172	84600599	
-15451	3435	-3480	-5823	2540	3075	-260	271	-152	173	861	173	84600606	
-15334	3608	-3334	-5590	3110	2796	-262	272	-152	174	866	174	84600624	
-15254	3668	-3296	-5043	3482	2568	-263	273	-152	175	871	175	84600632	
-15220	3723	-3276	-4446	3834	2373	-264	274	-152	176	876	176	84600632	
-15243	3889	-3278	-3941	4186	2233	-265	274	-152	177	881	177	84600632	
-15239	4106	-3392	-3510	4449	2153	-266	274	-152	178	886	178	84600632	
-15180	4222	-3592	-3013	4616	2087	-265	272	-151	179	891	179	84600632	
-15118	4175	-3791	-2425	4672	2013	-264	268	-150	180	896	180	84600632	
-15161	3993	-3853	-2030	4586	1973	-267	270	-150	181	901	181	84600632	
-15153	3702	-3807	-2033	4417	1918	-270	272	-150	182	906	182	84600632	
-15031	3385	-3791	-2245	4384	1792	-266	272	-152	183	911	183	84600655	
-14841	3041	-3751	-2463	4473	1574	-264	272	-154	184	916	184	84600671	
-14593	2546	-3689	-2705	4507	1312	-266	273	-154	185	921	185	84600671	
-14276	2119	-3773	-3138	4367	1030	-268	274	-154	186	926	186	84600671	
-13811	2087	-3898	-3801	4057	770	-267	273	-153	187	931	187	84600671	
-13477	2041	-3955	-4520	3523	544	-267	273	-153	188	936	188	84600672	
-13306	1793	-4115	-5073	2778	328	-260	272	-152	189	941	189	84600672	
-13229	1496	-4281	-5533	1825	-12	-256	272	-152	190	946	190	84600672	
-13278	1382	-4363	-5831	996	-413	-263	268	-158	191	951	191	84600694	
-13276	1341	-4396	-6017	309	-841	-265	267	-159	192	956	192	84600700	
-13397	1185	-4334	-6096	-244	-1303	-266	271	-157	193	961	193	84600700	
-13375	1078	-4264	-6139	-648	-1765	-266	272	-156	194	966	194	84600701	
-13375	1177	-4109	-6088	-913	-2118	-266	271	-156	195	971	195	84600701	
-13330	1340	-3877	-5841	-1162	-2465	-266	270	-156	196	976	196	84600701	
-13200	1340	-3578	-5340	-1376	-2810	-265	271	-154	197	981	197	84600701	
-13184	1333	-3297	-4640	-1607	-3161	-265	271	-153	198	986	198	84600702	
-13349	1349	-3088	-3995	-1733	-3441	-266	270	-154	199	991	199	84600724	
-13605	1313	-3014	-3418	-1770	-3661	-266	270	-154	200	996	200	84600736	
-14076	1286	-2996	-2943	-1793	-3833	-264	273	-152	201	1001	201	84600739	
-14562	1402	-2890	-2628	-1856	-3998	-264	274	-152	202	1006	202	84600739	
-15074	1602	-2750	-2457	-1895	-4174	-264	271	-154	203	1011	203	84600739	
-15679	1711	-2733	-2332	-1951	-4320	-264	270	-154	204	1016	204	84600739	
-16220	1624	-2482	-2278	-2061	-4403	-266	271	-150	205	1021	205	84600740	
-16894	1144	-2578	-2408	-2195	-4375	-267	271	-149	206	1026	206	84600763	
-17998	156	-2992	-3216	-2407	-4266	-263	271	-153	207	1031	207	84600777	
-19530	-720	-3532	-4514	-2744	-4134	-263	271	-153	208	1036	208	84600778	
-21144	-1736	-4248	-6059	-3219	-4000	-263	263	-153	209	1041	209	84600778	
-22590	-2794	-4316	-7756	-3440	-3863	-263	263	-153	210	1046	210	84600778	
-23944	-3980	-3690	-9457	-3461	-3730	-262	268	-156	211	1051	211	84600778	
-24916	-4764	-2500	-10745	-3275	-3665	-262	268	-156	212	1056	212	84600779	
-25431	-5127	-1240	-11307	-3155	-3629	-262	270	-158	213	1061	213	84600787	
-25457	-4902	559	-11420	-2975	-3553	-262	270	-158	214	1066	214	84600811	
-24364	-4672	2510	-10474	-2590	-3136	-271	273	-151	215	1071	215	84600817	
-22298	-4186	3746	-9055	-2189	-2672	-271	273	-151	216	1076	216	84600817	
-19394	-3086	4674	-8107	-1704	-2163	-268	268	-156	217	1081	217	84600817	
-16728	-1678	4686	-7198	-1313	-1683	-268	268	-156	218	1086	218	84600817	
-14560	-420	3490	-5704	-1359	-1233	-270	270	-150	219	1091	219	84600818	
-12796	672	1730	-3784	-1429	-797	-270	270	-150	220	1096	220	84600818	
-11214	1460	-62	-1600	-1295	-366	-268	272	-150	221	1101	221	84600859	
-10842	1996	-722	550	-1158	95	-268	272	-150	222	1106	222	84600859	
-11526	2014	-1138	2407	-1494	473	-271	271	-153	223	1111	223	84600859	
-12482	2232	-1295	3476	-1873	644	-271	271	-151	224	1116	224	84600859	
-13022	2556	-1500	3640	-2031	601	-273	271	-145	225	1121	225	84600860	
-13436	2921	-1900	3686	-2105	440	-272	271	-145	226	1126	226	84600860	
-13770	3141	-2415	3782	-2274	296	-269	269	-147	227	1131	227	84600860	
-14100	3097	-2806	3771	-2594	160	-269	270	-148	228	1136	228	84600866	
-14533	2601	-3226	3495	-3022	89	-269	273	-153	229	1141	229	84600891	
-15110	2186	-3536	2897	-3464	62	-269	273	-153	230	1146	230	84600891	
-15564	1566	-3838	1617	-3865	16	-268	276	-148	231	1151	231	84600891	
-16043	1082	-4215	-402	-4073	-66	-268	274	-148	232	1156	232	84600891	
-16428	741	-4377	-2128	-4036	-167	-266	266	-150	233	1161	233	84600891	
-16818	402	-4396	-3709	-3826	-341	-266	267	-150	234	1166	234	84600892	
-17336	247	-4160	-5185	-3534	-523	-266	270	-150	235	1171	235	84600895	
-17773	152	-3726	-6568	-3190	-716	-266	270	-151	236	1176	236	84600911	
-18103	290	-3097	-7780	-2849	-886	-267	271	-155	237	1181	237	84600931	
-18062	541	-2500	-8719	-2456	-987	-268	270	-153	238	1186	238	84600931	
-18014	788	-1793	-9382	-2030	-1015	-270	266	-146	239	1191	239	84600931	
-17920	1001	-965	-9716	-1608	-994	-268	268	-147	240	1196	240	84600931	
-17886	1150	-268	-9673	-1292	-904	-264	272	-148	241	1201	241	84600931	
-17715	1268	238	-9296	-998	-787	-266	270	-148	242	1206	242	84600931	
-17562	1364	721	-8591	-739	-700	-268	268	-148	243	1211	243	84600946	
-17550	1360	1030	-7609	-538	-664	-270	270	-147	244	1216	244	84600969	
-17488	1210	1168	-6469	-326	-655	-274	272	-146	245	1221	245	84600969	
-17281	1090	1303	-5350	-51	-619	-274	274	-145	246	1226	246	84600969	
-17027	981	1370	-4395	258	-497	-275	277	-143	247	1231	247	84600970	
-16888	811	1430	-3471	536	-377	-274	277	-145	248	1236	248	84600970	
-16726	520	1447	-2423	813	-255	-269	277	-149	249	1241	249	84600970	
-16652	270	1378	-1711	986	-186	-271	275	-149	250	1246	250	84600971	
-16682	56	1247	-1231	1090	-176	-273	271	-149	251	1251	251	84600991	
-16675	-104	1080	-921	1191	-187	-272	272	-147	252	1256	252	84601020	
-16588	-209	898	-662	1291	-184	-271	273	-145	253	1261	253	84601020	
-16618	-240	650	-415	1307	-176	-271	273	-144	254	1266	254	84601020	
-16663	-265	377	-227	1227	-148	-271	273	-143	255	1271	255	84601020	
-16658	-326	48	-157	1130	-116	-271	273	-149	256	1276	256	84601020	
-16621	-300	-326	-245	1115	-117	-271	273	-155	257	1281	257	84601020	
-16524	-177	-687	-384	1154	-126	-273	270	-151	258	1286	258	84601020	
-16417	-57	-1020	-560	1146	-108	-274	268	-148	259	1291	259	84601043	
-16342	136	-1164	-795	1039	-63	-271	269	-145	260	1296	260	84601059	
-16266	376	-1366	-1008	906	-36	-269	269	-143	261	1301	261	84601059	
-16281	641	-1544	-1152	805	-28	-272	267	-147	262	1306	262	84601060	
-16264	847	-1620	-1243	712	-22	-274	266	-150	263	1311	263	84601060	
-16250	971	-1582	-1319	637	9	-272	270	-148	264	1316	264	84601060	
-16288	1082	-1626	-1382	552	67	-271	273	-147	265	1321	265	84601061	
-16359	1178	-1617	-1393	462	131	-270	272	-148	266	1326	266	84601061	
-16445	1176	-1534	-1352	360	196	-270	272	-148	267	1331	267	84601062	
-16573	1062	-1447	-1286	254	271	-268	270	-149	268	1336	268	84601062	
-16674	938	-1333	-1255	172	336	-267	269	-149	269	1341	269	84601075	
-16702	774	-1165	-1255	120	376	-271	267	-147	270	1346	270	84601090	
-16692	559	-1038	-1221	85	387	-274	266	-146	271	1351	271	84601095	
-16701	285	-879	-1173	72	369	-272	268	-145	272	1356	272	84601095	
-16724	20	-701	-1219	80	314	-271	269	-145	273	1361	273	84601095	
-16722	-194	-580	-1334	115	257	-272	270	-146	274	1366	274	84601095	
-16626	-294	-489	-1397	173	210	-272	270	-146	275	1371	275	84601095	
-16575	-471	-386	-1441	259	179	-274	270	-148	276	1376	276	84601115	
-16464	-480	-282	-1513	345	136	-274	270	-148	277	1381	277	84601131	
-16432	-461	-276	-1565	393	113	-272	267	-151	278	1386	278	84601134	
-16470	-456	-254	-1576	411	75	-272	266	-152	279	1391	279	84601135	
-16464	-342	-181	-1606	398	65	-275	268	-155	280	1396	280	84601135	
-16454	-256	-246	-1609	389	82	-276	268	-156	281	1401	281	84601136	
-16430	-125	-301	-1560	372	88	-270	272	-154	282	1406	282	84601136	
-16451	6	-371	-1506	349	78	-269	273	-153	283	1411	283	84601137	
-16480	141	-295	-1426	310	69	-271	272	-149	284	1416	284	84601154	
-16521	304	-184	-1319	242	77	-272	272	-148	285	1421	285	84601166	
-16597	528	-208	-1211	169	99	-271	271	-142	286	1426	286	84601168	
-16643	720	-191	-1086	96	155	-271	271	-141	287	1431	287	84601169	
-16708	921	-294	-922	38	227	-270	272	-148	288	1436	288	84601169	
-16728	1069	-300	-703	-3	304	-270	272	-150	289	1441	289	84601169	
-16764	1282	-268	-406	-39	397	-270	270	-146	290	1446	290	84601169	
-16740	1422	-126	-173	-105	472	-270	270	-146	291	1451	291	84601179	
-16616	1478	-24	46	-208	553	-273	269	-145	292	1456	292	84601213	
-16468	1634	28	262	-357	658	-273	269	-145	293	1461	293	84601213	
-16346	1828	28	465	-503	761	-270	264	-140	294	1466	294	84601213	
-16316	2070	66	665	-692	877	-270	264	-140	295	1471	295	84601213	
-16354	2178	148	890	-866	1042	-273	275	-139	296	1476	296	84601213	
-16492	2238	148	1100	-1003	1169	-273	275	-139	297	1481	297	84601214	
-16598	2208	118	1227	-1050	1312	-272	268	-146	298	1486	298	84601214	
-16728	2195	218	1331	-1071	1521	-272	269	-146	299	1491	299	84601244	
-16838	2188	230	1409	-1055	1662	-274	272	-144	300	1496	300	84601244	
-16930	2154	226	1491	-988	1837	-274	272	-144	301	1501	301	84601244	
-17078	2248	108	1595	-870	1982	-266	272	-142	302	1506	302	84601244	
-17252	2276	162	1743	-700	2136	-266	272	-142	303	1511	303	84601244	
-17216	2310	-112	1988	-506	2276	-269	267	-145	304	1516	304	84601244	
-17278	2460	-140	2237	-344	2448	-269	267	-145	305	1521	305	84601244	
-17258	2534	-114	2511	-352	2596	-272	272	-146	306	1526	306	84601257	
-17071	2604	-51	2842	-372	2644	-272	272	-146	307	1531	307	84601281	
-16876	2674	58	3140	-278	2680	-270	270	-144	308	1536	308	84601281	
-16700	2791	228	3502	-122	2755	-270	270	-144	309	1541	309	84601281	
-16594	2930	419	3797	-19	2771	-272	270	-144	310	1546	310	84601281	
-16524	2920	631	4020	88	2853	-271	270	-144	311	1551	311	84601281	
-16354	2921	742	4244	292	2988	-266	272	-142	312	1556	312	84601281	
-16271	3121	627	4360	541	3082	-266	273	-142	313	1561	313	84601290	
-16123	3210	458	4410	752	3178	-265	275	-141	314	1566	314	84601328	
-16177	3330	306	4604	651	3246	-267	273	-142	315	1571	315	84601329	
-16360	3124	118	4810	390	3316	-269	269	-143	316	1576	316	84601330	
-16411	2841	-133	4962	134	3502	-268	271	-143	317	1581	317	84601330	
-16476	2775	-462	5070	-190	3581	-266	274	-142	318	1586	318	84601331	
-16684	2544	-916	5030	-465	3538	-267	274	-143	319	1591	319	84601331	
-16850	2295	-1414	4851	-524	3549	-271	273	-145	320	1596	320	84601332	
-16997	2192	-1690	4576	-320	3522	-270	273	-145	321	1601	321	84601335	
-17062	2005	-1982	4327	9	3431	-266	272	-144	322	1606	322	84601350	
-16989	1752	-2407	4187	381	3306	-266	273	-143	323	1611	323	84601360	
-16968	1517	-2767	3998	751	3128	-266	276	-140	324	1616	324	84601360	
-17122	1324	-2952	3727	1043	3007	-267	277	-140	325	1621	325	84601360	
-17270	1109	-3049	3423	1271	2919	-269	279	-139	326	1626	326	84601360	
-17348	972	-3176	3104	1424	2793	-267	277	-138	327	1631	327	84601360	
-17334	882	-3217	2780	1539	2615	-265	275	-137	328	1636	328	84601360	
-17161	691	-3160	2454	1625	2400	-266	275	-139	329	1641	329	84601370	
-16881	481	-2936	2056	1628	2173	-267	275	-143	330	1646	330	84601390	
-16587	297	-2655	1523	1480	1928	-267	275	-143	331	1651	331	84601397	
-16357	114	-2479	975	1223	1693	-266	274	-142	332	1656	332	84601397	
-16186	88	-2264	497	956	1494	-267	275	-141	333	1661	333	84601397	
-16080	64	-1942	131	723	1317	-267	275	-141	334	1666	334	84601397	
-15995	60	-1663	-161	527	1151	-268	273	-141	335	1671	335	84601397	
-15883	212	-1490	-411	379	973	-269	271	-141	336	1676	336	84601402	
-15816	430	-1339	-543	282	786	-269	271	-139	337	1681	337	84601420	
-15788	647	-1271	-526	196	628	-270	272	-136	338	1686	338	84601439	
-15744	843	-1348	-392	97	500	-269	272	-138	339	1691	339	84601439	
-15765	959	-1444	-167	-35	368	-268	272	-140	340	1696	340	84601440	
-15818	1140	-1514	78	-182	238	-265	273	-138	341	1701	341	84601440	
-15894	1246	-1685	339	-286	147	-263	273	-137	342	1706	342	84601440	
-15974	1268	-1788	598	-359	66	-264	271	-140	343	1711	343	84601441	
-16074	1304	-1834	806	-416	-14	-264	270	-142	344	1716	344	84601461	
-16075	1478	-1892	986	-371	-103	-264	274	-140	345	1721	345	84601475	
-15998	1478	-1965	1159	-166	-190	-264	276	-138	346	1726	346	84601475	
-16034	1457	-1884	1290	122	-263	-266	275	-139	347	1731	347	84601475	
-16164	1545	-1662	1368	433	-301	-268	274	-140	348	1736	348	84601475	
-16373	1481	-1555	1390	627	-314	-267	276	-139	349	1741	349	84601475	
-16544	1535	-1497	1350	747	-309	-267	277	-139	350	1746	350	84601475	
-16698	1722	-1536	1295	787	-306	-265	277	-136	351	1751	351	84601475	
-16784	1923	-1565	1249	778	-319	-265	277	-135	352	1756	352	84601482	
-16873	2081	-1615	1193	755	-339	-265	281	-137	353	1761	353	84601501	
-16972	2254	-1618	1139	713	-363	-265	283	-139	354	1766	354	84601512	
-17077	2472	-1640	1049	655	-374	-265	282	-140	355	1771	355	84601513	
-17048	2695	-1637	943	631	-367	-265	281	-141	356	1776	356	84601513	
-16823	2961	-1690	908	724	-304	-262	278	-141	357	1781	357	84601513	
-16610	3095	-1688	934	925	-244	-261	277	-141	358	1786	358	84601514	
-16335	3240	-1535	934	1172	-204	-261	282	-138	359	1791	359	84601514	
-15921	3176	-1437	949	1438	-219	-261	283	-137	360	1796	360	84601538	
-15477	3242	-1400	918	1657	-239	-263	273	-140	361	1801	361	84601550	
-15106	3270	-1386	919	1822	-270	-263	271	-141	362	1806	362	84601552	
-15086	3214	-1328	959	1932	-292	-261	278	-135	363	1811	363	84601552	
-15234	3155	-1314	1026	1950	-320	-260	280	-134	364	1816	364	84601553	
-15300	3010	-1580	1076	1953	-384	-260	278	-142	365	1821	365	84601553	
-15468	2934	-1680	1093	1996	-419	-260	278	-142	366	1826	366	84601553	
-15722	2906	-1760	1086	1993	-435	-265	277	-143	367	1831	367	84601553	
-15966	2732	-2094	1068	2000	-422	-265	277	-143	368	1836	368	84601592	
-16130	2796	-2050	1016	2043	-480	-264	274	-138	369	1841	369	84601592	
-16405	2703	-2202	997	2108	-565	-264	274	-138	370	1846	370	84601592	
-16561	2527	-2355	1007	2195	-611	-266	273	-144	371	1851	371	84601592	
-16588	2485	-2576	985	2290	-624	-267	273	-145	372	1856	372	84601592	
-16488	2570	-2604	937	2391	-697	-261	279	-143	373	1861	373	84601592	
-16378	2652	-2684	839	2404	-799	-261	279	-143	374	1866	374	84601592	
-16226	2762	-2552	762	2369	-923	-264	276	-134	375	1871	375	84601592	
-15972	2804	-2524	661	2305	-1020	-264	276	-134	376	1876	376	84601618	
-15840	2890	-2274	564	2239	-1109	-259	273	-139	377	1881	377	84601626	
-15684	2932	-2280	470	2163	-1141	-259	273	-139	378	1886	378	84601626	
-15506	3008	-2186	389	2067	-1173	-259	275	-141	379	1891	379	84601627	
-15456	3036	-2222	272	1980	-1206	-259	275	-141	380	1896	380	84601627	
-15512	3000	-2154	52	1932	-1222	-259	275	-137	381	1901	381	84601627	
-15586	3090	-2126	-255	1936	-1287	-259	276	-138	382	1906	382	84601630	
-15567	3122	-2155	-518	2008	-1365	-257	279	-143	383	1911	383	84601645	
-15613	3150	-2251	-785	2125	-1446	-257	279	-143	384	1916	384	84601666	
-15601	3129	-2172	-1054	2274	-1529	-257	277	-143	385	1921	385	84601666	
-15532	3074	-2298	-1286	2419	-1619	-256	277	-143	386	1926	386	84601667	
-15488	3116	-2316	-1488	2521	-1699	-253	279	-143	387	1931	387	84601667	
-15480	3208	-2276	-1660	2602	-1786	-253	279	-143	388	1936	388	84601667	
-15454	3342	-2328	-1873	2724	-1869	-256	276	-142	389	1941	389	84601668	
-15254	3441	-2276	-2113	2869	-1961	-256	276	-141	390	1946	390	84601675	
-15258	3512	-2275	-2211	2931	-2043	-257	275	-139	391	1951	391	84601703	
-15310	3573	-2244	-2225	2909	-2110	-257	276	-139	392	1956	392	84601704	
-15309	3627	-2254	-2201	2886	-2175	-255	279	-141	393	1961	393	84601704	
-15139	3668	-2303	-2193	2835	-2233	-255	278	-143	394	1966	394	84601704	
-15230	3663	-2218	-2225	2753	-2297	-255	275	-149	395	1971	395	84601704	
-15312	3723	-2220	-2256	2672	-2376	-255	275	-148	396	1976	396	84601704	
-15231	3859	-2230	-2310	2664	-2434	-254	276	-146	397	1981	397	84601704	
-15157	3989	-2240	-2367	2626	-2459	-255	277	-146	398	1986	398	84601711	
-15226	3909	-2369	-2416	2412	-2445	-257	279	-145	399	1991	399	84601737	
-15401	3848	-2446	-2546	2136	-2417	-256	279	-147	400	1996	400	84601743	
-15673	3732	-2510	-2774	1890	-2411	-254	278	-150	401	2001	401	84601744	
-16004	3595	-2586	-3019	1679	-2399	-254	278	-148	402	2006	402	84601744	
-16180	3503	-2545	-3313	1534	-2354	-253	277	-145	403	2011	403	84601744	
-16363	3424	-2460	-3727	1425	-2315	-251	279	-145	404	2016	404	84601744	
-16623	3382	-2395	-4187	1295	-2273	-249	281	-145	405	2021	405	84601744	
-16814	3239	-2390	-4645	1180	-2225	-250	281	-145	406	2026	406	84601757	
-16849	2999	-2403	-5161	1087	-2159	-253	279	-145	407	2031	407	84601810	
-16849	2595	-2399	-5560	949	-2141	-252	277	-145	408	2036	408	84601832	
-16926	2016	-2355	-5997	692	-2135	-250	274	-144	409	2041	409	84601832	
-17138	1462	-2312	-6561	333	-2120	-248	277	-146	410	2046	410	84601832	
-17396	995	-2240	-7254	-32	-2074	-246	282	-148	411	2051	411	84601833	
-17523	655	-2186	-8009	-306	-1964	-248	281	-147	412	2056	412	84601833	
-17526	426	-1991	-8724	-419	-1846	-251	279	-145	413	2061	413	84601837	
-17463	291	-1550	-9318	-454	-1731	-252	279	-147	414	2066	414	84601854	
-17622	117	-868	-9786	-538	-1610	-254	280	-150	415	2071	415	84601877	
-17786	-49	-84	-10054	-587	-1513	-253	278	-148	416	2076	416	84601880	
-17730	-353	558	-10067	-583	-1467	-252	276	-146	417	2081	417	84601881	
-17544	-710	1112	-10039	-559	-1438	-252	280	-148	418	2086	418	84601881	
-17137	-872	1549	-10220	-462	-1406	-252	282	-150	419	2091	419	84601881	
-16600	-727	1865	-10615	-288	-1373	-254	283	-152	420	2096	420	84601881	
-16365	-252	1948	-10968	-100	-1352	-255	283	-153	421	2101	421	84601882	
-16254	293	1714	-11061	175	-1321	-254	284	-149	422	2106	422	84601882	
-16238	842	1329	-10998	564	-1265	-253	285	-147	423	2111	423	84601882	
-16372	1510	831	-10744	839	-1150	-253	283	-149	424	2116	424	84601882	
-16613	2290	206	-10128	833	-981	-253	281	-151	425	2121	425	84601882	
-16956	3118	-551	-9070	646	-824	-252	283	-150	426	2126	426	84601901	
-17370	3768	-1315	-7549	361	-647	-252	284	-150	427	2131	427	84601914	
-17913	3928	-2324	-5657	-2	-470	-256	279	-152	428	2136	428	84601914	
-18538	3664	-3330	-3750	-330	-312	-258	276	-154	429	2141	429	84601914	
-19351	2876	-4386	-2274	-558	-158	-256	281	-152	430	2146	430	84601915	
-20602	1600	-5468	-1521	-605	-46	-255	285	-151	431	2151	431	84601915	
-22697	-205	-6467	-1651	-389	63	-257	284	-152	432	2156	432	84601915	
-25016	-1990	-7270	-2477	216	163	-258	284	-152	433	2161	433	84601915	
-27144	-3790	-7353	-3629	1367	176	-259	285	-151	434	2166	434	84601915	
-28602	-5287	-5864	-4929	3012	84	-259	285	-151	435	2171	435	84601915	
-28716	-6218	-2912	-6262	4579	-25	-257	285	-149	436	2176	436	84601915	
-27331	-6122	1094	-7486	5453	-38	-257	285	-149	437	2181	437	84601915	
-24530	-5429	3696	-8045	5093	20	-262	285	-154	438	2186	438	84601915	
-20640	-4222	3592	-8059	3862	124	-263	285	-155	439	2191	439	84601931	
-15794	-2132	1228	-7538	2265	201	-258	286	-154	440	2196	440	84601967	
-13681	-1045	-809	-6773	1210	12	-258	286	-154	441	2201	441	84601967	
-12076	-130	-2813	-5574	-31	-269	-260	285	-158	442	2206	442	84601967	
-11092	236	-4018	-4238	-1146	-628	-261	285	-159	443	2211	443	84601968	
-10552	150	-4300	-3051	-1920	-1033	-259	285	-151	444	2216	444	84601968	
-10554	-351	-4134	-2105	-2174	-1454	-259	285	-149	445	2221	445	84601968	
-11405	-1100	-3702	-1256	-2249	-1993	-261	286	-151	446	2226	446	84601968	
-12785	-1869	-3196	-815	-2478	-2566	-262	286	-152	447	2231	447	84601968	
-14374	-2912	-2676	-1195	-2882	-3178	-260	288	-154	448	2236	448	84602001	
-15426	-3916	-2394	-2368	-3176	-3566	-260	288	-154	449	2241	449	84602005	
-16128	-4846	-2246	-3967	-3261	-3831	-263	289	-157	450	2246	450	84602005	
-16644	-5144	-2148	-5483	-3143	-3870	-263	289	-157	451	2251	451	84602005	
-16950	-5552	-2470	-6438	-3015	-3721	-261	289	-147	452	2256	452	84602005	
-17176	-6082	-2802	-6955	-2809	-3666	-261	289	-147	453	2261	453	84602005	
-17256	-6318	-3020	-7541	-2347	-3688	-263	293	-157	454	2266	454	84602005	
-17270	-6310	-2932	-8363	-1719	-3693	-263	293	-157	455	2271	455	84602005	
-17346	-6120	-2842	-9069	-1035	-3846	-261	289	-157	456	2276	456	84602005	
-17103	-5628	-2563	-9357	-159	-4223	-260	289	-157	457	2281	457	84602008	
-16805	-5122	-2201	-9100	428	-4486	-258	288	-156	458	2286	458	84602019	
-16448	-4470	-1896	-8457	688	-4652	-258	288	-156	459	2291	459	84602042	
-16590	-3706	-1312	-7652	662	-5057	-265	289	-157	460	2296	460	84602042	
-16442	-3760	-974	-7054	873	-5255	-265	289	-157	461	2301	461	84602042	
-16268	-3538	-922	-6832	1247	-5321	-274	292	-160	462	2306	462	84602042	
-15742	-3294	-882	-6911	1681	-5247	-274	292	-160	463	2311	463	84602042	
-15150	-2862	-1156	-6646	1792	-4960	-265	291	-159	464	2316	464	84602042	
-14914	-2416	-1736	-5481	1336	-4804	-264	292	-159	465	2321	465	84602049	
-14934	-2530	-2038	-4214	927	-4668	-259	295	-161	466	2326	466	84602077	
-15222	-2693	-2266	-3117	534	-4491	-259	294	-160	467	2331	467	84602095	
-15622	-2891	-2500	-2418	228	-4311	-258	288	-156	468	2336	468	84602095	
-16022	-3159	-2674	-1959	60	-4206	-258	288	-156	469	2341	469	84602095	
-16357	-3536	-2883	-1594	14	-4070	-257	289	-155	470	2346	470	84602096	
-16610	-3942	-2948	-1328	72	-3965	-257	289	-156	471	2351	471	84602096	
-16731	-4244	-2941	-1218	203	-3922	-258	288	-158	472	2356	472	84602098	
-16655	-4533	-2951	-1337	427	-3883	-258	288	-159	473	2361	473	84602114	
-16488	-4745	-2914	-1583	684	-3853	-257	289	-161	474	2366	474	84602134	
-16290	-4696	-2964	-1792	857	-3880	-259	287	-159	475	2371	475	84602134	
-16093	-4605	-2921	-1930	962	-3875	-261	285	-157	476	2376	476	84602134	
-16015	-4376	-2753	-1993	1059	-3862	-261	285	-157	477	2381	477	84602135	
-15754	-4077	-2626	-1956	1189	-3802	-260	284	-158	478	2386	478	84602135	
-15371	-3849	-2673	-1903	1345	-3749	-261	285	-158	479	2391	479	84602139	
-14656	-3683	-2593	-1856	1644	-3741	-267	289	-159	480	2396	480	84602151	
-14143	-3235	-2404	-1857	1872	-3734	-265	290	-159	481	2401	481	84602151	
-13883	-2590	-2396	-1815	1828	-3601	-257	291	-157	482	2406	482	84602151	
-13759	-2222	-2746	-1605	1680	-3394	-255	293	-156	483	2411	483	84602151	
-13669	-1904	-3162	-1308	1455	-3141	-253	295	-155	484	2416	484	84602159	
-13620	-1732	-3594	-989	1209	-2839	-255	293	-156	485	2421	485	84602171	
-13530	-1864	-3847	-704	1067	-2516	-257	291	-157	486	2426	486	84602171	
-13627	-1986	-3854	-490	1006	-2198	-258	289	-157	487	2431	487	84602171	
-14034	-2134	-3788	-383	883	-1824	-260	286	-158	488	2436	488	84602171	
-14511	-2331	-3882	-364	713	-1424	-259	289	-158	489	2441	489	84602171	
-15003	-2470	-3979	-394	683	-1061	-257	293	-157	490	2446	490	84602171	
-15446	-2410	-4022	-448	887	-768	-260	288	-159	491	2451	491	84602176	
-15708	-2287	-4076	-439	1255	-503	-262	284	-160	492	2456	492	84602197	
-15761	-2157	-4170	-380	1608	-260	-258	288	-161	493	2461	493	84602209	
-15717	-2070	-4243	-273	1884	-25	-254	292	-162	494	2466	494	84602209	
-15643	-2133	-4231	-64	2107	207	-253	290	-162	495	2471	495	84602209	
-15602	-2352	-4187	215	2304	406	-252	288	-162	496	2476	496	84602210	
-15652	-2560	-4128	474	2447	568	-254	290	-163	497	2481	497	84602210	
-15776	-2745	-3969	719	2543	707	-256	292	-164	498	2486	498	84602211	
-16039	-2963	-3747	966	2631	820	-254	291	-160	499	2491	499	84602232	
-16289	-3173	-3512	1149	2670	961	-253	291	-157	500	2496	500	84602246	
-16374	-3454	-3220	1220	2667	1124	-254	289	-159	501	2501	501	84602246	
-16402	-3694	-2858	1180	2602	1246	-255	287	-161	502	2506	502	84602246	
-16358	-3942	-2509	1018	2457	1316	-256	290	-160	503	2511	503	84602246	
-16295	-4052	-2442	776	2263	1307	-256	292	-160	504	2516	504	84602246	
-16182	-4078	-2468	463	2094	1263	-257	294	-161	505	2521	505	84602246	
-16023	-4124	-2549	90	2001	1232	-258	296	-162	506	2526	506	84602246	
-15946	-4100	-2627	-367	1929	1206	-254	290	-161	507	2531	507	84602267	
-15908	-3718	-2714	-746	1826	1172	-252	288	-160	508	2536	508	84602283	
-16065	-3506	-2801	-1038	1660	1195	-257	294	-162	509	2541	509	84602285	
-16357	-3223	-3039	-1176	1426	1199	-258	296	-162	510	2546	510	84602285	
-16560	-3063	-3214	-1242	1291	1183	-256	299	-160	511	2551	511	84602285	
-16608	-2898	-3562	-1273	1237	1146	-255	301	-159	512	2556	512	84602285	
-16600	-2650	-3814	-1225	1285	1094	-256	297	-158	513	2561	513	84602285	
-16534	-2481	-3783	-1058	1361	1063	-256	294	-158	514	2566	514	84602290	
-16320	-2503	-3568	-733	1410	1058	-258	293	-157	515	2571	515	84602315	
-16075	-2597	-3395	-479	1420	1043	-258	292	-156	516	2576	516	84602322	
-15698	-2829	-3204	-385	1488	954	-260	291	-158	517	2581	517	84602323	
-15336	-3020	-3063	-515	1576	849	-261	291	-159	518	2586	518	84602323	
-15111	-3123	-2860	-812	1639	771	-259	292	-161	519	2591	519	84602323	
-14981	-3265	-2786	-1191	1643	695	-258	292	-162	520	2596	520	84602323	
-14846	-3390	-2701	-1577	1629	626	-257	291	-166	521	2601	521	84602324	
-14716	-3436	-2588	-1964	1631	542	-257	291	-167	522	2606	522	84602353	
-14614	-3466	-2418	-2433	1590	443	-255	295	-159	523	2611	523	84602360	
-14770	-3540	-2506	-2770	1374	395	-255	295	-159	524	2616	524	84602360	
-15048	-3318	-2476	-3118	960	319	-259	297	-159	525	2621	525	84602360	
-15708	-2736	-2626	-3446	474	164	-259	297	-159	526	2626	526	84602360	
-16314	-2496	-2762	-3671	109	49	-254	292	-162	527	2631	527	84602361	
-16777	-2423	-3020	-3694	-170	62	-254	292	-162	528	2636	528	84602361	
-17273	-2306	-3248	-3530	-475	101	-254	292	-164	529	2641	529	84602368	
-17595	-2098	-3361	-3279	-669	193	-254	292	-164	530	2646	530	84602392	
-17663	-2002	-3535	-3102	-658	227	-253	293	-165	531	2651	531	84602397	
-17388	-2064	-3510	-3018	-461	224	-253	293	-165	532	2656	532	84602397	
-17006	-2104	-3328	-2911	-251	161	-257	289	-163	533	2661	533	84602398	
-16690	-2226	-3256	-2752	-112	120	-257	289	-163	534	2666	534	84602398	
-16470	-2452	-3132	-2584	-50	121	-256	294	-162	535	2671	535	84602398	
-16296	-2622	-2988	-2510	-34	104	-256	294	-162	536	2676	536	84602398	
-16240	-2568	-2694	-2580	7	49	-254	290	-168	537	2681	537	84602408	
-16056	-2508	-2426	-2673	73	27	-254	290	-168	538	2686	538	84602435	
-16140	-2516	-2230	-2600	-9	64	-253	289	-163	539	2691	539	84602435	
-16143	-2518	-1983	-2509	-127	247	-254	290	-163	540	2696	540	84602435	
-16138	-2248	-1914	-2589	-120	394	-259	293	-165	541	2701	541	84602435	
-16172	-1855	-1907	-2700	-63	527	-258	293	-165	542	2706	542	84602435	
-16035	-1503	-1898	-2662	-54	612	-255	291	-163	543	2711	543	84602435	
-15976	-1212	-1940	-2486	-84	670	-255	291	-163	544	2716	544	84602441	
-16019	-1009	-1964	-2148	-142	711	-253	293	-163	545	2721	545	84602466	
-16184	-1062	-2036	-1771	-204	772	-253	293	-163	546	2726	546	84602473	
-16340	-1234	-2284	-1350	-233	869	-259	295	-167	547	2731	547	84602473	
-16374	-1558	-2504	-1030	-132	940	-259	295	-167	548	2736	548	84602473	
-16424	-1837	-2616	-839	34	998	-255	291	-159	549	2741	549	84602474	
-16565	-2073	-2715	-722	162	1000	-256	291	-159	550	2746	550	84602474	
-16685	-2263	-2693	-646	216	982	-261	293	-161	551	2751	551	84602476	
-16756	-2408	-2598	-559	287	961	-261	293	-162	552	2756	552	84602487	
-16838	-2459	-2600	-450	402	968	-260	292	-164	553	2761	553	84602509	
-16844	-2446	-2490	-331	604	989	-259	292	-164	554	2766	554	84602510	
-16787	-2402	-2363	-241	920	1015	-255	291	-163	555	2771	555	84602510	
-16699	-2227	-2211	-183	1279	1027	-255	292	-163	556	2776	556	84602510	
-16624	-1981	-2117	-80	1569	1019	-253	293	-161	557	2781	557	84602510	
-16562	-1737	-2002	28	1716	999	-257	293	-161	558	2786	558	84602510	
-16475	-1666	-1938	92	1733	1007	-262	292	-160	559	2791	559	84602518	
-16431	-1607	-1933	70	1606	1023	-261	292	-159	560	2796	560	84602538	
-16486	-1493	-1805	-35	1346	1043	-260	292	-158	561	2801	561	84602550	
-16580	-1451	-1730	-178	1076	1066	-259	294	-159	562	2806	562	84602550	
-16645	-1482	-1722	-333	882	1073	-258	298	-162	563	2811	563	84602550	
-16726	-1369	-1535	-564	748	1054	-257	298	-163	564	2816	564	84602550	
-16595	-1324	-1518	-772	651	1051	-254	298	-166	565	2821	565	84602550	
-16511	-1259	-1527	-884	532	999	-255	296	-164	566	2826	566	84602554	
-16404	-1176	-1673	-974	389	902	-257	293	-161	567	2831	567	84602570	
-16290	-1096	-1887	-1042	266	828	-257	295	-160	568	2836	568	84602586	
-16234	-1018	-2118	-1051	138	771	-257	297	-159	569	2841	569	84602586	
-16218	-1030	-2404	-985	8	731	-258	294	-161	570	2846	570	84602586	
-16163	-1132	-2737	-888	-115	716	-260	290	-164	571	2851	571	84602586	
-16165	-1287	-2863	-851	-199	685	-258	291	-162	572	2856	572	84602586	
-16224	-1499	-2829	-903	-217	653	-256	292	-160	573	2861	573	84602586	
-16378	-1705	-2773	-1019	-161	611	-257	295	-159	574	2866	574	84602592	
-16493	-1850	-2551	-1205	-9	555	-257	297	-159	575	2871	575	84602612	
-16550	-1926	-2335	-1401	216	503	-255	292	-162	576	2876	576	84602624	
-16522	-1879	-2168	-1515	455	468	-254	288	-164	577	2881	577	84602624	
-16537	-1762	-1940	-1570	680	443	-256	290	-163	578	2886	578	84602624	
-16499	-1639	-1786	-1599	899	433	-257	291	-163	579	2891	579	84602624	
-16378	-1570	-1714	-1620	1065	423	-259	291	-165	580	2896	580	84602625	
-16304	-1469	-1766	-1649	1184	424	-260	290	-166	581	2901	581	84602625	
-16278	-1318	-1911	-1693	1225	426	-258	293	-163	582	2906	582	84602647	
-16249	-1176	-2092	-1749	1205	409	-257	295	-161	583	2911	583	84602661	
-16250	-1017	-2308	-1776	1157	381	-260	294	-163	584	2916	584	84602662	
-16246	-892	-2528	-1757	1101	364	-262	294	-164	585	2921	585	84602662	
-16322	-844	-2741	-1695	1076	352	-257	293	-162	586	2926	586	84602662	
-16392	-858	-2903	-1608	1072	344	-253	293	-161	587	2931	587	84602663	
-16408	-826	-2978	-1523	1086	347	-256	292	-159	588	2936	588	84602663	
