-15084	-668	-3138	-1126	104	-265	1	149	15	1	1	1	80577041	
-14852	-484	-3272	-1135	-1	-232	3	153	11	2	6	2	80577041	
-14726	-250	-3368	-1130	-100	-193	3	153	11	3	11	3	80577042	
-14630	-72	-3414	-1118	-199	-157	4	146	18	4	16	4	80577042	
-14600	90	-3472	-1103	-297	-119	4	146	18	5	21	5	80577042	
-14508	130	-3432	-1083	-375	-72	4	154	16	6	26	6	80577042	
-14492	134	-3366	-1070	-431	-24	4	154	16	7	31	7	80577066	
-14596	260	-3254	-1077	-462	27	2	148	16	8	36	8	80577066	
-14672	470	-3108	-1099	-465	81	2	148	16	9	41	9	80577066	
-14762	740	-2706	-1110	-456	139	3	151	9	10	46	10	80577066	
-14830	1120	-2234	-1087	-462	191	3	151	9	11	51	11	80577066	
-14878	1360	-1858	-1032	-492	248	3	149	15	12	56	12	80577066	
-14944	1608	-1532	-953	-553	294	3	149	15	13	61	13	80577066	
-15126	1762	-1242	-856	-635	328	4	152	16	14	66	14	80577067	
-15340	1818	-1142	-743	-738	355	4	152	16	15	71	15	80577142	
-15710	1816	-998	-621	-853	373	3	153	15	16	76	16	80577150	
-16282	1864	-1164	-499	-945	380	3	153	15	17	81	17	80577150	
-16842	1814	-1266	-403	-986	384	5	153	15	18	86	18	80577150	
-17366	1906	-1414	-347	-957	382	5	153	15	19	91	19	80577151	
-17786	1884	-1466	-305	-878	376	3	157	15	20	96	20	80577151	
-18024	2030	-1304	-266	-785	367	3	157	15	21	101	21	80577151	
-18026	2150	-1304	-208	-711	355	3	157	13	22	106	22	80577168	
-18016	2084	-1412	-144	-671	349	3	157	13	23	111	23	80577189	
-17810	2074	-1548	-94	-677	348	-3	161	17	24	116	24	80577189	
-17590	1962	-1780	-72	-730	346	-3	161	17	25	121	25	80577189	
-17242	1890	-1840	-76	-829	344	-2	158	20	26	126	26	80577190	
-16878	1852	-1962	-88	-973	335	-2	158	20	27	131	27	80577190	
-16490	1684	-1908	-94	-1157	327	4	152	18	28	136	28	80577190	
-16296	1668	-2158	-81	-1350	314	4	152	18	29	141	29	80577190	
-16124	1604	-2078	-41	-1537	304	1	153	19	30	146	30	80577190	
-16104	1530	-2258	20	-1686	298	1	153	19	31	151	31	80577190	
-16060	1404	-2430	88	-1770	298	-2	152	20	32	156	32	80577190	
-16110	1224	-2728	134	-1771	300	-2	152	20	33	161	33	80577190	
-16078	1202	-2950	149	-1683	309	4	160	20	34	166	34	80577190	
-16052	1106	-3274	139	-1532	325	4	160	20	35	171	35	80577197	
-16018	1092	-3578	118	-1334	340	0	154	24	36	176	36	80577197	
-16002	1020	-3684	72	-1119	343	0	154	24	37	181	37	80577197	
-15908	904	-3596	-2	-906	332	1	159	25	38	186	38	80577197	
-15916	664	-3610	-115	-705	313	1	159	25	39	191	39	80577220	
-15916	434	-3506	-256	-524	288	-1	157	31	40	196	40	80577229	
-16046	92	-3498	-424	-364	255	-1	157	31	41	201	41	80577230	
-16114	-68	-3236	-599	-211	215	1	151	23	42	206	42	80577232	
-16254	-106	-3226	-765	-80	174	1	151	23	43	211	43	80577233	
-16316	-136	-3106	-896	18	137	-1	157	29	44	216	44	80577236	
-16382	-158	-3030	-996	73	107	-1	157	29	45	221	45	80577239	
-16420	-266	-2956	-1077	92	78	2	154	18	46	226	46	80577253	
-16548	-342	-2792	-1144	76	57	2	154	18	47	231	47	80577293	
-16750	-504	-2700	-1223	51	37	-2	156	22	48	236	48	80577296	
-16822	-680	-2746	-1327	25	30	-2	156	22	49	241	49	80577296	
-16838	-796	-2664	-1437	-1	31	-3	153	23	50	246	50	80577296	
-16860	-820	-2604	-1520	-43	40	-3	153	23	51	251	51	80577297	
-16700	-774	-2606	-1565	-107	54	-2	156	22	52	256	52	80577297	
-16486	-736	-2602	-1587	-212	76	-2	156	22	53	261	53	80577298	
-16294	-622	-2650	-1595	-344	94	-3	155	23	54	266	54	80577299	
-16238	-666	-2716	-1613	-493	105	-3	155	23	55	271	55	80577321	
-16204	-594	-2726	-1650	-634	121	-8	160	18	56	276	56	80577321	
-16182	-272	-2724	-1694	-748	135	-8	160	18	57	281	57	80577321	
-16152	96	-2682	-1743	-812	144	-4	156	22	58	286	58	80577322	
-16238	502	-2640	-1775	-784	145	-4	156	22	59	291	59	80577322	
-16098	936	-2828	-1801	-665	149	-3	159	19	60	296	60	80577322	
-15918	1298	-2872	-1826	-470	147	-3	159	19	61	301	61	80577322	
-15650	1598	-2872	-1864	-245	158	-5	153	25	62	306	62	80577322	
-15288	1882	-2846	-1907	-54	176	-5	153	25	63	311	63	80577322	
-15036	2196	-2692	-1942	79	190	-8	156	22	64	316	64	80577322	
-14826	2330	-2554	-1954	137	207	-8	156	22	65	321	65	80577330	
-14670	2420	-2488	-1964	134	214	-1	153	25	66	326	66	80577359	
-14652	2538	-2328	-1983	78	213	-1	153	25	67	331	67	80577362	
-14684	2686	-2200	-1993	2	210	-8	156	22	68	336	68	80577375	
-14744	2814	-2196	-1995	-81	214	-8	156	22	69	341	69	80577375	
-14874	3068	-2128	-1985	-169	219	-8	152	18	70	346	70	80577375	
-15112	3284	-2114	-1952	-262	224	-8	152	18	71	351	71	80577375	
-15322	3366	-1958	-1910	-364	233	-10	160	18	72	356	72	80577375	
-15634	3392	-1744	-1879	-461	229	-10	160	18	73	361	73	80577385	
-15952	3650	-1334	-1869	-557	215	-11	155	17	74	366	74	80577396	
-16274	3788	-864	-1848	-656	207	-11	155	17	75	371	75	80577396	
-16622	3838	-642	-1833	-744	204	-13	159	23	76	376	76	80577396	
-16938	3880	-672	-1843	-798	218	-13	159	23	77	381	77	80577396	
-17060	3834	-722	-1861	-807	234	-8	154	20	78	386	78	80577396	
-17182	3944	-1038	-1880	-759	251	-8	154	20	79	391	79	80577396	
-17180	3920	-1308	-1894	-670	273	-9	155	17	80	396	80	80577406	
-17006	4034	-1482	-1894	-554	286	-9	155	17	81	401	81	80577433	
-16790	4108	-1512	-1878	-438	294	-8	154	16	82	406	82	80577433	
-16630	4284	-1626	-1842	-354	303	-8	154	16	83	411	83	80577434	
-16390	4274	-1852	-1793	-305	310	-11	157	17	84	416	84	80577434	
-16256	4342	-2006	-1748	-268	311	-11	157	17	85	421	85	80577434	
-16068	4352	-2080	-1707	-238	318	-12	154	22	86	426	86	80577434	
-15834	4510	-1994	-1641	-211	313	-12	154	22	87	431	87	80577434	
-15670	4660	-1884	-1533	-191	306	-9	157	19	88	436	88	80577460	
-15520	4738	-1818	-1398	-172	307	-9	157	19	89	441	89	80577472	
-15410	4742	-1656	-1237	-157	322	-7	161	17	90	446	90	80577472	
-15294	4712	-1484	-1061	-146	335	-7	161	17	91	451	91	80577472	
-15174	4546	-1548	-896	-156	351	-10	162	14	92	456	92	80577472	
-15010	4504	-1574	-742	-173	365	-10	162	14	93	461	93	80577473	
-14956	4392	-1750	-601	-191	372	-12	156	12	94	466	94	80577473	
-15020	4318	-1820	-477	-198	378	-12	156	12	95	471	95	80577497	
-15058	4222	-1866	-372	-175	388	-15	161	15	96	476	96	80577523	
-15324	4092	-2106	-305	-127	396	-15	161	15	97	481	97	80577523	
-15486	3896	-2238	-274	-49	410	-12	158	12	98	486	98	80577524	
-15684	3626	-2346	-283	64	420	-12	158	12	99	491	99	80577524	
-15664	3310	-2560	-322	200	425	-7	159	11	100	496	100	80577524	
-15734	3086	-2804	-389	349	424	-7	159	11	101	501	101	80577524	
-15708	2918	-2798	-472	487	414	-16	160	18	102	506	102	80577524	
-15600	2676	-2862	-560	578	399	-16	160	18	103	511	103	80577585	
-15554	2470	-3030	-656	606	386	-15	163	19	104	516	104	80577585	
-15410	2282	-3192	-757	572	364	-15	163	19	105	521	105	80577585	
-15426	2182	-3354	-841	494	338	-22	160	20	106	526	106	80577585	
-15432	2110	-3464	-904	399	312	-22	160	20	107	531	107	80577585	
-15442	1952	-3458	-957	291	286	-20	160	18	108	536	108	80577586	
-15548	2022	-3468	-996	192	258	-20	160	18	109	541	109	80577586	
-15734	1940	-3174	-1039	106	242	-20	152	12	110	546	110	80577586	
-15848	2018	-2866	-1068	45	238	-20	152	12	111	551	111	80577586	
-15858	2050	-2598	-1083	18	248	-18	160	14	112	556	112	80577586	
-15878	2120	-2322	-1066	9	263	-18	160	14	113	561	113	80577586	
-15846	2104	-2068	-1022	-8	283	-18	158	16	114	566	114	80577612	
-15824	2090	-1954	-952	-39	304	-18	158	16	115	571	115	80577642	
-15948	1934	-1984	-870	-56	329	-17	157	17	116	576	116	80577642	
-15894	1762	-2064	-811	-49	339	-17	157	17	117	581	117	80577642	
-15916	1654	-2176	-809	3	330	-15	157	17	118	586	118	80577642	
-15778	1640	-2456	-860	95	311	-15	157	17	119	591	119	80577642	
-15638	1742	-2366	-945	213	284	-23	157	13	120	596	120	80577642	
-15438	1740	-2214	-1009	322	256	-23	157	13	121	601	121	80577642	
-15206	1618	-1800	-1025	393	230	-20	158	8	122	606	122	80577642	
-15042	1202	-1712	-1008	410	208	-20	158	8	123	611	123	80577642	
-15020	692	-1900	-1022	416	175	-17	157	13	124	616	124	80577642	
-15190	312	-2354	-1118	417	135	-17	157	13	125	621	125	80577642	
-15526	124	-2368	-1269	408	100	-15	155	9	126	626	126	80577642	
-16108	128	-2076	-1400	373	78	-15	155	9	127	631	127	80577642	
-16810	-34	-1496	-1461	315	79	-21	163	11	128	636	128	80577671	
-17808	-250	-1146	-1485	258	96	-21	163	11	129	641	129	80577671	
-19110	-368	-732	-1525	223	117	-22	156	8	130	646	130	80577671	
-20232	-354	-284	-1595	257	147	-22	156	8	131	651	131	80577671	
-20942	-12	402	-1690	380	164	-22	158	10	132	656	132	80577671	
-21022	344	1162	-1778	544	168	-22	158	10	133	661	133	80577671	
-20718	792	2192	-1832	671	176	-23	153	7	134	666	134	80577672	
-20002	1072	2994	-1820	700	193	-23	153	7	135	671	135	80577672	
-19024	1374	3522	-1764	625	224	-27	151	9	136	676	136	80577672	
-18408	1454	3972	-1662	475	264	-27	151	9	137	681	137	80577684	
-17884	1480	4250	-1539	300	304	-23	153	3	138	686	138	80577708	
-17386	1360	4260	-1414	150	330	-23	153	3	139	691	139	80577717	
-16866	1284	3986	-1305	43	341	-28	160	10	140	696	140	80577717	
-16224	1304	3408	-1217	-39	331	-28	160	10	141	701	141	80577717	
-15468	1164	2526	-1150	-120	309	-29	153	1	142	706	142	80577717	
-14920	1042	1412	-1108	-212	270	-29	153	1	143	711	143	80577717	
-14458	870	438	-1113	-327	228	-25	157	9	144	716	144	80577717	
-14266	782	-510	-1165	-445	188	-25	157	9	145	721	145	80577755	
-14276	724	-1442	-1252	-536	150	-31	153	9	146	726	146	80577755	
-14412	696	-2150	-1379	-576	114	-31	153	9	147	731	147	80577755	
-14440	796	-2544	-1523	-564	82	-29	155	7	148	736	148	80577755	
-14444	1100	-2560	-1665	-520	47	-29	155	7	149	741	149	80577755	
-14252	1384	-2420	-1780	-494	26	-27	155	9	150	746	150	80577755	
-14092	1614	-2058	-1843	-521	12	-27	155	9	151	751	151	80577755	
-14030	1808	-1530	-1854	-600	7	-25	159	7	152	756	152	80577766	
-14104	1796	-1164	-1825	-719	18	-25	159	7	153	761	153	80577792	
-14370	1672	-550	-1778	-830	48	-25	157	-1	154	766	154	80577793	
-14598	1480	-134	-1717	-894	90	-25	157	-1	155	771	155	80577793	
-14930	1146	288	-1658	-899	139	-25	159	5	156	776	156	80577793	
-15286	674	528	-1619	-835	196	-25	159	5	157	781	157	80577793	
-15536	306	422	-1613	-716	244	-29	157	13	158	786	158	80577794	
-15524	108	302	-1636	-573	286	-29	157	13	159	791	159	80577794	
-15556	30	100	-1667	-442	319	-28	158	2	160	796	160	80577823	
-15520	50	108	-1688	-336	341	-28	158	2	161	801	161	80577824	
-15560	144	238	-1693	-228	346	-34	152	8	162	806	162	80577824	
-15556	248	644	-1713	-102	341	-34	152	8	163	811	163	80577824	
-15478	424	980	-1747	21	316	-21	157	-3	164	816	164	80577824	
-15412	742	1396	-1780	122	293	-21	157	-3	165	821	165	80577824	
-15440	954	1778	-1784	198	278	-28	156	2	166	826	166	80577824	
-15526	1004	2060	-1757	243	275	-28	156	2	167	831	167	80577824	
-15508	910	2206	-1721	261	280	-35	153	5	168	836	168	80577863	
-15618	956	2126	-1710	242	287	-35	153	5	169	841	169	80577863	
-15724	934	2004	-1731	186	294	-33	153	3	170	846	170	80577863	
-15808	1024	2026	-1766	90	289	-33	153	3	171	851	171	80577863	
-15976	1230	1926	-1796	-39	279	-36	156	0	172	856	172	80577864	
-16234	1368	2004	-1800	-181	268	-36	156	0	173	861	173	80577864	
-16482	1372	2010	-1773	-299	259	-32	156	2	174	866	174	80577864	
-16706	1474	1858	-1726	-378	243	-32	156	2	175	871	175	80577880	
-16794	1634	1750	-1665	-403	217	-35	153	7	176	876	176	80577903	
-16832	1804	1646	-1583	-397	186	-35	153	7	177	881	177	80577903	
-16736	1866	1582	-1460	-387	149	-36	154	2	178	886	178	80577903	
-16684	1920	1276	-1317	-380	116	-36	154	2	179	891	179	80577903	
-16608	1852	1184	-1177	-388	81	-36	158	4	180	896	180	80577904	
-16588	1776	914	-1066	-401	50	-36	158	4	181	901	181	80577904	
-16622	1864	866	-985	-415	20	-33	153	3	182	906	182	80577972	
-16582	1970	794	-917	-433	-7	-33	153	3	183	911	183	80577972	
-16576	2124	654	-847	-448	-29	-33	159	-1	184	916	184	80577972	
-16520	2262	464	-776	-447	-39	-33	159	-1	185	921	185	80577973	
-16546	2356	482	-703	-431	-36	-40	158	6	186	926	186	80577973	
-16416	2402	354	-646	-396	-20	-40	158	6	187	931	187	80577973	
-16354	2444	352	-615	-355	3	-37	155	9	188	936	188	80577973	
-16236	2464	404	-594	-319	27	-37	155	9	189	941	189	80577973	
-15964	2584	506	-570	-286	56	-33	163	3	190	946	190	80577988	
-15696	2664	692	-555	-242	89	-33	163	3	191	951	191	80577988	
-15632	2592	866	-549	-188	109	-34	158	8	192	956	192	80577988	
-15554	2454	820	-577	-113	121	-34	158	8	193	961	193	80577988	
-15544	2354	938	-645	-32	128	-32	160	2	194	966	194	80577988	
-15574	2254	876	-715	33	137	-32	160	2	195	971	195	80577988	
-15442	2196	1010	-741	61	151	-40	154	6	196	976	196	80577988	
-15536	2036	998	-719	42	166	-40	154	6	197	981	197	80577988	
-15778	1844	962	-681	-14	177	-36	158	6	198	986	198	80577988	
-16090	1648	992	-651	-69	181	-36	158	6	199	991	199	80577988	
-16500	1498	994	-630	-92	180	-39	163	3	200	996	200	80578021	
-16860	1418	962	-599	-69	172	-39	163	3	201	1001	201	80578044	
-17184	1404	960	-546	6	162	-40	158	6	202	1006	202	80578045	
-17470	1316	888	-467	109	146	-40	158	6	203	1011	203	80578045	
-17752	1294	908	-382	219	130	-38	162	4	204	1016	204	80578045	
-17982	1222	968	-293	323	113	-38	162	4	205	1021	205	80578045	
-18260	1136	922	-234	410	97	-44	160	2	206	1026	206	80578045	
-18398	1088	932	-221	467	77	-44	160	2	207	1031	207	80578062	
-18534	1254	948	-242	486	53	-43	157	5	208	1036	208	80578062	
-18516	1336	1080	-267	460	26	-43	157	5	209	1041	209	80578062	
-18466	1504	1144	-285	416	-3	-42	154	0	210	1046	210	80578062	
-18478	1630	1238	-292	377	-38	-42	154	0	211	1051	211	80578062	
-18422	1676	1378	-296	366	-74	-40	160	0	212	1056	212	80578062	
-18232	1618	1528	-294	396	-109	-40	160	0	213	1061	213	80578063	
-17928	1598	1576	-287	469	-139	-41	155	-1	214	1066	214	80578070	
-17448	1554	1646	-270	557	-162	-41	155	-1	215	1071	215	80578100	
-16896	1532	1530	-243	622	-180	-41	157	3	216	1076	216	80578100	
-16484	1694	1402	-212	643	-186	-41	157	3	217	1081	217	80578100	
-15974	1674	1302	-171	612	-186	-37	157	5	218	1086	218	80578100	
-15590	1736	1054	-126	544	-183	-37	157	5	219	1091	219	80578100	
-15216	1844	736	-72	459	-172	-38	156	0	220	1096	220	80578100	
-15028	1900	374	-11	369	-160	-38	156	0	221	1101	221	80578100	
-14872	1956	174	54	284	-139	-37	157	3	222	1106	222	80578137	
-14770	1972	-102	122	206	-109	-37	157	3	223	1111	223	80578137	
-14664	1924	-260	188	133	-78	-34	162	-6	224	1116	224	80578137	
-14782	1810	-376	237	61	-47	-34	162	-6	225	1121	225	80578137	
-14766	1808	-352	267	-24	-14	-41	155	1	226	1126	226	80578137	
-14882	1776	-212	279	-99	18	-41	155	1	227	1131	227	80578137	
-15042	1694	-74	280	-164	46	-42	156	4	228	1136	228	80578138	
-15248	1736	126	281	-200	66	-42	156	4	229	1141	229	80578149	
-15470	1720	374	284	-209	86	-35	159	-1	230	1146	230	80578176	
-15650	1674	656	301	-187	103	-35	159	-1	231	1151	231	80578176	
-15814	1688	924	331	-140	115	-43	159	3	232	1156	232	80578176	
-16070	1582	1158	381	-74	127	-43	159	3	233	1161	233	80578176	
-16264	1540	1390	440	2	129	-36	154	6	234	1166	234	80578176	
-16430	1364	1560	487	99	126	-36	154	6	235	1171	235	80578176	
-16494	1232	1664	518	210	116	-37	157	-1	236	1176	236	80578176	
-16536	1108	1710	520	316	96	-37	157	-1	237	1181	237	80578222	
-16530	1012	1726	491	410	70	-35	157	-1	238	1186	238	80578242	
-16420	988	1726	446	472	45	-35	157	-1	239	1191	239	80578242	
-16400	896	1592	395	510	21	-37	151	-1	240	1196	240	80578242	
-16380	914	1496	344	509	-6	-37	151	-1	241	1201	241	80578242	
-16342	888	1420	290	478	-29	-40	156	-2	242	1206	242	80578242	
-16450	834	1260	228	429	-50	-40	156	-2	243	1211	243	80578242	
-16492	822	1160	160	370	-69	-39	159	-3	244	1216	244	80578243	
-16528	894	952	112	320	-86	-39	159	-3	245	1221	245	80578250	
-16586	1014	892	91	281	-102	-39	159	1	246	1226	246	80578250	
-16574	1020	790	110	272	-109	-39	159	1	247	1231	247	80578250	
-16640	1114	816	159	302	-116	-40	158	-6	248	1236	248	80578250	
-16528	1212	640	233	357	-115	-40	158	-6	249	1241	249	80578250	
-16498	1206	512	323	406	-114	-38	154	0	250	1246	250	80578250	
-16538	1262	394	412	450	-111	-38	154	0	251	1251	251	80578250	
-16578	1266	464	489	493	-104	-36	154	-2	252	1256	252	80578279	
-16552	1352	466	540	533	-100	-36	154	-2	253	1261	253	80578299	
-16626	1510	512	567	561	-92	-37	157	-3	254	1266	254	80578299	
-16612	1774	488	578	580	-90	-37	157	-3	255	1271	255	80578299	
-16506	1814	310	585	591	-88	-32	154	-2	256	1276	256	80578300	
-16482	1884	178	585	598	-85	-32	154	-2	257	1281	257	80578300	
-16372	1940	-76	578	591	-79	-36	154	2	258	1286	258	80578301	
-16160	1906	-292	574	567	-78	-36	154	2	259	1291	259	80578301	
-16124	1920	-570	586	527	-74	-32	150	-6	260	1296	260	80578326	
-16096	1820	-824	600	475	-70	-32	150	-6	261	1301	261	80578326	
-16094	1746	-980	614	412	-67	-38	156	0	262	1306	262	80578326	
-16094	1658	-1002	622	336	-64	-38	156	0	263	1311	263	80578326	
-16028	1656	-964	628	258	-58	-37	155	-5	264	1316	264	80578326	
-16016	1642	-1026	628	180	-60	-37	155	-5	265	1321	265	80578326	
-15986	1588	-994	630	113	-63	-37	153	-1	266	1326	266	80578326	
-15950	1564	-982	633	62	-70	-37	153	-1	267	1331	267	80578369	
-15972	1512	-818	638	30	-80	-36	152	-2	268	1336	268	80578402	
-15904	1540	-570	648	27	-86	-36	152	-2	269	1341	269	80578402	
-15936	1468	-366	672	42	-96	-39	157	-1	270	1346	270	80578402	
-16054	1366	-166	702	74	-101	-39	157	-1	271	1351	271	80578402	
-16092	1192	60	728	109	-100	-34	156	-4	272	1356	272	80578402	
-16194	1166	334	758	146	-98	-34	156	-4	273	1361	273	80578403	
-16174	1054	596	800	187	-88	-33	157	-9	274	1366	274	80578425	
-16276	970	656	854	228	-85	-33	157	-9	275	1371	275	80578454	
-16416	836	646	898	266	-84	-34	154	-4	276	1376	276	80578454	
-16558	860	582	937	314	-88	-34	154	-4	277	1381	277	80578454	
-16632	834	544	962	375	-99	-30	156	-4	278	1386	278	80578454	
-16704	916	618	989	446	-110	-30	156	-4	279	1391	279	80578455	
-16640	956	606	1020	530	-122	-35	151	-9	280	1396	280	80578455	
-16532	1008	444	1049	611	-129	-35	151	-9	281	1401	281	80578455	
-16350	994	352	1074	682	-141	-33	151	-7	282	1406	282	80578455	
-16148	926	256	1107	731	-149	-33	151	-7	283	1411	283	80578492	
-15996	864	72	1135	747	-157	-33	153	-7	284	1416	284	80578492	
-15828	768	-8	1157	733	-165	-33	153	-7	285	1421	285	80578493	
-15710	708	-198	1171	678	-172	-24	152	-6	286	1426	286	80578493	
-15632	664	-310	1163	591	-185	-24	152	-6	287	1431	287	80578493	
-15600	592	-484	1140	478	-196	-26	152	-10	288	1436	288	80578494	
-15648	710	-674	1103	362	-211	-26	152	-10	289	1441	289	80578494	
-15784	838	-684	1066	260	-224	-28	154	-6	290	1446	290	80578495	
-16012	868	-774	1040	194	-236	-28	154	-6	291	1451	291	80578495	
-16338	1066	-776	1023	184	-247	-27	157	-5	292	1456	292	80578496	
-16564	1200	-698	1017	236	-261	-27	157	-5	293	1461	293	80578496	
-16730	1312	-552	1025	323	-266	-25	151	-7	294	1466	294	80578497	
-16882	1446	-382	1040	432	-270	-25	151	-7	295	1471	295	80578499	
-16778	1572	-172	1069	522	-270	-27	157	-9	296	1476	296	80578504	
-16644	1720	8	1116	575	-262	-27	157	-9	297	1481	297	80578504	
-16676	1774	194	1182	584	-249	-27	151	-3	298	1486	298	80578504	
-16660	1800	252	1249	549	-232	-27	151	-3	299	1491	299	80578505	
-16582	1836	328	1324	481	-216	-24	154	-8	300	1496	300	80578536	
-16644	1764	332	1387	412	-197	-24	154	-8	301	1501	301	80578536	
-16658	1690	140	1441	348	-185	-31	153	-9	302	1506	302	80578536	
-16772	1638	-88	1483	302	-174	-31	153	-9	303	1511	303	80578536	
-16744	1510	-162	1518	276	-170	-21	151	-5	304	1516	304	80578536	
-16716	1468	-414	1542	277	-173	-21	151	-5	305	1521	305	80578536	
-16652	1378	-446	1561	297	-184	-21	153	-7	306	1526	306	80578536	
-16596	1348	-642	1575	336	-203	-21	153	-7	307	1531	307	80578536	
-16536	1284	-688	1583	390	-217	-21	151	-3	308	1536	308	80578566	
-16504	1232	-738	1580	448	-234	-21	151	-3	309	1541	309	80578608	
-16408	1170	-824	1564	503	-248	-27	151	-5	310	1546	310	80578609	
-16280	1106	-926	1547	556	-264	-27	151	-5	311	1551	311	80578609	
-16262	1128	-900	1516	592	-276	-24	154	-6	312	1556	312	80578610	
-16140	1124	-822	1483	606	-293	-24	154	-6	313	1561	313	80578610	
-15964	1114	-738	1462	602	-304	-18	154	-10	314	1566	314	80578610	
-15842	1070	-686	1457	585	-318	-18	154	-10	315	1571	315	80578611	
-15794	1012	-796	1461	561	-327	-22	150	2	316	1576	316	80578618	
-15898	894	-708	1470	530	-331	-22	150	2	317	1581	317	80578645	
-15994	760	-644	1485	501	-329	-21	151	-3	318	1586	318	80578645	
-16236	600	-638	1498	496	-323	-21	151	-3	319	1591	319	80578645	
-16434	380	-522	1501	512	-322	-15	147	-5	320	1596	320	80578645	
-16584	334	-532	1508	558	-313	-15	147	-5	321	1601	321	80578645	
-16764	200	-496	1520	615	-299	-12	150	-12	322	1606	322	80578645	
-16678	178	-532	1532	679	-276	-12	150	-12	323	1611	323	80578645	
-16608	162	-576	1544	717	-255	-16	152	-8	324	1616	324	80578645	
-16490	422	-598	1574	722	-230	-16	152	-8	325	1621	325	80578646	
-16414	672	-368	1626	694	-209	-18	148	-6	326	1626	326	80578646	
-16310	768	-414	1716	645	-198	-18	148	-6	327	1631	327	80578655	
-16184	880	-730	1818	591	-196	-13	151	-7	328	1636	328	80578683	
-16140	940	-1272	1896	544	-191	-13	151	-7	329	1641	329	80578683	
-16008	958	-1724	1925	495	-184	-15	151	-7	330	1646	330	80578683	
-16008	992	-2142	1896	425	-175	-15	151	-7	331	1651	331	80578683	
-15928	1130	-2420	1844	331	-153	-13	151	-5	332	1656	332	80578684	
-15926	1296	-2620	1797	206	-115	-13	151	-5	333	1661	333	80578684	
-15822	1406	-2654	1772	62	-66	-21	153	-3	334	1666	334	80578685	
-15808	1404	-2896	1743	-83	-10	-21	153	-3	335	1671	335	80578685	
-15806	1356	-3114	1694	-214	53	-11	147	-5	336	1676	336	80578685	
-15568	1320	-3408	1624	-310	114	-11	147	-5	337	1681	337	80578685	
-15350	1330	-3736	1545	-363	174	-11	151	1	338	1686	338	80578697	
-15128	1434	-3842	1480	-407	233	-11	151	1	339	1691	339	80578737	
-14796	1416	-4016	1469	-478	299	-14	146	2	340	1696	340	80578739	
-14420	1484	-4002	1524	-580	361	-14	146	2	341	1701	341	80578739	
-14018	1474	-3858	1625	-725	425	-12	148	-4	342	1706	342	80578739	
-13808	1554	-3744	1732	-905	493	-12	148	-4	343	1711	343	80578740	
-13682	1646	-3620	1823	-1109	565	-13	153	1	344	1716	344	80578740	
-13782	1836	-3604	1886	-1306	637	-13	153	1	345	1721	345	80578740	
-13998	2092	-3700	1931	-1453	701	-8	150	2	346	1726	346	80578750	
-14452	2330	-3928	1953	-1510	757	-8	150	2	347	1731	347	80578759	
-14812	2642	-3958	1969	-1463	803	-9	155	-1	348	1736	348	80578759	
-15220	3014	-4092	1978	-1331	837	-9	155	-1	349	1741	349	80578760	
-15586	3204	-4002	1993	-1149	862	-6	150	2	350	1746	350	80578760	
-16074	3666	-3882	1980	-942	874	-6	150	2	351	1751	351	80578760	
-16328	3990	-3646	1951	-737	871	-10	150	4	352	1756	352	80578760	
-16752	4216	-3582	1903	-568	853	-10	150	4	353	1761	353	80578770	
-17242	4440	-3458	1814	-426	813	-13	157	5	354	1766	354	80578800	
-17652	4684	-3492	1690	-296	751	-13	157	5	355	1771	355	80578800	
-18002	4810	-3392	1533	-171	668	-14	154	6	356	1776	356	80578800	
-18198	4952	-3230	1357	-49	575	-14	154	6	357	1781	357	80578800	
-18180	5048	-3032	1201	56	474	-8	152	8	358	1786	358	80578800	
-18202	5100	-2894	1086	129	364	-8	152	8	359	1791	359	80578800	
-17968	4952	-2844	1029	170	256	-9	151	-1	360	1796	360	80578800	
-17918	4724	-2822	1043	167	153	-9	151	-1	361	1801	361	80578809	
-17846	4196	-2922	1104	137	69	-8	154	2	362	1806	362	80578839	
-17842	3598	-3120	1198	119	-5	-8	154	2	363	1811	363	80578842	
-18026	2958	-3368	1290	126	-65	-10	152	8	364	1816	364	80578842	
-18206	2290	-3682	1362	167	-103	-10	152	8	365	1821	365	80578842	
-18240	1610	-3986	1417	245	-122	-8	154	4	366	1826	366	80578842	
-18062	774	-4382	1452	356	-117	-8	154	4	367	1831	367	80578842	
-17720	200	-4498	1462	478	-97	-14	152	0	368	1836	368	80578842	
-17218	-286	-4678	1460	589	-64	-14	152	0	369	1841	369	80578842	
-16622	-790	-4674	1445	674	-5	-9	153	7	370	1846	370	80578853	
-15942	-1242	-4708	1405	713	62	-9	153	7	371	1851	371	80578863	
-15270	-1580	-4632	1339	686	130	-12	148	4	372	1856	372	80578863	
-14634	-1864	-4646	1246	591	193	-12	148	4	373	1861	373	80578863	
-14086	-2000	-4614	1137	447	246	-10	154	8	374	1866	374	80578863	
-13622	-2016	-4680	1034	272	295	-10	154	8	375	1871	375	80578864	
-13330	-1848	-4720	943	90	332	-4	156	6	376	1876	376	80578864	
-13142	-1682	-4656	870	-75	366	-4	156	6	377	1881	377	80578900	
-13150	-1352	-4754	827	-202	382	-11	155	5	378	1886	378	80578902	
-13192	-990	-4778	801	-273	380	-11	155	5	379	1891	379	80578902	
-13330	-668	-4788	778	-292	356	-11	155	11	380	1896	380	80578902	
-13576	-146	-4920	746	-254	322	-11	155	11	381	1901	381	80578902	
-13866	316	-4800	717	-183	275	-8	154	8	382	1906	382	80578920	
-14140	886	-4516	678	-99	221	-8	154	8	383	1911	383	80578937	
-14316	1328	-4378	642	-32	162	-6	150	10	384	1916	384	80578937	
-14470	1802	-4100	603	4	97	-6	150	10	385	1921	385	80578938	
-14662	2232	-3980	554	-10	33	-6	150	8	386	1926	386	80578938	
-14838	2518	-3758	511	-71	-28	-6	150	8	387	1931	387	80578938	
-15032	2786	-3510	457	-167	-80	-6	152	6	388	1936	388	80578956	
-15294	2860	-3436	405	-296	-123	-6	152	6	389	1941	389	80578967	
-15590	2816	-3168	331	-442	-152	-10	156	8	390	1946	390	80578967	
-15902	2834	-2932	259	-598	-179	-10	156	8	391	1951	391	80578967	
-16348	2812	-2782	208	-740	-202	-6	154	10	392	1956	392	80578967	
-16854	2858	-2864	196	-840	-219	-6	154	10	393	1961	393	80578967	
-17316	2924	-2972	226	-869	-223	-5	157	7	394	1966	394	80578967	
-17760	2834	-3190	277	-813	-211	-5	157	7	395	1971	395	80578967	
-17950	2738	-3372	334	-686	-186	-11	155	7	396	1976	396	80578995	
-17946	2644	-3402	376	-521	-149	-11	155	7	397	1981	397	80579005	
-17788	2510	-3232	408	-368	-108	-3	155	9	398	1986	398	80579005	
-17402	2452	-2964	438	-259	-69	-3	155	9	399	1991	399	80579005	
-17018	2154	-2602	469	-199	-34	-7	157	13	400	1996	400	80579005	
-16662	1790	-2538	496	-177	-9	-7	157	13	401	2001	401	80579006	
-16312	1648	-2464	517	-166	2	-6	152	16	402	2006	402	80579006	
-15732	1344	-2654	533	-157	4	-6	152	16	403	2011	403	80579013	
-15354	1130	-2888	552	-151	3	-8	158	6	404	2016	404	80579048	
-14882	972	-3182	577	-165	-9	-8	158	6	405	2021	405	80579048	
-14506	774	-3572	603	-204	-30	-5	157	11	406	2026	406	80579049	
-14190	532	-3794	628	-260	-58	-5	157	11	407	2031	407	80579049	
-14038	412	-3802	656	-342	-96	-5	155	11	408	2036	408	80579049	
-13916	334	-3692	672	-426	-136	-5	155	11	409	2041	409	80579049	
-14054	264	-3486	676	-510	-177	-1	151	9	410	2046	410	80579050	
-14134	328	-3522	652	-575	-221	-1	151	9	411	2051	411	80579083	
-14228	382	-3192	597	-603	-259	-7	155	11	412	2056	412	80579083	
-14440	470	-3068	538	-589	-297	-7	155	11	413	2061	413	80579083	
-14486	582	-2910	483	-550	-324	-2	150	16	414	2066	414	80579084	
-14498	610	-2702	447	-481	-346	-2	150	16	415	2071	415	80579084	
-14480	638	-2390	422	-410	-359	0	152	16	416	2076	416	80579084	
-14574	640	-2230	387	-349	-369	0	152	16	417	2081	417	80579084	
-14622	606	-2044	333	-300	-376	-2	152	12	418	2086	418	80579101	
-14676	608	-1774	255	-261	-383	-2	152	12	419	2091	419	80579121	
-14852	774	-1616	160	-230	-391	-3	159	19	420	2096	420	80579122	
-15006	798	-1418	70	-214	-404	-3	159	19	421	2101	421	80579122	
-15134	970	-1378	6	-216	-413	-3	149	17	422	2106	422	80579122	
-15276	1010	-1200	-22	-248	-420	-3	149	17	423	2111	423	80579122	
-15398	1068	-1300	-35	-298	-423	-6	154	14	424	2116	424	80579123	
-15662	1084	-1348	-66	-348	-432	-6	154	14	425	2121	425	80579123	
-16034	1042	-1522	-132	-354	-452	2	156	10	426	2126	426	80579131	
-16338	1062	-1560	-221	-297	-487	2	156	10	427	2131	427	80579160	
-16542	1150	-1598	-287	-189	-532	-3	155	15	428	2136	428	80579161	
-16654	1158	-1694	-304	-65	-575	-3	155	15	429	2141	429	80579162	
-16572	912	-1506	-269	22	-608	4	150	16	430	2146	430	80579162	
-16586	692	-1386	-201	44	-629	4	150	16	431	2151	431	80579163	
-16470	506	-1072	-137	7	-646	-3	155	19	432	2156	432	80579163	
-16478	354	-680	-84	-86	-671	-3	155	19	433	2161	433	80579163	
-16574	290	-492	-25	-210	-698	1	155	17	434	2166	434	80579169	
-16818	274	-312	39	-333	-723	1	155	17	435	2171	435	80579196	
-17124	352	-470	125	-437	-735	-1	147	13	436	2176	436	80579196	
-17434	420	-748	224	-494	-731	-1	147	13	437	2181	437	80579196	
-17640	514	-1102	314	-489	-705	5	151	13	438	2186	438	80579196	
-17904	678	-1334	378	-434	-664	5	151	13	439	2191	439	80579196	
-17972	930	-1240	429	-340	-620	5	159	13	440	2196	440	80579196	
-18092	1216	-1180	487	-237	-562	5	159	13	441	2201	441	80579205	
-18070	1446	-748	573	-149	-486	2	150	16	442	2206	442	80579233	
-17944	1654	-564	677	-91	-391	2	150	16	443	2211	443	80579233	
-17846	1656	-498	781	-46	-283	2	148	24	444	2216	444	80579233	
-17650	1540	-490	867	-30	-177	2	148	24	445	2221	445	80579234	
-17298	1308	-398	931	-28	-78	1	147	19	446	2226	446	80579234	
-16826	1038	-678	971	-38	8	1	147	19	447	2231	447	80579234	
-16546	746	-756	1000	-56	76	4	148	16	448	2236	448	80579234	
-16158	376	-1104	1028	-78	124	4	148	16	449	2241	449	80579243	
-15870	126	-1380	1055	-87	143	7	151	19	450	2246	450	80579265	
-15596	-172	-1572	1078	-92	143	7	151	19	451	2251	451	80579265	
-15310	-498	-1652	1102	-94	114	3	147	23	452	2256	452	80579265	
-15142	-746	-1902	1102	-104	71	3	147	23	453	2261	453	80579266	
-14866	-1096	-2012	1079	-115	7	0	152	16	454	2266	454	80579266	
-14874	-1346	-2222	1023	-131	-67	0	152	16	455	2271	455	80579266	
-14868	-1508	-2348	943	-141	-153	3	151	17	456	2276	456	80579278	
-14810	-1576	-2576	842	-149	-241	3	151	17	457	2281	457	80579303	
-14888	-1754	-2700	719	-137	-323	5	149	19	458	2286	458	80579303	
-15012	-1768	-2776	576	-109	-398	5	149	19	459	2291	459	80579303	
-15164	-1794	-2742	412	-64	-467	5	147	17	460	2296	460	80579303	
-15362	-1850	-2620	231	-5	-520	5	147	17	461	2301	461	80579303	
-15646	-1836	-2458	47	62	-553	9	155	17	462	2306	462	80579303	
-15822	-1724	-2120	-126	142	-568	9	155	17	463	2311	463	80579304	
-16018	-1652	-1890	-275	213	-558	9	151	15	464	2316	464	80579350	
-16238	-1532	-1634	-391	274	-528	9	151	15	465	2321	465	80579350	
-16414	-1368	-1404	-466	308	-473	10	150	20	466	2326	466	80579351	
-16646	-1240	-1410	-500	320	-399	10	150	20	467	2331	467	80579351	
-16798	-1038	-1340	-503	310	-323	2	148	20	468	2336	468	80579351	
-16874	-792	-1262	-454	278	-231	2	148	20	469	2341	469	80579351	
-17000	-580	-1450	-350	235	-138	8	154	20	470	2346	470	80579361	
-17080	-316	-1580	-214	192	-50	8	154	20	471	2351	471	80579389	
-17180	-286	-1826	-58	159	25	11	155	17	472	2356	472	80579389	
-17296	-174	-2070	92	143	80	11	155	17	473	2361	473	80579390	
-17260	-114	-2202	230	152	107	11	149	19	474	2366	474	80579390	
-17224	-90	-2208	359	163	117	11	149	19	475	2371	475	80579390	
-16976	-108	-2162	457	164	106	5	153	15	476	2376	476	80579390	
-16830	-154	-2152	537	153	81	5	153	15	477	2381	477	80579390	
-16566	-180	-2064	584	121	44	11	159	13	478	2386	478	80579447	
-16316	-218	-2038	600	71	3	11	159	13	479	2391	479	80579447	
-16022	-260	-2072	595	12	-36	4	150	18	480	2396	480	80579448	
-15770	-364	-2004	573	-44	-79	4	150	18	481	2401	481	80579448	
-15588	-446	-2128	532	-84	-122	5	149	21	482	2406	482	80579448	
-15402	-500	-2092	490	-113	-158	5	149	21	483	2411	483	80579448	
-15158	-578	-2052	446	-133	-185	11	151	19	484	2416	484	80579448	
-15052	-662	-2082	413	-146	-196	11	151	19	485	2421	485	80579448	
-14932	-748	-2178	378	-143	-193	11	151	19	486	2426	486	80579448	
-14984	-840	-2194	335	-119	-183	11	151	19	487	2431	487	80579448	
-15086	-924	-2296	277	-71	-165	13	155	13	488	2436	488	80579485	
-15152	-880	-2406	214	-8	-147	13	155	13	489	2441	489	80579485	
-15226	-862	-2370	157	65	-123	7	151	19	490	2446	490	80579485	
-15356	-812	-2330	111	136	-96	7	151	19	491	2451	491	80579485	
-15532	-906	-2330	79	211	-71	8	152	22	492	2456	492	80579485	
-15768	-898	-2432	57	288	-45	8	152	22	493	2461	493	80579485	
-16058	-892	-2384	42	361	-19	7	153	21	494	2466	494	80579485	
-16322	-876	-2346	36	427	3	7	153	21	495	2471	495	80579485	
-16518	-920	-2358	36	484	21	12	142	20	496	2476	496	80579485	
-16688	-892	-2304	41	529	31	12	142	20	497	2481	497	80579495	
-16844	-922	-2208	37	554	35	6	146	16	498	2486	498	80579522	
-16980	-1000	-2112	25	567	33	6	146	16	499	2491	499	80579522	
-17122	-938	-2028	3	562	25	4	144	22	500	2496	500	80579522	
-17168	-932	-1898	-18	543	15	4	144	22	501	2501	501	80579522	
-17176	-950	-1912	-29	504	1	5	147	23	502	2506	502	80579523	
-17086	-996	-1908	-25	449	-6	5	147	23	503	2511	503	80579523	
-17060	-1018	-1938	-10	377	-15	7	151	19	504	2516	504	80579523	
-17042	-1018	-1888	10	290	-19	7	151	19	505	2521	505	80579523	
-16956	-1104	-1954	21	196	-28	10	146	22	506	2526	506	80579523	
-17008	-1162	-2012	25	116	-32	10	146	22	507	2531	507	80579568	
-17112	-1230	-1914	7	75	-32	10	150	22	508	2536	508	80579568	
-17096	-1166	-2030	-6	78	-22	10	150	22	509	2541	509	80579568	
-16868	-1180	-2082	-5	103	1	6	156	20	510	2546	510	80579568	
-16740	-1286	-2290	15	138	36	6	156	20	511	2551	511	80579569	
-16496	-1356	-2436	37	172	78	11	143	19	512	2556	512	80579569	
-16228	-1394	-2578	51	193	126	11	143	19	513	2561	513	80579569	
-16074	-1410	-2800	55	198	168	11	153	19	514	2566	514	80579578	
-15906	-1394	-2882	54	186	205	11	153	19	515	2571	515	80579631	
-15834	-1354	-3016	48	172	233	14	146	22	516	2576	516	80579631	
-15818	-1422	-3212	50	180	259	14	146	22	517	2581	517	80579631	
-15800	-1396	-3356	47	203	283	10	146	16	518	2586	518	80579631	
-15878	-1398	-3584	36	236	312	10	146	16	519	2591	519	80579632	
-15824	-1482	-3556	9	276	329	9	149	21	520	2596	520	80579632	
-15810	-1458	-3510	-46	316	337	9	149	21	521	2601	521	80579632	
-15746	-1394	-3272	-124	347	332	9	149	21	522	2606	522	80579632	
-15514	-1348	-3032	-213	351	316	9	149	21	523	2611	523	80579632	
-15478	-1306	-2834	-294	340	293	10	148	18	524	2616	524	80579731	
-15494	-1240	-2752	-369	325	268	10	148	18	525	2621	525	80579731	
-15570	-1238	-2714	-434	302	245	8	150	18	526	2626	526	80579731	
-15634	-1290	-2728	-496	293	230	8	150	18	527	2631	527	80579731	
-15836	-1330	-2766	-560	295	214	14	148	16	528	2636	528	80579732	
-15824	-1352	-2840	-636	323	195	14	148	16	529	2641	529	80579732	
-16002	-1264	-2878	-713	359	183	12	150	18	530	2646	530	80579732	
-16146	-1262	-2816	-781	407	177	12	150	18	531	2651	531	80579752	
-16154	-1186	-2822	-831	450	179	3	151	15	532	2656	532	80579752	
-16234	-1094	-2844	-862	487	187	3	151	15	533	2661	533	80579753	
-16200	-1060	-2898	-892	515	201	6	144	18	534	2666	534	80579775	
-16230	-1040	-3028	-922	542	219	6	144	18	535	2671	535	80579775	
-16198	-1000	-3006	-961	569	235	8	146	16	536	2676	536	80579775	
-16166	-952	-3120	-1011	589	255	8	146	16	537	2681	537	80579776	
-16082	-892	-3088	-1070	589	270	6	150	12	538	2686	538	80579776	
-16142	-788	-3172	-1133	576	282	6	150	12	539	2691	539	80579776	
-16122	-598	-3118	-1186	564	294	3	149	13	540	2696	540	80579776	
-16146	-474	-3100	-1227	554	306	3	149	13	541	2701	541	80579776	
-16150	-316	-3002	-1250	551	318	3	149	11	542	2706	542	80579776	
-16146	-216	-2878	-1257	549	331	3	149	11	543	2711	543	80579776	
-16244	-64	-2582	-1243	554	339	7	151	7	544	2716	544	80579776	
-16244	48	-2502	-1215	548	348	7	151	7	545	2721	545	80579776	
-16164	148	-2600	-1185	548	358	9	145	11	546	2726	546	80579776	
-16128	276	-2680	-1157	554	360	9	145	11	547	2731	547	80579785	
-16068	380	-2720	-1135	572	359	5	151	5	548	2736	548	80579785	
-15954	458	-2718	-1113	582	357	5	151	5	549	2741	549	80579785	
-15830	588	-2692	-1091	583	354	7	151	9	550	2746	550	80579785	
-15736	702	-2696	-1069	576	353	7	151	9	551	2751	551	80579785	
-15660	806	-2582	-1049	562	347	1	153	9	552	2756	552	80579785	
-15644	974	-2494	-1023	536	347	1	153	9	553	2761	553	80579785	
-15620	1078	-2330	-984	503	356	4	146	2	554	2766	554	80579785	
-15676	1182	-2256	-943	452	366	4	146	2	555	2771	555	80579785	
-15632	1308	-2066	-902	392	384	7	151	3	556	2776	556	80579795	
-15530	1540	-1794	-864	310	407	7	151	3	557	2781	557	80579815	
-15506	1732	-1672	-811	207	432	6	152	6	558	2786	558	80579815	
-15378	1830	-1552	-766	94	465	6	152	6	559	2791	559	80579815	
