-16914	-1239	1403	-2901	-955	514	-115	219	93	1	1	1	68060575	
-17104	-1200	1243	-3138	-1043	558	-114	219	92	2	6	2	68060576	
-17312	-1229	1146	-3269	-1091	613	-111	221	89	3	11	3	68060577	
-17352	-1295	1158	-3452	-1088	667	-112	222	90	4	16	4	68060577	
-17262	-1385	1486	-3759	-1138	726	-116	224	92	5	21	5	68060578	
-17190	-1602	1704	-3993	-1240	778	-115	225	93	6	26	6	68060578	
-17235	-1878	1847	-4140	-1329	784	-109	229	99	7	31	7	68060578	
-17339	-2053	1851	-4356	-1341	756	-109	229	99	8	36	8	68060595	
-17430	-2192	1889	-4586	-1248	696	-108	228	100	9	41	9	68060659	
-17446	-2178	1815	-4835	-1079	632	-109	227	100	10	46	10	68060660	
-17279	-2012	2006	-5204	-970	596	-113	225	101	11	51	11	68060660	
-17244	-1949	2086	-5595	-976	586	-112	224	101	12	56	12	68060660	
-17394	-1784	2070	-5813	-972	565	-109	221	101	13	61	13	68060660	
-17439	-1642	1940	-5944	-880	525	-113	221	101	14	66	14	68060664	
-17401	-1543	2040	-6092	-822	502	-118	220	102	15	71	15	68060679	
-17414	-1474	2128	-6235	-858	508	-116	219	103	16	76	16	68060692	
-17478	-1479	2104	-6270	-925	513	-113	217	105	17	81	17	68060693	
-17559	-1538	1993	-6193	-957	492	-113	217	103	18	86	18	68060693	
-17672	-1627	1875	-6045	-915	439	-113	219	97	19	91	19	68060693	
-17718	-1574	1697	-5982	-849	352	-113	220	99	20	96	20	68060693	
-17688	-1598	1622	-5928	-770	278	-114	226	106	21	101	21	68060693	
-17539	-1575	1579	-5806	-701	250	-111	226	106	22	106	22	68060693	
-17299	-1507	1616	-5636	-722	246	-101	225	107	23	111	23	68060693	
-17210	-1484	1687	-5404	-790	228	-103	225	105	24	116	24	68060693	
-17122	-1476	1824	-5121	-839	201	-106	226	102	25	121	25	68060693	
-17017	-1546	1946	-4841	-866	174	-107	224	104	26	126	26	68060693	
-16932	-1655	2104	-4513	-879	152	-108	222	108	27	131	27	68060722	
-16810	-1734	2299	-4158	-861	105	-110	223	110	28	136	28	68060766	
-16642	-1727	2476	-3858	-844	59	-112	224	114	29	141	29	68060767	
-16579	-1676	2563	-3619	-876	25	-110	223	114	30	146	30	68060767	
-16549	-1708	2561	-3353	-907	-22	-106	222	114	31	151	31	68060767	
-16491	-1718	2566	-3036	-886	-75	-106	224	113	32	156	32	68060767	
-16425	-1660	2608	-2734	-879	-126	-106	226	112	33	161	33	68060767	
-16325	-1636	2686	-2444	-940	-167	-106	226	112	34	166	34	68060767	
-16252	-1639	2688	-2145	-1050	-199	-107	225	111	35	171	35	68060767	
-16202	-1714	2603	-1825	-1142	-238	-107	226	109	36	176	36	68060767	
-16140	-1796	2598	-1491	-1201	-291	-107	227	107	37	181	37	68060767	
-16013	-1817	2605	-1212	-1258	-345	-107	225	109	38	186	38	68060767	
-15897	-1867	2682	-971	-1334	-395	-107	223	113	39	191	39	68060767	
-15775	-1960	2773	-676	-1404	-455	-109	222	110	40	196	40	68060775	
-15610	-2088	2860	-394	-1457	-518	-110	222	108	41	201	41	68060803	
-15530	-2185	2958	-191	-1513	-569	-111	224	109	42	206	42	68060817	
-15466	-2256	2993	-45	-1588	-616	-112	226	110	43	211	43	68060817	
-15371	-2366	3096	34	-1687	-662	-108	227	109	44	216	44	68060817	
-15372	-2496	3364	28	-1795	-695	-102	228	108	45	221	45	68060817	
-15408	-2602	3504	-30	-1913	-718	-103	228	109	46	226	46	68060817	
-15472	-2745	3521	-172	-2016	-741	-104	228	110	47	231	47	68060817	
-15485	-2726	3568	-428	-2115	-761	-108	225	112	48	236	48	68060817	
-15486	-2698	3652	-713	-2224	-780	-111	223	113	49	241	49	68060817	
-15493	-2617	3759	-982	-2338	-808	-108	226	114	50	246	50	68060817	
-15459	-2456	3780	-1284	-2444	-822	-106	228	114	51	251	51	68060817	
-15418	-2338	3780	-1558	-2559	-832	-107	224	117	52	256	52	68060817	
-15370	-2211	3905	-1717	-2670	-861	-107	221	119	53	261	53	68060818	
-15316	-2117	3971	-1775	-2758	-891	-107	221	116	54	266	54	68060848	
-15246	-2076	3978	-1770	-2868	-928	-107	221	113	55	271	55	68060895	
-15258	-2013	3939	-1732	-2976	-960	-106	223	117	56	276	56	68060913	
-15222	-1918	3812	-1699	-3023	-991	-105	225	119	57	281	57	68060914	
-15146	-1819	3744	-1658	-3055	-1004	-107	223	120	58	286	58	68060914	
-15042	-1676	3791	-1608	-3095	-997	-108	222	120	59	291	59	68060915	
-14949	-1514	3777	-1505	-3153	-977	-104	223	116	60	296	60	68060915	
-14940	-1374	3634	-1346	-3193	-953	-101	223	113	61	301	61	68060915	
-14958	-1300	3570	-1176	-3205	-937	-102	222	118	62	306	62	68060915	
-14880	-1215	3547	-985	-3204	-912	-102	222	122	63	311	63	68060931	
-14664	-1065	3567	-808	-3193	-846	-101	225	118	64	316	64	68060970	
-14548	-1011	3535	-646	-3201	-756	-100	226	116	65	321	65	68060979	
-14534	-923	3518	-468	-3173	-674	-106	226	122	66	326	66	68060979	
-14455	-941	3455	-264	-3123	-625	-108	226	124	67	331	67	68060979	
-14273	-935	3450	-52	-3048	-570	-103	223	125	68	336	68	68060979	
-14184	-947	3352	72	-2981	-486	-99	221	125	69	341	69	68060979	
-14199	-947	3192	138	-2930	-379	-102	224	123	70	346	70	68060979	
-14236	-948	2977	169	-2854	-272	-104	226	122	71	351	71	68060979	
-14205	-967	2771	151	-2715	-152	-101	228	124	72	356	72	68060979	
-14071	-917	2736	88	-2584	-29	-100	228	124	73	361	73	68060980	
-14196	-1002	2411	-64	-2497	118	-100	225	119	74	366	74	68060980	
-15266	-1340	1039	-217	-2351	240	-100	224	118	75	371	75	68060980	
-16212	-2551	194	27	-2101	130	-101	226	120	76	376	76	68060980	
-17198	-3589	-814	339	-1636	-23	-101	227	121	77	381	77	68061005	
-19386	-4650	-2556	-41	-1068	61	-101	225	127	78	386	78	68061011	
-22362	-5799	-4515	-754	-501	81	-101	225	129	79	391	79	68061011	
-25534	-6650	-5384	-1378	273	-165	-102	227	124	80	396	80	68061011	
-28111	-6229	-3605	-1768	1114	-634	-102	228	120	81	401	81	68061011	
-29137	-4036	-527	-2274	1148	-566	-98	232	124	82	406	82	68061011	
-29238	-1088	2295	-3089	517	-4	-97	233	125	83	411	83	68061049	
-27706	1441	4308	-3952	-360	622	-101	226	126	84	416	84	68061059	
-24009	2648	5048	-4315	-1052	869	-102	224	126	85	421	85	68061059	
-19761	2545	4724	-3873	-1427	803	-100	225	130	86	426	86	68061059	
-16514	1930	4047	-2822	-1691	766	-99	225	131	87	431	87	68061059	
-14439	1168	3611	-1722	-2019	811	-97	228	126	88	436	88	68061059	
-13006	376	3316	-923	-2427	814	-97	229	125	89	441	89	68061059	
-12348	-256	3380	-838	-2661	796	-103	221	129	90	446	90	68061060	
-12075	-763	3612	-924	-2642	778	-103	221	129	91	451	91	68061060	
-11766	-1274	3949	-1047	-2455	762	-101	219	131	92	456	92	68061060	
-11528	-1659	4302	-1101	-2191	732	-101	219	131	93	461	93	68061060	
-11425	-1704	4143	-1002	-1856	698	-98	222	134	94	466	94	68061066	
-11613	-1653	3755	-709	-1473	669	-97	223	135	95	471	95	68061085	
-12053	-1815	3203	-230	-1069	627	-99	219	131	96	476	96	68061089	
-13160	-2158	2792	401	-601	524	-100	218	130	97	481	97	68061089	
-14538	-2514	2456	780	-420	414	-104	220	128	98	486	98	68061089	
-16014	-2848	2232	1016	-293	264	-104	220	128	99	491	99	68061089	
-17282	-3022	2318	1065	-167	66	-102	222	130	100	496	100	68061089	
-18444	-3114	2586	996	-134	-113	-102	222	130	101	501	101	68061089	
-19256	-2878	3100	825	-217	-254	-100	224	126	102	506	102	68061090	
-19623	-2296	3495	497	-390	-287	-100	224	126	103	511	103	68061090	
-19710	-1393	3790	-4	-639	-229	-96	223	127	104	516	104	68061090	
-19418	-590	3782	-483	-947	-100	-95	223	127	105	521	105	68061090	
-18554	30	3546	-786	-1324	65	-108	216	128	106	526	106	68061090	
-17522	326	3348	-687	-1567	145	-108	216	128	107	531	107	68061090	
-16618	-28	3366	-329	-1745	197	-105	221	131	108	536	108	68061110	
-15926	-476	3736	167	-1887	214	-105	221	131	109	541	109	68061110	
-15384	-1176	3944	487	-1990	217	-99	225	129	110	546	110	68061110	
-15270	-1970	4132	552	-2020	197	-99	225	129	111	551	111	68061110	
-15120	-2536	4114	400	-1892	168	-104	224	124	112	556	112	68061129	
-15186	-2908	4142	-46	-1664	191	-104	224	124	113	561	113	68061138	
-15553	-3034	4284	-834	-1396	301	-98	222	132	114	566	114	68061138	
-15776	-2962	4196	-1474	-1188	374	-98	222	132	115	571	115	68061138	
-16168	-2494	3946	-2223	-966	477	-99	223	129	116	576	116	68061138	
-16572	-1966	3730	-2804	-825	591	-99	223	129	117	581	117	68061138	
-16878	-1600	3822	-3022	-693	650	-96	224	130	118	586	118	68061138	
-17076	-1322	4264	-2888	-598	689	-96	224	130	119	591	119	68061150	
-17168	-1184	4842	-2590	-539	725	-99	223	135	120	596	120	68061202	
-17418	-1056	5036	-2315	-586	794	-99	223	135	121	601	121	68061202	
-17582	-932	5012	-2101	-659	829	-97	225	139	122	606	122	68061202	
-17452	-946	4413	-1909	-677	783	-98	225	139	123	611	123	68061202	
-17268	-950	3872	-1780	-652	737	-101	225	139	124	616	124	68061203	
-17022	-872	3344	-1640	-603	710	-100	224	140	125	621	125	68061203	
-16888	-830	3059	-1467	-563	695	-96	222	146	126	626	126	68061203	
-16826	-780	3026	-1311	-505	678	-96	222	146	127	631	127	68061203	
-16620	-578	3582	-1115	-409	656	-99	225	135	128	636	128	68061203	
-16592	-388	4174	-966	-330	649	-99	225	135	129	641	129	68061284	
-16722	-102	4546	-905	-243	678	-95	229	135	130	646	130	68061284	
-16766	114	4614	-803	-103	735	-96	228	135	131	651	131	68061284	
-16822	-153	4543	-641	-12	741	-98	224	136	132	656	132	68061284	
-16811	-577	4171	-457	62	691	-98	223	135	133	661	133	68061284	
-16813	-879	3843	-312	123	606	-100	218	132	134	666	134	68061284	
-16850	-1115	3822	-317	166	505	-99	218	131	135	671	135	68061284	
-16906	-1156	3866	-445	209	398	-94	220	128	136	676	136	68061284	
-17001	-1158	4027	-620	244	328	-93	221	130	137	681	137	68061284	
-16977	-1047	3900	-783	262	261	-89	223	137	138	686	138	68061284	
-16884	-884	3705	-945	264	180	-90	223	136	139	691	139	68061284	
-16691	-660	3623	-1072	279	95	-96	222	134	140	696	140	68061285	
-16549	-504	3554	-1135	289	60	-96	222	134	141	701	141	68061291	
-16486	-395	3472	-1125	278	46	-96	222	132	142	706	142	68061315	
-16406	-427	3252	-1067	262	41	-97	223	132	143	711	143	68061323	
-16398	-655	3119	-947	257	13	-99	227	131	144	716	144	68061323	
-16400	-853	2901	-835	273	-54	-98	226	132	145	721	145	68061323	
-16423	-880	2728	-799	333	-115	-92	224	134	146	726	146	68061323	
-16455	-912	2630	-785	404	-177	-92	224	135	147	731	147	68061323	
-16421	-763	2828	-652	488	-250	-93	223	137	148	736	148	68061323	
-16294	-606	3289	-472	533	-305	-93	223	137	149	741	149	68061323	
-16275	-514	3641	-275	510	-346	-92	222	138	150	746	150	68061323	
-16337	-440	3709	-73	454	-376	-92	222	137	151	751	151	68061323	
-16415	-277	3476	143	440	-400	-90	222	132	152	756	152	68061323	
-16424	-233	3215	334	450	-417	-91	223	133	153	761	153	68061323	
-16411	-290	2855	599	499	-432	-95	225	137	154	766	154	68061325	
-16415	-400	2793	971	566	-460	-97	226	137	155	771	155	68061333	
-16513	-490	2918	1351	635	-495	-101	229	137	156	776	156	68061333	
-16601	-634	3086	1619	692	-516	-100	228	135	157	781	157	68061345	
-16616	-904	3181	1846	741	-534	-98	226	132	158	786	158	68061361	
-16614	-1184	3153	1984	779	-564	-98	226	132	159	791	159	68061361	
-16597	-1398	3133	2003	834	-596	-97	227	131	160	796	160	68061361	
-16566	-1386	3271	1926	925	-618	-97	227	131	161	801	161	68061361	
-16536	-1265	3626	1804	1020	-610	-96	226	130	162	806	162	68061361	
-16563	-1117	3909	1700	1082	-561	-97	226	132	163	811	163	68061361	
-16713	-1087	3985	1629	1106	-513	-100	226	138	164	816	164	68061362	
-16837	-1078	3740	1569	1142	-489	-100	225	135	165	821	165	68061379	
-16910	-1000	3292	1469	1215	-485	-101	223	131	166	826	166	68061424	
-16873	-918	3085	1413	1335	-498	-101	224	129	167	831	167	68061453	
-16793	-785	3509	1454	1463	-486	-102	226	126	168	836	168	68061453	
-16696	-658	4118	1566	1507	-446	-103	224	127	169	841	169	68061453	
-16703	-726	4373	1746	1450	-406	-104	220	128	170	846	170	68061453	
-16842	-956	4171	1928	1413	-395	-104	220	128	171	851	171	68061454	
-16872	-1172	3566	1991	1486	-408	-105	219	127	172	856	172	68061454	
-16779	-1331	3194	1941	1668	-422	-103	221	128	173	861	173	68061485	
-16746	-1267	3172	1883	1856	-422	-101	223	129	174	866	174	68061511	
-16749	-1095	3234	1869	2028	-405	-101	225	128	175	871	175	68061517	
-16806	-912	3130	1949	2182	-382	-101	229	127	176	876	176	68061517	
-16932	-768	2784	2114	2339	-380	-101	229	127	177	881	177	68061518	
-16911	-745	2678	2319	2535	-391	-100	228	126	178	886	178	68061518	
-16757	-736	2876	2535	2743	-400	-100	228	127	179	891	179	68061518	
-16725	-689	3128	2809	2910	-392	-101	227	129	180	896	180	68061518	
-16804	-724	3000	3062	3020	-379	-100	229	127	181	901	181	68061518	
-16912	-798	2437	3193	3156	-386	-100	230	126	182	906	182	68061518	
-16977	-841	1711	3190	3366	-422	-101	228	124	183	911	183	68061525	
-16978	-1057	1022	3161	3607	-494	-102	226	122	184	916	184	68061559	
-16976	-1440	542	3261	3853	-614	-104	227	120	185	921	185	68061579	
-16980	-1889	425	3519	4078	-764	-105	227	119	186	926	186	68061579	
-16990	-2262	707	3765	4271	-899	-102	229	122	187	931	187	68061580	
-16936	-2557	1214	3884	4446	-997	-98	230	124	188	936	188	68061580	
-16833	-2837	1937	3791	4594	-1024	-101	227	124	189	941	189	68061580	
-16822	-2976	2393	3600	4713	-987	-103	223	123	190	946	190	68061580	
-16942	-2884	2657	3352	4883	-957	-103	229	121	191	951	191	68061580	
-17051	-2648	2708	3056	5152	-958	-103	233	119	192	956	192	68061580	
-17098	-2442	2642	2835	5488	-967	-106	232	115	193	961	193	68061580	
-17093	-2292	2615	2768	5819	-964	-108	232	112	194	966	194	68061580	
-17089	-2151	3020	2860	6148	-944	-104	230	114	195	971	195	68061580	
-16800	-1888	4283	3039	6415	-901	-102	228	116	196	976	196	68061580	
-16167	-1357	6349	3238	6392	-749	-105	234	110	197	981	197	68061587	
-16033	-605	7512	3204	5965	-472	-106	236	108	198	986	198	68061590	
-16487	-55	7243	2986	5588	-192	-105	230	110	199	991	199	68061590	
-17176	141	5737	2658	5411	34	-105	227	111	200	996	200	68061590	
-17634	-77	3350	2315	5632	86	-104	229	108	201	1001	201	68061590	
-17554	-518	1378	2155	6142	-69	-104	230	106	202	1006	202	68061590	
-17053	-934	370	2316	6530	-296	-105	229	103	203	1011	203	68061590	
-16643	-1189	52	2718	6571	-488	-105	229	101	204	1016	204	68061607	
-16575	-1213	275	3134	6404	-612	-105	233	100	205	1021	205	68061619	
-16801	-1216	816	3517	6206	-694	-105	235	99	206	1026	206	68061619	
-17079	-1265	1037	3819	6171	-763	-107	227	99	207	1031	207	68061619	
-17180	-1405	987	3952	6325	-834	-107	225	99	208	1036	208	68061619	
-17112	-1596	573	3853	6565	-921	-106	235	100	209	1041	209	68061619	
-16894	-1865	18	3557	6800	-1051	-106	238	100	210	1046	210	68061619	
-16761	-2093	-560	3317	6958	-1191	-107	236	97	211	1051	211	68061620	
-16582	-2321	-911	3084	7060	-1321	-107	235	95	212	1056	212	68061620	
-16465	-2478	-1034	2820	7101	-1408	-107	236	94	213	1061	213	68061620	
-16307	-2487	-755	2353	7087	-1432	-107	237	93	214	1066	214	68061620	
-16118	-2510	130	1836	6975	-1464	-106	236	87	215	1071	215	68061620	
-15810	-2446	1281	1444	6796	-1501	-106	236	86	216	1076	216	68061649	
-15627	-2103	2418	990	6596	-1510	-107	238	88	217	1081	217	68061656	
-15384	-1408	2836	497	6407	-1470	-107	239	89	218	1086	218	68061656	
-15308	-739	2631	25	6298	-1384	-107	239	84	219	1091	219	68061656	
-15313	17	1784	-394	6250	-1267	-107	239	83	220	1096	220	68061656	
-15289	518	970	-553	6232	-1170	-108	238	84	221	1101	221	68061656	
-15150	664	348	-42	6112	-1114	-108	238	84	222	1106	222	68061656	
-15208	589	170	736	5810	-1124	-105	240	86	223	1111	223	68061656	
-15503	316	297	1650	5388	-1149	-104	240	86	224	1116	224	68061656	
-15680	-7	351	2426	5005	-1169	-106	240	80	225	1121	225	68061706	
-15879	-472	221	2956	4717	-1185	-106	240	78	226	1126	226	68061719	
-16008	-1004	-47	3294	4524	-1220	-112	242	77	227	1131	227	68061719	
-15950	-1464	-394	3440	4390	-1278	-113	243	77	228	1136	228	68061719	
-15839	-1894	-941	3459	4250	-1365	-111	239	75	229	1141	229	68061719	
-15781	-2279	-1255	3325	4056	-1440	-110	238	74	230	1146	230	68061719	
-15844	-2544	-1120	2983	3785	-1495	-110	238	74	231	1151	231	68061720	
-15960	-2500	-868	2567	3558	-1480	-110	238	74	232	1156	232	68061728	
-16054	-2330	-498	2091	3370	-1445	-108	240	80	233	1161	233	68061772	
-16210	-2242	-278	1570	3218	-1426	-108	240	80	234	1166	234	68061772	
-16307	-2219	-180	1053	3130	-1396	-108	238	82	235	1171	235	68061772	
-16372	-2169	-320	400	3044	-1360	-108	238	82	236	1176	236	68061772	
-16347	-2000	-565	-219	2957	-1287	-110	235	76	237	1181	237	68061772	
-16332	-1978	-859	-708	2840	-1189	-110	234	74	238	1186	238	68061772	
-16256	-2034	-988	-1163	2657	-1081	-108	238	70	239	1191	239	68061772	
-16246	-2052	-1108	-1435	2424	-1012	-108	238	70	240	1196	240	68061772	
-16328	-2076	-1238	-1612	2223	-974	-104	236	74	241	1201	241	68061772	
-16300	-2092	-1454	-1806	2087	-941	-104	236	74	242	1206	242	68061773	
-16318	-2122	-1580	-1990	1941	-863	-104	246	72	243	1211	243	68061773	
-16320	-2098	-1694	-2149	1772	-780	-104	246	72	244	1216	244	68061779	
-16254	-1950	-1704	-2242	1539	-671	-106	242	72	245	1221	245	68061836	
-16258	-1892	-1614	-2224	1252	-567	-106	242	72	246	1226	246	68061836	
-16154	-1912	-1696	-2177	1012	-469	-107	237	73	247	1231	247	68061836	
-16094	-1758	-1920	-2104	714	-402	-107	237	73	248	1236	248	68061836	
-15940	-1728	-2156	-2058	424	-319	-106	244	70	249	1241	249	68061836	
-15994	-1566	-2216	-1973	196	-250	-106	244	70	250	1246	250	68061837	
-15874	-1412	-2114	-1801	-26	-207	-99	243	71	251	1251	251	68061837	
-15714	-1296	-1878	-1551	-297	-212	-99	243	71	252	1256	252	68061837	
-15572	-1212	-1764	-1270	-628	-189	-99	243	75	253	1261	253	68061837	
-15666	-1116	-1594	-975	-978	-164	-99	243	75	254	1266	254	68061837	
-15756	-1024	-1546	-702	-1304	-169	-105	243	71	255	1271	255	68061837	
-16050	-962	-1350	-429	-1588	-165	-104	242	72	256	1276	256	68061843	
-16179	-928	-1274	-287	-1782	-186	-100	240	74	257	1281	257	68061869	
-16316	-864	-1144	-186	-1944	-206	-102	240	74	258	1286	258	68061876	
-16447	-818	-1047	-72	-2100	-203	-108	238	76	259	1291	259	68061876	
-16512	-856	-772	-39	-2240	-192	-108	238	76	260	1296	260	68061876	
-16660	-842	-546	-49	-2381	-205	-102	238	74	261	1301	261	68061876	
-16796	-748	-424	-32	-2440	-235	-102	238	74	262	1306	262	68061876	
-16828	-822	-214	26	-2435	-309	-102	240	72	263	1311	263	68061876	
-16796	-816	-98	73	-2389	-392	-104	241	73	264	1316	264	68061876	
-16691	-812	-36	128	-2318	-455	-111	243	75	265	1321	265	68061877	
-16652	-854	-48	187	-2242	-516	-110	242	75	266	1326	266	68061877	
-16606	-856	-57	285	-2189	-564	-107	237	75	267	1331	267	68061883	
-16477	-889	-17	361	-2126	-620	-106	237	75	268	1336	268	68061916	
-16401	-986	-7	449	-2038	-675	-103	239	77	269	1341	269	68061948	
-16356	-1036	-10	543	-1939	-740	-104	239	78	270	1346	270	68061948	
-16286	-1187	-19	657	-1858	-804	-109	239	83	271	1351	271	68061949	
-16256	-1270	-76	740	-1796	-868	-109	239	83	272	1356	272	68061949	
-16323	-1440	-226	800	-1737	-918	-104	238	80	273	1361	273	68061949	
-16446	-1657	-358	832	-1697	-974	-104	238	79	274	1366	274	68061949	
-16460	-1876	-363	809	-1654	-1001	-105	237	77	275	1371	275	68061952	
-16589	-1994	-411	707	-1603	-1019	-105	237	77	276	1376	276	68061983	
-16748	-2130	-407	539	-1536	-1025	-104	238	78	277	1381	277	68062053	
-16838	-2252	-489	333	-1470	-1027	-105	239	77	278	1386	278	68062053	
-16889	-2323	-608	82	-1391	-1028	-107	245	75	279	1391	279	68062053	
-16894	-2257	-875	-247	-1319	-1040	-106	245	76	280	1396	280	68062053	
-17054	-2121	-855	-590	-1264	-1054	-104	244	80	281	1401	281	68062053	
