-19559	5555	690	2004	313	-196	-61	196	-64	1	1	1	74017159	
-19476	5410	608	1820	391	-193	-66	198	-64	2	6	2	74017160	
-19410	5347	498	1481	441	-185	-65	199	-65	3	11	3	74017160	
-19358	5303	599	1080	460	-172	-60	202	-70	4	16	4	74017160	
-19180	5395	617	677	466	-150	-61	201	-69	5	21	5	74017160	
-19084	5546	654	317	447	-145	-64	196	-64	6	26	6	74017161	
-19084	5649	698	-23	403	-169	-64	197	-65	7	31	7	74017166	
-19116	5793	711	-344	370	-237	-64	202	-68	8	36	8	74017188	
-19152	6006	805	-665	390	-359	-62	203	-65	9	41	9	74017188	
-19205	6168	970	-857	434	-495	-59	205	-61	10	46	10	74017188	
-19185	6307	1058	-938	484	-662	-60	203	-61	11	51	11	74017189	
-19099	6407	1100	-932	542	-851	-61	199	-61	12	56	12	74017189	
-18991	6515	1080	-877	597	-1051	-61	200	-62	13	61	13	74017189	
-18856	6604	1118	-766	635	-1291	-60	202	-64	14	66	14	74017189	
-18788	6688	1078	-623	642	-1511	-61	202	-63	15	71	15	74017190	
-18788	6722	1120	-423	613	-1699	-64	202	-60	16	76	16	74017190	
-18779	6731	1119	-135	582	-1833	-65	201	-59	17	81	17	74017190	
-18835	6609	1098	210	560	-1899	-69	199	-55	18	86	18	74017191	
-18820	6458	1053	459	567	-1897	-66	200	-58	19	91	19	74017191	
-18808	6289	955	629	563	-1858	-61	201	-63	20	96	20	74017191	
-18844	6150	950	739	561	-1805	-61	201	-63	21	101	21	74017200	
-18822	6020	1034	829	580	-1766	-60	200	-62	22	106	22	74017211	
-18759	5915	1104	924	612	-1759	-62	198	-63	23	111	23	74017222	
-18726	5828	1041	973	675	-1787	-64	196	-64	24	116	24	74017239	
-18683	5719	925	932	754	-1842	-64	197	-64	25	121	25	74017241	
-18555	5633	706	709	814	-1931	-63	201	-63	26	126	26	74017241	
-18481	5564	589	364	812	-2016	-63	201	-62	27	131	27	74017241	
-18468	5461	624	-85	781	-2088	-62	200	-60	28	136	28	74017242	
-18496	5381	690	-570	723	-2120	-60	200	-63	29	141	29	74017243	
-18507	5348	811	-1041	656	-2112	-57	201	-67	30	146	30	74017243	
-18446	5364	962	-1446	629	-2099	-60	201	-66	31	151	31	74017243	
-18388	5492	1059	-1793	625	-2105	-64	200	-64	32	156	32	74017272	
-18307	5692	1122	-2159	625	-2125	-66	200	-64	33	161	33	74017316	
-18286	5910	1187	-2507	623	-2164	-67	199	-63	34	166	34	74017318	
-18335	6124	1285	-2771	625	-2196	-62	201	-62	35	171	35	74017318	
-18375	6303	1368	-2959	647	-2214	-59	203	-61	36	176	36	74017318	
-18350	6463	1505	-3074	691	-2237	-59	204	-61	37	181	37	74017318	
-18327	6639	1700	-3060	765	-2293	-58	206	-62	38	186	38	74017319	
-18357	6832	1854	-2900	860	-2379	-58	204	-60	39	191	39	74017319	
-18384	6993	1964	-2651	950	-2483	-57	201	-57	40	196	40	74017319	
-18421	7033	2000	-2381	1010	-2589	-57	202	-57	41	201	41	74017319	
-18469	7021	2075	-2118	1074	-2678	-56	204	-56	42	206	42	74017330	
-18514	7105	2122	-1898	1153	-2724	-60	207	-59	43	211	43	74017341	
-18441	7150	2116	-1702	1252	-2749	-63	209	-61	44	216	44	74017343	
-18309	7116	2135	-1473	1352	-2771	-62	209	-59	45	221	45	74017344	
-18208	6980	2068	-1190	1426	-2780	-61	209	-57	46	226	46	74017344	
-18047	6775	2027	-933	1490	-2769	-57	209	-58	47	231	47	74017345	
-17902	6587	2056	-735	1537	-2750	-55	209	-59	48	236	48	74017375	
-17773	6387	2113	-599	1540	-2740	-58	208	-58	49	241	49	74017395	
-17638	6143	2146	-523	1485	-2732	-61	207	-57	50	246	50	74017396	
-17575	5907	2154	-539	1381	-2722	-57	207	-55	51	251	51	74017396	
-17578	5696	2162	-650	1282	-2706	-55	207	-53	52	256	52	74017396	
-17672	5537	2160	-859	1182	-2682	-53	206	-53	53	261	53	74017397	
-17769	5489	2170	-1160	1090	-2671	-51	205	-53	54	266	54	74017397	
-17866	5594	2235	-1494	1022	-2684	-55	204	-56	55	271	55	74017397	
-17966	5740	2334	-1800	959	-2698	-58	204	-58	56	276	56	74017397	
-18117	5908	2430	-1998	907	-2720	-57	202	-55	57	281	57	74017398	
-18244	6059	2544	-2060	880	-2747	-57	201	-53	58	286	58	74017398	
-18331	6191	2542	-2042	867	-2781	-58	208	-54	59	291	59	74017398	
-18399	6252	2532	-2027	819	-2811	-58	210	-54	60	296	60	74017399	
-18463	6309	2463	-2058	761	-2828	-59	209	-57	61	301	61	74017399	
-18543	6370	2469	-2111	682	-2836	-60	208	-58	62	306	62	74017399	
-18561	6525	2568	-2141	597	-2835	-59	207	-60	63	311	63	74017410	
-18571	6635	2628	-2104	517	-2810	-59	207	-61	64	316	64	74017419	
-18617	6660	2572	-2009	461	-2764	-57	207	-60	65	321	65	74017419	
-18604	6730	2546	-1878	431	-2712	-55	207	-59	66	326	66	74017419	
-18555	6754	2526	-1654	423	-2639	-55	206	-56	67	331	67	74017420	
-18484	6788	2452	-1429	424	-2547	-55	205	-55	68	336	68	74017420	
-18438	6897	2487	-1225	412	-2448	-58	205	-53	69	341	69	74017459	
-18273	6864	2522	-1013	421	-2343	-59	205	-53	70	346	70	74017470	
-18234	6847	2531	-759	432	-2226	-55	214	-55	71	351	71	74017470	
-18066	6812	2550	-484	404	-2099	-54	216	-56	72	356	72	74017470	
-17984	6730	2469	-243	350	-1955	-52	210	-51	73	361	73	74017470	
-17887	6557	2371	-108	293	-1832	-52	208	-50	74	366	74	74017471	
-17747	6353	2358	-12	221	-1695	-57	209	-51	75	371	75	74017471	
-17690	6168	2425	59	160	-1577	-59	209	-51	76	376	76	74017471	
-17514	5994	2530	145	107	-1466	-53	213	-47	77	381	77	74017472	
-17488	5843	2502	228	57	-1370	-52	214	-46	78	386	78	74017534	
-17444	5604	2484	269	-6	-1289	-56	213	-48	79	391	79	74017550	
-17386	5554	2508	232	-85	-1215	-57	213	-49	80	396	80	74017552	
-17380	5453	2551	130	-172	-1157	-51	212	-48	81	401	81	74017552	
-17395	5446	2552	-39	-253	-1100	-50	212	-48	82	406	82	74017553	
-17331	5389	2534	-198	-288	-1038	-52	211	-46	83	411	83	74017553	
-17236	5328	2602	-307	-299	-1011	-53	211	-45	84	416	84	74017574	
-16954	5450	2654	-321	-292	-1010	-55	213	-45	85	421	85	74017574	
-16742	5493	2639	-249	-274	-1016	-55	213	-45	86	426	86	74017575	
-16516	5473	2687	-119	-269	-1029	-51	215	-46	87	431	87	74017575	
-16161	5415	2646	41	-290	-1024	-50	216	-46	88	436	88	74017575	
-15839	5418	2645	218	-313	-989	-57	214	-48	89	441	89	74017575	
-15474	5376	2597	428	-335	-919	-59	213	-49	90	446	90	74017576	
-15073	5390	2550	670	-340	-816	-56	208	-44	91	451	91	74017576	
-14592	5366	2374	992	-346	-672	-55	207	-43	92	456	92	74017576	
-14154	5272	2314	1275	-351	-530	-53	219	-39	93	461	93	74017576	
-13726	5200	2252	1549	-395	-386	-53	219	-39	94	466	94	74017577	
-13230	5080	2026	1839	-413	-234	-59	211	-47	95	471	95	74017577	
-12820	4956	1886	2176	-438	-83	-59	211	-47	96	476	96	74017578	
-12274	4804	1848	2555	-496	80	-49	211	-43	97	481	97	74017579	
-11844	4650	1556	2899	-566	238	-49	211	-43	98	486	98	74017579	
-11472	4502	1533	3169	-626	381	-53	214	-42	99	491	99	74017617	
-11172	4366	1435	3469	-700	540	-54	214	-42	100	496	100	74017625	
-10716	4200	1296	3820	-799	722	-53	211	-43	101	501	101	74017626	
-10476	3988	1070	4090	-868	868	-53	211	-43	102	506	102	74017626	
-10124	3750	936	4290	-950	1016	-57	215	-41	103	511	103	74017626	
-9872	3642	600	4420	-1046	1175	-57	215	-41	104	516	104	74017626	
-9600	3480	370	4454	-1178	1318	-55	219	-41	105	521	105	74017627	
-9456	3358	-24	4504	-1303	1447	-55	219	-41	106	526	106	74017627	
-9334	3316	-316	4607	-1403	1560	-60	218	-38	107	531	107	74017627	
-9126	3254	-690	4858	-1511	1677	-60	218	-38	108	536	108	74017627	
-8890	3123	-935	5347	-1636	1779	-51	213	-35	109	541	109	74017643	
-8591	2834	-1216	5803	-1770	1830	-53	213	-36	110	546	110	74017704	
-8424	2646	-1404	6240	-1898	1857	-65	211	-41	111	551	111	74017704	
-8122	2316	-1722	6814	-2074	1879	-65	211	-41	112	556	112	74017705	
-7982	2008	-2100	7442	-2263	1884	-57	209	-33	113	561	113	74017705	
-7892	1584	-2414	8107	-2411	1888	-57	209	-33	114	566	114	74017725	
-7754	1188	-2562	8781	-2478	1868	-57	211	-35	115	571	115	74017812	
-7716	674	-2638	9376	-2556	1820	-57	211	-35	116	576	116	74017835	
-7954	-128	-2718	9944	-2651	1744	-61	209	-37	117	581	117	74017835	
-8268	-779	-2806	10269	-2682	1659	-61	210	-37	118	586	118	74017835	
-8648	-1402	-2750	10419	-2662	1581	-59	213	-35	119	591	119	74017836	
-9068	-2035	-2518	10448	-2609	1527	-61	214	-35	120	596	120	74017836	
-9534	-2756	-2487	10403	-2554	1502	-68	216	-34	121	601	121	74017836	
-10035	-3415	-2384	10260	-2496	1506	-67	216	-34	122	606	122	74017836	
-10432	-4028	-2334	10052	-2438	1506	-63	215	-35	123	611	123	74017837	
-10892	-4772	-2344	9685	-2399	1501	-63	215	-35	124	616	124	74017837	
-11296	-5296	-2378	9115	-2371	1452	-62	210	-36	125	621	125	74017837	
-11825	-5634	-2468	8338	-2267	1313	-63	211	-36	126	626	126	74017909	
-12220	-5732	-2648	7688	-2079	1128	-67	213	-35	127	631	127	74017909	
-12444	-5698	-2776	7053	-1841	930	-66	214	-35	128	636	128	74017909	
-12635	-5476	-2820	6482	-1618	701	-63	217	-35	129	641	129	74017909	
-12818	-5242	-3124	5949	-1429	445	-63	218	-34	130	646	130	74017910	
-12979	-5051	-3316	5388	-1302	183	-61	221	-31	131	651	131	74017910	
-13215	-4863	-3465	4703	-1199	-89	-61	221	-31	132	656	132	74017910	
-13401	-4480	-3541	3889	-1052	-397	-62	220	-32	133	661	133	74017910	
-13633	-3834	-3581	2946	-872	-718	-64	218	-30	134	666	134	74017911	
-13791	-3256	-3577	2255	-744	-960	-67	215	-27	135	671	135	74017911	
-13928	-2744	-3607	1727	-661	-1157	-67	216	-28	136	676	136	74017911	
-14091	-2214	-3616	1231	-564	-1329	-66	222	-32	137	681	137	74017911	
-14351	-1718	-3557	836	-454	-1452	-65	222	-32	138	686	138	74017917	
-14479	-1256	-3463	529	-288	-1547	-61	223	-33	139	691	139	74017938	
-14481	-816	-3374	308	-97	-1640	-62	223	-32	140	696	140	74017938	
-14449	-360	-3274	161	67	-1763	-68	222	-26	141	701	141	74017938	
-14474	-28	-3199	69	168	-1902	-67	222	-26	142	706	142	74017939	
-14542	212	-3220	9	217	-2053	-64	220	-26	143	711	143	74017939	
-14698	416	-3243	-48	218	-2186	-62	219	-27	144	716	144	74017939	
-14906	564	-3157	-127	213	-2331	-59	217	-29	145	721	145	74017940	
-15136	674	-3086	-217	232	-2494	-61	218	-28	146	726	146	74017940	
-15375	738	-3094	-339	267	-2663	-64	220	-26	147	731	147	74017940	
-15593	741	-3104	-464	322	-2824	-65	220	-27	148	736	148	74017940	
-15857	824	-3096	-612	423	-3027	-68	222	-30	149	741	149	74017941	
-16172	874	-3063	-755	522	-3213	-68	222	-30	150	746	150	74017958	
-16518	981	-2962	-829	615	-3378	-66	220	-30	151	751	151	74018010	
-16814	1046	-2932	-839	688	-3486	-66	221	-30	152	756	152	74018011	
-17088	1086	-2938	-817	757	-3597	-66	222	-30	153	761	153	74018011	
-17286	1101	-2926	-803	795	-3715	-64	221	-29	154	766	154	74018011	
-17553	1158	-2895	-812	801	-3812	-61	219	-27	155	771	155	74018012	
-17896	1194	-2864	-818	745	-3879	-61	221	-27	156	776	156	74018024	
-18262	1222	-2806	-815	625	-3945	-62	224	-28	157	781	157	74018043	
-18706	1240	-2876	-767	459	-4003	-64	222	-29	158	786	158	74018044	
-19168	1196	-2922	-647	297	-4063	-66	220	-30	159	791	159	74018044	
-19552	1145	-2903	-515	189	-4109	-62	222	-29	160	796	160	74018044	
-19868	1030	-2940	-373	108	-4141	-58	224	-28	161	801	161	74018044	
-20102	876	-3026	-196	54	-4149	-60	225	-25	162	806	162	74018045	
-20188	770	-3071	24	36	-4140	-63	227	-21	163	811	163	74018045	
-20039	640	-3142	281	40	-4126	-63	224	-23	164	816	164	74018045	
-19782	565	-3199	536	34	-4104	-62	220	-26	165	821	165	74018054	
-19380	505	-3324	721	-1	-4083	-60	221	-27	166	826	166	74018068	
-18939	415	-3375	802	-80	-4074	-56	222	-28	167	831	167	74018068	
-18516	384	-3373	746	-222	-4065	-55	225	-26	168	836	168	74018069	
-18157	377	-3262	607	-406	-4041	-55	227	-25	169	841	169	74018084	
-17829	335	-3154	439	-591	-4004	-54	226	-27	170	846	170	74018094	
-17440	267	-3072	254	-756	-3953	-53	225	-29	171	851	171	74018094	
-17098	230	-3019	67	-885	-3887	-55	225	-27	172	856	172	74018094	
-16798	218	-2941	-142	-993	-3789	-56	224	-24	173	861	173	74018094	
-16539	210	-2838	-377	-1081	-3631	-55	225	-25	174	866	174	74018095	
-16257	203	-2680	-597	-1118	-3411	-53	227	-27	175	871	175	74018096	
-15852	201	-2514	-769	-1073	-3156	-51	224	-25	176	876	176	74018096	
-15536	129	-2489	-855	-985	-2894	-50	222	-24	177	881	177	74018096	
-15180	38	-2406	-859	-884	-2604	-51	220	-26	178	886	178	74018097	
-14825	2	-2408	-811	-796	-2291	-51	219	-27	179	891	179	74018098	
-14547	-45	-2379	-738	-724	-1955	-52	223	-24	180	896	180	74018098	
-14370	-134	-2321	-663	-649	-1603	-52	226	-22	181	901	181	74018098	
-14188	-179	-2214	-580	-567	-1261	-53	226	-22	182	906	182	74018111	
-14056	-144	-2190	-516	-492	-939	-54	226	-22	183	911	183	74018119	
-14082	-144	-2127	-480	-440	-609	-55	227	-24	184	916	184	74018119	
-14164	-137	-2060	-504	-417	-390	-55	227	-25	185	921	185	74018119	
-14315	-168	-2071	-598	-408	-199	-54	227	-24	186	926	186	74018120	
-14532	-230	-2058	-803	-409	-39	-53	227	-23	187	931	187	74018120	
-14775	-250	-2004	-1121	-411	75	-52	228	-24	188	936	188	74018120	
-14978	-189	-1999	-1530	-398	157	-52	228	-24	189	941	189	74018121	
-15196	-104	-1996	-1969	-387	211	-48	228	-24	190	946	190	74018121	
-15469	47	-1873	-2382	-374	246	-46	228	-24	191	951	191	74018121	
-15794	262	-1740	-2789	-353	262	-51	230	-25	192	956	192	74018121	
-15984	367	-1728	-3118	-305	232	-53	231	-25	193	961	193	74018122	
-16128	484	-1720	-3421	-227	162	-51	230	-23	194	966	194	74018122	
-16220	644	-1748	-3727	-143	51	-50	230	-22	195	971	195	74018123	
-16266	910	-1727	-4059	-48	-60	-49	231	-24	196	976	196	74018123	
-16290	1080	-1681	-4329	43	-150	-49	231	-25	197	981	197	74018138	
-16315	1318	-1624	-4558	136	-221	-53	230	-26	198	986	198	74018161	
-16304	1585	-1569	-4693	196	-277	-55	229	-27	199	991	199	74018172	
-16289	1832	-1411	-4711	185	-321	-52	226	-24	200	996	200	74018172	
-16312	2023	-1334	-4684	119	-346	-51	225	-23	201	1001	201	74018172	
-16356	2165	-1241	-4712	31	-375	-53	229	-19	202	1006	202	74018172	
-16489	2243	-1151	-4789	-31	-416	-54	230	-18	203	1011	203	74018173	
-16608	2338	-1014	-4864	-93	-457	-54	227	-15	204	1016	204	74018173	
-16700	2396	-805	-4891	-147	-489	-54	226	-14	205	1021	205	74018173	
-16852	2320	-582	-4844	-148	-533	-47	228	-20	206	1026	206	74018173	
-16956	2308	-472	-4760	-80	-586	-45	229	-21	207	1031	207	74018174	
-17081	2200	-320	-4665	13	-650	-48	229	-19	208	1036	208	74018174	
-17212	2102	-62	-4545	142	-735	-49	229	-19	209	1041	209	74018174	
-17150	2060	-5	-4448	252	-803	-52	231	-19	210	1046	210	74018174	
-17180	2036	126	-4379	339	-882	-53	231	-19	211	1051	211	74018233	
-17289	2010	334	-4303	406	-967	-54	230	-23	212	1056	212	74018248	
-17348	2017	543	-4171	472	-1046	-54	230	-24	213	1061	213	74018249	
-17324	2001	694	-4028	518	-1109	-55	232	-20	214	1066	214	74018249	
-17318	1929	656	-3868	580	-1173	-55	233	-19	215	1071	215	74018249	
-17315	1806	802	-3684	656	-1246	-48	231	-18	216	1076	216	74018250	
-17430	1706	912	-3464	702	-1347	-46	230	-18	217	1081	217	74018250	
-17408	1476	1106	-3306	737	-1386	-50	228	-24	218	1086	218	74018251	
-17460	1284	1124	-3119	763	-1408	-50	228	-24	219	1091	219	74018251	
-17446	1016	1220	-2888	754	-1410	-52	224	-24	220	1096	220	74018326	
-17460	786	1156	-2616	777	-1400	-52	224	-24	221	1101	221	74018354	
-17307	671	1239	-2389	820	-1398	-48	228	-28	222	1106	222	74018354	
-17167	432	1176	-2159	874	-1409	-47	229	-29	223	1111	223	74018354	
-17046	236	1230	-1969	908	-1421	-47	231	-23	224	1116	224	74018354	
-16796	88	1283	-1802	923	-1431	-47	231	-21	225	1121	225	74018355	
-16552	-34	1260	-1542	934	-1433	-43	237	-19	226	1126	226	74018355	
-16292	-154	1178	-1294	941	-1420	-43	237	-19	227	1131	227	74018355	
-16060	-264	1149	-1021	938	-1357	-45	235	-22	228	1136	228	74018356	
-15828	-374	1120	-748	934	-1294	-47	233	-25	229	1141	229	74018356	
-15644	-468	1092	-514	914	-1208	-50	232	-18	230	1146	230	74018356	
-15468	-542	860	-351	847	-1136	-50	232	-18	231	1151	231	74018356	
-15368	-488	814	-239	771	-1053	-51	233	-19	232	1156	232	74018357	
-15242	-526	766	-100	636	-975	-51	233	-19	233	1161	233	74018357	
-15356	-652	705	78	509	-876	-42	230	-20	234	1166	234	74018357	
-15356	-650	802	185	435	-812	-42	230	-20	235	1171	235	74018357	
-15516	-766	768	273	363	-753	-41	233	-23	236	1176	236	74018358	
-15580	-832	888	348	294	-707	-41	233	-23	237	1181	237	74018358	
-15836	-810	1010	406	285	-709	-49	231	-23	238	1186	238	74018358	
-16110	-828	1078	451	289	-753	-49	231	-23	239	1191	239	74018358	
-16384	-768	1188	503	314	-846	-43	235	-23	240	1196	240	74018358	
-16594	-646	1314	537	337	-968	-43	235	-23	241	1201	241	74018359	
-16759	-541	1299	533	380	-1133	-45	231	-23	242	1206	242	74018360	
-16995	-428	1306	536	427	-1300	-44	231	-23	243	1211	243	74018360	
-17074	-379	1300	531	464	-1480	-41	233	-23	244	1216	244	74018365	
-17162	-279	1210	491	495	-1645	-42	232	-24	245	1221	245	74018385	
-17206	-220	1221	426	506	-1778	-46	228	-26	246	1226	246	74018405	
-17214	-110	1154	367	501	-1898	-46	228	-26	247	1231	247	74018405	
-17166	-98	1150	348	467	-2007	-47	231	-21	248	1236	248	74018405	
-17126	4	1194	388	443	-2096	-47	231	-21	249	1241	249	74018406	
-17098	80	1158	470	457	-2186	-41	231	-25	250	1246	250	74018406	
-16964	57	1175	586	491	-2277	-40	231	-24	251	1251	251	74018406	
-16792	38	1068	707	514	-2339	-38	230	-20	252	1256	252	74018407	
-16753	-2	982	839	519	-2351	-39	230	-22	253	1261	253	74018407	
