-15706	-158	-5920	-55	-1686	639	-40	240	20	1	1	1	74035457	
-15702	-138	-6074	-25	-1701	673	-41	239	23	2	6	2	74035457	
-15676	-177	-6020	-43	-1758	678	-41	240	23	3	11	3	74035458	
-15620	-168	-6089	-78	-1839	685	-43	243	23	4	16	4	74035458	
-15622	-187	-6072	-168	-1983	695	-42	243	23	5	21	5	74035458	
-15605	-315	-6145	-270	-2162	725	-40	242	24	6	26	6	74035458	
-15552	-316	-6143	-415	-2372	762	-41	242	24	7	31	7	74035459	
-15598	-388	-6178	-583	-2613	787	-44	242	24	8	36	8	74035459	
-15674	-502	-6354	-823	-2849	800	-45	241	25	9	41	9	74035459	
-15666	-691	-6595	-1129	-3049	809	-47	239	27	10	46	10	74035468	
-15692	-755	-6926	-1502	-3176	783	-45	241	27	11	51	11	74035506	
-15974	-785	-7408	-1851	-3117	702	-38	248	26	12	56	12	74035506	
-16578	-764	-7476	-1964	-2840	559	-41	248	27	13	61	13	74035507	
-17214	-672	-7191	-1821	-2403	412	-45	247	29	14	66	14	74035519	
-17624	-628	-6626	-1586	-1863	262	-45	247	27	15	71	15	74035537	
-17729	-674	-6246	-1414	-1202	119	-45	247	23	16	76	16	74035547	
-17533	-722	-6307	-1356	-398	34	-46	245	26	17	81	17	74035562	
-17119	-588	-6607	-1365	363	-9	-47	243	31	18	86	18	74035562	
-16542	-433	-6989	-1294	936	2	-46	243	27	19	91	19	74035563	
-16150	-442	-7275	-1114	1234	96	-44	242	22	20	96	20	74035563	
-15884	-467	-7346	-888	1312	272	-42	244	21	21	101	21	74035563	
-15503	-430	-7377	-714	1236	493	-41	245	21	22	106	22	74035564	
-15113	-268	-7520	-720	1060	684	-45	243	24	23	111	23	74035564	
-14837	-18	-7671	-875	806	809	-48	242	26	24	116	24	74035564	
-14699	164	-7778	-1033	483	859	-52	242	27	25	121	25	74035564	
-14748	246	-7680	-1079	153	867	-54	242	28	26	126	26	74035564	
-14928	260	-7418	-955	-106	902	-47	242	22	27	131	27	74035565	
-15239	161	-7303	-670	-203	998	-42	242	18	28	136	28	74035565	
-15576	122	-7217	-463	-34	1040	-44	246	24	29	141	29	74035583	
-15648	5	-7113	-282	178	1086	-45	247	25	30	146	30	74035588	
-15428	-146	-6897	-136	281	1144	-45	242	20	31	151	31	74035589	
-15302	-272	-6678	-117	225	1151	-45	241	19	32	156	32	74035589	
-15338	-258	-6556	-145	116	1186	-43	246	24	33	161	33	74035589	
-15405	-142	-6602	-143	76	1257	-43	247	25	34	166	34	74035589	
-15549	-154	-6661	-51	181	1389	-45	251	23	35	171	35	74035590	
-15680	-289	-6507	197	333	1560	-46	252	22	36	176	36	74035590	
-15646	-530	-5932	627	402	1810	-50	244	26	37	181	37	74035590	
-15650	-718	-5536	946	286	2053	-50	244	26	38	186	38	74035590	
-15662	-724	-5382	1070	134	2263	-46	246	22	39	191	39	74035591	
-15646	-664	-5526	923	10	2302	-46	246	22	40	196	40	74035591	
-15714	-524	-5584	789	-96	2294	-52	244	24	41	201	41	74035691	
-15786	-392	-5646	894	-118	2286	-52	244	24	42	206	42	74035691	
-15844	-418	-5436	1201	-79	2326	-46	248	24	43	211	43	74035691	
-15990	-100	-4800	1579	-70	2397	-46	248	24	44	216	44	74035691	
-15983	35	-4434	1949	-315	2593	-44	250	24	45	221	45	74035692	
-16149	450	-4238	1682	-469	2538	-46	250	24	46	226	46	74035692	
-16148	1123	-3560	1293	-493	2405	-56	250	24	47	231	47	74035692	
-16110	1502	-3675	1164	-707	2286	-54	249	24	48	236	48	74035692	
-16219	1756	-3939	1065	-826	2171	-48	246	22	49	241	49	74035693	
-16382	1959	-4206	982	-816	2082	-48	247	22	50	246	50	74035693	
-16439	2156	-4324	948	-853	2032	-48	252	24	51	251	51	74035703	
-16544	2131	-4408	1041	-965	1995	-48	251	23	52	256	52	74035742	
-16655	1981	-4249	1175	-1119	1935	-47	249	21	53	261	53	74035742	
-16884	1737	-4065	1367	-1220	1918	-50	249	21	54	266	54	74035742	
-16976	1502	-4061	1554	-1199	1899	-54	248	22	55	271	55	74035743	
-16901	1242	-4222	1729	-1010	1841	-56	247	23	56	276	56	74035743	
-16614	1046	-4437	1841	-719	1757	-58	246	24	57	281	57	74035743	
-16198	862	-4652	1884	-518	1667	-56	247	25	58	286	58	74035743	
-15872	725	-4877	1881	-507	1592	-54	248	26	59	291	59	74035744	
-15678	559	-5033	1906	-644	1553	-53	249	25	60	296	60	74035744	
-15575	370	-5059	1985	-855	1499	-51	251	23	61	301	61	74035757	
-15649	331	-5045	2023	-1111	1442	-58	249	24	62	306	62	74035783	
-15801	536	-5044	1966	-1338	1375	-62	248	24	63	311	63	74035794	
-15911	917	-5177	1824	-1505	1272	-61	249	23	64	316	64	74035794	
-15940	1420	-5406	1654	-1580	1138	-60	250	22	65	321	65	74035794	
-15963	1882	-5598	1533	-1620	998	-56	248	23	66	326	66	74035794	
-16052	2261	-5537	1553	-1732	912	-53	247	23	67	331	67	74035795	
-16239	2560	-5261	1742	-1926	926	-57	247	19	68	336	68	74035795	
-16426	2673	-4989	1919	-2075	993	-59	247	17	69	341	69	74035795	
-16483	2634	-4810	1928	-2102	1049	-55	252	22	70	346	70	74035795	
-16488	2504	-4748	1887	-2097	1062	-53	253	23	71	351	71	74035796	
-16437	2220	-4721	1907	-2059	1073	-62	246	30	72	356	72	74035796	
-16305	1885	-4664	1910	-2004	1071	-64	244	32	73	361	73	74035796	
-16109	1508	-4666	1831	-1975	1072	-59	248	27	74	366	74	74035809	
-15921	1129	-4803	1645	-2003	1049	-55	251	23	75	371	75	74035818	
-15759	826	-5034	1335	-2091	954	-57	250	23	76	376	76	74035819	
-15681	647	-5171	950	-2182	776	-59	249	23	77	381	77	74035820	
-15648	592	-5325	591	-2304	572	-59	248	23	78	386	78	74035822	
-15730	606	-5554	386	-2513	438	-59	247	23	79	391	79	74035824	
-15882	583	-5611	228	-2749	357	-61	255	21	80	396	80	74035824	
-16117	621	-5715	74	-2918	285	-61	257	21	81	401	81	74035825	
-16266	771	-5794	-135	-2989	189	-62	255	30	82	406	82	74035825	
-16304	985	-5933	-322	-2953	46	-62	254	32	83	411	83	74035825	
-16167	1089	-6174	-433	-2851	-75	-61	250	28	84	416	84	74035826	
-15982	1107	-6458	-549	-2720	-208	-61	249	27	85	421	85	74035826	
-15754	993	-6780	-741	-2577	-377	-59	249	32	86	426	86	74035826	
-15534	894	-6940	-955	-2476	-588	-59	249	33	87	431	87	74035827	
-15510	800	-6576	-982	-2558	-612	-68	244	26	88	436	88	74035828	
-15660	900	-6456	-948	-2679	-497	-68	244	26	89	441	89	74035828	
-15828	882	-6594	-990	-2757	-345	-56	246	28	90	446	90	74035829	
-15778	864	-6922	-1257	-2672	-346	-56	246	28	91	451	91	74035830	
-15636	938	-7120	-1577	-2388	-509	-60	250	28	92	456	92	74035842	
-15696	1116	-7354	-1779	-2112	-678	-60	250	28	93	461	93	74035843	
-15652	1714	-7158	-1885	-1992	-709	-64	250	28	94	466	94	74035843	
-14789	1333	-7503	-1629	-1732	-705	-64	251	28	95	471	95	74035865	
-14194	562	-8044	-1593	-1421	-1026	-63	253	27	96	476	96	74035946	
-14101	-224	-8526	-1944	-1489	-1304	-64	253	29	97	481	97	74035947	
-14316	-674	-8602	-2405	-1881	-1248	-67	251	37	98	486	98	74035947	
-14695	-608	-8468	-2725	-2306	-965	-66	252	37	99	491	99	74035947	
-15106	-261	-8172	-2733	-2603	-665	-61	255	35	100	496	100	74035947	
-15481	-6	-7781	-2629	-2697	-410	-61	255	36	101	501	101	74035948	
-15582	460	-7470	-2647	-2575	-221	-63	253	39	102	506	102	74035948	
-15587	972	-7218	-2680	-2391	-113	-66	252	39	103	511	103	74035961	
-15572	1223	-7133	-2665	-2182	-70	-73	247	37	104	516	104	74036001	
-15467	1259	-7106	-2737	-2000	-71	-67	251	35	105	521	105	74036001	
-15239	1213	-7185	-2869	-1791	-89	-59	257	33	106	526	106	74036001	
-14935	1111	-7343	-3002	-1594	-109	-62	255	33	107	531	107	74036002	
-14675	1056	-7583	-3125	-1432	-127	-66	252	32	108	536	108	74036002	
-14466	1004	-7981	-3250	-1329	-159	-65	251	34	109	541	109	74036002	
-14316	1083	-8277	-3406	-1288	-204	-64	250	36	110	546	110	74036002	
-14246	1342	-8566	-3547	-1311	-254	-63	252	33	111	551	111	74036003	
-14347	1523	-8720	-3504	-1327	-277	-62	254	30	112	556	112	74036003	
-14550	1660	-8456	-3192	-1330	-225	-61	253	33	113	561	113	74036003	
-14738	1739	-7989	-2792	-1371	-115	-61	253	35	114	566	114	74036003	
-14939	1689	-7732	-2552	-1416	-16	-60	255	32	115	571	115	74036004	
-14940	1613	-7719	-2562	-1334	2	-60	256	30	116	576	116	74036004	
-14798	1508	-7782	-2691	-1093	-58	-58	256	31	117	581	117	74036004	
-14434	1362	-7766	-2787	-857	-140	-56	256	32	118	586	118	74036004	
-14037	1175	-7618	-2928	-799	-209	-58	254	30	119	591	119	74036005	
-13833	1034	-7269	-3261	-987	-264	-59	253	29	120	596	120	74036005	
-13976	921	-6837	-3656	-1342	-312	-62	256	29	121	601	121	74036005	
-14170	764	-6672	-3980	-1686	-349	-63	257	29	122	606	122	74036005	
-14414	498	-6652	-4268	-1821	-403	-61	258	27	123	611	123	74036006	
-14498	69	-7118	-4487	-1690	-446	-60	258	26	124	616	124	74036006	
-14271	-490	-7794	-4703	-1331	-617	-62	250	28	125	621	125	74036006	
-13762	-880	-8390	-4881	-825	-905	-62	248	28	126	626	126	74036006	
-13101	-1082	-8565	-4909	-432	-1153	-64	256	36	127	631	127	74036007	
-12714	-860	-8802	-5031	-456	-1352	-64	258	38	128	636	128	74036049	
-12876	-504	-8924	-5323	-672	-1467	-65	257	31	129	641	129	74036049	
-13378	34	-8684	-5735	-915	-1556	-65	257	31	130	646	130	74036049	
-14062	660	-8322	-5913	-1070	-1563	-65	261	29	131	651	131	74036049	
-14466	952	-8124	-5852	-919	-1616	-65	261	29	132	656	132	74036101	
-14776	996	-8062	-5770	-424	-1645	-65	255	31	133	661	133	74036101	
-14908	956	-7828	-5587	219	-1663	-65	255	31	134	666	134	74036102	
-14570	670	-7734	-5459	774	-1707	-64	262	30	135	671	135	74036129	
-14188	256	-7680	-5428	1224	-1935	-64	262	30	136	676	136	74036156	
-13669	-428	-6979	-5397	1439	-2350	-59	259	25	137	681	137	74036157	
-13586	-733	-6032	-5509	1118	-2676	-59	261	25	138	686	138	74036157	
-13831	-672	-4795	-5711	492	-2794	-61	269	23	139	691	139	74036157	
-14034	-540	-3975	-5910	-58	-2845	-62	268	24	140	696	140	74036157	
-14114	-512	-3426	-5983	-380	-3009	-64	266	28	141	701	141	74036158	
-14197	-292	-2608	-5906	-741	-3272	-63	266	27	142	706	142	74036158	
-14323	-80	-1853	-5656	-1187	-3522	-58	264	24	143	711	143	74036169	
-14511	188	-1512	-5469	-1613	-3794	-61	263	25	144	716	144	74036211	
-14940	706	-1059	-5474	-1960	-4055	-68	258	26	145	721	145	74036211	
-15352	1272	-545	-5450	-2232	-4196	-63	261	26	146	726	146	74036211	
-15802	1789	-192	-5201	-2482	-4236	-55	265	25	147	731	147	74036211	
-16157	2188	-292	-4770	-2559	-4222	-58	265	25	148	736	148	74036212	
-16184	2565	-910	-4422	-2309	-4231	-62	266	24	149	741	149	74036212	
-15878	2811	-1886	-4263	-1888	-4310	-60	267	26	150	746	150	74036212	
-15300	2916	-2959	-4264	-1575	-4463	-57	269	29	151	751	151	74036212	
-14704	3035	-3782	-4344	-1562	-4656	-57	265	28	152	756	152	74036213	
-14357	3074	-4390	-4306	-1920	-4801	-58	260	26	153	761	153	74036213	
-14452	3151	-4741	-4087	-2387	-4841	-59	267	25	154	766	154	74036213	
-14726	3136	-5421	-3826	-2658	-4845	-59	271	25	155	771	155	74036214	
-14859	2959	-6142	-3681	-2550	-4888	-54	271	25	156	776	156	74036214	
-14707	2615	-6666	-3556	-2165	-4965	-51	271	25	157	781	157	74036214	
-14494	2148	-7183	-3272	-1841	-5039	-51	269	27	158	786	158	74036214	
-14265	1586	-8110	-2950	-1688	-5029	-51	267	29	159	791	159	74036215	
-13973	1048	-9007	-2790	-1532	-5008	-53	271	28	160	796	160	74036215	
-13595	760	-9519	-2904	-1437	-5052	-55	273	27	161	801	161	74036215	
-13356	920	-9407	-2997	-1634	-5176	-51	275	25	162	806	162	74036215	
-13584	1355	-9179	-2732	-1925	-5310	-50	276	24	163	811	163	74036216	
-14191	1671	-9177	-2181	-2111	-5307	-52	273	26	164	816	164	74036216	
-14966	1673	-9604	-1732	-2154	-5021	-52	272	26	165	821	165	74036254	
-15539	1495	-10417	-1721	-2061	-4596	-58	269	23	166	826	166	74036265	
-15744	1416	-10700	-2079	-1695	-4526	-60	268	22	167	831	167	74036265	
-15748	1395	-9992	-2327	-1380	-4627	-46	274	24	168	836	168	74036265	
-15747	1656	-8614	-2122	-1309	-4697	-42	276	24	169	841	169	74036265	
-16366	1758	-7412	-1354	-1471	-4805	-50	276	20	170	846	170	74036266	
-17034	1334	-7426	-798	-1649	-4975	-50	276	20	171	851	171	74036266	
-17370	1140	-7590	-1109	-1713	-5346	-46	278	22	172	856	172	74036266	
-17502	1360	-7130	-1953	-1633	-5753	-46	278	22	173	861	173	74036266	
-17030	1836	-6402	-2480	-1502	-6049	-50	272	16	174	866	174	74036310	
-16984	2176	-5696	-2409	-1481	-6270	-50	272	16	175	871	175	74036310	
-16934	2388	-4804	-1969	-1668	-6367	-48	274	24	176	876	176	74036313	
-16834	2998	-4124	-1526	-1824	-6421	-48	274	24	177	881	177	74036338	
-16708	3624	-3681	-1024	-1859	-6151	-46	282	20	178	886	178	74036339	
-16434	3802	-4196	-447	-1868	-5931	-45	281	21	179	891	179	74036339	
-16290	3796	-4631	37	-1636	-5803	-43	277	25	180	896	180	74036339	
-15830	3810	-4855	428	-1407	-5634	-45	276	23	181	901	181	74036339	
-15470	3951	-4878	926	-1217	-5423	-51	273	17	182	906	182	74036340	
-15263	4013	-4586	1879	-987	-4996	-49	274	17	183	911	183	74036340	
-15182	4049	-4486	3050	-795	-4415	-42	278	18	184	916	184	74036340	
-15346	3826	-4898	4235	-575	-3846	-43	278	17	185	921	185	74036345	
-15800	3439	-5439	5265	-193	-3274	-45	277	13	186	926	186	74036366	
-16412	2716	-5676	6341	324	-2470	-45	277	12	187	931	187	74036366	
-17180	1807	-5619	7581	732	-1520	-46	278	10	188	936	188	74036366	
-17682	734	-5635	9065	1234	-453	-45	279	12	189	941	189	74036367	
-17677	-553	-5926	10339	2095	337	-43	281	15	190	946	190	74036367	
-17103	-1799	-6100	10743	3237	747	-45	281	13	191	951	191	74036367	
-15448	-2973	-5847	10235	4408	981	-49	281	9	192	956	192	74036367	
-13106	-4290	-5080	9268	5325	982	-48	281	10	193	961	193	74036368	
-11998	-5414	-4242	7736	5008	551	-46	282	12	194	966	194	74036368	
-12945	-5762	-3075	5638	3074	-43	-49	280	5	195	971	195	74036369	
-14575	-5227	-1093	3757	1417	-347	-51	279	1	196	976	196	74036369	
-15823	-4407	869	3072	819	-291	-50	281	1	197	981	197	74036369	
-16031	-3784	2217	3862	1313	-147	-49	283	1	198	986	198	74036382	
-15160	-3549	2657	5138	2474	-99	-48	281	-4	199	991	199	74036391	
-14039	-3477	2632	5865	3629	-69	-48	280	-8	200	996	200	74036392	
-13083	-3734	2660	6063	3961	22	-53	282	-4	201	1001	201	74036422	
-12622	-4188	2834	5590	3187	-85	-57	283	-1	202	1006	202	74036442	
-12814	-4170	3069	3673	1698	-556	-57	280	-7	203	1011	203	74036443	
-13338	-3578	3402	1927	892	-924	-57	279	-9	204	1016	204	74036443	
-13768	-2928	3727	1377	642	-875	-55	286	-10	205	1021	205	74036443	
-13843	-2484	3795	1244	416	-770	-54	288	-10	206	1026	206	74036443	
-14111	-1955	3556	719	222	-914	-64	275	-12	207	1031	207	74036444	
-14272	-1170	3205	166	76	-836	-66	272	-12	208	1036	208	74036444	
-14389	-570	2812	167	40	-496	-64	277	-17	209	1041	209	74036444	
-14905	-131	2514	590	209	-161	-64	278	-18	210	1046	210	74036444	
-15370	210	2609	821	325	362	-61	283	-10	211	1051	211	74036445	
-15950	642	2536	1111	365	1117	-60	284	-8	212	1056	212	74036467	
-16108	634	2990	2162	595	2003	-62	284	-20	213	1061	213	74036523	
-16722	166	2662	3646	719	2805	-62	284	-20	214	1066	214	74036524	
-17364	-626	2840	4460	696	3406	-61	287	-15	215	1071	215	74036524	
-17564	-1560	3578	4413	700	3800	-61	287	-15	216	1076	216	74036524	
-17616	-2194	3876	4470	879	3944	-68	288	-26	217	1081	217	74036524	
-16984	-2904	3710	4916	1140	4131	-68	288	-26	218	1086	218	74036524	
-16448	-3528	3088	5710	1532	4275	-69	281	-21	219	1091	219	74036525	
-15286	-4024	2459	6339	1816	4333	-69	282	-21	220	1096	220	74036525	
-14633	-4274	2277	6378	1943	4261	-71	285	-23	221	1101	221	74036525	
-14366	-4501	2197	5969	1678	4081	-72	285	-23	222	1106	222	74036525	
-14390	-4622	2066	5627	1195	3761	-77	285	-25	223	1111	223	74036526	
-14493	-4696	1616	5431	757	3478	-78	286	-25	224	1116	224	74036526	
-14686	-4794	1096	5035	375	3229	-80	290	-22	225	1121	225	74036526	
-15048	-4982	772	4207	-157	2796	-80	290	-22	226	1126	226	74036526	
-15360	-5030	334	3395	-820	2288	-75	291	-27	227	1131	227	74036540	
-16228	-4359	-979	2355	-912	1952	-76	292	-27	228	1136	228	74036560	
-16448	-4027	-698	2050	-522	1751	-80	294	-28	229	1141	229	74036560	
-17130	-3069	-767	1589	-653	1505	-81	292	-29	230	1146	230	74036561	
-17771	-2058	-324	630	-1034	1692	-86	286	-34	231	1151	231	74036561	
-18506	-1653	-163	131	-1301	2052	-87	286	-32	232	1156	232	74036567	
-19202	-1822	-480	695	-1170	2371	-90	288	-24	233	1161	233	74036589	
-19532	-2506	-800	1536	-787	2764	-89	290	-27	234	1166	234	74036591	
-19447	-3535	-654	2140	-350	2997	-83	297	-37	235	1171	235	74036591	
-18934	-4494	-437	2398	-149	3162	-84	297	-36	236	1176	236	74036591	
-18383	-5344	-53	2456	-190	3274	-86	296	-34	237	1181	237	74036592	
-17852	-5824	34	2557	-382	3345	-87	294	-36	238	1186	238	74036592	
-17379	-6009	-53	2663	-486	3339	-88	292	-38	239	1191	239	74036592	
-16882	-5917	-334	2652	-413	3217	-91	292	-38	240	1196	240	74036592	
-16562	-5480	-633	2460	-301	3027	-95	293	-37	241	1201	241	74036592	
-16713	-4936	-1020	2375	-305	2878	-95	294	-37	242	1206	242	74036593	
-16959	-4666	-1619	2412	-506	2915	-94	296	-38	243	1211	243	74036593	
-17179	-4316	-2194	2229	-874	3003	-100	291	-41	244	1216	244	74036593	
-17560	-3778	-2757	2013	-1178	2969	-106	286	-44	245	1221	245	74036594	
-17915	-3190	-3097	1773	-1331	2971	-99	294	-42	246	1226	246	74036605	
-18022	-2592	-3119	1552	-1435	2980	-94	300	-40	247	1231	247	74036643	
-18083	-2168	-3321	1316	-1600	2981	-96	302	-39	248	1236	248	74036665	
-18166	-1811	-3427	1046	-1765	2897	-97	303	-39	249	1241	249	74036665	
-18419	-1419	-3303	904	-1795	2797	-105	299	-38	250	1246	250	74036665	
-18701	-1180	-3098	965	-1676	2805	-110	296	-38	251	1251	251	74036666	
-18878	-1176	-2904	1153	-1396	2906	-112	296	-42	252	1256	252	74036666	
-19009	-1603	-3040	1604	-857	3093	-114	296	-44	253	1261	253	74036666	
-18998	-2409	-3555	1987	-340	3136	-105	300	-43	254	1266	254	74036666	
-18984	-2946	-3767	1953	168	3004	-103	301	-43	255	1271	255	74036666	
-18902	-3409	-3939	1808	573	2905	-110	305	-44	256	1276	256	74036705	
-18783	-3755	-4125	1596	889	2811	-112	306	-44	257	1281	257	74036717	
-18416	-3948	-3776	1284	976	2689	-114	298	-52	258	1286	258	74036718	
-18058	-4110	-3394	1047	916	2672	-114	296	-54	259	1291	259	74036718	
-18027	-4220	-3346	758	660	2648	-114	301	-49	260	1296	260	74036718	
-17759	-3939	-3096	284	368	2488	-114	302	-48	261	1301	261	74036719	
-17522	-3416	-2656	-355	533	2169	-122	304	-48	262	1306	262	74036772	
-17658	-2736	-2180	-1008	759	1600	-122	304	-48	263	1311	263	74036772	
-17508	-2500	-1982	-1111	653	1431	-114	302	-56	264	1316	264	74036772	
-18384	-2460	-2078	-1032	166	1425	-114	302	-56	265	1321	265	74036773	
-19060	-2442	-2246	-1237	-819	1428	-118	306	-52	266	1326	266	74036773	
-19040	-1970	-1684	-1493	-817	1414	-118	306	-52	267	1331	267	74036773	
-19306	-1308	-1186	-1650	-559	1135	-125	301	-55	268	1336	268	74036773	
-19732	-1292	-1144	-1644	-626	1023	-125	301	-55	269	1341	269	74036773	
-20155	-1109	-948	-1655	-1012	843	-122	310	-60	270	1346	270	74036774	
-19872	-794	-587	-1590	-1039	892	-121	310	-59	271	1351	271	74036774	
-19309	-604	-679	-1278	-681	939	-119	309	-55	272	1356	272	74036774	
-18868	-603	-867	-978	-457	779	-119	309	-55	273	1361	273	74036774	
-18427	-574	-1323	-632	-387	647	-118	308	-56	274	1366	274	74036779	
-17855	-432	-1832	-278	-265	602	-119	308	-56	275	1371	275	74036795	
-17686	-202	-2372	-32	-354	576	-124	306	-56	276	1376	276	74036795	
-17776	-26	-2814	87	-907	639	-123	307	-56	277	1381	277	74036795	
-17769	23	-3346	231	-1390	765	-120	310	-58	278	1386	278	74036796	
-18247	210	-3986	513	-1494	874	-122	310	-57	279	1391	279	74036796	
-18867	174	-4502	812	-1457	1025	-124	310	-56	280	1396	280	74036796	
-19342	72	-4838	1039	-1367	1179	-123	312	-58	281	1401	281	74036806	
-19595	16	-5084	1212	-1194	1228	-122	316	-60	282	1406	282	74036821	
-19742	-95	-5382	1285	-998	1177	-123	314	-59	283	1411	283	74036821	
-19959	-214	-5486	1054	-954	1042	-124	310	-58	284	1416	284	74036822	
-20324	-299	-5311	731	-1054	1041	-125	312	-58	285	1421	285	74036822	
-20780	-381	-5014	667	-1182	1136	-127	315	-57	286	1426	286	74036822	
-20975	-638	-4803	821	-1229	1158	-127	316	-62	287	1431	287	74036823	
-21011	-1090	-4675	1012	-1242	1175	-127	317	-65	288	1436	288	74036824	
-20953	-1477	-4318	1030	-1338	1191	-125	315	-64	289	1441	289	74036838	
-21030	-1736	-3764	957	-1482	1155	-124	314	-64	290	1446	290	74036879	
-21050	-2097	-3275	1008	-1572	1121	-125	316	-63	291	1451	291	74036899	
-21132	-2475	-2928	1024	-1492	998	-125	317	-63	292	1456	292	74036899	
-21025	-2846	-2811	957	-1251	878	-132	315	-59	293	1461	293	74036900	
-20726	-3125	-2902	879	-953	776	-137	313	-57	294	1466	294	74036900	
-20586	-3388	-3075	663	-737	583	-135	314	-61	295	1471	295	74036900	
-20383	-3414	-2939	150	-759	455	-134	314	-62	296	1476	296	74036900	
-20294	-3137	-3062	-377	-787	394	-130	320	-61	297	1481	297	74036901	
-20337	-2560	-3176	-671	-760	330	-129	321	-61	298	1486	298	74036963	
-20368	-2062	-3130	-872	-817	314	-136	317	-63	299	1491	299	74036980	
-20273	-1452	-2812	-1095	-874	352	-138	316	-64	300	1496	300	74036980	
-20488	-756	-2493	-1255	-935	318	-136	322	-62	301	1501	301	74036980	
-20591	-176	-2432	-1180	-900	360	-135	323	-61	302	1506	302	74036980	
-20300	436	-2258	-959	-734	374	-128	324	-62	303	1511	303	74036981	
-20296	870	-2104	-774	-732	263	-128	324	-62	304	1516	304	74036981	
-20324	1068	-1874	-536	-906	222	-137	313	-65	305	1521	305	74036981	
-20642	1284	-2036	-227	-1155	222	-137	313	-65	306	1526	306	74036982	
-20658	1394	-2148	-40	-1306	231	-127	321	-63	307	1531	307	74036982	
