-17315	-527	863	480	1689	1009	-4	218	128	1	1	1	74028940	
-17415	-392	679	465	1909	1080	-2	218	126	2	6	2	74028941	
-17491	-288	356	425	2157	1113	-2	218	126	3	11	3	74028941	
-17564	-252	18	384	2497	1150	-1	215	125	4	16	4	74028941	
-17562	-270	-216	376	2851	1181	-1	215	125	5	21	5	74028941	
-17564	-314	-476	399	3140	1230	0	218	126	6	26	6	74028942	
-17658	-284	-786	471	3341	1256	0	218	126	7	31	7	74028942	
-17812	-350	-1144	572	3512	1279	-4	218	120	8	36	8	74028990	
-17810	-484	-1454	648	3713	1261	-4	218	120	9	41	9	74029016	
-18076	-632	-1744	663	3994	1224	-3	215	121	10	46	10	74029017	
-18110	-730	-2414	565	4383	1171	-3	215	121	11	51	11	74029017	
-18164	-912	-2886	366	4888	1096	-2	220	124	12	56	12	74029017	
-18186	-1078	-3481	58	5517	1053	-2	221	123	13	61	13	74029018	
-18207	-1230	-4098	-211	6063	988	-4	224	120	14	66	14	74029019	
-18262	-1338	-4600	-406	6570	915	-4	224	120	15	71	15	74029019	
-18294	-1428	-5146	-560	7257	819	-1	219	117	16	76	16	74029019	
-18290	-1518	-5836	-662	7959	761	-1	219	117	17	81	17	74029020	
-18408	-1482	-6376	-668	8694	700	-7	219	117	18	86	18	74029020	
-18630	-1528	-7168	-592	9559	656	-7	219	117	19	91	19	74029046	
-18822	-1540	-8120	-515	10524	575	-10	222	110	20	96	20	74029046	
-19102	-1588	-9180	-417	11915	422	-9	222	109	21	101	21	74029047	
-19202	-1678	-10159	-309	13241	296	-7	221	105	22	106	22	74029047	
-19125	-1881	-11107	-290	14768	113	-9	221	102	23	111	23	74029047	
-18922	-2078	-11933	-419	16467	-96	-15	223	91	24	116	24	74029047	
-18621	-2352	-12733	-688	18232	-348	-12	224	91	25	121	25	74029048	
-18298	-2575	-13550	-1048	20060	-612	-2	226	92	26	126	26	74029048	
-17775	-2806	-14177	-1434	21854	-857	-3	227	90	27	131	27	74029053	
-17216	-3013	-14716	-1795	23590	-1080	-9	233	83	28	136	28	74029087	
-16770	-3117	-14936	-2134	25193	-1234	-8	231	82	29	141	29	74029149	
-16582	-2806	-15198	-2427	26647	-1261	-5	225	77	30	146	30	74029150	
-16679	-2343	-15868	-2581	28197	-1117	-5	226	74	31	151	31	74029150	
-16545	-2043	-16700	-2710	30272	-915	-4	232	64	32	156	32	74029150	
-16594	-2097	-18858	-2738	32400	-944	-6	232	61	33	161	33	74029150	
-18672	-2716	-26813	-2796	32767	-1135	-14	232	48	34	166	34	74029151	
-20002	-3874	-31228	-4315	32767	-1219	-12	233	47	35	171	35	74029151	
-14096	-3367	-21824	-7102	32767	-1272	-5	235	45	36	176	36	74029151	
-5584	-72	-5580	-8859	32767	-630	-6	234	40	37	181	37	74029151	
-1639	4240	5768	-6193	25780	1275	-8	230	26	38	186	38	74029151	
-6183	5751	6762	381	8205	3328	-10	227	24	39	191	39	74029152	
-16881	4264	2362	9387	-5428	5035	-13	223	21	40	196	40	74029153	
-27621	800	-2554	18222	-8961	5899	-13	225	21	41	201	41	74029153	
-32768	-2986	-5202	23462	-4912	5250	-12	228	22	42	206	42	74029153	
-32768	-6133	-6688	23157	1825	3153	-7	226	19	43	211	43	74029153	
-32591	-8359	-8155	19096	7803	630	0	224	14	44	216	44	74029160	
-31498	-9792	-9326	13895	11967	-1700	-5	224	14	45	221	45	74029180	
-28559	-9978	-7304	7955	13955	-3882	-20	222	14	46	226	46	74029201	
-27011	-8880	-2284	3992	13095	-4922	-14	221	8	47	231	47	74029202	
-25861	-6698	1659	572	10800	-5321	-4	220	0	48	236	48	74029202	
-25213	-3955	3177	-3142	9196	-5819	-8	221	-2	49	241	49	74029202	
-25518	-1107	3449	-6478	9040	-6853	-13	223	-5	50	246	50	74029202	
-25818	1255	3321	-8240	9658	-8186	-9	220	-5	51	251	51	74029202	
-25260	2824	3511	-8146	11011	-9408	-4	216	-6	52	256	52	74029203	
-23860	3845	3932	-6847	12940	-10254	-5	217	-5	53	261	53	74029203	
-21887	4838	3779	-4634	14787	-10400	-7	219	-3	54	266	54	74029203	
-19952	5425	2441	-1887	15665	-9755	-2	219	-7	55	271	55	74029204	
-18422	5334	1218	193	15842	-8977	1	219	-9	56	276	56	74029204	
-17041	4589	241	1358	15766	-8377	0	215	-19	57	281	57	74029204	
-14862	4142	465	1795	15877	-7798	-1	213	-25	58	286	58	74029204	
-13610	4172	1532	2249	15863	-7018	0	213	-24	59	291	59	74029205	
-14007	3591	2188	3374	15159	-6042	1	213	-23	60	296	60	74029205	
-16181	1612	1915	5115	13571	-5043	4	212	-28	61	301	61	74029205	
-19347	-1240	1309	6095	11859	-4274	9	211	-35	62	306	62	74029205	
-20602	-3476	1482	5597	11553	-3831	8	209	-31	63	311	63	74029206	
-19406	-4478	2079	4367	12575	-3673	7	207	-29	64	316	64	74029206	
-17125	-5196	2174	2803	13557	-3673	6	206	-34	65	321	65	74029233	
-15372	-5535	1759	792	13440	-3965	5	205	-37	66	326	66	74029253	
-14946	-4874	1344	-1594	12221	-4572	7	205	-41	67	331	67	74029254	
-15022	-3733	965	-3534	10755	-5251	9	205	-43	68	336	68	74029254	
-14825	-2966	733	-4681	9776	-5849	12	200	-45	69	341	69	74029254	
-14238	-2568	568	-5388	9192	-6307	14	196	-46	70	346	70	74029255	
-13398	-2337	511	-5818	8556	-6613	13	195	-51	71	351	71	74029255	
-13013	-2529	324	-5651	7797	-6805	12	194	-52	72	356	72	74029255	
-13112	-2868	121	-5347	7077	-6902	9	194	-52	73	361	73	74029255	
-13189	-4013	-125	-5139	6578	-7015	8	194	-52	74	366	74	74029256	
-13200	-4658	-168	-5745	6282	-7119	9	200	-53	75	371	75	74029351	
-13140	-4374	-165	-7038	6186	-7198	10	204	-54	76	376	76	74029443	
-12930	-4077	-305	-7967	6181	-7228	14	200	-52	77	381	77	74029462	
-12744	-3840	-467	-8483	6117	-7211	16	198	-50	78	386	78	74029462	
-12623	-3162	-455	-9052	5961	-7163	18	197	-53	79	391	79	74029462	
-12476	-2510	-512	-9438	5820	-7097	18	196	-54	80	396	80	74029463	
-12336	-1794	-641	-9628	5659	-7057	13	188	-54	81	401	81	74029463	
-12193	-1169	-644	-9725	5475	-7027	12	186	-54	82	406	82	74029463	
-12135	-520	-758	-9656	5263	-7005	16	187	-60	83	411	83	74029463	
-12141	172	-924	-9476	5001	-6924	17	187	-61	84	416	84	74029464	
-12184	720	-1152	-9127	4785	-6774	17	192	-58	85	421	85	74029503	
-12124	849	-1302	-8627	4663	-6591	17	193	-57	86	426	86	74029515	
-12200	854	-1628	-8232	4560	-6380	14	186	-70	87	431	87	74029516	
-12148	1044	-1800	-8147	4378	-6194	14	186	-70	88	436	88	74029517	
-12173	1071	-1848	-8035	4222	-6052	20	190	-66	89	441	89	74029517	
-12149	860	-1896	-7728	4060	-5941	21	191	-65	90	446	90	74029517	
-12206	889	-1927	-7366	3956	-5853	16	186	-63	91	451	91	74029517	
-12172	873	-2161	-6936	3771	-5854	15	185	-63	92	456	92	74029518	
-11990	656	-2301	-6565	3616	-5843	18	191	-65	93	461	93	74029518	
-12050	786	-2064	-6425	3469	-5881	19	193	-65	94	466	94	74029518	
-12398	1245	-2021	-6351	3204	-5903	17	190	-65	95	471	95	74029518	
-12874	1856	-2432	-5999	2907	-5743	17	189	-65	96	476	96	74029519	
-12984	2084	-2898	-5324	2996	-5516	18	190	-70	97	481	97	74029519	
-12960	2668	-3252	-4617	3400	-5387	18	190	-70	98	486	98	74029539	
-12520	2356	-4084	-4078	3963	-5232	16	192	-64	99	491	99	74029539	
-11840	1768	-4404	-3898	4618	-5132	16	192	-64	100	496	100	74029539	
-11434	1614	-4590	-4437	4938	-5174	22	190	-68	101	501	101	74029540	
-10862	1520	-5100	-5114	4813	-5224	22	190	-68	102	506	102	74029540	
-10729	1590	-5570	-5694	4619	-5307	16	186	-72	103	511	103	74029540	
-10506	1866	-6392	-6621	4177	-5345	15	185	-73	104	516	104	74029540	
-10360	2106	-7064	-7461	3545	-5323	21	185	-67	105	521	105	74029541	
-10152	2498	-7694	-8243	2713	-5289	21	185	-67	106	526	106	74029541	
-9816	2554	-8382	-8790	1761	-5199	19	185	-77	107	531	107	74029541	
-9386	2842	-9430	-9166	622	-4970	19	185	-77	108	536	108	74029541	
-9064	2910	-10210	-9608	-598	-4503	14	186	-76	109	541	109	74029542	
-8992	2914	-10924	-9921	-1960	-3949	14	186	-76	110	546	110	74029542	
-9036	3148	-12148	-10134	-3663	-3335	21	187	-77	111	551	111	74029569	
-9290	3644	-13492	-10142	-5268	-2713	21	187	-77	112	556	112	74029570	
-10404	3933	-14686	-9162	-6942	-2028	16	188	-72	113	561	113	74029570	
-11442	4172	-16016	-7785	-8059	-1652	15	188	-71	114	566	114	74029571	
-11970	4202	-17222	-6457	-8020	-1404	13	189	-65	115	571	115	74029572	
-12173	3756	-17591	-5215	-6679	-1253	12	190	-66	116	576	116	74029573	
-12049	3165	-17212	-4180	-4964	-1209	10	192	-70	117	581	117	74029573	
-11652	2598	-16734	-3516	-3621	-1248	10	192	-70	118	586	118	74029574	
-11222	1786	-15682	-3135	-2423	-1379	7	185	-65	119	591	119	74029575	
-10994	838	-14852	-2933	-1796	-1628	7	185	-65	120	596	120	74029576	
-10890	-93	-14197	-2895	-1591	-1996	10	192	-74	121	601	121	74029577	
-11029	-954	-13881	-2954	-1596	-2334	10	193	-74	122	606	122	74029581	
-11243	-1824	-13629	-3180	-1677	-2689	10	198	-76	123	611	123	74029591	
-11490	-2579	-13396	-3614	-1801	-3066	11	197	-74	124	616	124	74029591	
-11843	-2942	-13414	-4221	-1883	-3456	13	195	-67	125	621	125	74029591	
-12134	-3037	-13615	-4752	-1859	-3788	12	195	-69	126	626	126	74029591	
-12467	-2814	-13818	-4994	-1720	-4006	9	197	-75	127	631	127	74029600	
-12845	-2718	-14329	-4868	-1484	-4070	9	196	-75	128	636	128	74029632	
-13182	-2233	-14869	-4617	-1253	-3962	7	191	-73	129	641	129	74029635	
-13424	-1554	-15500	-4406	-961	-3690	6	192	-72	130	646	130	74029641	
-13502	-1148	-16045	-4224	-644	-3354	4	194	-70	131	651	131	74029642	
-13397	-882	-16483	-4073	-226	-2978	5	193	-72	132	656	132	74029642	
-13172	-758	-16781	-3939	290	-2615	8	192	-76	133	661	133	74029642	
-12837	-844	-16946	-3770	976	-2222	9	192	-74	134	666	134	74029642	
-12533	-992	-17124	-3562	1627	-1856	12	192	-68	135	671	135	74029642	
-12427	-1030	-17188	-3231	2184	-1529	10	191	-69	136	676	136	74029643	
-12321	-1221	-17095	-2722	2691	-1277	1	185	-73	137	681	137	74029643	
-12276	-1494	-16933	-2227	3276	-1140	0	186	-73	138	686	138	74029643	
-12177	-1522	-16803	-1983	3887	-1122	-2	188	-72	139	691	139	74029643	
-12046	-1567	-16757	-1881	4620	-1180	1	188	-75	140	696	140	74029644	
-11960	-1804	-16758	-1885	5489	-1284	5	189	-79	141	701	141	74029644	
-11750	-2141	-16784	-2085	6547	-1406	5	188	-79	142	706	142	74029644	
-11538	-2525	-16610	-2450	7734	-1553	4	186	-78	143	711	143	74029644	
-11398	-2946	-16255	-2740	8885	-1743	0	184	-78	144	716	144	74029645	
-11643	-3302	-16119	-2764	10066	-2018	-6	180	-78	145	721	145	74029645	
-13326	-3695	-19426	-2603	11673	-2422	-1	180	-83	146	726	146	74029645	
-16865	-4476	-27140	-2805	15185	-2883	2	180	-86	147	731	147	74029646	
-19282	-5184	-32768	-4346	22794	-3602	0	179	-86	148	736	148	74029675	
-15688	-4885	-31846	-8683	31113	-4629	-3	177	-85	149	741	149	74029718	
-6834	-3079	-24985	-14814	32767	-5458	-1	175	-89	150	746	150	74029721	
320	337	-12634	-18642	31196	-5737	2	172	-94	151	751	151	74029732	
478	3965	-6706	-14827	22118	-4899	0	168	-98	152	756	152	74029746	
-5499	4815	-8643	-3947	6959	-2920	-3	163	-103	153	761	153	74029746	
-13573	1989	-12511	6193	-3103	-844	-3	162	-105	154	766	154	74029747	
-19211	-1082	-14654	7984	-4193	-422	-3	161	-107	155	771	155	74029747	
-19701	-2497	-14168	4957	-594	-1296	0	160	-100	156	776	156	74029747	
-17226	-3292	-13817	1233	2270	-2536	2	160	-96	157	781	157	74029748	
-15066	-4146	-15808	-1241	2483	-3510	1	158	-95	158	786	158	74029748	
-14209	-4365	-17294	-2671	1224	-4190	0	156	-94	159	791	159	74029748	
-14244	-3042	-14979	-3185	-190	-4694	-1	155	-95	160	796	160	74029748	
-14847	-885	-11891	-1903	-1490	-4753	-2	154	-96	161	801	161	74029749	
-15614	1344	-10507	299	-2914	-4470	0	156	-96	162	806	162	74029749	
-15657	3685	-9250	1578	-4108	-4317	2	158	-96	163	811	163	74029789	
-14536	6240	-6961	1829	-4457	-4339	-5	151	-98	164	816	164	74029817	
-12558	8522	-3638	2513	-4206	-4192	-10	146	-100	165	821	165	74029817	
-10680	9660	-84	4623	-3943	-3766	-5	153	-98	166	826	166	74029817	
-9692	10050	3254	7299	-3734	-3259	-1	157	-97	167	831	167	74029818	
-9058	9909	5263	9347	-2994	-2857	0	155	-96	168	836	168	74029819	
-7904	9328	4989	9992	-1217	-2770	0	154	-96	169	841	169	74029820	
-5912	8182	2437	9447	1463	-2964	4	153	-93	170	846	170	74029820	
-3800	6096	-3127	8630	4508	-3245	7	153	-91	171	851	171	74029821	
-3486	3205	-10406	8346	5798	-3103	1	149	-93	172	856	172	74029822	
-5132	525	-17690	8119	5720	-2955	0	148	-94	173	861	173	74029823	
-7317	-1774	-20898	8260	5680	-2681	5	148	-94	174	866	174	74029824	
-9205	-3740	-16082	9984	6290	-1993	6	148	-94	175	871	175	74029825	
-10757	-5709	-8721	12556	6228	-1109	7	149	-95	176	876	176	74029872	
-13273	-7716	-4103	13367	4704	-390	7	149	-95	177	881	177	74029896	
-17016	-7978	-4246	9879	2349	-494	9	145	-94	178	886	178	74029896	
-20313	-4866	-5443	3650	1649	-1353	11	143	-93	179	891	179	74029946	
-19680	-1579	-4678	1530	3887	-1940	7	145	-92	180	896	180	74030006	
-15930	-828	-4116	2585	6802	-1918	6	146	-92	181	901	181	74030026	
-12135	-1874	-3930	3160	8482	-1679	13	142	-93	182	906	182	74030032	
-10285	-2784	-4053	2285	7910	-1601	15	141	-93	183	911	183	74030034	
-9830	-3339	-5021	1554	6269	-1520	13	136	-98	184	916	184	74030034	
-9980	-3526	-5899	1824	5505	-1348	13	135	-99	185	921	185	74030035	
-10122	-3183	-5559	2177	5617	-1092	11	133	-98	186	926	186	74030035	
-10328	-2750	-4806	1917	5462	-794	10	132	-98	187	931	187	74030035	
-11506	-2652	-4492	1025	4651	-937	8	130	-96	188	936	188	74030036	
-12682	-3144	-4566	754	3669	-1008	8	130	-96	189	941	189	74030143	
-13516	-3816	-4290	1764	3476	-935	5	133	-101	190	946	190	74030143	
-13744	-4304	-4247	2699	3775	-873	5	133	-101	191	951	191	74030143	
-13828	-4490	-5115	2984	3833	-918	10	133	-96	192	956	192	74030143	
-14235	-4174	-6376	2863	3549	-1050	11	133	-95	193	961	193	74030144	
-14884	-4004	-6991	3044	3333	-1131	7	129	-102	194	966	194	74030144	
-15401	-4585	-6837	3393	3311	-1186	6	128	-104	195	971	195	74030144	
-15940	-5348	-6662	3098	3413	-1404	6	130	-104	196	976	196	74030144	
-16318	-5280	-6958	2418	3465	-1650	6	130	-104	197	981	197	74030144	
-16438	-4814	-7350	1827	3655	-1747	11	133	-101	198	986	198	74030145	
-16278	-4298	-7632	1460	4004	-1860	11	133	-101	199	991	199	74030145	
-15780	-4472	-8072	1106	4413	-2026	13	121	-99	200	996	200	74030145	
-15368	-4164	-8332	230	4643	-2369	13	121	-99	201	1001	201	74030145	
-14762	-3706	-8214	-594	4692	-2603	7	127	-103	202	1006	202	74030172	
-14350	-3854	-7638	-658	4982	-2641	7	127	-103	203	1011	203	74030173	
-13670	-4990	-7495	-517	5228	-2605	5	121	-103	204	1016	204	74030173	
-12763	-5650	-7572	-910	5158	-2579	5	121	-102	205	1021	205	74030173	
-12186	-5828	-7704	-1147	4855	-2576	7	123	-97	206	1026	206	74030173	
-11598	-6284	-8676	-625	4392	-2478	7	123	-97	207	1031	207	74030174	
-11568	-6324	-9410	-167	3949	-2468	-2	120	-106	208	1036	208	74030174	
-11834	-6308	-10018	7	3592	-2538	-2	120	-106	209	1041	209	74030174	
-12082	-6190	-9566	-14	3538	-2617	2	120	-102	210	1046	210	74030174	
-12622	-5926	-8890	103	3501	-2635	2	120	-102	211	1051	211	74030175	
-13214	-5492	-8492	272	3309	-2712	10	122	-102	212	1056	212	74030175	
-13904	-4540	-8458	-65	3212	-2935	9	121	-102	213	1061	213	74030179	
-14179	-4021	-8967	-415	3348	-3213	4	118	-102	214	1066	214	74030195	
-14168	-3718	-9767	-510	3670	-3529	4	117	-102	215	1071	215	74030195	
-13847	-3552	-10152	-395	4005	-3774	2	114	-104	216	1076	216	74030196	
-13500	-3665	-10492	-233	4148	-3919	3	114	-104	217	1081	217	74030196	
-13284	-4043	-11067	-180	4165	-4022	6	116	-104	218	1086	218	74030196	
-13216	-4454	-11371	-183	4246	-4080	4	117	-105	219	1091	219	74030196	
-13420	-4849	-11071	-425	4392	-4135	-3	119	-111	220	1096	220	74030197	
-13586	-5289	-9989	-1063	4716	-4260	-2	118	-109	221	1101	221	74030197	
-13183	-5225	-9088	-1915	5016	-4381	3	113	-103	222	1106	222	74030197	
-12858	-5090	-8539	-2283	4941	-4287	3	114	-104	223	1111	223	74030197	
-12515	-4898	-8774	-2116	4219	-4250	2	116	-106	224	1116	224	74030197	
-12014	-5195	-9329	-1745	3845	-4330	1	114	-107	225	1121	225	74030198	
-11297	-5790	-10259	-1385	3902	-4371	-5	107	-109	226	1126	226	74030204	
-10766	-6234	-11218	-1194	4052	-4377	-3	109	-109	227	1131	227	74030227	
-10882	-6682	-11897	-1095	3915	-4348	3	115	-107	228	1136	228	74030231	
-11667	-6887	-12437	-1227	3638	-4375	3	112	-108	229	1141	229	74030231	
-12745	-6550	-12549	-1633	3652	-4509	4	104	-110	230	1146	230	74030231	
-13490	-5657	-12390	-2130	3920	-4642	4	106	-108	231	1151	231	74030231	
-13679	-4330	-12340	-2486	4149	-4709	4	110	-106	232	1156	232	74030233	
-13396	-3075	-12681	-2340	4182	-4682	2	108	-108	233	1161	233	74030235	
-13092	-2264	-13156	-1816	4058	-4625	0	106	-110	234	1166	234	74030235	
-12941	-2067	-13209	-1284	3986	-4591	1	107	-111	235	1171	235	74030236	
-12915	-2432	-12885	-827	4035	-4566	2	108	-112	236	1176	236	74030236	
-13002	-3217	-11985	-527	4123	-4517	2	107	-112	237	1181	237	74030252	
-13060	-3481	-11352	-862	3811	-4416	1	103	-113	238	1186	238	74030299	
-12992	-3370	-11304	-1105	3404	-4261	3	104	-112	239	1191	239	74030299	
-12718	-3433	-11380	-987	3222	-4107	5	105	-111	240	1196	240	74030317	
-12080	-3702	-11706	-809	3271	-3984	5	105	-112	241	1201	241	74030345	
-11385	-4208	-12404	-580	3306	-3829	4	104	-114	242	1206	242	74030345	
-11182	-4924	-13409	-368	3193	-3662	5	104	-114	243	1211	243	74030345	
-11342	-5493	-14405	-408	3061	-3555	7	103	-115	244	1216	244	74030346	
-11788	-5434	-15028	-705	3077	-3492	6	104	-114	245	1221	245	74030346	
-12162	-4934	-15026	-931	3271	-3414	5	105	-113	246	1226	246	74030347	
-12214	-4638	-15004	-981	3646	-3359	6	106	-115	247	1231	247	74030347	
-12007	-4255	-15153	-1043	4084	-3315	7	107	-117	248	1236	248	74030348	
-11653	-3818	-15057	-946	4289	-3231	3	106	-112	249	1241	249	74030348	
-11459	-3832	-14525	-712	4213	-3104	1	105	-109	250	1246	250	74030349	
-11386	-4033	-13944	-646	4003	-2989	3	103	-110	251	1251	251	74030350	
-11326	-4047	-13487	-867	3779	-2924	6	100	-112	252	1256	252	74030357	
-11216	-3968	-12861	-1036	3709	-2875	5	102	-113	253	1261	253	74030367	
-10830	-3930	-12205	-1212	3749	-2840	4	106	-114	254	1266	254	74030369	
-10344	-3757	-11878	-1451	3721	-2843	4	102	-112	255	1271	255	74030369	
-9989	-3741	-11926	-1303	3570	-2764	4	100	-110	256	1276	256	74030370	
-9842	-3574	-12321	-1075	3327	-2582	5	100	-115	257	1281	257	74030370	
-9817	-3321	-12748	-886	3163	-2358	6	100	-118	258	1286	258	74030370	
-9798	-3256	-13189	-653	3095	-2152	5	96	-116	259	1291	259	74030371	
-9682	-3347	-13855	-461	3053	-1988	4	94	-114	260	1296	260	74030371	
-9659	-3399	-14659	-259	2973	-1814	3	95	-119	261	1301	261	74030371	
-9708	-3629	-15255	-24	2870	-1581	3	95	-123	262	1306	262	74030372	
-9895	-4034	-15446	51	2780	-1402	5	102	-117	263	1311	263	74030372	
-10076	-4484	-15814	-91	2572	-1272	6	104	-116	264	1316	264	74030372	
-10143	-4933	-16052	-311	2428	-1215	-3	95	-119	265	1321	265	74030386	
-10326	-5542	-16187	-571	2356	-1166	-7	91	-121	266	1326	266	74030393	
-10447	-5875	-16162	-1029	2393	-1118	-3	98	-121	267	1331	267	74030393	
-10347	-5718	-15790	-1568	2542	-1073	-1	103	-121	268	1336	268	74030394	
-10122	-5413	-15310	-1961	2686	-1036	2	98	-120	269	1341	269	74030395	
-9746	-5025	-14824	-2271	2812	-1043	4	94	-120	270	1346	270	74030396	
-9093	-4663	-14141	-2434	2937	-1070	-4	92	-124	271	1351	271	74030398	
-8696	-4597	-13721	-2353	2946	-1068	-7	91	-125	272	1356	272	74030398	
-8439	-3898	-13131	-2578	2908	-1040	-1	96	-125	273	1361	273	74030398	
-7937	-3642	-12635	-2502	3002	-996	1	97	-125	274	1366	274	74030398	
-7328	-4070	-13107	-1930	2896	-934	-6	90	-129	275	1371	275	74030399	
-7094	-4220	-13762	-1594	2496	-843	-8	88	-130	276	1376	276	74030399	
-7309	-3772	-14223	-1485	1935	-688	0	90	-122	277	1381	277	74030399	
-7720	-3604	-14556	-990	1430	-462	2	90	-120	278	1386	278	74030399	
-8168	-4062	-15088	-187	1161	-225	6	90	-120	279	1391	279	74030400	
-8415	-4435	-15053	-84	1175	-206	6	90	-120	280	1396	280	74030400	
-8504	-4932	-15075	-177	1265	-190	0	92	-120	281	1401	281	74030400	
-8735	-5356	-15212	-294	1286	-122	-2	92	-120	282	1406	282	74030400	
-9038	-5908	-15290	-386	1224	1	1	86	-122	283	1411	283	74030416	
