182	-296	-16161	3	-610	-136	4281	-9	-65	1	1	1	68681537	
197	-276	-16180	3	-637	-134	4282	-11	-65	2	6	2	68681537	
168	-224	-16181	-9	-643	-128	4283	-13	-65	3	11	3	68681537	
146	-204	-16116	-17	-639	-122	4284	-12	-64	4	16	4	68681537	
196	-197	-16092	-16	-642	-126	4285	-12	-64	5	21	5	68681537	
222	-170	-16107	-17	-651	-127	4286	-14	-66	6	26	6	68681537	
150	-146	-16072	-30	-667	-121	4287	-15	-67	7	31	7	68681560	
121	-125	-16063	-53	-681	-123	4288	-14	-67	8	36	8	68681576	
117	-98	-16106	-74	-675	-124	4289	-13	-67	9	41	9	68681576	
104	-89	-16140	-90	-648	-126	4290	-11	-66	10	46	10	68681576	
108	-76	-16098	-91	-619	-129	4291	-9	-65	11	51	11	68681576	
106	-90	-16077	-78	-590	-128	4292	-13	-63	12	56	12	68681576	
103	-142	-16075	-46	-570	-128	4293	-16	-62	13	61	13	68681576	
145	-137	-16066	-8	-570	-137	4294	-13	-64	14	66	14	68681580	
152	-124	-16048	16	-588	-140	4295	-11	-65	15	71	15	68681600	
170	-161	-16104	34	-610	-143	4296	-16	-67	16	76	16	68681612	
146	-170	-16124	22	-597	-143	4297	-17	-67	17	81	17	68681612	
85	-156	-15998	15	-586	-144	4298	-15	-70	18	86	18	68681612	
147	-166	-16028	-3	-568	-150	4299	-15	-71	19	91	19	68681612	
180	-170	-16047	-17	-564	-151	4300	-15	-68	20	96	20	68681613	
139	-144	-15970	-30	-578	-146	4301	-15	-67	21	101	21	68681613	
157	-160	-16056	-49	-606	-143	4302	-18	-70	22	106	22	68681645	
135	-153	-16030	-64	-621	-143	4303	-19	-71	23	111	23	68681653	
72	-109	-16025	-69	-637	-136	4304	-12	-65	24	116	24	68681653	
104	-117	-16038	-64	-634	-129	4305	-9	-63	25	121	25	68681653	
122	-108	-16102	-72	-606	-122	4306	-7	-68	26	126	26	68681653	
122	-146	-16158	-72	-577	-123	4307	-7	-69	27	131	27	68681653	
135	-143	-16059	-70	-585	-115	4308	-9	-67	28	136	28	68681654	
125	-167	-16027	-53	-599	-118	4309	-10	-66	29	141	29	68681654	
176	-184	-16012	-15	-614	-117	4310	-12	-68	30	146	30	68681678	
164	-152	-15989	15	-636	-115	4311	-12	-68	31	151	31	68681692	
90	-232	-15976	41	-652	-113	4312	-10	-66	32	156	32	68681695	
116	-238	-16090	47	-664	-118	4313	-10	-66	33	161	33	68681695	
82	-240	-16106	45	-659	-125	4314	-9	-63	34	166	34	68681695	
98	-302	-16124	27	-613	-127	4315	-9	-63	35	171	35	68681695	
114	-324	-16094	16	-582	-148	4316	-8	-66	36	176	36	68681695	
166	-284	-16168	-17	-578	-154	4317	-8	-66	37	181	37	68681695	
126	-284	-16030	-44	-595	-159	4318	-14	-64	38	186	38	68681703	
103	-311	-16090	-72	-608	-161	4319	-14	-64	39	191	39	68681726	
100	-268	-16115	-95	-617	-165	4320	-14	-67	40	196	40	68681731	
84	-224	-16130	-103	-607	-165	4321	-14	-68	41	201	41	68681731	
80	-164	-16200	-103	-591	-164	4322	-10	-68	42	206	42	68681731	
134	-170	-16162	-69	-574	-143	4323	-10	-68	43	211	43	68681731	
106	-166	-16086	-33	-592	-141	4324	-14	-64	44	216	44	68681731	
70	-156	-16142	-24	-627	-132	4325	-14	-64	45	221	45	68681731	
106	-130	-16142	-18	-630	-133	4326	-13	-63	46	226	46	68681739	
96	-92	-16092	-15	-614	-138	4327	-13	-63	47	231	47	68681771	
148	-148	-16124	0	-599	-139	4328	-9	-67	48	236	48	68681771	
167	-141	-16111	2	-589	-150	4329	-9	-67	49	241	49	68681771	
153	-159	-16072	10	-595	-140	4330	-11	-69	50	246	50	68681771	
180	-165	-16105	19	-607	-142	4331	-12	-67	51	251	51	68681771	
187	-215	-16028	5	-613	-143	4332	-14	-58	52	256	52	68681771	
121	-237	-16065	-16	-613	-140	4333	-14	-60	53	261	53	68681777	
94	-252	-16118	-33	-620	-151	4334	-13	-69	54	266	54	68681808	
192	-210	-16066	-54	-602	-146	4335	-13	-69	55	271	55	68681808	
78	-220	-15988	-58	-601	-155	4336	-10	-70	56	276	56	68681808	
148	-170	-16034	-50	-607	-153	4337	-10	-70	57	281	57	68681808	
118	-167	-16019	-49	-634	-141	4338	-16	-66	58	286	58	68681808	
129	-164	-16119	-55	-650	-137	4339	-15	-66	59	291	59	68681808	
126	-120	-16051	-57	-660	-132	4340	-13	-67	60	296	60	68681809	
159	-83	-16002	-57	-664	-120	4341	-12	-65	61	301	61	68681819	
113	-92	-15973	-39	-658	-115	4342	-10	-58	62	306	62	68681857	
38	-59	-16088	-19	-667	-116	4343	-11	-60	63	311	63	68681857	
34	-72	-16151	-6	-657	-112	4344	-13	-69	64	316	64	68681857	
-6	-58	-16168	-7	-637	-122	4345	-14	-69	65	321	65	68681857	
48	-108	-16164	-7	-595	-130	4346	-16	-68	66	326	66	68681857	
92	-139	-16112	-11	-559	-133	4347	-15	-68	67	331	67	68681857	
131	-136	-16134	-11	-529	-140	4348	-13	-69	68	336	68	68681860	
120	-158	-16128	-8	-517	-144	4349	-12	-69	69	341	69	68681871	
145	-189	-16148	4	-522	-144	4350	-9	-71	70	346	70	68681894	
166	-218	-16188	14	-541	-149	4351	-10	-70	71	351	71	68681894	
139	-258	-16132	28	-557	-139	4352	-12	-64	72	356	72	68681895	
157	-245	-16193	34	-571	-140	4353	-13	-64	73	361	73	68681895	
148	-236	-16191	33	-580	-149	4354	-14	-64	74	366	74	68681895	
170	-266	-16184	19	-583	-152	4355	-12	-63	75	371	75	68681895	
196	-263	-16152	7	-587	-149	4356	-10	-62	76	376	76	68681895	
194	-233	-16092	-10	-598	-148	4357	-13	-64	77	381	77	68681895	
235	-218	-16097	-31	-619	-150	4358	-18	-68	78	386	78	68681898	
224	-201	-16033	-55	-647	-144	4359	-14	-67	79	391	79	68681914	
210	-194	-15940	-75	-663	-136	4360	-8	-66	80	396	80	68681932	
194	-156	-15934	-83	-671	-132	4361	-12	-66	81	401	81	68681932	
158	-123	-15992	-87	-665	-123	4363	-17	-65	82	406	82	68681932	
183	-150	-16038	-89	-650	-122	4364	-17	-68	83	411	83	68681932	
194	-197	-16084	-85	-632	-124	4364	-16	-70	84	416	84	68681932	
193	-191	-16068	-81	-613	-121	4365	-15	-66	85	421	85	68681932	
146	-170	-16062	-76	-612	-116	4366	-14	-60	86	426	86	68681948	
83	-177	-16100	-70	-619	-113	4367	-14	-63	87	431	87	68681972	
104	-168	-16063	-56	-614	-116	4368	-15	-67	88	436	88	68681972	
126	-131	-16059	-41	-616	-113	4369	-14	-67	89	441	89	68681972	
134	-107	-16084	-26	-628	-115	4371	-12	-66	90	446	90	68681972	
176	-127	-16071	-15	-647	-121	4372	-11	-67	91	451	91	68681972	
165	-127	-16048	-15	-653	-129	4373	-11	-67	92	456	92	68681972	
138	-136	-16050	-18	-637	-132	4374	-12	-64	93	461	93	68681977	
118	-143	-16070	-11	-622	-136	4375	-12	-62	94	466	94	68681998	
122	-177	-16124	0	-611	-136	4376	-13	-64	95	471	95	68682009	
103	-169	-16187	-1	-619	-138	4377	-14	-66	96	476	96	68682009	
85	-154	-16255	-9	-627	-142	4378	-13	-68	97	481	97	68682009	
61	-145	-16288	-17	-612	-142	4379	-13	-69	98	486	98	68682010	
52	-141	-16258	-33	-594	-146	4380	-14	-67	99	491	99	68682010	
61	-184	-16165	-52	-573	-155	4381	-15	-65	100	496	100	68682010	
49	-156	-16123	-63	-555	-153	4382	-14	-67	101	501	101	68682015	
90	-182	-16102	-70	-555	-150	4383	-14	-68	102	506	102	68682036	
138	-229	-16052	-73	-574	-148	4384	-12	-67	103	511	103	68682048	
151	-196	-16107	-71	-589	-146	4385	-11	-67	104	516	104	68682048	
88	-163	-16028	-59	-586	-142	4386	-18	-66	105	521	105	68682048	
122	-160	-16018	-35	-588	-136	4387	-22	-66	106	526	106	68682048	
210	-155	-16036	-13	-591	-125	4388	-21	-63	107	531	107	68682048	
156	-134	-16045	1	-621	-120	4389	-20	-62	108	536	108	68682049	
142	-136	-16063	9	-637	-124	4390	-19	-66	109	541	109	68682070	
104	-119	-16112	4	-635	-132	4391	-19	-67	110	546	110	68682082	
139	-159	-16095	9	-623	-136	4392	-14	-67	111	551	111	68682084	
108	-143	-16128	-6	-614	-132	4393	-13	-67	112	556	112	68682084	
65	-168	-16125	-17	-595	-137	4394	-13	-66	113	561	113	68682084	
80	-222	-16050	-28	-582	-148	4395	-13	-65	114	566	114	68682085	
113	-231	-16131	-30	-591	-155	4396	-14	-66	115	571	115	68682085	
143	-208	-16099	-29	-608	-154	4397	-15	-67	116	576	116	68682093	
134	-204	-16089	-31	-613	-150	4398	-9	-73	117	581	117	68682117	
98	-204	-16075	-24	-597	-151	4399	-7	-75	118	586	118	68682122	
157	-204	-16108	-22	-587	-148	4400	-11	-71	119	591	119	68682122	
169	-230	-16160	-26	-583	-145	4401	-12	-70	120	596	120	68682122	
198	-209	-16160	-33	-576	-132	4402	-16	-66	121	601	121	68682122	
190	-183	-16088	-37	-593	-131	4403	-17	-65	122	606	122	68682122	
175	-180	-16142	-49	-596	-132	4404	-16	-64	123	611	123	68682122	
204	-192	-16136	-56	-597	-137	4405	-16	-64	124	616	124	68682132	
236	-82	-16088	-51	-587	-135	4406	-8	-64	125	621	125	68682174	
146	-44	-16124	-53	-594	-143	4407	-8	-64	126	626	126	68682174	
172	-76	-16098	-48	-621	-146	4408	-13	-63	127	631	127	68682174	
162	-128	-16132	-16	-630	-139	4409	-13	-63	128	636	128	68682175	
119	-103	-16155	1	-626	-139	4410	-15	-68	129	641	129	68682175	
176	-82	-16099	24	-631	-138	4411	-15	-69	130	646	130	68682175	
150	-116	-16006	42	-639	-136	4412	-15	-69	131	651	131	68682175	
124	-220	-16132	38	-644	-143	4413	-15	-69	132	656	132	68682211	
138	-210	-16050	27	-622	-148	4414	-12	-62	133	661	133	68682211	
132	-188	-16036	18	-607	-151	4415	-12	-62	134	666	134	68682211	
156	-212	-16066	-15	-584	-149	4416	-10	-66	135	671	135	68682211	
134	-218	-16076	-27	-588	-140	4417	-10	-66	136	676	136	68682211	
104	-184	-16026	-49	-598	-152	4418	-8	-72	137	681	137	68682211	
94	-182	-16000	-32	-597	-150	4419	-8	-72	138	686	138	68682211	
118	-208	-15970	-27	-594	-142	4420	-20	-68	139	691	139	68682211	
152	-148	-16068	-31	-610	-140	4421	-20	-68	140	696	140	68682211	
183	-141	-15994	-48	-620	-133	4422	-17	-65	141	701	141	68682219	
190	-94	-16074	-57	-622	-126	4423	-16	-66	142	706	142	68682249	
171	-119	-16084	-63	-636	-125	4424	-12	-68	143	711	143	68682249	
208	-136	-16136	-59	-647	-130	4425	-12	-68	144	716	144	68682249	
122	-98	-16266	-47	-665	-121	4426	-10	-64	145	721	145	68682250	
118	-102	-16174	-35	-674	-118	4427	-10	-64	146	726	146	68682250	
76	-80	-16128	-3	-673	-110	4428	-7	-65	147	731	147	68682250	
100	-136	-16074	23	-646	-113	4429	-7	-65	148	736	148	68682250	
61	-141	-16121	35	-603	-122	4430	-15	-63	149	741	149	68682257	
91	-124	-16150	43	-577	-123	4431	-14	-63	150	746	150	68682285	
107	-140	-16086	29	-566	-135	4432	-11	-63	151	751	151	68682285	
113	-170	-16201	12	-577	-146	4433	-11	-62	152	756	152	68682286	
88	-206	-16107	-7	-592	-151	4434	-10	-58	153	761	153	68682286	
108	-233	-16042	-36	-597	-152	4435	-11	-59	154	766	154	68682286	
111	-177	-16059	-57	-602	-148	4436	-13	-63	155	771	155	68682286	
78	-199	-16095	-68	-595	-151	4437	-14	-63	156	776	156	68682288	
53	-205	-16147	-62	-589	-154	4438	-17	-63	157	781	157	68682302	
140	-190	-16167	-43	-580	-143	4439	-16	-65	158	786	158	68682323	
157	-212	-16096	-24	-587	-137	4440	-14	-68	159	791	159	68682323	
125	-236	-16024	-13	-607	-118	4441	-15	-67	160	796	160	68682323	
166	-243	-15996	1	-619	-123	4442	-19	-65	161	801	161	68682323	
126	-242	-16142	4	-611	-130	4443	-18	-65	162	806	162	68682323	
142	-216	-16052	1	-614	-127	4444	-15	-65	163	811	163	68682323	
176	-196	-16064	3	-622	-123	4445	-15	-67	164	816	164	68682325	
171	-195	-16017	5	-642	-118	4446	-14	-74	165	821	165	68682338	
160	-209	-16020	-2	-667	-121	4447	-12	-72	166	826	166	68682352	
134	-215	-16140	-20	-664	-127	4448	-8	-68	167	831	167	68682352	
103	-205	-16104	-44	-645	-135	4449	-10	-67	168	836	168	68682353	
80	-171	-16025	-54	-617	-138	4450	-13	-65	169	841	169	68682353	
55	-175	-16056	-58	-589	-145	4451	-13	-65	170	846	170	68682353	
140	-200	-16044	-59	-592	-157	4452	-12	-66	171	851	171	68682353	
179	-236	-16052	-60	-612	-154	4453	-14	-65	172	856	172	68682368	
105	-256	-16071	-51	-626	-142	4454	-17	-63	173	861	173	68682390	
88	-234	-16114	-34	-625	-142	4455	-15	-65	174	866	174	68682390	
88	-216	-16178	-29	-614	-144	4456	-12	-68	175	871	175	68682390	
125	-212	-16152	-26	-596	-149	4457	-10	-67	176	876	176	68682391	
128	-191	-16179	-20	-587	-148	4458	-8	-66	177	881	177	68682391	
92	-182	-16172	-9	-595	-148	4459	-9	-66	178	886	178	68682391	
115	-197	-16152	-2	-603	-152	4460	-11	-67	179	891	179	68682413	
96	-207	-16199	-12	-615	-152	4461	-14	-66	180	896	180	68682446	
112	-200	-16162	-27	-612	-147	4462	-19	-65	181	901	181	68682446	
129	-234	-16171	-39	-593	-151	4464	-15	-67	182	906	182	68682446	
122	-218	-16079	-39	-585	-155	4465	-11	-69	183	911	183	68682452	
188	-175	-16053	-32	-583	-146	4466	-15	-68	184	916	184	68682467	
242	-148	-16048	-34	-595	-138	4467	-17	-67	185	921	185	68682475	
213	-164	-16027	-40	-619	-135	4468	-12	-63	186	926	186	68682476	
173	-157	-16030	-56	-634	-134	4469	-9	-61	187	931	187	68682476	
