-15078	-4365	-7062	-107	-377	79	70	97	22	1	1	1	68687282	
-15123	-4372	-6936	-108	-375	93	70	94	22	2	6	2	68687282	
-15061	-4446	-6943	-99	-378	104	70	94	23	3	11	3	68687282	
-15137	-4443	-6928	-95	-372	118	68	96	28	4	16	4	68687282	
-15231	-4438	-6888	-92	-351	129	68	95	28	5	21	5	68687282	
-15229	-4510	-6913	-86	-327	134	69	93	29	6	26	6	68687290	
-15201	-4524	-6859	-87	-302	121	69	93	29	7	31	7	68687321	
-15197	-4435	-6852	-89	-291	105	71	92	28	8	36	8	68687332	
-15188	-4384	-6866	-92	-284	86	72	93	28	9	41	9	68687339	
-15167	-4384	-6910	-101	-281	64	71	95	27	10	46	10	68687339	
-15158	-4382	-6948	-117	-273	44	70	96	25	11	51	11	68687339	
-15165	-4364	-6968	-136	-264	36	68	98	22	12	56	12	68687339	
-15173	-4320	-6942	-156	-260	35	69	96	24	13	61	13	68687343	
-15165	-4318	-6940	-168	-264	26	70	92	28	14	66	14	68687363	
-15136	-4370	-6957	-169	-269	19	70	91	26	15	71	15	68687383	
-15154	-4421	-6964	-155	-282	15	71	89	23	16	76	16	68687383	
-15138	-4426	-7006	-133	-297	11	72	88	22	17	81	17	68687384	
-15099	-4396	-6951	-127	-313	10	72	88	22	18	86	18	68687384	
-15057	-4421	-6966	-120	-325	8	74	91	25	19	91	19	68687384	
-15048	-4447	-7009	-110	-332	7	75	93	27	20	96	20	68687384	
-15032	-4415	-6986	-105	-335	4	72	89	22	21	101	21	68687384	
-15058	-4448	-6961	-98	-346	2	70	86	18	22	106	22	68687385	
-15057	-4450	-6938	-83	-352	-2	72	91	20	23	111	23	68687385	
-15099	-4397	-6863	-74	-357	10	73	95	21	24	116	24	68687385	
-15094	-4359	-6930	-83	-353	27	75	90	19	25	121	25	68687413	
-15138	-4338	-6914	-74	-349	28	75	89	19	26	126	26	68687420	
-15129	-4371	-6986	-77	-349	40	73	91	25	27	131	27	68687420	
-15084	-4375	-6976	-79	-351	46	73	91	27	28	136	28	68687420	
-15068	-4348	-6922	-84	-358	59	75	93	22	29	141	29	68687421	
-15098	-4312	-6934	-91	-358	70	75	93	21	30	146	30	68687421	
-15029	-4310	-6926	-89	-368	74	69	94	25	31	151	31	68687421	
-15071	-4313	-6969	-93	-379	72	68	94	26	32	156	32	68687421	
-15128	-4302	-6931	-94	-391	73	67	90	27	33	161	33	68687421	
-15138	-4360	-6934	-100	-394	71	67	89	27	34	166	34	68687428	
-15111	-4330	-6948	-90	-398	70	73	92	25	35	171	35	68687446	
-15112	-4331	-6963	-89	-398	70	75	93	25	36	176	36	68687450	
-15138	-4339	-6907	-78	-393	64	65	98	23	37	181	37	68687450	
-15154	-4356	-6934	-77	-394	60	63	99	23	38	186	38	68687450	
-15126	-4402	-6952	-73	-399	68	70	97	24	39	191	39	68687450	
-15091	-4383	-6943	-66	-402	68	72	96	24	40	196	40	68687450	
-15144	-4454	-6924	-52	-381	67	75	95	25	41	201	41	68687450	
-15166	-4440	-6910	-53	-374	68	75	95	25	42	206	42	68687469	
-15150	-4428	-6848	-60	-358	71	73	95	23	43	211	43	68687494	
-15128	-4352	-6788	-59	-360	65	73	95	23	44	216	44	68687494	
-15066	-4408	-6908	-56	-367	67	70	86	24	45	221	45	68687495	
-15046	-4464	-6860	-71	-358	57	70	86	24	46	226	46	68687495	
-15126	-4470	-6918	-88	-363	59	70	100	22	47	231	47	68687496	
-15032	-4438	-6870	-111	-361	61	70	100	22	48	236	48	68687496	
-15100	-4428	-6864	-116	-360	65	71	97	25	49	241	49	68687507	
-15129	-4525	-6907	-129	-357	75	71	97	25	50	246	50	68687529	
-15150	-4500	-6971	-132	-337	79	69	97	23	51	251	51	68687530	
-15162	-4472	-6967	-123	-328	85	70	96	24	52	256	52	68687530	
-15188	-4408	-6893	-115	-320	86	74	92	26	53	261	53	68687537	
-15139	-4388	-6947	-98	-322	78	74	92	26	54	266	54	68687564	
-15194	-4410	-6904	-94	-324	59	72	94	28	55	271	55	68687564	
-15133	-4396	-6972	-83	-319	38	72	94	27	56	276	56	68687564	
-15110	-4392	-6947	-86	-325	34	74	92	24	57	281	57	68687564	
-15105	-4381	-6916	-77	-328	30	72	96	22	58	286	58	68687564	
-15096	-4365	-6911	-79	-335	27	69	101	19	59	291	59	68687564	
-15092	-4364	-6886	-79	-344	27	69	98	23	60	296	60	68687564	
-15085	-4370	-6956	-76	-356	31	70	94	28	61	301	61	68687568	
-15105	-4353	-6958	-67	-362	35	71	93	27	62	306	62	68687584	
-15169	-4375	-6914	-55	-366	36	72	92	26	63	311	63	68687598	
-15139	-4380	-6875	-45	-372	36	72	88	26	64	316	64	68687598	
-15113	-4366	-6929	-49	-377	41	73	83	25	65	321	65	68687598	
-15082	-4382	-6966	-43	-382	43	74	88	26	66	326	66	68687598	
-15077	-4406	-6954	-45	-384	40	74	92	26	67	331	67	68687598	
-15074	-4400	-6955	-44	-384	41	75	91	25	68	336	68	68687598	
-15106	-4411	-6928	-40	-396	48	75	91	25	69	341	69	68687598	
-15107	-4432	-6981	-41	-408	54	74	90	22	70	346	70	68687598	
-15106	-4417	-6979	-55	-402	64	74	90	20	71	351	71	68687603	
-15103	-4416	-6898	-56	-390	75	72	91	25	72	356	72	68687624	
-15088	-4440	-6880	-65	-378	80	70	92	28	73	361	73	68687636	
-15132	-4402	-6908	-81	-367	89	75	95	22	74	366	74	68687637	
-15127	-4376	-6943	-101	-359	89	76	96	20	75	371	75	68687637	
-15106	-4425	-6873	-105	-357	86	74	97	29	76	376	76	68687637	
-15094	-4430	-6940	-107	-370	83	73	97	31	77	381	77	68687637	
-15153	-4410	-6940	-113	-369	84	74	91	27	78	386	78	68687643	
-15125	-4398	-6928	-110	-362	74	74	90	26	79	391	79	68687711	
-15127	-4385	-6897	-111	-356	69	67	96	24	80	396	80	68687727	
-15124	-4406	-6925	-107	-358	70	65	97	23	81	401	81	68687727	
-15133	-4350	-6952	-98	-356	65	70	92	23	82	406	82	68687733	
-15138	-4382	-6956	-81	-372	75	71	91	23	83	411	83	68687752	
-15124	-4414	-6966	-77	-369	67	74	90	24	84	416	84	68687753	
-15142	-4392	-6996	-77	-377	68	74	90	24	85	421	85	68687753	
-15070	-4452	-6916	-69	-363	61	73	91	23	86	426	86	68687753	
-15082	-4414	-6918	-71	-350	69	73	91	23	87	431	87	68687753	
-15118	-4364	-6936	-70	-350	62	73	93	21	88	436	88	68687753	
-15122	-4348	-6964	-62	-356	62	73	93	21	89	441	89	68687753	
-15124	-4396	-6978	-67	-351	62	76	90	26	90	446	90	68687766	
-15091	-4398	-6906	-79	-351	67	75	90	26	91	451	91	68687794	
-15106	-4386	-6876	-89	-346	72	71	91	25	92	456	92	68687794	
-15119	-4444	-6898	-97	-350	66	71	91	25	93	461	93	68687794	
-15119	-4393	-6908	-97	-346	67	72	92	26	94	466	94	68687794	
-15076	-4380	-6894	-101	-345	69	72	93	25	95	471	95	68687795	
-15105	-4354	-6948	-94	-348	64	73	99	21	96	476	96	68687795	
-15100	-4390	-6912	-101	-352	51	72	98	22	97	481	97	68687795	
-15151	-4395	-6937	-100	-351	57	68	92	26	98	486	98	68687795	
-15136	-4388	-6944	-99	-355	58	68	92	26	99	491	99	68687795	
-15123	-4414	-6913	-94	-356	56	76	94	30	100	496	100	68687795	
-15114	-4391	-6913	-89	-352	53	75	95	28	101	501	101	68687795	
-15078	-4365	-6938	-77	-360	47	71	97	21	102	506	102	68687797	
-15160	-4419	-6950	-72	-365	43	71	96	22	103	511	103	68687807	
-15166	-4450	-6944	-80	-359	49	72	92	24	104	516	104	68687807	
-15142	-4429	-6978	-81	-359	51	72	92	25	105	521	105	68687807	
-15111	-4414	-6985	-55	-366	51	74	90	30	106	526	106	68687807	
-15090	-4456	-6970	-58	-371	47	74	90	31	107	531	107	68687808	
-15136	-4471	-6974	-61	-368	53	73	91	33	108	536	108	68687820	
-15135	-4396	-6944	-44	-369	54	73	91	30	109	541	109	68687839	
-15081	-4386	-6900	-43	-370	56	73	91	25	110	546	110	68687839	
-15113	-4438	-6953	-49	-370	62	73	91	23	111	551	111	68687839	
-15070	-4417	-6996	-59	-369	63	74	92	20	112	556	112	68687839	
-15109	-4395	-6984	-80	-372	63	76	91	24	113	561	113	68687839	
-15118	-4430	-6934	-85	-363	64	78	90	30	114	566	114	68687839	
-15124	-4438	-6943	-78	-358	63	74	90	27	115	571	115	68687839	
-15121	-4408	-6929	-83	-365	58	69	89	23	116	576	116	68687842	
-15081	-4422	-6935	-85	-362	56	69	91	23	117	581	117	68687862	
-15123	-4446	-6916	-85	-360	55	69	93	23	118	586	118	68687874	
-15118	-4421	-6906	-93	-358	50	71	95	30	119	591	119	68687874	
-15115	-4424	-6955	-107	-357	47	72	96	34	120	596	120	68687874	
-15158	-4444	-6958	-113	-356	39	70	95	30	121	601	121	68687874	
-15163	-4420	-6943	-111	-357	30	69	95	27	122	606	122	68687874	
-15119	-4460	-6934	-103	-358	22	68	94	22	123	611	123	68687874	
-15033	-4484	-6943	-104	-365	30	67	93	19	124	616	124	68687881	
-15028	-4427	-6929	-96	-376	30	70	95	19	125	621	125	68687922	
-15032	-4369	-6982	-104	-384	35	71	95	19	126	626	126	68687933	
-15027	-4377	-6993	-107	-399	42	69	97	20	127	631	127	68687933	
-15002	-4344	-6950	-90	-404	65	68	98	20	128	636	128	68687933	
-15017	-4329	-6974	-86	-396	84	68	96	22	129	641	129	68687933	
-15014	-4362	-6952	-84	-398	100	68	96	22	130	646	130	68687933	
-15058	-4404	-6973	-59	-410	119	70	94	27	131	651	131	68687933	
-15134	-4465	-6935	-63	-395	130	70	94	28	132	656	132	68687941	
-15174	-4480	-6790	-72	-372	131	74	96	22	133	661	133	68687984	
-15258	-4588	-6878	-81	-363	126	74	96	22	134	666	134	68687985	
-15210	-4568	-6782	-108	-333	99	71	93	31	135	671	135	68687985	
-15236	-4524	-6908	-111	-332	81	71	93	31	136	676	136	68687985	
-15164	-4446	-6916	-116	-323	57	72	90	32	137	681	137	68687985	
-15200	-4408	-6900	-122	-306	39	72	90	32	138	686	138	68687985	
-15084	-4428	-6864	-111	-304	15	68	94	24	139	691	139	68687985	
-15112	-4394	-6964	-125	-301	26	68	94	24	140	696	140	68687990	
-15168	-4404	-6938	-149	-296	27	70	98	26	141	701	141	68688009	
-15174	-4422	-6997	-156	-292	22	71	98	26	142	706	142	68688010	
-15131	-4400	-6995	-144	-308	21	73	97	25	143	711	143	68688010	
-15108	-4433	-6972	-130	-319	36	72	96	24	144	716	144	68688010	
-15087	-4416	-6976	-114	-326	32	70	92	22	145	721	145	68688010	
-15052	-4418	-7027	-98	-346	41	69	92	23	146	726	146	68688010	
-15031	-4393	-7009	-93	-356	49	67	91	27	147	731	147	68688010	
-15045	-4391	-6929	-82	-375	42	68	92	26	148	736	148	68688010	
-15029	-4414	-6949	-73	-389	42	71	95	23	149	741	149	68688010	
-15033	-4404	-6952	-71	-392	41	69	94	23	150	746	150	68688010	
-15045	-4439	-6981	-78	-401	49	65	93	23	151	751	151	68688025	
-15074	-4413	-6984	-84	-405	57	65	95	26	152	756	152	68688047	
-15064	-4394	-6904	-99	-401	68	65	99	31	153	761	153	68688047	
-15045	-4421	-6942	-112	-391	81	67	98	32	154	766	154	68688048	
-15042	-4413	-7004	-113	-384	90	69	97	33	155	771	155	68688048	
-15055	-4391	-6937	-121	-391	93	71	97	30	156	776	156	68688048	
-15097	-4401	-6970	-128	-404	96	74	96	26	157	781	157	68688048	
-15145	-4428	-6952	-128	-408	99	75	93	31	158	786	158	68688048	
-15125	-4434	-6968	-120	-406	101	75	91	35	159	791	159	68688078	
-15104	-4370	-6970	-111	-405	96	74	90	30	160	796	160	68688099	
-15108	-4362	-6947	-110	-405	85	73	89	27	161	801	161	68688099	
-15097	-4381	-6953	-115	-405	82	74	93	27	162	806	162	68688099	
-15090	-4387	-6928	-108	-411	87	75	95	27	163	811	163	68688099	
-15091	-4372	-6939	-94	-415	94	72	99	25	164	816	164	68688099	
-15097	-4381	-6978	-91	-414	101	69	103	23	165	821	165	68688099	
-15139	-4427	-6973	-91	-410	107	73	97	25	166	826	166	68688104	
-15164	-4403	-6909	-91	-404	105	77	91	27	167	831	167	68688133	
-15116	-4413	-6880	-95	-403	101	73	90	25	168	836	168	68688149	
-15116	-4444	-6917	-93	-399	99	70	90	24	169	841	169	68688149	
-15137	-4430	-6920	-93	-395	90	71	95	25	170	846	170	68688149	
-15110	-4409	-6882	-94	-399	82	72	98	26	171	851	171	68688149	
-15111	-4412	-6885	-98	-395	76	70	93	26	172	856	172	68688149	
-15098	-4400	-6884	-108	-395	69	68	90	26	173	861	173	68688149	
-15076	-4418	-6877	-122	-402	67	71	96	26	174	866	174	68688149	
-15079	-4398	-6945	-138	-402	80	72	98	26	175	871	175	68688150	
-15104	-4433	-6919	-147	-403	88	71	92	28	176	876	176	68688150	
-15110	-4473	-6902	-151	-399	103	71	91	29	177	881	177	68688155	
-15094	-4482	-6849	-150	-377	109	72	90	30	178	886	178	68688180	
-15144	-4498	-6908	-141	-357	103	72	90	30	179	891	179	68688186	
-15120	-4440	-6915	-137	-350	95	66	94	29	180	896	180	68688186	
-15193	-4448	-6867	-136	-350	94	65	95	29	181	901	181	68688186	
-15196	-4508	-6883	-126	-345	90	69	94	30	182	906	182	68688187	
-15190	-4498	-6878	-120	-348	70	70	94	30	183	911	183	68688187	
-15128	-4370	-6996	-116	-341	63	71	95	25	184	916	184	68688187	
-15094	-4392	-6930	-133	-330	63	71	95	25	185	921	185	68688187	
-15030	-4392	-6930	-142	-341	75	64	92	26	186	926	186	68688187	
-15056	-4380	-6946	-141	-354	68	64	92	26	187	931	187	68688197	
-15058	-4376	-6902	-144	-353	61	74	90	30	188	936	188	68688248	
