-2021	-2318	-16746	-3549	-1277	235	33	-61	-175	1	1	1	80508302	
-2071	-2555	-16583	-3252	-891	278	35	-60	-174	2	6	2	80508302	
-1963	-2750	-16402	-2973	-488	306	36	-60	-174	3	11	3	80508302	
-1600	-2781	-16174	-2785	-117	336	30	-61	-178	4	16	4	80508302	
-1185	-2844	-16035	-2729	196	385	29	-61	-179	5	21	5	80508303	
-857	-2865	-15906	-2705	433	498	33	-60	-177	6	26	6	80508327	
-641	-2848	-15600	-2598	624	643	34	-60	-176	7	31	7	80508340	
-298	-2730	-15336	-2453	786	724	30	-62	-172	8	36	8	80508342	
180	-2796	-15268	-2305	893	708	30	-62	-172	9	41	9	80508342	
404	-2746	-15018	-2133	953	676	31	-67	-177	10	46	10	80508342	
618	-2434	-14568	-1896	1051	730	31	-67	-177	11	51	11	80508342	
1032	-2042	-14080	-1568	1218	720	33	-65	-181	12	56	12	80508342	
1492	-1624	-13820	-1192	1354	709	33	-65	-181	13	61	13	80508342	
1976	-1470	-13760	-778	1459	734	32	-60	-172	14	66	14	80508371	
2486	-1632	-13764	-298	1516	701	32	-60	-172	15	71	15	80508379	
2650	-2050	-13907	261	1402	689	29	-59	-175	16	76	16	80508379	
2528	-2420	-14314	646	1227	734	29	-60	-175	17	81	17	80508379	
2334	-3014	-14826	862	1053	793	29	-65	-173	18	86	18	80508379	
2085	-3726	-15432	831	957	777	29	-65	-173	19	91	19	80508380	
2077	-4495	-16206	491	928	727	29	-67	-173	20	96	20	80508380	
2242	-5212	-16988	-86	898	744	29	-66	-174	21	101	21	80508382	
2527	-5655	-17584	-835	865	696	30	-64	-178	22	106	22	80508401	
2871	-5758	-18202	-1628	746	618	30	-63	-178	23	111	23	80508439	
2764	-5852	-18728	-2354	494	631	29	-61	-177	24	116	24	80508440	
2554	-5910	-19077	-3054	157	702	29	-63	-175	25	121	25	80508441	
2346	-6112	-19305	-3609	-138	652	29	-65	-173	26	126	26	80508441	
2374	-6117	-19403	-4157	-430	521	30	-64	-175	27	131	27	80508442	
2525	-5782	-19464	-4644	-751	341	31	-63	-177	28	136	28	80508442	
2490	-5304	-19432	-5062	-1119	188	27	-62	-176	29	141	29	80508457	
2258	-4584	-19011	-5346	-1470	147	22	-60	-174	30	146	30	80508477	
1970	-3821	-18370	-5429	-1760	159	25	-61	-175	31	151	31	80508478	
1674	-3395	-17595	-5436	-1996	210	29	-63	-177	32	156	32	80508478	
1804	-3037	-17042	-5438	-2160	279	26	-61	-175	33	161	33	80508479	
2273	-2782	-16798	-5464	-2325	341	24	-60	-174	34	166	34	80508479	
2503	-2546	-16604	-5561	-2605	468	23	-60	-175	35	171	35	80508479	
2260	-2227	-16460	-5644	-2988	687	22	-60	-176	36	176	36	80508480	
1885	-2143	-16431	-5690	-3393	846	22	-64	-177	37	181	37	80508480	
1716	-2011	-16572	-5861	-3768	956	22	-66	-178	38	186	38	80508480	
1470	-1532	-16467	-6090	-4129	1084	21	-61	-179	39	191	39	80508481	
1224	-1025	-16280	-6272	-4465	1180	20	-58	-180	40	196	40	80508483	
859	-398	-16199	-6605	-4841	1298	21	-62	-178	41	201	41	80508505	
500	-270	-16351	-7003	-5174	1440	21	-63	-177	42	206	42	80508512	
295	23	-16574	-7612	-5495	1547	16	-58	-180	43	211	43	80508512	
100	604	-16778	-7986	-5765	1587	15	-57	-181	44	216	44	80508512	
-102	698	-16839	-8035	-6027	1608	18	-55	-183	45	221	45	80508512	
-300	1298	-16710	-8024	-6279	1699	19	-55	-183	46	226	46	80508512	
-386	2333	-16385	-7797	-6363	1791	15	-51	-181	47	231	47	80508520	
-177	3498	-15970	-7259	-6393	1894	14	-50	-180	48	236	48	80508543	
178	4380	-15466	-6084	-6418	1983	16	-56	-184	49	241	49	80508548	
522	4580	-15070	-4864	-6469	2070	16	-56	-184	50	246	50	80508548	
628	4660	-14828	-3612	-6529	2334	14	-52	-184	51	251	51	80508548	
685	4555	-14698	-2569	-6523	2567	14	-52	-184	52	256	52	80508549	
522	3995	-14640	-1362	-6419	2959	8	-56	-190	53	261	53	80508549	
20	2825	-14722	-260	-6289	3543	7	-57	-191	54	266	54	80508549	
-836	929	-15072	476	-6173	4234	10	-49	-186	55	271	55	80508557	
-2040	-1558	-15565	691	-6068	4954	11	-47	-185	56	276	56	80508575	
-3355	-3971	-16348	310	-5938	5608	11	-50	-185	57	281	57	80508579	
-4518	-5964	-17700	-984	-5601	6199	11	-51	-185	58	286	58	80508579	
-5126	-7470	-19210	-2627	-5103	6559	10	-48	-184	59	291	59	80508579	
-5166	-9844	-20484	-4606	-4476	6933	10	-48	-184	60	296	60	80508580	
-4780	-11250	-21270	-7098	-3826	7272	12	-50	-188	61	301	61	80508580	
-3964	-10202	-21548	-9612	-3226	7225	12	-50	-188	62	306	62	80508580	
-3238	-7720	-21604	-11570	-2705	6968	10	-44	-186	63	311	63	80508616	
-2366	-4978	-21726	-12893	-2329	6807	10	-44	-186	64	316	64	80508617	
-1862	-3378	-22040	-13519	-2236	6684	3	-43	-187	65	321	65	80508617	
-1514	-2594	-22651	-13591	-2007	6300	3	-43	-188	66	326	66	80508617	
-1034	-1121	-22304	-13649	-1538	6055	5	-45	-191	67	331	67	80508617	
-547	1470	-21524	-13430	-1142	6134	4	-44	-190	68	336	68	80508619	
56	3445	-20856	-12781	-1104	6374	0	-42	-184	69	341	69	80508632	
918	4388	-20404	-11912	-1343	6559	-1	-43	-185	70	346	70	80508654	
2078	4952	-20490	-10845	-1868	6555	-6	-46	-190	71	351	71	80508654	
3225	4538	-21312	-9577	-2707	6362	-6	-45	-190	72	356	72	80508654	
3854	3530	-22561	-8474	-3751	5848	-7	-41	-189	73	361	73	80508654	
4020	2485	-23808	-7454	-5071	5417	-8	-41	-189	74	366	74	80508654	
4183	1594	-24485	-6751	-6723	4901	-11	-39	-189	75	371	75	80508655	
4584	1575	-24212	-6936	-8195	4335	-9	-40	-189	76	376	76	80508666	
5040	2874	-23202	-7661	-9617	3748	-7	-41	-189	77	381	77	80508686	
5324	4419	-21731	-8150	-10953	3358	-9	-41	-190	78	386	78	80508693	
5112	4673	-20508	-7866	-12210	3069	-12	-40	-192	79	391	79	80508694	
4460	3259	-20201	-7297	-13140	2607	-12	-39	-190	80	396	80	80508694	
3924	1021	-20707	-7092	-13534	2079	-12	-38	-186	81	401	81	80508694	
3831	-1916	-21870	-7005	-13821	1491	-11	-35	-187	82	406	82	80508695	
4032	-3810	-23381	-7584	-13906	817	-10	-32	-188	83	411	83	80508695	
4000	-4014	-24827	-8606	-13798	682	-15	-33	-189	84	416	84	80508709	
4194	-3657	-26480	-9748	-13546	673	-19	-33	-189	85	421	85	80508726	
4718	-2515	-28145	-11263	-13056	597	-19	-29	-193	86	426	86	80508732	
4886	-484	-29340	-12693	-12457	826	-19	-27	-195	87	431	87	80508732	
4538	1679	-29967	-13358	-11897	1299	-20	-25	-194	88	436	88	80508732	
4025	2890	-30268	-13234	-11521	1754	-21	-23	-193	89	441	89	80508732	
3707	3282	-30126	-12495	-11250	1888	-21	-21	-191	90	446	90	80508732	
3799	2954	-29271	-11061	-11002	1707	-21	-19	-189	91	451	91	80508777	
3906	2203	-28265	-9784	-10842	1570	-19	-19	-187	92	456	92	80508822	
3966	1788	-27082	-8994	-10771	1634	-19	-19	-187	93	461	93	80508832	
3506	1469	-25588	-8586	-10750	1929	-23	-17	-188	94	466	94	80508833	
3106	1459	-23900	-9065	-10637	2147	-24	-16	-188	95	471	95	80508833	
2911	1467	-22215	-10086	-10620	2183	-25	-15	-187	96	476	96	80508833	
2827	1253	-20619	-11149	-10728	2064	-25	-15	-187	97	481	97	80508833	
2713	899	-19254	-12034	-10966	1810	-26	-13	-186	98	486	98	80508833	
2274	936	-18098	-12691	-11335	1377	-26	-12	-186	99	491	99	80508874	
1830	1184	-17206	-13101	-11611	1170	-29	-9	-183	100	496	100	80508874	
1298	829	-16376	-13490	-11856	1128	-29	-9	-183	101	501	101	80508874	
618	-106	-15492	-14002	-12215	948	-29	-6	-178	102	506	102	80508874	
-96	-952	-14701	-14453	-12544	523	-29	-5	-177	103	511	103	80508874	
-827	-1560	-13585	-14992	-12953	-63	-35	-6	-179	104	516	104	80508874	
-1619	-1981	-12437	-15441	-13419	-775	-36	-6	-180	105	521	105	80508874	
-2537	-1975	-11300	-15447	-13672	-1627	-42	-4	-184	106	526	106	80508874	
-3364	-1717	-10581	-15765	-13685	-2595	-43	-3	-185	107	531	107	80508874	
-4312	-1766	-10026	-16526	-13686	-3692	-40	0	-180	108	536	108	80508875	
-4904	-2080	-10062	-16975	-13619	-4741	-40	0	-180	109	541	109	80508875	
-5490	-2186	-9900	-17142	-13406	-6070	-41	5	-175	110	546	110	80508875	
-5958	-2036	-9656	-17354	-13179	-7417	-41	5	-175	111	551	111	80508875	
-6300	-1810	-9330	-17472	-12785	-8508	-51	3	-179	112	556	112	80508883	
-6976	-1880	-9372	-17551	-12380	-9445	-51	3	-179	113	561	113	80508883	
-7566	-1928	-9460	-17516	-11843	-10262	-52	10	-178	114	566	114	80508883	
-7978	-1646	-9512	-17155	-11216	-11033	-52	10	-178	115	571	115	80508883	
-8502	-942	-10125	-15820	-10182	-11963	-55	17	-171	116	576	116	80508885	
-8752	-330	-10836	-14161	-9159	-12588	-55	16	-171	117	581	117	80508899	
-8934	-58	-11772	-12207	-8133	-13134	-55	13	-173	118	586	118	80508913	
-9072	-680	-12270	-10440	-7129	-13602	-56	14	-174	119	591	119	80508913	
-9257	-1777	-12823	-9394	-6301	-14134	-60	18	-178	120	596	120	80508914	
-9303	-2153	-13283	-9133	-5643	-14921	-61	18	-176	121	601	121	80508914	
-9255	-1465	-13776	-9155	-4995	-15747	-64	20	-170	122	606	122	80508914	
-8967	-240	-14292	-9092	-4321	-16351	-63	19	-170	123	611	123	80508914	
-8551	516	-14678	-9085	-3712	-16664	-61	17	-171	124	616	124	80508914	
-8081	318	-15123	-9325	-3214	-16796	-61	20	-171	125	621	125	80508914	
-7760	-276	-15320	-9727	-2778	-16908	-61	25	-171	126	626	126	80508914	
-7291	-844	-15288	-10283	-2151	-17112	-63	27	-171	127	631	127	80508925	
-6629	-734	-15096	-10855	-1363	-17345	-67	31	-171	128	636	128	80508945	
-6272	-115	-14939	-11180	-572	-17455	-68	29	-169	129	641	129	80508950	
-6320	293	-14700	-10996	236	-17343	-69	27	-167	130	646	130	80508951	
-6101	245	-14596	-10417	1067	-17150	-69	27	-167	131	651	131	80508951	
-5494	49	-14593	-9511	1850	-17136	-68	26	-168	132	656	132	80508951	
-5112	-24	-14539	-8302	2497	-17332	-69	28	-168	133	661	133	80508951	
-4898	-262	-14227	-7288	2999	-17416	-70	30	-168	134	666	134	80508951	
-4754	-516	-14211	-6718	3488	-17325	-69	28	-165	135	671	135	80508956	
-4694	-646	-14386	-6500	4060	-17220	-69	27	-163	136	676	136	80508977	
-4628	-752	-14449	-6721	4651	-17230	-74	26	-169	137	681	137	80508988	
-4470	-868	-14599	-7346	5170	-17115	-77	25	-173	138	686	138	80508988	
-4425	-780	-14909	-8091	5623	-16804	-70	26	-168	139	691	139	80508988	
-4530	-397	-15188	-8778	6082	-16588	-66	26	-164	140	696	140	80508988	
-4732	197	-15545	-9422	6655	-16507	-71	27	-166	141	701	141	80508988	
-4937	788	-15850	-9771	7123	-16366	-73	27	-167	142	706	142	80508988	
-4984	1124	-15923	-9856	7479	-16228	-73	27	-164	143	711	143	80508995	
-5013	1346	-16021	-9727	7725	-16171	-73	27	-163	144	716	144	80509024	
-5020	1494	-16153	-9347	7849	-16238	-73	27	-166	145	721	145	80509032	
-5010	1762	-16234	-8844	7920	-16378	-73	27	-167	146	726	146	80509032	
-5078	2032	-16074	-8346	7981	-16503	-72	23	-166	147	731	147	80509033	
-5152	2258	-15912	-7849	8074	-16629	-72	22	-166	148	736	148	80509033	
-5268	2460	-15410	-7310	8176	-16767	-78	24	-164	149	741	149	80509033	
-5366	2448	-14812	-6624	8102	-16925	-78	24	-164	150	746	150	80509034	
-5402	2332	-14362	-5701	7864	-17184	-77	23	-161	151	751	151	80509049	
-5650	1850	-14020	-4698	7442	-17373	-77	23	-161	152	756	152	80509068	
-5912	1307	-13828	-3920	7055	-17514	-75	22	-164	153	761	153	80509068	
-6158	632	-13787	-3369	6668	-17721	-74	22	-164	154	766	154	80509068	
-6420	106	-13607	-3197	6329	-17908	-76	23	-160	155	771	155	80509068	
-6860	-238	-13548	-3393	6066	-18001	-77	23	-159	156	776	156	80509068	
-7065	-215	-13358	-3968	5901	-18058	-78	21	-161	157	781	157	80509068	
-7202	92	-13050	-4820	5712	-18092	-78	20	-162	158	786	158	80509068	
-7482	200	-12798	-5760	5442	-18169	-76	26	-156	159	791	159	80509099	
-7760	200	-12564	-7197	5144	-18272	-76	26	-156	160	796	160	80509108	
-8058	194	-12586	-8530	4876	-18260	-81	23	-157	161	801	161	80509108	
-8428	562	-12628	-9839	4684	-18208	-81	23	-157	162	806	162	80509108	
-8848	888	-12298	-11289	4672	-18082	-79	17	-159	163	811	163	80509108	
-9112	1342	-12124	-12353	4603	-17942	-79	17	-159	164	816	164	80509108	
-9400	1876	-11920	-12961	4488	-17885	-83	19	-155	165	821	165	80509108	
-9933	2320	-11629	-13253	4333	-17867	-82	20	-155	166	826	166	80509126	
-10145	2586	-11284	-13260	4156	-17829	-80	22	-156	167	831	167	80509151	
-10860	2404	-11215	-13101	3911	-17684	-81	23	-155	168	836	168	80509151	
-11339	2083	-11224	-12783	3763	-17454	-87	25	-151	169	841	169	80509151	
-11609	1900	-11056	-12380	3705	-17211	-86	25	-152	170	846	170	80509151	
-12206	1713	-10958	-11937	3602	-17060	-82	24	-154	171	851	171	80509151	
-12816	1330	-10963	-11724	3587	-16887	-84	24	-153	172	856	172	80509151	
-13101	1042	-10842	-11655	3690	-16615	-91	25	-151	173	861	173	80509152	
-13333	883	-10749	-11645	3894	-16311	-91	25	-151	174	866	174	80509154	
-13422	1142	-10484	-11712	4315	-16073	-90	24	-150	175	871	175	80509170	
-13284	1616	-10095	-11528	4664	-15934	-90	24	-148	176	876	176	80509185	
-13147	2159	-9701	-11005	4782	-15875	-91	25	-145	177	881	177	80509186	
-13099	2567	-9588	-10345	4761	-15914	-90	25	-145	178	886	178	80509186	
-13139	2824	-9664	-9659	4813	-15986	-89	25	-145	179	891	179	80509186	
-13336	2939	-9466	-9039	5058	-16000	-91	25	-144	180	896	180	80509186	
-13364	2927	-8850	-8494	5444	-15978	-94	26	-142	181	901	181	80509186	
-12994	2901	-8271	-7704	5689	-16119	-97	28	-142	182	906	182	80509191	
-12948	2868	-8112	-6765	5674	-16438	-99	29	-141	183	911	183	80509212	
-12912	2827	-8058	-6129	5640	-16698	-94	28	-142	184	916	184	80509223	
-12986	2751	-8216	-5718	5622	-16876	-91	27	-143	185	921	185	80509223	
-13337	2515	-8512	-5521	5660	-16989	-96	29	-142	186	926	186	80509223	
-13678	2281	-8546	-5434	5816	-17059	-100	30	-142	187	931	187	80509223	
-13935	2210	-8586	-5248	5984	-17155	-102	28	-140	188	936	188	80509223	
-14046	2250	-8712	-5116	6061	-17309	-103	27	-139	189	941	189	80509223	
-13973	2346	-8686	-5144	6091	-17401	-99	29	-138	190	946	190	80509235	
-13724	2467	-8673	-5130	6002	-17456	-97	31	-137	191	951	191	80509256	
-13601	2604	-8804	-5084	5782	-17554	-95	33	-139	192	956	192	80509261	
-13541	2715	-8943	-5235	5509	-17661	-95	33	-139	193	961	193	80509261	
-13796	2922	-9432	-5653	5237	-17656	-97	32	-137	194	966	194	80509261	
-14052	3150	-9668	-6188	5153	-17500	-98	32	-136	195	971	195	80509261	
-14252	3356	-9768	-6631	5185	-17204	-98	32	-136	196	976	196	80509261	
-14325	3540	-9767	-6991	5118	-16912	-98	32	-136	197	981	197	80509269	
-14463	3801	-9869	-7188	4900	-16718	-95	32	-137	198	986	198	80509291	
-14785	4163	-10099	-7365	4513	-16524	-94	32	-138	199	991	199	80509315	
-15080	4593	-10177	-7598	4131	-16340	-100	31	-137	200	996	200	80509319	
-15391	5010	-10054	-7698	3885	-16093	-101	31	-137	201	1001	201	80509319	
-15438	5455	-9838	-7601	3682	-15890	-98	34	-135	202	1006	202	80509319	
-15293	5925	-9718	-7455	3413	-15737	-97	35	-135	203	1011	203	80509319	
-15076	6228	-9642	-7259	3173	-15582	-103	40	-138	204	1016	204	80509319	
-14948	6248	-9425	-6976	3070	-15373	-105	41	-139	205	1021	205	80509320	
-14818	6144	-9097	-6733	3071	-15142	-106	40	-138	206	1026	206	80509332	
-14660	5971	-8577	-6616	3053	-14889	-106	40	-138	207	1031	207	80509335	
-14536	5836	-8342	-6540	2766	-14618	-104	36	-130	208	1036	208	80509335	
-14496	5778	-8438	-6428	2415	-14457	-104	36	-130	209	1041	209	80509336	
-14628	6028	-8488	-6396	2111	-14235	-105	43	-135	210	1046	210	80509336	
-14806	6160	-8658	-6497	1867	-13944	-105	43	-135	211	1051	211	80509336	
-14998	6340	-8684	-6684	1742	-13656	-102	40	-132	212	1056	212	80509336	
-14920	6468	-8734	-6913	1588	-13328	-102	40	-132	213	1061	213	80509379	
-15004	6704	-8960	-7078	1347	-12988	-103	45	-133	214	1066	214	80509379	
-15088	6974	-9076	-7247	1174	-12623	-103	45	-133	215	1071	215	80509379	
-15152	7013	-8953	-7436	1034	-12221	-110	46	-132	216	1076	216	80509379	
-15133	7138	-8906	-7575	905	-11881	-109	46	-131	217	1081	217	80509379	
-14912	7346	-8879	-7737	804	-11620	-106	46	-128	218	1086	218	80509380	
-14632	7473	-8842	-7886	765	-11316	-106	47	-128	219	1091	219	80509381	
-14414	7705	-8914	-7936	713	-10981	-105	51	-127	220	1096	220	80509393	
-14206	7802	-8984	-7921	746	-10629	-107	51	-127	221	1101	221	80509415	
-13801	7826	-9026	-8015	850	-10276	-113	53	-129	222	1106	222	80509415	
-13442	7643	-8983	-8283	930	-9920	-114	53	-129	223	1111	223	80509416	
-13098	7219	-8908	-8478	927	-9640	-117	53	-127	224	1116	224	80509416	
-12692	6925	-9063	-8555	754	-9411	-115	52	-124	225	1121	225	80509416	
-12459	6836	-9208	-8639	601	-9149	-113	51	-119	226	1126	226	80509416	
-12306	6758	-9487	-8766	492	-8857	-115	53	-119	227	1131	227	80509424	
-12269	6646	-9755	-8881	458	-8561	-117	55	-119	228	1136	228	80509451	
-12144	6487	-9837	-8946	467	-8224	-116	55	-120	229	1141	229	80509474	
-11970	6302	-9865	-9030	403	-7926	-114	54	-122	230	1146	230	80509474	
-11832	6289	-9894	-9025	283	-7690	-114	56	-122	231	1151	231	80509475	
-11735	6514	-9896	-8854	169	-7438	-114	60	-122	232	1156	232	80509475	
-11581	6736	-9947	-8461	64	-7206	-118	61	-120	233	1161	233	80509475	
-11533	6794	-10096	-8004	-59	-7070	-120	62	-118	234	1166	234	80509475	
-11452	6728	-10228	-7590	-183	-6955	-121	62	-119	235	1171	235	80509475	
-11450	6494	-10418	-7289	-295	-6839	-122	62	-120	236	1176	236	80509493	
-11537	6109	-10516	-6980	-463	-6768	-120	61	-117	237	1181	237	80509511	
-11638	5871	-10478	-6572	-710	-6735	-119	61	-115	238	1186	238	80509515	
-11851	5646	-10334	-6108	-972	-6719	-123	63	-116	239	1191	239	80509515	
-12125	5261	-10202	-5610	-1169	-6688	-125	65	-117	240	1196	240	80509515	
-12552	4720	-10195	-5217	-1296	-6644	-119	64	-113	241	1201	241	80509515	
-13125	4163	-10591	-5383	-1268	-6691	-117	63	-111	242	1206	242	80509515	
-13733	3505	-11440	-6130	-1023	-6807	-123	66	-111	243	1211	243	80509515	
-14150	2848	-12604	-7147	-495	-6909	-125	67	-111	244	1216	244	80509515	
-14285	2606	-13630	-7899	288	-6891	-128	67	-114	245	1221	245	80509521	
-14118	2687	-14432	-8190	1136	-6778	-129	67	-115	246	1226	246	80509547	
-13698	2996	-14834	-8029	1905	-6648	-130	68	-113	247	1231	247	80509553	
-13198	3012	-14862	-7583	2467	-6505	-130	68	-112	248	1236	248	80509554	
-12592	2766	-14588	-6731	2909	-6324	-133	69	-109	249	1241	249	80509554	
-12134	2436	-14238	-5939	3168	-6216	-133	69	-109	250	1246	250	80509554	
-11786	2113	-13916	-5263	3335	-6125	-126	71	-109	251	1251	251	80509555	
-11274	2016	-13630	-4489	3449	-6033	-125	71	-109	252	1256	252	80509555	
-10833	1934	-13044	-3717	3487	-5944	-129	73	-110	253	1261	253	80509555	
-10484	1916	-12306	-2962	3449	-5848	-130	74	-110	254	1266	254	80509556	
-10109	2015	-11658	-2164	3331	-5731	-126	73	-112	255	1271	255	80509556	
-9858	2187	-11056	-1270	3128	-5662	-125	73	-113	256	1276	256	80509560	
-9843	2213	-10566	-302	2906	-5644	-131	71	-111	257	1281	257	80509584	
-9786	2136	-10324	913	2687	-5639	-132	70	-110	258	1286	258	80509590	
-9746	1678	-10242	1929	2563	-5728	-135	73	-109	259	1291	259	80509590	
-9830	1342	-10422	2882	2426	-5862	-135	73	-109	260	1296	260	80509590	
-9768	1014	-10856	3827	2364	-5901	-126	74	-112	261	1301	261	80509590	
-9998	-198	-11460	4666	2327	-5813	-126	74	-112	262	1306	262	80509591	
-10176	-1434	-12464	5181	2325	-5848	-122	76	-114	263	1311	263	80509591	
-10460	-2388	-13466	5437	2423	-6104	-122	76	-114	264	1316	264	80509628	
-10648	-3208	-14610	5650	2565	-6314	-129	79	-111	265	1321	265	80509628	
-10730	-4235	-16275	5683	2747	-6370	-128	78	-111	266	1326	266	80509628	
-10840	-4979	-17314	5580	2978	-6522	-126	76	-112	267	1331	267	80509628	
-10989	-5209	-18069	5168	3247	-6702	-125	76	-114	268	1336	268	80509628	
-11062	-4472	-18681	4258	3499	-6657	-119	77	-121	269	1341	269	80509628	
-11064	-2975	-19053	3086	3756	-6371	-120	77	-120	270	1346	270	80509630	
-11087	-1315	-19275	1950	4026	-5870	-126	76	-116	271	1351	271	80509642	
-11061	436	-19340	923	4313	-5307	-126	76	-117	272	1356	272	80509665	
-11099	2437	-18915	204	4592	-4780	-125	77	-121	273	1361	273	80509665	
-11029	4421	-18053	-70	4876	-4225	-125	76	-118	274	1366	274	80509665	
-10922	6151	-17047	102	5124	-3499	-126	74	-110	275	1371	275	80509665	
-10936	7190	-16239	589	5315	-2858	-124	76	-112	276	1376	276	80509665	
-10844	7794	-15718	1272	5445	-2218	-121	79	-115	277	1381	277	80509665	
-10706	7978	-15431	2088	5467	-1644	-122	77	-117	278	1386	278	80509681	
-10497	7785	-15386	2887	5403	-1102	-124	74	-120	279	1391	279	80509703	
-10202	7366	-15513	3583	5215	-664	-121	74	-118	280	1396	280	80509703	
-10038	6688	-15744	4239	4901	-405	-117	73	-115	281	1401	281	80509703	
-9994	5729	-16115	4870	4476	-221	-117	72	-118	282	1406	282	80509703	
-10141	4630	-16605	5448	4109	-196	-116	70	-120	283	1411	283	80509703	
-10098	3579	-17078	5839	4052	-355	-117	69	-119	284	1416	284	80509703	
-9980	2808	-17418	5902	3944	-607	-117	69	-119	285	1421	285	80509708	
-9801	2380	-17619	5728	3656	-802	-117	70	-118	286	1426	286	80509728	
-9704	2150	-17518	5459	3436	-950	-117	71	-117	287	1431	287	80509741	
-9830	1888	-17388	5144	3307	-1109	-115	69	-119	288	1436	288	80509741	
-10024	1762	-17143	4813	3194	-1258	-114	68	-120	289	1441	289	80509741	
-10005	1739	-16836	4534	3081	-1369	-115	72	-123	290	1446	290	80509742	
