-17454	-2616	2888	-1133	-3197	-43	86	166	120	2094	10470	2094	68635139
-17168	-2474	2756	-961	-2847	10	80	166	122	2095	10475	2095	68635140
-17120	-2444	2448	-558	-2560	115	80	166	122	2096	10480	2096	68635141
-17064	-2506	2334	-295	-2330	182	87	163	129	2097	10485	2097	68635143
-16766	-2688	2324	187	-1859	296	87	163	129	2098	10490	2098	68635144
-16338	-3000	2754	335	-1553	307	86	158	124	2099	10495	2099	68635146
-16248	-3242	2808	284	-1463	330	86	158	124	2100	10500	2100	68635191
-15898	-3806	2506	-8	-1372	238	78	158	126	2101	10505	2101	68635191
-15894	-4110	2400	-382	-1417	89	78	158	126	2102	10510	2102	68635192
-16170	-4640	2126	-449	-1450	33	89	165	127	2103	10515	2103	68635193
-16280	-5066	1866	-596	-1397	-93	89	165	127	2104	10520	2104	68635193
-16292	-5084	1824	-1036	-1368	-243	84	162	132	2105	10525	2105	68635194
-16202	-5000	1698	-1339	-1411	-296	84	162	132	2106	10530	2106	68635195
-16064	-4870	1682	-1877	-1606	-327	85	161	121	2107	10535	2107	68635195
-16040	-4540	1690	-2128	-1737	-345	85	161	121	2108	10540	2108	68635196
-16006	-3902	2084	-2347	-2107	-317	85	165	129	2109	10545	2109	68635197
-16150	-3302	2214	-2270	-2497	-214	85	165	129	2110	10550	2110	68635213
-16250	-2890	2416	-2152	-2592	-172	87	165	127	2111	10555	2111	68635240
-16348	-2386	2752	-1767	-2587	-48	87	165	127	2112	10560	2112	68635241
-16288	-1984	2814	-1257	-2435	74	85	159	127	2113	10565	2113	68635242
-16260	-1952	2846	-1051	-2336	116	85	159	127	2114	10570	2114	68635243
-16268	-1796	2838	-562	-2131	204	91	165	125	2115	10575	2115	68635244
-16146	-1518	2834	-86	-1761	238	91	165	125	2116	10580	2116	68635267
-16112	-1644	2788	184	-1592	239	85	161	127	2117	10585	2117	68635268
-16280	-1852	2614	458	-1221	202	85	161	127	2118	10590	2118	68635269
-16348	-2284	2342	565	-856	155	90	166	128	2119	10595	2119	68635272
-16500	-2310	2396	556	-637	107	90	166	128	2120	10600	2120	68635272
-16600	-2470	2098	605	-220	57	88	158	124	2121	10605	2121	68635273
-16642	-2972	1642	734	60	29	88	158	124	2122	10610	2122	68635274
-16576	-3190	1312	770	143	9	89	159	127	2123	10615	2123	68635276
-16632	-3452	784	715	193	-9	89	159	127	2124	10620	2124	68635279
-16624	-3576	578	501	210	-2	84	162	128	2125	10625	2125	68635282
-16578	-3718	366	321	212	9	84	162	128	2126	10630	2126	68635316
-16524	-3856	434	-151	162	27	86	160	136	2127	10635	2127	68635320
-16510	-3842	478	-412	79	38	86	160	136	2128	10640	2128	68635321
-16552	-3702	690	-912	-120	99	81	163	129	2129	10645	2129	68635322
-16716	-3738	830	-1221	-212	160	81	163	129	2130	10650	2130	68635323
-16710	-3692	844	-1345	-181	189	87	161	131	2131	10655	2131	68635323
-16710	-3598	914	-1530	-72	250	87	161	131	2132	10660	2132	68635324
-16628	-3450	1152	-1550	24	268	83	163	135	2133	10665	2133	68635324
-16562	-3346	1402	-1537	39	285	83	163	135	2134	10670	2134	68635324
-16550	-3182	1640	-1565	65	295	86	160	128	2135	10675	2135	68635325
-16636	-3062	1816	-1554	140	302	86	160	128	2136	10680	2136	68635325
-16686	-2900	1890	-1514	205	315	85	159	127	2137	10685	2137	68635399
-16576	-2646	1930	-1229	279	346	85	159	127	2138	10690	2138	68635400
-16502	-2710	1682	-942	346	386	83	159	127	2139	10695	2139	68635400
-16454	-2720	1544	-874	370	391	83	159	127	2140	10700	2140	68635401
-16398	-2662	1448	-858	446	364	90	162	128	2141	10705	2141	68635401
-16504	-2514	1580	-745	604	316	90	162	128	2142	10710	2142	68635402
-16536	-2546	1646	-612	674	300	80	164	128	2143	10715	2143	68635402
-16698	-2572	1774	-341	753	238	80	164	128	2144	10720	2144	68635402
-16730	-2632	1792	-114	784	173	82	160	130	2145	10725	2145	68635404
-16784	-2848	1760	-28	784	158	82	160	130	2146	10730	2146	68635404
-16766	-3126	1546	34	733	154	78	164	128	2147	10735	2147	68635498
-16798	-3206	1500	-6	663	156	78	164	128	2148	10740	2148	68635501
-16618	-3370	1368	-14	437	141	90	154	124	2149	10745	2149	68635501
-16466	-3302	1090	307	65	143	90	154	124	2150	10750	2150	68635502
-16518	-3424	1018	547	-127	141	84	164	134	2151	10755	2151	68635502
-16888	-3392	1272	797	-180	144	84	164	134	2152	10760	2152	68635502
-16904	-3612	1744	548	105	155	85	159	127	2153	10765	2153	68635503
-16762	-3604	1922	314	241	157	85	159	127	2154	10770	2154	68635503
-16496	-3522	2364	39	357	189	85	159	127	2155	10775	2155	68635504
-16460	-3392	2564	211	359	202	85	159	127	2156	10780	2156	68635504
-16398	-3274	2548	357	388	198	92	160	132	2157	10785	2157	68635504
-16552	-3236	2244	447	465	214	92	160	132	2158	10790	2158	68635505
-16684	-3278	1676	112	605	201	88	166	128	2159	10795	2159	68635505
-16732	-3300	1676	-217	743	199	88	166	128	2160	10800	2160	68635505
-16720	-3058	1586	-957	1060	185	87	165	129	2161	10805	2161	68635506
-16704	-2838	1532	-1489	1256	224	87	165	129	2162	10810	2162	68635528
-16696	-2822	1414	-1559	1342	233	83	161	125	2163	10815	2163	68635579
-16702	-2778	1254	-1327	1678	245	83	161	125	2164	10820	2164	68635579
-16644	-2856	1270	-808	2123	265	90	160	126	2165	10825	2165	68635579
-16512	-2992	1496	-481	2349	254	90	160	126	2166	10830	2166	68635580
-16292	-3270	1624	228	2748	247	85	163	125	2167	10835	2167	68635580
-16154	-3448	1640	534	2901	243	85	163	125	2168	10840	2168	68635580
-15978	-3760	1442	914	3034	243	88	162	126	2169	10845	2169	68635581
-15776	-3924	1554	1177	3074	239	88	162	126	2170	10850	2170	68635581
-15754	-3942	1684	1308	3089	241	90	166	124	2171	10855	2171	68635582
-15762	-3918	1720	1364	3001	194	90	166	124	2172	10860	2172	68635582
-15938	-3852	1642	1040	2837	128	85	159	127	2173	10865	2173	68635582
-16092	-3794	1668	725	2740	89	85	159	127	2174	10870	2174	68635583
-16278	-3712	1698	82	2583	38	89	165	125	2175	10875	2175	68635601
-16606	-3634	1270	-426	2486	-21	89	165	125	2176	10880	2176	68635601
-16790	-3544	1252	-632	2484	-55	85	163	125	2177	10885	2177	68635602
-16868	-3408	1378	-874	2519	-107	85	163	125	2178	10890	2178	68635603
-16892	-3190	1288	-1041	2546	-165	83	165	125	2179	10895	2179	68635604
-16916	-3128	1248	-1074	2554	-160	83	165	125	2180	10900	2180	68635631
-16954	-2850	964	-1008	2594	-127	86	168	122	2181	10905	2181	68635632
-16956	-2546	448	-811	2721	-59	86	168	122	2182	10910	2182	68635632
-17032	-2384	386	-655	2904	-20	88	164	126	2183	10915	2183	68635633
-17072	-2302	320	-353	3506	46	88	164	126	2184	10920	2184	68635633
-17022	-2360	330	35	4292	92	80	160	120	2185	10925	2185	68635634
-16766	-2474	476	217	4657	102	80	160	120	2186	10930	2186	68635635
-16422	-2646	806	462	5142	138	87	159	121	2187	10935	2187	68635635
-16338	-2824	876	539	5297	128	87	159	121	2188	10940	2188	68635636
-16220	-3154	868	638	5701	86	86	162	126	2189	10945	2189	68635637
-16056	-3396	636	806	6191	36	86	162	126	2190	10950	2190	68635658
-15976	-3434	586	947	6456	13	84	160	116	2191	10955	2191	68635659
-15542	-3606	770	1283	6955	-57	84	160	116	2192	10960	2192	68635659
-15140	-3662	1108	1739	7328	-159	83	165	117	2193	10965	2193	68635660
-14994	-3666	1006	2034	7456	-225	83	165	117	2194	10970	2194	68635661
-15042	-3670	1022	2643	7588	-305	89	163	121	2195	10975	2195	68635661
-15298	-3590	1142	3171	7625	-357	89	163	121	2196	10980	2196	68635662
-15274	-3666	754	3294	7623	-371	84	160	112	2197	10985	2197	68635663
-15410	-4032	290	2983	7522	-345	84	160	112	2198	10990	2198	68635665
-15700	-4306	160	1987	7223	-273	87	163	115	2199	10995	2199	68635665
-15920	-4446	374	1443	7018	-238	87	163	115	2200	11000	2200	68635666
-16444	-4688	538	531	6685	-198	86	162	110	2201	11005	2201	68635666
-16754	-4836	762	-303	6628	-258	86	162	110	2202	11010	2202	68635667
-16878	-4612	710	-579	6724	-292	93	165	111	2203	11015	2203	68635680
-17074	-4002	526	-857	7058	-404	93	165	111	2204	11020	2204	68635683
-17114	-3602	350	-970	7484	-455	90	160	112	2205	11025	2205	68635708
-17198	-2974	420	-1154	7710	-468	90	160	112	2206	11030	2206	68635709
-17164	-2352	716	-1730	8056	-447	93	159	109	2207	11035	2207	68635709
-17290	-2004	912	-1991	8197	-402	93	159	109	2208	11040	2208	68635709
-17196	-1530	1186	-1941	8605	-241	86	162	108	2209	11045	2209	68635710
-16982	-1704	922	-832	9345	-63	86	162	108	2210	11050	2210	68635710
-16712	-1938	840	-11	9786	4	82	158	108	2211	11055	2211	68635710
-16058	-2650	390	1608	10623	86	82	158	108	2212	11060	2212	68635711
-15554	-3244	500	2479	11340	35	87	165	105	2213	11065	2213	68635711
-15252	-3420	600	2465	11556	-70	87	165	105	2214	11070	2214	68635712
-14536	-3372	788	1934	11659	-286	85	159	101	2215	11075	2215	68635811
-13948	-3382	196	1424	11411	-438	85	159	101	2216	11080	2216	68635812
-13774	-3458	-238	1285	11236	-485	89	159	97	2217	11085	2217	68635812
-13594	-3976	-1352	1200	10978	-465	89	159	97	2218	11090	2218	68635813
-13638	-4554	-2156	787	10921	-523	91	157	93	2219	11095	2219	68635813
-13758	-4858	-2184	475	10896	-536	91	157	93	2220	11100	2220	68635814
-14216	-5326	-1648	-279	10864	-647	88	160	92	2221	11105	2221	68635857
-14166	-5390	-850	-1742	10606	-777	88	160	92	2222	11110	2222	68635858
-14136	-5308	-372	-2660	10317	-830	94	162	90	2223	11115	2223	68635860
-14690	-5360	-430	-4463	9584	-819	94	162	90	2224	11120	2224	68635862
-15086	-5710	-950	-6347	8904	-442	95	157	91	2225	11125	2225	68635862
-17162	-2538	-1374	-7222	8668	-374	95	157	91	2226	11130	2226	68635863
-17744	-444	-1848	-6352	9087	71	84	154	94	2227	11135	2227	68635863
-17462	-520	-1820	-5337	9852	82	84	154	94	2228	11140	2228	68635864
-17102	-1288	-1892	-4345	10788	54	91	157	93	2229	11145	2229	68635864
-17424	-1210	-1698	-4600	10972	180	91	157	93	2230	11150	2230	68635865
-17466	-1106	-1222	-4543	11126	342	90	154	86	2231	11155	2231	68635865
-17030	-780	-458	-3761	11633	687	90	154	86	2232	11160	2232	68635866
-17376	-1672	-480	-2373	11802	1107	95	161	85	2233	11165	2233	68635866
-17094	-1964	-1250	-1865	11792	1420	95	161	85	2234	11170	2234	68635867
-15584	-1472	-2056	-1125	12720	1389	89	153	79	2235	11175	2235	68635867
-15372	-2708	-2864	-182	13229	1388	89	153	79	2236	11180	2236	68635907
-15586	-3226	-3196	-92	13155	1490	85	151	85	2237	11185	2237	68635912
-16066	-3156	-3402	-372	12995	1654	85	151	85	2238	11190	2238	68635913
-16514	-2896	-3590	-467	13075	1757	92	156	78	2239	11195	2239	68635915
-16056	-2620	-3960	-504	13405	1825	92	156	78	2240	11200	2240	68635916
-14664	-1594	-4262	-998	14228	1410	88	152	72	2241	11205	2241	68635916
-14400	-1572	-5730	-2037	13152	1399	88	152	72	2242	11210	2242	68635917
-14690	-1256	-6244	-2707	12622	1388	88	148	74	2243	11215	2243	68635917
-15780	-970	-6376	-3210	12264	1110	88	148	74	2244	11220	2244	68635918
-16142	-1310	-6410	-2778	12230	908	94	152	74	2245	11225	2245	68635918
-16920	-1888	-6366	-2342	12420	844	94	152	74	2246	11230	2246	68635919
-16626	-2670	-5136	-1187	13250	673	86	146	64	2247	11235	2247	68635927
-16070	-3242	-4228	-635	13841	631	86	146	64	2248	11240	2248	68635930
-14666	-3948	-2184	-898	13860	638	90	146	62	2249	11245	2249	68635930
-13516	-4430	-1248	-2047	13376	624	90	146	62	2250	11250	2250	68635931
-13172	-4500	-1820	-2559	13002	622	80	146	60	2251	11255	2251	68635932
-12936	-4768	-4834	-2843	12818	563	80	146	60	2252	11260	2252	68635932
-13136	-3942	-8040	-2486	13405	472	93	139	63	2253	11265	2253	68635933
-13270	-3250	-8562	-2158	13651	533	93	139	63	2254	11270	2254	68635933
-12930	-2502	-8798	-1395	13317	923	86	140	58	2255	11275	2255	68635934
-12628	-1848	-7682	-1677	12391	1068	86	140	58	2256	11280	2256	68635935
-13026	-1668	-7084	-2089	11880	1066	86	144	56	2257	11285	2257	68635935
-13870	-672	-6656	-3315	11208	949	86	144	56	2258	11290	2258	68635936
-14908	580	-6496	-3581	11567	619	86	148	50	2259	11295	2259	68635936
-15194	760	-6700	-3205	12009	470	86	148	50	2260	11300	2260	68635937
-15472	168	-7644	-2041	13098	168	80	140	50	2261	11305	2261	68636056
-15198	-644	-8634	-1032	13590	306	80	140	50	2262	11310	2262	68636060
-14992	-1118	-8812	-522	13678	413	82	144	46	2263	11315	2263	68636060
-15052	-1734	-8168	241	13615	704	82	144	46	2264	11320	2264	68636061
-15172	-1836	-7632	805	13602	1008	83	139	43	2265	11325	2265	68636061
-14812	-2446	-6368	976	13689	1153	83	139	43	2266	11330	2266	68636062
-13862	-2738	-5424	1060	14053	1308	84	136	38	2267	11335	2267	68636063
-13238	-2916	-5686	1061	14263	1455	84	136	38	2268	11340	2268	68636064
-11992	-3880	-7778	1004	14288	1479	83	143	39	2269	11345	2269	68636064
-11476	-5204	-10472	656	14417	1342	83	143	39	2270	11350	2270	68636065
-11428	-5668	-11384	369	14602	1246	80	134	34	2271	11355	2271	68636065
-10716	-5414	-10512	-529	14956	1149	80	134	34	2272	11360	2272	68636066
-9392	-5514	-9858	-861	14337	1720	83	131	33	2273	11365	2273	68636066
-8132	-3166	-10046	-1443	13811	1644	83	131	33	2274	11370	2274	68636066
-9766	-1520	-8746	-1200	13733	641	86	138	30	2275	11375	2275	68636082
-9252	-2972	-8904	-814	14205	155	86	138	30	2276	11380	2276	68636138
-9292	-2614	-9008	-1371	13826	-164	80	130	32	2277	11385	2277	68636141
-10558	-2966	-10400	-1785	12676	-191	80	130	32	2278	11390	2278	68636141
-11118	-3010	-10722	-2036	12169	-184	85	129	31	2279	11395	2279	68636142
-11114	-2634	-10782	-1951	12052	-306	85	129	31	2280	11400	2280	68636143
-11514	-2366	-10954	-1089	12029	-588	91	129	29	2281	11405	2281	68636143
-11600	-1860	-10660	-522	12167	-635	91	129	29	2282	11410	2282	68636144
-11420	-1506	-9898	-862	12022	-552	86	122	26	2283	11415	2283	68636144
-11500	-36	-8796	-2404	10822	-290	86	122	26	2284	11420	2284	68636145
-11768	520	-8728	-2895	9956	54	82	124	26	2285	11425	2285	68636146
-12432	544	-9880	-2676	9991	241	82	124	26	2286	11430	2286	68636146
-12604	-346	-10882	-1648	10870	614	82	116	20	2287	11435	2287	68636147
-12172	-768	-11242	48	11481	974	82	116	20	2288	11440	2288	68636147
-11438	-1634	-11958	805	11743	1103	83	119	19	2289	11445	2289	68636165
-10946	-1958	-11548	1118	12198	1270	83	119	19	2290	11450	2290	68636165
-10384	-1872	-10398	731	12294	1369	81	125	15	2291	11455	2291	68636166
-9158	-2322	-10470	-197	12000	1452	81	125	15	2292	11460	2292	68636166
-8470	-3514	-12576	-592	11892	1161	86	114	18	2293	11465	2293	68636167
-8088	-3902	-13534	-638	11939	931	86	114	18	2294	11470	2294	68636167
-7550	-4006	-13204	-776	11767	466	83	115	17	2295	11475	2295	68636167
-7192	-3394	-10722	-939	10644	369	83	115	17	2296	11480	2296	68636212
-7658	-2658	-9892	-1126	9926	423	77	111	5	2297	11485	2297	68636296
-9764	-2584	-9406	-1027	9758	303	77	111	5	2298	11490	2298	68636297
-10312	-2752	-9946	-1127	10713	257	81	111	11	2299	11495	2299	68636298
-9978	-2526	-10228	-1220	11161	196	81	111	11	2300	11500	2300	68636299
-9596	-2416	-11998	-1483	11183	187	81	111	3	2301	11505	2301	68636300
-10166	-1810	-13118	-1224	10966	264	81	111	3	2302	11510	2302	68636302
-10256	-1528	-12718	-820	10898	360	76	102	8	2303	11515	2303	68636304
-10388	-1246	-11912	19	10512	536	76	102	8	2304	11520	2304	68636305
-11016	-854	-11240	-83	10029	738	76	106	4	2305	11525	2305	68636307
-11080	-372	-10308	-420	10009	872	76	106	4	2306	11530	2306	68636310
-9740	-550	-8838	-622	10392	1202	79	101	3	2307	11535	2307	68636312
-9026	-1254	-9680	49	10563	1480	79	101	3	2308	11540	2308	68636313
-8498	-2922	-14172	413	10697	1547	81	101	-5	2309	11545	2309	68636369
-7460	-3602	-16658	915	11040	1562	81	101	-5	2310	11550	2310	68636370
-6982	-3744	-16550	1109	10929	1576	77	99	3	2311	11555	2311	68636370
-6812	-3642	-14550	1381	10359	1576	77	99	3	2312	11560	2312	68636401
-6998	-3158	-13498	1023	9893	1481	72	90	2	2313	11565	2313	68636402
-7134	-3080	-13716	783	9829	1367	72	90	2	2314	11570	2314	68636402
-7298	-2782	-13538	396	9976	1044	80	96	-6	2315	11575	2315	68636403
-7444	-2606	-12286	245	9566	730	80	96	-6	2316	11580	2316	68636403
-7572	-2602	-11846	-7	9162	582	80	96	-8	2317	11585	2317	68636403
-8484	-2724	-12982	-357	8618	245	80	96	-8	2318	11590	2318	68636404
-9206	-2958	-13744	-170	8386	-121	85	89	-7	2319	11595	2319	68636405
-9686	-2860	-13944	28	8170	-253	85	89	-7	2320	11600	2320	68636406
-10278	-2858	-14052	434	7880	-259	79	91	-5	2321	11605	2321	68636406
-10558	-2584	-13162	492	8041	-151	79	91	-5	2322	11610	2322	68636408
-10328	-2546	-12330	486	8184	-86	78	88	-12	2323	11615	2323	68636409
-9948	-2878	-12454	580	8118	57	78	88	-12	2324	11620	2324	68636410
-9914	-3286	-14226	817	8063	128	78	86	-10	2325	11625	2325	68636410
-9790	-3454	-14544	987	8152	140	78	86	-10	2326	11630	2326	68636412
-9546	-3594	-13624	1197	8091	307	80	90	-18	2327	11635	2327	68636427
-9452	-3718	-13030	850	8029	556	80	90	-18	2328	11640	2328	68636431
-8828	-3630	-12710	607	8036	673	80	86	-14	2329	11645	2329	68636433
-7994	-3808	-13130	154	8082	839	80	86	-14	2330	11650	2330	68636435
-7608	-4108	-13286	107	8095	846	84	78	-18	2331	11655	2331	68636436
-7086	-4522	-13448	283	7834	676	84	78	-18	2332	11660	2332	68636436
-7188	-4646	-13896	284	7728	548	78	76	-12	2333	11665	2333	68636437
-7116	-4504	-14108	106	7736	479	78	76	-12	2334	11670	2334	68636437
-7072	-4136	-14394	-278	7620	314	75	71	-23	2335	11675	2335	68636438
-7284	-3806	-14814	-470	7354	224	75	71	-23	2336	11680	2336	68636438
-7490	-3482	-14702	-478	7235	174	81	73	-25	2337	11685	2337	68636438
-7590	-3078	-14562	-325	7068	154	81	73	-25	2338	11690	2338	68636439
-7708	-3014	-14568	-538	7083	77	80	76	-14	2339	11695	2339	68636439
-7522	-3014	-14464	-814	7192	-1	80	76	-14	2340	11700	2340	68636440
-7256	-2852	-13948	-1207	7235	-119	82	76	-18	2341	11705	2341	68636455
-7116	-2586	-13966	-989	7184	-172	82	76	-18	2342	11710	2342	68636455
-7070	-2418	-13852	-816	7167	-154	80	74	-20	2343	11715	2343	68636455
-6896	-2088	-12964	-566	7144	-16	80	74	-20	2344	11720	2344	68636456
-6934	-2032	-12476	-277	6960	167	85	65	-27	2345	11725	2345	68636456
-6762	-2386	-12712	-82	6884	242	85	65	-27	2346	11730	2346	68636457
-6412	-2746	-13868	-188	6704	331	80	68	-24	2347	11735	2347	68636457
-6594	-3022	-14282	-462	6464	320	80	68	-24	2348	11740	2348	68636457
-6840	-2986	-14354	-553	6484	308	79	67	-27	2349	11745	2349	68636458
-7006	-2830	-14220	-528	6631	349	79	67	-27	2350	11750	2350	68636458
-7146	-2598	-14184	-529	6734	362	84	58	-28	2351	11755	2351	68636459
-7066	-2318	-14484	-696	6910	454	84	58	-28	2352	11760	2352	68636459
-6922	-1922	-14956	-786	6839	515	78	64	-28	2353	11765	2353	68636480
-7042	-1824	-15244	-762	6775	534	78	64	-28	2354	11770	2354	68636481
-7050	-1944	-15550	-606	6849	496	76	62	-30	2355	11775	2355	68636482
-6894	-1972	-14726	-369	6819	550	76	62	-30	2356	11780	2356	68636483
-6862	-1980	-14558	-221	6696	578	79	61	-31	2357	11785	2357	68636484
-6824	-2082	-14696	115	6878	719	79	61	-31	2358	11790	2358	68636488
-6290	-2036	-15318	454	7329	825	74	58	-34	2359	11795	2359	68636556
-5924	-2200	-15922	677	7483	909	74	58	-34	2360	11800	2360	68636557
-4960	-2394	-16346	880	7370	1068	78	56	-32	2361	11805	2361	68636558
-4680	-2666	-16062	971	6561	1215	78	56	-32	2362	11810	2362	68636560
-4530	-3052	-15898	720	6123	1236	84	54	-34	2363	11815	2363	68636562
-3968	-3034	-15428	-716	5387	1142	84	54	-34	2364	11820	2364	68636563
-3796	-2434	-14234	-2084	4920	1100	73	53	-27	2365	11825	2365	68636564
-3416	-656	-14186	-2625	4843	1124	73	53	-27	2366	11830	2366	68636566
-3110	-2678	-13934	-2107	5131	1062	76	56	-40	2367	11835	2367	68636566
-2998	-3788	-15282	-1911	4735	681	76	56	-40	2368	11840	2368	68636567
-3476	-3004	-17014	-2191	4505	493	78	48	-34	2369	11845	2369	68636567
-3526	-4618	-18642	-2371	4146	-12	78	48	-34	2370	11850	2370	68636568
-3608	-4730	-18812	-4263	3773	-330	72	50	-32	2371	11855	2371	68636633
-3764	-4250	-18000	-4902	3601	-514	72	50	-32	2372	11860	2372	68636684
-4206	-4848	-17208	-5622	4116	-823	73	49	-39	2373	11865	2373	68636684
-4304	-4730	-16422	-5975	4520	-1039	73	49	-39	2374	11870	2374	68636685
-3328	-2346	-16120	-5931	4979	-997	70	54	-38	2375	11875	2375	68636685
-2776	-3466	-16462	-4204	5137	-444	70	54	-38	2376	11880	2376	68636685
-2962	-4862	-17568	-3448	4527	-278	76	50	-40	2377	11885	2377	68636686
-2408	-2154	-16460	-4819	4099	-380	76	50	-40	2378	11890	2378	68636686
-2530	-298	-15812	-4511	3437	-468	75	49	-35	2379	11895	2379	68636686
-2998	-572	-15710	-3872	3169	-465	75	49	-35	2380	11900	2380	68636687
-3404	-580	-15840	-2861	3021	-480	68	52	-36	2381	11905	2381	68636687
-3426	-806	-16342	-1939	3121	-532	68	52	-36	2382	11910	2382	68636712
-3204	-774	-16458	-1783	3157	-573	71	47	-41	2383	11915	2383	68636712
-2810	-280	-16428	-1936	3039	-656	71	47	-41	2384	11920	2384	68636714
-2674	-152	-16414	-2056	2736	-713	72	48	-38	2385	11925	2385	68636715
-2588	108	-16300	-2071	2707	-756	72	48	-38	2386	11930	2386	68636716
-2376	202	-15090	-1837	2915	-852	63	43	-45	2387	11935	2387	68636716
-2134	126	-14702	-1622	2672	-898	63	43	-45	2388	11940	2388	68636717
-1790	350	-13966	-1746	2510	-893	67	49	-45	2389	11945	2389	68636717
-1550	320	-13252	-1986	2054	-844	67	49	-45	2390	11950	2390	68636717
-1672	344	-13156	-2154	1436	-758	70	46	-40	2391	11955	2391	68636718
-1780	794	-13664	-2162	1241	-688	70	46	-40	2392	11960	2392	68636718
-2198	266	-14274	-1372	1041	-523	68	50	-42	2393	11965	2393	68636719
-2536	206	-14660	-1005	886	-446	68	50	-42	2394	11970	2394	68636719
-2658	530	-14998	-443	777	-267	63	49	-45	2395	11975	2395	68636720
-3078	-130	-14866	162	705	-185	63	49	-45	2396	11980	2396	68636720
-3264	4	-14780	145	610	-148	63	41	-45	2397	11985	2397	68636720
-3742	-56	-14298	-33	538	-51	63	41	-45	2398	11990	2398	68636721
-4026	78	-13834	-300	596	22	70	48	-40	2399	11995	2399	68636721
-4240	-26	-13640	-481	567	54	70	48	-40	2400	12000	2400	68636722
-4518	-86	-13576	-883	618	68	69	43	-41	2401	12005	2401	68636723
-4484	-452	-13820	-993	889	37	69	43	-41	2402	12010	2402	68636724
-4574	-448	-13880	-924	1096	-54	71	43	-39	2403	12015	2403	68636725
-4554	-856	-14318	-522	1270	-118	71	43	-39	2404	12020	2404	68636727
-4920	-1430	-15034	-232	1326	-170	67	47	-45	2405	12025	2405	68636727
-4980	-1470	-15354	-169	1360	-158	67	47	-45	2406	12030	2406	68636737
-5390	-1600	-15306	-15	1373	-114	71	37	-37	2407	12035	2407	68636764
-5458	-1582	-15402	337	1282	-76	71	37	-37	2408	12040	2408	68636765
-5384	-1804	-15432	542	1377	-76	65	47	-43	2409	12045	2409	68636766
-5266	-1818	-15242	855	1561	-122	65	47	-43	2410	12050	2410	68636766
-5212	-1712	-15042	1117	1715	-166	69	43	-43	2411	12055	2411	68636767
-4922	-2158	-14672	1225	1786	-201	69	43	-43	2412	12060	2412	68636768
-4736	-2200	-14556	1262	1888	-308	60	38	-42	2413	12065	2413	68636769
-4770	-2404	-14396	1311	1976	-372	60	38	-42	2414	12070	2414	68636769
-4514	-2190	-14862	1175	1999	-473	72	36	-40	2415	12075	2415	68636770
-4532	-2296	-15168	899	2011	-542	72	36	-40	2416	12080	2416	68636770
-4260	-1880	-14860	460	2001	-578	68	40	-46	2417	12085	2417	68636770
-4134	-1460	-14346	-365	2043	-598	68	40	-46	2418	12090	2418	68636771
-4318	-1242	-14060	-925	1997	-599	70	40	-44	2419	12095	2419	68636772
-4406	-1258	-14092	-1104	2005	-561	70	40	-44	2420	12100	2420	68636772
-4550	-1330	-13922	-1309	2077	-481	68	34	-42	2421	12105	2421	68636788
-4568	-1358	-14090	-1294	2102	-466	68	34	-42	2422	12110	2422	68636788
-4320	-928	-14062	-1254	2223	-496	62	38	-42	2423	12115	2423	68636789
-4442	-1224	-14520	-605	2370	-522	62	38	-42	2424	12120	2424	68636815
-4744	-1770	-14762	-61	2402	-547	67	41	-43	2425	12125	2425	68636816
-4978	-1976	-14854	145	2384	-604	67	41	-43	2426	12130	2426	68636817
-4954	-2032	-14960	342	2518	-669	69	43	-45	2427	12135	2427	68636817
-4778	-2184	-15254	474	2664	-670	69	43	-45	2428	12140	2428	68636818
-4572	-2048	-15168	399	2703	-689	67	37	-41	2429	12145	2429	68636820
-4502	-2308	-15292	275	2658	-658	67	37	-41	2430	12150	2430	68636821
-4482	-2388	-15480	-158	2477	-635	71	39	-43	2431	12155	2431	68636823
-4272	-2090	-15374	-377	2441	-616	71	39	-43	2432	12160	2432	68636867
-3958	-1976	-15244	-632	2393	-567	66	34	-42	2433	12165	2433	68636935
-3790	-1802	-15204	-732	2396	-546	66	34	-42	2434	12170	2434	68636936
-3552	-1546	-15136	-690	2358	-523	68	34	-44	2435	12175	2435	68636936
-3320	-1474	-15248	-523	2328	-486	68	34	-44	2436	12180	2436	68636937
-3304	-1598	-15108	-451	2334	-454	63	35	-43	2437	12185	2437	68636937
-2980	-1314	-15004	-417	2282	-399	63	35	-43	2438	12190	2438	68636938
-2932	-1096	-14776	-425	2203	-385	64	38	-48	2439	12195	2439	68636939
-2906	-1014	-14752	-434	2135	-359	64	38	-48	2440	12200	2440	68636939
-2942	-1032	-14560	-400	1994	-332	65	31	-41	2441	12205	2441	68636939
-2940	-944	-14620	-419	1795	-304	65	31	-41	2442	12210	2442	68636960
-2994	-1002	-14450	-407	1790	-296	67	35	-47	2443	12215	2443	68637010
-3422	-1052	-14460	-399	1751	-303	67	35	-47	2444	12220	2444	68637037
-3386	-1096	-14540	-427	1858	-269	65	33	-47	2445	12225	2445	68637038
-3310	-1044	-14628	-456	1909	-265	65	33	-47	2446	12230	2446	68637038
-3312	-1076	-14592	-567	1959	-281	65	39	-45	2447	12235	2447	68637038
-3586	-1044	-14582	-811	2063	-284	65	39	-45	2448	12240	2448	68637039
-3430	-1094	-14634	-944	2140	-291	62	28	-48	2449	12245	2449	68637039
-3058	-1058	-14704	-1296	2277	-291	62	28	-48	2450	12250	2450	68637040
-2890	-950	-14706	-1524	2264	-239	70	32	-40	2451	12255	2451	68637040
-2528	-1016	-14832	-1553	2235	-190	70	32	-40	2452	12260	2452	68637040
-2196	-922	-15064	-1646	2093	-122	71	37	-45	2453	12265	2453	68637041
-2082	-890	-15254	-1656	1965	-70	71	37	-45	2454	12270	2454	68637041
-1788	-796	-15352	-1634	1669	29	68	30	-44	2455	12275	2455	68637042
-1540	-672	-15412	-1473	1377	74	68	30	-44	2456	12280	2456	68637042
-1672	-698	-15604	-1270	1250	59	65	37	-45	2457	12285	2457	68637042
-1150	-354	-15574	-1149	1248	69	65	37	-45	2458	12290	2458	68637043
-930	-452	-15552	-844	1291	1	63	31	-45	2459	12295	2459	68637043
-990	-482	-15548	-756	1252	-10	63	31	-45	2460	12300	2460	68637044
-998	-502	-15486	-656	1107	-42	64	32	-46	2461	12305	2461	68637044
-858	-528	-15070	-577	1042	-127	64	32	-46	2462	12310	2462	68637044
-812	-528	-15006	-582	995	-193	68	32	-50	2463	12315	2463	68637045
-924	-514	-14716	-575	876	-308	68	32	-50	2464	12320	2464	68637045
-834	-438	-14108	-474	807	-397	66	30	-44	2465	12325	2465	68637046
-948	-344	-13862	-423	700	-437	66	30	-44	2466	12330	2466	68637046
-1282	-304	-13868	-221	426	-523	59	29	-47	2467	12335	2467	68637047
-1408	-482	-13890	-78	113	-485	59	29	-47	2468	12340	2468	68637047
