-15688	-4215	-2603	-868	-469	330	-3	211	-43	1	1	1	84514147	
-15685	-4167	-2613	-847	-446	391	-3	211	-43	2	6	2	84514147	
-15682	-4166	-2688	-832	-423	450	-7	212	-47	3	11	3	84514147	
-15698	-4210	-2693	-810	-398	508	-8	212	-48	4	16	4	84514171	
-15695	-4220	-2637	-804	-374	559	-3	211	-44	5	21	5	84514177	
-15700	-4246	-2599	-798	-348	613	0	210	-42	6	26	6	84514178	
-15663	-4251	-2553	-804	-333	675	-8	215	-44	7	31	7	84514178	
-15667	-4270	-2593	-812	-299	738	-11	217	-45	8	36	8	84514178	
-15688	-4236	-2590	-812	-277	800	-7	216	-43	9	41	9	84514179	
-15710	-4288	-2645	-818	-272	848	-6	216	-42	10	46	10	84514179	
-15733	-4314	-2590	-825	-244	891	-6	213	-42	11	51	11	84514185	
-15743	-4292	-2633	-830	-208	931	-6	212	-42	12	56	12	84514210	
-15798	-4286	-2632	-830	-187	969	-9	210	-44	13	61	13	84514217	
-15911	-4344	-2566	-827	-158	1005	-10	210	-44	14	66	14	84514217	
-15900	-4250	-2606	-815	-121	1036	-5	213	-41	15	71	15	84514217	
-15900	-4308	-2596	-805	-110	1062	-5	213	-41	16	76	16	84514217	
-15874	-4306	-2626	-778	-71	1082	-4	206	-40	17	81	17	84514217	
-15974	-4276	-2632	-764	-65	1104	-4	206	-40	18	86	18	84514217	
-15950	-4296	-2632	-743	-39	1118	-9	209	-41	19	91	19	84514259	
-15954	-4306	-2676	-723	-3	1131	-9	209	-41	20	96	20	84514298	
-15992	-4290	-2552	-689	32	1143	-13	205	-43	21	101	21	84514298	
-15942	-4298	-2650	-661	50	1158	-13	205	-43	22	106	22	84514298	
-15992	-4254	-2580	-631	77	1165	-11	209	-45	23	111	23	84514298	
-15886	-4233	-2533	-573	97	1164	-10	210	-44	24	116	24	84514313	
-15884	-4266	-2500	-528	99	1160	-4	212	-42	25	121	25	84514328	
-15858	-4259	-2491	-502	116	1155	-4	212	-43	26	126	26	84514329	
-15890	-4252	-2513	-447	132	1149	-4	214	-48	27	131	27	84514329	
-15894	-4230	-2461	-402	156	1130	-5	212	-47	28	136	28	84514329	
-15905	-4218	-2368	-366	172	1109	-11	205	-43	29	141	29	84514329	
-15913	-4299	-2406	-340	181	1101	-11	206	-44	30	146	30	84514329	
-15915	-4306	-2456	-305	199	1080	-12	212	-46	31	151	31	84514329	
-15890	-4251	-2422	-263	224	1053	-10	211	-46	32	156	32	84514329	
-15878	-4276	-2388	-250	237	1037	-6	210	-46	33	161	33	84514329	
-15844	-4301	-2347	-235	239	1023	-7	211	-45	34	166	34	84514329	
-15840	-4346	-2325	-210	249	1014	-9	213	-41	35	171	35	84514330	
-15854	-4320	-2317	-186	246	1012	-10	213	-43	36	176	36	84514332	
-15843	-4352	-2309	-160	239	994	-13	215	-49	37	181	37	84514338	
-15857	-4354	-2330	-148	246	973	-13	215	-48	38	186	38	84514338	
-15875	-4299	-2333	-131	264	961	-11	217	-45	39	191	39	84514338	
-15881	-4238	-2234	-103	264	956	-9	215	-44	40	196	40	84514343	
-15860	-4246	-2248	-82	269	945	-7	213	-43	41	201	41	84514359	
-15844	-4272	-2246	-48	279	942	-9	212	-44	42	206	42	84514373	
-15820	-4306	-2217	-10	286	933	-11	211	-45	43	211	43	84514373	
-15820	-4302	-2175	20	284	923	-12	212	-45	44	216	44	84514373	
-15836	-4311	-2229	53	278	913	-13	213	-45	45	221	45	84514373	
-15844	-4326	-2168	85	271	909	-10	213	-45	46	226	46	84514373	
-15859	-4316	-2136	116	257	905	-6	212	-46	47	231	47	84514373	
-15891	-4330	-2183	143	248	902	-10	214	-47	48	236	48	84514389	
-15875	-4350	-2158	162	250	898	-13	215	-47	49	241	49	84514411	
-15854	-4335	-2168	174	244	894	-11	217	-50	50	246	50	84514416	
-15836	-4339	-2179	188	242	895	-10	218	-52	51	251	51	84514416	
-15847	-4328	-2155	201	230	888	-9	216	-50	52	256	52	84514416	
-15844	-4334	-2131	205	209	875	-8	214	-48	53	261	53	84514416	
-15835	-4307	-2113	216	186	865	-8	212	-54	54	266	54	84514416	
-15823	-4280	-2109	231	163	849	-8	210	-58	55	271	55	84514416	
-15855	-4316	-2132	228	146	846	-10	208	-53	56	276	56	84514421	
-15882	-4361	-2149	224	125	833	-11	207	-49	57	281	57	84514451	
-15917	-4381	-2124	220	106	831	-11	213	-46	58	286	58	84514459	
-15956	-4416	-2132	216	94	824	-11	215	-45	59	291	59	84514463	
-15966	-4382	-2126	195	87	816	-12	213	-46	60	296	60	84514464	
-16019	-4388	-2132	175	67	806	-12	212	-46	61	301	61	84514464	
-16076	-4348	-2165	164	45	794	-11	215	-45	62	306	62	84514464	
-16106	-4303	-2176	158	15	785	-11	217	-45	63	311	63	84514465	
-16117	-4257	-2189	155	-2	774	-13	211	-44	64	316	64	84514465	
-16186	-4271	-2208	160	-1	761	-15	207	-43	65	321	65	84514475	
-16130	-4266	-2237	175	-6	733	-17	210	-46	66	326	66	84514496	
-16104	-4182	-2284	211	-9	705	-17	211	-47	67	331	67	84514500	
-16083	-4159	-2156	247	-20	687	-12	216	-45	68	336	68	84514500	
-16017	-4251	-2192	280	-25	662	-11	217	-45	69	341	69	84514500	
-15972	-4220	-2223	333	-39	642	-14	212	-51	70	346	70	84514501	
-15854	-4147	-2218	378	-50	609	-15	211	-53	71	351	71	84514501	
-15826	-4146	-2200	429	-62	569	-14	213	-47	72	356	72	84514501	
-15722	-4142	-2198	481	-73	527	-14	214	-46	73	361	73	84514501	
-15712	-4058	-2206	525	-92	475	-10	212	-46	74	366	74	84514509	
-15720	-4092	-2186	581	-127	443	-10	212	-46	75	371	75	84514541	
-15696	-4094	-2220	621	-155	399	-15	215	-41	76	376	76	84514542	
-15696	-4036	-2210	655	-181	348	-15	215	-41	77	381	77	84514542	
-15714	-4064	-2302	703	-195	288	-14	214	-46	78	386	78	84514543	
-15704	-4106	-2212	718	-198	240	-14	214	-46	79	391	79	84514543	
-15620	-4124	-2238	746	-199	204	-16	212	-50	80	396	80	84514543	
-15582	-3998	-2206	749	-234	135	-16	212	-50	81	401	81	84514543	
-15495	-4088	-2306	757	-236	60	-14	212	-50	82	406	82	84514549	
-15396	-4036	-2271	751	-227	-12	-13	212	-48	83	411	83	84514574	
-15190	-4030	-2361	748	-231	-80	-8	214	-42	84	416	84	84514574	
-15067	-3936	-2364	743	-238	-142	-9	214	-43	85	421	85	84514574	
-14892	-3916	-2385	744	-258	-218	-12	212	-46	86	426	86	84514575	
-14838	-3776	-2357	763	-284	-284	-12	212	-46	87	431	87	84514575	
-14777	-3761	-2291	793	-304	-358	-13	211	-47	88	436	88	84514575	
-14712	-3738	-2306	816	-334	-414	-13	211	-47	89	441	89	84514575	
-14626	-3640	-2313	885	-366	-481	-9	211	-45	90	446	90	84514590	
-14653	-3671	-2328	955	-382	-564	-10	212	-45	91	451	91	84514612	
-14637	-3653	-2292	1019	-419	-631	-15	215	-47	92	456	92	84514612	
-14714	-3619	-2194	1096	-458	-690	-14	214	-46	93	461	93	84514612	
-14855	-3592	-2100	1185	-515	-739	-10	210	-42	94	466	94	84514612	
-14955	-3693	-2150	1255	-568	-760	-11	210	-43	95	471	95	84514612	
-15235	-3680	-2104	1321	-625	-777	-15	211	-45	96	476	96	84514612	
-15481	-3712	-2161	1378	-688	-775	-15	211	-46	97	481	97	84514620	
-15695	-3852	-2217	1413	-741	-750	-13	213	-49	98	486	98	84514653	
-15929	-3939	-2296	1432	-779	-705	-11	212	-49	99	491	99	84514654	
-16148	-4010	-2333	1423	-809	-651	-8	210	-50	100	496	100	84514654	
-16340	-4058	-2420	1395	-844	-578	-8	212	-49	101	501	101	84514655	
-16507	-4081	-2450	1348	-892	-487	-8	214	-48	102	506	102	84514655	
-16663	-4118	-2508	1302	-946	-377	-8	212	-46	103	511	103	84514655	
-16805	-4132	-2607	1244	-992	-271	-9	209	-43	104	516	104	84514656	
-16952	-4132	-2689	1182	-1019	-173	-9	211	-42	105	521	105	84514671	
-17024	-4065	-2727	1139	-1041	-78	-10	214	-40	106	526	106	84514712	
-17000	-3998	-2754	1131	-1038	19	-9	216	-44	107	531	107	84514729	
-16886	-3933	-2817	1137	-1031	103	-9	217	-47	108	536	108	84514729	
-16720	-3858	-2875	1163	-1028	181	-8	213	-43	109	541	109	84514729	
-16556	-3823	-2919	1196	-1023	250	-8	210	-40	110	546	110	84514729	
-16418	-3788	-2946	1248	-1053	337	-12	212	-42	111	551	111	84514729	
-16320	-3772	-3025	1316	-1116	418	-15	213	-43	112	556	112	84514733	
-16270	-3769	-3026	1386	-1199	501	-13	211	-43	113	561	113	84514756	
-16216	-3797	-3017	1452	-1268	584	-11	209	-43	114	566	114	84514770	
-16151	-3898	-3019	1517	-1316	679	-9	213	-43	115	571	115	84514770	
-16056	-4015	-3017	1549	-1338	794	-6	216	-42	116	576	116	84514770	
-15973	-4072	-3128	1518	-1338	888	-10	217	-43	117	581	117	84514770	
-15908	-4128	-3151	1498	-1319	993	-13	217	-43	118	586	118	84514770	
-15834	-4141	-3218	1522	-1269	1123	-11	216	-42	119	591	119	84514770	
-15702	-4080	-3402	1588	-1193	1268	-9	215	-41	120	596	120	84514770	
-15571	-4003	-3568	1719	-1104	1411	-11	216	-39	121	601	121	84514770	
-15466	-3948	-3687	1930	-1044	1549	-12	216	-38	122	606	122	84514770	
-15349	-3906	-3766	2192	-1034	1690	-5	213	-38	123	611	123	84514777	
-15127	-3938	-3885	2352	-1080	1817	-2	212	-38	124	616	124	84514794	
-15059	-4001	-3821	2417	-1123	1931	-9	210	-40	125	621	125	84514806	
-14945	-4148	-3883	2496	-1102	2024	-11	209	-41	126	626	126	84514808	
-14832	-4403	-3890	2467	-1044	2096	-8	212	-41	127	631	127	84514808	
-14652	-4712	-3747	2250	-1029	2138	-7	213	-41	128	636	128	84514808	
-14457	-5024	-3706	2026	-1077	2167	-7	215	-41	129	641	129	84514808	
-14346	-5280	-3734	1754	-1131	2247	-7	215	-41	130	646	130	84514808	
-14267	-5490	-3684	1223	-1084	2355	-10	218	-38	131	651	131	84514808	
-14152	-5548	-3630	421	-995	2483	-11	219	-37	132	656	132	84514808	
-14018	-5494	-3508	-125	-950	2618	-8	222	-42	133	661	133	84514809	
-13974	-5232	-3546	-535	-927	2813	-8	222	-42	134	666	134	84514809	
-13896	-4946	-3584	-892	-965	3016	-6	216	-42	135	671	135	84514809	
-13842	-4664	-3596	-1142	-981	3160	-6	216	-42	136	676	136	84514809	
-13968	-4556	-3678	-1277	-972	3276	-13	211	-41	137	681	137	84514835	
-13952	-4418	-3642	-1346	-1000	3381	-13	211	-41	138	686	138	84514844	
-13966	-4402	-3430	-1419	-1068	3476	-14	218	-38	139	691	139	84514845	
-14097	-4631	-3466	-1528	-1120	3562	-14	217	-38	140	696	140	84514845	
-14220	-4776	-3366	-1620	-1162	3619	-13	213	-39	141	701	141	84514845	
-14390	-4878	-3442	-1772	-1120	3714	-13	213	-39	142	706	142	84514845	
-14482	-4958	-3440	-1957	-1043	3835	-15	219	-37	143	711	143	84514845	
-14594	-5004	-3510	-2160	-1005	3947	-15	219	-37	144	716	144	84514854	
-14786	-4960	-3454	-2388	-1000	4056	-15	213	-37	145	721	145	84514882	
-14920	-4938	-3464	-2652	-1015	4136	-15	213	-37	146	726	146	84514882	
-15032	-4976	-3440	-2897	-1016	4162	-17	211	-33	147	731	147	84514882	
-15204	-4880	-3360	-3088	-1015	4183	-17	211	-33	148	736	148	84514882	
-15480	-4883	-3291	-3258	-972	4223	-14	212	-40	149	741	149	84514882	
-15678	-4828	-3308	-3394	-923	4271	-15	214	-39	150	746	150	84514882	
-15851	-4792	-3350	-3514	-875	4315	-19	221	-35	151	751	151	84514886	
-15989	-4707	-3275	-3594	-851	4327	-19	221	-36	152	756	152	84514904	
-16129	-4655	-3267	-3630	-807	4310	-18	220	-38	153	761	153	84514912	
-16263	-4608	-3433	-3623	-740	4303	-19	219	-38	154	766	154	84514912	
-16436	-4543	-3498	-3565	-667	4287	-23	215	-37	155	771	155	84514912	
-16494	-4444	-3477	-3474	-605	4242	-23	216	-38	156	776	156	84514912	
-16559	-4402	-3554	-3347	-537	4161	-22	220	-42	157	781	157	84514912	
-16576	-4356	-3547	-3203	-495	4063	-22	219	-38	158	786	158	84514916	
-16587	-4370	-3540	-3064	-462	3942	-21	217	-33	159	791	159	84514934	
-16592	-4350	-3562	-2935	-421	3818	-23	217	-37	160	796	160	84514951	
-16551	-4395	-3599	-2804	-361	3692	-26	216	-42	161	801	161	84514953	
-16487	-4393	-3553	-2666	-285	3561	-27	216	-44	162	806	162	84514955	
-16416	-4373	-3567	-2519	-212	3422	-29	215	-47	163	811	163	84514956	
-16338	-4399	-3697	-2372	-173	3279	-27	214	-44	164	816	164	84514957	
-16259	-4374	-3701	-2212	-165	3105	-25	213	-39	165	821	165	84514972	
-16246	-4344	-3672	-2026	-171	2928	-28	212	-38	166	826	166	84514987	
-16260	-4325	-3685	-1857	-182	2763	-30	212	-38	167	831	167	84514987	
-16269	-4351	-3703	-1702	-181	2605	-31	211	-44	168	836	168	84514987	
-16279	-4365	-3738	-1539	-162	2436	-32	210	-50	169	841	169	84514987	
-16280	-4371	-3770	-1359	-114	2249	-31	211	-46	170	846	170	84514988	
-16246	-4420	-3726	-1205	-69	2073	-29	213	-39	171	851	171	84514988	
-16190	-4481	-3690	-1074	-49	1892	-29	214	-41	172	856	172	84514999	
-16136	-4586	-3729	-956	-17	1692	-30	216	-44	173	861	173	84515027	
-16006	-4653	-3772	-874	21	1502	-29	215	-41	174	866	174	84515038	
-15916	-4708	-3836	-828	53	1332	-29	215	-39	175	871	175	84515038	
-15862	-4738	-3876	-808	79	1160	-28	217	-40	176	876	176	84515038	
-15786	-4720	-3878	-806	108	1002	-27	219	-41	177	881	177	84515039	
-15741	-4748	-3901	-804	124	836	-29	215	-43	178	886	178	84515039	
-15674	-4730	-3852	-796	143	664	-30	212	-44	179	891	179	84515039	
-15642	-4720	-3811	-777	168	496	-30	214	-43	180	896	180	84515057	
-15637	-4729	-3817	-760	190	347	-30	216	-42	181	901	181	84515082	
-15654	-4699	-3772	-756	204	185	-29	215	-41	182	906	182	84515090	
-15758	-4752	-3814	-758	225	40	-28	214	-40	183	911	183	84515090	
-15820	-4850	-3778	-782	248	-93	-26	212	-46	184	916	184	84515090	
-15915	-4926	-3753	-806	263	-241	-26	212	-48	185	921	185	84515090	
-15986	-4961	-3785	-852	295	-362	-28	216	-46	186	926	186	84515090	
-16096	-4998	-3823	-928	336	-466	-29	217	-45	187	931	187	84515090	
-16226	-4992	-3883	-997	366	-573	-29	214	-47	188	936	188	84515090	
-16356	-5020	-3854	-1072	373	-667	-29	213	-47	189	941	189	84515091	
-16456	-5034	-3824	-1170	375	-749	-24	212	-42	190	946	190	84515129	
-16688	-5018	-3836	-1245	376	-822	-24	212	-42	191	951	191	84515136	
-16808	-4976	-3824	-1315	392	-908	-28	214	-46	192	956	192	84515136	
-16956	-5006	-3910	-1396	416	-968	-28	214	-46	193	961	193	84515136	
-17060	-5038	-3882	-1456	442	-1033	-24	212	-48	194	966	194	84515136	
-17153	-5043	-3849	-1526	484	-1098	-24	212	-48	195	971	195	84515136	
-17266	-5062	-3848	-1579	524	-1158	-26	212	-42	196	976	196	84515136	
-17400	-5093	-3916	-1631	578	-1216	-26	212	-40	197	981	197	84515136	
-17454	-5046	-3980	-1675	644	-1290	-25	213	-47	198	986	198	84515147	
-17440	-4954	-3924	-1718	697	-1363	-25	213	-47	199	991	199	84515193	
-17396	-4820	-3968	-1715	758	-1440	-25	213	-47	200	996	200	84515193	
-17256	-4758	-3900	-1677	817	-1520	-25	213	-47	201	1001	201	84515193	
-17106	-4568	-3788	-1615	880	-1625	-30	210	-50	202	1006	202	84515193	
-17006	-4542	-3776	-1510	921	-1714	-30	210	-50	203	1011	203	84515193	
-16886	-4366	-3642	-1403	953	-1831	-24	204	-46	204	1016	204	84515193	
-16742	-4376	-3568	-1269	965	-1939	-24	204	-46	205	1021	205	84515193	
-16618	-4438	-3552	-1137	1004	-2061	-25	211	-47	206	1026	206	84515194	
-16280	-4444	-3495	-1002	1081	-2216	-26	208	-46	207	1031	207	84515194	
-15960	-4436	-3441	-875	1155	-2367	-26	206	-46	208	1036	208	84515194	
