-16872	441	784	-2488	634	-219	-283	252	-6	1	1	1	82787661	
-16844	420	803	-2490	667	-228	-283	251	-7	2	6	2	82787662	
-16838	408	829	-2497	686	-232	-278	252	-5	3	11	3	82787662	
-16858	382	765	-2509	699	-221	-275	253	-3	4	16	4	82787663	
-16856	417	791	-2524	718	-203	-280	253	-6	5	21	5	82787663	
-16834	410	689	-2552	731	-221	-281	253	-7	6	26	6	82787663	
-16804	396	732	-2598	736	-230	-284	255	3	7	31	7	82787664	
-16782	405	712	-2653	735	-227	-285	255	5	8	36	8	82787744	
-16776	390	745	-2706	724	-234	-278	257	-5	9	41	9	82787764	
-16776	434	743	-2739	711	-236	-276	258	-8	10	46	10	82787765	
-16693	432	770	-2755	688	-242	-282	256	-1	11	51	11	82787766	
-16698	463	804	-2750	635	-239	-283	255	1	12	56	12	82787766	
-16752	478	732	-2723	574	-242	-283	255	-3	13	61	13	82787766	
-16838	328	660	-2692	546	-225	-283	255	-3	14	66	14	82787767	
-16864	386	720	-2673	517	-207	-275	253	-1	15	71	15	82787768	
-16960	360	676	-2660	518	-192	-275	253	-1	16	76	16	82787818	
-16984	350	740	-2631	549	-177	-286	252	-6	17	81	17	82787818	
-17046	404	618	-2628	586	-178	-286	252	-6	18	86	18	82787819	
-17012	322	728	-2628	648	-182	-277	259	-5	19	91	19	82787819	
-17039	360	768	-2611	713	-181	-277	259	-5	20	96	20	82787820	
-17049	389	781	-2590	788	-191	-282	256	-3	21	101	21	82787820	
-17010	470	826	-2545	887	-178	-283	255	-3	22	106	22	82787820	
-16984	538	926	-2512	978	-188	-286	254	0	23	111	23	82787821	
-16988	564	862	-2512	1062	-177	-286	254	0	24	116	24	82787821	
-16978	532	958	-2488	1143	-148	-275	255	-3	25	121	25	82787821	
-16856	550	878	-2467	1235	-138	-275	255	-3	26	126	26	82787822	
-16856	570	892	-2445	1298	-131	-283	261	-3	27	131	27	82787824	
-16792	534	712	-2391	1316	-108	-283	261	-3	28	136	28	82787840	
-16806	524	726	-2363	1275	-107	-281	255	-3	29	141	29	82787841	
-16768	482	557	-2354	1184	-81	-280	256	-4	30	146	30	82787841	
-16761	399	499	-2376	1104	-85	-278	258	-6	31	151	31	82787842	
-16800	364	541	-2395	1043	-94	-279	258	-6	32	156	32	82787842	
-16800	400	530	-2396	1021	-93	-281	257	-7	33	161	33	82787842	
-16840	394	548	-2389	1022	-102	-281	257	-7	34	166	34	82787843	
-16771	392	612	-2365	1041	-108	-282	258	-6	35	171	35	82787844	
-16762	358	587	-2355	1045	-108	-281	258	-4	36	176	36	82787844	
-16823	371	585	-2361	1033	-98	-278	256	2	37	181	37	82787845	
-16911	330	573	-2378	994	-90	-279	258	-1	38	186	38	82787846	
-16911	332	612	-2428	984	-89	-282	264	-10	39	191	39	82787846	
-16890	333	606	-2467	1009	-80	-282	263	-9	40	196	40	82787847	
-16858	370	604	-2500	1060	-72	-283	259	-3	41	201	41	82787862	
-16847	403	555	-2503	1118	-72	-284	257	-2	42	206	42	82787921	
-16811	498	486	-2479	1182	-79	-289	251	1	43	211	43	82787921	
-16801	500	474	-2463	1229	-90	-287	252	-1	44	216	44	82787922	
-16782	495	414	-2460	1290	-84	-279	255	-7	45	221	45	82787922	
-16771	544	370	-2456	1355	-67	-280	256	-6	46	226	46	82787922	
-16711	549	361	-2456	1386	-71	-282	258	-4	47	231	47	82787923	
-16697	507	315	-2464	1367	-63	-282	257	-4	48	236	48	82787923	
-16734	472	295	-2464	1320	-53	-283	255	-3	49	241	49	82787924	
-16748	487	349	-2461	1253	-62	-280	254	-5	50	246	50	82787925	
-16774	506	450	-2446	1180	-76	-276	252	-8	51	251	51	82787926	
-16809	512	489	-2408	1108	-79	-278	252	-6	52	256	52	82787927	
-16815	480	500	-2382	1026	-82	-280	252	-2	53	261	53	82787928	
-16894	476	509	-2377	952	-84	-279	253	-5	54	266	54	82787938	
-16964	571	450	-2366	925	-93	-278	254	-8	55	271	55	82787948	
-16986	594	482	-2347	941	-100	-278	253	-6	56	276	56	82787949	
-16986	585	482	-2316	965	-106	-278	252	-4	57	281	57	82787949	
-17052	573	469	-2282	977	-88	-277	251	-4	58	286	58	82787950	
-17071	582	496	-2227	976	-64	-276	250	-4	59	291	59	82787950	
-17027	600	559	-2162	968	-49	-278	254	-8	60	296	60	82787950	
-16982	631	631	-2097	969	-38	-281	259	-13	61	301	61	82787951	
-16958	684	639	-2025	979	-31	-280	257	-11	62	306	62	82787951	
-16927	715	624	-1952	961	-17	-279	255	-9	63	311	63	82787952	
-16908	754	621	-1873	939	-15	-281	259	-7	64	316	64	82787953	
-16917	734	654	-1789	930	-18	-283	261	-5	65	321	65	82787953	
-16850	746	664	-1717	909	-17	-278	257	-10	66	326	66	82787953	
-16815	778	634	-1663	890	-23	-275	255	-13	67	331	67	82787954	
-16882	807	607	-1627	886	-34	-280	254	-9	68	336	68	82787954	
-16897	814	574	-1594	904	-24	-283	253	-7	69	341	69	82787955	
-16887	767	548	-1558	956	-17	-282	254	-9	70	346	70	82787956	
-16927	740	437	-1537	1060	-32	-281	255	-11	71	351	71	82787958	
-16936	684	450	-1529	1163	-36	-277	254	-9	72	356	72	82787958	
-16898	696	350	-1524	1256	-58	-276	254	-8	73	361	73	82787972	
-16821	691	340	-1521	1301	-59	-281	257	-8	74	366	74	82787975	
-16786	654	238	-1523	1327	-52	-282	258	-8	75	371	75	82787975	
-16788	638	260	-1512	1334	-37	-280	259	-9	76	376	76	82787976	
-16867	649	253	-1491	1325	-1	-279	259	-9	77	381	77	82787976	
-16867	593	269	-1467	1315	50	-276	257	-6	78	386	78	82787977	
-16749	559	181	-1411	1305	52	-275	257	-5	79	391	79	82787977	
-16698	514	101	-1350	1331	-6	-280	251	-14	80	396	80	82787977	
-16762	516	95	-1368	1337	-65	-281	249	-17	81	401	81	82787978	
-16770	566	83	-1376	1290	-86	-278	254	-9	82	406	82	82787978	
-16755	583	38	-1370	1235	-80	-277	255	-7	83	411	83	82787979	
-16766	482	62	-1366	1203	-78	-286	251	-11	84	416	84	82787980	
-16712	387	36	-1363	1207	-52	-288	250	-12	85	421	85	82787994	
-16708	360	30	-1368	1211	-18	-278	257	-8	86	426	86	82787999	
-16769	313	16	-1348	1233	16	-275	259	-7	87	431	87	82787999	
-16826	362	58	-1282	1273	52	-280	254	-4	88	436	88	82788000	
-16808	400	88	-1219	1280	52	-280	254	-4	89	441	89	82788000	
-16802	416	82	-1228	1206	32	-283	257	-7	90	446	90	82788026	
-16790	420	142	-1237	1163	46	-283	257	-7	91	451	91	82788054	
-16848	404	56	-1246	1117	58	-279	257	-5	92	456	92	82788055	
-16888	448	4	-1274	1055	49	-279	257	-5	93	461	93	82788056	
-16882	380	162	-1256	1053	17	-281	259	-7	94	466	94	82788057	
-16934	280	50	-1212	1116	-42	-281	259	-7	95	471	95	82788057	
-17038	298	70	-1236	1204	-102	-281	257	-5	96	476	96	82788058	
-16990	276	116	-1301	1270	-157	-280	257	-4	97	481	97	82788058	
-16945	231	133	-1349	1340	-198	-274	256	-2	98	486	98	82788058	
-16937	180	107	-1420	1405	-226	-276	256	-2	99	491	99	82788059	
-16830	60	80	-1470	1448	-240	-288	254	-2	100	496	100	82788059	
-16834	30	20	-1566	1515	-248	-288	254	-2	101	501	101	82788060	
-16790	114	18	-1666	1470	-226	-285	255	-9	102	506	102	82788060	
-16772	10	80	-1741	1394	-178	-285	255	-9	103	511	103	82788060	
-16766	40	36	-1835	1312	-154	-276	258	-8	104	516	104	82788105	
-16756	-19	96	-1908	1249	-109	-278	256	-8	105	521	105	82788105	
-16729	-94	26	-1964	1237	-77	-288	250	-8	106	526	106	82788106	
-16614	-144	15	-2022	1203	-62	-287	252	-8	107	531	107	82788106	
-16472	-90	-52	-2074	1086	-47	-283	259	-9	108	536	108	82788107	
-16426	-26	-133	-2165	818	-22	-282	259	-10	109	541	109	82788108	
-16496	-124	-94	-2256	585	-49	-279	259	-13	110	546	110	82788118	
-16684	-113	-172	-2365	504	-91	-278	258	-12	111	551	111	82788158	
-16822	-126	-275	-2491	499	-94	-275	253	-7	112	556	112	82788158	
-16834	-66	-239	-2606	574	-115	-276	255	-8	113	561	113	82788159	
-16841	-70	-348	-2765	661	-158	-279	259	-11	114	566	114	82788159	
-16824	-65	-388	-2924	689	-184	-282	258	-11	115	571	115	82788160	
-16840	-92	-362	-3037	717	-221	-286	256	-10	116	576	116	82788160	
-16821	-112	-410	-3130	754	-266	-284	257	-12	117	581	117	82788160	
-16784	-112	-453	-3266	779	-302	-282	258	-14	118	586	118	82788161	
-16735	-131	-379	-3392	802	-343	-281	256	-13	119	591	119	82788161	
-16736	-129	-384	-3485	835	-387	-278	252	-12	120	596	120	82788161	
-16756	-65	-358	-3604	812	-395	-279	252	-12	121	601	121	82788162	
-16692	-130	-324	-3694	710	-412	-283	251	-11	122	606	122	82788162	
-16646	-199	-294	-3788	604	-430	-282	252	-12	123	611	123	82788169	
-16613	-228	-299	-3870	481	-447	-280	254	-14	124	616	124	82788180	
-16564	-165	-368	-3981	377	-496	-279	258	-14	125	621	125	82788202	
-16565	-92	-424	-4132	294	-542	-277	263	-15	126	626	126	82788234	
-16596	-70	-454	-4277	230	-593	-281	259	-14	127	631	127	82788235	
-16616	0	-422	-4430	184	-669	-286	254	-12	128	636	128	82788235	
-16595	-50	-428	-4605	114	-728	-283	256	-11	129	641	129	82788236	
-16546	-52	-516	-4758	36	-774	-279	257	-9	130	646	130	82788236	
-16564	-56	-464	-4888	-44	-811	-280	258	-13	131	651	131	82788237	
-16669	2	-438	-5004	-168	-795	-281	259	-15	132	656	132	82788237	
-16732	78	-378	-5106	-298	-739	-283	260	-13	133	661	133	82788238	
-16792	100	-321	-5163	-330	-717	-284	260	-12	134	666	134	82788238	
-16848	23	-285	-5168	-237	-709	-279	255	-11	135	671	135	82788239	
-16842	-1	-285	-5238	-128	-706	-275	251	-11	136	676	136	82788240	
-16803	86	-233	-5370	-83	-700	-280	255	-11	137	681	137	82788240	
-16872	243	-189	-5466	-103	-686	-283	257	-11	138	686	138	82788241	
-16969	304	-39	-5485	-109	-668	-282	256	-10	139	691	139	82788242	
-17005	218	-14	-5474	-63	-642	-282	256	-10	140	696	140	82788253	
-16980	197	-33	-5496	34	-620	-281	258	-8	141	701	141	82788290	
-16894	261	-29	-5544	206	-603	-281	259	-7	142	706	142	82788312	
-16757	264	-56	-5567	375	-616	-280	256	-9	143	711	143	82788313	
-16651	284	-90	-5565	451	-646	-280	254	-10	144	716	144	82788314	
-16612	359	-100	-5571	429	-677	-282	257	-9	145	721	145	82788315	
-16608	403	-213	-5581	309	-690	-283	259	-9	146	726	146	82788315	
-16667	449	-269	-5596	189	-692	-281	255	-11	147	731	147	82788316	
-16773	486	-232	-5602	114	-702	-280	254	-12	148	736	148	82788316	
-16847	471	-176	-5579	119	-704	-281	253	-14	149	741	149	82788316	
-16898	501	-190	-5519	193	-690	-281	253	-15	150	746	150	82788317	
-16895	449	-145	-5486	305	-699	-280	255	-16	151	751	151	82788317	
-16830	464	-150	-5472	371	-697	-280	256	-16	152	756	152	82788317	
-16798	461	-202	-5435	265	-677	-273	257	-14	153	761	153	82788319	
-16796	384	-164	-5434	82	-613	-271	257	-13	154	766	154	82788334	
-16758	298	-90	-5381	52	-582	-278	258	-14	155	771	155	82788338	
-16914	364	-92	-5344	272	-584	-278	258	-14	156	776	156	82788340	
-17002	562	-8	-5331	279	-526	-285	259	-15	157	781	157	82788390	
-16956	454	34	-5220	271	-521	-285	259	-15	158	786	158	82788391	
-16926	298	-58	-5113	380	-555	-277	255	-13	159	791	159	82788391	
-16844	320	-55	-5079	441	-583	-277	255	-13	160	796	160	82788391	
-16950	543	-62	-5087	406	-586	-278	257	-15	161	801	161	82788392	
-16954	569	61	-5100	182	-525	-278	258	-16	162	806	162	82788392	
-17050	374	34	-5000	60	-570	-282	254	-18	163	811	163	82788392	
-16972	342	-48	-5014	123	-598	-282	254	-18	164	816	164	82788393	
-16938	326	24	-5013	252	-638	-280	258	-12	165	821	165	82788393	
-16870	346	44	-5062	317	-669	-280	258	-12	166	826	166	82788393	
-16794	284	30	-5046	312	-681	-277	263	-15	167	831	167	82788412	
-16796	286	-20	-5029	280	-701	-277	263	-15	168	836	168	82788443	
-16890	312	-62	-5065	172	-679	-280	254	-10	169	841	169	82788443	
-16880	274	-104	-5092	90	-657	-280	254	-10	170	846	170	82788444	
-16874	242	-144	-5079	150	-678	-274	262	-14	171	851	171	82788444	
-16561	96	-165	-5099	383	-783	-275	260	-14	172	856	172	82788444	
-16387	83	-310	-5148	654	-956	-281	253	-13	173	861	173	82788445	
-16612	240	-138	-5268	957	-1050	-279	254	-13	174	866	174	82788445	
-16762	256	-26	-5215	1090	-1046	-272	256	-14	175	871	175	82788446	
-16742	166	-91	-5087	932	-1003	-274	256	-14	176	876	176	82788446	
-16692	174	-181	-5054	709	-927	-284	256	-16	177	881	177	82788446	
-16742	219	-156	-5095	460	-876	-282	255	-16	178	886	178	82788447	
-16847	235	-86	-5114	282	-821	-275	251	-17	179	891	179	82788450	
-16839	208	-65	-5079	185	-754	-276	252	-16	180	896	180	82788463	
-16828	168	-170	-5032	226	-688	-279	255	-11	181	901	181	82788464	
-16858	102	-181	-4982	439	-635	-279	255	-12	182	906	182	82788464	
-16855	114	-263	-4947	709	-604	-279	255	-15	183	911	183	82788465	
-16844	168	-299	-4923	904	-581	-279	255	-15	184	916	184	82788465	
-16827	176	-358	-4909	995	-527	-277	255	-15	185	921	185	82788465	
-16848	170	-317	-4910	969	-472	-277	257	-16	186	926	186	82788466	
-16843	209	-181	-4902	877	-403	-277	263	-19	187	931	187	82788477	
-16751	80	-277	-4888	838	-366	-278	262	-17	188	936	188	82788519	
-16566	81	-312	-4921	952	-428	-281	257	-11	189	941	189	82788520	
-16487	131	-227	-4961	1087	-496	-277	256	-12	190	946	190	82788521	
-16541	176	-194	-5019	1003	-513	-272	254	-14	191	951	191	82788521	
-16539	218	-202	-5092	723	-512	-274	256	-16	192	956	192	82788522	
-16591	197	-144	-5086	555	-516	-276	258	-20	193	961	193	82788523	
-16642	156	-152	-5050	506	-506	-275	257	-21	194	966	194	82788524	
-16728	204	-122	-5036	496	-504	-274	256	-22	195	971	195	82788525	
-16761	232	-96	-5024	516	-483	-276	257	-20	196	976	196	82788535	
-16730	228	-90	-4962	626	-458	-277	257	-17	197	981	197	82788543	
-16697	173	-84	-4914	756	-457	-278	255	-15	198	986	198	82788559	
-16647	108	-170	-4921	817	-448	-279	253	-13	199	991	199	82788572	
-16604	112	-217	-4963	822	-442	-278	254	-15	200	996	200	82788573	
-16683	246	-170	-5005	782	-429	-277	255	-17	201	1001	201	82788573	
-16824	325	-190	-4987	711	-369	-277	257	-17	202	1006	202	82788574	
-16760	268	-188	-4919	676	-333	-277	261	-17	203	1011	203	82788575	
-16628	230	-223	-4855	714	-389	-280	257	-16	204	1016	204	82788576	
-16630	271	-202	-4852	669	-407	-283	253	-15	205	1021	205	82788577	
-16645	328	-206	-4830	507	-379	-276	254	-17	206	1026	206	82788577	
-16693	352	-209	-4776	323	-368	-271	255	-19	207	1031	207	82788578	
-16774	436	-167	-4735	161	-363	-276	256	-18	208	1036	208	82788606	
-16886	510	-186	-4706	55	-389	-280	256	-18	209	1041	209	82788626	
-16972	553	-148	-4647	52	-432	-276	257	-19	210	1046	210	82788626	
-16981	580	-69	-4553	100	-451	-273	257	-19	211	1051	211	82788627	
-16988	603	28	-4457	168	-449	-274	255	-20	212	1056	212	82788627	
-17042	602	155	-4360	259	-440	-275	253	-21	213	1061	213	82788627	
-17003	603	113	-4290	357	-435	-277	252	-19	214	1066	214	82788628	
-16985	561	75	-4238	454	-444	-278	252	-18	215	1071	215	82788628	
-16802	558	40	-4204	549	-425	-276	250	-17	216	1076	216	82788628	
-16748	533	26	-4171	633	-405	-275	249	-17	217	1081	217	82788629	
-16663	516	-14	-4142	662	-387	-273	255	-20	218	1086	218	82788634	
-16599	470	-41	-4124	641	-370	-273	257	-21	219	1091	219	82788635	
-16562	496	-117	-4092	586	-359	-274	255	-22	220	1096	220	82788635	
-16545	528	-165	-4055	479	-346	-275	253	-23	221	1101	221	82788682	
-16588	587	-254	-3990	372	-337	-273	256	-21	222	1106	222	82788697	
-16677	600	-274	-3907	282	-332	-273	257	-21	223	1111	223	82788697	
-16683	669	-205	-3823	193	-337	-275	257	-21	224	1116	224	82788698	
-16741	649	-172	-3717	126	-340	-275	257	-21	225	1121	225	82788698	
-16828	589	-189	-3575	90	-344	-271	256	-20	226	1126	226	82788698	
-16796	555	-141	-3419	87	-346	-270	256	-20	227	1131	227	82788699	
-16832	619	-142	-3299	107	-349	-275	253	-20	228	1136	228	82788699	
-16865	578	-103	-3168	146	-333	-276	252	-20	229	1141	229	82788765	
-16934	562	-120	-3003	212	-328	-284	258	-22	230	1146	230	82788782	
-16830	524	-100	-2905	284	-326	-284	258	-22	231	1151	231	82788783	
-16828	526	-138	-2785	345	-319	-279	253	-23	232	1156	232	82788784	
-16772	660	-104	-2664	411	-311	-279	253	-23	233	1161	233	82788785	
-16818	664	-112	-2561	426	-297	-276	252	-26	234	1166	234	82788805	
-16848	612	-132	-2458	444	-283	-276	252	-26	235	1171	235	82788806	
-16748	708	-158	-2364	484	-263	-273	261	-17	236	1176	236	82788833	
-16810	606	-156	-2269	501	-255	-273	261	-17	237	1181	237	82788833	
-16797	638	-152	-2166	488	-245	-277	257	-21	238	1186	238	82788834	
-16742	608	-230	-2097	473	-243	-277	257	-21	239	1191	239	82788834	
-16786	608	-210	-2013	430	-218	-278	256	-18	240	1196	240	82788835	
-16812	630	-204	-1942	386	-200	-278	256	-18	241	1201	241	82788835	
-16802	614	-142	-1881	364	-186	-276	254	-22	242	1206	242	82788835	
-16856	588	-248	-1799	385	-189	-276	254	-22	243	1211	243	82788836	
-16862	518	-168	-1746	419	-163	-277	251	-19	244	1216	244	82788837	
-16826	502	-174	-1679	466	-165	-277	251	-19	245	1221	245	82788838	
-16836	516	-196	-1614	488	-143	-274	252	-22	246	1226	246	82788838	
-16835	456	-216	-1512	464	-124	-274	252	-21	247	1231	247	82788838	
-16890	376	-137	-1419	420	-107	-276	254	-18	248	1236	248	82788843	
-16914	247	-151	-1339	360	-85	-276	254	-19	249	1241	249	82788857	
-16857	214	-98	-1265	315	-74	-277	253	-21	250	1246	250	82788858	
-16842	181	-122	-1211	278	-70	-276	254	-21	251	1251	251	82788858	
-16831	115	-146	-1159	244	-62	-272	258	-22	252	1256	252	82788859	
-16805	108	-245	-1134	208	-56	-273	257	-22	253	1261	253	82788860	
-16787	153	-222	-1090	186	-49	-278	252	-20	254	1266	254	82788873	
-16789	174	-155	-1040	181	-44	-276	253	-20	255	1271	255	82788913	
-16806	206	-140	-1020	200	-36	-274	254	-20	256	1276	256	82788914	
-16822	190	-88	-1002	234	-27	-273	255	-19	257	1281	257	82788914	
-16807	195	-88	-997	275	-15	-272	256	-18	258	1286	258	82788914	
-16795	207	-96	-998	309	1	-272	255	-18	259	1291	259	82788915	
-16715	162	-94	-986	336	8	-273	251	-19	260	1296	260	82788916	
-16652	118	-158	-966	347	25	-274	252	-19	261	1301	261	82788916	
-16710	85	-198	-956	346	18	-276	258	-18	262	1306	262	82788918	
-16634	82	-201	-931	312	23	-275	257	-19	263	1311	263	82788919	
-16653	36	-201	-945	287	24	-273	253	-21	264	1316	264	82788920	
-16600	35	-198	-977	252	14	-273	253	-22	265	1321	265	82788921	
-16584	-29	-215	-1001	230	16	-274	252	-24	266	1326	266	82788922	
-16617	-55	-262	-1017	214	32	-276	254	-22	267	1331	267	82788928	
-16643	-54	-273	-1053	183	36	-278	256	-18	268	1336	268	82788938	
-16673	-14	-256	-1086	158	59	-276	255	-20	269	1341	269	82788939	
-16712	4	-272	-1105	134	84	-274	254	-22	270	1346	270	82788939	
-16728	-6	-300	-1109	116	106	-275	252	-20	271	1351	271	82788940	
-16744	-4	-306	-1099	126	132	-276	250	-18	272	1356	272	82788940	
-16813	38	-359	-1103	102	150	-277	252	-17	273	1361	273	82788941	
-16873	76	-348	-1105	44	164	-277	253	-17	274	1366	274	82788941	
-16952	98	-316	-1097	21	187	-273	256	-19	275	1371	275	82788942	
-16990	140	-270	-1106	20	176	-270	258	-20	276	1376	276	82788969	
-16976	220	-216	-1121	6	144	-274	257	-20	277	1381	277	82788987	
-16965	214	-217	-1108	4	145	-276	256	-20	278	1386	278	82788987	
-16944	221	-195	-1062	85	163	-276	257	-18	279	1391	279	82788988	
-16986	312	-121	-1012	254	129	-275	257	-15	280	1396	280	82788988	
-16892	337	-124	-999	329	96	-274	258	-17	281	1401	281	82788988	
-16858	420	-130	-986	342	91	-274	258	-18	282	1406	282	82788989	
-16871	508	-127	-935	365	140	-274	257	-18	283	1411	283	82788989	
-16851	492	-166	-844	380	229	-274	256	-18	284	1416	284	82788990	
-16823	401	-245	-795	330	296	-272	257	-17	285	1421	285	82788990	
-16762	438	-319	-837	223	313	-271	257	-17	286	1426	286	82788990	
-16760	554	-291	-864	101	302	-275	258	-18	287	1431	287	82789003	
-16774	511	-297	-786	-18	289	-278	258	-18	288	1436	288	82789012	
-16786	450	-289	-712	-114	304	-275	255	-20	289	1441	289	82789013	
-16875	522	-270	-646	-187	330	-274	254	-20	290	1446	290	82789014	
-16915	500	-282	-585	-239	342	-274	254	-23	291	1451	291	82789014	
-16888	452	-270	-531	-249	341	-274	254	-24	292	1456	292	82789015	
-16669	341	-232	-504	-258	327	-275	256	-23	293	1461	293	82789015	
-16530	425	-326	-484	-184	211	-275	257	-23	294	1466	294	82789016	
-16505	430	-285	-438	-62	148	-271	255	-13	295	1471	295	82789016	
-16541	443	-238	-414	-36	111	-270	254	-10	296	1476	296	82789016	
-16524	512	-254	-430	-121	82	-282	260	-18	297	1481	297	82789017	
-16492	476	-324	-498	-248	80	-282	260	-18	298	1486	298	82789017	
-16570	516	-294	-564	-359	70	-284	255	-21	299	1491	299	82789018	
-16677	479	-306	-611	-473	55	-284	254	-22	300	1496	300	82789034	
-16735	481	-312	-628	-614	51	-277	256	-16	301	1501	301	82789039	
-16810	463	-293	-612	-675	64	-275	257	-15	302	1506	302	82789039	
-16823	476	-349	-581	-614	79	-280	255	-13	303	1511	303	82789040	
-16905	363	-305	-534	-500	106	-281	255	-13	304	1516	304	82789040	
-16930	254	-414	-504	-390	146	-271	255	-17	305	1521	305	82789041	
-16876	286	-458	-496	-398	163	-271	255	-17	306	1526	306	82789062	
-16820	168	-408	-513	-434	180	-281	251	-15	307	1531	307	82789065	
-16654	162	-390	-535	-410	172	-281	251	-15	308	1536	308	82789066	
-16604	174	-292	-543	-369	151	-281	257	-15	309	1541	309	82789066	
-16618	210	-208	-549	-433	166	-281	257	-15	310	1546	310	82789068	
-16638	310	-140	-528	-578	208	-271	255	-17	311	1551	311	82789068	
-16672	294	-86	-449	-677	226	-271	255	-17	312	1556	312	82789069	
-16683	342	-88	-368	-686	242	-279	261	-13	313	1561	313	82789070	
-16702	313	-74	-341	-639	231	-278	260	-14	314	1566	314	82789070	
-16696	349	-14	-313	-569	223	-276	254	-18	315	1571	315	82789070	
-16703	350	-36	-291	-520	224	-275	255	-18	316	1576	316	82789085	
-16735	337	-84	-296	-462	229	-273	257	-19	317	1581	317	82789148	
-16761	324	-38	-322	-365	249	-274	255	-19	318	1586	318	82789171	
-16828	312	22	-319	-280	270	-279	247	-19	319	1591	319	82789171	
-16914	264	44	-308	-193	288	-279	247	-19	320	1596	320	82789172	
-17004	338	44	-314	-157	312	-270	260	-20	321	1601	321	82789173	
-17134	298	75	-319	-94	307	-271	259	-19	322	1606	322	82789174	
-17144	323	102	-344	-38	293	-276	254	-16	323	1611	323	82789174	
-17255	270	71	-332	-16	292	-276	253	-15	324	1616	324	82789175	
-17286	370	182	-303	22	284	-275	251	-13	325	1621	325	82789175	
-17302	507	123	-274	112	278	-274	252	-13	326	1626	326	82789176	
-17278	501	203	-192	238	248	-269	257	-15	327	1631	327	82789177	
-17168	454	190	-92	414	182	-272	257	-15	328	1636	328	82789177	
-16923	388	170	-18	574	92	-282	258	-14	329	1641	329	82789177	
-16583	345	158	-4	642	-16	-280	258	-14	330	1646	330	82789196	
-16410	528	181	-26	527	-63	-278	258	-14	331	1651	331	82789222	
-16198	452	120	7	224	-44	-276	258	-14	332	1656	332	82789223	
-16112	406	16	56	-181	10	-274	258	-14	333	1661	333	82789223	
-16204	533	20	50	-598	83	-274	257	-14	334	1666	334	82789223	
-16378	594	140	77	-916	180	-274	256	-14	335	1671	335	82789224	
-16570	608	100	160	-1057	283	-275	257	-15	336	1676	336	82789224	
-16755	648	80	224	-1025	346	-276	258	-16	337	1681	337	82789225	
-16937	700	29	232	-861	360	-278	256	-15	338	1686	338	82789225	
-17044	649	125	236	-634	338	-279	253	-13	339	1691	339	82789278	
-17104	647	183	254	-438	316	-281	255	-14	340	1696	340	82789340	
-17131	720	146	259	-321	336	-283	257	-15	341	1701	341	82789354	
-17046	711	189	306	-266	360	-281	257	-16	342	1706	342	82789355	
-16928	650	206	377	-201	363	-278	256	-18	343	1711	343	82789355	
-16824	575	254	422	-147	360	-280	257	-15	344	1716	344	82789356	
-16722	564	280	478	-111	346	-284	258	-10	345	1721	345	82789357	
-16602	580	342	519	-135	357	-280	257	-11	346	1726	346	82789357	
-16526	606	471	585	-247	350	-276	256	-12	347	1731	347	82789358	
-16621	580	516	677	-377	326	-278	254	-11	348	1736	348	82789358	
-16752	579	540	785	-453	331	-279	253	-11	349	1741	349	82789369	
-16780	578	469	924	-456	355	-284	250	-12	350	1746	350	82789379	
-16847	521	396	1055	-382	357	-288	248	-12	351	1751	351	82789382	
-16870	433	272	1137	-285	338	-283	251	-10	352	1756	352	82789382	
-16846	364	258	1179	-198	346	-279	253	-9	353	1761	353	82789383	
-16863	320	271	1194	-139	386	-279	255	-10	354	1766	354	82789383	
-16899	283	222	1201	-98	434	-280	257	-12	355	1771	355	82789384	
-16922	222	246	1175	-64	485	-274	259	-11	356	1776	356	82789384	
-16993	325	291	1132	-36	491	-273	259	-11	357	1781	357	82789385	
-17004	428	311	1086	-11	489	-277	255	-15	358	1786	358	82789385	
-17015	377	382	1062	-9	474	-278	254	-16	359	1791	359	82789385	
-16973	397	464	1068	-25	438	-279	257	-14	360	1796	360	82789386	
-16896	411	478	1093	-84	401	-279	259	-13	361	1801	361	82789387	
-16828	419	485	1127	-180	390	-279	259	-11	362	1806	362	82789393	
-16765	458	518	1166	-287	392	-280	258	-9	363	1811	363	82789404	
-16726	541	447	1172	-355	374	-277	258	-10	364	1816	364	82789406	
-16746	554	482	1199	-400	369	-276	258	-10	365	1821	365	82789406	
-16792	522	507	1252	-438	349	-276	256	-10	366	1826	366	82789407	
-16840	360	452	1279	-421	328	-276	256	-10	367	1831	367	82789408	
-16957	293	457	1259	-340	305	-280	260	-9	368	1836	368	82789408	
-17027	310	348	1181	-270	287	-281	261	-9	369	1841	369	82789409	
-17049	375	333	1133	-221	261	-281	261	-11	370	1846	370	82789409	
-17113	339	397	1147	-155	289	-281	261	-11	371	1851	371	82789410	
-17022	328	340	1152	-71	289	-278	262	-6	372	1856	372	82789410	
-16968	270	386	1108	-13	299	-278	262	-6	373	1861	373	82789410	
-16948	242	432	1085	40	286	-281	259	-11	374	1866	374	82789459	
-16816	284	396	1070	80	265	-281	259	-11	375	1871	375	82789511	
-16786	250	430	1034	52	268	-284	256	-12	376	1876	376	82789512	
-16678	214	384	1016	-26	254	-284	256	-12	377	1881	377	82789512	
-16694	138	366	1018	-147	267	-282	252	-10	378	1886	378	82789512	
-16666	123	364	1018	-220	287	-282	252	-10	379	1891	379	82789513	
-16704	84	346	998	-301	294	-282	250	-6	380	1896	380	82789513	
-16612	44	378	956	-326	261	-282	250	-6	381	1901	381	82789513	
-16594	124	326	872	-287	186	-284	258	-16	382	1906	382	82789514	
-16570	200	346	757	-228	161	-284	258	-16	383	1911	383	82789514	
-16670	170	310	725	-278	171	-272	260	-6	384	1916	384	82789514	
-16776	122	364	711	-339	161	-272	260	-6	385	1921	385	82789515	
-16868	158	284	675	-329	145	-283	257	-9	386	1926	386	82789515	
-16952	194	468	537	-329	151	-283	257	-9	387	1931	387	82789537	
-17022	300	299	455	-319	112	-280	264	-2	388	1936	388	82789538	
-17022	335	304	426	-238	92	-280	262	-4	389	1941	389	82789539	
-16989	357	352	414	-148	63	-280	254	-10	390	1946	390	82789539	
-16992	409	413	415	-109	38	-282	255	-9	391	1951	391	82789540	
-16917	478	380	453	-73	13	-290	258	-6	392	1956	392	82789550	
-16865	528	291	503	-42	15	-288	256	-5	393	1961	393	82789599	
-16828	554	383	520	-68	38	-280	250	0	394	1966	394	82789638	
-16802	543	373	580	-129	67	-280	251	-1	395	1971	395	82789639	
-16810	613	451	626	-214	86	-278	254	-4	396	1976	396	82789639	
-16824	656	415	658	-309	128	-279	255	-6	397	1981	397	82789639	
-16867	655	491	700	-367	144	-280	256	-10	398	1986	398	82789640	
-16845	689	488	733	-406	146	-280	257	-9	399	1991	399	82789640	
-16803	734	457	786	-437	165	-280	260	-4	400	1996	400	82789641	
-16791	733	376	823	-442	172	-280	259	-4	401	2001	401	82789641	
-16719	734	422	848	-469	167	-279	255	-5	402	2006	402	82789642	
-16693	731	448	844	-549	168	-279	255	-5	403	2011	403	82789642	
-16680	776	531	826	-644	168	-279	257	-5	404	2016	404	82789642	
-16698	818	473	773	-727	174	-279	258	-5	405	2021	405	82789643	
-16712	740	550	713	-750	175	-279	259	-5	406	2026	406	82789644	
-16740	684	568	669	-732	170	-277	259	-4	407	2031	407	82789644	
-16782	648	552	635	-699	143	-275	259	-3	408	2036	408	82789645	
-16780	551	578	604	-658	131	-275	258	-3	409	2041	409	82789645	
-16771	472	579	567	-624	123	-276	256	-2	410	2046	410	82789646	
-16847	452	566	513	-595	105	-278	254	-2	411	2051	411	82789646	
-16840	434	531	466	-561	84	-282	252	-2	412	2056	412	82789647	
-16842	425	500	411	-508	62	-283	253	-1	413	2061	413	82789648	
-16848	388	520	357	-454	48	-283	253	1	414	2066	414	82789648	
-16854	350	552	305	-402	39	-279	257	-1	415	2071	415	82789648	
-16853	334	523	262	-357	38	-276	260	-2	416	2076	416	82789649	
-16838	294	515	217	-331	42	-280	253	0	417	2081	417	82789661	
-16828	227	513	164	-315	52	-283	249	1	418	2086	418	82789670	
-16832	194	532	112	-301	60	-283	251	0	419	2091	419	82789670	
-16837	208	583	60	-293	71	-282	254	-2	420	2096	420	82789671	
-16846	187	565	17	-283	97	-279	254	-3	421	2101	421	82789672	
-16881	202	506	1	-275	104	-276	254	-4	422	2106	422	82789673	
-16852	178	486	-24	-258	110	-278	254	-3	423	2111	423	82789673	
-16913	118	557	-29	-248	115	-280	254	-2	424	2116	424	82789674	
-16928	82	619	-46	-255	111	-281	258	-1	425	2121	425	82789674	
-16924	126	640	-76	-268	109	-282	260	0	426	2126	426	82789675	
-16952	162	662	-91	-284	96	-283	259	0	427	2131	427	82789675	
-16956	128	618	-126	-271	81	-284	258	0	428	2136	428	82789676	
-16904	180	606	-162	-247	78	-283	256	-3	429	2141	429	82789701	
-16830	113	633	-191	-226	60	-283	255	-5	430	2146	430	82789718	
-16739	69	671	-226	-226	39	-284	254	-6	431	2151	431	82789718	
-16738	79	642	-289	-253	51	-284	254	-6	432	2156	432	82789720	
-16779	72	634	-377	-302	75	-287	249	5	433	2161	433	82789759	
-16830	3	591	-486	-340	105	-288	248	8	434	2166	434	82789769	
-16960	52	662	-602	-358	130	-284	252	-1	435	2171	435	82789770	
-16961	55	588	-714	-323	149	-283	253	-3	436	2176	436	82789770	
-16981	111	604	-816	-236	160	-281	256	0	437	2181	437	82789770	
-16980	128	548	-901	-124	184	-281	257	1	438	2186	438	82789771	
-16937	86	618	-949	-75	156	-288	252	4	439	2191	439	82789771	
-16954	131	675	-1006	-49	132	-289	251	5	440	2196	440	82789772	
-16974	147	662	-1058	-47	123	-284	256	0	441	2201	441	82789772	
-16989	188	696	-1103	-44	92	-283	257	-1	442	2206	442	82789772	
-17014	182	684	-1151	-29	62	-285	258	0	443	2211	443	82789773	
-16978	175	649	-1199	3	40	-286	258	0	444	2216	444	82789811	
-16954	121	658	-1250	36	20	-284	252	-3	445	2221	445	82789821	
-16966	162	699	-1319	84	-14	-284	250	-4	446	2226	446	82789821	
-16922	160	728	-1434	122	-30	-281	257	-1	447	2231	447	82789822	
-16870	140	662	-1520	143	-26	-281	257	-1	448	2236	448	82789822	
-16868	206	726	-1617	158	-31	-289	261	3	449	2241	449	82789823	
-16844	158	710	-1722	175	-34	-289	261	3	450	2246	450	82789823	
-16842	172	752	-1811	199	-43	-279	255	-1	451	2251	451	82789824	
-16796	274	716	-1893	204	-37	-279	255	-1	452	2256	452	82789824	
-16850	318	580	-1942	220	-20	-287	257	-1	453	2261	453	82789824	
-16840	278	634	-1961	235	-30	-287	257	-1	454	2266	454	82789825	
-16829	304	578	-1999	235	-22	-285	255	3	455	2271	455	82789829	
-16873	270	592	-2037	218	-43	-285	255	3	456	2276	456	82789847	
-16903	259	569	-2075	195	-66	-283	255	1	457	2281	457	82789848	
-16889	231	502	-2099	165	-87	-283	255	1	458	2286	458	82789848	
-16804	266	620	-2122	150	-120	-282	252	0	459	2291	459	82789849	
-16788	244	650	-2158	133	-147	-282	252	0	460	2296	460	82789850	
-16782	328	600	-2175	107	-153	-278	258	0	461	2301	461	82789850	
-16802	304	528	-2200	100	-176	-278	258	0	462	2306	462	82789851	
-16782	345	630	-2228	101	-188	-284	256	0	463	2311	463	82789851	
-16800	328	637	-2240	117	-188	-285	256	0	464	2316	464	82789851	
-16868	361	746	-2247	135	-202	-287	255	-1	465	2321	465	82789861	
-16817	337	764	-2253	147	-217	-286	254	0	466	2326	466	82789900	
-16779	348	712	-2262	148	-226	-280	252	4	467	2331	467	82789902	
-16840	338	728	-2293	125	-239	-281	254	3	468	2336	468	82789902	
-16841	318	740	-2324	97	-243	-287	261	-1	469	2341	469	82789902	
-16876	381	768	-2339	53	-226	-285	259	-1	470	2346	470	82789903	
-16938	384	730	-2358	7	-208	-276	252	-2	471	2351	471	82789904	
-16812	481	604	-2438	85	-250	-278	253	0	472	2356	472	82789904	
-16698	467	624	-2512	183	-275	-281	255	3	473	2361	473	82789905	
-16673	451	658	-2529	194	-278	-283	254	4	474	2366	474	82789905	
-16719	471	684	-2536	149	-283	-286	252	6	475	2371	475	82789905	
-16732	482	690	-2569	98	-287	-283	256	5	476	2376	476	82789906	
-16716	520	719	-2600	58	-294	-278	262	4	477	2381	477	82789906	
-16749	539	741	-2608	20	-292	-278	261	2	478	2386	478	82789924	
-16854	538	713	-2608	-30	-289	-278	260	0	479	2391	479	82789949	
-16890	557	667	-2614	-65	-284	-282	256	-2	480	2396	480	82789950	
-16914	542	702	-2621	-73	-278	-288	250	-4	481	2401	481	82789950	
-17025	525	774	-2630	-47	-272	-286	255	1	482	2406	482	82789951	
-17049	497	768	-2637	8	-259	-282	262	8	483	2411	483	82789951	
-16969	534	754	-2642	72	-242	-281	261	4	484	2416	484	82789952	
-16934	561	805	-2625	129	-237	-279	259	-1	485	2421	485	82789962	
-16942	556	768	-2593	168	-237	-281	258	-2	486	2426	486	82789977	
-16949	589	802	-2583	148	-229	-284	256	-4	487	2431	487	82789979	
-16948	672	844	-2565	128	-234	-284	257	-3	488	2436	488	82789980	
-16901	600	823	-2523	169	-240	-283	257	-1	489	2441	489	82789981	
-16883	583	783	-2516	209	-246	-286	258	-4	490	2446	490	82789981	
-16797	600	794	-2523	246	-258	-288	258	-6	491	2451	491	82789982	
-16743	563	822	-2533	265	-267	-285	254	-1	492	2456	492	82789982	
-16741	523	745	-2546	253	-253	-283	251	3	493	2461	493	82789983	
-16761	464	712	-2565	223	-238	-284	254	2	494	2466	494	82789983	
-16789	455	695	-2596	191	-223	-284	256	2	495	2471	495	82790011	
-16788	472	733	-2642	162	-208	-286	255	-3	496	2476	496	82790029	
-16808	467	691	-2683	122	-210	-286	254	-4	497	2481	497	82790030	
-16758	432	678	-2722	92	-202	-281	257	1	498	2486	498	82790030	
-16733	447	645	-2736	72	-192	-280	258	2	499	2491	499	82790031	
-16751	466	660	-2741	49	-187	-285	258	1	500	2496	500	82790032	
-16783	506	658	-2738	24	-182	-288	258	0	501	2501	501	82790032	
-16799	452	656	-2726	9	-168	-283	255	1	502	2506	502	82790032	
-16809	438	648	-2699	-5	-157	-279	253	1	503	2511	503	82790033	
-16834	476	692	-2667	-21	-157	-284	254	4	504	2516	504	82790033	
-16856	414	738	-2635	-31	-162	-288	254	6	505	2521	505	82790033	
-16890	411	746	-2614	-31	-172	-290	256	1	506	2526	506	82790034	
-16844	426	742	-2605	-33	-180	-290	256	0	507	2531	507	82790034	
