-8778	-74	-15862	-190	-707	121	-136	78	-258	6088	30440	6088	76840845
-8706	-56	-15880	-186	-702	99	-136	78	-258	6089	30445	6089	76840845
-8684	-70	-15832	-191	-682	109	-125	83	-253	6090	30450	6090	76840846
-8684	-122	-15928	-182	-688	111	-125	83	-253	6091	30455	6091	76840851
-8698	-46	-15944	-179	-657	107	-134	84	-256	6092	30460	6092	76840874
-8788	-24	-15948	-181	-646	97	-134	84	-256	6093	30465	6093	76840875
-8792	-84	-15878	-174	-639	100	-130	78	-258	6094	30470	6094	76840878
-8762	-142	-15856	-179	-635	105	-130	78	-258	6095	30475	6095	76840878
-8740	-108	-15794	-176	-623	89	-125	77	-253	6096	30480	6096	76840878
-8776	-114	-15846	-179	-609	93	-125	77	-253	6097	30485	6097	76840879
-8774	-82	-15896	-175	-596	91	-132	80	-262	6098	30490	6098	76840879
-8698	-90	-15792	-170	-574	90	-132	80	-262	6099	30495	6099	76840901
-8744	-34	-15778	-180	-557	95	-132	78	-254	6100	30500	6100	76840927
-8766	-112	-15888	-186	-543	81	-132	78	-254	6101	30505	6101	76840935
-8844	-120	-15898	-183	-533	95	-137	77	-251	6102	30510	6102	76840938
-8812	-44	-15832	-181	-527	102	-137	77	-251	6103	30515	6103	76840943
-8774	18	-15830	-197	-512	91	-128	82	-254	6104	30520	6104	76840945
-8828	-114	-15860	-203	-504	89	-128	82	-254	6105	30525	6105	76840946
-8770	-108	-15798	-200	-497	96	-125	79	-263	6106	30530	6106	76840947
-8764	-120	-15766	-220	-488	97	-125	79	-263	6107	30535	6107	76840949
-8776	-136	-15814	-211	-481	101	-138	78	-254	6108	30540	6108	76840951
-8768	-168	-15732	-220	-462	92	-138	78	-254	6109	30545	6109	76840953
-8774	-76	-15836	-209	-473	117	-127	77	-259	6110	30550	6110	76840955
-8724	-74	-15842	-190	-458	107	-127	77	-259	6111	30555	6111	76840970
-8700	-74	-15804	-198	-445	92	-125	81	-255	6112	30560	6112	76840973
-8802	-60	-15782	-194	-438	91	-125	81	-255	6113	30565	6113	76840974
-8764	-64	-15758	-182	-447	95	-133	81	-253	6114	30570	6114	76840974
-8842	-34	-15822	-191	-432	88	-133	81	-253	6115	30575	6115	76840974
-8730	-34	-15792	-175	-431	97	-127	79	-253	6116	30580	6116	76840975
-8782	-46	-15770	-197	-422	91	-127	79	-253	6117	30585	6117	76840975
-8830	-62	-15792	-193	-416	84	-132	74	-250	6118	30590	6118	76840976
-8744	-32	-15744	-182	-392	72	-132	74	-250	6119	30595	6119	76840976
-8770	-40	-15844	-191	-399	90	-129	77	-253	6120	30600	6120	76840976
-8722	-44	-15828	-191	-395	84	-129	77	-253	6121	30605	6121	76840977
-8780	-26	-15858	-173	-390	84	-126	80	-258	6122	30610	6122	76840977
-8754	-66	-15824	-162	-371	86	-126	80	-258	6123	30615	6123	76840977
-8680	-26	-15802	-167	-378	87	-133	79	-259	6124	30620	6124	76840978
-8776	-52	-15812	-185	-377	82	-133	79	-259	6125	30625	6125	76840981
-8718	-84	-15818	-176	-376	75	-135	75	-265	6126	30630	6126	76840982
-8738	0	-15724	-171	-375	82	-135	75	-265	6127	30635	6127	76840982
-8756	6	-15828	-178	-371	82	-131	77	-253	6128	30640	6128	76840984
-8728	-86	-15822	-170	-365	78	-131	77	-253	6129	30645	6129	76840984
-8744	-80	-15790	-180	-352	85	-133	77	-257	6130	30650	6130	76840985
-8700	-76	-15800	-193	-364	83	-133	77	-257	6131	30655	6131	76840986
-8804	-66	-15826	-203	-357	98	-125	79	-259	6132	30660	6132	76840987
-8724	-36	-15778	-213	-367	99	-125	79	-259	6133	30665	6133	76841001
-8716	-98	-15812	-203	-363	93	-131	81	-255	6134	30670	6134	76841031
-8726	-84	-15810	-222	-358	106	-131	81	-255	6135	30675	6135	76841031
-8752	-136	-15746	-203	-358	120	-130	80	-252	6136	30680	6136	76841032
-8732	-106	-15778	-209	-348	109	-130	80	-252	6137	30685	6137	76841032
-8690	-58	-15862	-215	-353	113	-126	80	-256	6138	30690	6138	76841033
-8730	-40	-15774	-200	-355	110	-126	80	-256	6139	30695	6139	76841033
-8658	-124	-15826	-220	-341	111	-132	78	-254	6140	30700	6140	76841033
-8698	-106	-15812	-216	-351	113	-132	78	-254	6141	30705	6141	76841034
-8732	-54	-15846	-215	-349	122	-129	79	-249	6142	30710	6142	76841034
-8694	-106	-15736	-242	-330	121	-129	79	-249	6143	30715	6143	76841035
-8738	-82	-15852	-243	-325	119	-126	84	-258	6144	30720	6144	76841036
-8708	-76	-15748	-205	-369	113	-126	84	-258	6145	30725	6145	76841080
-8726	-34	-15830	-220	-360	110	-121	75	-253	6146	30730	6146	76841085
-8722	-60	-15826	-221	-362	113	-121	75	-253	6147	30735	6147	76841085
-8698	-44	-15738	-228	-367	110	-130	80	-250	6148	30740	6148	76841086
-8670	-24	-15836	-199	-376	113	-130	80	-250	6149	30745	6149	76841086
-8668	-68	-15752	-207	-379	97	-127	79	-255	6150	30750	6150	76841086
-8702	-70	-15800	-177	-386	94	-127	79	-255	6151	30755	6151	76841087
-8666	52	-15778	-191	-385	99	-133	81	-257	6152	30760	6152	76841087
-8660	-58	-15784	-202	-397	86	-133	81	-257	6153	30765	6153	76841088
-8704	-8	-15694	-201	-395	81	-130	86	-258	6154	30770	6154	76841088
-8664	-8	-15746	-197	-406	74	-130	86	-258	6155	30775	6155	76841090
-8656	-4	-15648	-182	-409	75	-130	72	-258	6156	30780	6156	76841091
-8706	-14	-15724	-182	-412	76	-130	72	-258	6157	30785	6157	76841091
-8666	-42	-15808	-177	-411	78	-125	75	-259	6158	30790	6158	76841137
-8662	-36	-15810	-166	-415	75	-125	75	-259	6159	30795	6159	76841137
-8682	-20	-15710	-168	-408	55	-129	75	-255	6160	30800	6160	76841138
-8708	-10	-15744	-146	-413	48	-129	75	-255	6161	30805	6161	76841138
-8710	-14	-15772	-139	-399	58	-133	81	-253	6162	30810	6162	76841139
-8702	-18	-15766	-140	-403	57	-133	81	-253	6163	30815	6163	76841139
-8718	-16	-15714	-140	-411	46	-131	81	-251	6164	30820	6164	76841140
-8716	10	-15752	-155	-416	40	-131	81	-251	6165	30825	6165	76841190
-8760	14	-15792	-151	-404	48	-134	72	-258	6166	30830	6166	76841237
-8706	84	-15786	-156	-406	51	-134	72	-258	6167	30835	6167	76841237
-8700	-66	-15850	-172	-397	45	-128	80	-254	6168	30840	6168	76841237
-8788	-54	-15808	-158	-401	56	-128	80	-254	6169	30845	6169	76841238
-8754	-18	-15756	-156	-355	44	-129	79	-253	6170	30850	6170	76841238
-8746	-32	-15738	-146	-358	40	-129	79	-253	6171	30855	6171	76841239
-8808	-60	-15744	-160	-347	41	-127	79	-257	6172	30860	6172	76841239
-8848	-8	-15844	-137	-345	35	-127	79	-257	6173	30865	6173	76841239
-8788	-8	-15822	-151	-355	36	-128	80	-256	6174	30870	6174	76841294
-8786	-38	-15714	-152	-345	42	-128	80	-256	6175	30875	6175	76841371
-8788	-2	-15762	-156	-329	39	-136	78	-258	6176	30880	6176	76841372
-8850	-22	-15840	-168	-327	37	-136	78	-258	6177	30885	6177	76841372
-8782	-24	-15822	-182	-316	45	-131	77	-259	6178	30890	6178	76841372
-8734	-8	-15784	-147	-305	45	-131	77	-259	6179	30895	6179	76841373
-8746	20	-15820	-136	-299	44	-125	77	-261	6180	30900	6180	76841373
-8762	14	-15726	-129	-300	45	-125	77	-261	6181	30905	6181	76841373
-8770	-12	-15728	-137	-307	37	-128	78	-254	6182	30910	6182	76841374
-8760	-38	-15844	-136	-295	49	-128	78	-254	6183	30915	6183	76841374
-8830	-46	-15784	-143	-299	46	-125	83	-255	6184	30920	6184	76841375
-8832	-68	-15754	-166	-290	46	-125	83	-255	6185	30925	6185	76841375
-8794	-86	-15694	-169	-298	65	-129	79	-253	6186	30930	6186	76841376
-8818	-104	-15778	-188	-284	52	-129	79	-253	6187	30935	6187	76841376
-8818	-66	-15766	-183	-292	44	-125	75	-257	6188	30940	6188	76841396
-8724	-122	-15726	-193	-279	48	-125	75	-257	6189	30945	6189	76841397
-8790	18	-15822	-177	-271	64	-129	81	-251	6190	30950	6190	76841397
-8762	-112	-15806	-183	-278	54	-129	81	-251	6191	30955	6191	76841397
-8772	-78	-15704	-173	-270	63	-127	75	-255	6192	30960	6192	76841398
-8754	12	-15786	-164	-270	68	-127	75	-255	6193	30965	6193	76841398
-8766	-42	-15818	-163	-262	82	-131	79	-261	6194	30970	6194	76841398
-8764	-26	-15792	-158	-268	75	-131	79	-261	6195	30975	6195	76841399
-8608	-94	-15748	-166	-281	90	-132	76	-256	6196	30980	6196	76841399
-8650	-122	-15774	-175	-281	69	-132	76	-256	6197	30985	6197	76841399
-8646	-30	-15766	-183	-278	71	-130	76	-258	6198	30990	6198	76841501
-8660	-52	-15758	-194	-302	95	-130	76	-258	6199	30995	6199	76841502
-8648	-136	-15742	-226	-317	102	-127	79	-255	6200	31000	6200	76841502
-8684	-112	-15780	-223	-308	98	-127	79	-255	6201	31005	6201	76841502
-8658	-36	-15802	-207	-317	93	-130	84	-256	6202	31010	6202	76841503
-8708	-76	-15836	-223	-330	101	-130	84	-256	6203	31015	6203	76841503
-8692	-60	-15710	-228	-330	93	-123	83	-257	6204	31020	6204	76841503
-8670	-44	-15770	-213	-347	109	-123	83	-257	6205	31025	6205	76841504
-8654	-44	-15796	-206	-344	103	-127	79	-259	6206	31030	6206	76841504
-8628	-80	-15748	-195	-353	111	-127	79	-259	6207	31035	6207	76841505
-8652	16	-15730	-201	-347	101	-133	77	-253	6208	31040	6208	76841505
-8676	-82	-15818	-210	-349	103	-133	77	-253	6209	31045	6209	76841505
-8680	-124	-15840	-202	-360	106	-130	78	-258	6210	31050	6210	76841573
-8706	-50	-15780	-202	-377	100	-130	78	-258	6211	31055	6211	76841574
-8644	-46	-15848	-187	-361	88	-126	80	-252	6212	31060	6212	76841574
-8710	-120	-15768	-173	-340	83	-126	80	-252	6213	31065	6213	76841574
-8730	-140	-15806	-166	-352	82	-127	77	-259	6214	31070	6214	76841575
-8648	-52	-15862	-144	-345	65	-127	77	-259	6215	31075	6215	76841575
-8746	-54	-15906	-136	-361	65	-131	77	-261	6216	31080	6216	76841575
-8710	-66	-15818	-155	-349	70	-131	77	-261	6217	31085	6217	76841576
-8652	-60	-15882	-165	-350	62	-131	79	-255	6218	31090	6218	76841576
-8752	-22	-15792	-169	-362	59	-131	79	-255	6219	31095	6219	76841601
-8718	6	-15810	-168	-357	55	-129	83	-255	6220	31100	6220	76841602
-8730	-32	-15808	-159	-344	61	-129	83	-255	6221	31105	6221	76841602
-8812	-28	-15802	-164	-316	51	-127	77	-259	6222	31110	6222	76841602
-8792	-10	-15784	-145	-333	62	-127	77	-259	6223	31115	6223	76841603
-8774	-36	-15810	-152	-327	51	-132	76	-256	6224	31120	6224	76841603
-8778	40	-15798	-134	-320	54	-132	76	-256	6225	31125	6225	76841603
-8794	26	-15840	-144	-334	43	-124	80	-252	6226	31130	6226	76841604
-8756	-60	-15794	-134	-323	45	-124	80	-252	6227	31135	6227	76841604
-8728	-64	-15776	-133	-325	56	-122	80	-258	6228	31140	6228	76841604
-8782	40	-15806	-141	-334	46	-122	80	-258	6229	31145	6229	76841605
-8794	14	-15860	-144	-304	53	-128	78	-252	6230	31150	6230	76841605
-8772	-28	-15722	-145	-325	59	-128	78	-252	6231	31155	6231	76841631
-8754	10	-15818	-155	-308	40	-131	75	-259	6232	31160	6232	76841632
-8746	28	-15816	-156	-323	65	-131	75	-259	6233	31165	6233	76841632
-8748	0	-15720	-159	-326	62	-132	82	-256	6234	31170	6234	76841633
-8704	8	-15816	-161	-335	48	-132	82	-256	6235	31175	6235	76841633
-8742	56	-15774	-149	-357	59	-127	85	-253	6236	31180	6236	76841633
-8706	-8	-15756	-157	-351	56	-127	85	-253	6237	31185	6237	76841634
-8692	-6	-15794	-159	-351	58	-135	81	-253	6238	31190	6238	76841634
-8702	-22	-15726	-145	-373	69	-135	81	-253	6239	31195	6239	76841634
-8720	-30	-15820	-137	-381	71	-128	80	-258	6240	31200	6240	76841635
-8722	-34	-15830	-137	-376	74	-128	80	-258	6241	31205	6241	76841635
-8688	-50	-15788	-139	-382	64	-130	84	-252	6242	31210	6242	76841636
-8748	-38	-15726	-150	-378	71	-130	84	-252	6243	31215	6243	76841636
-8758	-52	-15768	-159	-375	75	-130	80	-252	6244	31220	6244	76841650
-8696	-92	-15816	-159	-381	74	-130	80	-252	6245	31225	6245	76841650
-8740	-86	-15858	-168	-368	89	-127	79	-253	6246	31230	6246	76841650
-8782	-62	-15828	-184	-370	97	-127	79	-253	6247	31235	6247	76841651
-8734	-106	-15812	-155	-354	80	-123	81	-251	6248	31240	6248	76841652
-8672	-100	-15806	-152	-346	80	-123	81	-251	6249	31245	6249	76841652
-8692	-152	-15786	-155	-347	73	-121	79	-253	6250	31250	6250	76841652
-8740	-108	-15812	-159	-345	67	-121	79	-253	6251	31255	6251	76841653
-8758	-126	-15838	-146	-323	72	-120	80	-252	6252	31260	6252	76841653
-8782	-116	-15878	-133	-317	79	-120	80	-252	6253	31265	6253	76841654
-8728	-122	-15938	-147	-323	82	-132	80	-252	6254	31270	6254	76841695
-8770	-138	-15832	-141	-300	90	-132	80	-252	6255	31275	6255	76841721
-8716	-130	-15894	-141	-316	73	-133	77	-255	6256	31280	6256	76841722
-8768	-156	-15724	-149	-309	71	-133	77	-255	6257	31285	6257	76841722
-8660	-132	-15792	-154	-314	81	-134	74	-258	6258	31290	6258	76841723
-8662	-112	-15796	-161	-311	69	-134	74	-258	6259	31295	6259	76841723
-8662	-124	-15740	-158	-329	62	-137	79	-247	6260	31300	6260	76841724
-8716	-150	-15842	-165	-329	61	-137	79	-247	6261	31305	6261	76841724
-8616	-74	-15850	-169	-318	54	-127	81	-255	6262	31310	6262	76841725
-8660	-48	-15786	-147	-342	55	-127	81	-255	6263	31315	6263	76841725
-8672	-150	-15768	-142	-347	53	-132	74	-250	6264	31320	6264	76841726
-8648	-116	-15780	-127	-342	53	-132	74	-250	6265	31325	6265	76841726
-8678	-40	-15702	-129	-367	44	-129	77	-251	6266	31330	6266	76841727
-8634	-100	-15706	-120	-361	48	-129	77	-251	6267	31335	6267	76841797
-8674	-54	-15802	-125	-377	49	-129	77	-253	6268	31340	6268	76841797
-8662	-86	-15860	-131	-374	59	-129	77	-253	6269	31345	6269	76841798
-8684	-78	-15770	-150	-385	66	-130	78	-260	6270	31350	6270	76841798
-8698	-48	-15776	-148	-389	59	-130	78	-260	6271	31355	6271	76841798
-8732	-88	-15800	-156	-399	62	-124	76	-260	6272	31360	6272	76841799
-8778	-60	-15788	-176	-393	68	-124	76	-260	6273	31365	6273	76841799
-8746	-40	-15800	-159	-380	67	-135	73	-247	6274	31370	6274	76841800
-8706	-28	-15860	-166	-397	83	-135	73	-247	6275	31375	6275	76841800
-8780	-58	-15788	-179	-378	81	-132	82	-258	6276	31380	6276	76841800
-8746	-76	-15820	-179	-374	80	-132	82	-258	6277	31385	6277	76841801
-8822	-114	-15874	-160	-344	92	-137	75	-259	6278	31390	6278	76841870
-8808	-36	-15904	-178	-327	83	-137	75	-259	6279	31395	6279	76841871
-8740	-56	-15824	-188	-301	97	-136	78	-258	6280	31400	6280	76841871
-8820	-68	-15932	-196	-296	95	-136	78	-258	6281	31405	6281	76841871
-8766	-84	-15828	-194	-297	105	-127	77	-253	6282	31410	6282	76841872
-8774	-162	-15842	-198	-283	117	-127	77	-253	6283	31415	6283	76841873
-8766	-118	-15850	-205	-269	119	-132	78	-252	6284	31420	6284	76841873
-8782	-146	-15866	-226	-270	115	-132	78	-252	6285	31425	6285	76841874
-8712	-140	-15864	-246	-257	124	-135	73	-251	6286	31430	6286	76841874
-8670	-138	-15872	-244	-252	128	-135	73	-251	6287	31435	6287	76841875
-8700	-72	-15768	-233	-253	124	-125	73	-257	6288	31440	6288	76841875
-8632	-112	-15780	-227	-249	122	-125	73	-257	6289	31445	6289	76841875
-8686	-54	-15810	-217	-274	109	-134	76	-260	6290	31450	6290	76841876
-8630	-72	-15748	-216	-269	104	-134	76	-260	6291	31455	6291	76841876
-8678	-102	-15754	-218	-277	113	-129	75	-253	6292	31460	6292	76841877
-8710	-120	-15846	-215	-279	95	-129	75	-253	6293	31465	6293	76841877
-8636	-82	-15800	-207	-297	103	-127	77	-257	6294	31470	6294	76841878
-8632	-100	-15740	-215	-326	95	-127	77	-257	6295	31475	6295	76841878
-8640	-22	-15744	-216	-328	102	-127	75	-255	6296	31480	6296	76841878
-8600	-54	-15710	-195	-339	99	-127	75	-255	6297	31485	6297	76841879
-8610	-38	-15688	-198	-362	101	-129	81	-255	6298	31490	6298	76841879
-8586	-36	-15814	-173	-369	90	-129	81	-255	6299	31495	6299	76841879
-8666	0	-15836	-165	-365	85	-128	84	-252	6300	31500	6300	76841880
-8614	-4	-15804	-164	-388	97	-128	84	-252	6301	31505	6301	76841880
-8704	-8	-15876	-163	-396	95	-123	81	-253	6302	31510	6302	76841881
-8652	-12	-15826	-149	-402	96	-123	81	-253	6303	31515	6303	76841881
-8656	40	-15764	-146	-402	89	-130	72	-256	6304	31520	6304	76841881
-8642	54	-15776	-156	-405	91	-130	72	-256	6305	31525	6305	76841971
-8630	12	-15856	-182	-416	84	-130	76	-256	6306	31530	6306	76841976
-8682	50	-15774	-196	-422	88	-130	76	-256	6307	31535	6307	76841977
-8682	76	-15912	-194	-407	79	-123	83	-257	6308	31540	6308	76841977
-8710	70	-15816	-204	-393	83	-123	83	-257	6309	31545	6309	76841978
-8730	72	-15846	-189	-405	74	-127	77	-257	6310	31550	6310	76841978
-8722	72	-15816	-157	-401	67	-127	77	-257	6311	31555	6311	76841978
-8698	46	-15788	-155	-396	64	-129	83	-253	6312	31560	6312	76841979
-8648	50	-15810	-134	-374	66	-129	83	-253	6313	31565	6313	76841979
-8752	42	-15750	-147	-374	71	-130	82	-258	6314	31570	6314	76841980
-8758	50	-15750	-124	-381	65	-130	82	-258	6315	31575	6315	76841981
-8710	42	-15802	-132	-373	59	-129	77	-251	6316	31580	6316	76841981
-8738	42	-15788	-131	-381	61	-129	77	-251	6317	31585	6317	76841982
-8784	20	-15816	-121	-356	47	-127	77	-255	6318	31590	6318	76841999
-8782	4	-15790	-149	-374	53	-127	77	-255	6319	31595	6319	76841999
-8750	22	-15802	-149	-375	62	-133	71	-257	6320	31600	6320	76842000
-8734	-62	-15802	-136	-368	54	-133	71	-257	6321	31605	6321	76842000
-8778	-18	-15744	-116	-362	44	-133	75	-255	6322	31610	6322	76842001
-8682	20	-15770	-117	-371	48	-133	75	-255	6323	31615	6323	76842001
-8730	-14	-15746	-115	-371	48	-129	81	-257	6324	31620	6324	76842001
-8766	2	-15710	-124	-362	42	-129	81	-257	6325	31625	6325	76842002
-8738	-94	-15740	-135	-374	53	-133	81	-253	6326	31630	6326	76842002
-8726	-46	-15766	-124	-380	49	-133	81	-253	6327	31635	6327	76842002
-8722	-134	-15742	-129	-382	41	-131	81	-255	6328	31640	6328	76842003
-8778	-66	-15762	-118	-390	48	-131	81	-255	6329	31645	6329	76842003
-8744	-112	-15838	-125	-395	48	-133	69	-269	6330	31650	6330	76842003
-8760	-158	-15790	-126	-383	46	-133	69	-269	6331	31655	6331	76842004
-8776	-124	-15698	-130	-384	46	-125	79	-255	6332	31660	6332	76842004
-8796	-158	-15748	-122	-374	64	-125	79	-255	6333	31665	6333	76842045
-8800	-130	-15836	-123	-368	61	-136	76	-254	6334	31670	6334	76842046
-8834	-190	-15882	-126	-358	55	-136	76	-254	6335	31675	6335	76842047
-8780	-92	-15786	-122	-375	58	-129	77	-259	6336	31680	6336	76842047
-8838	-124	-15846	-129	-365	50	-129	77	-259	6337	31685	6337	76842048
-8776	-200	-15874	-131	-333	54	-125	77	-255	6338	31690	6338	76842077
-8792	-150	-15822	-160	-334	65	-125	77	-255	6339	31695	6339	76842077
-8814	-180	-15900	-160	-333	63	-129	81	-259	6340	31700	6340	76842078
-8774	-174	-15954	-169	-317	59	-129	81	-259	6341	31705	6341	76842207
-8746	-138	-15816	-169	-295	59	-132	80	-258	6342	31710	6342	76842208
-8742	-138	-15796	-152	-302	59	-132	80	-258	6343	31715	6343	76842208
-8716	-168	-15830	-160	-295	78	-128	80	-260	6344	31720	6344	76842209
-8716	-158	-15862	-149	-296	69	-128	80	-260	6345	31725	6345	76842209
-8762	-164	-15872	-147	-286	74	-123	83	-251	6346	31730	6346	76842210
-8776	-122	-15804	-142	-293	75	-123	83	-251	6347	31735	6347	76842210
-8730	-178	-15872	-160	-283	82	-131	85	-253	6348	31740	6348	76842210
-8696	-150	-15848	-179	-277	67	-131	85	-253	6349	31745	6349	76842211
-8692	-164	-15742	-189	-288	79	-124	76	-256	6350	31750	6350	76842211
-8780	-162	-15796	-196	-294	85	-124	76	-256	6351	31755	6351	76842211
-8652	-74	-15786	-212	-306	93	-121	79	-257	6352	31760	6352	76842212
-8674	-118	-15804	-195	-317	81	-121	79	-257	6353	31765	6353	76842212
-8692	-30	-15804	-182	-326	90	-137	87	-255	6354	31770	6354	76842235
-8688	-82	-15772	-160	-318	86	-137	87	-255	6355	31775	6355	76842237
-8722	-108	-15764	-170	-325	76	-128	84	-256	6356	31780	6356	76842237
-8728	-112	-15748	-175	-314	86	-128	84	-256	6357	31785	6357	76842237
-8678	-62	-15774	-159	-326	72	-123	81	-253	6358	31790	6358	76842238
-8686	-56	-15746	-165	-328	79	-123	81	-253	6359	31795	6359	76842238
-8746	-26	-15774	-153	-335	75	-136	74	-260	6360	31800	6360	76842239
-8758	-58	-15820	-161	-320	73	-136	74	-260	6361	31805	6361	76842239
-8690	-22	-15800	-147	-320	73	-126	80	-260	6362	31810	6362	76842240
-8654	-32	-15744	-159	-321	77	-126	80	-260	6363	31815	6363	76842240
-8678	-22	-15846	-157	-323	81	-128	78	-258	6364	31820	6364	76842240
-8622	-32	-15906	-165	-331	69	-128	78	-258	6365	31825	6365	76842241
-8726	4	-15872	-166	-311	79	-127	81	-255	6366	31830	6366	76842241
-8696	-36	-15824	-160	-316	75	-127	81	-255	6367	31835	6367	76842242
-8666	-44	-15796	-162	-317	67	-134	84	-256	6368	31840	6368	76842283
-8680	-22	-15914	-179	-300	74	-134	84	-256	6369	31845	6369	76842283
-8730	-96	-15838	-171	-296	72	-124	82	-252	6370	31850	6370	76842285
-8658	-54	-15740	-174	-304	81	-124	82	-252	6371	31855	6371	76842285
-8680	-56	-15756	-164	-298	56	-123	77	-255	6372	31860	6372	76842285
-8684	-38	-15862	-163	-301	68	-123	77	-255	6373	31865	6373	76842286
-8634	-64	-15800	-169	-305	82	-128	82	-254	6374	31870	6374	76842286
-8664	-6	-15862	-170	-317	76	-128	82	-254	6375	31875	6375	76842348
-8736	-56	-15820	-158	-325	59	-128	76	-258	6376	31880	6376	76842348
-8710	-36	-15804	-149	-330	66	-128	76	-258	6377	31885	6377	76842348
-8738	-82	-15868	-137	-317	80	-125	79	-253	6378	31890	6378	76842379
-8668	36	-15826	-149	-336	69	-125	79	-253	6379	31895	6379	76842386
-8634	-24	-15792	-154	-339	69	-126	74	-254	6380	31900	6380	76842387
-8626	-40	-15774	-154	-346	75	-126	74	-254	6381	31905	6381	76842410
-8646	-38	-15796	-186	-343	65	-127	77	-253	6382	31910	6382	76842411
-8652	-48	-15782	-170	-363	73	-127	77	-253	6383	31915	6383	76842412
-8650	-70	-15740	-173	-365	61	-127	75	-257	6384	31920	6384	76842413
-8692	-10	-15788	-173	-371	73	-127	75	-257	6385	31925	6385	76842414
-8670	-40	-15768	-176	-371	75	-126	82	-254	6386	31930	6386	76842416
-8728	-36	-15736	-160	-377	81	-126	82	-254	6387	31935	6387	76842435
-8676	-34	-15792	-156	-382	82	-128	76	-258	6388	31940	6388	76842462
-8774	-172	-15808	-146	-397	63	-128	76	-258	6389	31945	6389	76842463
-8730	-100	-15812	-156	-396	83	-130	76	-254	6390	31950	6390	76842465
-8726	-54	-15808	-143	-386	70	-130	76	-254	6391	31955	6391	76842466
-8788	-78	-15864	-145	-387	78	-135	83	-255	6392	31960	6392	76842468
-8740	-100	-15778	-160	-381	85	-135	83	-255	6393	31965	6393	76842469
-8766	-102	-15826	-157	-390	72	-131	81	-257	6394	31970	6394	76842471
-8780	-82	-15806	-165	-383	80	-131	81	-257	6395	31975	6395	76842473
-8700	-106	-15862	-150	-383	80	-137	81	-251	6396	31980	6396	76842474
-8738	-148	-15892	-151	-365	88	-137	81	-251	6397	31985	6397	76842477
-8798	-86	-15846	-168	-363	56	-126	78	-258	6398	31990	6398	76842478
-8756	-80	-15842	-174	-355	73	-126	78	-258	6399	31995	6399	76842479
-8760	-100	-15784	-162	-349	70	-129	75	-249	6400	32000	6400	76842481
-8698	-94	-15854	-166	-360	72	-129	75	-249	6401	32005	6401	76842482
-8738	-32	-15808	-157	-343	57	-136	72	-260	6402	32010	6402	76842483
-8796	-62	-15802	-183	-345	62	-136	72	-260	6403	32015	6403	76842484
-8654	-126	-15812	-169	-351	66	-127	83	-255	6404	32020	6404	76842485
-8670	-44	-15828	-154	-326	59	-127	83	-255	6405	32025	6405	76842487
-8746	-74	-15760	-154	-343	65	-135	73	-253	6406	32030	6406	76842488
-8738	-100	-15782	-145	-346	62	-135	73	-253	6407	32035	6407	76842526
-8718	-2	-15822	-135	-344	56	-134	78	-256	6408	32040	6408	76842527
-8608	-52	-15862	-129	-356	52	-134	78	-256	6409	32045	6409	76842528
-8632	-60	-15794	-140	-351	56	-127	85	-259	6410	32050	6410	76842529
-8662	-92	-15788	-142	-361	59	-127	85	-259	6411	32055	6411	76842529
-8696	-120	-15774	-161	-357	51	-130	80	-258	6412	32060	6412	76842530
-8696	-38	-15760	-166	-366	49	-130	80	-258	6413	32065	6413	76842531
-8686	-108	-15860	-154	-375	60	-130	76	-254	6414	32070	6414	76842531
-8680	-108	-15800	-169	-362	47	-130	76	-254	6415	32075	6415	76842532
-8668	-82	-15836	-158	-358	70	-137	77	-255	6416	32080	6416	76842532
-8664	-70	-15830	-142	-378	80	-137	77	-255	6417	32085	6417	76842533
-8690	-62	-15766	-143	-368	74	-127	81	-255	6418	32090	6418	76842533
-8742	-110	-15836	-151	-377	83	-127	81	-255	6419	32095	6419	76842534
-8694	-154	-15842	-155	-380	88	-122	78	-256	6420	32100	6420	76842535
-8714	-100	-15824	-177	-359	80	-122	78	-256	6421	32105	6421	76842536
-8672	-94	-15734	-157	-376	74	-125	77	-251	6422	32110	6422	76842537
-8772	-124	-15752	-151	-369	71	-125	77	-251	6423	32115	6423	76842537
-8758	-74	-15784	-161	-356	77	-128	80	-248	6424	32120	6424	76842538
-8788	-82	-15762	-160	-345	76	-128	80	-248	6425	32125	6425	76842538
-8788	-76	-15890	-156	-334	81	-129	79	-251	6426	32130	6426	76842539
-8794	-84	-15834	-166	-337	79	-129	79	-251	6427	32135	6427	76842539
-8744	-124	-15838	-183	-327	78	-129	79	-251	6428	32140	6428	76842540
-8758	-34	-15802	-186	-318	77	-129	79	-251	6429	32145	6429	76842603
-8748	-80	-15822	-184	-333	76	-135	71	-255	6430	32150	6430	76842604
-8802	-30	-15792	-181	-320	72	-135	71	-255	6431	32155	6431	76842667
-8736	-46	-15776	-164	-319	66	-125	79	-255	6432	32160	6432	76842668
-8726	0	-15788	-159	-308	77	-125	79	-255	6433	32165	6433	76842668
-8726	-80	-15826	-161	-305	73	-128	80	-262	6434	32170	6434	76842669
-8718	-70	-15802	-146	-312	74	-128	80	-262	6435	32175	6435	76842669
-8720	-58	-15736	-136	-298	78	-138	72	-260	6436	32180	6436	76842669
-8694	-32	-15830	-147	-288	72	-138	72	-260	6437	32185	6437	76842670
-8782	-80	-15930	-140	-307	70	-124	80	-254	6438	32190	6438	76842670
-8672	-118	-15872	-162	-303	88	-124	80	-254	6439	32195	6439	76842671
-8662	-50	-15788	-160	-310	91	-128	76	-258	6440	32200	6440	76842671
-8696	-76	-15834	-168	-304	79	-128	76	-258	6441	32205	6441	76842672
-8708	-52	-15806	-186	-299	98	-123	81	-255	6442	32210	6442	76842672
-8742	-116	-15784	-186	-306	100	-123	81	-255	6443	32215	6443	76842721
-8680	-40	-15810	-190	-321	82	-125	85	-249	6444	32220	6444	76842721
-8752	-56	-15810	-205	-328	85	-125	85	-249	6445	32225	6445	76842722
-8654	-88	-15856	-183	-323	84	-126	78	-260	6446	32230	6446	76842722
-8646	-138	-15864	-177	-321	94	-126	78	-260	6447	32235	6447	76842722
-8652	-78	-15838	-161	-335	81	-126	78	-250	6448	32240	6448	76842723
-8674	-30	-15710	-144	-324	87	-126	78	-250	6449	32245	6449	76842723
-8652	-56	-15762	-135	-325	80	-124	82	-254	6450	32250	6450	76842723
-8664	-68	-15880	-119	-342	79	-124	82	-254	6451	32255	6451	76842724
-8606	-36	-15866	-126	-336	69	-129	77	-255	6452	32260	6452	76842724
-8650	-70	-15954	-139	-333	83	-129	77	-255	6453	32265	6453	76842725
-8650	-112	-15850	-143	-335	67	-128	82	-256	6454	32270	6454	76842741
-8694	-56	-15834	-176	-349	69	-128	82	-256	6455	32275	6455	76842745
-8648	-22	-15840	-173	-338	72	-129	71	-257	6456	32280	6456	76842745
-8620	-70	-15876	-180	-334	62	-129	71	-257	6457	32285	6457	76842746
-8676	-76	-15826	-170	-342	65	-125	77	-259	6458	32290	6458	76842746
-8706	-80	-15820	-174	-337	69	-125	77	-259	6459	32295	6459	76842747
-8646	-82	-15772	-164	-335	72	-126	82	-254	6460	32300	6460	76842747
-8638	-96	-15780	-159	-349	61	-126	82	-254	6461	32305	6461	76842747
-8678	-82	-15802	-150	-333	79	-129	77	-259	6462	32310	6462	76842748
-8666	-42	-15762	-142	-325	87	-129	77	-259	6463	32315	6463	76842748
-8710	-112	-15858	-127	-326	75	-128	80	-254	6464	32320	6464	76842748
-8700	-160	-15834	-118	-322	84	-128	80	-254	6465	32325	6465	76842749
-8698	-62	-15828	-118	-322	65	-133	71	-257	6466	32330	6466	76842749
-8724	-96	-15880	-119	-324	68	-133	71	-257	6467	32335	6467	76842821
-8752	-80	-15848	-114	-307	83	-130	78	-250	6468	32340	6468	76842821
-8678	-70	-15816	-149	-303	85	-130	78	-250	6469	32345	6469	76842822
-8686	-92	-15768	-147	-303	80	-135	81	-255	6470	32350	6470	76842822
-8768	-160	-15830	-152	-340	76	-135	81	-255	6471	32355	6471	76842823
-8706	-132	-15740	-175	-330	79	-128	78	-258	6472	32360	6472	76842823
-8712	-112	-15834	-182	-346	88	-128	78	-258	6473	32365	6473	76842823
-8670	-64	-15786	-201	-347	74	-127	75	-257	6474	32370	6474	76842824
-8684	-88	-15756	-195	-349	77	-127	75	-257	6475	32375	6475	76842824
-8696	-120	-15822	-174	-351	78	-126	80	-256	6476	32380	6476	76842824
-8722	-32	-15806	-170	-349	70	-126	80	-256	6477	32385	6477	76842825
-8728	-86	-15744	-135	-353	71	-126	78	-256	6478	32390	6478	76842825
-8738	-32	-15752	-107	-332	67	-126	78	-256	6479	32395	6479	76842825
-8692	-12	-15894	-109	-334	59	-132	78	-254	6480	32400	6480	76842826
-8684	-60	-15746	-118	-344	71	-132	78	-254	6481	32405	6481	76842826
-8724	-68	-15916	-136	-330	76	-126	76	-260	6482	32410	6482	76842848
-8750	-82	-15840	-151	-332	67	-126	76	-260	6483	32415	6483	76842851
-8706	-54	-15908	-152	-340	61	-131	83	-251	6484	32420	6484	76842851
-8678	-62	-15806	-172	-335	71	-131	83	-251	6485	32425	6485	76842851
-8674	-32	-15826	-177	-350	71	-131	75	-255	6486	32430	6486	76842852
-8662	-58	-15836	-185	-344	65	-131	75	-255	6487	32435	6487	76842853
-8712	-30	-15868	-169	-353	71	-128	78	-250	6488	32440	6488	76842853
-8714	-66	-15754	-175	-345	62	-128	78	-250	6489	32445	6489	76842854
-8690	-76	-15718	-199	-336	75	-130	74	-250	6490	32450	6490	76842854
-8704	-22	-15746	-200	-354	72	-130	74	-250	6491	32455	6491	76842854
-8660	-76	-15740	-176	-343	49	-135	77	-259	6492	32460	6492	76842855
-8576	22	-15768	-164	-349	64	-135	77	-259	6493	32465	6493	76842855
-8642	-106	-15740	-149	-348	61	-134	72	-262	6494	32470	6494	76842856
-8602	-84	-15822	-139	-349	63	-134	72	-262	6495	32475	6495	76842856
-8664	-150	-15792	-112	-366	69	-126	76	-260	6496	32480	6496	76842856
-8596	-84	-15826	-119	-363	65	-126	76	-260	6497	32485	6497	76842857
-8632	-98	-15818	-139	-362	58	-131	77	-255	6498	32490	6498	76842857
-8580	-42	-15758	-143	-378	66	-131	77	-255	6499	32495	6499	76842857
-8596	-38	-15768	-144	-380	67	-132	80	-256	6500	32500	6500	76842858
-8624	-88	-15748	-161	-418	64	-132	80	-256	6501	32505	6501	76842858
-8672	-98	-15768	-163	-402	53	-124	76	-252	6502	32510	6502	76842858
-8616	-56	-15776	-155	-412	59	-124	76	-252	6503	32515	6503	76842897
-8726	-144	-15796	-152	-425	57	-132	78	-252	6504	32520	6504	76842897
-8664	-114	-15754	-157	-414	61	-132	78	-252	6505	32525	6505	76842926
-8650	-86	-15800	-155	-413	61	-126	80	-256	6506	32530	6506	76842926
-8756	-124	-15844	-156	-426	56	-126	80	-256	6507	32535	6507	76842927
-8644	-128	-15860	-143	-395	72	-130	82	-252	6508	32540	6508	76843005
-8690	-126	-15850	-111	-400	61	-130	82	-252	6509	32545	6509	76843006
-8716	-162	-15768	-99	-391	69	-133	73	-257	6510	32550	6510	76843006
-8740	-94	-15838	-90	-393	64	-133	73	-257	6511	32555	6511	76843007
-8744	-102	-15896	-106	-378	60	-134	82	-256	6512	32560	6512	76843098
-8774	-102	-15882	-103	-373	54	-134	82	-256	6513	32565	6513	76843098
-8752	-164	-15862	-132	-369	61	-127	75	-253	6514	32570	6514	76843099
-8652	-160	-15752	-142	-358	67	-127	75	-253	6515	32575	6515	76843099
-8710	-146	-15818	-163	-347	65	-129	77	-255	6516	32580	6516	76843099
-8726	-176	-15884	-176	-335	75	-129	77	-255	6517	32585	6517	76843100
-8672	-226	-15854	-183	-337	64	-128	80	-254	6518	32590	6518	76843100
-8666	-168	-15820	-177	-350	63	-128	80	-254	6519	32595	6519	76843100
-8756	-166	-15810	-171	-333	59	-132	78	-260	6520	32600	6520	76843101
-8812	-90	-15896	-173	-324	70	-132	78	-260	6521	32605	6521	76843101
-8812	-102	-15832	-159	-313	70	-127	79	-253	6522	32610	6522	76843102
-8746	-96	-15786	-143	-312	69	-127	79	-253	6523	32615	6523	76843102
-8722	-176	-15786	-158	-298	75	-130	82	-254	6524	32620	6524	76843102
-8770	-164	-15740	-166	-299	75	-130	82	-254	6525	32625	6525	76843181
-8740	-148	-15754	-175	-304	78	-133	73	-265	6526	32630	6526	76843181
-8750	-142	-15842	-152	-293	84	-133	73	-265	6527	32635	6527	76843181
-8796	-172	-15756	-159	-297	83	-131	85	-259	6528	32640	6528	76843182
-8756	-80	-15864	-162	-291	92	-131	85	-259	6529	32645	6529	76843182
-8768	-98	-15926	-150	-287	71	-137	69	-261	6530	32650	6530	76843184
-8716	-72	-15910	-162	-285	87	-137	69	-261	6531	32655	6531	76843184
-8736	-120	-15846	-161	-296	78	-129	77	-257	6532	32660	6532	76843184
-8660	-84	-15810	-177	-290	77	-129	77	-257	6533	32665	6533	76843185
-8698	-74	-15880	-187	-289	84	-132	76	-252	6534	32670	6534	76843185
-8702	-96	-15898	-207	-302	80	-132	76	-252	6535	32675	6535	76843251
-8700	-78	-15896	-194	-297	73	-132	76	-258	6536	32680	6536	76843251
-8702	-28	-15846	-207	-290	85	-132	76	-258	6537	32685	6537	76843252
-8784	-48	-15828	-208	-298	85	-129	79	-255	6538	32690	6538	76843252
-8700	8	-15820	-191	-304	93	-129	79	-255	6539	32695	6539	76843253
-8696	-32	-15760	-200	-302	92	-134	80	-256	6540	32700	6540	76843253
-8722	-6	-15682	-195	-302	98	-134	80	-256	6541	32705	6541	76843253
-8666	-68	-15780	-180	-310	92	-123	79	-255	6542	32710	6542	76843254
-8662	-76	-15748	-186	-293	95	-123	79	-255	6543	32715	6543	76843254
-8752	-60	-15894	-177	-294	80	-130	80	-254	6544	32720	6544	76843254
-8710	-4	-15932	-149	-280	94	-130	80	-254	6545	32725	6545	76843255
-8694	4	-15872	-147	-290	81	-130	74	-250	6546	32730	6546	76843255
-8728	-44	-15958	-160	-270	88	-130	74	-250	6547	32735	6547	76843256
-8668	-62	-15796	-168	-278	84	-130	80	-256	6548	32740	6548	76843307
-8654	-38	-15886	-174	-276	76	-130	80	-256	6549	32745	6549	76843308
-8602	-38	-15890	-165	-272	86	-122	76	-248	6550	32750	6550	76843308
-8622	-24	-15748	-191	-294	88	-122	76	-248	6551	32755	6551	76843309
-8632	-48	-15870	-192	-317	75	-128	80	-258	6552	32760	6552	76843309
-8684	-14	-15802	-197	-306	61	-128	80	-258	6553	32765	6553	76843309
-8646	-16	-15720	-210	-306	63	-128	80	-252	6554	32770	6554	76843310
-8554	10	-15716	-213	-332	63	-128	80	-252	6555	32775	6555	76843310
-8592	-26	-15710	-221	-333	61	-131	75	-259	6556	32780	6556	76843311
-8618	-26	-15698	-190	-339	56	-131	75	-259	6557	32785	6557	76843311
-8658	-42	-15730	-179	-339	54	-125	79	-253	6558	32790	6558	76843311
-8670	-30	-15728	-153	-346	53	-125	79	-253	6559	32795	6559	76843312
-8602	-14	-15806	-143	-353	62	-123	79	-257	6560	32800	6560	76843312
-8622	-92	-15812	-127	-353	67	-123	79	-257	6561	32805	6561	76843313
-8594	-116	-15832	-135	-357	77	-131	81	-253	6562	32810	6562	76843313
-8624	-126	-15872	-124	-350	77	-131	81	-253	6563	32815	6563	76843313
-8656	-140	-15854	-120	-357	81	-133	81	-253	6564	32820	6564	76843314
-8690	-136	-15906	-149	-374	80	-133	81	-253	6565	32825	6565	76843314
-8660	-146	-15854	-145	-371	84	-133	79	-255	6566	32830	6566	76843314
-8678	-140	-15914	-175	-404	93	-133	79	-255	6567	32835	6567	76843315
-8666	-50	-15854	-199	-402	88	-129	75	-253	6568	32840	6568	76843315
-8672	-84	-15812	-210	-409	95	-129	75	-253	6569	32845	6569	76843315
-8690	-50	-15782	-240	-409	101	-130	84	-254	6570	32850	6570	76843316
-8660	-152	-15768	-263	-416	108	-130	84	-254	6571	32855	6571	76843316
-8678	-148	-15750	-255	-418	100	-127	77	-251	6572	32860	6572	76843317
-8682	-126	-15770	-244	-407	98	-127	77	-251	6573	32865	6573	76843412
-8672	-166	-15752	-217	-390	102	-129	79	-251	6574	32870	6574	76843413
-8652	-170	-15830	-189	-385	95	-129	79	-251	6575	32875	6575	76843413
-8698	-194	-15760	-161	-385	104	-138	74	-262	6576	32880	6576	76843413
-8696	-180	-15946	-150	-383	94	-138	74	-262	6577	32885	6577	76843414
-8686	-146	-15862	-132	-378	96	-124	76	-260	6578	32890	6578	76843414
-8690	-160	-15884	-129	-364	98	-124	76	-260	6579	32895	6579	76843414
-8722	-144	-15816	-154	-363	103	-131	77	-247	6580	32900	6580	76843415
-8736	-164	-16010	-142	-367	92	-131	77	-247	6581	32905	6581	76843415
-8662	-148	-15834	-172	-357	96	-123	79	-255	6582	32910	6582	76843416
-8658	-92	-15870	-185	-362	110	-123	79	-255	6583	32915	6583	76843416
-8696	-146	-15824	-208	-365	91	-122	78	-252	6584	32920	6584	76843416
-8670	-122	-15818	-243	-375	87	-122	78	-252	6585	32925	6585	76843417
-8728	-78	-15856	-237	-367	82	-132	80	-252	6586	32930	6586	76843417
-8754	-90	-15792	-249	-382	96	-132	80	-252	6587	32935	6587	76843418
-8668	-142	-15788	-221	-364	84	-128	80	-256	6588	32940	6588	76843418
-8600	-124	-15724	-200	-363	97	-128	80	-256	6589	32945	6589	76843418
-8722	-86	-15732	-217	-361	95	-128	78	-254	6590	32950	6590	76843419
-8658	-70	-15888	-177	-364	93	-128	78	-254	6591	32955	6591	76843419
-8670	-38	-15838	-175	-369	105	-131	77	-255	6592	32960	6592	76843419
-8664	18	-15818	-165	-360	119	-131	77	-255	6593	32965	6593	76843451
-8676	-72	-15860	-148	-390	115	-129	83	-251	6594	32970	6594	76843452
-8636	-44	-15854	-159	-388	116	-129	83	-251	6595	32975	6595	76843453
-8602	-74	-15826	-159	-416	120	-131	79	-251	6596	32980	6596	76843461
-8716	-72	-15822	-185	-433	112	-131	79	-251	6597	32985	6597	76843461
-8696	-10	-15814	-215	-445	111	-131	83	-261	6598	32990	6598	76843462
-8726	-52	-15764	-229	-447	116	-131	83	-261	6599	32995	6599	76843464
-8710	-30	-15826	-240	-444	126	-128	76	-258	6600	33000	6600	76843464
-8708	-34	-15778	-256	-453	128	-128	76	-258	6601	33005	6601	76843466
-8672	-66	-15736	-249	-465	116	-130	76	-256	6602	33010	6602	76843466
-8696	0	-15796	-261	-458	125	-130	76	-256	6603	33015	6603	76843467
-8674	12	-15738	-230	-442	122	-125	77	-253	6604	33020	6604	76843468
-8658	-22	-15770	-223	-440	114	-125	77	-253	6605	33025	6605	76843468
-8706	-18	-15782	-207	-440	110	-132	78	-250	6606	33030	6606	76843469
-8696	-18	-15780	-165	-441	112	-132	78	-250	6607	33035	6607	76843470
-8758	-26	-15808	-152	-413	114	-129	79	-253	6608	33040	6608	76843470
-8688	-90	-15894	-146	-412	108	-129	79	-253	6609	33045	6609	76843470
-8660	-62	-15928	-153	-414	102	-129	87	-257	6610	33050	6610	76843471
-8698	-44	-15808	-136	-398	87	-129	87	-257	6611	33055	6611	76843572
-8688	-34	-15780	-159	-401	99	-125	77	-255	6612	33060	6612	76843572
-8732	-68	-15822	-161	-410	103	-125	77	-255	6613	33065	6613	76843573
-8722	-108	-15970	-183	-398	93	-124	82	-258	6614	33070	6614	76843573
-8700	-56	-15920	-187	-390	74	-124	82	-258	6615	33075	6615	76843573
-8738	-80	-15884	-193	-383	69	-134	78	-256	6616	33080	6616	76843574
-8694	-66	-15838	-182	-361	68	-134	78	-256	6617	33085	6617	76843574
-8662	-58	-15794	-178	-376	71	-129	79	-255	6618	33090	6618	76843575
-8656	-92	-15884	-176	-382	64	-129	79	-255	6619	33095	6619	76843575
-8722	-82	-15754	-158	-372	43	-129	79	-257	6620	33100	6620	76843575
-8756	-52	-15686	-154	-372	43	-129	79	-257	6621	33105	6621	76843576
-8704	-78	-15800	-141	-360	34	-143	75	-259	6622	33110	6622	76843576
-8738	-26	-15758	-127	-347	49	-143	75	-259	6623	33115	6623	76843576
-8732	-110	-15728	-126	-370	52	-131	81	-253	6624	33120	6624	76843577
-8666	-116	-15788	-118	-374	48	-131	81	-253	6625	33125	6625	76843577
-8664	-112	-15804	-114	-388	60	-123	81	-257	6626	33130	6626	76843577
-8704	-34	-15738	-130	-394	52	-123	81	-257	6627	33135	6627	76843578
-8692	-120	-15708	-162	-390	63	-128	82	-252	6628	33140	6628	76843578
-8690	-134	-15762	-169	-408	54	-128	82	-252	6629	33145	6629	76843579
-8656	-106	-15738	-173	-392	65	-125	83	-255	6630	33150	6630	76843580
-8694	-112	-15768	-194	-413	71	-125	83	-255	6631	33155	6631	76843582
-8676	-110	-15724	-197	-416	72	-126	78	-254	6632	33160	6632	76843582
-8732	-126	-15848	-186	-430	78	-126	78	-254	6633	33165	6633	76843584
-8702	-68	-15768	-190	-419	74	-126	82	-250	6634	33170	6634	76843586
-8696	-86	-15842	-184	-416	93	-126	82	-250	6635	33175	6635	76843587
-8718	-104	-15700	-189	-433	98	-131	79	-257	6636	33180	6636	76843599
-8772	-152	-15826	-186	-426	91	-131	79	-257	6637	33185	6637	76843600
-8740	-172	-15818	-189	-442	85	-127	77	-257	6638	33190	6638	76843601
-8716	-190	-15808	-181	-425	75	-127	77	-257	6639	33195	6639	76843602
-8656	-64	-15776	-204	-448	81	-131	77	-263	6640	33200	6640	76843620
-8672	-202	-15788	-211	-459	74	-131	77	-263	6641	33205	6641	76843676
-8686	-182	-15834	-203	-449	80	-128	80	-258	6642	33210	6642	76843677
-8652	-164	-15804	-207	-441	71	-128	80	-258	6643	33215	6643	76843678
-8728	-154	-15802	-211	-437	41	-135	77	-259	6644	33220	6644	76843679
-8644	-164	-15852	-199	-441	50	-135	77	-259	6645	33225	6645	76843679
-8660	-124	-15856	-197	-449	33	-128	78	-250	6646	33230	6646	76843679
-8694	-130	-15812	-166	-459	31	-128	78	-250	6647	33235	6647	76843680
-8648	-124	-15714	-148	-479	28	-128	76	-258	6648	33240	6648	76843681
-8704	-102	-15776	-154	-474	17	-128	76	-258	6649	33245	6649	76843682
-8704	-78	-15776	-134	-468	4	-122	80	-252	6650	33250	6650	76843685
-8666	-76	-15768	-113	-464	-1	-122	80	-252	6651	33255	6651	76843685
-8640	-52	-15782	-86	-470	-8	-125	85	-255	6652	33260	6652	76843686
-8632	-108	-15812	-72	-490	-9	-125	85	-255	6653	33265	6653	76843686
-8688	-60	-15770	-80	-495	-13	-131	79	-255	6654	33270	6654	76843687
-8652	-62	-15724	-73	-512	-11	-131	79	-255	6655	33275	6655	76843687
-8694	-30	-15818	-89	-517	-22	-127	85	-257	6656	33280	6656	76843688
-8676	64	-15718	-110	-520	-9	-127	85	-257	6657	33285	6657	76843691
-8706	14	-15774	-143	-535	5	-132	86	-256	6658	33290	6658	76843692
-8670	-16	-15794	-129	-531	11	-132	86	-256	6659	33295	6659	76843692
-8718	94	-15886	-171	-543	9	-132	78	-250	6660	33300	6660	76843693
-8722	52	-15790	-179	-552	28	-132	78	-250	6661	33305	6661	76843693
-8682	48	-15762	-165	-549	45	-132	72	-260	6662	33310	6662	76843695
-8714	66	-15748	-159	-546	43	-132	72	-260	6663	33315	6663	76843696
-8738	72	-15752	-154	-540	51	-127	79	-257	6664	33320	6664	76843697
-8766	58	-15848	-140	-515	55	-127	79	-257	6665	33325	6665	76843698
-8706	50	-15826	-141	-525	58	-126	84	-248	6666	33330	6666	76843703
-8796	32	-15866	-137	-527	69	-126	84	-248	6667	33335	6667	76843703
-8780	22	-15868	-151	-525	72	-128	82	-260	6668	33340	6668	76843704
-8750	10	-15800	-143	-515	78	-128	82	-260	6669	33345	6669	76843704
-8728	0	-15824	-167	-497	77	-136	76	-252	6670	33350	6670	76843705
-8780	18	-15812	-156	-482	84	-136	76	-252	6671	33355	6671	76843705
-8784	68	-15830	-178	-482	88	-127	81	-259	6672	33360	6672	76843706
-8826	-16	-15838	-185	-468	89	-127	81	-259	6673	33365	6673	76843707
-8746	0	-15762	-183	-489	75	-133	79	-253	6674	33370	6674	76843727
-8794	-42	-15816	-203	-485	99	-133	79	-253	6675	33375	6675	76843727
-8780	-14	-15750	-209	-476	100	-126	76	-256	6676	33380	6676	76843728
-8770	-120	-15748	-214	-467	99	-126	76	-256	6677	33385	6677	76843728
-8812	-104	-15784	-211	-467	107	-125	77	-253	6678	33390	6678	76843728
-8784	-116	-15734	-217	-470	87	-125	77	-253	6679	33395	6679	76843729
-8782	-152	-15778	-190	-457	100	-128	80	-252	6680	33400	6680	76843729
-8724	-150	-15776	-195	-477	91	-128	80	-252	6681	33405	6681	76843730
-8734	-150	-15776	-175	-468	98	-131	83	-255	6682	33410	6682	76843730
-8752	-184	-15768	-169	-475	85	-131	83	-255	6683	33415	6683	76843731
