-9294	-3828	-15938	-846	941	-839	-83	83	-153	614	3070	614	70434253
-9172	-3996	-15946	-1057	1131	-930	-83	83	-153	615	3075	615	70434254
-9182	-4108	-15910	-1101	1249	-981	-83	89	-149	616	3080	616	70434255
-9128	-4110	-15700	-1086	1439	-1139	-83	89	-149	617	3085	617	70434256
-9074	-4204	-15416	-817	1089	-1297	-89	83	-149	618	3090	618	70434256
-9120	-4300	-15460	-611	850	-1369	-89	83	-149	619	3095	619	70434295
-9374	-4386	-15580	-104	453	-1556	-85	83	-149	620	3100	620	70434296
-9546	-4470	-15504	388	344	-1740	-85	83	-149	621	3105	621	70434296
-9698	-4396	-15724	753	632	-1877	-88	84	-152	622	3110	622	70434297
-9890	-4430	-15362	973	1033	-1967	-88	84	-152	623	3115	623	70434297
-9390	-4274	-14722	1551	1833	-2138	-96	82	-160	624	3120	624	70434297
-8978	-4354	-14556	1799	2026	-2255	-96	82	-160	625	3125	625	70434298
-8816	-4164	-14664	1676	1933	-2273	-88	80	-154	626	3130	626	70434298
-8938	-3920	-14896	1362	1898	-2256	-88	80	-154	627	3135	627	70434299
-8874	-3870	-14912	1035	2370	-2291	-92	86	-152	628	3140	628	70434299
-8744	-3852	-15118	626	2612	-2300	-92	86	-152	629	3145	629	70434299
-8780	-3776	-15330	-594	2826	-2187	-79	75	-153	630	3150	630	70434300
-8892	-3780	-16292	-1542	2881	-2045	-79	75	-153	631	3155	631	70434320
-8830	-3908	-16962	-1939	2801	-1962	-90	78	-154	632	3160	632	70434320
-9252	-3742	-17744	-2959	2759	-1731	-90	78	-154	633	3165	633	70434321
-9328	-3448	-17642	-3406	3393	-1637	-89	87	-151	634	3170	634	70434322
-9026	-3466	-17598	-3659	4074	-1621	-89	87	-151	635	3175	635	70434349
-8958	-3282	-17784	-3906	4126	-1585	-87	79	-145	636	3180	636	70434349
-9510	-3456	-18336	-3642	3910	-1540	-87	79	-145	637	3185	637	70434349
-9800	-4064	-17548	-3478	4772	-1682	-93	85	-153	638	3190	638	70434353
-9490	-3946	-16944	-3888	5082	-1720	-93	85	-153	639	3195	639	70434354
-9456	-4110	-16580	-4186	4692	-1656	-91	81	-151	640	3200	640	70434354
-9844	-4412	-16726	-4039	4346	-1683	-91	81	-151	641	3205	641	70434354
-9782	-4362	-16710	-4130	4364	-1706	-98	74	-156	642	3210	642	70434355
-9788	-3930	-16884	-4151	4237	-1724	-98	74	-156	643	3215	643	70434355
-9794	-3502	-17020	-4226	3995	-1697	-91	81	-153	644	3220	644	70434356
-9352	-2686	-16462	-4520	4079	-1654	-91	81	-153	645	3225	645	70434356
-8998	-2286	-16238	-4716	4099	-1612	-91	81	-145	646	3230	646	70434357
-8534	-1470	-16252	-4530	3991	-1480	-91	81	-145	647	3235	647	70434357
-8366	-1274	-16922	-4009	4071	-1432	-89	75	-157	648	3240	648	70434357
-8220	-1304	-17098	-3856	4172	-1392	-89	75	-157	649	3245	649	70434358
-8268	-1390	-17998	-3673	4170	-1248	-88	78	-158	650	3250	650	70434375
-8496	-1724	-19102	-3989	4207	-974	-88	78	-158	651	3255	651	70434399
-8678	-1742	-19440	-4574	4253	-782	-97	75	-155	652	3260	652	70434458
-9022	-2138	-19518	-5673	4462	-314	-97	75	-155	653	3265	653	70434460
-8780	-2380	-18982	-6629	4838	173	-93	75	-155	654	3270	654	70434460
-8638	-2120	-18236	-6923	5332	531	-93	75	-155	655	3275	655	70434461
-8036	-1468	-16630	-6686	5570	684	-97	75	-155	656	3280	656	70434461
-7284	-760	-15308	-5454	5944	804	-97	75	-155	657	3285	657	70434461
-6810	-172	-14800	-3958	6170	781	-95	73	-155	658	3290	658	70434462
-6760	138	-15028	-3186	6227	726	-95	73	-155	659	3295	659	70434462
-6800	328	-16096	-2026	6315	566	-96	76	-150	660	3300	660	70434463
-7140	64	-17674	-1568	6492	427	-96	76	-150	661	3305	661	70434463
-7654	-260	-18314	-1517	6623	377	-101	75	-155	662	3310	662	70434463
-7702	-774	-19024	-1638	7089	257	-101	75	-155	663	3315	663	70434509
-8274	-1400	-19600	-1521	7455	179	-102	68	-160	664	3320	664	70434535
-8444	-1694	-19702	-1700	7998	147	-102	68	-160	665	3325	665	70434535
-8736	-2132	-19746	-1865	8266	145	-92	70	-152	666	3330	666	70434536
-8840	-2366	-19578	-2290	8746	134	-92	70	-152	667	3335	667	70434537
-8958	-2778	-19074	-2521	9052	132	-98	62	-156	668	3340	668	70434537
-8792	-3118	-18972	-2646	9266	90	-98	62	-156	669	3345	669	70434538
-8906	-3032	-18662	-2950	9677	121	-98	64	-154	670	3350	670	70434538
-8546	-3466	-18330	-3055	10067	188	-98	64	-154	671	3355	671	70434538
-8476	-3298	-18278	-3183	10220	159	-99	63	-159	672	3360	672	70434558
-8412	-2956	-18176	-3245	10482	74	-99	63	-159	673	3365	673	70434588
-8246	-2714	-18322	-3139	10547	7	-95	65	-159	674	3370	674	70434589
-8118	-2806	-18430	-3125	10504	-138	-95	65	-159	675	3375	675	70434589
-7966	-2794	-18422	-3071	10426	-218	-96	64	-154	676	3380	676	70434590
-7628	-2496	-18050	-3016	10266	-404	-96	64	-154	677	3385	677	70434591
-6614	-1670	-17348	-2910	10315	-590	-94	60	-156	678	3390	678	70434591
-6530	-1172	-16970	-2719	10324	-665	-94	60	-156	679	3395	679	70434592
-6016	-650	-16630	-2114	10082	-862	-98	60	-156	680	3400	680	70434592
-5222	-30	-16318	-1842	9782	-1025	-98	60	-156	681	3405	681	70434593
-4668	398	-16276	-1722	9599	-1059	-104	60	-156	682	3410	682	70434594
-3624	702	-16158	-1394	9112	-1059	-104	60	-156	683	3415	683	70434594
-3196	758	-15992	-1014	8349	-1107	-101	57	-161	684	3420	684	70434595
-2928	956	-15874	-854	7786	-1052	-101	57	-161	685	3425	685	70434596
-2208	1000	-15782	-622	7464	-1014	-102	56	-154	686	3430	686	70434611
-1606	1562	-15968	-464	6995	-767	-102	56	-154	687	3435	687	70434612
-1260	1870	-16200	-148	6534	-522	-104	54	-158	688	3440	688	70434612
-1056	2096	-16370	0	6455	-303	-104	54	-158	689	3445	689	70434613
-724	1340	-16622	311	6301	31	-97	49	-159	690	3450	690	70434613
-1012	1210	-16034	-5	5782	426	-97	49	-159	691	3455	691	70434613
-1030	834	-15638	134	5643	621	-101	47	-161	692	3460	692	70434614
-1252	428	-14948	670	5450	806	-101	47	-161	693	3465	693	70434614
-1226	552	-14732	1437	5324	883	-100	50	-166	694	3470	694	70434662
-1162	680	-14592	1809	5318	882	-100	50	-166	695	3475	695	70434662
-1316	392	-14980	2509	5024	854	-99	51	-161	696	3480	696	70434663
-1856	72	-15764	3156	4890	935	-99	51	-161	697	3485	697	70434664
-2122	-438	-15932	3607	5257	756	-99	47	-157	698	3490	698	70434664
-1906	-344	-15518	3550	5510	617	-99	47	-157	699	3495	699	70434667
-1828	-430	-14268	2955	6039	530	-96	44	-166	700	3500	700	70434668
-858	-1334	-13352	2118	6266	592	-96	44	-166	701	3505	701	70434668
-468	-1716	-12802	1546	6153	704	-95	47	-161	702	3510	702	70434669
156	-2142	-12686	836	5256	925	-95	47	-161	703	3515	703	70434711
-6	-2888	-13066	927	4595	993	-98	48	-162	704	3520	704	70434712
46	-3140	-13156	802	4592	975	-98	48	-162	705	3525	705	70434714
312	-3494	-13208	-46	4454	1057	-91	47	-161	706	3530	706	70434746
712	-3224	-12326	-944	4199	1267	-91	47	-161	707	3535	707	70434750
800	-3222	-11732	-1063	4147	1437	-97	39	-161	708	3540	708	70434758
1002	-3228	-11016	-1061	3926	1512	-97	39	-161	709	3545	709	70434763
698	-3022	-11432	-883	3138	1640	-103	45	-163	710	3550	710	70434763
382	-3080	-12790	-719	2440	1680	-103	45	-163	711	3555	711	70434765
156	-2970	-13374	-792	2094	1676	-103	41	-159	712	3560	712	70434766
-746	-2704	-14628	-1248	1752	1670	-103	41	-159	713	3565	713	70434767
-1056	-2474	-14792	-2174	1846	1729	-100	42	-164	714	3570	714	70434768
-1102	-2340	-14826	-2620	1695	1866	-100	42	-164	715	3575	715	70434769
-1538	-2110	-15862	-2812	919	2101	-101	39	-167	716	3580	716	70434769
-1394	-1712	-16158	-3955	610	2276	-101	39	-167	717	3585	717	70434770
-984	-1334	-16292	-4875	-348	2685	-96	44	-160	718	3590	718	70434771
-688	-490	-16762	-4968	-1001	2894	-96	44	-160	719	3595	719	70434771
-34	78	-17206	-4670	-2062	3251	-99	39	-159	720	3600	720	70434799
274	146	-17654	-3755	-2951	3577	-99	39	-159	721	3605	721	70434801
240	22	-17894	-3223	-3309	3690	-105	43	-167	722	3610	722	70434802
-284	72	-17644	-2669	-3472	3914	-105	43	-167	723	3615	723	70434803
-538	-60	-15988	-2564	-3612	4304	-97	43	-163	724	3620	724	70434804
-812	-572	-15382	-2417	-4000	4493	-97	43	-163	725	3625	725	70434804
-2056	-1742	-15116	-1879	-5028	4655	-108	44	-162	726	3630	726	70434805
-2934	-2836	-15738	-1063	-5871	4561	-108	44	-162	727	3635	727	70434805
-3476	-3138	-15968	-434	-6335	4308	-108	44	-160	728	3640	728	70434806
-4154	-3006	-15974	-476	-6337	4126	-108	44	-160	729	3645	729	70434807
-3946	-2998	-15746	-779	-6344	3827	-99	47	-163	730	3650	730	70434808
-4084	-2722	-16004	-878	-6446	3707	-99	47	-163	731	3655	731	70434808
-4090	-2906	-16300	-783	-6451	3635	-100	50	-160	732	3660	732	70434821
-3998	-3698	-16920	-545	-6429	3388	-100	50	-160	733	3665	733	70434823
-4110	-3698	-17200	-860	-6355	3148	-108	52	-158	734	3670	734	70434824
-4094	-3904	-17360	-984	-6403	3063	-108	52	-158	735	3675	735	70434827
-4120	-4854	-17674	-1288	-6342	2721	-107	49	-163	736	3680	736	70434828
-3826	-4812	-18212	-1962	-6236	2337	-107	49	-163	737	3685	737	70434830
-3426	-4514	-18352	-2343	-5805	2141	-99	55	-163	738	3690	738	70434831
-3190	-4424	-18386	-2280	-5822	2074	-99	55	-163	739	3695	739	70434832
-2782	-3814	-18478	-2236	-5660	1994	-99	49	-161	740	3700	740	70434832
-2770	-2736	-18404	-2417	-5491	1945	-99	49	-161	741	3705	741	70434900
-2856	-2456	-18788	-2294	-5431	1869	-106	52	-158	742	3710	742	70434900
-3106	-2620	-19084	-2054	-5018	1654	-106	52	-158	743	3715	743	70434901
-3412	-2572	-19076	-1696	-4818	1479	-113	51	-163	744	3720	744	70434902
-3626	-2744	-19060	-1251	-4772	1342	-113	51	-163	745	3725	745	70434902
-3972	-3080	-18900	-230	-4756	965	-104	60	-164	746	3730	746	70434903
-4926	-3528	-19136	553	-4998	525	-104	60	-164	747	3735	747	70434904
-5448	-3898	-19216	599	-5046	274	-106	50	-160	748	3740	748	70434982
-5544	-3506	-19128	-533	-5033	15	-106	50	-160	749	3745	749	70434982
-5802	-3384	-19672	-759	-5764	-210	-105	57	-165	750	3750	750	70434982
-6998	-4214	-19752	-8	-6117	-611	-105	57	-165	751	3755	751	70434983
-7006	-4464	-19296	-341	-5806	-831	-107	57	-165	752	3760	752	70434983
-6544	-4636	-18646	-1734	-5295	-1146	-107	57	-165	753	3765	753	70434984
-6600	-4964	-18558	-2476	-5059	-1384	-107	55	-157	754	3770	754	70434984
-6544	-4854	-18708	-2792	-4760	-1503	-107	55	-157	755	3775	755	70434984
-6116	-4372	-18790	-2979	-4147	-1788	-104	58	-162	756	3780	756	70434985
-5716	-3476	-18976	-2919	-3632	-2040	-104	58	-162	757	3785	757	70434985
-5522	-3016	-19072	-3042	-3357	-2146	-108	54	-164	758	3790	758	70434986
-4982	-1948	-19202	-3485	-2792	-2258	-108	54	-164	759	3795	759	70434986
-4446	-752	-19506	-3640	-2365	-2338	-110	62	-158	760	3800	760	70434987
-4222	-160	-19862	-3248	-2008	-2316	-110	62	-158	761	3805	761	70435025
-3798	912	-20146	-2891	-1812	-2278	-106	56	-160	762	3810	762	70435056
-3594	1356	-19544	-2027	-1413	-2154	-106	56	-160	763	3815	763	70435056
-3538	1378	-19100	-1180	-1323	-1994	-114	50	-162	764	3820	764	70435056
-3468	1200	-19036	-831	-1363	-1902	-114	50	-162	765	3825	765	70435057
-3676	644	-19166	-9	-1533	-1798	-110	60	-164	766	3830	766	70435057
-4036	308	-19544	635	-1779	-1727	-110	60	-164	767	3835	767	70435058
-4272	260	-19338	735	-1859	-1707	-106	66	-156	768	3840	768	70435059
-4300	272	-18622	649	-1797	-1583	-106	66	-156	769	3845	769	70435060
-4200	54	-18064	724	-1893	-1425	-102	58	-164	770	3850	770	70435060
-4244	-166	-17714	920	-2038	-1239	-102	58	-164	771	3855	771	70435061
-4208	-498	-17496	981	-2068	-1145	-105	57	-159	772	3860	772	70435061
-3962	-546	-17464	1021	-2112	-933	-105	57	-159	773	3865	773	70435062
-3858	-570	-17102	1020	-2161	-725	-110	58	-164	774	3870	774	70435063
-3788	-362	-17180	911	-2224	-620	-110	58	-164	775	3875	775	70435079
-3724	-114	-16794	816	-2277	-379	-107	61	-155	776	3880	776	70435080
-3812	-242	-16580	907	-2272	-153	-107	61	-155	777	3885	777	70435082
-3888	-290	-16462	932	-2207	-27	-107	61	-161	778	3890	778	70435082
-3944	-162	-16230	944	-1997	215	-107	61	-161	779	3895	779	70435106
-3762	366	-16030	634	-1817	426	-106	60	-160	780	3900	780	70435106
-3672	258	-15910	238	-1798	731	-106	60	-160	781	3905	781	70435107
-3792	526	-15618	35	-1768	856	-103	55	-161	782	3910	782	70435108
-4052	524	-15902	-49	-1718	1064	-103	55	-161	783	3915	783	70435109
-4344	262	-16314	-64	-1755	1283	-111	65	-161	784	3920	784	70435109
-4420	180	-16360	-60	-1783	1357	-111	65	-161	785	3925	785	70435110
-4434	-60	-16542	19	-1872	1464	-96	58	-162	786	3930	786	70435111
-4314	-192	-16462	56	-2036	1561	-96	58	-162	787	3935	787	70435111
-4116	-120	-16374	42	-2134	1633	-100	58	-162	788	3940	788	70435111
-4018	-228	-16394	168	-2488	1783	-100	58	-162	789	3945	789	70435112
-3858	-20	-16588	413	-2916	1930	-112	54	-166	790	3950	790	70435112
-3920	-28	-16744	810	-3495	2018	-112	54	-166	791	3955	791	70435130
-4190	150	-17228	953	-3743	2025	-105	57	-155	792	3960	792	70435130
-4178	68	-17586	1102	-4260	2117	-105	57	-155	793	3965	793	70435131
-4626	-164	-17460	953	-4794	2221	-101	59	-159	794	3970	794	70435131
-4778	-152	-17342	771	-5028	2301	-101	59	-159	795	3975	795	70435132
-5146	-296	-17192	401	-5263	2375	-112	58	-160	796	3980	796	70435132
-5626	-814	-17758	267	-5422	2430	-112	58	-160	797	3985	797	70435132
-6170	-962	-18400	282	-5436	2386	-108	64	-160	798	3990	798	70435133
-7490	-1370	-19744	494	-5095	2167	-108	64	-160	799	3995	799	70435251
-9596	-1968	-21110	884	-4337	1818	-111	61	-159	800	4000	800	70435251
-10640	-2170	-21838	1214	-3077	1346	-111	61	-159	801	4005	801	70435251
-13120	-2714	-22590	1330	-2344	1113	-105	63	-155	802	4010	802	70435252
-14226	-2764	-22490	959	-722	735	-105	63	-155	803	4015	803	70435252
-13010	-1578	-21064	126	693	548	-114	56	-160	804	4020	804	70435252
-12018	-648	-19800	-143	1142	514	-114	56	-160	805	4025	805	70435253
-9150	1066	-17394	51	1406	717	-107	65	-157	806	4030	806	70435253
-6268	2802	-15232	1004	1109	1066	-107	65	-157	807	4035	807	70435254
-4774	3242	-14496	2095	559	1293	-106	66	-159	808	4040	808	70435254
-3280	3682	-13760	3186	8	1519	-105	67	-161	809	4045	809	70435254
-2630	3090	-13676	4324	-681	1845	-105	63	-159	810	4050	810	70435255
-2594	2688	-13878	4647	-969	1978	-105	63	-159	811	4055	811	70435255
-2832	2134	-14550	4943	-1320	2050	-103	59	-159	812	4060	812	70435255
-3200	1534	-15338	5008	-1479	1973	-103	59	-159	813	4065	813	70435303
-4052	630	-15794	5079	-1440	1734	-110	64	-154	814	4070	814	70435332
-4568	132	-16084	5132	-1441	1570	-110	64	-154	815	4075	815	70435333
-5174	-570	-16796	5261	-1382	1047	-101	65	-163	816	4080	816	70435333
-6360	-1696	-17276	5219	-1403	522	-101	65	-163	817	4085	817	70435334
-6638	-2016	-17498	5074	-1385	318	-103	67	-161	818	4090	818	70435334
-7286	-2328	-17828	4476	-1147	-154	-103	67	-161	819	4095	819	70435334
-7764	-2706	-18152	3788	-954	-462	-99	63	-163	820	4100	820	70435335
-7828	-2764	-18274	3314	-868	-540	-99	63	-163	821	4105	821	70435335
-7790	-2580	-18190	2246	-648	-676	-95	63	-159	822	4110	822	70435337
-7550	-2572	-18076	1301	-492	-639	-95	63	-159	823	4115	823	70435337
-7458	-2600	-17914	454	-383	-534	-100	60	-154	824	4120	824	70435337
-7352	-2716	-17766	101	-346	-384	-100	60	-154	825	4125	825	70435338
-7170	-2554	-17612	-454	-236	-56	-96	66	-158	826	4130	826	70435338
-6994	-2398	-17440	-596	-203	255	-96	66	-158	827	4135	827	70435338
-6966	-2324	-17514	-530	-215	371	-104	62	-156	828	4140	828	70435339
