-16206	-1742	2720	-155	-2	-56	17	232	76	1	1	1	72907036	
-16222	-1742	2814	-237	-22	-58	15	233	77	2	6	2	72907036	
-16300	-1718	2814	-291	-21	-58	16	232	76	3	11	3	72907036	
-16322	-1664	2824	-310	-5	-62	17	231	75	4	16	4	72907036	
-16262	-1616	2922	-295	19	-65	17	231	76	5	21	5	72907036	
-16231	-1541	3032	-255	36	-58	18	232	78	6	26	6	72907044	
-16225	-1499	3052	-203	37	-53	18	232	77	7	31	7	72907074	
-16219	-1489	3044	-161	40	-49	19	233	75	8	36	8	72907103	
-16268	-1506	3072	-135	45	-41	18	232	76	9	41	9	72907103	
-16249	-1514	3078	-105	38	-35	12	230	78	10	46	10	72907103	
-16272	-1532	3002	-73	27	-21	15	232	80	11	51	11	72907103	
-16261	-1518	3058	-34	9	-29	22	236	84	12	56	12	72907104	
-16338	-1551	3064	1	1	-31	19	235	82	13	61	13	72907104	
-16328	-1548	3026	36	-4	-34	14	232	78	14	66	14	72907104	
-16249	-1536	2890	79	-2	-33	15	232	77	15	71	15	72907104	
-16246	-1532	2912	98	-1	-42	21	231	75	16	76	16	72907104	
-16320	-1548	2744	105	1	-44	20	231	76	17	81	17	72907105	
-16342	-1588	2744	110	0	-41	17	233	81	18	86	18	72907108	
-16326	-1592	2718	104	-8	-44	17	233	81	19	91	19	72907108	
-16223	-1613	2784	75	-28	-47	18	234	80	20	96	20	72907108	
-16268	-1706	2701	40	-44	-45	16	233	80	21	101	21	72907108	
-16280	-1687	2717	-6	-58	-42	10	228	78	22	106	22	72907108	
-16192	-1700	2702	-65	-67	-39	10	228	78	23	111	23	72907108	
-16222	-1702	2794	-148	-66	-35	16	232	72	24	116	24	72907158	
-16360	-1670	2736	-201	-61	-38	16	232	72	25	121	25	72907199	
-16232	-1720	2856	-237	-62	-40	19	235	79	26	126	26	72907200	
-16266	-1770	2932	-248	-49	-33	19	235	79	27	131	27	72907200	
-16184	-1730	2894	-250	-31	-56	14	234	78	28	136	28	72907200	
-16280	-1758	2916	-223	-23	-65	14	234	78	29	141	29	72907200	
-16304	-1746	2946	-197	-44	-72	16	230	74	30	146	30	72907201	
-16218	-1688	2938	-163	-66	-74	16	230	74	31	151	31	72907220	
-16290	-1656	2882	-145	-72	-77	17	235	79	32	156	32	72907237	
-16378	-1621	2944	-138	-88	-77	17	235	79	33	161	33	72907238	
-16322	-1649	2844	-144	-89	-71	12	230	81	34	166	34	72907238	
-16389	-1597	2798	-158	-98	-69	11	229	81	35	171	35	72907238	
-16296	-1554	2848	-165	-95	-47	20	232	78	36	176	36	72907238	
-16368	-1460	2726	-161	-94	-40	20	232	78	37	181	37	72907238	
-16398	-1542	2786	-151	-75	-29	14	235	81	38	186	38	72907238	
-16394	-1547	2835	-127	-46	-15	13	235	81	39	191	39	72907238	
-16427	-1562	2783	-96	-14	-2	19	237	83	40	196	40	72907238	
-16362	-1568	2790	-57	21	9	21	237	83	41	201	41	72907238	
-16301	-1516	2781	-14	34	12	18	234	79	42	206	42	72907238	
-16288	-1497	2769	15	30	16	17	233	77	43	211	43	72907238	
-16317	-1543	2772	50	36	16	18	230	81	44	216	44	72907244	
-16293	-1525	2748	98	52	17	18	228	84	45	221	45	72907248	
-16235	-1540	2784	104	68	10	15	234	81	46	226	46	72907248	
-16245	-1557	2743	94	77	-8	14	236	80	47	231	47	72907248	
-16294	-1621	2715	82	81	-15	15	235	80	48	236	48	72907255	
-16266	-1690	2683	35	67	-17	16	234	80	49	241	49	72907274	
-16248	-1735	2734	-42	52	-18	17	233	78	50	246	50	72907286	
-16244	-1714	2718	-125	32	-22	18	232	76	51	251	51	72907288	
-16248	-1688	2731	-203	4	-27	18	234	78	52	256	52	72907288	
-16262	-1673	2786	-291	-28	-28	18	236	80	53	261	53	72907288	
-16306	-1640	2800	-355	-63	-25	19	234	79	54	266	54	72907289	
-16275	-1588	2840	-378	-83	-35	20	232	78	55	271	55	72907289	
-16290	-1564	2907	-382	-96	-39	21	234	77	56	276	56	72907289	
-16278	-1550	2900	-360	-96	-36	21	235	77	57	281	57	72907305	
-16262	-1536	2915	-314	-83	-35	17	236	75	58	286	58	72907321	
-16322	-1524	2960	-254	-65	-42	12	238	72	59	291	59	72907321	
-16326	-1480	2948	-192	-45	-51	14	236	73	60	296	60	72907321	
-16304	-1419	3012	-113	-24	-55	16	234	74	61	301	61	72907321	
-16341	-1365	3001	-39	-12	-62	16	234	75	62	306	62	72907321	
-16363	-1370	2934	19	-16	-71	15	233	75	63	311	63	72907321	
-16348	-1386	2848	79	-25	-75	15	233	79	64	316	64	72907324	
-16348	-1386	2823	139	-32	-69	16	234	84	65	321	65	72907346	
-16304	-1441	2815	186	-29	-69	20	234	84	66	326	66	72907372	
-16333	-1438	2796	215	-23	-72	25	235	83	67	331	67	72907372	
-16360	-1459	2758	226	-23	-72	24	234	83	68	336	68	72907372	
-16332	-1507	2687	224	-27	-66	18	232	82	69	341	69	72907372	
-16279	-1493	2642	211	-36	-64	18	234	82	70	346	70	72907372	
-16299	-1516	2685	178	-50	-60	17	237	81	71	351	71	72907372	
-16407	-1562	2621	139	-59	-61	17	236	81	72	356	72	72907372	
-16304	-1580	2602	80	-60	-62	18	234	82	73	361	73	72907376	
-16338	-1610	2615	24	-56	-58	16	234	82	74	366	74	72907394	
-16275	-1587	2655	-5	-60	-60	10	234	80	75	371	75	72907410	
-16283	-1612	2661	-20	-57	-63	11	234	80	76	376	76	72907410	
-16298	-1564	2746	-25	-57	-68	15	233	79	77	381	77	72907410	
-16298	-1584	2763	-9	-67	-77	16	233	79	78	386	78	72907410	
-16295	-1564	2774	2	-82	-82	19	235	79	79	391	79	72907410	
-16264	-1533	2842	12	-88	-82	18	235	79	80	396	80	72907410	
-16296	-1595	2836	17	-87	-85	15	233	77	81	401	81	72907410	
-16344	-1570	2776	10	-86	-89	15	233	77	82	406	82	72907411	
-16278	-1508	2868	5	-84	-98	16	238	78	83	411	83	72907411	
-16374	-1492	2798	14	-83	-84	16	238	78	84	416	84	72907422	
-16370	-1600	2896	-3	-63	-85	19	233	77	85	421	85	72907447	
-16384	-1584	2860	0	-45	-91	19	233	77	86	426	86	72907447	
-16360	-1566	2776	14	-24	-96	14	234	76	87	431	87	72907447	
-16318	-1516	2792	30	-14	-81	14	234	76	88	436	88	72907447	
-16354	-1590	2736	53	-16	-82	13	235	79	89	441	89	72907447	
-16236	-1586	2660	63	-28	-83	13	235	79	90	446	90	72907447	
-16232	-1586	2748	75	-58	-82	18	230	78	91	451	91	72907447	
-16304	-1613	2683	78	-68	-79	18	230	78	92	456	92	72907470	
-16339	-1597	2728	73	-88	-82	19	234	79	93	461	93	72907482	
-16264	-1587	2739	59	-111	-74	19	235	79	94	466	94	72907484	
-16248	-1508	2834	52	-132	-71	15	235	87	95	471	95	72907484	
-16358	-1560	2832	71	-128	-61	15	235	87	96	476	96	72907484	
-16220	-1560	2805	92	-126	-64	22	232	84	97	481	97	72907484	
-16216	-1592	2798	135	-117	-67	23	231	83	98	486	98	72907484	
-16273	-1634	2809	172	-105	-75	21	232	76	99	491	99	72907493	
-16260	-1690	2790	195	-80	-77	20	232	74	100	496	100	72907517	
-16251	-1701	2852	216	-79	-82	19	233	78	101	501	101	72907522	
-16308	-1680	2893	226	-90	-77	18	234	80	102	506	102	72907522	
-16349	-1734	2943	225	-107	-86	20	233	82	103	511	103	72907522	
-16254	-1714	2881	207	-117	-98	20	232	82	104	516	104	72907523	
-16294	-1710	2876	200	-134	-99	22	231	78	105	521	105	72907523	
-16306	-1708	2912	190	-161	-102	23	231	77	106	526	106	72907523	
-16262	-1682	2927	179	-168	-102	19	234	79	107	531	107	72907542	
-16278	-1704	2926	175	-164	-103	16	236	80	108	536	108	72907559	
-16308	-1714	2884	184	-166	-103	18	234	79	109	541	109	72907563	
-16302	-1691	2809	203	-167	-111	19	233	79	110	546	110	72907563	
-16296	-1699	2815	202	-165	-109	15	238	75	111	551	111	72907563	
-16305	-1703	2842	181	-165	-102	13	241	73	112	556	112	72907563	
-16307	-1594	2808	167	-161	-98	14	237	77	113	561	113	72907563	
-16280	-1564	2782	162	-161	-97	15	235	79	114	566	114	72907568	
-16251	-1542	2868	169	-157	-100	17	235	79	115	571	115	72907590	
-16303	-1531	2874	189	-149	-100	19	235	79	116	576	116	72907602	
-16370	-1566	2826	218	-142	-101	18	234	79	117	581	117	72907602	
-16350	-1589	2854	256	-135	-108	16	232	80	118	586	118	72907602	
-16378	-1586	2901	307	-125	-112	17	230	81	119	591	119	72907602	
-16396	-1607	2875	357	-117	-104	17	227	81	120	596	120	72907602	
-16361	-1612	2810	377	-114	-98	18	230	78	121	601	121	72907602	
-16363	-1579	2799	373	-106	-95	19	233	75	122	606	122	72907610	
-16352	-1560	2814	349	-96	-87	19	233	77	123	611	123	72907629	
-16322	-1573	2784	313	-99	-72	19	233	79	124	616	124	72907639	
-16328	-1574	2788	263	-107	-62	17	233	80	125	621	125	72907639	
-16362	-1579	2770	217	-114	-58	15	233	81	126	626	126	72907639	
-16342	-1568	2757	187	-109	-52	15	232	82	127	631	127	72907639	
-16259	-1569	2744	169	-79	-44	13	229	83	128	636	128	72907639	
-16198	-1578	2772	158	-52	-55	15	231	81	129	641	129	72907643	
-16191	-1588	2813	158	-40	-59	19	235	77	130	646	130	72907659	
-16140	-1633	2826	168	-37	-70	19	235	77	131	651	131	72907681	
-16128	-1668	2874	192	-43	-78	19	237	77	132	656	132	72907697	
-16186	-1592	2893	210	-65	-99	19	237	78	133	661	133	72907697	
-16218	-1571	2961	206	-93	-111	19	239	83	134	666	134	72907698	
-16351	-1633	3030	201	-127	-119	19	238	82	135	671	135	72907698	
-16324	-1558	3042	198	-163	-131	18	232	78	136	676	136	72907698	
-16309	-1465	2994	214	-204	-146	18	232	78	137	681	137	72907698	
-16273	-1349	2972	257	-210	-143	16	230	80	138	686	138	72907702	
-16289	-1349	2975	317	-190	-138	16	230	80	139	691	139	72907713	
-16340	-1366	2944	375	-174	-135	17	231	81	140	696	140	72907713	
-16382	-1356	2894	436	-146	-133	17	231	81	141	701	141	72907713	
-16316	-1364	2968	498	-131	-124	22	230	80	142	706	142	72907713	
-16382	-1414	2822	529	-118	-121	22	230	80	143	711	143	72907713	
-16338	-1434	2774	523	-104	-117	16	232	82	144	716	144	72907713	
-16342	-1501	2804	506	-87	-114	17	232	82	145	721	145	72907718	
-16320	-1484	2774	503	-89	-121	21	229	83	146	726	146	72907742	
-16370	-1532	2756	509	-94	-120	21	229	83	147	731	147	72907759	
-16364	-1544	2644	520	-70	-117	20	234	76	148	736	148	72907759	
-16376	-1566	2714	544	-74	-119	20	234	76	149	741	149	72907759	
-16398	-1606	2716	558	-79	-120	22	234	78	150	746	150	72907759	
-16316	-1634	2646	552	-90	-118	22	234	78	151	751	151	72907759	
-16318	-1645	2661	521	-97	-127	16	233	76	152	756	152	72907759	
-16346	-1608	2698	463	-92	-126	15	233	75	153	761	153	72907768	
-16306	-1582	2758	421	-94	-126	19	233	81	154	766	154	72907797	
-16270	-1596	2780	372	-102	-123	19	233	81	155	771	155	72907797	
-16317	-1648	2788	330	-105	-126	23	236	79	156	776	156	72907797	
-16300	-1624	2801	290	-93	-111	24	236	78	157	781	157	72907797	
-16275	-1672	2881	256	-99	-111	16	234	81	158	786	158	72907797	
-16299	-1638	2882	227	-107	-102	14	234	82	159	791	159	72907797	
-16325	-1642	2961	223	-104	-97	16	232	80	160	796	160	72907797	
-16307	-1655	2960	236	-103	-89	17	231	79	161	801	161	72907835	
-16244	-1619	2896	274	-84	-85	22	233	79	162	806	162	72907847	
-16217	-1564	3039	310	-63	-95	23	233	79	163	811	163	72907847	
-16249	-1573	3043	337	-66	-100	24	237	78	164	816	164	72907847	
-16309	-1577	3047	353	-73	-100	24	238	78	165	821	165	72907847	
-16342	-1601	2974	355	-85	-97	19	239	76	166	826	166	72907847	
-16322	-1574	2909	349	-91	-102	15	239	75	167	831	167	72907847	
-16340	-1551	2933	334	-98	-108	16	235	75	168	836	168	72907847	
-16340	-1548	2917	312	-89	-111	17	233	75	169	841	169	72907854	
-16294	-1559	2915	294	-65	-110	18	233	80	170	846	170	72907874	
-16294	-1532	2889	292	-35	-105	19	233	83	171	851	171	72907885	
-16320	-1512	2911	301	-16	-97	13	234	81	172	856	172	72907885	
-16378	-1536	2946	308	-4	-95	9	235	79	173	861	173	72907885	
-16340	-1551	2953	315	13	-94	13	233	77	174	866	174	72907885	
-16346	-1578	2958	315	14	-94	16	232	76	175	871	175	72907885	
-16337	-1622	2963	305	11	-93	18	232	77	176	876	176	72907885	
-16208	-1645	2994	288	15	-89	21	233	79	177	881	177	72907885	
-16186	-1637	3029	262	2	-87	21	235	79	178	886	178	72907885	
-16246	-1656	2961	234	-12	-82	21	237	79	179	891	179	72907885	
-16216	-1649	2975	210	-18	-77	20	234	79	180	896	180	72907916	
-16178	-1643	3014	182	-21	-77	19	231	79	181	901	181	72907947	
-16182	-1665	3014	156	-24	-75	20	234	77	182	906	182	72907947	
-16180	-1633	3057	140	-31	-70	21	239	73	183	911	183	72907947	
-16226	-1581	3080	125	-36	-75	20	237	76	184	916	184	72907947	
-16244	-1570	3103	107	-52	-74	17	233	81	185	921	185	72907947	
-16228	-1585	3090	105	-74	-69	17	233	80	186	926	186	72907947	
-16195	-1660	3125	112	-90	-72	17	233	77	187	931	187	72907952	
-16215	-1669	3068	106	-97	-77	15	233	77	188	936	188	72907969	
-16169	-1621	3050	99	-100	-81	12	232	78	189	941	189	72907987	
-16229	-1630	3023	83	-112	-84	12	234	78	190	946	190	72907987	
-16232	-1610	3029	69	-126	-98	14	242	80	191	951	191	72907987	
-16258	-1562	3028	76	-131	-100	13	239	79	192	956	192	72907987	
-16252	-1582	3009	82	-141	-109	11	229	77	193	961	193	72907987	
-16216	-1558	3015	87	-139	-115	12	230	77	194	966	194	72907987	
-16325	-1566	2987	106	-127	-114	14	232	76	195	971	195	72907995	
-16416	-1574	2954	140	-115	-113	15	232	77	196	976	196	72908026	
-16365	-1515	2917	163	-93	-113	18	232	80	197	981	197	72908029	
-16434	-1570	2871	178	-58	-116	16	231	79	198	986	198	72908029	
-16358	-1553	2938	176	-29	-122	10	226	74	199	991	199	72908030	
-16246	-1546	2980	174	-25	-121	10	226	74	200	996	200	72908030	
-16318	-1520	2876	176	-10	-135	14	232	78	201	1001	201	72908030	
-16236	-1580	2902	178	-5	-129	14	232	78	202	1006	202	72908030	
-16272	-1513	2960	174	3	-137	13	237	81	203	1011	203	72908030	
-16273	-1547	2996	173	7	-128	14	236	80	204	1016	204	72908030	
-16310	-1614	3028	175	0	-134	21	233	75	205	1021	205	72908030	
-16242	-1596	3028	157	-14	-120	21	233	75	206	1026	206	72908030	
-16204	-1638	3028	136	-25	-131	21	233	77	207	1031	207	72908030	
-16178	-1564	3042	96	-47	-134	21	233	77	208	1036	208	72908032	
-16206	-1620	2982	47	-60	-133	15	233	79	209	1041	209	72908062	
-16209	-1623	3047	0	-68	-131	15	233	79	210	1046	210	72908062	
-16270	-1640	3044	-47	-90	-124	14	230	80	211	1051	211	72908062	
-16238	-1532	3100	-70	-108	-126	14	230	80	212	1056	212	72908062	
-16302	-1592	3104	-74	-122	-111	12	234	78	213	1061	213	72908062	
-16232	-1507	3179	-44	-133	-115	12	234	78	214	1066	214	72908062	
-16332	-1503	3175	-5	-121	-114	17	234	78	215	1071	215	72908062	
-16314	-1493	3133	29	-95	-106	18	234	78	216	1076	216	72908092	
-16347	-1509	3073	65	-68	-105	15	231	75	217	1081	217	72908099	
-16419	-1525	3106	110	-29	-112	14	230	74	218	1086	218	72908099	
-16313	-1528	3150	142	-9	-117	12	231	73	219	1091	219	72908099	
-16288	-1585	3115	174	16	-119	11	231	73	220	1096	220	72908099	
-16295	-1620	3039	181	40	-126	16	234	79	221	1101	221	72908100	
-16308	-1667	3037	176	70	-127	17	235	81	222	1106	222	72908100	
-16326	-1755	2997	161	84	-131	16	231	77	223	1111	223	72908114	
-16274	-1775	3017	129	87	-132	16	230	76	224	1116	224	72908133	
-16263	-1795	3021	95	97	-134	18	232	74	225	1121	225	72908140	
-16286	-1843	3033	54	116	-132	19	233	73	226	1126	226	72908140	
-16214	-1855	3026	19	126	-128	15	232	74	227	1131	227	72908140	
-16204	-1862	2993	-13	115	-118	13	231	75	228	1136	228	72908140	
-16223	-1869	3017	-30	99	-110	15	233	80	229	1141	229	72908140	
-16194	-1872	2984	-48	88	-103	16	234	82	230	1146	230	72908140	
-16200	-1846	2926	-83	71	-83	17	233	84	231	1151	231	72908152	
-16187	-1776	2974	-118	54	-65	18	232	86	232	1156	232	72908165	
-16182	-1776	3047	-161	23	-53	19	233	79	233	1161	233	72908169	
-16199	-1743	3084	-199	-7	-46	20	234	74	234	1166	234	72908169	
-16199	-1672	3101	-234	-33	-50	18	234	76	235	1171	235	72908169	
-16191	-1619	3120	-274	-59	-59	15	233	79	236	1176	236	72908169	
-16246	-1585	3160	-280	-70	-67	16	234	81	237	1181	237	72908169	
-16249	-1569	3164	-256	-66	-73	17	235	83	238	1186	238	72908178	
-16242	-1575	3173	-220	-46	-73	17	235	80	239	1191	239	72908194	
-16264	-1586	3141	-178	-21	-78	18	234	76	240	1196	240	72908207	
-16264	-1551	3047	-135	-4	-84	16	232	75	241	1201	241	72908207	
-16272	-1568	3056	-105	-1	-92	14	230	74	242	1206	242	72908207	
-16277	-1601	3002	-89	-5	-88	13	234	77	243	1211	243	72908207	
-16348	-1577	2878	-83	-7	-74	11	241	83	244	1216	244	72908209	
-16328	-1581	2952	-98	-11	-73	13	239	80	245	1221	245	72908227	
-16400	-1588	2928	-126	-15	-75	15	237	75	246	1226	246	72908244	
-16404	-1592	2910	-162	-13	-66	15	236	76	247	1231	247	72908245	
-16343	-1599	2899	-196	-11	-60	14	234	78	248	1236	248	72908245	
-16257	-1636	2890	-225	-8	-55	13	233	78	249	1241	249	72908245	
-16268	-1657	2890	-252	7	-45	10	230	78	250	1246	250	72908246	
-16328	-1678	2916	-272	2	-34	11	232	78	251	1251	251	72908246	
-16313	-1697	2919	-292	-2	-32	16	238	80	252	1256	252	72908250	
-16287	-1653	2986	-296	-7	-33	16	236	79	253	1261	253	72908268	
-16279	-1690	2981	-299	-16	-34	16	232	78	254	1266	254	72908282	
-16270	-1710	2892	-287	-42	-34	16	232	79	255	1271	255	72908282	
-16242	-1717	2820	-274	-53	-29	15	231	83	256	1276	256	72908282	
-16333	-1789	2840	-238	-50	-35	15	231	82	257	1281	257	72908283	
-16251	-1695	2791	-209	-54	-42	13	229	77	258	1286	258	72908283	
-16224	-1762	2734	-178	-47	-47	13	229	77	259	1291	259	72908283	
-16188	-1690	2770	-165	-48	-44	17	233	81	260	1296	260	72908291	
-16302	-1710	2722	-172	-71	-52	17	233	81	261	1301	261	72908319	
-16263	-1648	2742	-222	-92	-53	18	226	80	262	1306	262	72908319	
-16208	-1676	2760	-264	-95	-54	18	226	80	263	1311	263	72908319	
-16274	-1660	2726	-322	-96	-36	14	238	78	264	1316	264	72908319	
-16232	-1542	2756	-387	-86	-38	14	238	78	265	1321	265	72908319	
-16362	-1554	2858	-423	-98	-39	16	238	76	266	1326	266	72908320	
-16382	-1600	2832	-425	-91	-41	16	238	76	267	1331	267	72908320	
-16359	-1567	2955	-391	-54	-29	18	235	79	268	1336	268	72908353	
-16356	-1558	2900	-330	-22	-21	18	234	80	269	1341	269	72908373	
-16300	-1566	2884	-224	21	-27	15	235	81	270	1346	270	72908377	
-16406	-1662	2826	-151	43	-10	15	235	81	271	1351	271	72908377	
-16348	-1680	2840	-118	49	-15	17	235	81	272	1356	272	72908377	
-16216	-1633	2822	-99	47	-17	17	235	81	273	1361	273	72908377	
-16302	-1718	2748	-96	33	-7	14	232	79	274	1366	274	72908377	
-16285	-1715	2826	-115	15	-6	13	231	79	275	1371	275	72908377	
-16295	-1681	2845	-170	1	2	21	228	81	276	1376	276	72908409	
-16270	-1701	2908	-227	1	5	23	227	81	277	1381	277	72908417	
-16318	-1658	2898	-280	12	9	21	231	77	278	1386	278	72908417	
-16273	-1700	2974	-307	29	8	20	232	76	279	1391	279	72908417	
-16362	-1717	2916	-297	48	-3	16	230	82	280	1396	280	72908417	
-16366	-1720	2878	-271	77	-2	15	229	83	281	1401	281	72908417	
-16299	-1771	2944	-231	98	-11	21	231	79	282	1406	282	72908442	
-16185	-1755	2882	-186	115	-21	22	232	78	283	1411	283	72908469	
-16153	-1753	2831	-153	115	-24	18	230	78	284	1416	284	72908480	
-16267	-1775	2834	-148	92	-29	16	228	78	285	1421	285	72908480	
-16264	-1783	2878	-175	61	-25	13	228	77	286	1426	286	72908481	
-16198	-1736	2872	-208	10	-22	12	228	76	287	1431	287	72908481	
-16184	-1716	2844	-229	-26	-20	14	229	79	288	1436	288	72908481	
-16192	-1737	2743	-261	-49	-23	15	229	81	289	1441	289	72908481	
-16178	-1726	2790	-321	-44	-25	18	232	79	290	1446	290	72908494	
-16223	-1710	2897	-390	-30	-20	20	234	78	291	1451	291	72908511	
-16257	-1694	2954	-425	-23	-17	19	237	79	292	1456	292	72908518	
-16262	-1664	2958	-443	-19	-10	17	239	79	293	1461	293	72908518	
-16316	-1643	2927	-480	-20	1	19	237	80	294	1466	294	72908518	
-16365	-1604	2954	-511	-13	2	20	234	80	295	1471	295	72908518	
-16308	-1586	2987	-502	-5	6	19	232	78	296	1476	296	72908518	
-16245	-1557	2979	-486	-8	5	18	230	76	297	1481	297	72908518	
-16233	-1512	2947	-472	-17	0	16	231	78	298	1486	298	72908518	
-16241	-1477	2939	-440	-32	-3	12	232	82	299	1491	299	72908518	
-16254	-1470	2943	-394	-59	-3	14	234	79	300	1496	300	72908518	
-16310	-1488	2937	-348	-81	6	18	236	74	301	1501	301	72908518	
-16333	-1443	2926	-290	-69	9	20	235	75	302	1506	302	72908518	
-16338	-1407	2910	-200	-34	8	23	233	77	303	1511	303	72908522	
-16376	-1471	2910	-93	16	11	20	232	78	304	1516	304	72908529	
-16364	-1547	2916	-16	66	9	15	231	79	305	1521	305	72908529	
-16290	-1549	2924	24	108	-2	17	231	79	306	1526	306	72908533	
-16190	-1550	2914	34	138	-12	20	232	78	307	1531	307	72908549	
-16213	-1590	2891	35	147	-17	19	231	78	308	1536	308	72908570	
-16233	-1625	2861	42	136	-23	17	227	77	309	1541	309	72908571	
-16272	-1702	2785	55	125	-29	17	228	76	310	1546	310	72908571	
-16305	-1733	2771	59	123	-41	17	233	71	311	1551	311	72908571	
-16257	-1727	2729	37	120	-45	16	233	73	312	1556	312	72908571	
-16203	-1730	2739	-9	117	-52	14	234	78	313	1561	313	72908571	
-16200	-1737	2714	-79	77	-52	15	234	78	314	1566	314	72908578	
-16186	-1661	2750	-159	32	-41	17	235	77	315	1571	315	72908614	
-16223	-1657	2704	-230	-11	-37	17	235	78	316	1576	316	72908637	
-16240	-1650	2722	-251	-33	-26	18	236	80	317	1581	317	72908637	
-16224	-1618	2702	-231	-56	-22	18	236	80	318	1586	318	72908637	
-16274	-1616	2800	-227	-73	-39	19	235	81	319	1591	319	72908637	
-16242	-1630	2950	-266	-55	-39	18	234	80	320	1596	320	72908637	
-16258	-1559	3023	-293	-22	-44	13	231	77	321	1601	321	72908637	
-16268	-1496	2988	-277	-4	-49	13	231	77	322	1606	322	72908637	
-16244	-1480	3084	-196	26	-58	18	234	80	323	1611	323	72908645	
-16142	-1518	3032	-60	78	-77	18	234	80	324	1616	324	72908662	
-16256	-1486	3052	97	87	-82	18	232	78	325	1621	325	72908675	
-16244	-1462	2926	213	71	-95	18	232	78	326	1626	326	72908675	
-16269	-1504	2898	274	65	-95	20	235	76	327	1631	327	72908675	
-16176	-1518	2832	317	49	-100	20	236	76	328	1636	328	72908676	
-16286	-1510	2866	346	25	-90	14	238	80	329	1641	329	72908676	
-16318	-1524	2786	338	7	-89	14	238	80	330	1646	330	72908676	
-16222	-1552	2724	312	-4	-87	21	229	73	331	1651	331	72908677	
-16297	-1634	2754	275	-15	-79	21	229	73	332	1656	332	72908677	
-16250	-1637	2803	244	-25	-71	18	232	73	333	1661	333	72908678	
-16250	-1624	2760	224	-28	-65	17	233	73	334	1666	334	72908678	
-16307	-1673	2757	191	-7	-61	17	230	79	335	1671	335	72908705	
-16412	-1760	2718	176	2	-55	17	229	81	336	1676	336	72908712	
-16294	-1728	2720	164	5	-58	16	235	80	337	1681	337	72908712	
-16352	-1743	2782	155	-1	-64	16	236	80	338	1686	338	72908712	
-16346	-1753	2777	168	-11	-67	22	232	79	339	1691	339	72908712	
-16375	-1799	2762	184	-31	-74	23	231	79	340	1696	340	72908713	
-16338	-1716	2738	199	-27	-87	17	232	77	341	1701	341	72908713	
-16294	-1688	2743	191	-31	-84	16	232	76	342	1706	342	72908713	
-16238	-1666	2795	171	-25	-81	18	236	75	343	1711	343	72908713	
-16229	-1626	2839	158	-15	-83	19	239	75	344	1716	344	72908713	
-16225	-1656	2886	170	-12	-77	18	233	80	345	1721	345	72908713	
-16188	-1625	2879	190	-19	-75	17	231	81	346	1726	346	72908718	
-16177	-1615	2869	203	-20	-80	16	235	80	347	1731	347	72908737	
-16233	-1604	2855	210	-28	-80	15	237	79	348	1736	348	72908750	
-16316	-1610	2823	208	-39	-85	13	235	77	349	1741	349	72908750	
-16320	-1540	2806	191	-43	-91	12	234	76	350	1746	350	72908751	
-16326	-1517	2814	174	-34	-93	14	234	77	351	1751	351	72908751	
-16332	-1552	2836	163	-28	-95	16	234	78	352	1756	352	72908751	
-16285	-1581	2899	164	-29	-92	15	236	79	353	1761	353	72908754	
-16324	-1568	2908	201	-15	-89	14	238	80	354	1766	354	72908774	
-16417	-1544	2940	251	0	-86	12	237	78	355	1771	355	72908785	
-16381	-1575	2944	295	16	-80	10	236	76	356	1776	356	72908786	
-16323	-1608	2909	331	40	-80	12	237	81	357	1781	357	72908786	
-16309	-1588	2858	358	55	-83	14	238	88	358	1786	358	72908786	
-16212	-1580	2798	373	51	-77	14	234	83	359	1791	359	72908786	
-16193	-1662	2822	372	51	-80	15	227	75	360	1796	360	72908786	
-16284	-1733	2798	364	27	-81	15	230	77	361	1801	361	72908801	
-16290	-1732	2756	344	-15	-76	15	235	81	362	1806	362	72908826	
-16279	-1720	2741	312	-44	-82	17	233	79	363	1811	363	72908831	
-16321	-1757	2723	280	-65	-88	19	229	75	364	1816	364	72908832	
-16303	-1741	2726	242	-78	-88	20	229	76	365	1821	365	72908832	
-16288	-1728	2741	209	-65	-84	22	230	78	366	1826	366	72908832	
-16252	-1677	2760	176	-66	-81	22	232	78	367	1831	367	72908833	
-16307	-1673	2739	141	-63	-79	20	238	78	368	1836	368	72908833	
-16300	-1629	2742	121	-49	-69	19	238	77	369	1841	369	72908840	
-16349	-1599	2797	124	-40	-59	17	237	75	370	1846	370	72908859	
-16276	-1594	2779	149	-35	-54	16	237	76	371	1851	371	72908859	
-16298	-1593	2774	181	-32	-51	14	236	80	372	1856	372	72908860	
-16320	-1539	2773	213	-45	-49	14	235	80	373	1861	373	72908860	
-16311	-1518	2780	238	-54	-53	14	232	82	374	1866	374	72908860	
-16337	-1564	2785	268	-60	-51	14	232	81	375	1871	375	72908860	
-16320	-1524	2740	303	-39	-68	16	232	74	376	1876	376	72908860	
-16286	-1548	2822	376	-13	-70	16	232	74	377	1881	377	72908895	
-16381	-1579	2729	442	0	-90	15	237	75	378	1886	378	72908895	
-16280	-1541	2741	481	21	-98	15	237	75	379	1891	379	72908895	
-16262	-1598	2731	483	34	-92	16	236	76	380	1896	380	72908895	
-16322	-1628	2706	474	31	-90	16	236	76	381	1901	381	72908896	
-16336	-1632	2696	430	4	-97	13	235	75	382	1906	382	72908896	
-16282	-1616	2682	352	-30	-93	13	235	75	383	1911	383	72908896	
-16366	-1644	2738	261	-55	-88	16	228	74	384	1916	384	72908912	
-16318	-1616	2710	193	-74	-76	16	228	74	385	1921	385	72908933	
-16322	-1686	2754	136	-83	-66	18	234	78	386	1926	386	72908933	
-16310	-1646	2772	94	-81	-76	18	234	78	387	1931	387	72908934	
-16338	-1720	2794	52	-79	-80	14	236	74	388	1936	388	72908934	
-16332	-1678	2856	12	-67	-60	14	236	74	389	1941	389	72908934	
-16350	-1656	2774	9	-65	-59	16	236	72	390	1946	390	72908935	
-16338	-1608	2826	62	-57	-72	16	236	72	391	1951	391	72908950	
-16366	-1614	2807	127	-45	-72	15	234	79	392	1956	392	72908967	
-16320	-1552	2843	159	-29	-80	15	233	81	393	1961	393	72908970	
-16301	-1576	2904	168	-6	-77	11	231	83	394	1966	394	72908971	
-16316	-1599	2911	185	19	-76	10	230	84	395	1971	395	72908971	
-16267	-1597	2921	191	30	-73	11	236	78	396	1976	396	72908971	
-16321	-1631	2922	179	37	-72	11	237	77	397	1981	397	72908971	
-16268	-1627	2903	198	32	-62	17	233	78	398	1986	398	72908977	
-16208	-1579	2914	228	29	-49	18	232	78	399	1991	399	72909003	
-16230	-1587	2906	248	13	-43	15	232	81	400	1996	400	72909010	
-16222	-1601	2944	269	-11	-44	14	232	82	401	2001	401	72909010	
-16205	-1592	2938	265	-46	-33	12	231	77	402	2006	402	72909011	
-16209	-1655	2919	239	-82	-35	11	231	73	403	2011	403	72909011	
-16167	-1635	2939	231	-111	-36	9	229	75	404	2016	404	72909012	
-16251	-1628	2952	227	-110	-30	9	229	75	405	2021	405	72909012	
-16250	-1665	3009	220	-110	-26	16	229	76	406	2026	406	72909032	
-16201	-1725	3074	210	-123	-31	21	229	77	407	2031	407	72909045	
-16202	-1724	3021	216	-136	-37	17	230	77	408	2036	408	72909045	
-16211	-1680	2949	262	-142	-31	15	231	77	409	2041	409	72909046	
-16225	-1712	2907	298	-152	-31	16	229	78	410	2046	410	72909046	
-16236	-1801	2891	264	-146	-36	16	226	78	411	2051	411	72909046	
-16241	-1816	2944	114	-126	-38	17	227	78	412	2056	412	72909046	
-16227	-1832	3019	-78	-141	-41	18	228	78	413	2061	413	72909051	
-16264	-1846	3090	-234	-156	-40	18	232	76	414	2066	414	72909075	
-16267	-1821	3074	-298	-156	-30	18	234	74	415	2071	415	72909089	
-16227	-1802	2994	-267	-145	-22	17	235	75	416	2076	416	72909089	
-16215	-1767	2874	-138	-125	-24	15	237	77	417	2081	417	72909090	
-16235	-1716	2740	17	-127	-32	15	235	76	418	2086	418	72909091	
-16262	-1738	2651	159	-149	-44	15	233	75	419	2091	419	72909091	
-16294	-1774	2665	258	-167	-55	17	232	76	420	2096	420	72909092	
-16326	-1788	2769	273	-177	-63	21	231	77	421	2101	421	72909103	
-16293	-1738	2877	215	-157	-72	20	234	77	422	2106	422	72909119	
-16294	-1657	2999	158	-108	-76	19	239	77	423	2111	423	72909119	
-16303	-1620	3025	160	-46	-72	17	237	79	424	2116	424	72909119	
-16306	-1595	3014	214	4	-75	14	234	82	425	2121	425	72909119	
-16380	-1634	3011	275	21	-73	16	233	81	426	2126	426	72909119	
-16289	-1540	3031	241	14	-68	22	228	76	427	2131	427	72909119	
-16250	-1557	3059	181	-1	-57	21	232	74	428	2136	428	72909124	
-16290	-1600	3055	157	-17	-55	20	238	72	429	2141	429	72909139	
-16249	-1606	3008	140	-41	-52	19	237	74	430	2146	430	72909158	
-16294	-1646	2948	105	-63	-30	13	235	81	431	2151	431	72909159	
-16306	-1698	2892	-6	-86	-9	13	234	80	432	2156	432	72909159	
-16332	-1681	2863	-143	-98	2	14	232	74	433	2161	433	72909160	
-16241	-1655	2877	-225	-108	18	14	231	75	434	2166	434	72909160	
-16224	-1672	2850	-238	-111	33	16	226	78	435	2171	435	72909161	
-16246	-1684	2788	-202	-104	33	16	226	78	436	2176	436	72909161	
-16267	-1710	2754	-142	-115	43	17	233	81	437	2181	437	72909187	
-16343	-1745	2721	-116	-126	35	17	233	81	438	2186	438	72909194	
-16376	-1783	2786	-129	-142	25	15	235	79	439	2191	439	72909194	
-16354	-1800	2766	-129	-144	19	15	235	79	440	2196	440	72909194	
-16208	-1790	2926	-152	-125	29	15	233	75	441	2201	441	72909194	
-16210	-1816	2840	-183	-90	29	15	233	75	442	2206	442	72909194	
-16236	-1732	2960	-179	-101	32	18	238	76	443	2211	443	72909194	
-16248	-1729	2943	-172	-129	30	18	238	76	444	2216	444	72909202	
-16342	-1822	2854	-180	-144	28	13	227	75	445	2221	445	72909232	
-16362	-1758	2744	-213	-158	32	13	227	75	446	2226	446	72909232	
-16392	-1694	2818	-207	-164	33	13	237	79	447	2231	447	72909232	
-16302	-1644	2714	-200	-161	21	13	237	79	448	2236	448	72909232	
-16360	-1574	2656	-181	-147	23	16	235	78	449	2241	449	72909232	
-16377	-1565	2670	-159	-132	29	16	234	78	450	2246	450	72909232	
-16381	-1536	2703	-137	-114	30	19	237	83	451	2251	451	72909239	
-16302	-1437	2684	-117	-97	31	20	238	84	452	2256	452	72909263	
-16300	-1408	2810	-82	-65	47	16	236	78	453	2261	453	72909269	
-16357	-1486	2802	-58	-53	40	16	236	78	454	2266	454	72909269	
-16330	-1422	2806	0	-53	36	16	230	78	455	2271	455	72909269	
-16350	-1485	2888	36	-55	41	16	228	78	456	2276	456	72909270	
-16350	-1460	2913	43	-45	44	18	233	76	457	2281	457	72909270	
-16332	-1482	2885	33	-29	40	18	234	76	458	2286	458	72909270	
-16231	-1539	2901	18	-7	40	16	237	77	459	2291	459	72909294	
-16244	-1589	2845	16	-4	39	15	239	77	460	2296	460	72909307	
-16276	-1654	2803	25	-34	36	12	232	73	461	2301	461	72909307	
-16162	-1675	2762	3	-83	31	11	229	71	462	2306	462	72909307	
-16228	-1759	2746	-52	-111	24	16	229	74	463	2311	463	72909307	
-16271	-1740	2767	-108	-141	23	17	229	75	464	2316	464	72909307	
-16267	-1702	2800	-167	-170	24	16	230	77	465	2321	465	72909307	
-16240	-1660	2854	-200	-199	15	15	231	79	466	2326	466	72909312	
-16277	-1621	2886	-199	-236	7	17	230	80	467	2331	467	72909346	
-16274	-1560	2888	-157	-253	4	18	230	80	468	2336	468	72909367	
-16281	-1546	2891	-101	-254	-2	17	231	80	469	2341	469	72909368	
-16368	-1540	2862	-47	-246	-4	16	232	80	470	2346	470	72909368	
-16400	-1538	2883	-9	-232	-5	17	228	81	471	2351	471	72909368	
-16369	-1558	2899	6	-189	-4	17	225	81	472	2356	472	72909368	
-16336	-1561	2865	2	-144	-5	17	230	79	473	2361	473	72909368	
-16316	-1556	2868	-18	-100	-10	16	234	76	474	2366	474	72909378	
-16311	-1571	2934	-41	-55	-9	18	234	77	475	2371	475	72909393	
-16310	-1579	2960	-47	-39	-5	20	234	78	476	2376	476	72909393	
-16312	-1538	2882	-35	-48	0	19	233	77	477	2381	477	72909393	
-16260	-1521	2814	-19	-72	12	18	232	76	478	2386	478	72909393	
-16224	-1568	2828	-9	-122	6	18	232	76	479	2391	479	72909393	
-16318	-1618	2818	-85	-180	-7	19	231	75	480	2396	480	72909393	
-16362	-1655	2913	-334	-201	-4	17	233	77	481	2401	481	72909397	
-16302	-1565	3035	-605	-177	13	13	237	81	482	2406	482	72909421	
-16208	-1476	3067	-650	-153	24	14	236	79	483	2411	483	72909448	
-16242	-1495	3006	-496	-187	18	15	235	75	484	2416	484	72909448	
-16272	-1507	2832	-281	-270	13	15	236	76	485	2421	485	72909448	
-16293	-1486	2810	-187	-351	14	17	239	81	486	2426	486	72909448	
-16362	-1476	2804	-242	-380	14	18	238	80	487	2431	487	72909448	
-16419	-1523	2945	-313	-361	13	19	237	79	488	2436	488	72909448	
-16352	-1480	3055	-346	-326	13	18	236	78	489	2441	489	72909448	
-16346	-1504	3135	-345	-253	18	15	233	75	490	2446	490	72909450	
-16356	-1542	3039	-300	-172	14	15	233	75	491	2451	491	72909463	
-16330	-1564	3073	-218	-119	9	16	234	76	492	2456	492	72909486	
-16324	-1550	3002	-147	-92	1	16	233	76	493	2461	493	72909486	
-16202	-1572	2980	-105	-87	-1	18	226	76	494	2466	494	72909486	
-16259	-1574	2910	-29	-76	-10	17	228	76	495	2471	495	72909486	
-16321	-1580	2776	-31	-93	-24	15	237	77	496	2476	496	72909486	
-16233	-1602	2826	-96	-105	-28	16	236	78	497	2481	497	72909486	
-16366	-1632	2828	-148	-132	-39	20	230	82	498	2486	498	72909486	
-16278	-1566	2724	-225	-169	-44	20	230	82	499	2491	499	72909486	
-16272	-1510	2770	-319	-196	-30	13	229	81	500	2496	500	72909486	
-16346	-1552	2836	-391	-210	-38	13	229	81	501	2501	501	72909486	
-16326	-1608	2686	-429	-214	-29	20	236	80	502	2506	502	72909550	
-16380	-1562	2716	-448	-217	-27	20	236	80	503	2511	503	72909551	
