-16594	84	-2508	-337	-411	109	-112	196	-2	3121	15345	3121	84568762
-16576	22	-2418	-346	-403	120	-115	195	7	3122	15350	3122	84568762
-16612	128	-2470	-373	-403	99	-115	195	7	3123	15355	3123	84568762
-16560	158	-2334	-398	-400	108	-110	196	4	3124	15360	3124	84568762
-16606	196	-2318	-418	-383	111	-110	196	4	3125	15364	3125	84568786
-16576	204	-2308	-438	-345	109	-114	194	6	3126	15369	3126	84568786
-16512	210	-2364	-458	-329	99	-114	194	6	3127	15374	3127	84568786
-16534	110	-2354	-440	-331	87	-107	193	3	3128	15379	3128	84568786
-16498	64	-2414	-427	-323	84	-107	193	3	3129	15384	3129	84568786
-16488	96	-2352	-447	-323	87	-114	194	6	3130	15389	3130	84568787
-16502	136	-2344	-440	-331	81	-114	194	6	3131	15394	3131	84568787
-16492	246	-2424	-411	-320	83	-114	194	-2	3132	15399	3132	84568794
-16494	154	-2290	-376	-310	86	-114	194	-2	3133	15403	3133	84568823
-16420	136	-2378	-377	-325	77	-111	193	9	3134	15408	3134	84568824
-16478	168	-2348	-359	-322	91	-111	193	9	3135	15413	3135	84568824
-16510	146	-2284	-322	-307	95	-108	190	4	3136	15418	3136	84568824
-16464	162	-2344	-309	-332	76	-108	190	4	3137	15423	3137	84568825
-16544	228	-2412	-314	-346	75	-113	195	1	3138	15429	3138	84568825
-16590	180	-2352	-318	-317	86	-113	195	1	3139	15434	3139	84568825
-16500	310	-2346	-291	-305	51	-116	192	2	3140	15439	3140	84568832
-16564	362	-2322	-301	-318	37	-116	192	2	3141	15444	3141	84568860
-16548	378	-2324	-298	-299	46	-116	200	6	3142	15448	3142	84568860
-16512	334	-2404	-305	-270	19	-116	200	6	3143	15453	3143	84568861
-16564	346	-2510	-310	-272	-13	-117	195	7	3144	15458	3144	84568861
-16664	346	-2348	-292	-245	-18	-117	195	7	3145	15463	3145	84568861
-16682	278	-2234	-282	-204	-42	-117	193	5	3146	15468	3146	84568861
-16624	362	-2234	-276	-181	-78	-117	193	5	3147	15473	3147	84568862
-16656	398	-2296	-323	-139	-70	-114	188	4	3148	15478	3148	84568897
-16692	356	-2240	-313	-117	-77	-114	188	4	3149	15483	3149	84568897
-16606	220	-2266	-298	-66	-103	-113	193	5	3150	15487	3150	84568897
-16582	258	-2236	-311	-40	-127	-113	193	5	3151	15492	3151	84568898
-16554	274	-2176	-313	-13	-135	-113	195	1	3152	15497	3152	84568898
-16574	340	-2228	-294	14	-128	-113	195	1	3153	15502	3153	84568898
-16518	272	-2260	-280	40	-142	-118	194	4	3154	15507	3154	84568898
-16488	242	-2348	-275	80	-161	-118	194	4	3155	15512	3155	84568908
-16508	252	-2300	-262	84	-164	-114	194	4	3156	15517	3156	84568938
-16574	298	-2324	-237	98	-168	-114	194	4	3157	15522	3157	84568938
-16500	206	-2278	-220	116	-178	-114	192	8	3158	15527	3158	84568938
-16524	200	-2370	-187	137	-187	-114	192	8	3159	15531	3159	84568938
-16450	280	-2412	-163	134	-179	-116	196	8	3160	15536	3160	84568939
-16540	246	-2396	-141	127	-191	-116	196	8	3161	15541	3161	84568939
-16634	254	-2400	-131	120	-197	-115	195	7	3162	15546	3162	84568939
-16496	328	-2302	-117	104	-197	-115	195	7	3163	15551	3163	84568957
-16502	278	-2392	-103	102	-193	-117	191	-1	3164	15556	3164	84568975
-16514	198	-2398	-91	99	-177	-117	191	-1	3165	15561	3165	84568975
-16506	138	-2364	-91	107	-178	-110	188	-2	3166	15566	3166	84568975
-16522	112	-2410	-81	70	-185	-110	188	-2	3167	15570	3167	84568975
-16504	248	-2400	-95	67	-163	-110	190	6	3168	15576	3168	84568975
-16620	302	-2366	-110	72	-150	-110	190	6	3169	15581	3169	84568975
-16482	270	-2324	-114	89	-167	-109	193	1	3170	15586	3170	84568976
-16458	300	-2362	-105	69	-203	-109	193	1	3171	15591	3171	84568984
-16618	316	-2294	-106	49	-190	-117	189	5	3172	15596	3172	84569013
-16612	292	-2432	-73	71	-183	-117	189	5	3173	15601	3173	84569013
-16506	308	-2314	-89	97	-223	-114	192	0	3174	15606	3174	84569013
-16448	276	-2324	-117	115	-246	-114	192	0	3175	15611	3175	84569013
-16524	354	-2326	-125	102	-254	-112	190	6	3176	15615	3176	84569014
-16600	314	-2262	-138	104	-245	-112	190	6	3177	15620	3177	84569014
-16532	344	-2316	-167	125	-252	-113	193	-1	3178	15625	3178	84569014
-16490	284	-2440	-202	147	-293	-113	193	-1	3179	15630	3179	84569050
-16504	186	-2398	-220	151	-313	-111	191	3	3180	15635	3180	84569050
-16556	244	-2364	-241	155	-301	-111	191	3	3181	15640	3181	84569050
-16582	330	-2302	-259	168	-308	-116	192	0	3182	15645	3182	84569050
-16560	304	-2392	-283	196	-326	-116	192	0	3183	15650	3183	84569050
-16508	300	-2384	-310	198	-330	-114	192	4	3184	15654	3184	84569050
-16458	264	-2288	-325	190	-338	-114	192	4	3185	15659	3185	84569050
-16488	228	-2366	-313	190	-340	-117	193	5	3186	15664	3186	84569059
-16476	212	-2372	-303	183	-342	-117	193	5	3187	15669	3187	84569095
-16510	224	-2404	-310	173	-342	-114	192	8	3188	15674	3188	84569097
-16478	226	-2452	-317	166	-343	-114	192	8	3189	15679	3189	84569097
-16500	174	-2422	-310	168	-338	-110	190	2	3190	15684	3190	84569097
-16488	154	-2412	-318	162	-330	-110	190	2	3191	15689	3191	84569097
-16552	144	-2418	-311	179	-326	-118	190	-2	3192	15694	3192	84569103
-16572	208	-2336	-308	179	-316	-118	190	-2	3193	15698	3193	84569103
-16494	214	-2396	-314	183	-314	-119	195	5	3194	15703	3194	84569103
-16538	176	-2384	-314	188	-304	-119	195	5	3195	15708	3195	84569125
-16540	212	-2404	-315	184	-287	-115	195	9	3196	15713	3196	84569125
-16518	132	-2386	-308	182	-273	-115	195	9	3197	15719	3197	84569125
-16628	182	-2496	-294	184	-264	-113	195	1	3198	15724	3198	84569125
-16546	314	-2498	-301	186	-256	-113	195	1	3199	15729	3199	84569125
-16566	334	-2432	-312	176	-233	-114	196	2	3200	15734	3200	84569125
-16540	336	-2372	-299	166	-251	-114	196	2	3201	15738	3201	84569125
-16474	312	-2316	-282	176	-259	-114	196	4	3202	15743	3202	84569163
-16530	304	-2446	-272	163	-267	-114	196	4	3203	15748	3203	84569163
-16500	316	-2456	-274	152	-275	-114	196	6	3204	15753	3204	84569163
-16434	224	-2410	-271	150	-285	-114	196	6	3205	15758	3205	84569163
-16446	238	-2440	-275	131	-305	-114	190	2	3206	15763	3206	84569163
-16516	270	-2446	-328	105	-317	-114	190	2	3207	15768	3207	84569163
-16402	354	-2538	-372	79	-334	-112	192	-2	3208	15773	3208	84569163
-16586	390	-2572	-402	66	-358	-112	192	-2	3209	15778	3209	84569163
-16508	472	-2410	-428	54	-387	-117	193	-1	3210	15782	3210	84569189
-16580	394	-2364	-466	42	-402	-117	193	-1	3211	15787	3211	84569200
-16486	284	-2410	-510	50	-417	-115	199	1	3212	15792	3212	84569200
-16536	276	-2424	-579	37	-449	-115	199	1	3213	15797	3213	84569201
-16632	272	-2582	-641	59	-447	-113	193	-5	3214	15802	3214	84569201
-16638	248	-2572	-703	60	-434	-113	193	-5	3215	15807	3215	84569201
-16728	196	-2452	-743	99	-461	-112	194	0	3216	15812	3216	84569201
-16708	88	-2440	-763	123	-434	-112	194	0	3217	15817	3217	84569247
-16606	58	-2614	-748	102	-404	-115	191	1	3218	15821	3218	84569282
-16488	-28	-2560	-735	95	-372	-115	191	1	3219	15826	3219	84569282
-16330	0	-2584	-713	40	-321	-111	197	7	3220	15831	3220	84569283
-16284	238	-2402	-684	-37	-293	-111	197	7	3221	15836	3221	84569283
-16392	440	-2368	-638	-76	-238	-114	196	6	3222	15841	3222	84569283
-16382	458	-2298	-567	-72	-242	-114	196	6	3223	15846	3223	84569284
-16350	454	-2428	-524	-92	-323	-111	199	3	3224	15851	3224	84569284
-16410	678	-2518	-539	-110	-399	-111	199	3	3225	15856	3225	84569317
-16780	936	-2586	-524	-120	-394	-113	193	7	3226	15861	3226	84569317
-16920	818	-2436	-469	-64	-433	-113	193	7	3227	15866	3227	84569318
-16968	522	-2416	-479	3	-498	-116	192	2	3228	15871	3228	84569318
-16874	316	-2454	-508	86	-551	-116	192	2	3229	15876	3229	84569318
-16810	-2	-2484	-521	167	-570	-112	194	-2	3230	15881	3230	84569318
-16638	-130	-2580	-561	231	-548	-112	194	-2	3231	15886	3231	84569318
-16614	-50	-2452	-631	269	-497	-111	191	5	3232	15891	3232	84569318
-16612	66	-2334	-662	318	-435	-111	191	5	3233	15896	3233	84569318
-16500	114	-2376	-643	377	-370	-112	192	6	3234	15901	3234	84569318
-16528	126	-2382	-586	398	-359	-112	192	6	3235	15905	3235	84569318
-16556	134	-2368	-499	399	-347	-116	198	-2	3236	15910	3236	84569318
-16684	192	-2304	-382	432	-317	-116	198	-2	3237	15915	3237	84569318
-16668	386	-2282	-263	498	-290	-114	194	2	3238	15920	3238	84569327
-16658	458	-2226	-110	558	-297	-114	194	2	3239	15925	3239	84569327
-16648	580	-2322	32	616	-333	-117	195	5	3240	15930	3240	84569328
-16604	650	-2372	157	674	-378	-117	195	5	3241	15935	3241	84569354
-16728	728	-2318	293	722	-406	-107	195	5	3242	15940	3242	84569360
-16692	606	-2188	427	795	-428	-107	195	5	3243	15944	3243	84569360
-16738	518	-2282	574	876	-458	-119	189	5	3244	15949	3244	84569360
-16686	384	-2316	701	952	-501	-119	189	5	3245	15954	3245	84569361
-16620	334	-2336	795	1047	-529	-117	195	7	3246	15959	3246	84569361
-16586	242	-2452	857	1131	-550	-117	195	7	3247	15964	3247	84569361
-16542	176	-2424	874	1155	-563	-113	195	3	3248	15969	3248	84569362
-16540	260	-2402	850	1198	-564	-113	195	3	3249	15974	3249	84569375
-16544	140	-2392	833	1247	-558	-119	189	1	3250	15979	3250	84569393
-16544	150	-2466	808	1287	-558	-119	189	1	3251	15984	3251	84569393
-16578	102	-2624	786	1316	-562	-115	197	-1	3252	15988	3252	84569393
-16548	134	-2802	769	1333	-577	-115	197	-1	3253	15993	3253	84569393
-16560	104	-2614	722	1403	-576	-118	196	0	3254	15998	3254	84569393
-16536	106	-2536	702	1428	-576	-118	196	0	3255	16003	3255	84569393
-16552	240	-2582	687	1441	-591	-117	193	-5	3256	16009	3256	84569394
-16594	454	-2654	743	1447	-573	-117	193	-5	3257	16014	3257	84569403
-16514	460	-2642	798	1492	-562	-110	192	-2	3258	16019	3258	84569431
-16606	438	-2614	858	1519	-583	-110	192	-2	3259	16024	3259	84569431
-16466	324	-2616	943	1536	-604	-117	201	1	3260	16028	3260	84569431
-16542	252	-2658	1043	1557	-602	-117	201	1	3261	16033	3261	84569431
-16620	96	-2674	1110	1593	-593	-114	194	2	3262	16038	3262	84569431
-16536	-2	-2628	1132	1635	-577	-114	194	2	3263	16043	3263	84569431
-16376	0	-2668	1135	1641	-597	-114	192	-2	3264	16048	3264	84569431
-16402	24	-2880	1145	1630	-589	-114	192	-2	3265	16053	3265	84569468
-16414	64	-2854	1163	1623	-555	-112	194	0	3266	16058	3266	84569469
-16424	18	-2728	1156	1615	-518	-112	194	0	3267	16063	3267	84569469
-16406	-24	-2758	1140	1592	-525	-113	197	1	3268	16068	3268	84569469
-16382	52	-2910	1119	1602	-510	-113	197	1	3269	16072	3269	84569469
-16412	34	-2938	1121	1605	-484	-109	193	-9	3270	16077	3270	84569470
-16366	22	-3046	1125	1578	-498	-109	193	-9	3271	16082	3271	84569470
-16380	100	-3060	1090	1571	-513	-116	196	-8	3272	16087	3272	84569477
-16370	270	-2956	1047	1558	-509	-116	196	-8	3273	16092	3273	84569506
-16494	276	-3054	1060	1547	-480	-110	194	-12	3274	16097	3274	84569506
-16428	292	-2958	1116	1543	-470	-110	194	-12	3275	16102	3275	84569506
-16372	212	-3060	1169	1510	-473	-114	196	-4	3276	16107	3276	84569506
-16444	188	-3102	1199	1504	-468	-114	196	-4	3277	16111	3277	84569506
-16498	188	-3074	1222	1496	-467	-116	194	-10	3278	16116	3278	84569507
-16478	112	-3096	1221	1484	-457	-116	194	-10	3279	16121	3279	84569507
-16488	54	-3084	1213	1480	-465	-112	196	-2	3280	16126	3280	84569526
-16466	92	-3054	1223	1485	-468	-112	196	-2	3281	16131	3281	84569544
-16458	174	-3044	1238	1482	-438	-110	196	-2	3282	16136	3282	84569544
-16396	-20	-3250	1306	1442	-392	-110	196	-2	3283	16141	3283	84569545
-16428	-24	-3232	1352	1420	-401	-110	198	-8	3284	16146	3284	84569545
-16334	-106	-3120	1360	1430	-372	-110	198	-8	3285	16152	3285	84569545
-16418	-12	-3322	1363	1391	-365	-120	196	-8	3286	16156	3286	84569545
-16364	-58	-3252	1423	1390	-336	-120	196	-8	3287	16161	3287	84569545
-16330	-122	-3238	1454	1390	-347	-114	196	-10	3288	16166	3288	84569584
-16298	-156	-3212	1432	1361	-378	-114	196	-10	3289	16171	3289	84569584
-16344	-26	-3194	1391	1366	-354	-114	196	-8	3290	16176	3290	84569585
-16354	154	-3136	1421	1364	-313	-114	196	-8	3291	16181	3291	84569585
-16372	196	-3134	1488	1383	-291	-113	195	-9	3292	16186	3292	84569585
-16352	38	-3146	1512	1389	-285	-113	195	-9	3293	16191	3293	84569585
-16442	144	-3152	1518	1362	-321	-112	200	-10	3294	16195	3294	84569585
-16488	274	-3188	1576	1387	-318	-112	200	-10	3295	16200	3295	84569585
-16428	230	-3204	1668	1404	-304	-113	195	-15	3296	16205	3296	84569636
-16468	156	-3364	1702	1413	-306	-113	195	-15	3297	16210	3297	84569636
-16536	326	-3328	1737	1457	-303	-112	196	-10	3298	16215	3298	84569636
-16400	52	-3270	1799	1474	-263	-112	196	-10	3299	16220	3299	84569636
-16370	282	-3352	1818	1438	-303	-114	200	-14	3300	16225	3300	84569636
-16338	212	-3354	1860	1445	-281	-114	200	-14	3301	16230	3301	84569636
-16366	194	-3330	1907	1437	-298	-115	197	-9	3302	16235	3302	84569646
-16348	226	-3282	1918	1443	-347	-115	197	-9	3303	16239	3303	84569684
-16306	216	-3292	1894	1450	-365	-112	200	-12	3304	16244	3304	84569684
-16316	80	-3318	1884	1463	-360	-112	200	-12	3305	16249	3305	84569685
-16262	4	-3432	1829	1474	-362	-113	199	-15	3306	16254	3306	84569685
-16208	30	-3406	1793	1456	-376	-113	199	-15	3307	16259	3307	84569686
-16304	-4	-3384	1787	1454	-338	-110	196	-18	3308	16264	3308	84569686
-16192	340	-3572	1787	1430	-297	-110	196	-18	3309	16269	3309	84569687
-16136	-322	-3282	1824	1461	-181	-109	199	-13	3310	16274	3310	84569687
-16108	-504	-3382	1723	1380	-274	-109	199	-13	3311	16278	3311	84569687
-16080	-516	-3488	1504	1319	-331	-116	196	-16	3312	16283	3312	84569688
-16092	-450	-3542	1327	1304	-310	-116	196	-16	3313	16288	3313	84569688
-16178	-600	-3568	1071	1304	-310	-116	196	-16	3313	16288	3314	84569688
-16250	-374	-3716	1174	1323	-253	-113	195	-13	3315	16299	3315	84569711
-16376	-92	-3788	1191	1356	-209	-115	197	-13	3316	16304	3316	84569711
-16766	-4	-3772	1234	1407	-153	-115	197	-13	3317	16309	3317	84569711
-16890	364	-3722	1300	1495	-151	-109	197	-17	3318	16314	3318	84569711
-16940	620	-3764	1498	1589	-66	-109	197	-17	3319	16319	3319	84569711
-17060	1028	-3730	1781	1676	-3	-114	198	-16	3320	16323	3320	84569711
-16992	672	-3658	2183	1758	32	-114	198	-16	3321	16328	3321	84569711
-16874	706	-3674	2469	1789	-40	-117	195	-25	3322	16333	3322	84569748
-16804	578	-3788	2720	1840	-73	-117	195	-25	3323	16338	3323	84569748
-16686	538	-3584	2940	1894	-56	-117	201	-19	3324	16343	3324	84569748
-16468	368	-3586	3146	1966	-43	-117	201	-19	3325	16348	3325	84569749
-16322	344	-3584	3348	1992	-17	-116	198	-20	3326	16353	3326	84569749
-16254	112	-3698	3517	2044	-3	-116	198	-20	3327	16358	3327	84569749
-16186	-82	-3624	3541	2068	63	-115	203	-23	3328	16362	3328	84569749
-16214	46	-3614	3571	2088	166	-115	203	-23	3329	16367	3329	84569749
-16256	-52	-3644	3642	2131	274	-109	199	-25	3330	16372	3330	84569775
-16216	-312	-3656	3636	2166	302	-109	199	-25	3331	16377	3331	84569786
-16198	-108	-3670	3521	2191	237	-118	196	-18	3332	16382	3332	84569786
-16118	42	-3802	3425	2244	221	-118	196	-18	3333	16387	3333	84569786
-16202	14	-3904	3380	2223	265	-114	198	-24	3334	16392	3334	84569786
-16190	-292	-3816	3304	2212	229	-114	198	-24	3335	16397	3335	84569786
-16034	-294	-3786	3119	2251	126	-112	198	-20	3336	16402	3336	84569786
-16116	-54	-4046	2898	2198	42	-112	198	-20	3337	16406	3337	84569796
-16200	270	-3936	2781	2251	73	-115	201	-29	3338	16411	3338	84569828
-16192	168	-3910	2774	2264	195	-115	201	-29	3339	16416	3339	84569829
-16260	-94	-3996	2805	2249	181	-114	204	-26	3340	16421	3340	84569830
-16338	-154	-4154	2735	2279	136	-114	204	-26	3341	16426	3341	84569831
-16176	-90	-4072	2672	2358	70	-115	199	-25	3342	16431	3342	84569831
-16238	-236	-3930	2611	2390	92	-115	199	-25	3343	16437	3343	84569832
-16406	-310	-3998	2527	2374	141	-115	199	-25	3344	16442	3344	84569833
-16504	306	-3944	2502	2412	190	-115	199	-25	3345	16446	3345	84569861
-16452	-264	-4048	2658	2416	431	-120	196	-34	3346	16451	3346	84569861
-16200	-758	-4182	2696	2524	346	-120	196	-34	3347	16456	3347	84569861
-16270	-680	-4230	2524	2609	199	-115	199	-29	3348	16461	3348	84569861
-16240	-608	-4290	2403	2678	107	-115	199	-29	3349	16466	3349	84569861
-16254	-290	-4238	2323	2787	50	-116	194	-34	3350	16471	3350	84569861
-16168	656	-4164	2394	2792	156	-116	194	-34	3351	16476	3351	84569861
-16436	-8	-4470	2811	2645	692	-114	198	-32	3352	16481	3352	84569871
-16148	-886	-4628	3208	2685	752	-114	198	-32	3353	16486	3353	84569906
-15830	-782	-4712	3252	2744	474	-118	200	-30	3354	16490	3354	84569909
-15818	-580	-4606	3185	2694	372	-118	200	-30	3355	16495	3355	84569909
-15888	-122	-4578	3136	2619	349	-118	200	-34	3356	16500	3356	84569909
-15814	-622	-4636	3225	2503	535	-118	200	-34	3357	16505	3357	84569910
-15426	-198	-4780	3262	2406	477	-119	195	-37	3358	16510	3358	84569910
-15314	-420	-5032	3345	2244	556	-119	195	-37	3359	16515	3359	84569910
-15090	-872	-4946	3322	2129	533	-115	197	-33	3360	16520	3360	84569910
-15116	-1146	-4968	3178	1980	367	-115	197	-33	3361	16525	3361	84569934
-15132	-980	-5016	2916	1788	241	-120	198	-36	3362	16529	3362	84569934
-15246	-664	-5006	2669	1644	136	-120	198	-36	3363	16534	3363	84569935
-15474	-532	-4974	2529	1482	137	-118	198	-36	3364	16539	3364	84569935
-15620	-1044	-5066	2447	1380	217	-118	198	-36	3365	16544	3365	84569935
-15550	-920	-4888	2266	1349	83	-118	198	-34	3366	16549	3366	84569935
-15778	-622	-4896	2119	1221	9	-118	198	-34	3367	16554	3367	84569935
-15922	-810	-4818	2040	1132	20	-111	195	-41	3368	16559	3368	84569973
-16040	-524	-4720	1913	1083	-10	-111	195	-41	3369	16564	3369	84569973
-16058	-572	-4580	1876	1070	69	-113	205	-41	3370	16569	3370	84569973
-16116	-546	-4826	1866	1059	84	-113	205	-41	3371	16573	3371	84569973
-16090	-808	-4910	1856	1054	61	-113	199	-41	3372	16578	3372	84569973
-15996	-702	-4772	1821	1070	-17	-113	199	-41	3373	16584	3373	84569973
-16088	-654	-4774	1841	1086	-6	-117	199	-43	3374	16589	3374	84569974
-16052	-340	-4714	1826	1107	-5	-117	199	-43	3375	16594	3375	84569984
-16040	-140	-4692	1905	1124	34	-116	196	-46	3376	16599	3376	84570017
-16130	-92	-4698	1995	1178	64	-116	196	-46	3377	16604	3377	84570018
-16240	156	-4616	2075	1245	69	-118	196	-46	3378	16609	3378	84570019
-16134	220	-4566	2168	1298	92	-118	196	-46	3379	16613	3379	84570019
-16126	224	-4624	2264	1352	106	-114	200	-42	3380	16618	3380	84570020
-16060	90	-4518	2384	1361	129	-114	200	-42	3381	16623	3381	84570021
-16036	340	-4528	2448	1408	91	-118	200	-40	3382	16628	3382	84570022
-16160	82	-4624	2482	1440	148	-118	200	-40	3383	16633	3383	84570022
-15862	-328	-4684	2435	1510	66	-117	199	-47	3384	16638	3384	84570048
-15820	-238	-4798	2258	1545	-86	-117	199	-47	3385	16643	3385	84570048
-16004	-142	-4924	2096	1527	-104	-118	202	-40	3386	16648	3386	84570048
-15996	-92	-4888	2005	1527	-75	-118	202	-40	3387	16653	3387	84570048
-16068	144	-4988	1975	1545	-35	-119	197	-45	3388	16657	3388	84570048
-16076	-58	-4980	2020	1533	99	-119	197	-45	3389	16662	3389	84570049
-15878	-460	-5108	2020	1542	102	-117	199	-45	3390	16667	3390	84570049
-15778	-724	-5236	1944	1534	-67	-117	199	-45	3391	16672	3391	84570081
-15706	-456	-5318	1807	1486	-213	-111	203	-45	3392	16677	3392	84570087
-15798	-390	-5314	1788	1437	-236	-111	203	-45	3393	16682	3393	84570088
-15522	-722	-5030	1775	1426	-221	-120	206	-50	3394	16687	3394	84570088
-15736	-308	-5106	1731	1329	-239	-120	206	-50	3395	16692	3395	84570088
-15600	-856	-5174	1792	1269	-172	-111	197	-49	3396	16696	3396	84570088
-15632	-292	-5294	1696	1253	-318	-111	197	-49	3397	16701	3397	84570088
-15614	-634	-5238	1729	1184	-270	-114	198	-54	3398	16706	3398	84570095
-15538	-926	-5206	1687	1138	-341	-114	198	-54	3399	16711	3399	84570123
-15590	-610	-5462	1637	1073	-381	-112	194	-54	3400	16716	3400	84570123
-15608	-698	-5546	1617	977	-291	-112	194	-54	3401	16721	3401	84570124
-15610	-884	-5442	1563	909	-327	-116	196	-48	3402	16726	3402	84570124
-15708	-900	-5386	1467	835	-369	-116	196	-48	3403	16732	3403	84570124
-15824	-934	-5396	1367	778	-362	-117	199	-51	3404	16736	3404	84570124
-15828	-758	-5428	1240	739	-363	-117	199	-51	3405	16741	3405	84570125
-15868	-724	-5328	1185	705	-331	-117	197	-51	3406	16746	3406	84570131
-15782	-562	-5348	1114	654	-324	-117	197	-51	3407	16751	3407	84570161
-15764	-740	-5342	1122	578	-286	-121	195	-49	3408	16756	3408	84570161
-15662	-876	-5486	1146	547	-308	-121	195	-49	3409	16761	3409	84570161
-15594	-898	-5372	1142	500	-343	-117	195	-53	3410	16766	3410	84570161
-15638	-1090	-5466	1106	423	-313	-117	195	-53	3411	16771	3411	84570161
-15440	-1068	-5202	1018	414	-379	-118	194	-52	3412	16776	3412	84570161
-15566	-906	-5250	951	333	-386	-118	194	-52	3413	16780	3413	84570161
-15692	-1040	-5290	908	283	-340	-118	198	-54	3414	16785	3414	84570179
-15584	-700	-5358	789	273	-403	-118	198	-54	3415	16790	3415	84570198
-15700	-790	-5304	736	233	-403	-122	198	-50	3416	16795	3416	84570199
-15614	-798	-5268	673	221	-448	-122	198	-50	3417	16800	3417	84570199
-15738	-594	-5064	609	177	-431	-118	198	-50	3418	16805	3418	84570199
-15672	-546	-5058	602	149	-402	-118	198	-50	3419	16810	3419	84570199
-15654	-510	-5104	578	145	-380	-114	194	-56	3420	16815	3420	84570200
-15796	-358	-5170	513	132	-406	-114	194	-56	3421	16819	3421	84570200
-15832	-702	-5322	507	150	-388	-112	200	-52	3422	16824	3422	84570225
-15836	-662	-5380	452	155	-460	-112	200	-52	3423	16829	3423	84570235
-15844	-756	-5344	408	171	-500	-115	197	-57	3424	16834	3424	84570236
-15874	-838	-5254	311	185	-546	-115	197	-57	3425	16839	3425	84570236
-15842	-824	-5124	237	187	-549	-118	198	-56	3426	16844	3426	84570236
-15894	-790	-5100	201	203	-513	-118	198	-56	3427	16849	3427	84570236
-15866	-722	-5128	167	221	-500	-113	197	-51	3428	16854	3428	84570236
-15842	-690	-5126	130	257	-473	-113	197	-51	3429	16859	3429	84570244
-15774	-744	-5198	110	255	-424	-113	197	-57	3430	16863	3430	84570273
-15666	-818	-5188	133	247	-431	-113	197	-57	3431	16868	3431	84570273
-15812	-622	-5168	113	237	-442	-119	199	-55	3432	16873	3432	84570273
-15708	-536	-5332	96	243	-454	-119	199	-55	3433	16879	3433	84570273
-15818	-412	-5306	56	249	-489	-113	199	-55	3434	16884	3434	84570273
-15870	-398	-5336	101	251	-527	-113	199	-55	3435	16889	3435	84570273
-15894	-508	-5340	140	258	-579	-113	199	-55	3436	16894	3436	84570274
-15818	-622	-5478	138	249	-613	-113	199	-55	3437	16899	3437	84570311
-15806	-948	-5560	110	209	-582	-119	199	-55	3438	16903	3438	84570311
-15584	-1284	-5352	20	196	-670	-119	199	-55	3439	16908	3439	84570311
-15612	-1322	-5308	-187	131	-743	-115	197	-51	3440	16913	3440	84570312
-15790	-1172	-5296	-389	101	-722	-115	197	-51	3441	16918	3441	84570312
-15866	-1096	-5428	-557	81	-668	-116	204	-56	3442	16923	3442	84570312
-15756	-970	-5434	-676	79	-613	-116	204	-56	3443	16928	3443	84570312
-15758	-922	-5300	-782	64	-583	-117	197	-57	3444	16933	3444	84570322
-15762	-890	-5340	-806	26	-540	-117	197	-57	3445	16938	3445	84570353
-15758	-782	-5328	-780	0	-490	-112	200	-48	3446	16943	3446	84570354
-15788	-554	-5418	-746	-26	-481	-112	200	-48	3447	16947	3447	84570354
-15774	-454	-5414	-695	-22	-466	-111	201	-53	3448	16952	3448	84570354
-15900	-508	-5428	-584	-19	-426	-111	201	-53	3449	16957	3449	84570355
-15814	-622	-5272	-445	13	-436	-114	194	-58	3450	16962	3450	84570355
-15854	-854	-5322	-317	16	-461	-114	194	-58	3451	16967	3451	84570355
-15876	-1114	-5330	-248	15	-426	-115	197	-55	3452	16972	3452	84570386
-15708	-1336	-5424	-278	44	-492	-115	197	-55	3453	16977	3453	84570386
-15656	-1064	-5298	-414	26	-569	-114	198	-52	3454	16982	3454	84570386
-15624	-1102	-5216	-531	-14	-528	-114	198	-52	3455	16986	3455	84570386
-15650	-1068	-5224	-649	-38	-487	-117	199	-59	3456	16991	3456	84570387
-15634	-1112	-5232	-757	-76	-433	-117	199	-59	3457	16996	3457	84570387
-15596	-1202	-5166	-867	-103	-409	-118	194	-54	3458	17001	3458	84570387
-15656	-1024	-5268	-977	-137	-378	-118	194	-54	3459	17006	3459	84570387
-15742	-716	-5314	-1062	-160	-383	-115	199	-55	3460	17011	3460	84570394
-15804	-284	-5242	-1104	-150	-377	-115	199	-55	3461	17016	3461	84570423
-15920	-212	-5276	-1050	-141	-353	-120	200	-56	3462	17021	3462	84570424
-15830	-174	-5212	-940	-131	-350	-120	200	-56	3463	17027	3463	84570424
-15850	-342	-5194	-826	-137	-340	-116	204	-56	3464	17031	3464	84570424
-15820	-548	-5300	-707	-123	-352	-116	204	-56	3465	17036	3465	84570425
-15824	-656	-5284	-644	-127	-342	-113	199	-53	3466	17041	3466	84570425
-15870	-640	-5428	-599	-106	-325	-113	199	-53	3467	17046	3467	84570426
-15916	-634	-5312	-558	-82	-287	-115	201	-53	3468	17051	3468	84570461
-15938	-602	-5266	-498	-43	-276	-115	201	-53	3469	17056	3469	84570461
-15892	-604	-5248	-431	-22	-226	-114	204	-52	3470	17061	3470	84570461
-15932	-662	-5354	-368	0	-213	-114	204	-52	3471	17066	3471	84570461
-15780	-618	-5238	-300	16	-230	-112	202	-52	3472	17070	3472	84570461
-15838	-432	-5052	-241	25	-228	-112	202	-52	3473	17075	3473	84570461
-15794	-412	-5022	-179	59	-214	-113	201	-57	3474	17080	3474	84570461
-15814	-348	-5260	-148	53	-210	-113	201	-57	3475	17085	3475	84570469
-15716	-380	-5180	-131	71	-227	-112	198	-52	3476	17090	3476	84570535
-15714	-358	-5258	-139	61	-253	-112	198	-52	3477	17095	3477	84570535
-15738	-452	-5262	-177	55	-285	-111	201	-57	3478	17100	3478	84570535
-15738	-446	-5296	-220	37	-285	-111	201	-57	3479	17105	3479	84570535
-15682	-624	-5352	-248	21	-289	-123	197	-53	3480	17110	3480	84570536
-15790	-856	-5482	-287	-14	-299	-123	197	-53	3481	17114	3481	84570536
-15744	-930	-5422	-350	-61	-331	-115	193	-51	3482	17119	3482	84570536
-15692	-922	-5436	-419	-87	-374	-115	193	-51	3483	17124	3483	84570573
-15700	-872	-5264	-501	-121	-361	-115	203	-51	3484	17129	3484	84570573
-15758	-890	-5324	-580	-185	-319	-115	203	-51	3485	17134	3485	84570573
-15782	-948	-5340	-654	-213	-292	-113	199	-49	3486	17139	3486	84570573
-15678	-972	-5396	-726	-264	-293	-113	199	-49	3487	17144	3487	84570573
-15706	-740	-5432	-783	-283	-311	-116	196	-54	3488	17149	3488	84570573
-15720	-590	-5284	-834	-305	-320	-116	196	-54	3489	17153	3489	84570573
-15742	-392	-5346	-840	-320	-322	-116	198	-56	3490	17158	3490	84570573
-15862	-322	-5260	-747	-337	-302	-116	198	-56	3491	17163	3491	84570573
-15906	-386	-5364	-651	-345	-301	-116	198	-54	3492	17168	3492	84570574
-15980	-452	-5332	-579	-323	-305	-116	198	-54	3493	17173	3493	84570574
-16024	-528	-5334	-503	-311	-334	-124	198	-54	3494	17179	3494	84570574
-15890	-548	-5330	-445	-318	-367	-124	198	-54	3495	17184	3495	84570574
-15844	-628	-5262	-386	-293	-369	-111	201	-53	3496	17189	3496	84570580
-15844	-766	-5260	-331	-309	-363	-111	201	-53	3497	17194	3497	84570607
-15810	-932	-5154	-335	-317	-334	-116	200	-52	3498	17198	3498	84570607
-15716	-1052	-5226	-362	-349	-333	-116	200	-52	3499	17203	3499	84570607
-15712	-1038	-5276	-402	-403	-334	-114	192	-50	3500	17208	3500	84570607
-15676	-972	-5302	-451	-441	-326	-114	192	-50	3501	17213	3501	84570607
-15570	-944	-5204	-511	-485	-363	-116	202	-58	3502	17218	3502	84570607
-15578	-686	-5224	-583	-559	-400	-116	202	-58	3503	17223	3503	84570607
-15638	-524	-5118	-604	-610	-423	-115	199	-59	3504	17228	3504	84570607
-15536	-522	-5128	-637	-645	-439	-115	199	-59	3505	17233	3505	84570626
-15570	-724	-5078	-691	-678	-491	-116	196	-50	3506	17237	3506	84570664
-15530	-868	-5152	-793	-710	-549	-116	196	-50	3507	17242	3507	84570665
-15640	-1072	-5128	-957	-768	-583	-117	201	-51	3508	17247	3508	84570665
-15614	-1202	-5258	-1106	-802	-621	-117	201	-51	3509	17252	3509	84570665
-15606	-1138	-5032	-1280	-841	-644	-113	203	-59	3510	17257	3510	84570665
-15722	-1130	-5108	-1455	-868	-650	-113	203	-59	3511	17262	3511	84570666
-15764	-920	-5078	-1626	-865	-628	-113	203	-51	3512	17267	3512	84570675
-15800	-832	-5234	-1736	-889	-596	-113	203	-51	3513	17272	3513	84570709
-15792	-836	-5246	-1805	-909	-594	-114	202	-50	3514	17277	3514	84570709
-15888	-488	-5190	-1852	-920	-615	-114	202	-50	3515	17281	3515	84570709
-15962	-602	-5140	-1764	-944	-584	-112	204	-48	3516	17286	3516	84570709
-16064	-202	-5000	-1696	-902	-627	-112	204	-48	3517	17291	3517	84570709
-15986	-362	-4998	-1546	-873	-628	-115	199	-53	3518	17296	3518	84570709
-16128	-200	-5026	-1403	-858	-612	-115	199	-53	3519	17301	3519	84570709
-16098	-350	-4970	-1196	-816	-598	-116	198	-54	3520	17306	3520	84570710
-15912	-616	-4934	-1031	-777	-601	-116	198	-54	3521	17311	3521	84570710
-15792	-658	-4946	-949	-736	-669	-115	197	-53	3522	17316	3522	84570710
-15966	-670	-5144	-888	-745	-681	-115	197	-53	3523	17320	3523	84570710
-15806	-668	-4936	-841	-714	-686	-118	196	-46	3524	17326	3524	84570750
-15896	-598	-4826	-823	-725	-636	-118	196	-46	3525	17331	3525	84570751
-15812	-652	-4742	-796	-680	-632	-118	202	-46	3526	17336	3526	84570751
-15842	-660	-4950	-832	-668	-677	-118	202	-46	3527	17341	3527	84570752
-15804	-618	-5028	-935	-683	-698	-114	198	-50	3528	17346	3528	84570753
-15760	-424	-4940	-1007	-667	-723	-114	198	-50	3529	17351	3529	84570753
-15844	-690	-4994	-1033	-668	-678	-114	200	-48	3530	17356	3530	84570754
-15806	-346	-4890	-1121	-646	-744	-114	200	-48	3531	17361	3531	84570755
-15988	-496	-4922	-1146	-690	-715	-118	194	-48	3532	17365	3532	84570759
-15900	-628	-5050	-1213	-655	-743	-118	194	-48	3533	17370	3533	84570787
-15750	-728	-4986	-1323	-641	-824	-115	203	-49	3534	17375	3534	84570787
-15958	-512	-4904	-1442	-706	-868	-115	203	-49	3535	17380	3535	84570787
-15948	-660	-4984	-1460	-702	-813	-115	203	-49	3536	17385	3536	84570787
-15842	-780	-5006	-1491	-664	-848	-115	203	-49	3537	17390	3537	84570787
-15878	-1024	-4948	-1552	-669	-885	-118	200	-48	3538	17395	3538	84570787
-15626	-1232	-4772	-1639	-666	-1016	-118	200	-48	3539	17400	3539	84570787
-15990	-1150	-4850	-1732	-730	-1078	-114	202	-46	3540	17404	3540	84570787
-15782	-1366	-4836	-1760	-733	-1057	-114	202	-46	3541	17409	3541	84570796
-15774	-1418	-4746	-1771	-701	-1057	-114	202	-46	3542	17414	3542	84570825
-15698	-1680	-4614	-1741	-738	-1058	-114	202	-46	3543	17419	3543	84570825
-15500	-1958	-4618	-1767	-798	-1070	-117	199	-49	3544	17424	3544	84570826
-15348	-2040	-4832	-1848	-871	-1090	-117	199	-49	3545	17429	3545	84570826
-15208	-2046	-4998	-2010	-982	-1153	-119	197	-43	3546	17434	3546	84570826
-15162	-1804	-4894	-2254	-1078	-1209	-119	197	-43	3547	17439	3547	84570826
-15180	-1822	-4770	-2445	-1188	-1146	-111	201	-47	3548	17444	3548	84570827
-15402	-1454	-4950	-2689	-1222	-1124	-111	201	-47	3549	17448	3549	84570834
-15714	-858	-4940	-2911	-1280	-1133	-113	199	-43	3550	17453	3550	84570862
-15836	-352	-5094	-3061	-1302	-1140	-113	199	-43	3551	17458	3551	84570862
-15876	-240	-4858	-3044	-1337	-1107	-112	198	-50	3552	17463	3552	84570862
-15996	-224	-4786	-2972	-1390	-1098	-112	198	-50	3553	17468	3553	84570862
-16250	-262	-4880	-2873	-1422	-1124	-107	203	-43	3554	17473	3554	84570862
-16158	-414	-4772	-2816	-1429	-1191	-107	203	-43	3555	17479	3555	84570862
-15844	-696	-4782	-2827	-1477	-1276	-115	199	-45	3556	17484	3556	84570862
-15690	-968	-4760	-2901	-1531	-1380	-115	199	-45	3557	17488	3557	84570881
-15574	-1432	-4740	-3017	-1630	-1455	-109	201	-41	3558	17493	3558	84570898
-15482	-2028	-4634	-3241	-1713	-1514	-109	201	-41	3559	17498	3559	84570900
-15248	-2348	-4470	-3561	-1778	-1612	-112	202	-42	3560	17503	3560	84570900
-15204	-2522	-4460	-3923	-1906	-1726	-112	202	-42	3561	17508	3561	84570900
-15334	-2558	-4330	-4355	-2022	-1799	-113	203	-39	3562	17513	3562	84570900
-15120	-2772	-4468	-4789	-2092	-1795	-113	203	-39	3563	17518	3563	84570900
-15160	-2778	-4428	-5255	-2138	-1843	-110	202	-38	3564	17523	3564	84570900
-15168	-2686	-4440	-5679	-2260	-1912	-110	202	-38	3565	17528	3565	84570936
-15176	-2252	-4454	-6058	-2314	-1947	-107	201	-35	3566	17532	3566	84570936
-15394	-1894	-4460	-6334	-2437	-1950	-107	201	-35	3567	17537	3567	84570936
-15770	-1214	-4394	-6536	-2515	-1908	-108	198	-38	3568	17542	3568	84570936
-16438	-764	-4572	-6646	-2637	-1858	-108	198	-38	3569	17547	3569	84570936
-16214	-332	-4598	-6625	-2539	-1775	-112	200	-36	3570	17552	3570	84570936
-16030	-328	-4434	-6468	-2545	-1673	-112	200	-36	3571	17557	3571	84570936
-16014	-116	-4662	-6358	-2639	-1707	-109	195	-31	3572	17562	3572	84570947
-16206	416	-4604	-6302	-2679	-1678	-109	195	-31	3573	17567	3573	84570973
-16308	392	-4548	-6168	-2617	-1597	-115	201	-29	3574	17571	3574	84570974
-16408	610	-4536	-6117	-2624	-1664	-115	201	-29	3575	17576	3575	84570974
-16560	674	-4454	-6085	-2631	-1668	-115	199	-27	3576	17581	3576	84570974
-16530	966	-4584	-6062	-2629	-1700	-115	199	-27	3577	17586	3577	84570974
-16710	1326	-4458	-5959	-2639	-1636	-108	202	-34	3578	17591	3578	84570974
-16662	1184	-4454	-5748	-2609	-1499	-108	202	-34	3579	17596	3579	84570975
-16780	1058	-4518	-5565	-2602	-1487	-108	202	-30	3580	17601	3580	84571002
-16780	1194	-4596	-5435	-2575	-1461	-108	202	-30	3581	17606	3581	84571011
-16744	846	-4470	-5230	-2545	-1364	-113	205	-23	3582	17611	3582	84571011
-16722	418	-4430	-5021	-2588	-1422	-113	205	-23	3583	17615	3583	84571011
-16682	382	-4318	-4953	-2585	-1534	-116	198	-32	3584	17620	3584	84571011
-16676	196	-4210	-4866	-2576	-1528	-116	198	-32	3585	17626	3585	84571011
-16632	120	-4052	-4735	-2545	-1457	-111	199	-27	3586	17631	3586	84571011
-16620	124	-4004	-4594	-2492	-1447	-111	199	-27	3587	17636	3587	84571011
-16624	80	-4046	-4391	-2464	-1412	-113	197	-21	3588	17641	3588	84571044
-16516	-42	-3888	-4205	-2375	-1389	-113	197	-21	3589	17646	3589	84571048
-16532	-132	-3968	-4026	-2328	-1360	-109	201	-23	3590	17651	3590	84571048
-16536	-202	-3836	-3845	-2235	-1308	-109	201	-23	3591	17655	3591	84571048
-16554	-350	-3734	-3621	-2163	-1258	-108	200	-16	3592	17660	3592	84571048
-16558	-382	-3706	-3394	-2092	-1236	-108	200	-16	3593	17665	3593	84571048
-16602	-326	-3796	-3202	-1978	-1228	-110	200	-26	3594	17670	3594	84571048
-16502	-346	-3722	-3025	-1871	-1162	-110	200	-26	3595	17675	3595	84571060
-16546	-168	-3686	-2849	-1766	-1158	-105	203	-19	3596	17680	3596	84571089
-16522	-46	-3704	-2576	-1696	-1111	-105	203	-19	3597	17685	3597	84571090
-16460	-204	-3672	-2309	-1624	-1077	-107	199	-19	3598	17690	3598	84571091
-16464	-248	-3744	-2108	-1566	-1083	-107	199	-19	3599	17694	3599	84571092
-16456	-280	-3638	-1923	-1502	-1054	-110	200	-16	3600	17699	3600	84571092
-16518	-444	-3632	-1748	-1443	-1054	-110	200	-16	3601	17704	3601	84571093
-16470	-504	-3704	-1625	-1404	-1038	-110	204	-20	3602	17709	3602	84571094
-16348	-598	-3774	-1556	-1363	-1055	-110	204	-20	3603	17714	3603	84571123
-16250	-602	-3736	-1537	-1325	-1052	-107	207	-17	3604	17719	3604	84571123
-16210	-590	-3714	-1557	-1310	-1058	-107	207	-17	3605	17724	3605	84571123
-16182	-580	-3636	-1610	-1313	-1048	-106	198	-22	3606	17729	3606	84571123
-16192	-630	-3614	-1642	-1319	-1034	-106	198	-22	3607	17734	3607	84571123
-16116	-708	-3696	-1685	-1322	-1010	-111	197	-15	3608	17738	3608	84571123
-16102	-712	-3654	-1764	-1314	-999	-111	197	-15	3609	17743	3609	84571123
-16264	-732	-3784	-1845	-1328	-982	-104	202	-20	3610	17748	3610	84571124
-16346	-804	-3658	-1879	-1349	-946	-104	202	-20	3611	17753	3611	84571172
-16294	-946	-3674	-1889	-1356	-928	-105	195	-15	3612	17758	3612	84571172
-16210	-858	-3648	-1898	-1368	-907	-105	195	-15	3613	17763	3613	84571172
-16238	-1010	-3728	-1875	-1381	-853	-106	204	-16	3614	17768	3614	84571172
-16296	-1010	-3788	-1876	-1423	-850	-106	204	-16	3615	17774	3615	84571172
-16192	-1082	-3720	-1874	-1444	-814	-105	199	-19	3616	17778	3616	84571172
-16168	-910	-3838	-1867	-1495	-798	-105	199	-19	3617	17783	3617	84571172
-16288	-908	-3874	-1842	-1537	-770	-107	203	-13	3618	17788	3618	84571181
-16208	-824	-3790	-1802	-1549	-718	-107	203	-13	3619	17793	3619	84571208
-16166	-902	-3688	-1716	-1581	-661	-102	200	-12	3620	17798	3620	84571209
-16206	-980	-3666	-1669	-1626	-637	-102	200	-12	3621	17803	3621	84571209
-16282	-940	-3630	-1671	-1655	-597	-107	203	-19	3622	17808	3622	84571209
-16356	-958	-3540	-1656	-1662	-549	-107	203	-19	3623	17813	3623	84571209
-16336	-948	-3444	-1614	-1672	-506	-107	199	-15	3624	17818	3624	84571210
-16294	-876	-3436	-1625	-1663	-488	-107	199	-15	3625	17822	3625	84571210
-16308	-936	-3488	-1648	-1639	-477	-104	202	-14	3626	17827	3626	84571210
-16298	-848	-3442	-1691	-1633	-458	-104	202	-14	3627	17832	3627	84571219
-16334	-804	-3450	-1732	-1628	-447	-104	200	-14	3628	17837	3628	84571246
-16382	-786	-3310	-1759	-1622	-412	-104	200	-14	3629	17842	3629	84571246
-16358	-800	-3264	-1766	-1633	-391	-104	202	-16	3630	17847	3630	84571246
-16322	-782	-3270	-1809	-1634	-382	-104	202	-16	3631	17852	3631	84571246
-16324	-612	-3312	-1845	-1612	-370	-103	203	-13	3632	17857	3632	84571246
-16370	-660	-3300	-1812	-1607	-344	-103	203	-13	3633	17861	3633	84571246
-16410	-558	-3264	-1798	-1614	-325	-102	200	-12	3634	17866	3634	84571256
-16470	-674	-3332	-1781	-1613	-294	-102	200	-12	3635	17871	3635	84571283
-16434	-750	-3216	-1753	-1620	-270	-102	198	-8	3636	17876	3636	84571283
-16486	-726	-3292	-1738	-1599	-246	-102	198	-8	3637	17881	3637	84571283
-16420	-688	-3300	-1719	-1581	-218	-103	201	-7	3638	17886	3638	84571283
-16440	-732	-3176	-1716	-1583	-214	-103	201	-7	3639	17891	3639	84571283
-16340	-744	-3144	-1702	-1573	-193	-106	200	-8	3640	17896	3640	84571283
-16414	-762	-3166	-1703	-1577	-206	-106	200	-8	3641	17901	3641	84571283
-16440	-748	-3234	-1732	-1558	-186	-109	199	-9	3642	17905	3642	84571284
-16422	-660	-3062	-1734	-1532	-164	-109	199	-9	3643	17910	3643	84571322
-16424	-616	-3118	-1682	-1508	-122	-104	200	-6	3644	17915	3644	84571322
-16428	-546	-3000	-1628	-1500	-103	-104	200	-6	3645	17921	3645	84571322
-16480	-630	-2936	-1558	-1487	-70	-100	200	-10	3646	17926	3646	84571323
-16472	-760	-3000	-1510	-1457	-41	-100	200	-10	3647	17931	3647	84571323
-16442	-758	-3066	-1461	-1417	-24	-107	203	-5	3648	17936	3648	84571323
-16392	-734	-3094	-1430	-1393	-7	-107	203	-5	3649	17941	3649	84571323
-16352	-810	-3170	-1360	-1400	20	-108	198	-6	3650	17945	3650	84571331
-16272	-832	-3176	-1331	-1415	44	-108	198	-6	3651	17950	3651	84571362
-16408	-728	-3084	-1322	-1417	59	-106	202	-16	3652	17955	3652	84571362
-16448	-698	-3044	-1328	-1403	85	-106	202	-16	3653	17960	3653	84571363
-16488	-592	-2954	-1320	-1373	143	-107	203	-7	3654	17965	3654	84571363
-16434	-766	-2976	-1290	-1368	170	-107	203	-7	3655	17970	3655	84571363
-16440	-742	-2942	-1288	-1385	166	-103	199	-1	3656	17975	3656	84571364
-16414	-464	-2926	-1327	-1355	155	-103	199	-1	3657	17980	3657	84571365
-16484	-358	-2890	-1312	-1333	145	-105	199	-5	3658	17985	3658	84571385
-16554	-322	-2864	-1281	-1307	151	-105	199	-5	3659	17989	3659	84571396
-16564	-480	-2776	-1251	-1287	151	-105	201	-5	3660	17994	3660	84571396
-16466	-584	-2820	-1269	-1275	142	-105	201	-5	3661	17999	3661	84571396
-16460	-692	-2802	-1304	-1291	158	-105	205	-3	3662	18004	3662	84571396
-16462	-732	-2894	-1328	-1269	190	-105	205	-3	3663	18009	3663	84571396
-16442	-666	-2848	-1365	-1252	213	-105	197	1	3664	18014	3664	84571396
-16368	-640	-2808	-1392	-1236	214	-105	197	1	3665	18019	3665	84571396
-16346	-414	-2898	-1404	-1239	239	-106	198	0	3666	18024	3666	84571437
-16382	-512	-2888	-1392	-1251	267	-106	198	0	3667	18028	3667	84571437
-16442	-584	-2860	-1369	-1292	293	-103	201	-7	3668	18033	3668	84571437
-16374	-718	-2870	-1347	-1312	302	-103	201	-7	3669	18038	3669	84571437
-16414	-810	-2844	-1347	-1323	326	-104	198	0	3670	18043	3670	84571437
-16372	-686	-2876	-1345	-1344	346	-104	198	0	3671	18048	3671	84571438
-16382	-560	-2914	-1340	-1363	335	-109	199	-1	3672	18053	3672	84571438
-16370	-418	-2888	-1317	-1379	356	-109	199	-1	3673	18058	3673	84571445
-16344	-362	-2846	-1309	-1408	357	-104	202	2	3674	18063	3674	84571492
-16356	-352	-2738	-1286	-1451	355	-104	202	2	3675	18069	3675	84571492
-16340	-280	-2746	-1268	-1521	368	-106	200	0	3676	18073	3676	84571492
-16418	-350	-2650	-1280	-1567	364	-106	200	0	3677	18078	3677	84571493
-16508	-394	-2650	-1347	-1542	339	-107	199	3	3678	18083	3678	84571493
-16552	-388	-2696	-1427	-1510	333	-107	199	3	3679	18088	3679	84571493
-16566	-454	-2586	-1482	-1476	364	-107	195	1	3680	18093	3680	84571494
-16592	-578	-2572	-1550	-1466	368	-107	195	1	3681	18098	3681	84571494
-16600	-592	-2490	-1643	-1446	388	-109	195	-5	3682	18103	3682	84571523
-16670	-534	-2500	-1707	-1411	413	-109	195	-5	3683	18108	3683	84571523
-16662	-394	-2370	-1770	-1344	423	-108	200	2	3684	18112	3684	84571524
-16524	-332	-2424	-1781	-1299	414	-108	200	2	3685	18117	3685	84571524
-16556	-334	-2422	-1757	-1297	438	-105	201	1	3686	18122	3686	84571524
-16556	-282	-2400	-1711	-1253	468	-105	201	1	3687	18127	3687	84571524
-16534	-200	-2386	-1589	-1204	509	-105	193	5	3688	18132	3688	84571524
-16458	-202	-2442	-1478	-1175	517	-105	193	5	3689	18137	3689	84571524
-16494	-240	-2348	-1336	-1163	551	-109	193	3	3690	18142	3690	84571524
-16570	-284	-2496	-1181	-1171	603	-109	193	3	3691	18147	3691	84571524
-16498	-368	-2396	-1065	-1137	610	-107	195	9	3692	18152	3692	84571561
-16498	-340	-2332	-988	-1112	622	-107	195	9	3693	18156	3693	84571561
-16384	-462	-2562	-898	-1150	624	-110	196	6	3694	18161	3694	84571561
-16408	-322	-2498	-828	-1146	635	-110	196	6	3695	18166	3695	84571561
-16472	-162	-2512	-818	-1128	642	-107	199	3	3696	18171	3696	84571562
-16562	-94	-2328	-816	-1123	635	-107	199	3	3697	18176	3697	84571562
-16514	-52	-2342	-799	-1123	656	-106	192	4	3698	18181	3698	84571562
-16534	-180	-2306	-801	-1108	667	-106	192	4	3699	18186	3699	84571576
-16628	-244	-2276	-832	-1088	651	-106	198	8	3700	18191	3700	84571598
-16738	-238	-2256	-868	-1039	647	-106	198	8	3701	18195	3701	84571598
-16764	-256	-2246	-932	-988	638	-111	195	3	3702	18200	3702	84571599
-16646	-142	-2168	-987	-936	624	-111	195	3	3703	18205	3703	84571599
-16630	-112	-2148	-1046	-867	617	-106	198	6	3704	18211	3704	84571599
-16580	-52	-2116	-1043	-842	603	-106	198	6	3705	18216	3705	84571599
-16632	-16	-2146	-1024	-819	610	-112	198	8	3706	18221	3706	84571600
-16534	84	-2196	-968	-752	618	-112	198	8	3707	18226	3707	84571635
-16602	-62	-2086	-909	-728	623	-111	195	-1	3708	18231	3708	84571636
-16580	-48	-2200	-865	-699	579	-111	195	-1	3709	18236	3709	84571636
-16522	38	-2144	-819	-651	586	-110	194	6	3710	18240	3710	84571636
-16526	138	-2258	-748	-645	597	-110	194	6	3711	18245	3711	84571636
-16554	26	-2214	-641	-649	608	-110	192	2	3712	18250	3712	84571636
-16540	-26	-2364	-529	-639	613	-110	192	2	3713	18255	3713	84571637
-16526	-28	-2344	-466	-607	628	-106	194	12	3714	18260	3714	84571644
-16638	-84	-2248	-407	-616	641	-106	194	12	3715	18265	3715	84571671
-16686	40	-2262	-365	-583	659	-114	194	6	3716	18270	3716	84571671
-16668	28	-2272	-317	-530	658	-114	194	6	3717	18275	3717	84571671
-16708	82	-2244	-313	-516	649	-105	197	7	3718	18279	3718	84571671
-16694	62	-2132	-284	-484	642	-105	197	7	3719	18284	3719	84571671
-16656	108	-2100	-255	-453	619	-109	195	5	3720	18289	3720	84571671
-16646	196	-2196	-259	-417	596	-109	195	5	3721	18294	3721	84571671
-16632	192	-2108	-229	-384	607	-114	194	6	3722	18299	3722	84571691
-16652	202	-2202	-209	-344	583	-114	194	6	3723	18304	3723	84571711
-16654	162	-2152	-212	-292	564	-116	194	6	3724	18309	3724	84571711
-16630	110	-2106	-233	-261	528	-116	194	6	3725	18314	3725	84571711
-16648	146	-2122	-244	-237	517	-112	192	8	3726	18319	3726	84571711
-16680	148	-2114	-274	-233	494	-112	192	8	3727	18323	3727	84571711
-16610	96	-2086	-309	-184	491	-110	198	8	3728	18328	3728	84571711
-16610	100	-2126	-359	-163	483	-110	198	8	3729	18333	3729	84571721
-16508	96	-2156	-403	-140	456	-110	198	8	3730	18338	3730	84571742
-16602	150	-2126	-441	-130	463	-110	198	8	3731	18343	3731	84571742
-16610	210	-2142	-456	-114	464	-111	193	7	3732	18348	3732	84571742
-16668	170	-2128	-468	-93	442	-111	193	7	3733	18353	3733	84571743
-16534	192	-2212	-488	-68	417	-113	193	7	3734	18359	3734	84571743
-16562	144	-2176	-497	-74	416	-113	193	7	3735	18363	3735	84571743
-16584	250	-2072	-475	-69	406	-115	193	9	3736	18368	3736	84571744
-16590	288	-2024	-454	-34	400	-115	193	9	3737	18373	3737	84571744
-16604	210	-2122	-431	-16	385	-116	192	6	3738	18378	3738	84571828
-16526	184	-2136	-431	0	359	-116	192	6	3739	18383	3739	84571828
-16568	158	-2086	-421	15	349	-113	195	5	3740	18388	3740	84571828
-16594	146	-2174	-403	47	354	-113	195	5	3741	18393	3741	84571828
-16572	300	-2132	-390	66	340	-114	190	2	3742	18398	3742	84571828
-16598	260	-2102	-392	99	333	-114	190	2	3743	18403	3743	84571828
-16608	114	-2146	-380	112	323	-116	194	4	3744	18407	3744	84571836
-16522	40	-2196	-395	136	315	-116	194	4	3745	18412	3745	84571866
-16562	152	-2294	-419	145	301	-115	193	5	3746	18417	3746	84571866
-16528	228	-2202	-424	151	309	-115	193	5	3747	18422	3747	84571866
-16520	272	-2126	-432	181	284	-117	195	5	3748	18427	3748	84571866
-16490	356	-2118	-456	175	246	-117	195	5	3749	18432	3749	84571867
-16548	396	-2202	-466	168	229	-110	194	10	3750	18437	3750	84571867
-16500	238	-2200	-458	172	227	-110	194	10	3751	18442	3751	84571867
-16574	358	-2212	-437	159	215	-115	193	5	3752	18446	3752	84571867
-16600	238	-2220	-412	147	230	-115	193	5	3753	18451	3753	84571867
-16454	318	-2188	-425	152	215	-114	194	6	3754	18456	3754	84571867
-16518	406	-2250	-441	147	216	-114	194	6	3755	18461	3755	84571867
-16514	388	-2220	-441	120	200	-114	192	4	3756	18466	3756	84571867
-16520	356	-2274	-429	83	194	-114	192	4	3757	18471	3757	84571867
-16512	376	-2256	-411	65	198	-118	192	10	3758	18476	3758	84571876
-16496	370	-2328	-426	46	183	-118	192	10	3759	18481	3759	84571876
-16458	392	-2184	-464	25	161	-111	195	7	3760	18486	3760	84571877
-16502	404	-2258	-468	6	159	-111	195	7	3761	18490	3761	84571877
-16462	428	-2264	-456	-1	143	-113	191	7	3762	18495	3762	84571908
-16462	410	-2264	-436	-8	131	-113	191	7	3763	18500	3763	84571908
-16444	324	-2220	-433	-22	110	-112	188	8	3764	18506	3764	84571909
-16488	470	-2210	-435	-41	95	-112	188	8	3765	18511	3765	84571909
-16518	306	-2156	-425	-61	89	-114	192	2	3766	18516	3766	84571909
-16530	370	-2314	-452	-65	53	-114	192	2	3767	18521	3767	84571909
-16492	386	-2220	-457	-68	52	-114	192	4	3768	18526	3768	84571910
-16594	324	-2242	-461	-81	38	-114	192	4	3769	18530	3769	84571917
-16558	318	-2164	-459	-62	37	-108	192	2	3770	18535	3770	84571951
-16576	392	-2202	-466	-52	36	-108	192	2	3771	18540	3771	84571951
-16602	344	-2222	-474	-53	24	-114	192	6	3772	18545	3772	84571952
-16608	392	-2176	-480	-30	17	-114	192	6	3773	18550	3773	84571952
-16640	444	-2122	-489	4	31	-115	191	3	3774	18555	3774	84571954
-16636	368	-2178	-467	12	15	-115	191	3	3775	18560	3775	84571954
-16608	516	-2220	-476	26	-2	-113	189	5	3776	18565	3776	84571955
-16568	412	-2128	-466	45	-22	-113	189	5	3777	18569	3777	84571956
-16628	424	-2178	-453	63	-25	-112	190	12	3778	18574	3778	84571983
-16562	506	-2034	-440	76	-40	-112	190	12	3779	18579	3779	84571983
-16546	494	-2056	-411	77	-50	-117	193	7	3780	18584	3780	84571983
-16552	482	-2250	-394	67	-53	-117	193	7	3781	18589	3781	84571983
-16574	432	-2204	-398	87	-71	-112	190	4	3782	18594	3782	84571983
-16480	504	-2078	-386	98	-81	-112	190	4	3783	18599	3783	84571983
