-13084	-8306	7400	-562	-252	428	36	162	34	2450	12250	2450	70250424
-13106	-8414	7216	-519	-226	399	44	160	30	2451	12255	2451	70250425
-13084	-8478	7162	-488	-222	383	44	160	30	2452	12260	2452	70250425
-13046	-8436	7044	-503	-210	367	34	170	30	2453	12265	2453	70250425
-13140	-8482	7038	-531	-164	325	34	170	30	2454	12270	2454	70250426
-13074	-8498	7058	-530	-125	274	35	163	31	2455	12275	2455	70250426
-13066	-8512	6970	-526	-128	257	35	163	31	2456	12280	2456	70250446
-13060	-8574	7054	-550	-138	223	42	162	28	2457	12285	2457	70250447
-13192	-8526	7108	-611	-212	210	42	162	28	2458	12290	2458	70250448
-13170	-8580	7064	-676	-245	208	43	157	33	2459	12295	2459	70250449
-13230	-8504	6998	-850	-272	226	43	157	33	2460	12300	2460	70250450
-13214	-8328	6984	-940	-239	225	38	164	30	2461	12305	2461	70250451
-13192	-8298	6902	-925	-213	223	38	164	30	2462	12310	2462	70250452
-13096	-8210	6880	-895	-219	215	41	163	31	2463	12315	2463	70250453
-13198	-8160	7018	-875	-238	211	41	163	31	2464	12320	2464	70250510
-13218	-8036	6942	-841	-256	200	41	161	29	2465	12325	2465	70250511
-13270	-8132	6870	-806	-253	197	41	161	29	2466	12330	2466	70250511
-13322	-7976	7026	-729	-191	182	41	155	27	2467	12335	2467	70250512
-13278	-8000	7012	-625	-161	180	41	155	27	2468	12340	2468	70250513
-13264	-8052	7012	-595	-144	179	38	166	26	2469	12345	2469	70250513
-13286	-8024	6984	-516	-123	190	38	166	26	2470	12350	2470	70250514
-13256	-8126	7188	-450	-46	190	36	162	26	2471	12355	2471	70250515
-13262	-8110	7198	-440	-16	203	36	162	26	2472	12360	2472	70250516
-13172	-8206	7220	-386	-30	206	38	160	26	2473	12365	2473	70250517
-13120	-8272	7180	-350	-103	224	38	160	26	2474	12370	2474	70250518
-13088	-8302	7158	-345	-129	233	33	165	29	2475	12375	2475	70250518
-13178	-8202	7212	-458	-188	263	33	165	29	2476	12380	2476	70250519
-13236	-8244	7230	-534	-196	298	36	162	30	2477	12385	2477	70250519
-13238	-8164	7224	-558	-190	307	36	162	30	2478	12390	2478	70250519
-13298	-8256	7188	-631	-158	279	39	165	27	2479	12395	2479	70250520
-13274	-8200	7256	-678	-77	264	39	165	27	2480	12400	2480	70250547
-13260	-8164	7228	-632	-58	266	31	155	29	2481	12405	2481	70250577
-13208	-8132	7244	-537	-87	289	31	155	29	2482	12410	2482	70250577
-13184	-8158	7156	-445	-135	316	42	164	24	2483	12415	2483	70250578
-13262	-8152	7116	-447	-152	316	42	164	24	2484	12420	2484	70250578
-13212	-8222	7276	-434	-178	338	37	167	29	2485	12425	2485	70250578
-13276	-8184	7274	-403	-186	349	37	167	29	2486	12430	2486	70250579
-13194	-8206	7292	-398	-181	371	38	164	28	2487	12435	2487	70250579
-13194	-8342	7210	-390	-177	369	38	164	28	2488	12440	2488	70250580
-13116	-8264	7292	-387	-208	400	36	160	26	2489	12445	2489	70250580
-13116	-8268	7230	-391	-239	421	36	160	26	2490	12450	2490	70250580
-13084	-8270	7202	-401	-237	430	36	166	28	2491	12455	2491	70250581
-13162	-8356	7336	-424	-241	423	36	166	28	2492	12460	2492	70250581
-13088	-8266	7294	-437	-233	421	42	162	30	2493	12465	2493	70250601
-13144	-8338	7184	-450	-233	417	42	162	30	2494	12470	2494	70250601
-13104	-8414	7302	-433	-236	410	37	165	27	2495	12475	2495	70250634
-13112	-8394	7276	-412	-265	400	37	165	27	2496	12480	2496	70250653
-13088	-8396	7278	-410	-273	405	36	160	26	2497	12485	2497	70250677
-13058	-8408	7212	-426	-308	424	36	160	26	2498	12490	2498	70250679
-13068	-8426	7204	-464	-351	428	42	164	32	2499	12495	2499	70250679
-13124	-8458	7202	-521	-373	435	42	164	32	2500	12500	2500	70250679
-13184	-8396	7144	-590	-371	417	40	164	26	2501	12505	2501	70250680
-13136	-8452	7156	-602	-316	396	40	164	26	2502	12510	2502	70250680
-13182	-8376	7026	-594	-282	374	39	165	31	2503	12515	2503	70250680
-13160	-8388	7042	-594	-218	356	39	165	31	2504	12520	2504	70250681
-13064	-8324	7024	-614	-216	348	42	162	32	2505	12525	2505	70250681
-13076	-8348	7068	-583	-212	342	42	162	32	2506	12530	2506	70250682
-13182	-8324	7036	-482	-227	341	39	167	33	2507	12535	2507	70250682
-13172	-8378	6940	-433	-237	330	39	167	33	2508	12540	2508	70250683
-13208	-8344	6980	-423	-221	334	45	161	29	2509	12545	2509	70250683
-13174	-8380	7068	-427	-204	327	45	161	29	2510	12550	2510	70250683
-13302	-8384	6936	-393	-186	314	35	163	27	2511	12555	2511	70250684
-13262	-8362	6978	-398	-179	309	35	163	27	2512	12560	2512	70250684
-13252	-8380	7024	-390	-185	311	40	164	28	2513	12565	2513	70250684
-13308	-8388	7054	-405	-186	305	40	164	28	2514	12570	2514	70250685
-13312	-8370	7012	-428	-191	306	42	162	30	2515	12575	2515	70250685
-13356	-8390	6900	-435	-171	299	42	162	30	2516	12580	2516	70250685
-13268	-8428	6954	-422	-143	276	32	166	34	2517	12585	2517	70250762
-13330	-8502	6950	-427	-140	270	32	166	34	2518	12590	2518	70250762
-13304	-8482	6972	-486	-143	260	43	165	33	2519	12595	2519	70250762
-13320	-8510	7026	-683	-139	220	43	165	33	2520	12600	2520	70250763
-13372	-8382	7020	-864	-128	211	41	163	25	2521	12605	2521	70250763
-13362	-8314	7056	-861	-108	200	41	163	25	2522	12610	2522	70250764
-13366	-8324	7042	-766	-106	167	38	158	28	2523	12615	2523	70250764
-13272	-8290	7082	-746	-106	178	38	158	28	2524	12620	2524	70250764
-13276	-8274	7156	-746	-115	179	38	160	30	2525	12625	2525	70250765
-13364	-8136	7170	-710	-132	169	38	160	30	2526	12630	2526	70250782
-13278	-8154	7116	-640	-150	160	37	165	25	2527	12635	2527	70250782
-13302	-8088	7120	-581	-146	181	37	165	25	2528	12640	2528	70250809
-13360	-8088	7178	-493	-152	174	39	165	29	2529	12645	2529	70250810
-13340	-8176	7142	-409	-125	188	39	165	29	2530	12650	2530	70250810
-13296	-8166	7154	-352	-120	204	39	163	21	2531	12655	2531	70250811
-13248	-8148	7162	-332	-114	208	39	163	21	2532	12660	2532	70250811
-13252	-8082	7168	-272	-136	220	33	157	29	2533	12665	2533	70250812
-13266	-8098	7092	-228	-158	226	33	157	29	2534	12670	2534	70250812
-13176	-8286	7186	-215	-171	244	40	162	28	2535	12675	2535	70250812
-13310	-8224	7074	-216	-172	236	40	162	28	2536	12680	2536	70250813
-13256	-8328	7138	-212	-167	241	42	162	30	2537	12685	2537	70250813
-13304	-8426	7026	-290	-168	248	42	162	30	2538	12690	2538	70250814
-13318	-8454	7242	-557	-140	237	36	166	30	2539	12695	2539	70250814
-13192	-8316	7216	-617	-108	256	36	166	30	2540	12700	2540	70250815
-13208	-8310	7136	-613	-117	250	39	163	31	2541	12705	2541	70250857
-13172	-8402	7202	-629	-173	278	39	163	31	2542	12710	2542	70250863
-13218	-8356	7128	-677	-239	285	36	164	26	2543	12715	2543	70250864
-13218	-8268	7136	-692	-274	284	36	164	26	2544	12720	2544	70250864
-13258	-8230	7160	-684	-284	306	40	162	32	2545	12725	2545	70250865
-13282	-8198	7118	-615	-285	284	40	162	32	2546	12730	2546	70250865
-13268	-8242	7164	-578	-276	282	39	163	33	2547	12735	2547	70250865
-13186	-8256	7112	-507	-257	257	39	163	33	2548	12740	2548	70250866
-13210	-8314	7160	-443	-272	236	33	165	27	2549	12745	2549	70250866
-13202	-8346	7154	-408	-262	245	33	165	27	2550	12750	2550	70250867
-13222	-8312	7078	-340	-230	234	44	162	24	2551	12755	2551	70250867
-13168	-8374	7122	-323	-236	229	44	162	24	2552	12760	2552	70250868
-13116	-8314	7084	-314	-274	219	37	163	23	2553	12765	2553	70250868
-13138	-8272	7140	-311	-289	230	37	163	23	2554	12770	2554	70250869
-13172	-8372	7100	-291	-292	253	41	163	29	2555	12775	2555	70250884
-13222	-8346	7138	-261	-272	249	41	163	29	2556	12780	2556	70250885
-13198	-8346	7188	-259	-264	251	37	169	23	2557	12785	2557	70250936
-13192	-8440	7200	-318	-206	235	37	169	23	2558	12790	2558	70250964
-13098	-8416	7156	-386	-171	220	33	159	23	2559	12795	2559	70250990
-13164	-8390	7146	-436	-168	212	33	159	23	2560	12800	2560	70250990
-13080	-8390	7190	-474	-206	199	42	162	28	2561	12805	2561	70250990
-13184	-8416	7204	-514	-225	181	42	162	28	2562	12810	2562	70250991
-13198	-8400	7238	-537	-253	180	39	161	29	2563	12815	2563	70250991
-13254	-8406	7176	-602	-316	190	39	161	29	2564	12820	2564	70250991
-13396	-8398	7152	-622	-293	194	44	164	26	2565	12825	2565	70250992
-13410	-8394	7182	-597	-274	215	44	164	26	2566	12830	2566	70250992
-13336	-8442	7166	-559	-218	241	40	160	26	2567	12835	2567	70250993
-13394	-8380	7176	-597	-229	254	40	160	26	2568	12840	2568	70250993
-13360	-8404	7178	-617	-242	265	33	157	33	2569	12845	2569	70250993
-13372	-8268	7172	-592	-271	267	33	157	33	2570	12850	2570	70250994
-13364	-8268	7214	-482	-280	273	39	161	29	2571	12855	2571	70250994
-13324	-8162	7172	-434	-283	282	39	161	29	2572	12860	2572	70250994
-13236	-8190	7170	-414	-259	291	35	165	23	2573	12865	2573	70251043
-13252	-8254	7020	-381	-261	283	35	165	23	2574	12870	2574	70251046
-13242	-8212	7086	-366	-269	284	40	162	30	2575	12875	2575	70251046
-13144	-8236	7050	-357	-264	277	40	162	30	2576	12880	2576	70251047
-13146	-8276	7186	-346	-225	279	39	163	29	2577	12885	2577	70251047
-13220	-8294	7214	-385	-171	262	39	163	29	2578	12890	2578	70251047
-13124	-8324	7070	-376	-169	258	41	161	29	2579	12895	2579	70251048
-13072	-8370	7024	-415	-202	256	41	161	29	2580	12900	2580	70251048
-13024	-8326	7028	-540	-237	243	43	165	31	2581	12905	2581	70251048
-13036	-8312	7014	-584	-246	230	43	165	31	2582	12910	2582	70251049
-13130	-8250	7050	-596	-296	224	38	162	28	2583	12915	2583	70251049
-13224	-8240	6908	-646	-306	237	38	162	28	2584	12920	2584	70251049
-13166	-8282	6950	-688	-310	226	42	164	32	2585	12925	2585	70251050
-13168	-8176	7088	-692	-300	236	42	164	32	2586	12930	2586	70251091
-13206	-8144	7022	-678	-283	245	40	164	26	2587	12935	2587	70251093
-13182	-8132	7082	-671	-276	253	40	164	26	2588	12940	2588	70251094
-13252	-8124	6996	-663	-296	246	39	163	27	2589	12945	2589	70251096
-13178	-7996	7070	-624	-288	238	39	163	27	2590	12950	2590	70251122
-13234	-7990	7040	-597	-290	229	34	154	28	2591	12955	2591	70251123
-13298	-7960	7088	-557	-308	215	34	154	28	2592	12960	2592	70251124
-13348	-7990	7028	-434	-279	214	47	169	25	2593	12965	2593	70251126
-13374	-8044	7072	-348	-252	208	47	169	25	2594	12970	2594	70251126
-13376	-8114	7024	-220	-246	206	31	153	25	2595	12975	2595	70251127
-13368	-8146	7070	-185	-245	226	31	153	25	2596	12980	2596	70251128
-13356	-8146	7126	-159	-232	236	43	169	27	2597	12985	2597	70251129
-13378	-8230	7070	-138	-233	251	43	169	27	2598	12990	2598	70251132
-13330	-8372	7138	-188	-232	253	36	160	32	2599	12995	2599	70251133
-13314	-8336	7164	-263	-211	250	36	160	32	2600	13000	2600	70251174
-13248	-8272	7160	-270	-203	247	37	159	23	2601	13005	2601	70251175
-13170	-8322	7080	-261	-185	251	37	159	23	2602	13010	2602	70251175
-13142	-8340	7062	-228	-211	238	42	164	36	2603	13015	2603	70251176
-13126	-8372	7138	-222	-227	241	42	164	36	2604	13020	2604	70251177
-13212	-8372	7122	-222	-258	235	37	163	27	2605	13025	2605	70251177
-13270	-8332	7060	-192	-233	206	37	163	27	2606	13030	2606	70251178
-13326	-8440	7092	-188	-228	199	39	161	29	2607	13035	2607	70251178
-13308	-8434	7162	-177	-241	203	39	161	29	2608	13040	2608	70251179
-13294	-8494	7272	-184	-232	207	39	163	35	2609	13045	2609	70251179
-13320	-8526	7190	-183	-240	199	39	163	35	2610	13050	2610	70251180
-13350	-8594	7222	-211	-234	217	42	162	28	2611	13055	2611	70251180
-13276	-8594	7160	-304	-233	243	42	162	28	2612	13060	2612	70251181
-13292	-8552	7100	-381	-205	244	40	166	28	2613	13065	2613	70251198
-13200	-8474	7076	-464	-203	242	40	166	28	2614	13070	2614	70251199
-13138	-8428	7064	-485	-220	259	37	163	29	2615	13075	2615	70251199
-13144	-8408	7118	-480	-246	253	37	163	29	2616	13080	2616	70251224
-13234	-8366	7122	-476	-293	256	37	167	27	2617	13085	2617	70251225
-13234	-8316	7132	-479	-300	245	37	167	27	2618	13090	2618	70251225
-13202	-8296	7164	-474	-273	232	44	164	28	2619	13095	2619	70251226
-13200	-8382	7128	-493	-258	225	44	164	28	2620	13100	2620	70251226
-13218	-8352	7122	-556	-215	200	36	166	32	2621	13105	2621	70251226
-13226	-8332	7216	-620	-229	220	36	166	32	2622	13110	2622	70251227
-13080	-8312	7132	-599	-246	231	34	166	28	2623	13115	2623	70251227
-13122	-8276	7186	-558	-274	224	34	166	28	2624	13120	2624	70251227
-13142	-8284	7204	-538	-289	215	37	163	31	2625	13125	2625	70251228
-13220	-8286	7112	-542	-291	223	37	163	31	2626	13130	2626	70251309
-13204	-8262	7218	-522	-291	195	36	160	28	2627	13135	2627	70251310
-13158	-8178	7194	-471	-279	193	36	160	28	2628	13140	2628	70251310
-13132	-8210	7256	-454	-269	189	42	162	26	2629	13145	2629	70251310
-13158	-8176	7186	-442	-269	198	42	162	26	2630	13150	2630	70251311
-13256	-8254	7198	-437	-234	198	34	164	22	2631	13155	2631	70251311
-13236	-8248	7260	-416	-197	215	34	164	22	2632	13160	2632	70251311
-13208	-8206	7208	-346	-159	211	40	160	32	2633	13165	2633	70251312
-13120	-8132	7132	-324	-165	231	40	160	32	2634	13170	2634	70251312
-13154	-8174	7104	-319	-184	233	39	163	29	2635	13175	2635	70251312
-13160	-8184	7188	-307	-222	242	39	163	29	2636	13180	2636	70251353
-13124	-8152	7140	-254	-256	223	38	164	28	2637	13185	2637	70251385
-13146	-8104	7046	-216	-255	218	38	164	28	2638	13190	2638	70251385
-13286	-8222	7062	-225	-236	217	41	163	27	2639	13195	2639	70251385
-13312	-8302	7102	-269	-208	210	41	163	27	2640	13200	2640	70251386
-13284	-8298	7030	-267	-157	187	37	163	25	2641	13205	2641	70251386
-13206	-8324	7098	-252	-142	185	37	163	25	2642	13210	2642	70251386
-13212	-8394	6942	-271	-140	179	39	163	27	2643	13215	2643	70251387
-13192	-8348	7058	-348	-188	186	39	163	27	2644	13220	2644	70251387
-13234	-8380	7026	-368	-223	179	38	162	30	2645	13225	2645	70251387
-13214	-8352	7116	-401	-254	174	38	162	30	2646	13230	2646	70251388
-13292	-8320	6998	-428	-252	164	42	162	26	2647	13235	2647	70251388
-13314	-8260	7120	-444	-246	157	42	162	26	2648	13240	2648	70251389
-13370	-8312	7198	-449	-233	155	44	162	30	2649	13245	2649	70251389
