-2017	-8618	-13088	-461	-198	205	-48	160	-123	1	1	1	73447034	
-2023	-8610	-13097	-462	-195	202	-46	160	-124	2	6	2	73447045	
-1998	-8565	-13075	-462	-195	203	-47	159	-120	3	11	3	73447056	
-2009	-8539	-13088	-461	-197	203	-49	157	-113	4	16	4	73447058	
-2008	-8558	-13131	-462	-195	205	-49	159	-114	5	21	5	73447058	
-1995	-8533	-13069	-457	-188	209	-50	162	-116	6	26	6	73447058	
-2000	-8517	-13073	-463	-190	218	-50	160	-118	7	31	7	73447059	
-2047	-8543	-13063	-478	-192	224	-50	158	-120	8	36	8	73447059	
-2034	-8539	-13053	-487	-187	234	-47	160	-121	9	41	9	73447060	
-2022	-8530	-13066	-486	-196	241	-45	161	-121	10	46	10	73447060	
-2049	-8499	-13023	-488	-202	240	-48	158	-123	11	51	11	73447061	
-2051	-8530	-13025	-480	-215	243	-50	156	-124	12	56	12	73447061	
-1976	-8481	-13007	-472	-221	242	-52	155	-121	13	61	13	73447090	
-1945	-8484	-13030	-469	-210	239	-53	155	-119	14	66	14	73447109	
-1934	-8506	-13004	-451	-203	233	-52	156	-121	15	71	15	73447109	
-1933	-8506	-13048	-428	-206	231	-52	156	-122	16	76	16	73447110	
-1952	-8539	-13001	-412	-208	223	-49	156	-122	17	81	17	73447110	
-1945	-8588	-13041	-432	-204	228	-48	156	-122	18	86	18	73447110	
-1945	-8624	-13065	-460	-190	232	-50	158	-121	19	91	19	73447111	
-1908	-8609	-13093	-479	-198	239	-51	159	-121	20	96	20	73447111	
-1978	-8614	-13092	-517	-205	234	-53	157	-119	21	101	21	73447111	
-1921	-8622	-13100	-552	-224	248	-53	157	-119	22	106	22	73447111	
-1956	-8610	-13096	-558	-232	248	-49	158	-120	23	111	23	73447150	
-1957	-8611	-13093	-567	-237	246	-48	158	-120	24	116	24	73447160	
-1995	-8580	-13134	-553	-243	245	-51	155	-123	25	121	25	73447160	
-2016	-8571	-13129	-543	-244	243	-52	154	-124	26	126	26	73447161	
-2072	-8580	-13060	-534	-234	238	-50	159	-121	27	131	27	73447161	
-2028	-8555	-13079	-514	-225	243	-50	160	-120	28	136	28	73447161	
-1960	-8526	-13075	-510	-221	243	-47	162	-125	29	141	29	73447224	
-2018	-8582	-13090	-499	-213	253	-46	162	-126	30	146	30	73447241	
-1978	-8552	-13134	-499	-210	249	-48	160	-123	31	151	31	73447241	
-2018	-8588	-13056	-501	-204	243	-48	160	-122	32	156	32	73447241	
-1986	-8594	-13085	-499	-206	245	-49	161	-123	33	161	33	73447241	
-2002	-8530	-13052	-495	-214	240	-49	161	-123	34	166	34	73447242	
-1972	-8578	-13062	-494	-205	237	-61	161	-125	35	171	35	73447242	
-2052	-8498	-13060	-493	-213	237	-61	161	-125	36	176	36	73447243	
-1986	-8460	-12998	-493	-215	238	-41	159	-123	37	181	37	73447243	
-1976	-8544	-12992	-495	-223	236	-41	159	-123	38	186	38	73447243	
-1980	-8544	-13016	-492	-214	244	-49	153	-121	39	191	39	73447294	
-1990	-8520	-13082	-499	-237	228	-49	153	-121	40	196	40	73447294	
-1914	-8634	-13080	-499	-222	235	-52	154	-122	41	201	41	73447295	
-1926	-8560	-12995	-488	-221	231	-52	155	-121	42	206	42	73447295	
-1942	-8562	-13060	-494	-222	246	-51	161	-119	43	211	43	73447295	
-1894	-8556	-13076	-499	-220	249	-51	161	-120	44	216	44	73447295	
-1920	-8601	-13179	-487	-214	236	-52	160	-124	45	221	45	73447296	
-1928	-8626	-13086	-496	-211	233	-52	160	-124	46	226	46	73447296	
-1872	-8658	-13114	-499	-211	247	-51	157	-121	47	231	47	73447296	
-1948	-8648	-13116	-504	-217	244	-51	157	-121	48	236	48	73447297	
-1926	-8578	-13064	-496	-213	240	-47	159	-119	49	241	49	73447297	
-1914	-8514	-13077	-506	-236	232	-47	159	-119	50	246	50	73447297	
-1955	-8541	-13044	-507	-238	226	-49	161	-119	51	251	51	73447301	
-2010	-8572	-13101	-509	-225	227	-49	160	-119	52	256	52	73447316	
-1988	-8558	-13046	-509	-224	221	-48	158	-120	53	261	53	73447322	
-2074	-8590	-13092	-510	-227	226	-49	158	-120	54	266	54	73447353	
-2031	-8571	-13088	-512	-236	233	-52	160	-122	55	271	55	73447395	
-2016	-8526	-13132	-515	-232	229	-51	160	-122	56	276	56	73447396	
-2038	-8550	-13074	-518	-227	238	-48	160	-120	57	281	57	73447396	
-2026	-8555	-13075	-519	-228	240	-49	160	-120	58	286	58	73447396	
-2022	-8571	-13075	-519	-224	238	-51	161	-119	59	291	59	73447397	
-2018	-8487	-13060	-524	-230	242	-53	159	-119	60	296	60	73447397	
-1984	-8473	-13104	-525	-227	246	-56	156	-120	61	301	61	73447397	
-1956	-8541	-13172	-521	-227	232	-54	157	-119	62	306	62	73447398	
-1953	-8523	-13136	-516	-228	236	-50	158	-118	63	311	63	73447398	
-1981	-8506	-13065	-505	-230	242	-51	159	-118	64	316	64	73447398	
-1984	-8521	-13070	-501	-231	234	-53	161	-117	65	321	65	73447399	
-1965	-8549	-13093	-501	-227	233	-50	159	-121	66	326	66	73447409	
-1944	-8544	-13062	-506	-229	242	-46	156	-128	67	331	67	73447424	
-1962	-8517	-13087	-507	-224	242	-46	156	-125	68	336	68	73447424	
-1949	-8527	-13112	-503	-224	235	-47	155	-121	69	341	69	73447425	
-1982	-8507	-13130	-510	-225	239	-47	155	-119	70	346	70	73447425	
-1972	-8503	-13053	-505	-220	242	-47	155	-117	71	351	71	73447445	
-1935	-8544	-13066	-502	-219	244	-50	156	-118	72	356	72	73447485	
-1941	-8556	-13060	-500	-223	248	-55	157	-119	73	361	73	73447501	
-1989	-8541	-13078	-496	-221	247	-54	157	-117	74	366	74	73447502	
-1990	-8510	-13074	-502	-225	244	-52	156	-114	75	371	75	73447502	
-1983	-8540	-13049	-510	-226	247	-53	155	-117	76	376	76	73447502	
-1996	-8545	-13037	-512	-226	250	-53	155	-119	77	381	77	73447503	
-1998	-8531	-13117	-514	-231	251	-51	161	-118	78	386	78	73447503	
-2014	-8532	-13134	-520	-227	253	-49	165	-117	79	391	79	73447503	
-2009	-8548	-13132	-523	-226	254	-51	162	-121	80	396	80	73447503	
-1978	-8546	-13141	-525	-225	250	-52	160	-124	81	401	81	73447504	
-2024	-8534	-13164	-535	-228	252	-51	157	-125	82	406	82	73447504	
-2020	-8501	-13110	-541	-234	251	-51	155	-125	83	411	83	73447504	
-1952	-8519	-13067	-540	-237	251	-48	155	-120	84	416	84	73447522	
-1959	-8475	-13081	-530	-223	248	-47	155	-119	85	421	85	73447527	
-1998	-8476	-13078	-526	-216	243	-49	162	-126	86	426	86	73447528	
-2020	-8469	-13102	-527	-210	248	-50	164	-128	87	431	87	73447528	
-1971	-8510	-13080	-530	-203	247	-50	159	-125	88	436	88	73447529	
-1966	-8569	-13058	-525	-211	256	-50	156	-124	89	441	89	73447529	
-1986	-8610	-13041	-514	-220	256	-49	155	-121	90	446	90	73447529	
-1983	-8594	-13104	-517	-220	254	-49	155	-119	91	451	91	73447530	
-2023	-8558	-13123	-514	-220	262	-54	157	-115	92	456	92	73447588	
-1979	-8571	-13106	-512	-222	252	-56	158	-114	93	461	93	73447607	
-1954	-8632	-13118	-514	-224	247	-50	159	-118	94	466	94	73447608	
-1947	-8596	-13020	-521	-224	244	-49	159	-119	95	471	95	73447609	
-1909	-8522	-13029	-521	-222	244	-52	159	-119	96	476	96	73447609	
-1910	-8520	-12992	-514	-239	247	-53	159	-119	97	481	97	73447610	
-1931	-8529	-12974	-519	-233	243	-52	155	-115	98	486	98	73447610	
-1949	-8503	-13007	-511	-232	233	-52	154	-114	99	491	99	73447611	
-1956	-8508	-13006	-497	-230	234	-52	156	-124	100	496	100	73447611	
-1932	-8516	-12944	-496	-238	248	-52	156	-124	101	501	101	73447611	
-1916	-8576	-13010	-492	-232	244	-52	162	-120	102	506	102	73447633	
-1916	-8584	-13012	-484	-221	250	-52	162	-120	103	511	103	73447633	
-1950	-8626	-13120	-497	-222	253	-53	161	-119	104	516	104	73447687	
-1970	-8604	-13132	-508	-224	270	-53	161	-119	105	521	105	73447687	
-2014	-8668	-13158	-527	-240	254	-49	161	-125	106	526	106	73447688	
-1950	-8716	-13248	-552	-233	266	-49	161	-125	107	531	107	73447688	
-2058	-8636	-13146	-564	-235	251	-50	156	-122	108	536	108	73447688	
-2001	-8662	-13139	-570	-243	264	-51	156	-122	109	541	109	73447688	
-1914	-8642	-13146	-579	-248	261	-54	154	-120	110	546	110	73447689	
-2002	-8580	-13096	-566	-250	239	-54	154	-120	111	551	111	73447689	
-1972	-8552	-13096	-539	-244	240	-52	160	-122	112	556	112	73447689	
-2014	-8516	-13116	-534	-244	230	-52	160	-122	113	561	113	73447690	
-2044	-8482	-13000	-512	-243	231	-48	154	-124	114	566	114	73447690	
-2038	-8484	-13070	-502	-245	217	-48	154	-124	115	571	115	73447690	
-2004	-8506	-13194	-502	-244	228	-50	160	-118	116	576	116	73447690	
-1963	-8446	-13125	-522	-225	224	-51	161	-119	117	581	117	73447695	
-2016	-8381	-13125	-522	-233	218	-55	163	-125	118	586	118	73447714	
-2042	-8423	-13108	-533	-229	215	-54	162	-124	119	591	119	73447736	
-2002	-8466	-13119	-536	-224	219	-48	160	-118	120	596	120	73447737	
-2015	-8418	-13114	-530	-210	218	-48	159	-119	121	601	121	73447737	
-1974	-8413	-13168	-511	-207	224	-49	157	-123	122	606	122	73447737	
-1973	-8481	-13145	-506	-218	234	-49	157	-124	123	611	123	73447738	
-1943	-8487	-13073	-488	-213	227	-51	159	-127	124	616	124	73447738	
-1963	-8498	-13065	-473	-200	226	-50	159	-126	125	621	125	73447738	
-1947	-8526	-13096	-469	-198	232	-46	158	-124	126	626	126	73447738	
-1940	-8563	-13075	-474	-201	232	-46	158	-122	127	631	127	73447739	
-1969	-8577	-13082	-488	-198	219	-47	159	-119	128	636	128	73447739	
-1960	-8593	-13132	-493	-198	219	-49	158	-120	129	641	129	73447739	
-1957	-8626	-13183	-489	-207	222	-53	157	-121	130	646	130	73447749	
-1970	-8581	-13186	-499	-208	219	-51	157	-119	131	651	131	73447765	
-1987	-8568	-13079	-502	-206	219	-47	157	-115	132	656	132	73447765	
-1959	-8564	-13082	-499	-201	218	-49	156	-117	133	661	133	73447766	
-2002	-8510	-13108	-512	-204	207	-54	154	-122	134	666	134	73447766	
-1976	-8486	-13078	-512	-211	205	-53	155	-122	135	671	135	73447766	
-1946	-8464	-13086	-515	-207	212	-51	157	-121	136	676	136	73447766	
-1972	-8426	-13070	-515	-200	212	-49	158	-120	137	681	137	73447767	
-1998	-8447	-13091	-510	-196	210	-47	159	-119	138	686	138	73447767	
-1989	-8481	-13168	-504	-191	207	-48	157	-119	139	691	139	73447767	
-1989	-8486	-13150	-502	-190	203	-49	153	-119	140	696	140	73447767	
-1987	-8491	-13166	-511	-190	207	-47	157	-120	141	701	141	73447768	
-2029	-8457	-13149	-520	-193	222	-44	162	-122	142	706	142	73447768	
-2022	-8483	-13076	-520	-191	226	-48	158	-121	143	711	143	73447768	
-2008	-8516	-13112	-509	-190	221	-50	156	-120	144	716	144	73447799	
-2010	-8519	-13136	-502	-193	225	-50	156	-119	145	721	145	73447819	
-1998	-8500	-13142	-502	-191	235	-50	156	-118	146	726	146	73447820	
-1965	-8496	-13095	-487	-192	226	-49	158	-120	147	731	147	73447820	
-1968	-8503	-13087	-476	-196	219	-49	159	-121	148	736	148	73447820	
-2000	-8545	-13097	-471	-200	221	-46	160	-120	149	741	149	73447821	
-1943	-8539	-13113	-483	-184	221	-44	160	-120	150	746	150	73447822	
-1939	-8598	-13130	-506	-184	233	-51	162	-121	151	751	151	73447822	
-1902	-8611	-13066	-528	-190	233	-53	163	-121	152	756	152	73447823	
-1905	-8570	-13093	-549	-192	223	-48	163	-119	153	761	153	73447823	
-1877	-8599	-13131	-568	-197	220	-47	163	-119	154	766	154	73447823	
-1934	-8572	-13144	-587	-207	220	-51	162	-120	155	771	155	73447852	
-1927	-8531	-13173	-601	-214	222	-53	161	-121	156	776	156	73447872	
-1938	-8532	-13148	-611	-213	216	-49	161	-120	157	781	157	73447872	
-1898	-8528	-13135	-621	-221	211	-47	161	-119	158	786	158	73447873	
-1943	-8532	-13154	-619	-218	217	-50	159	-122	159	791	159	73447874	
-1970	-8524	-13124	-617	-218	218	-51	159	-123	160	796	160	73447874	
-1988	-8565	-12953	-611	-207	218	-53	157	-123	161	801	161	73447874	
-1978	-8550	-13051	-616	-214	206	-53	157	-123	162	806	162	73447875	
-1937	-8534	-13124	-607	-211	213	-49	156	-122	163	811	163	73447875	
-1968	-8542	-13115	-601	-209	220	-48	156	-122	164	816	164	73447876	
-2012	-8486	-13163	-613	-203	222	-49	163	-126	165	821	165	73447876	
-1996	-8483	-13152	-618	-212	223	-49	165	-127	166	826	166	73447933	
-2010	-8516	-13116	-611	-205	218	-52	162	-122	167	831	167	73447947	
-1978	-8494	-13136	-596	-207	220	-52	162	-122	168	836	168	73447948	
-2002	-8482	-13074	-592	-209	224	-47	157	-121	169	841	169	73447948	
-1908	-8542	-13116	-602	-202	228	-47	157	-121	170	846	170	73447948	
-1952	-8450	-13202	-602	-213	227	-55	157	-123	171	851	171	73447949	
-1978	-8590	-13134	-594	-222	228	-55	157	-123	172	856	172	73447949	
-1952	-8506	-13022	-596	-223	237	-48	158	-116	173	861	173	73447951	
-1990	-8554	-13216	-580	-203	231	-48	158	-116	174	866	174	73447951	
-1950	-8482	-13074	-575	-206	235	-52	156	-112	175	871	175	73447952	
-1972	-8502	-13042	-581	-203	228	-52	156	-112	176	876	176	73447952	
-1954	-8450	-13028	-583	-218	236	-52	158	-120	177	881	177	73447953	
-1936	-8478	-13086	-565	-210	235	-52	158	-120	178	886	178	73447953	
-1874	-8576	-13064	-561	-214	240	-50	158	-130	179	891	179	73447954	
-1920	-8508	-13002	-565	-213	233	-50	158	-130	180	896	180	73447954	
-1898	-8510	-13062	-570	-212	237	-61	161	-117	181	901	181	73448025	
-1962	-8562	-13144	-584	-210	232	-61	161	-117	182	906	182	73448025	
-1988	-8480	-13172	-585	-214	236	-45	161	-119	183	911	183	73448025	
-1953	-8506	-13114	-589	-226	220	-45	161	-119	184	916	184	73448026	
-1980	-8510	-13146	-588	-221	226	-47	163	-121	185	921	185	73448026	
-1994	-8521	-13113	-602	-223	225	-48	162	-120	186	926	186	73448026	
-1961	-8493	-13106	-593	-219	218	-52	160	-116	187	931	187	73448026	
-2016	-8486	-13105	-596	-232	218	-52	159	-117	188	936	188	73448027	
-2014	-8470	-13148	-603	-234	219	-53	157	-121	189	941	189	73448027	
-1972	-8476	-13124	-600	-230	230	-52	157	-120	190	946	190	73448027	
-1982	-8497	-13157	-603	-222	233	-47	157	-115	191	951	191	73448040	
-1932	-8454	-13155	-598	-225	230	-48	158	-118	192	956	192	73448077	
-1976	-8440	-13173	-590	-225	231	-50	160	-122	193	961	193	73448077	
-2004	-8433	-13203	-583	-215	226	-50	160	-120	194	966	194	73448078	
-2003	-8450	-13135	-579	-208	230	-49	159	-117	195	971	195	73448078	
-1981	-8456	-13062	-586	-211	233	-50	158	-117	196	976	196	73448078	
-1976	-8452	-13089	-589	-223	224	-53	155	-117	197	981	197	73448079	
-1948	-8429	-13112	-578	-214	226	-52	156	-118	198	986	198	73448079	
-1925	-8412	-13157	-575	-215	231	-49	161	-121	199	991	199	73448079	
-1923	-8423	-13150	-573	-208	232	-49	161	-121	200	996	200	73448080	
