-17070	-202	1988	54	-278	186	37	235	115	4584	22920	4584	74493553
-17036	-324	1912	71	-280	143	54	240	114	4585	22925	4585	74493554
-16918	-308	1960	77	-339	114	54	240	114	4586	22930	4586	74493554
-16830	-422	2148	131	-473	39	42	236	116	4587	22935	4587	74493555
-16850	-474	2096	217	-528	-68	42	236	116	4588	22940	4588	74493556
-16832	-446	2072	274	-544	-97	43	241	121	4589	22945	4589	74493559
-16768	-424	2280	454	-556	-125	43	241	121	4590	22950	4590	74493559
-16628	-296	2280	603	-607	-134	43	233	113	4591	22955	4591	74493561
-16648	-212	2330	677	-663	-143	43	233	113	4592	22960	4592	74493563
-16636	-158	2368	794	-773	-132	46	232	116	4593	22965	4593	74493563
-16738	38	2186	777	-827	-151	46	232	116	4594	22970	4594	74493565
-16808	260	2076	683	-799	-184	42	232	118	4595	22975	4595	74493566
-16914	394	2008	581	-776	-229	42	232	118	4596	22980	4596	74493603
-17096	668	1890	386	-687	-337	41	233	119	4597	22985	4597	74493613
-17268	656	1980	199	-637	-445	41	233	119	4598	22990	4598	74493613
-17424	648	1958	122	-618	-501	46	232	114	4599	22995	4599	74493614
-17570	590	1982	-48	-522	-594	46	232	114	4600	23000	4600	74493614
-17758	520	1970	-183	-331	-646	45	235	121	4601	23005	4601	74493615
-17984	334	1818	-268	-191	-675	45	235	121	4602	23010	4602	74493615
-18002	128	1816	-381	201	-657	47	235	117	4603	23015	4603	74493616
-17966	-26	1926	-353	595	-617	47	235	117	4604	23020	4604	74493617
-17750	-120	1712	-362	786	-575	51	235	121	4605	23025	4605	74493617
-17920	-402	1502	-410	1049	-475	51	235	121	4606	23030	4606	74493618
-17878	-700	1434	-429	1184	-307	50	230	116	4607	23035	4607	74493618
-17688	-712	1314	-431	1220	-203	50	230	116	4608	23040	4608	74493619
-17700	-734	1040	-491	1241	-40	51	239	111	4609	23045	4609	74493629
-17564	-676	850	-487	1222	143	51	239	111	4610	23050	4610	74493630
-17524	-708	782	-536	1187	217	55	237	113	4611	23055	4611	74493631
-17450	-712	478	-594	1009	360	55	237	113	4612	23060	4612	74493632
-17180	-810	660	-671	683	458	46	236	114	4613	23065	4613	74493633
-17062	-822	582	-689	476	496	46	236	114	4614	23070	4614	74493634
-16896	-804	422	-669	75	580	47	233	111	4615	23075	4615	74493635
-16622	-648	218	-658	-158	649	47	233	111	4616	23080	4616	74493636
-16532	-476	142	-668	-195	653	54	234	114	4617	23085	4617	74493636
-16454	-202	-96	-704	-294	687	54	234	114	4618	23090	4618	74493637
-16120	178	-192	-743	-360	693	41	237	119	4619	23095	4619	74493655
-16192	170	-296	-753	-357	686	41	237	119	4620	23100	4620	74493656
-16264	414	-468	-889	-316	702	42	240	114	4621	23105	4621	74493657
-16178	616	-264	-1123	-262	719	42	240	114	4622	23110	4622	74493657
-16172	624	-244	-1240	-222	705	47	237	115	4623	23115	4623	74493658
-16110	680	-142	-1502	-167	671	47	237	115	4624	23120	4624	74493658
-16116	642	104	-1717	-125	574	47	235	115	4625	23125	4625	74493659
-16164	470	84	-1828	-85	542	47	235	115	4626	23130	4626	74493659
-16264	450	304	-2006	-1	491	46	234	116	4627	23135	4627	74493660
-16386	256	350	-2115	135	492	46	234	116	4628	23140	4628	74493660
-16598	168	392	-2142	200	429	49	235	115	4629	23145	4629	74493660
-16718	26	334	-2256	198	440	49	235	115	4630	23150	4630	74493661
-16828	-86	332	-2320	106	488	47	237	113	4631	23155	4631	74493661
-16808	-214	372	-2420	-41	581	47	237	113	4632	23160	4632	74493705
-16978	-146	356	-2594	-355	586	34	232	122	4633	23165	4633	74493737
-16934	30	422	-2611	-580	759	34	232	122	4634	23170	4634	74493737
-16968	-4	462	-2759	-656	739	48	236	120	4635	23175	4635	74493737
-17078	144	244	-2757	-714	802	48	236	120	4636	23180	4636	74493738
-16902	300	238	-2753	-770	873	41	231	111	4637	23185	4637	74493738
-16952	524	190	-2827	-801	847	41	231	111	4638	23190	4638	74493739
-16848	538	346	-2849	-833	1008	45	233	119	4639	23195	4639	74493739
-16784	784	264	-2769	-916	1075	45	233	119	4640	23200	4640	74493740
-16826	958	316	-2758	-945	1152	46	236	120	4641	23205	4641	74493740
-16706	1290	352	-2688	-975	1185	46	236	120	4642	23210	4642	74493740
-16568	1534	268	-2587	-919	1239	38	238	120	4643	23215	4643	74493786
-16664	1472	194	-2525	-901	1223	38	238	120	4644	23220	4644	74493786
-16574	1528	156	-2391	-765	1255	43	233	115	4645	23225	4645	74493788
-16606	1630	296	-2372	-710	1136	43	233	115	4646	23230	4646	74493789
-16560	1708	418	-2303	-644	1102	51	241	113	4647	23235	4647	74493789
-16410	1746	464	-2121	-571	1074	51	241	113	4648	23240	4648	74493790
-16404	1674	424	-2010	-586	986	47	231	115	4649	23245	4649	74493790
-16402	1740	460	-2022	-607	981	47	231	115	4650	23250	4650	74493791
-16388	1550	340	-1983	-513	914	43	237	117	4651	23255	4651	74493791
-16408	1536	292	-2060	-383	825	43	237	117	4652	23260	4652	74493792
-16316	1446	242	-2173	-286	705	44	236	114	4653	23265	4653	74493813
-16222	1508	134	-2226	-228	619	44	236	114	4654	23270	4654	74493814
-16152	1238	-46	-2311	-149	487	45	233	121	4655	23275	4655	74493814
-16138	1002	100	-2360	-117	287	45	233	121	4656	23280	4656	74493814
-16082	1222	-28	-2361	-122	195	45	231	115	4657	23285	4657	74493815
-16070	746	34	-2385	-151	37	45	231	115	4658	23290	4658	74493815
-16168	728	-44	-2495	-289	-100	47	237	115	4659	23295	4659	74493816
-16256	722	40	-2486	-372	-173	47	237	115	4660	23300	4660	74493816
-16436	780	-46	-2591	-443	-269	42	238	116	4661	23305	4661	74493816
-16436	534	-132	-2611	-295	-404	42	238	116	4662	23310	4662	74493817
-16538	576	-180	-2617	-235	-448	48	236	118	4663	23315	4663	74493817
-16394	862	-382	-2609	-105	-476	48	236	118	4664	23320	4664	74493888
-16364	866	-232	-2591	-64	-525	35	229	121	4665	23325	4665	74493914
-16456	732	-238	-2573	-69	-538	35	229	121	4666	23330	4666	74493915
-16550	912	-414	-2526	-69	-579	46	234	116	4667	23335	4667	74493915
-16400	942	-452	-2517	34	-590	46	234	116	4668	23340	4668	74493917
-16290	964	-368	-2501	70	-602	40	234	112	4669	23345	4669	74493917
-16364	1134	-258	-2348	10	-611	40	234	112	4670	23350	4670	74493941
-16168	1116	-192	-2193	-121	-588	41	229	115	4671	23355	4671	74493942
-16282	1140	-276	-2145	-257	-623	41	229	115	4672	23360	4672	74493942
-16106	1250	-276	-2092	-341	-583	48	234	116	4673	23365	4673	74493943
-16072	1366	-188	-2057	-422	-570	48	234	116	4674	23370	4674	74493943
-15954	1488	-232	-2050	-481	-582	40	228	126	4675	23375	4675	74493943
-15970	1352	-306	-2081	-551	-625	40	228	126	4676	23380	4676	74493944
-16086	1296	-288	-2122	-578	-640	48	228	114	4677	23385	4677	74493944
-16142	1350	-302	-2150	-587	-654	48	228	114	4678	23390	4678	74493945
-16166	1216	-212	-2139	-540	-724	44	226	118	4679	23395	4679	74493946
-16150	1056	-240	-2133	-552	-782	44	226	118	4680	23400	4680	74493946
-16180	1010	-172	-2139	-603	-816	44	228	112	4681	23405	4681	74493946
-16288	1044	-112	-2225	-780	-865	44	228	112	4682	23410	4682	74493964
-16460	600	84	-2320	-921	-946	41	229	117	4683	23415	4683	74493965
-16454	656	84	-2357	-976	-1012	41	229	117	4684	23420	4684	74493965
-16650	614	212	-2355	-898	-1093	44	230	122	4685	23425	4685	74493966
-16666	704	342	-2310	-793	-1159	44	230	122	4686	23430	4686	74493966
-16666	584	304	-2270	-702	-1177	51	231	119	4687	23435	4687	74493966
-16652	614	354	-2195	-464	-1196	51	231	119	4688	23440	4688	74493967
-16618	518	454	-2066	-184	-1219	50	228	116	4689	23445	4689	74493967
-16642	458	484	-2092	-42	-1212	50	228	116	4690	23450	4690	74493968
-16710	466	456	-2112	203	-1218	41	227	117	4691	23455	4691	74494015
-16562	380	434	-2107	433	-1255	41	227	117	4692	23460	4692	74494017
-16590	454	324	-2041	566	-1308	45	233	117	4693	23465	4693	74494018
-16648	538	244	-2205	834	-1324	45	233	117	4694	23470	4694	74494018
-16462	614	128	-2382	964	-1354	44	234	112	4695	23475	4695	74494019
-16398	422	180	-2448	1039	-1422	44	234	112	4696	23480	4696	74494019
-16342	784	114	-2708	981	-1500	50	232	114	4697	23485	4697	74494020
-16378	728	92	-2865	912	-1583	50	232	114	4698	23490	4698	74494021
-16432	822	148	-2947	837	-1622	51	231	115	4699	23495	4699	74494021
-16396	946	88	-3048	747	-1669	51	231	115	4700	23500	4700	74494022
-16322	1100	126	-3163	574	-1725	43	233	117	4701	23505	4701	74494126
-16252	1064	52	-3231	474	-1754	43	233	117	4702	23510	4702	74494126
-16254	1188	254	-3453	289	-1823	49	231	113	4703	23515	4703	74494127
-16398	1268	350	-3627	81	-1850	49	231	113	4704	23520	4704	74494127
-16412	1436	410	-3690	-85	-1851	47	235	109	4705	23525	4705	74494127
-16546	1546	318	-3692	-389	-1889	47	235	109	4706	23530	4706	74494128
-16720	1640	388	-3749	-542	-1916	45	235	117	4707	23535	4707	74494129
-16816	1652	264	-3738	-555	-1960	45	235	117	4708	23540	4708	74494130
-16868	1684	172	-3754	-543	-1984	50	226	116	4709	23545	4709	74494130
-17068	1554	28	-3796	-523	-2029	50	226	116	4710	23550	4710	74494131
-17116	1462	12	-3843	-546	-2068	53	233	109	4711	23555	4711	74494131
-17308	1332	-124	-3883	-559	-2114	53	233	109	4712	23560	4712	74494131
-17494	1128	-262	-3964	-583	-2168	47	233	111	4713	23565	4713	74494132
-17542	1064	-168	-4074	-636	-2236	47	233	111	4714	23570	4714	74494132
-17672	884	-312	-4125	-642	-2254	49	235	111	4715	23575	4715	74494176
-17938	906	-512	-4226	-593	-2371	49	235	111	4716	23580	4716	74494176
-17998	892	-634	-4362	-448	-2440	49	227	117	4717	23585	4717	74494177
-17836	892	-730	-4423	-378	-2478	49	227	117	4718	23590	4718	74494177
-17778	1044	-776	-4565	-300	-2582	52	230	114	4719	23595	4719	74494178
-17912	1148	-938	-4662	-287	-2652	52	230	114	4720	23600	4720	74494178
-17870	1060	-916	-4722	-295	-2671	52	230	122	4721	23605	4721	74494225
-17814	918	-660	-4880	-410	-2715	52	230	122	4722	23610	4722	74494306
-17798	586	-272	-5225	-650	-2790	52	230	120	4723	23615	4723	74494307
-17758	398	44	-5442	-806	-2833	52	230	120	4724	23620	4724	74494307
-17902	4	992	-5954	-1286	-2924	53	231	117	4725	23625	4725	74494308
-18208	-214	1764	-6335	-1891	-2958	53	231	117	4726	23630	4726	74494308
-18560	-294	2240	-6413	-2205	-2981	55	229	117	4727	23635	4727	74494308
-19246	-322	3024	-6221	-2805	-2988	55	229	117	4728	23640	4728	74494309
-20500	-88	3596	-5540	-3224	-2905	56	228	116	4729	23645	4729	74494309
-21216	150	3662	-5133	-3249	-2754	56	228	116	4730	23650	4730	74494309
-22056	680	3760	-4539	-2879	-2337	57	229	117	4731	23655	4731	74494310
-22136	1228	3378	-4270	-2173	-1930	57	229	117	4732	23660	4732	74494310
-22004	1452	3006	-4181	-1730	-1780	53	223	107	4733	23665	4733	74494311
-22086	1950	2214	-3993	-698	-1563	53	223	107	4734	23670	4734	74494311
-21792	1880	1872	-3699	274	-1428	58	228	116	4735	23675	4735	74494312
-21726	1614	1952	-3528	696	-1296	58	228	116	4736	23680	4736	74494312
-21446	1502	1770	-3263	1152	-784	48	222	124	4737	23685	4737	74494312
-21010	690	2062	-3039	1237	-277	48	222	124	4738	23690	4738	74494313
-21160	696	1830	-2832	1135	-195	55	225	119	4739	23695	4739	74494313
-20922	580	1668	-2454	819	212	55	225	119	4740	23700	4740	74494314
-20172	294	1734	-1963	270	612	58	226	120	4741	23705	4741	74494315
-19960	246	1952	-1726	-101	857	58	226	120	4742	23710	4742	74494315
-19442	-114	1752	-1006	-1119	986	57	225	121	4743	23715	4743	74494316
-19206	-162	1888	-585	-1975	1146	57	225	121	4744	23720	4744	74494317
-18938	-128	1902	-396	-2232	1193	57	225	117	4745	23725	4745	74494318
-18580	-292	1854	-240	-2458	1086	57	225	117	4746	23730	4746	74494318
-18120	-148	2148	-283	-2276	1007	51	221	117	4747	23735	4747	74494371
-17948	-192	2240	-302	-2191	960	51	221	117	4748	23740	4748	74494372
-17848	-42	2642	-422	-2151	796	58	224	124	4749	23745	4749	74494372
-17888	-46	2948	-436	-2157	647	58	224	124	4750	23750	4750	74494373
-18076	-182	3160	-381	-2107	548	59	223	123	4751	23755	4751	74494373
-18342	-366	3272	-229	-1956	447	59	223	123	4752	23760	4752	74494373
-18526	-498	3458	-138	-1821	367	52	224	120	4753	23765	4753	74494374
-18604	-600	3396	-92	-1764	325	52	224	120	4754	23770	4754	74494374
-18780	-942	3316	-44	-1627	233	56	224	116	4755	23775	4755	74494374
-18892	-1206	3406	-176	-1480	133	56	224	116	4756	23780	4756	74494375
-18956	-1378	3512	-302	-1384	76	52	216	114	4757	23785	4757	74494375
-18960	-1562	3544	-526	-1005	-77	52	216	114	4758	23790	4758	74494376
-18888	-1772	3504	-694	-384	-230	49	223	121	4759	23795	4759	74494376
-18702	-1820	3458	-767	-57	-285	49	223	121	4760	23800	4760	74494428
-18256	-1808	3418	-894	565	-352	52	218	124	4761	23805	4761	74494428
-17680	-1926	3350	-883	1034	-361	52	218	124	4762	23810	4762	74494429
-17348	-1900	3278	-766	1384	-320	55	221	121	4763	23815	4763	74494429
-16672	-1946	3318	-707	1493	-290	55	221	121	4764	23820	4764	74494429
-15860	-2074	3506	-695	1520	-199	51	217	121	4765	23825	4765	74494430
-15552	-2148	3712	-865	1259	-86	51	217	121	4766	23830	4766	74494430
-15124	-2262	4040	-1007	1025	-68	60	222	116	4767	23835	4767	74494431
-14928	-2442	4370	-1382	522	-51	60	222	116	4768	23840	4768	74494431
-14900	-2620	4310	-1743	188	-71	53	221	117	4769	23845	4769	74494432
-15104	-2836	4422	-1914	163	-92	53	221	117	4770	23850	4770	74494432
-15170	-2984	4378	-2188	341	-117	54	214	116	4771	23855	4771	74494433
-15204	-3120	4306	-2493	636	-166	54	214	116	4772	23860	4772	74494433
-15064	-3316	4456	-2670	752	-213	47	219	115	4773	23865	4773	74494456
-15072	-3564	4540	-3016	839	-270	47	219	115	4774	23870	4774	74494457
-14816	-3886	4868	-3311	797	-325	47	219	113	4775	23875	4775	74494457
-14840	-3980	4962	-3440	732	-345	47	219	113	4776	23880	4776	74494458
-14756	-4322	5006	-3619	604	-344	56	224	116	4777	23885	4777	74494458
-14630	-4696	5128	-3752	537	-339	56	224	116	4778	23890	4778	74494459
-14608	-4816	5092	-3777	514	-332	48	222	112	4779	23895	4779	74494459
-14494	-5112	4964	-3749	526	-357	48	222	112	4780	23900	4780	74494459
-14492	-5358	4780	-3787	536	-334	54	224	114	4781	23905	4781	74494461
-14542	-5468	4702	-3761	534	-364	54	224	114	4782	23910	4782	74494504
-14678	-5414	4282	-3804	468	-294	47	219	121	4783	23915	4783	74494550
-14700	-5406	4144	-3754	305	-273	47	219	121	4784	23920	4784	74494551
-14920	-5164	3918	-3695	182	-270	52	218	116	4785	23925	4785	74494552
-14966	-4846	3820	-3758	-192	-188	52	218	116	4786	23930	4786	74494552
-15078	-4706	3844	-3777	-592	-122	42	218	122	4787	23935	4787	74494553
-15186	-4488	3884	-3847	-823	-80	42	218	122	4788	23940	4788	74494553
-15510	-4056	3910	-3838	-1311	-12	46	218	116	4789	23945	4789	74494553
-15724	-3940	3888	-3851	-1752	101	46	218	116	4790	23950	4790	74494554
-15988	-3722	3954	-3812	-1932	165	53	219	119	4791	23955	4791	74494554
-16188	-3232	3972	-3721	-2265	262	53	219	119	4792	23960	4792	74494555
-16400	-2894	3934	-3525	-2494	429	52	216	114	4793	23965	4793	74494555
-16340	-2954	3904	-3383	-2562	478	52	216	114	4794	23970	4794	74494555
-16662	-2310	3706	-3115	-2683	576	53	221	123	4795	23975	4795	74494556
-16732	-2074	3660	-2649	-2656	597	53	221	123	4796	23980	4796	74494557
-16904	-1842	3550	-2458	-2688	626	53	221	121	4797	23985	4797	74494606
-17098	-1714	3526	-2107	-2807	624	53	221	121	4798	23990	4798	74494624
-17284	-1788	3786	-1799	-2933	491	47	209	111	4799	23995	4799	74494624
-17430	-1678	3798	-1735	-3034	409	47	209	111	4800	24000	4800	74494625
-17926	-1504	4014	-1512	-3181	189	55	215	119	4801	24005	4801	74494626
-17978	-1434	4072	-1363	-3230	95	55	215	119	4802	24010	4802	74494627
-17892	-1524	4400	-1250	-3106	26	48	226	122	4803	24015	4803	74494628
-17914	-1566	4430	-991	-2767	-122	48	226	122	4804	24020	4804	74494628
-17952	-1490	4186	-725	-2331	-218	51	217	117	4805	24025	4805	74494629
-17828	-1546	4186	-564	-2076	-300	51	217	117	4806	24030	4806	74494629
-17496	-1730	3972	-264	-1470	-431	52	218	116	4807	24035	4807	74494632
-17212	-1932	3820	-75	-802	-562	52	218	116	4808	24040	4808	74494633
-17044	-1882	3688	3	-471	-595	52	220	120	4809	24045	4809	74494633
-16792	-1820	3658	216	63	-663	52	220	120	4810	24050	4810	74494634
-16312	-1866	3424	434	528	-668	48	224	118	4811	24055	4811	74494635
-16036	-1712	3380	564	726	-666	48	224	118	4812	24060	4812	74494635
-15824	-1930	3306	910	989	-664	51	223	121	4813	24065	4813	74494651
-15126	-1906	3406	1295	1028	-568	51	223	121	4814	24070	4814	74494704
-14970	-2060	3332	1487	934	-563	49	215	125	4815	24075	4815	74494705
-14574	-2410	3266	1786	693	-545	49	215	125	4816	24080	4816	74494705
-14458	-2358	3274	1880	360	-532	53	219	119	4817	24085	4817	74494705
-14292	-2332	3370	1950	-15	-511	53	219	119	4818	24090	4818	74494706
-14318	-2348	3178	1952	-140	-509	50	220	120	4819	24095	4819	74494706
-14354	-2372	3030	1861	-213	-567	50	220	120	4820	24100	4820	74494707
-14360	-2392	3134	1802	-110	-714	49	221	125	4821	24105	4821	74494707
-14426	-2734	3178	1718	-52	-767	49	221	125	4822	24110	4822	74494707
-14630	-2906	3204	1565	-36	-1005	48	216	132	4823	24115	4823	74494708
-14726	-3026	3306	1366	41	-1200	48	216	132	4824	24120	4824	74494708
-15090	-3122	3538	1290	148	-1291	49	213	125	4825	24125	4825	74494708
-15324	-3142	3520	1242	498	-1413	49	213	125	4826	24130	4826	74494709
-15546	-3364	3512	1269	848	-1484	54	220	120	4827	24135	4827	74494709
-15562	-3436	3380	1311	977	-1505	54	220	120	4828	24140	4828	74494710
-15840	-3388	3162	1453	1188	-1550	56	216	120	4829	24145	4829	74494710
-15604	-3336	3146	1579	1290	-1482	56	216	120	4830	24150	4830	74494711
-15882	-3224	2924	1664	1236	-1507	51	217	123	4831	24155	4831	74494712
-16124	-3092	2828	1676	1120	-1486	51	217	123	4832	24160	4832	74494731
-16240	-3220	2766	1789	1077	-1458	43	221	125	4833	24165	4833	74494750
-16338	-3176	2786	1783	1075	-1428	43	221	125	4834	24170	4834	74494751
-16496	-3064	2676	1823	1122	-1381	51	219	123	4835	24175	4835	74494752
-16830	-2832	2404	1876	1241	-1345	51	219	123	4836	24180	4836	74494753
-16832	-2716	2278	1909	1368	-1291	50	222	126	4837	24185	4837	74494754
-16940	-2654	2204	2012	1614	-1172	50	222	126	4838	24190	4838	74494754
-16958	-2714	2132	2035	1730	-1021	49	217	121	4839	24195	4839	74494755
-17026	-2650	1986	2054	1750	-943	49	217	121	4840	24200	4840	74494755
-17006	-2694	2020	1979	1732	-867	54	214	118	4841	24205	4841	74494756
-16844	-2746	2112	1919	1737	-768	54	214	118	4842	24210	4842	74494756
-16818	-2660	2198	1859	1740	-696	46	216	122	4843	24215	4843	74494821
-16824	-2700	2250	1758	1654	-656	46	216	122	4844	24220	4844	74494822
-16666	-2710	2554	1600	1716	-645	54	216	120	4845	24225	4845	74494823
-16618	-2688	2682	1557	1809	-627	54	216	120	4846	24230	4846	74494823
-16518	-2838	2752	1396	1956	-640	51	217	121	4847	24235	4847	74494824
-16416	-3000	2850	1265	2035	-687	51	217	121	4848	24240	4848	74494824
-16440	-3020	2818	1170	2079	-688	50	220	118	4849	24245	4849	74494824
-16444	-2768	2682	1034	2175	-714	50	220	118	4850	24250	4850	74494825
-16420	-2602	2420	1028	2369	-683	50	216	116	4851	24255	4851	74494825
-16452	-2512	2322	1042	2482	-667	50	216	116	4852	24260	4852	74494826
-16380	-2306	2342	1164	2691	-622	46	220	120	4853	24265	4853	74494826
-16410	-2228	2206	1244	2775	-518	46	220	120	4854	24270	4854	74494826
-16482	-2240	2310	1290	2748	-464	48	218	120	4855	24275	4855	74494827
-16456	-2230	2338	1311	2634	-431	48	218	120	4856	24280	4856	74494827
-16478	-2208	2418	1349	2514	-359	51	217	117	4857	24285	4857	74494827
-16536	-2232	2462	1365	2438	-312	51	217	117	4858	24290	4858	74494828
-16552	-2164	2504	1382	2259	-241	46	216	118	4859	24295	4859	74494903
-16640	-2188	2486	1397	2160	-190	46	216	118	4860	24300	4860	74494903
-16612	-2110	2480	1377	2135	-142	49	215	117	4861	24305	4861	74494904
-16612	-2188	2390	1344	2087	-66	49	215	117	4862	24310	4862	74494904
-16666	-2222	2386	1310	2113	-43	44	214	112	4863	24315	4863	74494904
-16762	-2204	2260	1272	2175	-12	44	214	112	4864	24320	4864	74494905
-16652	-2170	2344	1169	2280	39	51	217	117	4865	24325	4865	74494905
-16700	-2172	2262	1059	2331	65	51	217	117	4866	24330	4866	74494906
-16672	-2196	2112	1018	2363	63	52	212	124	4867	24335	4867	74494906
-16648	-2374	2134	988	2476	100	52	212	124	4868	24340	4868	74494906
-16492	-2338	2096	994	2604	160	51	217	113	4869	24345	4869	74494907
-16426	-2378	2226	1095	2685	191	51	217	113	4870	24350	4870	74494907
-16374	-2664	2096	1113	2714	220	49	215	111	4871	24355	4871	74494907
-16162	-2738	2084	1078	2670	305	49	215	111	4872	24360	4872	74494930
-16146	-2804	2062	1027	2487	369	43	215	123	4873	24365	4873	74494932
-16064	-2866	2168	984	2393	385	43	215	123	4874	24370	4874	74494932
-16088	-2740	2024	946	2280	452	52	222	116	4875	24375	4875	74494933
-16116	-2690	1902	849	2278	509	52	222	116	4876	24380	4876	74494933
-16230	-2600	1836	844	2307	520	42	222	118	4877	24385	4877	74494933
-16168	-2522	1912	890	2353	571	42	222	118	4878	24390	4878	74494934
-16136	-2380	1760	966	2399	691	51	217	111	4879	24395	4879	74494934
-16142	-2156	1612	1002	2396	744	51	217	111	4880	24400	4880	74494935
-16188	-2110	1478	1161	2368	817	52	218	120	4881	24405	4881	74494936
-16306	-2048	1330	1235	2298	898	52	218	120	4882	24410	4882	74494946
-16286	-2168	1316	1271	2216	924	47	221	119	4883	24415	4883	74494970
-16360	-1908	1384	1308	1990	956	47	221	119	4884	24420	4884	74494971
-16658	-1780	1360	1388	1807	946	48	214	114	4885	24425	4885	74494971
-16728	-1762	1402	1469	1757	1005	48	214	114	4886	24430	4886	74494972
-16768	-1796	1362	1783	1690	1054	50	216	116	4887	24435	4887	74494972
-17222	-1496	1204	2757	1835	849	50	216	116	4888	24440	4888	74494972
-17080	-790	1482	2096	1544	1271	53	223	115	4889	24445	4889	74494973
-17134	-1614	1558	2153	1179	1153	53	223	115	4890	24450	4890	74494973
-17142	-2174	1814	2031	1108	1042	46	222	114	4891	24455	4891	74494974
-17182	-2248	1822	1980	1212	970	46	222	114	4892	24460	4892	74494974
-17080	-2448	1784	1850	1535	883	40	214	120	4893	24465	4893	74494974
-16970	-2502	1856	1791	1925	723	40	214	120	4894	24470	4894	74494975
-16966	-2644	1892	1816	2106	652	45	217	111	4895	24475	4895	74494975
-16788	-2890	1900	1849	2320	556	45	217	111	4896	24480	4896	74495005
-16620	-2980	1834	1931	2423	528	48	220	116	4897	24485	4897	74495017
-16654	-3084	1920	1965	2449	516	48	220	116	4898	24490	4898	74495021
-16494	-3170	1868	2043	2485	524	37	213	117	4899	24495	4899	74495021
-16434	-3030	1792	2103	2545	563	37	213	117	4900	24500	4900	74495022
-16454	-3078	1802	2128	2590	594	48	214	108	4901	24505	4901	74495022
-16352	-2978	1800	2149	2659	663	48	214	108	4902	24510	4902	74495045
-16384	-2866	1808	2161	2664	788	39	215	117	4903	24515	4903	74495125
-16344	-2854	1944	2175	2663	830	39	215	117	4904	24520	4904	74495126
-16310	-2698	1866	2132	2567	925	51	225	111	4905	24525	4905	74495126
-16324	-2552	1956	2163	2437	1044	51	225	111	4906	24530	4906	74495126
-16346	-2526	1972	2183	2336	1090	35	215	121	4907	24535	4907	74495127
-16338	-2550	2032	2247	2101	1191	35	215	121	4908	24540	4908	74495127
-16474	-2514	2072	2261	1827	1248	47	219	113	4909	24545	4909	74495128
-16524	-2600	2030	2273	1722	1271	47	219	113	4910	24550	4910	74495128
-16540	-2578	1912	2206	1636	1283	51	223	119	4911	24555	4911	74495128
-16632	-2564	1980	2159	1574	1273	51	223	119	4912	24560	4912	74495129
-16622	-2630	1940	2128	1543	1244	36	212	102	4913	24565	4913	74495129
-16566	-2732	2200	1987	1429	1180	36	212	102	4914	24570	4914	74495130
-16750	-2802	2320	1841	1293	1114	50	212	116	4915	24575	4915	74495130
-16818	-2826	2422	1767	1264	1089	50	212	116	4916	24580	4916	74495153
-16902	-2740	2370	1629	1208	1038	42	224	114	4917	24585	4917	74495156
-16904	-2804	2368	1526	1239	984	42	224	114	4918	24590	4918	74495156
-16874	-2814	2300	1492	1270	969	41	215	109	4919	24595	4919	74495156
-16784	-2832	2384	1411	1370	935	41	215	109	4920	24600	4920	74495157
-16644	-2812	2214	1351	1461	898	53	221	111	4921	24605	4921	74495157
-16590	-2882	2272	1320	1500	868	53	221	111	4922	24610	4922	74495179
-16450	-2912	2100	1287	1511	819	37	217	111	4923	24615	4923	74495231
-16266	-2942	2254	1260	1487	787	37	217	111	4924	24620	4924	74495232
-16234	-2940	2122	1222	1404	757	44	220	110	4925	24625	4925	74495232
-16200	-2904	2204	1226	1342	725	44	220	110	4926	24630	4926	74495233
-16170	-2852	2250	1223	1217	723	46	216	114	4927	24635	4927	74495234
-16242	-2874	2256	1226	1063	694	46	216	114	4928	24640	4928	74495234
-16126	-2842	2300	1194	975	713	49	215	111	4929	24645	4929	74495235
-16234	-2838	2222	1146	790	738	49	215	111	4930	24650	4930	74495235
-16198	-2764	2350	1119	618	768	45	217	111	4931	24655	4931	74495235
-16246	-2800	2426	1118	533	763	45	217	111	4932	24660	4932	74495236
-16234	-2694	2496	1031	341	808	40	212	110	4933	24665	4933	74495237
-16246	-2690	2646	1033	166	858	40	212	110	4934	24670	4934	74495237
-16236	-2712	2602	1003	106	854	48	218	110	4935	24675	4935	74495238
-16216	-2686	2746	916	-12	830	48	218	110	4936	24680	4936	74495239
-16218	-2680	2748	805	-105	796	43	221	111	4937	24685	4937	74495239
-16282	-2668	2750	758	-169	751	43	221	111	4938	24690	4938	74495239
-16430	-2778	2722	708	-258	656	35	213	109	4939	24695	4939	74495240
-16488	-2722	2696	672	-438	575	35	213	109	4940	24700	4940	74495241
-16630	-2560	2680	658	-570	558	41	215	113	4941	24705	4941	74495241
-16686	-2264	2758	638	-883	522	41	215	113	4942	24710	4942	74495242
-16738	-2136	2662	672	-1118	533	49	221	111	4943	24715	4943	74495284
-16844	-2088	2684	666	-1187	515	49	221	111	4944	24720	4944	74495287
-16868	-1988	2722	679	-1279	527	43	211	101	4945	24725	4945	74495287
-16950	-1854	2708	693	-1277	555	43	211	101	4946	24730	4946	74495288
-16984	-1900	2806	718	-1242	555	49	217	111	4947	24735	4947	74495288
-16846	-1944	2902	691	-1279	569	49	217	111	4948	24740	4948	74495288
-16798	-1800	3168	701	-1464	605	41	219	111	4949	24745	4949	74495339
-16716	-1690	3198	710	-1634	655	41	219	111	4950	24750	4950	74495340
-16644	-1374	3128	858	-1971	764	41	217	115	4951	24755	4951	74495363
-16800	-1120	2978	1128	-2104	858	41	217	115	4952	24760	4952	74495363
-16854	-1034	2926	1278	-2056	850	46	212	106	4953	24765	4953	74495363
-16934	-1146	2808	1505	-1861	825	46	212	106	4954	24770	4954	74495364
-16782	-1254	3038	1465	-1787	821	42	220	114	4955	24775	4955	74495364
-16754	-1176	3176	1434	-1846	816	42	220	114	4956	24780	4956	74495365
-16782	-1096	3400	1430	-2085	820	47	217	117	4957	24785	4957	74495365
-16734	-958	3460	1547	-2336	837	47	217	117	4958	24790	4958	74495366
-16822	-824	3476	1632	-2440	831	40	220	110	4959	24795	4959	74495367
-16762	-508	3440	1867	-2565	825	40	220	110	4960	24800	4960	74495367
-16812	-294	3242	2208	-2535	771	47	213	111	4961	24805	4961	74495367
-16714	-176	3198	2344	-2460	758	47	213	111	4962	24810	4962	74495368
-16736	-166	3148	2510	-2265	699	48	220	110	4963	24815	4963	74495368
-16616	-226	3220	2556	-2216	651	48	220	110	4964	24820	4964	74495369
-16508	-244	3250	2580	-2274	617	48	220	108	4965	24825	4965	74495369
-16662	-316	3326	2652	-2387	569	48	220	108	4966	24830	4966	74495370
-16650	-370	3290	2820	-2357	549	41	217	115	4967	24835	4967	74495371
-16680	-374	3292	2904	-2295	541	41	217	115	4968	24840	4968	74495372
-16662	-592	3464	2974	-2186	538	43	215	117	4969	24845	4969	74495394
-16682	-648	3558	2990	-2229	531	43	215	117	4970	24850	4970	74495417
-16722	-710	3658	2982	-2308	516	33	219	115	4971	24855	4971	74495417
-16838	-786	3630	2990	-2453	486	33	219	115	4972	24860	4972	74495417
-16904	-834	3548	3025	-2527	553	45	217	117	4973	24865	4973	74495418
-16880	-818	3486	3043	-2552	588	45	217	117	4974	24870	4974	74495418
-16842	-824	3462	3017	-2652	639	41	217	115	4975	24875	4975	74495419
-16804	-866	3470	2951	-2872	682	41	217	115	4976	24880	4976	74495419
-16862	-924	3536	2926	-3024	687	38	220	118	4977	24885	4977	74495420
-16846	-884	3618	2854	-3355	698	38	220	118	4978	24890	4978	74495420
-17004	-950	3612	2903	-3542	704	39	215	121	4979	24895	4979	74495421
-17010	-930	3546	2962	-3610	701	39	215	121	4980	24900	4980	74495422
-16858	-910	3526	3002	-3660	710	39	219	123	4981	24905	4981	74495423
-16650	-760	3430	3041	-3872	738	39	219	123	4982	24910	4982	74495442
-16604	-666	3342	3027	-4213	770	41	213	123	4983	24915	4983	74495443
-16440	-418	3262	3006	-4412	749	41	213	123	4984	24920	4984	74495443
-16458	-250	2986	2975	-4702	708	35	221	119	4985	24925	4985	74495443
-16258	-144	2830	2952	-4765	653	35	221	119	4986	24930	4986	74495444
-16014	-34	2530	2935	-4752	615	33	217	119	4987	24935	4987	74495444
-15818	78	2356	2821	-4783	486	33	217	119	4988	24940	4988	74495445
-15720	110	2310	2605	-4964	396	44	220	118	4989	24945	4989	74495445
-15782	132	2344	2457	-5120	362	44	220	118	4990	24950	4990	74495445
-15998	162	2314	2199	-5447	278	42	222	122	4991	24955	4991	74495446
-16502	186	2228	2063	-5653	144	42	222	122	4992	24960	4992	74495518
-16630	298	2068	2011	-5661	72	43	217	123	4993	24965	4993	74495520
-17026	358	1912	1960	-5456	-74	43	217	123	4994	24970	4994	74495520
-17468	410	1638	1885	-4969	-230	45	219	121	4995	24975	4995	74495521
-17584	276	1688	1853	-4631	-273	45	219	121	4996	24980	4996	74495521
-17738	40	1580	1742	-3946	-364	34	218	130	4997	24985	4997	74495521
-17986	-208	1638	1551	-3219	-420	34	218	130	4998	24990	4998	74495522
-18088	-338	1724	1464	-2862	-430	38	216	122	4999	24995	4999	74495522
-18174	-510	1982	1365	-2263	-371	38	216	122	5000	25000	5000	74495522
-18150	-486	2086	1375	-1934	-252	38	218	126	5001	25005	5001	74495567
-18196	-440	2266	1417	-1829	-153	38	218	126	5002	25010	5002	74495570
-18200	-428	2282	1559	-1728	45	38	212	122	5003	25015	5003	74495572
-18002	-354	2440	1669	-1693	140	38	212	122	5004	25020	5004	74495574
-17994	-422	2548	1693	-1620	182	36	218	132	5005	25025	5005	74495574
-17782	-442	2558	1693	-1350	265	36	218	132	5006	25030	5006	74495575
-17474	-482	2528	1630	-1058	321	39	217	129	5007	25035	5007	74495576
-17408	-492	2586	1557	-987	341	39	217	129	5008	25040	5008	74495587
-17284	-484	2538	1399	-1035	391	41	221	121	5009	25045	5009	74495588
-17232	-388	2530	1285	-1171	455	41	221	121	5010	25050	5010	74495588
-17156	-374	2492	1237	-1220	469	39	213	123	5011	25055	5011	74495589
-17140	-278	2612	1154	-1277	475	39	213	123	5012	25060	5012	74495599
-16936	-194	2542	1110	-1314	432	35	211	127	5013	25065	5013	74495616
-16842	-114	2546	1076	-1330	413	35	211	127	5014	25070	5014	74495618
-16708	-64	2534	958	-1283	346	41	219	129	5015	25075	5015	74495619
-16532	54	2526	842	-1169	265	41	219	129	5016	25080	5016	74495620
-16484	166	2520	799	-1143	235	36	212	120	5017	25085	5017	74495621
-16332	408	2646	727	-1082	210	36	212	120	5018	25090	5018	74495621
-16246	798	2604	717	-1050	204	39	213	129	5019	25095	5019	74495622
-16180	934	2728	742	-1033	213	39	213	129	5020	25100	5020	74495623
-15996	1092	2626	826	-987	216	43	213	121	5021	25105	5021	74495624
-15762	1080	2822	911	-1064	170	43	213	121	5022	25110	5022	74495625
-15722	1158	2828	917	-1138	137	30	212	126	5023	25115	5023	74495654
-15680	1234	3032	959	-1292	39	30	212	126	5024	25120	5024	74495655
-15758	1158	3166	1054	-1413	-103	42	210	124	5025	25125	5025	74495655
-15868	1136	3236	1100	-1471	-178	42	210	124	5026	25130	5026	74495655
-15998	1024	3158	1185	-1569	-340	35	217	123	5027	25135	5027	74495656
-16296	1134	3210	1218	-1597	-527	35	217	123	5028	25140	5028	74495657
-16418	1210	3202	1228	-1577	-623	37	213	131	5029	25145	5029	74495657
-16558	1196	3140	1269	-1443	-738	37	213	131	5030	25150	5030	74495658
-16698	1246	3200	1356	-1259	-855	38	216	120	5031	25155	5031	74495658
-16696	1270	3202	1395	-1172	-894	38	216	120	5032	25160	5032	74495658
-16726	1200	3200	1500	-1015	-945	32	212	130	5033	25165	5033	74495729
-16756	1152	3246	1591	-926	-973	32	212	130	5034	25170	5034	74495729
-16702	1064	3302	1706	-875	-1021	39	213	123	5035	25175	5035	74495730
-16756	958	3230	1753	-856	-1034	39	213	123	5036	25180	5036	74495730
-16776	826	3356	1837	-754	-1088	37	217	121	5037	25185	5037	74495749
-16700	770	3348	1895	-615	-1137	37	217	121	5038	25190	5038	74495753
-16616	482	3466	1903	-562	-1168	37	219	127	5039	25195	5039	74495753
-16542	318	3500	1885	-495	-1212	37	219	127	5040	25200	5040	74495754
-16528	286	3574	1870	-461	-1281	38	216	126	5041	25205	5041	74495754
-16426	170	3732	1858	-446	-1286	38	216	126	5042	25210	5042	74495754
-16512	74	3690	1875	-373	-1312	43	223	123	5043	25215	5043	74495755
-16468	-2	3690	1895	-272	-1345	43	223	123	5044	25220	5044	74495755
-16478	-86	3830	1926	-246	-1362	37	215	125	5045	25225	5045	74495755
-16424	-140	3768	1969	-222	-1347	37	215	125	5046	25230	5046	74495756
-16390	-218	3868	2027	-252	-1350	40	218	126	5047	25235	5047	74495756
-16436	-188	3942	2048	-251	-1334	40	218	126	5048	25240	5048	74495757
-16756	-302	3966	2146	-218	-1305	41	223	129	5049	25245	5049	74495757
-16678	-282	3910	2288	-170	-1268	41	223	129	5050	25250	5050	74495757
-16814	-270	3934	2382	-144	-1244	37	219	123	5051	25255	5051	74495758
-16854	-456	3872	2532	-62	-1195	37	219	123	5052	25260	5052	74495758
-16922	-588	3970	2609	-2	-1153	42	214	132	5053	25265	5053	74495775
-16990	-524	3992	2651	-12	-1134	42	214	132	5054	25270	5054	74495801
-16866	-590	4072	2741	-85	-1100	36	218	134	5055	25275	5055	74495804
-16974	-628	4090	2825	-66	-1037	36	218	134	5056	25280	5056	74495804
-16866	-594	4246	2850	-6	-1009	40	220	130	5057	25285	5057	74495805
-16762	-598	4282	2885	107	-992	40	220	130	5058	25290	5058	74495805
-16720	-520	4408	2913	199	-1000	36	208	126	5059	25295	5059	74495806
-16612	-412	4476	2929	250	-984	36	208	126	5060	25300	5060	74495806
-16386	-388	4522	2972	357	-989	42	214	124	5061	25305	5061	74495806
-16276	-262	4586	2991	499	-1017	42	214	124	5062	25310	5062	74495807
-16156	-292	4592	3008	550	-1039	43	219	129	5063	25315	5063	74495807
-15970	-188	4716	3013	617	-1055	43	219	129	5064	25320	5064	74495830
-15890	-80	4700	3021	586	-1133	36	214	126	5065	25325	5065	74495852
-15860	24	4802	3024	544	-1190	36	214	126	5066	25330	5066	74495852
-15888	36	4936	3046	431	-1278	45	219	129	5067	25335	5067	74495856
-15908	-16	5060	3001	227	-1373	45	219	129	5068	25340	5068	74495856
-15838	-62	5164	2945	128	-1396	35	213	133	5069	25345	5069	74495907
-16110	-226	5074	2976	69	-1555	35	213	133	5070	25350	5070	74495910
-15962	-252	5204	2962	94	-1606	37	215	125	5071	25355	5071	74495911
-16010	-236	5050	2989	127	-1641	37	215	125	5072	25360	5072	74495912
-16088	-348	5160	2976	221	-1695	43	217	129	5073	25365	5073	74495912
-16018	-444	5170	3007	263	-1731	43	217	129	5074	25370	5074	74495912
-16020	-318	5206	3009	271	-1747	34	214	126	5075	25375	5075	74495913
-16032	-434	5040	3187	309	-1796	34	214	126	5076	25380	5076	74495913
-16006	-336	5306	3051	239	-1725	46	216	132	5077	25385	5077	74495914
-16094	-628	5268	3164	206	-1789	46	216	132	5078	25390	5078	74495914
-16194	-88	5506	3067	159	-1780	37	219	125	5079	25395	5079	74495958
-16324	-538	5270	3386	96	-1953	37	219	125	5080	25400	5080	74495958
-16380	-256	5480	3186	72	-1840	40	214	128	5081	25405	5081	74495959
-16410	-334	5526	3301	14	-1867	40	214	128	5082	25410	5082	74495959
-16520	-344	5660	3230	22	-1680	47	217	127	5083	25415	5083	74495960
-16628	-48	5756	3283	42	-1694	47	217	127	5084	25420	5084	74495986
-16448	-254	5852	3407	158	-1631	39	217	129	5085	25425	5085	74495987
-16218	-96	5912	3460	296	-1521	39	217	129	5086	25430	5086	74495987
-16240	42	5856	3492	363	-1556	46	214	128	5087	25435	5087	74495988
-16234	-40	5974	3492	433	-1584	46	214	128	5088	25440	5088	74495988
-16194	-52	6024	3533	454	-1517	46	220	126	5089	25445	5089	74495989
-16196	4	5984	3615	487	-1498	46	220	126	5090	25450	5090	74495989
-16048	-38	6096	3670	618	-1480	47	215	125	5091	25455	5091	74495990
-15928	-12	6000	3809	802	-1323	47	215	125	5092	25460	5092	74495990
-15990	180	5798	3774	927	-1198	45	215	127	5093	25465	5093	74495991
-15806	-86	5934	3828	969	-1202	45	215	127	5094	25470	5094	74495991
-15812	-208	6182	3788	1013	-1234	43	215	131	5095	25475	5095	74495992
-15664	-170	6224	3749	857	-1314	43	215	131	5096	25480	5096	74495992
-15910	-120	6208	3721	780	-1332	41	221	125	5097	25485	5097	74496010
-16104	-248	6394	3697	697	-1280	41	221	125	5098	25490	5098	74496010
-16258	-246	6370	4008	781	-1066	41	211	127	5099	25495	5099	74496011
-16220	-120	6460	4072	817	-1068	41	211	127	5100	25500	5100	74496034
-16364	-192	6384	4194	809	-962	42	214	120	5101	25505	5101	74496035
-16524	-536	6314	4174	671	-958	42	214	120	5102	25510	5102	74496035
-16372	-628	6268	4069	543	-905	38	216	122	5103	25515	5103	74496036
-16484	-672	6228	3814	358	-955	38	216	122	5104	25520	5104	74496036
-16356	-1384	5774	3902	507	-914	38	222	122	5105	25525	5105	74496036
-16232	-1354	5818	3783	649	-866	38	222	122	5106	25530	5106	74496121
-16038	-1476	5698	3668	980	-814	41	215	131	5107	25535	5107	74496122
-15912	-1704	5512	3454	1313	-750	41	215	131	5108	25540	5108	74496122
-15806	-1778	5500	3406	1477	-733	46	216	122	5109	25545	5109	74496123
-15612	-1796	5368	3236	1713	-662	46	216	122	5110	25550	5110	74496123
-15396	-1948	5204	3019	1856	-639	25	205	127	5111	25555	5111	74496123
-15440	-1954	5160	2897	1920	-629	25	205	127	5112	25560	5112	74496124
-15200	-2148	5168	2706	2009	-637	42	218	124	5113	25565	5113	74496124
-15010	-1982	5164	2423	2013	-594	42	218	124	5114	25570	5114	74496124
-14984	-1978	5064	2278	1980	-583	42	220	120	5115	25575	5115	74496125
-14928	-1968	5324	1991	1881	-547	42	220	120	5116	25580	5116	74496140
-14850	-1858	5292	1762	1750	-490	41	217	123	5117	25585	5117	74496140
-14776	-1752	5246	1683	1664	-445	41	217	123	5118	25590	5118	74496142
-14796	-1656	5234	1556	1474	-368	46	218	120	5119	25595	5119	74496142
-14822	-1690	5246	1418	1289	-295	46	218	120	5120	25600	5120	74496142
-14812	-1736	5136	1373	1192	-278	33	221	127	5121	25605	5121	74496143
-14840	-1630	5110	1160	947	-214	33	221	127	5122	25610	5122	74496143
-15010	-1546	4842	976	770	-178	42	218	126	5123	25615	5123	74496144
-15086	-1562	4838	862	715	-166	42	218	126	5124	25620	5124	74496144
-15288	-1786	4620	632	736	-191	45	225	123	5125	25625	5125	74496145
-15572	-1808	4496	369	826	-221	45	225	123	5126	25630	5126	74496145
-15736	-1838	4180	276	839	-255	45	219	123	5127	25635	5127	74496145
-15998	-1974	4014	59	822	-250	45	219	123	5128	25640	5128	74496146
-16150	-1990	3934	-114	826	-243	44	226	122	5129	25645	5129	74496146
-16230	-1886	3896	-202	831	-239	44	226	122	5130	25650	5130	74496147
-16416	-1690	3912	-327	916	-80	45	225	123	5131	25655	5131	74496147
-16500	-1244	3854	-323	1060	112	45	225	123	5132	25660	5132	74496148
-16356	-1320	3874	-275	1101	222	43	223	121	5133	25665	5133	74496149
-16186	-1170	3780	-244	1095	457	43	223	121	5134	25670	5134	74496149
-15844	-1092	3738	-269	1000	762	48	222	126	5135	25675	5135	74496150
-15732	-1110	3782	-309	958	883	48	222	126	5136	25680	5136	74496151
-15722	-1016	3576	-378	930	1121	46	222	120	5137	25685	5137	74496190
-15530	-1134	3360	-602	903	1380	46	222	120	5138	25690	5138	74496190
-15486	-1130	3272	-700	946	1471	40	222	120	5139	25695	5139	74496190
-15532	-1214	3136	-927	1114	1622	40	222	120	5140	25700	5140	74496217
-15544	-1290	2946	-1118	1278	1767	44	228	118	5141	25705	5141	74496218
-15650	-1490	2814	-1205	1307	1822	44	228	118	5142	25710	5142	74496218
-15722	-1886	2746	-1502	1229	1970	46	220	122	5143	25715	5143	74496218
-15970	-2084	2708	-1891	1082	2078	46	220	122	5144	25720	5144	74496219
-16076	-2158	2582	-2258	1011	2173	44	222	126	5145	25725	5145	74496242
-16402	-2234	2442	-2411	1015	2214	44	222	126	5146	25730	5146	74496320
-16608	-2338	2384	-2693	1045	2305	38	230	122	5147	25735	5147	74496323
-16770	-2362	2268	-2865	990	2405	38	230	122	5148	25740	5148	74496324
-17030	-2414	2122	-2911	883	2438	45	223	121	5149	25745	5149	74496324
-17456	-2402	1778	-2952	546	2543	45	223	121	5150	25750	5150	74496325
-17618	-2340	1788	-2955	187	2635	47	227	119	5151	25755	5151	74496325
-18114	-2058	1618	-2945	18	2634	47	227	119	5152	25760	5152	74496326
-18446	-1418	1634	-2867	-424	2530	39	227	121	5153	25765	5153	74496326
-18564	-1210	1734	-2618	-1135	2340	39	227	121	5154	25770	5154	74496326
-18800	-556	2196	-2474	-1642	2251	41	227	121	5155	25775	5155	74496328
-19300	138	2846	-2209	-2871	2143	41	227	121	5156	25780	5156	74496328
-19642	540	3570	-2046	-3991	2018	41	233	123	5157	25785	5157	74496329
-19706	626	3884	-1936	-4365	1914	41	233	123	5158	25790	5158	74496329
-20192	1344	3938	-1936	-4726	1738	43	223	121	5159	25795	5159	74496352
-20366	1728	3806	-1860	-4539	1501	43	223	121	5160	25800	5160	74496353
-20474	1742	3668	-1898	-4304	1404	43	223	119	5161	25805	5161	74496353
-20424	1438	3076	-1933	-3540	1142	43	223	119	5162	25810	5162	74496354
-19972	612	2794	-1966	-2624	919	33	225	119	5163	25815	5163	74496377
-19866	220	2438	-1983	-2242	805	33	225	119	5164	25820	5164	74496404
-19778	-374	1874	-2002	-1631	607	44	226	124	5165	25825	5165	74496404
-19634	-738	1530	-2055	-1287	384	44	226	124	5166	25830	5166	74496405
-19634	-886	1278	-2068	-1199	267	46	222	120	5167	25835	5167	74496405
-19668	-1102	974	-1976	-1089	47	46	222	120	5168	25840	5168	74496406
-19616	-1298	942	-1871	-939	-116	44	224	128	5169	25845	5169	74496406
-19528	-1392	914	-1817	-788	-172	44	224	128	5170	25850	5170	74496406
-19328	-1480	854	-1693	-312	-289	41	229	125	5171	25855	5171	74496407
-19062	-1548	786	-1541	290	-386	41	229	125	5172	25860	5172	74496407
-18828	-1598	678	-1451	551	-444	46	226	124	5173	25865	5173	74496407
-18460	-1698	524	-1258	913	-535	46	226	124	5174	25870	5174	74496408
-18128	-1830	362	-1180	1041	-635	44	228	128	5175	25875	5175	74496408
-18180	-1828	268	-1163	1041	-700	44	228	128	5176	25880	5176	74496409
-18150	-2086	-54	-1201	1126	-835	43	229	121	5177	25885	5177	74496409
-18198	-2146	-322	-1434	1422	-979	43	229	121	5178	25890	5178	74496410
-18096	-2268	-380	-1558	1629	-1039	36	222	120	5179	25895	5179	74496410
-17950	-2446	-424	-1815	2118	-1148	36	222	120	5180	25900	5180	74496410
-17812	-2634	-330	-2038	2532	-1199	44	230	124	5181	25905	5181	74496411
-17714	-2724	-408	-2135	2648	-1194	44	230	124	5182	25910	5182	74496411
-17734	-2858	-368	-2308	2739	-1138	44	220	122	5183	25915	5183	74496412
-17804	-2864	-280	-2515	2650	-1094	44	220	122	5184	25920	5184	74496431
-17972	-2908	-354	-2645	2556	-1070	43	225	129	5185	25925	5185	74496482
-18194	-2862	-16	-2870	2371	-990	43	225	129	5186	25930	5186	74496483
-18508	-3156	14	-3041	2265	-958	47	225	121	5187	25935	5187	74496484
-18628	-3254	78	-3088	2261	-941	47	225	121	5188	25940	5188	74496505
-18898	-3392	72	-3175	2139	-890	39	223	123	5189	25945	5189	74496506
-18986	-3130	38	-3224	1746	-799	39	223	123	5190	25950	5190	74496507
-19138	-3120	-24	-3195	1513	-752	38	224	120	5191	25955	5191	74496557
-19360	-2886	14	-3133	1096	-667	38	224	120	5192	25960	5192	74496558
-19632	-2734	94	-3084	776	-573	46	224	118	5193	25965	5193	74496558
-19646	-2602	260	-3074	646	-542	46	224	118	5194	25970	5194	74496559
-19690	-2348	330	-3154	458	-515	40	232	132	5195	25975	5195	74496559
-19658	-2178	510	-3243	380	-545	40	232	132	5196	25980	5196	74496559
-19518	-2062	528	-3343	492	-606	49	231	123	5197	25985	5197	74496560
-19232	-1710	566	-3377	622	-639	49	231	123	5198	25990	5198	74496560
-18852	-1428	506	-3384	937	-716	47	227	119	5199	25995	5199	74496561
-18612	-1250	526	-3387	1249	-831	47	227	119	5200	26000	5200	74496621
-18164	-1104	562	-3402	1346	-895	47	225	123	5201	26005	5201	74496622
-17688	-868	476	-3420	1428	-1040	47	225	123	5202	26010	5202	74496623
-17448	-790	500	-3414	1433	-1185	50	226	120	5203	26015	5203	74496624
-16990	-718	424	-3410	1412	-1259	50	226	120	5204	26020	5204	74496626
-16588	-696	494	-3462	1332	-1420	46	228	120	5205	26025	5205	74496627
-16478	-640	488	-3525	1248	-1600	46	228	120	5206	26030	5206	74496628
-16172	-520	400	-3527	1215	-1687	50	234	118	5207	26035	5207	74496629
-15958	-400	290	-3479	1251	-1851	50	234	118	5208	26040	5208	74496631
-15704	-426	218	-3355	1338	-1965	51	229	117	5209	26045	5209	74496632
-15658	-438	194	-3288	1385	-2019	51	229	117	5210	26050	5210	74496633
-15504	-454	-14	-3168	1438	-2103	43	227	121	5211	26055	5211	74496633
-15408	-504	-40	-3071	1502	-2179	43	227	121	5212	26060	5212	74496634
-15318	-524	-12	-3048	1526	-2178	53	229	121	5213	26065	5213	74496635
-15304	-588	-204	-3013	1595	-2173	53	229	121	5214	26070	5214	74496636
-15212	-786	-318	-2962	1643	-2130	50	230	120	5215	26075	5215	74496637
-15170	-884	-280	-2954	1653	-2097	50	230	120	5216	26080	5216	74496638
-15132	-1050	-292	-2874	1621	-2009	52	228	118	5217	26085	5217	74496639
-15118	-1158	-410	-2723	1573	-1890	52	228	118	5218	26090	5218	74496639
-15198	-1280	-454	-2634	1582	-1821	49	233	117	5219	26095	5219	74496640
-15186	-1390	-452	-2445	1633	-1685	49	233	117	5220	26100	5220	74496641
-15182	-1540	-482	-2271	1620	-1556	56	232	114	5221	26105	5221	74496642
-15148	-1624	-430	-2203	1601	-1501	56	232	114	5222	26110	5222	74496642
-15086	-1756	-410	-2063	1528	-1403	52	230	118	5223	26115	5223	74496643
-15198	-1826	-622	-1912	1386	-1280	52	230	118	5224	26120	5224	74496644
-15260	-1822	-458	-1838	1321	-1206	51	231	113	5225	26125	5225	74496645
-15346	-1932	-508	-1706	1129	-1076	51	231	113	5226	26130	5226	74496645
-15514	-1906	-388	-1595	939	-932	50	228	116	5227	26135	5227	74496691
-15528	-1958	-284	-1553	833	-858	50	228	116	5228	26140	5228	74496692
-15588	-1884	-222	-1473	637	-705	57	231	121	5229	26145	5229	74496692
-15744	-1862	12	-1434	449	-584	57	231	121	5230	26150	5230	74496692
-15748	-1816	94	-1403	372	-512	51	231	117	5231	26155	5231	74496693
-15822	-1852	210	-1326	232	-391	51	231	117	5232	26160	5232	74496693
-15910	-1894	348	-1294	129	-289	49	231	117	5233	26165	5233	74496694
-15896	-1918	356	-1302	100	-243	49	231	117	5234	26170	5234	74496694
-15806	-1948	482	-1316	85	-167	57	233	111	5235	26175	5235	74496696
-15876	-2008	540	-1349	21	-130	57	233	111	5236	26180	5236	74496742
-15882	-2008	476	-1341	-13	-115	49	229	115	5237	26185	5237	74496742
-15972	-1938	302	-1355	-66	-71	49	229	115	5238	26190	5238	74496743
-15908	-1884	406	-1317	-93	-36	60	234	122	5239	26195	5239	74496743
-15958	-1958	404	-1322	-132	0	60	234	122	5240	26200	5240	74496743
-16096	-1946	534	-1338	-292	68	45	233	121	5241	26205	5241	74496769
-16140	-1924	618	-1341	-472	133	45	233	121	5242	26210	5242	74496770
-16188	-1978	662	-1329	-558	174	50	228	122	5243	26215	5243	74496770
-16342	-2092	782	-1331	-656	215	50	228	122	5244	26220	5244	74496771
-16518	-2234	754	-1360	-645	251	53	231	117	5245	26225	5245	74496771
-16544	-2284	794	-1380	-612	246	53	231	117	5246	26230	5246	74496772
-16622	-2404	870	-1496	-532	218	57	231	115	5247	26235	5247	74496772
-16496	-2386	884	-1565	-387	187	57	231	115	5248	26240	5248	74496773
-16548	-2380	962	-1559	-322	162	57	237	119	5249	26245	5249	74496773
-16442	-2352	1040	-1562	-264	104	57	237	119	5250	26250	5250	74496774
-16270	-2264	1196	-1625	-344	84	59	235	119	5251	26255	5251	74496774
-16238	-2148	1302	-1683	-589	71	59	235	119	5252	26260	5252	74496775
-16198	-1972	1440	-1683	-720	82	55	233	115	5253	26265	5253	74496775
-16316	-1916	1446	-1717	-955	133	55	233	115	5254	26270	5254	74496792
-16306	-1836	1482	-1730	-1067	159	52	230	114	5255	26275	5255	74496794
-16196	-1684	1616	-1741	-1127	150	52	230	114	5256	26280	5256	74496795
-16298	-1658	1638	-1770	-1244	144	54	236	120	5257	26285	5257	74496819
-16196	-1652	1622	-1801	-1372	92	54	236	120	5258	26290	5258	74496820
-16168	-1722	1740	-1812	-1412	73	55	231	121	5259	26295	5259	74496820
-16148	-1800	1544	-1858	-1425	31	55	231	121	5260	26300	5260	74496822
-16212	-1842	1610	-1980	-1357	-34	54	232	116	5261	26305	5261	74496822
-16304	-2108	1674	-2046	-1322	-82	54	232	116	5262	26310	5262	74496823
-16370	-2098	1558	-2216	-1223	-135	50	232	122	5263	26315	5263	74496824
-16626	-2528	1500	-2314	-1092	-249	50	232	122	5264	26320	5264	74496824
-16608	-2466	1492	-2368	-994	-286	54	230	122	5265	26325	5265	74496825
-17020	-2280	1320	-2453	-738	-335	54	230	122	5266	26330	5266	74496825
-17040	-2768	1364	-2412	-512	-423	60	236	116	5267	26335	5267	74496843
-17190	-2834	1358	-2401	-430	-458	60	236	116	5268	26340	5268	74496899
-17336	-2698	1376	-2427	-376	-464	55	231	115	5269	26345	5269	74496899
-17488	-2606	1340	-2465	-425	-462	55	231	115	5270	26350	5270	74496900
-17622	-2604	1418	-2399	-426	-481	56	232	116	5271	26355	5271	74496901
-17614	-2440	1574	-2322	-414	-439	56	232	116	5272	26360	5272	74496901
-17814	-2110	1664	-2177	-380	-378	58	236	116	5273	26365	5273	74496902
-17720	-1994	1670	-2173	-335	-294	58	236	116	5274	26370	5274	74496904
-17640	-1842	1942	-2057	-262	-245	53	235	117	5275	26375	5275	74496904
-17554	-1706	2012	-1946	-158	-151	53	235	117	5276	26380	5276	74496904
-17632	-1638	1976	-1872	-97	-142	54	236	114	5277	26385	5277	74496905
-17578	-1440	2036	-1760	41	-179	54	236	114	5278	26390	5278	74496948
-17464	-1600	2062	-1782	63	-261	49	233	117	5279	26395	5279	74496948
-17368	-1618	1936	-1805	84	-299	49	233	117	5280	26400	5280	74496949
-17362	-1588	2126	-1919	147	-384	58	228	112	5281	26405	5281	74496950
-17262	-1440	1960	-1871	423	-329	58	228	112	5282	26410	5282	74496950
-17412	-1574	1826	-1762	641	-363	56	230	114	5283	26415	5283	74496975
-17250	-1612	1614	-1595	1136	-437	56	230	114	5284	26420	5284	74496979
-16950	-1664	1354	-1345	1678	-328	57	233	113	5285	26425	5285	74496979
-16758	-1934	1276	-1222	1863	-285	57	233	113	5286	26430	5286	74496980
-16762	-1938	1110	-1042	1957	-263	57	229	113	5287	26435	5287	74496980
-16816	-1962	1044	-847	1939	-268	57	229	113	5288	26440	5288	74496980
-16776	-2042	1008	-823	1825	-197	57	231	115	5289	26445	5289	74496981
-16668	-2220	1278	-767	1670	-135	57	231	115	5290	26450	5290	74496981
-16798	-2262	1424	-742	1536	-138	59	233	115	5291	26455	5291	74496982
-16810	-2288	1440	-723	1432	-122	59	233	115	5292	26460	5292	74496982
-17000	-2208	1442	-777	1220	-100	55	233	117	5293	26465	5293	74496983
-16880	-2286	1446	-736	1125	-83	55	233	117	5294	26470	5294	74496983
-16874	-2206	1282	-653	1185	-88	59	233	115	5295	26475	5295	74496984
-16896	-2188	1176	-574	1373	-44	59	233	115	5296	26480	5296	74497023
-16836	-2172	892	-513	1568	9	62	234	116	5297	26485	5297	74497024
-16724	-2248	844	-520	1626	-34	62	234	116	5298	26490	5298	74497025
-16692	-2234	900	-535	1564	-42	54	232	116	5299	26495	5299	74497056
-16684	-2386	972	-651	1215	-31	54	232	116	5300	26500	5300	74497056
-16640	-2304	1038	-708	1023	-34	57	235	113	5301	26505	5301	74497056
-16530	-2308	1322	-816	592	-40	57	235	113	5302	26510	5302	74497057
-16658	-2242	1354	-774	240	-72	60	236	110	5303	26515	5303	74497057
-16690	-2134	1374	-744	118	-98	60	236	110	5304	26520	5304	74497057
-16994	-1948	1082	-643	111	-157	58	238	112	5305	26525	5305	74497058
-17140	-1918	1058	-585	400	-157	58	238	112	5306	26530	5306	74497058
-17048	-1914	1050	-579	535	-127	59	237	115	5307	26535	5307	74497059
-16964	-1758	950	-562	733	-116	59	237	115	5308	26540	5308	74497059
-16892	-1726	938	-525	709	-43	60	236	110	5309	26545	5309	74497156
-16808	-1708	948	-415	601	31	60	236	110	5310	26550	5310	74497157
-16742	-1610	992	-365	474	75	58	232	110	5311	26555	5311	74497157
-16672	-1456	1086	-290	232	160	58	232	110	5312	26560	5312	74497158
-16604	-1454	1008	-259	29	247	59	237	117	5313	26565	5313	74497159
-16630	-1350	1162	-236	-17	294	59	237	117	5314	26570	5314	74497159
-16678	-1316	1028	-160	-55	334	54	234	110	5315	26575	5315	74497160
-16688	-1212	980	-96	-41	357	54	234	110	5316	26580	5316	74497161
-16608	-1100	894	-26	-6	381	59	235	115	5317	26585	5317	74497161
-16738	-980	820	94	130	364	59	235	115	5318	26590	5318	74497162
-16760	-912	836	203	273	410	52	236	116	5319	26595	5319	74497190
-16578	-946	838	255	325	444	52	236	116	5320	26600	5320	74497190
-16684	-856	862	280	418	457	57	235	109	5321	26605	5321	74497191
-16600	-886	864	350	470	532	57	235	109	5322	26610	5322	74497191
-16632	-926	898	375	510	537	64	238	114	5323	26615	5323	74497191
-16594	-1016	836	445	576	574	64	238	114	5324	26620	5324	74497192
-16594	-1052	976	513	667	572	50	230	118	5325	26625	5325	74497193
-16606	-1118	992	571	699	594	50	230	118	5326	26630	5326	74497193
-16576	-1262	1030	674	752	609	58	232	114	5327	26635	5327	74497193
-16524	-1280	1104	724	753	600	58	232	114	5328	26640	5328	74497194
-16540	-1396	1138	754	762	577	55	231	117	5329	26645	5329	74497194
-16468	-1460	1148	774	607	569	55	231	117	5330	26650	5330	74497194
-16564	-1476	1244	854	401	525	57	237	117	5331	26655	5331	74497195
-16516	-1502	1118	916	305	541	57	237	117	5332	26660	5332	74497213
-16740	-1464	1104	1007	154	556	60	238	114	5333	26665	5333	74497214
-16908	-1406	1130	1062	146	644	60	238	114	5334	26670	5334	74497215
-16922	-1302	1092	1082	153	679	58	234	118	5335	26675	5335	74497216
-16946	-1260	1092	1205	266	753	58	234	118	5336	26680	5336	74497217
-17058	-1230	946	1292	295	812	54	234	120	5337	26685	5337	74497219
-17144	-1128	954	1339	270	869	54	234	120	5338	26690	5338	74497220
-17144	-1292	1024	1383	248	976	61	233	117	5339	26695	5339	74497221
-17068	-1266	1080	1414	268	1038	61	233	117	5340	26700	5340	74497222
-17176	-1280	1142	1426	273	1075	50	232	112	5341	26705	5341	74497235
