-13450	10224	-4044	7007	-10589	3190	72	178	104	822	4110	822	75507289
-13074	11160	-2640	7424	-11054	2671	62	180	106	823	4115	823	75507290
-12388	13184	524	7404	-10206	1303	62	180	106	824	4120	824	75507304
-11436	13598	3250	6666	-7200	75	64	178	98	825	4125	825	75507305
-10998	14050	4616	5596	-5240	-304	64	178	98	826	4130	826	75507305
-10446	13292	6676	2437	-1632	-827	70	172	106	827	4135	827	75507306
-10674	13300	7558	-1803	437	-1236	70	172	106	828	4140	828	75507306
-12076	11352	10176	-3702	714	-1117	58	176	112	829	4145	829	75507306
-14462	8444	13430	-6833	-254	-291	58	176	112	830	4150	830	75507307
-16164	7160	14750	-7732	-2500	1539	60	170	106	831	4155	831	75507307
-20078	4778	16218	-7123	-4070	2725	60	170	106	832	4160	832	75507307
-24326	2282	15646	-4580	-9261	5270	66	176	108	833	4165	833	75507308
-26368	1102	14622	-1364	-17588	8200	66	176	108	834	4170	834	75507407
-31694	-3908	10406	258	-22646	8680	59	175	107	835	4175	835	75507409
-32768	-6078	-1046	1728	-31312	7519	59	175	107	836	4180	836	75507410
-32768	-5878	-7634	2259	-32524	5908	62	174	114	837	4185	837	75507411
-32768	-4434	-19896	3730	-26346	1916	62	174	114	838	4190	838	75507412
-32768	-2100	-25598	2817	-11300	-1057	61	179	125	839	4195	839	75507415
-32188	-934	-25134	1068	-3235	-2049	61	179	125	840	4200	840	75507422
-21568	698	-20300	-4020	8007	-3291	66	174	122	841	4205	841	75507423
-13438	2312	-13212	-9508	11508	-3331	66	174	122	842	4210	842	75507423
-10680	2834	-9562	-11656	10967	-3163	59	181	123	843	4215	843	75507424
-7774	1526	-2824	-13963	6959	-2528	59	181	123	844	4220	844	75507424
-7438	-210	1394	-14109	1310	-1881	59	181	115	845	4225	845	75507424
-7864	-1064	3160	-13497	-1251	-1700	59	181	115	846	4230	846	75507425
-9166	-5376	6794	-10549	-5219	-1885	63	173	119	847	4235	847	75507425
-9500	-8770	10818	-6443	-8199	-2515	63	173	119	848	4240	848	75507426
-9668	-9284	13270	-3863	-9513	-2963	57	175	117	849	4245	849	75507437
-9992	-8942	18020	3086	-12339	-3511	57	175	117	850	4250	850	75507438
-11130	-7764	20234	11085	-15283	-3742	64	174	124	851	4255	851	75507439
-12128	-6938	19908	14703	-16502	-3815	64	174	124	852	4260	852	75507440
-13756	-4938	18414	20266	-18329	-3915	56	170	130	853	4265	853	75507441
-14426	-4108	15528	23541	-20087	-3787	56	170	130	854	4270	854	75507441
-14894	-3580	13606	24182	-20941	-3586	68	170	132	855	4275	855	75507441
-15936	-3224	9550	23196	-22045	-3132	68	170	132	856	4280	856	75507442
-16838	-1650	4508	20146	-21346	-2667	67	171	133	857	4285	857	75507442
-17458	-1094	1938	18442	-20103	-2248	67	171	133	858	4290	858	75507442
-18766	-1444	-3182	15603	-16067	-1789	61	171	139	859	4295	859	75507461
-18664	-1500	-6668	11983	-10700	-1870	61	171	139	860	4300	860	75507570
-18120	-1350	-7416	9812	-8297	-1962	61	169	141	861	4305	861	75507571
-16602	-874	-7200	5245	-5381	-1730	61	169	141	862	4310	862	75507571
-15836	60	-5246	814	-4896	-953	64	172	142	863	4315	863	75507571
-15692	300	-3818	-1131	-5085	-506	64	172	142	864	4320	864	75507572
-15494	590	80	-4157	-5818	297	65	167	141	865	4325	865	75507572
-15492	914	2082	-5506	-6794	862	65	167	141	866	4330	866	75507573
-14958	1012	5830	-5317	-7286	1129	61	173	141	867	4335	867	75507573
-14562	8	8438	-3686	-8432	1670	61	173	141	868	4340	868	75507574
-14556	-568	9302	-1675	-9894	2091	62	168	142	869	4345	869	75507575
-14866	-188	9778	-599	-10403	2201	62	168	142	870	4350	870	75507614
-15550	-1026	9204	1676	-10775	2290	58	166	150	871	4355	871	75507621
-16020	-616	8594	3047	-10592	2119	58	166	150	872	4360	872	75507622
-16508	-1540	6632	3697	-10285	2027	59	171	149	873	4365	873	75507623
-17274	-2040	4294	4292	-9662	1477	59	171	149	874	4370	874	75507623
-17428	-2326	3148	4477	-9210	1167	63	169	153	875	4375	875	75507624
-17432	-2770	1698	4856	-8292	523	63	169	153	876	4380	876	75507624
-17540	-2710	1072	5410	-7739	-209	56	166	150	877	4385	877	75507625
-17566	-2904	928	5785	-7610	-560	56	166	150	878	4390	878	75507625
-17818	-2264	898	6482	-7610	-1254	63	173	155	879	4395	879	75507626
-17744	-1644	1112	7442	-7459	-1636	63	173	155	880	4400	880	75507626
-17782	-1572	1296	7908	-7483	-1759	60	164	156	881	4405	881	75507692
-17796	-1150	1898	8476	-7483	-1896	60	164	156	882	4410	882	75507695
-17426	-552	2548	8947	-7508	-1909	68	168	156	883	4415	883	75507695
-17264	-286	2778	9198	-7607	-1868	68	168	156	884	4420	884	75507696
-16778	446	3350	9695	-7923	-1694	60	170	156	885	4425	885	75507696
-16312	926	3528	9933	-8254	-1428	60	170	156	886	4430	886	75507697
-16118	1184	3646	9949	-8355	-1274	63	167	157	887	4435	887	75507697
-15814	1336	3816	9763	-8347	-830	63	167	157	888	4440	888	75507698
-15822	1282	3846	9238	-8313	-495	67	167	165	889	4445	889	75507698
-15736	1300	3896	8961	-8136	-378	67	167	165	890	4450	890	75507699
-15608	914	4126	8456	-7559	-64	67	163	157	891	4455	891	75507699
-15142	1432	4210	8056	-6878	302	67	163	157	892	4460	892	75507700
-15038	762	4434	8135	-6697	545	60	166	164	893	4465	893	75507700
-15300	-68	4712	7803	-6624	838	60	166	164	894	4470	894	75507719
-15570	-614	5152	7182	-6407	981	59	167	167	895	4475	895	75507720
-15554	-1126	5286	7033	-6237	1076	59	167	167	896	4480	896	75507720
-15406	-1920	5502	6699	-6053	1267	61	163	163	897	4485	897	75507721
-15370	-2594	5620	6220	-6071	1456	61	163	163	898	4490	898	75507722
-15336	-2708	5806	5930	-6106	1531	62	166	170	899	4495	899	75507722
-15476	-3040	6050	5456	-6174	1660	62	166	170	900	4500	900	75507722
-15672	-3316	6136	5021	-6219	1713	58	160	164	901	4505	901	75507723
-15818	-3114	6250	4806	-6226	1694	58	160	164	902	4510	902	75507723
-15990	-3396	6336	4551	-6210	1672	49	161	171	903	4515	903	75507723
-16206	-3394	6524	4166	-6157	1585	49	161	171	904	4520	904	75507724
-16366	-3246	6432	3969	-6114	1495	61	157	169	905	4525	905	75507724
-16320	-2652	6408	3527	-5986	1265	61	157	169	906	4530	906	75507724
-16340	-2410	6398	3122	-5849	1085	55	159	169	907	4535	907	75507725
-16186	-1800	6390	2917	-5825	1007	55	159	169	908	4540	908	75507725
-16026	-1342	6448	2582	-5837	912	58	156	174	909	4545	909	75507726
-15982	-1008	6408	2320	-5858	813	58	156	174	910	4550	910	75507726
-15856	-624	6314	2210	-5867	769	60	158	172	911	4555	911	75507769
-15916	-218	6366	2133	-5915	702	60	158	172	912	4560	912	75507796
-15866	-26	6120	2114	-5855	517	55	153	177	913	4565	913	75507796
-15712	378	6052	2098	-5848	439	55	153	177	914	4570	914	75507797
-15496	616	5740	2145	-5918	390	54	158	174	915	4575	915	75507797
-15410	896	5676	2138	-5947	391	54	158	174	916	4580	916	75507798
-15296	1090	5374	2221	-5958	468	55	149	173	917	4585	917	75507799
-15274	1542	5022	2444	-6017	605	55	149	173	918	4590	918	75507799
-15226	1692	4970	2618	-5985	691	48	154	174	919	4595	919	75507800
-15060	1588	4786	3023	-5867	888	48	154	174	920	4600	920	75507800
-15464	850	4618	3391	-5892	1056	61	157	175	921	4605	921	75507801
-15578	688	4422	3441	-5921	1123	61	157	175	922	4610	922	75507801
-15292	790	4424	3434	-5664	1240	50	160	176	923	4615	923	75507802
-15152	908	4586	3585	-5599	1314	50	160	176	924	4620	924	75507849
-15272	698	4524	3826	-5734	1386	52	156	178	925	4625	925	75507850
-15606	292	4518	4143	-5957	1420	52	156	178	926	4630	926	75507851
-15794	16	4646	4113	-6108	1325	47	151	175	927	4635	927	75507851
-15792	-90	4748	4053	-6171	1273	47	151	175	928	4640	928	75507852
-15711	-181	4858	4100	-6227	1262	51	154	177	929	4645	929	75507852
-15630	-272	4968	4146	-6283	1250	54	156	178	930	4650	930	75507852
-15704	-448	4974	4106	-6339	1261	49	155	179	931	4655	931	75507853
-15820	-496	5166	3949	-6365	1257	49	155	179	932	4660	932	75507853
-15878	-856	5204	3814	-6313	1265	42	148	186	933	4665	933	75507853
-15982	-690	5250	3714	-6326	1268	42	148	186	934	4670	934	75507854
-16130	-1154	4984	3582	-6302	1301	51	151	183	935	4675	935	75507854
-16382	-1406	4876	3233	-6247	1326	51	151	183	936	4680	936	75507854
-16510	-1484	4850	3036	-6206	1344	51	149	187	937	4685	937	75507855
-16478	-1552	4994	2746	-6067	1380	51	149	187	938	4690	938	75507855
-16660	-1832	5120	2512	-5948	1426	50	150	184	939	4695	939	75507856
-16722	-1926	5122	2393	-5882	1448	50	150	184	940	4700	940	75507856
-16890	-1890	5144	2270	-5762	1499	46	148	186	941	4705	941	75507856
-16938	-2138	5046	2186	-5591	1557	46	148	186	942	4710	942	75507872
-16860	-2078	4986	2134	-5491	1560	38	148	186	943	4715	943	75507900
-16830	-1946	5108	2130	-5352	1584	38	148	186	944	4720	944	75507901
-16968	-1836	5114	2196	-5244	1642	45	149	185	945	4725	945	75507901
-17024	-1734	5074	2176	-5206	1655	45	149	185	946	4730	946	75507902
-17128	-1274	5188	2163	-5127	1675	41	147	187	947	4735	947	75507902
-17188	-1022	5306	2264	-5033	1693	41	147	187	948	4740	948	75507902
-17426	-588	5410	2353	-4995	1697	36	142	188	949	4745	949	75507903
-17634	-186	5150	2449	-4945	1728	36	142	188	950	4750	950	75507955
-17690	-96	5090	2461	-4868	1750	42	148	184	951	4755	951	75507956
-17906	-70	5022	2435	-4832	1757	42	148	184	952	4760	952	75507956
-17906	-180	5134	2385	-4734	1779	34	150	188	953	4765	953	75507956
-17986	-274	5146	2359	-4702	1793	34	150	188	954	4770	954	75507957
-18064	-302	5032	2371	-4648	1800	41	145	189	955	4775	955	75507957
-18406	-644	4820	2665	-4587	1759	41	145	189	956	4780	956	75507959
-18680	-932	4708	2854	-4604	1679	43	149	193	957	4785	957	75507959
-19092	-904	4262	3062	-4467	1434	43	149	193	958	4790	958	75507960
-19370	-888	3948	3373	-4109	1172	33	143	199	959	4795	959	75507960
-19516	-924	3792	3536	-3903	1040	33	143	199	960	4800	960	75507961
-19646	-834	3256	3776	-3472	748	35	145	191	961	4805	961	75507961
-19540	-944	3002	3929	-3047	450	35	145	191	962	4810	962	75507977
-19520	-920	2788	3967	-2870	284	38	142	192	963	4815	963	75508003
-19366	-932	2496	4059	-2576	-7	38	142	192	964	4820	964	75508003
-19212	-1202	1958	4125	-2339	-224	34	142	194	965	4825	965	75508003
-19062	-1380	1884	4139	-2215	-317	34	142	194	966	4830	966	75508004
-18750	-1684	1416	4179	-1897	-395	38	144	190	967	4835	967	75508004
-18400	-2170	1308	4154	-1509	-331	38	144	190	968	4840	968	75508005
-18414	-2412	1326	4106	-1328	-236	28	136	196	969	4845	969	75508024
-18428	-2668	1218	3906	-986	86	28	136	196	970	4850	970	75508028
-18856	-2908	944	3729	-589	487	29	135	197	971	4855	971	75508028
-19098	-2986	900	3603	-368	703	29	135	197	972	4860	972	75508028
-19940	-3276	692	3365	182	1054	37	137	193	973	4865	973	75508029
-20856	-3270	690	3013	827	1264	37	137	193	974	4870	974	75508030
-21230	-3294	630	2854	1225	1326	36	132	192	975	4875	975	75508030
-21926	-3256	548	2622	2140	1332	36	132	192	976	4880	976	75508031
-22482	-3128	396	2356	3094	1152	30	140	192	977	4885	977	75508031
-22766	-3010	232	2187	3607	1026	30	140	192	978	4890	978	75508032
-23138	-2786	6	1841	4681	725	29	139	191	979	4895	979	75508033
-23606	-2288	-292	1491	5804	451	29	139	191	980	4900	980	75508033
-23736	-2154	-558	1291	6366	402	33	135	193	981	4905	981	75508034
-23936	-1984	-838	781	7513	234	33	135	193	982	4910	982	75508054
-23852	-1308	-980	122	8654	102	27	137	185	983	4915	983	75508055
-23660	-900	-1206	-240	9229	90	27	137	185	984	4920	984	75508056
-23222	-2	-1470	-871	10286	138	26	134	190	985	4925	985	75508079
-23252	842	-1880	-1327	11283	367	26	134	190	986	4930	986	75508079
-23140	1246	-1824	-1453	11757	457	33	137	185	987	4935	987	75508080
-22496	1950	-1410	-1324	12890	780	33	137	185	988	4940	988	75508080
-22040	2140	-984	-927	13530	1075	25	129	185	989	4945	989	75508080
-21324	4062	92	-1047	13618	1025	25	129	185	990	4950	990	75508081
-21072	5526	1598	-1155	14039	955	25	139	185	991	4955	991	75508081
-21078	5894	930	-1483	15750	1210	25	139	185	992	4960	992	75508081
-21792	6230	-2782	-2356	17969	1231	30	144	182	993	4965	993	75508082
-20386	7538	-1124	-5061	23118	1490	30	144	182	994	4970	994	75508157
-19820	7774	1286	-6223	24514	1765	19	139	177	995	4975	995	75508188
-19646	9116	4658	-5698	24172	1835	19	139	177	996	4980	996	75508189
-20146	10314	4778	-3165	24032	2165	25	139	183	997	4985	997	75508189
-20484	10028	4110	-2214	24771	2712	25	139	183	998	4990	998	75508189
-20716	8872	3448	-1110	27231	3850	18	138	174	999	4995	999	75508190
-20182	7998	4274	191	29309	4570	18	138	174	1000	5000	1000	75508191
-19964	7504	4998	1296	29585	4739	22	146	166	1001	5005	1001	75508191
-19616	6226	6114	3939	28794	4900	22	146	166	1002	5010	1002	75508192
-19440	4784	7772	6588	27012	4678	18	142	164	1003	5015	1003	75508193
-19602	3826	8624	7893	25901	4286	18	142	164	1004	5020	1004	75508193
-19904	738	10408	10477	23207	2920	8	146	164	1005	5025	1005	75508194
-21114	1264	11160	12040	20053	1086	8	146	164	1006	5030	1006	75508195
-21506	866	11610	12996	18662	190	17	147	163	1007	5035	1007	75508206
-22486	176	12468	14457	16249	-1904	17	147	163	1008	5040	1008	75508206
-23234	90	13286	14967	14104	-4237	15	147	157	1009	5045	1009	75508208
-23096	24	13394	15019	13338	-5069	15	147	157	1010	5050	1010	75508209
-21976	660	12714	14830	12748	-5874	17	147	153	1011	5055	1011	75508235
-20970	1296	11356	14154	12888	-6321	17	147	153	1012	5060	1012	75508261
-20836	1432	10678	13260	12995	-6607	18	142	148	1013	5065	1013	75508262
-20450	1576	9032	10851	13267	-7150	18	142	148	1014	5070	1014	75508263
-20608	814	6974	8407	13831	-7289	22	150	146	1015	5075	1015	75508263
-20674	592	5898	7051	14216	-7292	22	150	146	1016	5080	1016	75508264
-20504	-996	4464	4200	15205	-7141	20	148	142	1017	5085	1017	75508265
-20846	-2552	3658	967	15682	-7201	20	148	142	1018	5090	1018	75508266
-21060	-3052	3366	-842	15825	-7270	24	150	144	1019	5095	1019	75508272
-21138	-3786	3170	-4176	16090	-7343	24	150	144	1020	5100	1020	75508275
-20520	-3304	3082	-6943	16449	-7541	16	146	144	1021	5105	1021	75508275
-20064	-2730	3092	-8013	16615	-7516	16	146	144	1022	5110	1022	75508276
-19242	-1704	3270	-9223	16787	-7349	22	144	140	1023	5115	1023	75508279
-18384	-1922	3806	-9418	16601	-6948	22	144	140	1024	5120	1024	75508283
-18570	-2190	4276	-9519	16308	-6904	22	150	134	1025	5125	1025	75508290
-17354	-1800	4698	-9868	15752	-6582	22	150	134	1026	5130	1026	75508292
-17754	-1872	6026	-11225	15004	-7279	17	145	137	1027	5135	1027	75508292
-16794	-1848	5984	-11540	14541	-6736	17	145	137	1028	5140	1028	75508293
-17652	-2982	6826	-12676	13982	-5734	25	149	135	1029	5145	1029	75508293
-17896	-2372	6996	-14791	15608	-5316	25	149	135	1030	5150	1030	75508294
-16282	-698	8246	-15443	16862	-5135	27	149	133	1031	5155	1031	75508314
-13712	62	8918	-15739	17711	-4629	27	149	133	1032	5160	1032	75508314
-13400	566	9184	-16037	16975	-4088	26	154	128	1033	5165	1033	75508315
-12992	1284	8988	-15871	16326	-3773	26	154	128	1034	5170	1034	75508316
-12658	1148	7994	-15201	15109	-3257	28	152	122	1035	5175	1035	75508362
-12282	1030	7660	-14835	14115	-2801	28	152	122	1036	5180	1036	75508362
-11918	766	6592	-14746	13346	-2469	19	147	127	1037	5185	1037	75508391
-12270	198	5882	-14830	12167	-1950	19	147	127	1038	5190	1038	75508392
-12334	-108	5348	-15033	11788	-1799	28	148	124	1039	5195	1039	75508393
-12258	34	5118	-15836	11038	-1688	28	148	124	1040	5200	1040	75508395
-12404	312	4562	-16803	9973	-1534	22	146	122	1041	5205	1041	75508396
-12276	142	4528	-17349	9530	-1405	22	146	122	1042	5210	1042	75508397
-12514	-86	4500	-18431	8661	-1088	27	141	123	1043	5215	1043	75508398
-12752	-532	4550	-19320	7842	-744	27	141	123	1044	5220	1044	75508400
-12884	-474	4716	-19786	7540	-588	23	143	119	1045	5225	1045	75508400
-12958	-318	4960	-20439	7117	-370	23	143	119	1046	5230	1046	75508401
-12978	466	5272	-20715	6871	-159	23	151	123	1047	5235	1047	75508402
-12978	894	5452	-20637	6692	-55	23	151	123	1048	5240	1048	75508403
-12976	1474	5440	-19973	6178	127	23	147	123	1049	5245	1049	75508404
-12710	1510	5784	-18862	5822	592	23	147	123	1050	5250	1050	75508417
-13428	2058	5430	-18197	5277	419	21	147	117	1051	5255	1051	75508418
-13756	4018	4830	-16978	4532	-1	21	147	117	1052	5260	1052	75508443
-13650	5250	4722	-14945	4550	-320	23	147	119	1053	5265	1053	75508444
-13536	5820	4588	-13624	4682	-509	23	147	119	1054	5270	1054	75508444
-13188	7218	4038	-10718	4879	-899	24	146	120	1055	5275	1055	75508445
-12676	7960	3378	-7317	4800	-1258	24	146	120	1056	5280	1056	75508445
-12534	8054	3000	-5486	4566	-1445	22	146	124	1057	5285	1057	75508446
-12186	8872	1840	-1840	3883	-1760	22	146	124	1058	5290	1058	75508446
-12182	5818	1842	1989	3151	-1927	22	144	114	1059	5295	1059	75508446
-12422	5018	1226	3472	2362	-2200	22	144	114	1060	5300	1060	75508447
-12244	5002	448	4905	966	-2830	22	154	118	1061	5305	1061	75508470
-12196	4760	116	6134	2	-3412	22	154	118	1062	5310	1062	75508471
-12306	4652	46	6710	-381	-3658	18	146	118	1063	5315	1063	75508493
-12644	4358	-52	7544	-870	-4062	18	146	118	1064	5320	1064	75508494
-12942	3978	170	7953	-971	-4407	23	145	119	1065	5325	1065	75508494
-13044	3936	182	7993	-956	-4547	23	145	119	1066	5330	1066	75508495
-13230	3678	230	7892	-759	-4695	27	145	111	1067	5335	1067	75508495
-13408	3030	204	7721	-552	-4742	27	145	111	1068	5340	1068	75508495
-13460	2642	-46	7525	-470	-4715	31	147	121	1069	5345	1069	75508496
-13598	1968	-218	7065	-304	-4652	31	147	121	1070	5350	1070	75508496
-13662	1534	-314	6467	-225	-4559	29	145	115	1071	5355	1071	75508497
-13898	944	-388	6081	-279	-4467	29	145	115	1072	5360	1072	75508497
-13996	46	-706	5409	-534	-4186	25	145	117	1073	5365	1073	75508498
-14040	-386	-840	4820	-665	-3906	25	145	117	1074	5370	1074	75508498
-14090	-1226	-1262	4657	-701	-3811	30	148	122	1075	5375	1075	75508498
-13986	-1832	-1716	4450	-806	-3538	30	148	122	1076	5380	1076	75508499
-13928	-2118	-1864	4182	-984	-3181	28	146	114	1077	5385	1077	75508575
-13668	-2252	-2304	3970	-1172	-3018	28	146	114	1078	5390	1078	75508575
-13600	-2174	-2654	3502	-1668	-2563	28	144	114	1079	5395	1079	75508576
-13650	-1936	-3006	3228	-1913	-2288	28	144	114	1080	5400	1080	75508576
-13476	-1854	-3408	2833	-2371	-1701	34	144	114	1081	5405	1081	75508576
-13494	-1910	-4066	2431	-2723	-1210	34	144	114	1082	5410	1082	75508577
-13450	-1950	-4190	2101	-2860	-1040	27	149	115	1083	5415	1083	75508594
-13452	-2598	-4698	1437	-3264	-789	27	149	115	1084	5420	1084	75508598
-13602	-2758	-5074	177	-3818	-654	26	148	124	1085	5425	1085	75508599
-13720	-2974	-5162	-594	-4129	-610	26	148	124	1086	5430	1086	75508599
-14058	-2910	-5078	-2410	-4754	-546	28	148	114	1087	5435	1087	75508600
-14356	-2806	-4894	-4316	-5286	-541	28	148	114	1088	5440	1088	75508600
-14580	-2804	-4968	-5254	-5484	-547	19	149	117	1089	5445	1089	75508600
-15056	-2590	-4834	-7011	-5676	-698	19	149	117	1090	5450	1090	75508601
-15528	-2660	-4560	-8318	-5611	-925	29	153	117	1091	5455	1091	75508601
-15746	-2420	-4516	-8823	-5490	-1054	29	153	117	1092	5460	1092	75508601
-16390	-1880	-4272	-9110	-5281	-1323	26	152	122	1093	5465	1093	75508602
