-16784	1119	4342	499	-726	528	-70	112	100	1	1	1	77508230	
-16784	990	4384	521	-685	528	-70	112	98	2	6	2	77508230	
-16783	803	4340	474	-635	497	-69	113	91	3	11	3	77508230	
-16812	718	4272	424	-589	459	-70	112	95	4	16	4	77508231	
-16733	600	4209	378	-534	414	-71	111	101	5	21	5	77508231	
-16639	504	4159	344	-483	364	-69	111	101	6	26	6	77508231	
-16588	452	4093	327	-436	305	-66	110	100	7	31	7	77508232	
-16548	436	4076	327	-403	248	-68	112	99	8	36	8	77508232	
-16526	439	3973	314	-371	187	-70	116	98	9	41	9	77508232	
-16452	506	3943	285	-357	147	-69	116	100	10	46	10	77508239	
-16447	643	3953	283	-384	116	-68	116	102	11	51	11	77508250	
-16534	743	3849	332	-413	110	-65	115	104	12	56	12	77508251	
-16586	853	3830	402	-436	113	-63	115	105	13	61	13	77508269	
-16605	948	3752	463	-439	122	-67	114	103	14	66	14	77508281	
-16586	992	3601	493	-427	136	-71	113	101	15	71	15	77508281	
-16550	1016	3481	466	-396	160	-72	115	98	16	76	16	77508281	
-16556	1112	3420	392	-346	188	-74	118	94	17	81	17	77508281	
-16580	1236	3319	322	-280	218	-72	118	98	18	86	18	77508282	
-16568	1319	3220	285	-205	252	-69	117	105	19	91	19	77508284	
-16529	1412	3087	296	-133	279	-70	116	101	20	96	20	77508284	
-16488	1465	3087	326	-86	307	-71	115	99	21	101	21	77508285	
-16466	1505	3142	380	-62	334	-69	113	101	22	106	22	77508286	
-16462	1496	3205	459	-59	364	-68	112	102	23	111	23	77508297	
-16523	1501	3282	534	-76	396	-72	113	101	24	116	24	77508305	
-16596	1533	3283	565	-94	439	-74	114	100	25	121	25	77508305	
-16629	1452	3344	576	-78	485	-70	112	98	26	126	26	77508306	
-16615	1354	3442	582	-65	514	-67	111	97	27	131	27	77508306	
-16646	1253	3497	582	-83	532	-66	113	99	28	136	28	77508306	
-16712	1141	3498	597	-106	539	-65	115	101	29	141	29	77508307	
-16714	1050	3612	597	-114	538	-70	114	99	30	146	30	77508307	
-16751	946	3712	575	-115	534	-74	114	98	31	151	31	77508307	
-16716	870	3746	539	-89	525	-72	115	99	32	156	32	77508308	
-16662	799	3891	499	-53	512	-70	116	100	33	161	33	77508308	
-16592	827	3979	470	-29	497	-74	112	101	34	166	34	77508355	
-16530	815	3969	442	-1	468	-76	110	102	35	171	35	77508386	
-16495	843	3877	354	24	440	-74	115	97	36	176	36	77508386	
-16430	910	3883	211	28	424	-73	117	95	37	181	37	77508387	
-16408	983	3825	88	25	405	-71	119	102	38	186	38	77508387	
-16435	1134	3853	11	12	385	-70	120	104	39	191	39	77508388	
-16520	1213	3771	-4	-1	383	-73	112	93	40	196	40	77508388	
-16615	1347	3608	32	-14	383	-74	110	90	41	201	41	77508388	
-16671	1470	3473	77	-28	388	-75	117	95	42	206	42	77508389	
-16677	1594	3443	135	-24	382	-75	121	99	43	211	43	77508389	
-16665	1676	3400	221	2	383	-76	119	97	44	216	44	77508403	
-16668	1822	3210	322	28	389	-77	117	95	45	221	45	77508412	
-16572	1931	3102	410	83	395	-71	115	98	46	226	46	77508413	
-16436	2006	3024	507	165	395	-69	115	99	47	231	47	77508414	
-16306	2113	2867	617	226	404	-67	117	102	48	236	48	77508414	
-16251	2294	2698	732	254	423	-67	117	103	49	241	49	77508415	
-16308	2240	2565	931	296	472	-73	116	99	50	246	50	77508415	
-16447	2245	2334	1147	315	519	-74	116	98	51	251	51	77508415	
-16611	2196	2188	1333	404	576	-72	112	97	52	256	52	77508416	
-16708	2064	2088	1563	539	658	-71	111	97	53	261	53	77508416	
-16832	2030	2142	1731	670	716	-69	113	99	54	266	54	77508417	
-16885	2100	2190	1884	788	764	-69	113	99	55	271	55	77508456	
-16794	2284	2414	2087	931	801	-75	115	97	56	276	56	77508465	
-16605	2068	2950	2383	998	816	-76	116	96	57	281	57	77508465	
-16468	2082	3436	2540	915	802	-73	118	99	58	286	58	77508465	
-16471	1988	3598	2674	738	755	-72	118	100	59	291	59	77508466	
-16566	1771	3555	2827	544	686	-72	112	98	60	296	60	77508466	
-16922	1498	3450	2889	371	590	-72	110	98	61	301	61	77508467	
-17074	1452	3224	2749	275	490	-78	114	96	62	306	62	77508467	
-17220	1062	3060	2464	306	369	-78	114	96	63	311	63	77508467	
-17224	1016	2884	2001	300	236	-81	119	95	64	316	64	77508468	
-17306	896	2670	1434	312	126	-81	119	95	65	321	65	77508514	
-17406	948	2522	1010	365	20	-83	117	101	66	326	66	77508515	
-17410	832	2370	666	504	-45	-83	117	101	67	331	67	77508516	
-17362	1014	2038	416	661	-111	-67	115	93	68	336	68	77508517	
-17300	1289	1868	299	848	-163	-67	115	93	69	341	69	77508518	
-17198	1130	1642	394	1110	-249	-76	114	96	70	346	70	77508518	
-17246	1210	1466	491	1258	-303	-76	114	96	71	351	71	77508568	
-17370	1038	1184	644	1398	-389	-72	120	96	72	356	72	77508569	
-17396	1464	832	775	1604	-469	-72	120	96	73	361	73	77508569	
-17408	1250	650	1015	1865	-560	-76	116	94	74	366	74	77508569	
-17390	1300	546	1235	2092	-656	-76	116	94	75	371	75	77508570	
-17660	622	-132	1451	2229	-682	-73	119	95	76	376	76	77508571	
-17852	662	-34	1398	2669	-767	-73	119	95	77	381	77	77508571	
-17559	1176	-240	1299	3254	-946	-76	114	92	78	386	78	77508572	
-17531	1140	-349	1366	3395	-1038	-76	115	92	79	391	79	77508572	
-17757	936	-586	1496	3462	-1067	-74	118	92	80	396	80	77508576	
-17751	1144	-682	1447	3844	-1114	-74	117	92	81	401	81	77508596	
-18132	271	-556	1632	4222	-1204	-75	115	91	82	406	82	77508618	
-18184	378	-716	1607	4329	-1383	-75	115	91	83	411	83	77508619	
-18082	76	-708	1497	4559	-1584	-73	121	85	84	416	84	77508619	
-18216	-450	-812	1105	4666	-1807	-73	121	85	85	421	85	77508620	
-18272	-568	-1166	594	4806	-2116	-75	123	89	86	426	86	77508620	
-18329	-501	-1550	140	5213	-2489	-75	122	88	87	431	87	77508620	
-18273	-360	-1879	-99	5587	-2764	-74	120	84	88	436	88	77508621	
-18052	-200	-2236	-252	5881	-3005	-73	121	86	89	441	89	77508621	
-18224	-1257	-2788	-252	6072	-3125	-70	124	92	90	446	90	77508621	
-18548	-1683	-3064	-544	6400	-3335	-70	123	91	91	451	91	77508622	
-18659	-1616	-3175	-1079	6979	-3625	-72	120	86	92	456	92	77508622	
-18809	-2263	-3218	-1522	7591	-3885	-71	121	86	93	461	93	77508627	
-18960	-2617	-3301	-1965	8045	-4193	-67	123	87	94	466	94	77508642	
-19023	-2580	-3060	-2580	8512	-4616	-66	125	85	95	471	95	77508643	
-19414	-2471	-3111	-2894	8801	-4921	-65	127	83	96	476	96	77508653	
-19592	-2155	-3224	-3135	9183	-5228	-66	125	83	97	481	97	77508670	
-19669	-2370	-3228	-3132	9814	-5513	-70	118	84	98	486	98	77508670	
-19992	-2455	-3327	-3112	10436	-5752	-69	121	84	99	491	99	77508671	
-20530	-2084	-3935	-2992	10946	-6081	-63	131	83	100	496	100	77508676	
-21273	-1631	-5004	-2344	11674	-6470	-63	131	82	101	501	101	77508694	
-22465	-603	-6600	-1013	13020	-6844	-65	131	79	102	506	102	77508708	
-23314	-726	-7558	1056	15488	-7108	-66	131	76	103	511	103	77508748	
-23231	497	-6779	2183	18024	-7195	-68	132	72	104	516	104	77508749	
-22354	3063	-3968	2223	20239	-7021	-65	133	71	105	521	105	77508749	
-20744	4649	314	1892	21333	-6518	-60	134	70	106	526	106	77508750	
-19471	5248	3819	1458	20771	-5808	-62	134	72	107	531	107	77508750	
-18595	5381	5714	495	19104	-5089	-66	134	76	108	536	108	77508751	
-18258	5224	5959	-746	17237	-4567	-62	133	75	109	541	109	77508751	
-18197	5107	5250	-1864	15796	-4245	-57	131	73	110	546	110	77508751	
-18066	5428	4306	-2905	14911	-3971	-58	133	70	111	551	111	77508752	
-17403	5886	3262	-3848	14215	-3576	-61	139	61	112	556	112	77508752	
-16714	5794	2398	-4089	13586	-3298	-60	138	61	113	561	113	77508753	
-16125	5435	1471	-3957	12783	-3133	-59	137	61	114	566	114	77508753	
-15672	5206	812	-3552	11924	-2991	-57	139	61	115	571	115	77508753	
-15530	4566	549	-2703	11198	-2785	-54	142	62	116	576	116	77508754	
-15554	3616	787	-1656	10685	-2563	-55	140	63	117	581	117	77508761	
-15597	2800	1219	-623	10295	-2394	-56	138	64	118	586	118	77508784	
-15429	2787	1593	427	9862	-2232	-55	141	63	119	591	119	77508804	
-15353	2010	1855	1683	9284	-2018	-53	143	61	120	596	120	77508804	
-15510	1141	1467	2689	8470	-1839	-50	141	59	121	601	121	77508805	
-15680	839	1064	3063	7752	-1704	-48	140	58	122	606	122	77508805	
-15820	788	782	3068	7338	-1530	-56	134	56	123	611	123	77508805	
-15941	672	588	3017	7136	-1303	-62	130	54	124	616	124	77508806	
-16034	294	459	2991	6967	-1021	-58	134	54	125	621	125	77508806	
-16068	-252	143	2905	6770	-703	-51	139	55	126	626	126	77508806	
-16061	-533	-292	2587	6639	-427	-50	138	53	127	631	127	77508806	
-15918	-451	-533	1929	6531	-139	-49	137	49	128	636	128	77508807	
-15778	-556	-659	1117	6417	105	-50	138	48	129	641	129	77508808	
-15654	-663	-732	302	6230	255	-50	138	48	130	646	130	77508818	
-15603	-660	-898	-610	5987	319	-49	137	49	131	651	131	77508825	
-15577	-718	-1018	-1595	5775	324	-48	136	50	132	656	132	77508825	
-15575	-587	-1041	-2596	5602	287	-56	134	52	133	661	133	77508842	
-15447	-341	-1006	-3512	5484	220	-61	133	53	134	666	134	77508854	
-15258	-92	-1006	-4278	5392	140	-54	141	48	135	671	135	77508854	
-15175	299	-857	-4947	5248	55	-50	146	44	136	676	136	77508855	
-15061	498	-858	-5367	5086	-18	-54	140	45	137	681	137	77508873	
-14954	665	-721	-5560	4947	-79	-55	139	45	138	686	138	77508897	
-14727	825	-717	-5621	4778	-159	-57	140	43	139	691	139	77508906	
-14626	850	-808	-5557	4558	-267	-58	140	42	140	696	140	77508907	
-14635	811	-834	-5430	4296	-394	-51	142	44	141	701	141	77508907	
-14530	955	-996	-5285	3998	-528	-47	143	45	142	706	142	77508907	
-14362	1137	-1222	-5056	3712	-653	-49	141	44	143	711	143	77508908	
-14364	963	-1700	-4665	3423	-775	-50	140	44	144	716	144	77508908	
-14449	719	-2256	-4186	3141	-922	-52	136	41	145	721	145	77508909	
-14435	798	-2552	-3882	2917	-1063	-52	134	40	146	726	146	77508909	
-14548	794	-3029	-3681	2655	-1141	-50	142	43	147	731	147	77508909	
-14604	692	-3533	-3589	2534	-1160	-50	144	44	148	736	148	77508910	
-14749	780	-3942	-3538	2652	-1138	-51	137	43	149	741	149	77508910	
-14742	786	-4311	-3436	2868	-1115	-51	135	43	150	746	150	77508910	
-14481	702	-4350	-3312	3115	-1045	-49	138	46	151	751	151	77508948	
-14310	650	-4251	-3202	3186	-981	-49	139	47	152	756	152	77508957	
-14186	714	-4295	-3139	3004	-937	-48	140	43	153	761	153	77508958	
-13996	978	-4423	-3121	2692	-916	-48	140	42	154	766	154	77508977	
-13852	772	-4509	-3227	2454	-802	-54	135	48	155	771	155	77509004	
-13839	898	-4546	-3437	2169	-731	-56	134	50	156	776	156	77509010	
-13596	1316	-4362	-3637	1869	-658	-52	132	48	157	781	157	77509010	
-13512	1459	-4138	-3613	1480	-543	-51	131	47	158	786	158	77509010	
-13437	1597	-3862	-3488	969	-411	-53	133	44	159	791	159	77509011	
-13407	1759	-3430	-3366	431	-290	-53	133	43	160	796	160	77509011	
-13556	1726	-2912	-3075	-227	-125	-49	143	41	161	801	161	77509012	
-13718	1800	-2908	-2657	-678	0	-49	143	41	162	806	162	77509012	
-13726	1778	-2996	-2093	-977	109	-53	137	41	163	811	163	77509012	
-13898	1668	-3112	-1522	-1240	198	-53	137	41	164	816	164	77509013	
-14162	1546	-3372	-983	-1499	231	-56	138	50	165	821	165	77509059	
-14474	1339	-3869	-671	-1625	240	-56	138	50	166	826	166	77509060	
-14782	1050	-4600	-447	-1636	191	-51	135	48	167	831	167	77509060	
-15114	673	-5387	-335	-1579	16	-50	134	48	168	836	168	77509061	
-15425	202	-6171	-270	-1559	-211	-50	142	45	169	841	169	77509061	
-16014	-244	-6976	-202	-1586	-520	-50	144	44	170	846	170	77509061	
-16566	-394	-7198	-12	-1451	-770	-50	136	44	171	851	171	77509062	
-16868	-684	-7342	344	-1079	-996	-50	136	44	172	856	172	77509062	
-16930	-1068	-7164	525	-740	-1239	-48	138	48	173	861	173	77509063	
-16714	-980	-6756	296	-575	-1429	-48	138	48	174	866	174	77509063	
-16296	-680	-5944	12	-639	-1581	-45	137	47	175	871	175	77509063	
-16030	-484	-4950	-164	-851	-1681	-45	137	47	176	876	176	77509064	
-15716	-204	-4210	-201	-1216	-1756	-44	140	50	177	881	177	77509064	
-15629	29	-3945	-149	-1674	-1807	-44	140	49	178	886	178	77509087	
-15452	162	-3787	-198	-1888	-1796	-44	140	44	179	891	179	77509088	
-15070	610	-3814	-370	-2041	-1723	-44	140	44	180	896	180	77509090	
-14900	806	-3954	-663	-2171	-1540	-56	134	42	181	901	181	77509112	
-14926	856	-4402	-1056	-2392	-1317	-56	134	42	182	906	182	77509113	
-15222	930	-4992	-1357	-2594	-1104	-44	144	44	183	911	183	77509113	
-15802	874	-5652	-1451	-2662	-959	-44	144	44	184	916	184	77509113	
-16490	876	-6194	-1299	-2394	-936	-52	140	48	185	921	185	77509114	
-16776	1024	-6520	-884	-1727	-1020	-52	140	48	186	926	186	77509114	
-16504	1267	-6119	-298	-937	-1146	-43	141	49	187	931	187	77509115	
-16255	1294	-5802	201	-649	-1281	-43	141	48	188	936	188	77509115	
-15966	1201	-5502	552	-670	-1412	-45	141	45	189	941	189	77509126	
-15926	764	-5442	767	-805	-1559	-47	142	45	190	946	190	77509169	
-15859	271	-5486	776	-862	-1713	-56	146	46	191	951	191	77509191	
-15813	-151	-5709	610	-791	-1866	-53	145	46	192	956	192	77509192	
-15632	-672	-5754	447	-642	-2004	-41	143	45	193	961	193	77509192	
-15430	-860	-5566	344	-545	-2122	-41	143	45	194	966	194	77509193	
-15159	-1186	-5112	530	-751	-2287	-50	144	52	195	971	195	77509194	
-14806	-1286	-4480	837	-927	-2340	-50	144	50	196	976	196	77509195	
-14374	-1472	-3652	1199	-1124	-2303	-48	142	44	197	981	197	77509196	
-13928	-1293	-2954	1428	-1443	-2179	-49	142	45	198	986	198	77509196	
-13576	-1303	-2694	1463	-1845	-2006	-51	143	49	199	991	199	77509196	
-13499	-1146	-2790	1219	-2237	-1831	-49	144	49	200	996	200	77509197	
-13490	-1013	-3117	800	-2458	-1693	-42	148	50	201	1001	201	77509202	
-13490	-878	-3621	364	-2534	-1575	-43	147	50	202	1006	202	77509219	
-13490	-805	-3839	42	-2568	-1471	-44	144	48	203	1011	203	77509222	
-13614	-796	-3962	-120	-2669	-1398	-44	144	48	204	1016	204	77509224	
-13759	-894	-4254	-280	-2786	-1340	-43	143	47	205	1021	205	77509227	
-13900	-890	-4587	-523	-2841	-1284	-46	140	46	206	1026	206	77509229	
-14004	-754	-4651	-807	-2855	-1229	-51	135	45	207	1031	207	77509230	
-13982	-548	-4433	-1044	-2920	-1168	-49	137	45	208	1036	208	77509230	
-14019	-445	-4275	-1058	-3096	-1102	-41	147	47	209	1041	209	77509231	
-14006	-476	-4152	-1031	-3335	-1038	-42	146	47	210	1046	210	77509232	
-14016	-486	-4251	-1091	-3544	-941	-46	140	46	211	1051	211	77509232	
-14212	-528	-4440	-1201	-3756	-814	-46	139	46	212	1056	212	77509233	
-14411	-661	-4683	-1260	-3889	-693	-46	138	46	213	1061	213	77509234	
-14654	-761	-4836	-1326	-3964	-577	-46	141	46	214	1066	214	77509236	
-14840	-735	-4875	-1464	-3983	-478	-47	145	47	215	1071	215	77509239	
-15006	-759	-4796	-1707	-3995	-416	-49	144	48	216	1076	216	77509241	
-15204	-725	-4792	-2074	-4040	-405	-51	143	49	217	1081	217	77509253	
-15245	-564	-4945	-2499	-4122	-446	-51	143	47	218	1086	218	77509280	
-14987	-595	-4895	-2773	-4261	-515	-50	142	44	219	1091	219	77509295	
-14610	-653	-4533	-2754	-4484	-543	-48	143	49	220	1096	220	77509296	
-14233	-664	-3846	-2582	-4740	-522	-45	143	53	221	1101	221	77509296	
-13991	-660	-2905	-2324	-5088	-487	-49	142	53	222	1106	222	77509296	
-14075	-588	-2297	-2179	-5534	-454	-54	140	52	223	1111	223	77509297	
-14465	-378	-2020	-2253	-6007	-412	-52	142	58	224	1116	224	77509297	
-15223	-88	-2177	-2527	-6450	-363	-48	146	66	225	1121	225	77509298	
-16190	367	-2744	-2871	-6759	-294	-48	146	61	226	1126	226	77509298	
-17134	857	-3564	-3134	-6887	-203	-48	146	54	227	1131	227	77509299	
-18182	1344	-4793	-3365	-6885	-71	-48	145	53	228	1136	228	77509299	
-19094	1631	-6141	-3589	-6679	64	-48	144	52	229	1141	229	77509300	
-19962	1475	-7578	-3643	-6351	123	-46	145	57	230	1146	230	77509326	
-20950	911	-9070	-3482	-5849	58	-45	145	61	231	1151	231	77509344	
-21799	317	-9972	-3284	-5147	-142	-46	144	61	232	1156	232	77509362	
-22445	-52	-10048	-3151	-4411	-414	-47	143	61	233	1161	233	77509388	
-22897	18	-9595	-3101	-3859	-651	-47	145	59	234	1166	234	77509397	
-23147	438	-8850	-3077	-3430	-826	-46	146	56	235	1171	235	77509397	
-23091	1329	-7836	-3034	-3029	-893	-45	146	60	236	1176	236	77509398	
-22626	2207	-6978	-2915	-2718	-774	-43	145	63	237	1181	237	77509398	
-21977	2684	-6381	-2597	-2495	-558	-47	146	65	238	1186	238	77509399	
-21160	2994	-5785	-2126	-2333	-286	-49	147	67	239	1191	239	77509399	
-20331	3143	-5353	-1633	-2245	-9	-47	144	64	240	1196	240	77509400	
-19752	3084	-5132	-1206	-2260	239	-46	142	62	241	1201	241	77509400	
-19255	2874	-5040	-814	-2308	435	-44	145	60	242	1206	242	77509415	
-18781	2767	-4918	-386	-2356	568	-43	147	59	243	1211	243	77509438	
-18379	2676	-4698	122	-2430	672	-44	147	61	244	1216	244	77509448	
-18000	2525	-4117	757	-2547	829	-45	147	63	245	1221	245	77509448	
-17794	2240	-3113	1234	-2654	989	-46	148	61	246	1226	246	77509448	
-17733	1795	-2233	1440	-2792	1130	-46	148	60	247	1231	247	77509449	
-17741	1204	-1594	1421	-2929	1235	-45	145	62	248	1236	248	77509449	
-17807	502	-1171	1258	-3078	1295	-45	143	63	249	1241	249	77509449	
-17853	-274	-712	1005	-3213	1264	-47	147	67	250	1246	250	77509450	
-17814	-807	-335	733	-3369	1128	-49	149	69	251	1251	251	77509450	
-17614	-1090	124	535	-3529	907	-47	149	69	252	1256	252	77509450	
-17146	-1349	622	558	-3670	571	-45	149	69	253	1261	253	77509451	
-16570	-1228	953	750	-3840	198	-44	148	67	254	1266	254	77509451	
-15920	-925	1320	1044	-4100	-173	-44	148	66	255	1271	255	77509451	
-15420	-634	1641	1610	-4574	-489	-43	146	68	256	1276	256	77509452	
-15202	-237	1651	2322	-5133	-759	-43	145	69	257	1281	257	77509452	
-15090	272	1529	3045	-5557	-962	-47	146	68	258	1286	258	77509472	
-15056	610	1310	3627	-5869	-1099	-48	146	68	259	1291	259	77509478	
-15268	628	862	3931	-6142	-1172	-47	145	70	260	1296	260	77509478	
-15710	506	100	3851	-6371	-1266	-47	145	71	261	1301	261	77509478	
-15882	678	-377	3574	-6414	-1316	-48	144	67	262	1306	262	77509479	
-16210	442	-723	3373	-6373	-1360	-48	144	66	263	1311	263	77509479	
-16582	344	-727	3287	-6223	-1403	-47	143	68	264	1316	264	77509480	
-16805	346	-642	3396	-5993	-1455	-47	143	69	265	1321	265	77509480	
-16858	351	-533	3601	-5710	-1483	-47	143	69	266	1326	266	77509480	
-16752	706	-484	3728	-5462	-1474	-47	143	69	267	1331	267	77509481	
-16604	1207	-539	3759	-5326	-1446	-50	143	69	268	1336	268	77509496	
-16451	1696	-671	3798	-5253	-1364	-51	143	69	269	1341	269	77509604	
-16618	2026	-1018	3878	-5052	-1205	-53	145	65	270	1346	270	77509631	
-16538	2184	-1068	3758	-4823	-1069	-53	145	65	271	1351	271	77509631	
-16386	2220	-1124	3565	-4616	-940	-45	149	71	272	1356	272	77509632	
-16366	1784	-970	3479	-4526	-797	-45	149	71	273	1361	273	77509632	
-16236	1710	-832	3522	-4547	-700	-51	141	71	274	1366	274	77509632	
-15420	1512	-258	3674	-4289	-659	-51	141	71	275	1371	275	77509633	
-15165	982	335	4003	-4408	-537	-44	148	73	276	1376	276	77509634	
-14903	647	843	4212	-4586	-468	-43	149	73	277	1381	277	77509635	
-14486	386	1522	4543	-4782	-470	-42	146	70	278	1386	278	77509680	
-14416	324	1952	4920	-5050	-477	-42	146	70	279	1391	279	77509681	
-14632	406	1846	5277	-5337	-501	-44	142	66	280	1396	280	77509681	
-14886	384	1804	5586	-5467	-526	-44	142	66	281	1401	281	77509682	
-15264	350	1638	5785	-5527	-530	-49	143	73	282	1406	282	77509682	
-15556	268	1422	5820	-5578	-564	-49	143	73	283	1411	283	77509683	
-15914	364	1230	5727	-5540	-589	-52	144	78	284	1416	284	77509758	
-16140	18	1290	5697	-5482	-615	-52	144	78	285	1421	285	77509761	
-16314	-154	1450	5653	-5411	-606	-47	143	75	286	1426	286	77509762	
-16566	-3	1612	5539	-5439	-564	-48	143	75	287	1431	287	77509762	
-16707	-146	2043	5533	-5424	-532	-50	142	74	288	1436	288	77509762	
-16845	-719	2415	5657	-5338	-454	-50	141	74	289	1441	289	77509763	
-16920	-974	2498	5619	-5318	-324	-50	138	72	290	1446	290	77509763	
-17076	-1418	2464	5684	-5361	-129	-50	138	72	291	1451	291	77509764	
-17332	-1946	2306	5692	-5526	91	-44	138	68	292	1456	292	77509764	
-17844	-2452	2232	5578	-5650	304	-44	138	68	293	1461	293	77509765	
-18210	-2526	2242	5291	-5642	437	-46	142	72	294	1466	294	77509765	
-18516	-2978	2176	4839	-5505	576	-47	142	72	295	1471	295	77509766	
-18640	-3365	2082	4388	-5309	639	-51	141	73	296	1476	296	77509766	
-18122	-3080	1814	3774	-4926	630	-51	141	73	297	1481	297	77509767	
-17040	-1760	2293	3016	-4389	707	-49	143	71	298	1486	298	77509767	
-16954	-1475	2492	2749	-4618	934	-50	141	72	299	1491	299	77509767	
-16774	-991	2326	2434	-4784	1175	-56	134	78	300	1496	300	77509768	
-17010	-1145	2117	2517	-4547	1462	-55	137	76	301	1501	301	77509769	
-16454	52	2594	2666	-4141	1533	-51	147	69	302	1506	302	77509769	
-16455	-944	2474	2920	-4198	1714	-50	145	72	303	1511	303	77509771	
-16703	-768	2398	2603	-4409	1772	-49	143	77	304	1516	304	77509773	
-16916	-839	2356	2311	-4394	1750	-51	141	75	305	1521	305	77509774	
-17081	-690	2174	1977	-4303	1655	-60	132	68	306	1526	306	77509775	
-17044	-604	2362	1686	-4119	1538	-58	132	70	307	1531	307	77509775	
-17144	-920	2595	1569	-4049	1431	-52	134	76	308	1536	308	77509776	
-17244	-1453	2584	1623	-4047	1272	-53	135	76	309	1541	309	77509783	
-17034	-1109	2616	1618	-3968	1089	-58	140	78	310	1546	310	77509810	
-16755	-783	2574	1723	-3870	946	-56	139	77	311	1551	311	77509810	
-16841	-871	2588	2148	-3918	863	-48	136	74	312	1556	312	77509811	
-16774	-1114	2738	2454	-3916	784	-50	138	74	313	1561	313	77509811	
-16500	-1157	3068	2541	-3835	662	-54	140	74	314	1566	314	77509811	
-16232	-1239	3376	2558	-3845	548	-53	137	77	315	1571	315	77509822	
-16097	-1359	3605	2619	-4008	481	-52	132	82	316	1576	316	77509836	
-16076	-1302	3729	2716	-4167	450	-52	136	80	317	1581	317	77509836	
-16177	-727	3786	2824	-4223	424	-51	141	77	318	1586	318	77509837	
-16092	-103	3917	3016	-4205	421	-52	140	78	319	1591	319	77509843	
-15938	102	3974	3385	-4199	550	-56	136	82	320	1596	320	77509861	
-16220	30	3766	3357	-4363	743	-57	136	79	321	1601	321	77509862	
-16461	-41	3604	2856	-4474	913	-59	137	75	322	1606	322	77509864	
-16376	-124	3548	2152	-4360	1006	-55	137	75	323	1611	323	77509866	
-15944	333	3316	1390	-4228	1092	-49	137	75	324	1616	324	77509867	
-15436	1106	3048	711	-4200	1256	-52	136	76	325	1621	325	77509868	
-15562	854	2901	500	-4442	1496	-57	135	77	326	1626	326	77509869	
-16004	246	2706	634	-4824	1729	-55	137	79	327	1631	327	77509869	
-16288	-262	2536	710	-4968	1844	-53	141	81	328	1636	328	77509870	
-16476	-872	2520	715	-5009	1947	-54	137	81	329	1641	329	77509871	
-16776	-1283	2636	614	-5035	1988	-55	135	81	330	1646	330	77509872	
-17010	-1436	2847	469	-5029	1913	-54	136	82	331	1651	331	77509872	
-16970	-1080	2882	297	-5009	1805	-53	137	83	332	1656	332	77509873	
-16975	-810	2808	244	-4981	1753	-52	138	81	333	1661	333	77509873	
-17212	-992	2824	362	-4962	1751	-51	139	79	334	1666	334	77509891	
-17386	-1080	2747	370	-4956	1712	-55	138	78	335	1671	335	77509917	
-17494	-1142	2566	224	-4848	1651	-62	136	76	336	1676	336	77509918	
-17388	-1188	2500	-64	-4653	1593	-61	133	77	337	1681	337	77509919	
-17288	-1166	2516	-361	-4472	1570	-61	131	77	338	1686	338	77509919	
-17281	-1090	2560	-601	-4359	1542	-56	132	76	339	1691	339	77509920	
-17250	-804	2582	-783	-4233	1473	-53	133	75	340	1696	340	77509920	
-17160	-542	2561	-867	-4072	1372	-59	133	79	341	1701	341	77509921	
-17096	-384	2448	-927	-4006	1252	-63	133	81	342	1706	342	77509921	
-17118	-84	2162	-1000	-3975	1150	-61	134	82	343	1711	343	77509922	
-17063	152	2003	-1023	-3889	1067	-60	134	82	344	1716	344	77509922	
-17042	458	1756	-1031	-3749	970	-63	136	81	345	1721	345	77509955	
-17053	762	1608	-992	-3659	904	-64	136	80	346	1726	346	77509966	
-17066	921	1641	-876	-3547	857	-62	135	85	347	1731	347	77509982	
-16970	908	1702	-721	-3394	823	-60	134	88	348	1736	348	77509993	
-16772	870	1747	-593	-3235	796	-58	136	87	349	1741	349	77509993	
-16590	824	1712	-502	-3101	816	-57	137	87	350	1746	350	77509993	
-16920	748	1721	-423	-3084	842	-59	135	87	351	1751	351	77509994	
-17135	710	1847	-341	-3006	823	-61	133	87	352	1756	352	77509994	
-17089	623	2128	-267	-2760	833	-57	135	84	353	1761	353	77509994	
-17297	343	2299	-236	-2766	887	-55	135	83	354	1766	354	77509995	
-17628	-11	2610	-246	-2823	919	-58	135	86	355	1771	355	77509995	
-17802	-250	2847	-260	-2776	898	-59	135	87	356	1776	356	77510013	
-17878	-479	2930	-235	-2728	857	-66	131	86	357	1781	357	77510038	
-17461	31	3073	-198	-2610	719	-68	130	86	358	1786	358	77510044	
-16804	138	3272	19	-2609	607	-61	136	85	359	1791	359	77510044	
-16538	-61	3151	340	-2913	598	-59	137	85	360	1796	360	77510044	
-16215	-245	3093	684	-3162	581	-59	136	84	361	1801	361	77510045	
-15851	-196	3335	911	-3193	560	-59	135	83	362	1806	362	77510045	
-15676	-200	3445	1055	-3317	590	-58	131	85	363	1811	363	77510045	
-15664	63	3501	1103	-3454	674	-58	130	86	364	1816	364	77510046	
-15734	432	3621	1175	-3501	777	-59	129	87	365	1821	365	77510046	
-16003	548	3594	1338	-3537	915	-59	129	87	366	1826	366	77510046	
-16383	510	3505	1476	-3584	1077	-65	132	90	367	1831	367	77510047	
-16692	498	3257	1490	-3520	1232	-67	133	91	368	1836	368	77510047	
-16755	485	3210	1365	-3275	1353	-61	133	85	369	1841	369	77510047	
-16642	464	3070	1046	-2845	1447	-59	133	83	370	1846	370	77510048	
-16502	528	3364	651	-2554	1515	-57	137	83	371	1851	371	77510048	
-16530	512	3682	312	-2348	1574	-57	137	83	372	1856	372	77510049	
-16614	344	3972	61	-2174	1640	-60	134	86	373	1861	373	77510049	
-16796	149	4112	-127	-2086	1651	-60	134	86	374	1866	374	77510049	
-17000	-55	4092	-331	-2009	1640	-62	132	88	375	1871	375	77510050	
-17389	-325	4050	-481	-1944	1562	-62	132	88	376	1876	376	77510051	
-17606	-553	4066	-542	-1859	1412	-66	131	86	377	1881	377	77510052	
-17490	-486	3820	-503	-1685	1192	-67	131	85	378	1886	378	77510052	
-17258	-390	3830	-375	-1588	1030	-62	132	88	379	1891	379	77510058	
-17026	-544	3750	-118	-1616	887	-62	132	88	380	1896	380	77510060	
-16858	-476	3776	86	-1700	748	-59	129	87	381	1901	381	77510061	
-16632	-328	3818	278	-1766	622	-59	129	87	382	1906	382	77510062	
-16356	-112	4054	598	-1824	543	-68	130	86	383	1911	383	77510071	
-16222	164	4344	995	-1966	480	-68	130	86	384	1916	384	77510095	
-16206	424	4642	1337	-2139	462	-59	131	87	385	1921	385	77510096	
-16344	640	4848	1520	-2330	443	-59	131	87	386	1926	386	77510096	
-16569	1009	5037	1475	-2467	445	-65	129	85	387	1931	387	77510097	
-16766	1104	4970	1372	-2539	450	-65	129	85	388	1936	388	77510097	
-16806	1420	5098	1160	-2565	474	-66	130	88	389	1941	389	77510098	
-16934	1446	5080	932	-2548	514	-66	130	88	390	1946	390	77510098	
-16846	1862	5146	704	-2540	537	-64	132	92	391	1951	391	77510098	
-16698	1904	5244	538	-2447	565	-64	132	92	392	1956	392	77510148	
-16954	1616	5016	532	-2583	664	-73	125	83	393	1961	393	77510150	
-17522	1348	4934	482	-2710	741	-73	125	83	394	1966	394	77510150	
-17773	488	4668	445	-2584	801	-63	127	91	395	1971	395	77510151	
-17194	1030	4555	264	-2205	794	-64	128	90	396	1976	396	77510151	
-16412	1316	4785	230	-1885	827	-66	130	86	397	1981	397	77510156	
-16281	892	4652	586	-2042	884	-67	129	85	398	1986	398	77510179	
-16452	757	4367	1009	-2210	834	-69	127	83	399	1991	399	77510201	
-16238	886	4354	1393	-2040	717	-67	127	84	400	1996	400	77510201	
-16031	997	4203	1705	-1906	628	-58	128	86	401	2001	401	77510202	
-16038	1004	3766	1902	-1908	591	-58	128	86	402	2006	402	77510202	
-16362	1170	3658	1959	-1911	558	-67	129	89	403	2011	403	77510202	
-16624	1254	3660	1957	-1843	499	-67	128	88	404	2016	404	77510203	
-16790	1313	3586	1885	-1740	435	-65	125	85	405	2021	405	77510203	
-16857	1338	3643	1779	-1569	347	-64	125	86	406	2026	406	77510203	
-16825	1177	3719	1695	-1384	255	-60	124	92	407	2031	407	77510204	
-16900	1040	3896	1511	-1264	148	-61	124	91	408	2036	408	77510204	
-16844	1214	4193	1290	-1098	34	-66	126	88	409	2041	409	77510204	
-16616	950	4651	1210	-895	-68	-66	127	88	410	2046	410	77510205	
-16432	817	5092	1134	-847	-198	-64	130	88	411	2051	411	77510205	
-16481	860	5160	964	-1056	-354	-66	132	90	412	2056	412	77510205	
-16741	843	4988	782	-1366	-464	-68	134	92	413	2061	413	77510224	
-17097	984	4717	447	-1621	-540	-67	134	94	414	2066	414	77510252	
-17300	1025	4449	49	-1712	-588	-65	133	97	415	2071	415	77510253	
-17341	1080	4260	-362	-1684	-614	-64	132	96	416	2076	416	77510253	
-17230	1437	4241	-797	-1580	-591	-61	129	93	417	2081	417	77510253	
-16918	1782	4210	-1051	-1392	-521	-62	129	92	418	2086	418	77510264	
-16359	1811	4258	-1052	-1129	-419	-68	128	88	419	2091	419	77510306	
-15709	1669	4332	-863	-986	-281	-66	128	87	420	2096	420	77510307	
-15258	1920	4429	-627	-948	-127	-64	128	86	421	2101	421	77510307	
-14912	1926	4324	-230	-917	56	-62	128	87	422	2106	422	77510308	
-14602	1831	4218	145	-912	240	-59	127	89	423	2111	423	77510308	
-14431	1971	4172	262	-974	422	-64	128	87	424	2116	424	77510309	
-14298	2129	4246	157	-1043	628	-71	129	83	425	2121	425	77510309	
-14276	2067	4372	-72	-1095	840	-69	131	86	426	2126	426	77510310	
-14331	1981	4506	-411	-1157	1047	-67	133	91	427	2131	427	77510310	
-14532	1847	4671	-852	-1251	1244	-69	132	89	428	2136	428	77510346	
-14800	1890	4906	-1253	-1338	1392	-71	131	87	429	2141	429	77510381	
-15035	1690	5212	-1472	-1350	1492	-66	132	89	430	2146	430	77510381	
-15252	1371	5628	-1626	-1332	1555	-59	133	93	431	2151	431	77510382	
-15411	1297	5946	-1830	-1317	1585	-61	131	92	432	2156	432	77510382	
-15486	1153	6140	-1940	-1318	1569	-63	129	91	433	2161	433	77510383	
-15660	951	6159	-1974	-1472	1519	-64	130	91	434	2166	434	77510383	
-15912	659	6042	-2080	-1742	1445	-66	132	92	435	2171	435	77510383	
-16237	549	5743	-2367	-1997	1313	-64	130	93	436	2176	436	77510384	
-16559	588	5466	-2709	-2153	1166	-62	128	94	437	2181	437	77510384	
-16670	665	5146	-2895	-2217	1029	-64	129	93	438	2186	438	77510398	
-16656	612	4881	-2911	-2182	916	-65	129	93	439	2191	439	77510409	
-16651	589	4660	-2865	-2057	828	-67	127	91	440	2196	440	77510409	
-16608	759	4432	-2815	-1914	767	-68	126	90	441	2201	441	77510410	
-16518	982	4354	-2635	-1741	713	-67	125	94	442	2206	442	77510410	
-16462	1111	4274	-2392	-1591	681	-66	124	96	443	2211	443	77510411	
-16451	1328	4269	-2159	-1466	664	-70	124	94	444	2216	444	77510412	
-16492	1549	4333	-1951	-1328	648	-74	124	92	445	2221	445	77510413	
-16526	1795	4384	-1817	-1223	643	-71	126	96	446	2226	446	77510413	
-16564	2166	4398	-1764	-1143	660	-69	127	99	447	2231	447	77510414	
-16584	2586	4386	-1692	-1057	696	-65	126	94	448	2236	448	77510414	
-16578	2554	4438	-1549	-989	728	-62	126	90	449	2241	449	77510414	
-16660	2697	4435	-1493	-964	748	-63	130	90	450	2246	450	77510415	
-16718	3042	4386	-1410	-908	753	-64	132	90	451	2251	451	77510427	
-16720	3066	4255	-1077	-845	745	-64	130	90	452	2256	452	77510435	
-16812	2351	4260	-554	-792	754	-64	128	90	453	2261	453	77510435	
-17042	1989	4171	-146	-812	733	-70	127	91	454	2266	454	77510470	
-17246	1964	4049	15	-804	676	-71	127	91	455	2271	455	77510479	
-17230	2009	4018	275	-716	626	-69	128	90	456	2276	456	77510479	
-17285	1834	3880	522	-716	585	-68	128	90	457	2281	457	77510480	
-17298	1805	4002	569	-709	531	-65	128	90	458	2286	458	77510480	
-17210	1856	4190	567	-680	457	-64	128	90	459	2291	459	77510480	
-17048	1858	4336	618	-681	379	-70	127	95	460	2296	460	77510481	
-16893	1929	4554	703	-688	321	-74	126	98	461	2301	461	77510504	
-16800	2001	4693	793	-669	289	-68	131	93	462	2306	462	77510511	
-16682	2015	4706	896	-608	273	-66	132	92	463	2311	463	77510512	
-16592	1965	4693	951	-545	275	-66	127	92	464	2316	464	77510512	
-16563	1947	4677	943	-487	274	-66	126	92	465	2321	465	77510512	
-16486	1898	4719	901	-413	274	-68	122	90	466	2326	466	77510513	
-16494	1828	4685	838	-323	272	-69	121	89	467	2331	467	77510513	
-16361	1790	4592	748	-249	275	-67	124	92	468	2336	468	77510513	
-16288	1741	4503	663	-152	268	-67	125	93	469	2341	469	77510514	
-16272	1634	4460	618	-62	267	-72	128	88	470	2346	470	77510514	
-16136	1606	4248	634	18	267	-72	128	88	471	2351	471	77510535	
-16124	1566	4160	657	76	264	-70	130	88	472	2356	472	77510535	
-16077	1566	4200	688	127	255	-70	130	88	473	2361	473	77510536	
-15946	1498	4264	723	148	233	-68	126	90	474	2366	474	77510537	
-15855	1555	4255	760	155	211	-67	125	91	475	2371	475	77510537	
-15848	1550	4418	782	137	191	-70	127	93	476	2376	476	77510539	
-15842	1539	4481	780	101	185	-71	127	93	477	2381	477	77510539	
-15824	1614	4506	734	46	180	-65	125	97	478	2386	478	77510540	
-15774	1648	4608	664	3	198	-65	125	97	479	2391	479	77510540	
-15770	1718	4798	574	-35	205	-72	126	92	480	2396	480	77510585	
-15746	1780	4994	480	-70	217	-72	126	92	481	2401	481	77510585	
-15776	1740	5056	414	-101	247	-66	130	96	482	2406	482	77510586	
-15842	1846	5104	354	-173	253	-66	130	96	483	2411	483	77510586	
-15872	1888	5158	278	-277	282	-66	132	92	484	2416	484	77510586	
-15884	1802	5300	171	-356	313	-66	132	92	485	2421	485	77510587	
-15916	1858	5246	10	-439	329	-75	127	91	486	2426	486	77510666	
-15986	1762	5272	-178	-487	346	-75	127	91	487	2431	487	77510668	
-15942	1764	5244	-348	-534	353	-67	127	93	488	2436	488	77510668	
-15870	1768	5094	-462	-563	350	-67	127	93	489	2441	489	77510669	
-15782	1624	4984	-609	-601	356	-64	128	94	490	2446	490	77510669	
-15906	1564	4900	-738	-650	368	-64	128	94	491	2451	491	77510670	
-15934	1450	4838	-884	-668	364	-72	128	88	492	2456	492	77510670	
-16068	1400	4734	-998	-661	359	-72	128	88	493	2461	493	77510671	
-16202	1420	4538	-1040	-656	355	-70	130	90	494	2466	494	77510671	
-16312	1432	4594	-1034	-625	363	-70	130	90	495	2471	495	77510676	
-16407	1488	4664	-985	-577	357	-70	130	90	496	2476	496	77510694	
-16308	1494	4658	-939	-533	341	-71	129	90	497	2481	497	77510715	
-16286	1527	4769	-924	-518	327	-74	126	88	498	2486	498	77510717	
-16184	1534	5105	-932	-511	319	-72	127	89	499	2491	499	77510718	
-16148	1529	5296	-920	-573	311	-66	130	92	500	2496	500	77510718	
-16210	1584	5358	-881	-660	304	-66	130	92	501	2501	501	77510719	
-16324	1522	5288	-833	-702	279	-72	128	90	502	2506	502	77510719	
-16541	1371	4861	-1027	-867	259	-72	129	91	503	2511	503	77510719	
-16720	1306	4633	-1334	-1002	247	-73	131	95	504	2516	504	77510720	
-16891	1344	4412	-1630	-1082	241	-73	131	95	505	2521	505	77510720	
-16942	1460	4272	-1781	-1077	258	-71	129	95	506	2526	506	77510720	
-16928	1478	4063	-1743	-981	283	-72	128	94	507	2531	507	77510721	
-16870	1579	3953	-1595	-825	312	-74	124	88	508	2536	508	77510721	
-16682	1568	3860	-1436	-646	341	-72	125	90	509	2541	509	77510731	
-16552	1475	3763	-1271	-479	370	-64	128	96	510	2546	510	77510769	
-16426	1420	3755	-1104	-377	386	-64	128	95	511	2551	511	77510770	
-16359	1326	3756	-914	-315	392	-65	129	93	512	2556	512	77510770	
-16368	1286	3799	-748	-294	382	-70	128	93	513	2561	513	77510771	
-16418	1241	3847	-598	-279	363	-77	127	93	514	2566	514	77510771	
-16540	1238	3884	-483	-275	351	-75	127	93	515	2571	515	77510771	
-16659	1321	3951	-416	-243	344	-67	127	95	516	2576	516	77510772	
-16750	1418	3978	-407	-185	339	-68	126	94	517	2581	517	77510772	
-16858	1501	4023	-432	-63	330	-72	124	92	518	2586	518	77510773	
-16804	1492	4090	-475	80	325	-71	126	93	519	2591	519	77510774	
-16763	1527	4161	-527	237	304	-69	133	95	520	2596	520	77510775	
-16721	1532	4272	-570	372	275	-70	131	95	521	2601	521	77510783	
-16577	1492	4426	-655	498	231	-71	127	95	522	2606	522	77510805	
-16406	1454	4664	-754	577	185	-69	129	94	523	2611	523	77510821	
-16277	1354	4811	-809	551	132	-67	131	93	524	2616	524	77510822	
-16340	1345	4843	-855	433	75	-67	131	93	525	2621	525	77510822	
-16496	1398	4683	-931	278	10	-67	131	93	526	2626	526	77510831	
-16674	1357	4377	-1051	107	-53	-71	130	95	527	2631	527	77510856	
-16952	1376	4078	-1212	-28	-89	-78	128	98	528	2636	528	77510874	
-17104	1423	3878	-1308	-9	-103	-74	127	98	529	2641	529	77510874	
-17139	1475	3790	-1312	124	-99	-70	126	98	530	2646	530	77510874	
-17080	1614	3731	-1237	364	-77	-66	127	96	531	2651	531	77510875	
-16960	1753	3720	-1091	635	-51	-60	128	94	532	2656	532	77510876	
-16800	1798	3747	-890	863	-27	-61	129	92	533	2661	533	77510876	
-16650	1723	3838	-671	1010	-11	-62	130	90	534	2666	534	77510876	
-16591	1692	3914	-482	1092	-16	-64	132	94	535	2671	535	77510877	
-16447	1502	3988	-329	1180	-35	-66	136	100	536	2676	536	77510877	
-16226	1478	4151	-302	1242	-68	-71	132	96	537	2681	537	77510878	
-16163	1438	4351	-327	1242	-96	-74	130	94	538	2686	538	77510878	
-16191	1387	4533	-357	1212	-113	-72	131	92	539	2691	539	77510888	
-16268	1334	4557	-379	1177	-137	-70	132	90	540	2696	540	77510895	
-16346	1304	4612	-426	1188	-177	-70	126	92	541	2701	541	77510896	
-16448	1443	4769	-517	1231	-214	-70	122	94	542	2706	542	77510929	
-16415	1485	4974	-533	1256	-257	-69	123	93	543	2711	543	77510950	
-16447	1558	5111	-475	1244	-303	-68	124	92	544	2716	544	77510951	
-16718	1448	5190	-360	1219	-383	-68	126	94	545	2721	545	77510951	
-16920	1434	5066	-338	1180	-494	-68	128	96	546	2726	546	77510951	
-17185	1739	4799	-405	1152	-588	-69	129	92	547	2731	547	77510952	
-17395	1935	4579	-420	1187	-660	-70	130	90	548	2736	548	77510952	
-17472	1982	4323	-424	1291	-718	-68	128	92	549	2741	549	77510953	
-17449	2073	4247	-472	1453	-761	-66	126	94	550	2746	550	77510953	
-17294	2186	4245	-550	1668	-785	-64	128	87	551	2751	551	77510954	
-16996	2261	4168	-667	1914	-795	-63	129	83	552	2756	552	77510981	
-16614	2328	4235	-793	2088	-816	-74	125	98	553	2761	553	77511000	
-16364	2336	4414	-740	2115	-836	-77	123	103	554	2766	554	77511000	
-16189	2366	4439	-555	2032	-875	-69	131	93	555	2771	555	77511001	
-16265	2408	4338	-326	1892	-912	-67	133	91	556	2776	556	77511001	
-16462	2472	4232	-162	1745	-953	-67	130	91	557	2781	557	77511002	
-16792	2481	4008	-124	1667	-965	-67	129	91	558	2786	558	77511003	
-17079	2459	3798	-186	1663	-984	-67	130	92	559	2791	559	77511004	
-17284	2487	3768	-338	1792	-1015	-67	131	93	560	2796	560	77511005	
-17402	2447	3982	-525	2058	-1072	-69	131	90	561	2801	561	77511005	
-17376	2470	4214	-649	2329	-1135	-69	131	89	562	2806	562	77511005	
-17308	2559	4296	-705	2564	-1221	-70	133	91	563	2811	563	77511023	
-17163	2599	4386	-667	2807	-1309	-70	134	92	564	2816	564	77511029	
-17015	2569	4457	-600	3038	-1401	-67	132	90	565	2821	565	77511029	
-16712	2576	4601	-544	3215	-1508	-66	132	90	566	2826	566	77511029	
-16354	2666	4861	-457	3333	-1596	-63	130	87	567	2831	567	77511030	
-16116	2774	5030	-288	3336	-1711	-62	130	86	568	2836	568	77511031	
-15956	2735	5095	-82	3276	-1837	-64	138	88	569	2841	569	77511032	
-15878	3012	5006	65	3275	-1983	-64	140	88	570	2846	570	77511032	
-15802	3358	4910	147	3414	-2069	-59	133	91	571	2851	571	77511033	
-15727	3476	4762	255	3543	-2103	-59	133	91	572	2856	572	77511033	
-15594	3559	4719	350	3643	-2097	-67	135	89	573	2861	573	77511033	
-15420	3643	4809	382	3716	-2060	-69	135	89	574	2866	574	77511034	
-15283	3666	5133	426	3753	-2026	-67	134	85	575	2871	575	77511035	
-15207	3582	5538	514	3749	-1997	-66	134	84	576	2876	576	77511049	
-15242	3506	5932	659	3684	-1979	-66	140	81	577	2881	577	77511053	
-15206	3408	6232	846	3604	-1937	-66	142	80	578	2886	578	77511060	
-15266	3164	6502	1015	3505	-1896	-61	137	89	579	2891	579	77511079	
-15390	3160	6548	1156	3361	-1869	-61	137	89	580	2896	580	77511080	
-15432	3514	6644	1234	3215	-1870	-61	135	81	581	2901	581	77511080	
-15342	3774	6764	1432	3039	-1852	-61	135	81	582	2906	582	77511080	
-15486	4044	6814	1693	2719	-1798	-63	135	81	583	2911	583	77511081	
-15592	4244	6728	1952	2283	-1687	-63	135	81	584	2916	584	77511081	
-15736	4330	6776	2162	1827	-1550	-62	136	80	585	2921	585	77511081	
-15738	4332	6738	2258	1389	-1394	-62	136	80	586	2926	586	77511082	
-15708	4342	6902	2277	897	-1255	-56	138	84	587	2931	587	77511082	
-15614	4316	6912	2269	349	-1120	-56	138	84	588	2936	588	77511083	
-15642	4052	6920	2301	-254	-972	-64	138	80	589	2941	589	77511158	
-15704	3794	6852	2335	-820	-824	-64	138	80	590	2946	590	77511183	
-15734	3274	6626	2370	-1304	-681	-60	132	82	591	2951	591	77511184	
-15814	2868	6374	2306	-1782	-533	-60	132	82	592	2956	592	77511184	
-15928	2396	6018	2156	-2192	-379	-64	132	74	593	2961	593	77511184	
-15894	1718	5412	1975	-2493	-215	-64	132	74	594	2966	594	77511185	
-15931	1170	4945	1708	-2768	22	-63	139	83	595	2971	595	77511185	
-16044	722	4420	1484	-2923	256	-61	138	83	596	2976	596	77511186	
-16202	410	3972	1271	-3002	469	-53	135	81	597	2981	597	77511186	
-16356	231	3359	1147	-2943	676	-55	135	81	598	2986	598	77511186	
-16375	275	2892	1067	-2771	877	-64	136	80	599	2991	599	77511187	
-16447	445	2407	1096	-2569	1049	-63	136	80	600	2996	600	77511187	
-16430	682	2014	1204	-2390	1183	-58	136	82	601	3001	601	77511188	
-16486	1028	1462	1365	-2148	1328	-58	136	82	602	3006	602	77511188	
-16623	1486	1038	1668	-1892	1463	-57	129	81	603	3011	603	77511188	
-16690	1752	606	1976	-1705	1560	-58	130	82	604	3016	604	77511193	
-16726	1808	360	2275	-1546	1635	-63	135	87	605	3021	605	77511213	
-16718	1757	113	2516	-1407	1637	-64	135	86	606	3026	606	77511233	
-16636	1666	-40	2632	-1295	1583	-66	134	84	607	3031	607	77511234	
-16534	1514	-82	2668	-1170	1507	-64	134	84	608	3036	608	77511234	
-16416	1238	-157	2661	-1063	1377	-58	136	84	609	3041	609	77511235	
-16231	1002	-109	2675	-989	1231	-59	135	83	610	3046	610	77511236	
-16053	694	-49	2826	-980	1050	-64	132	80	611	3051	611	77511236	
-15897	329	-8	3204	-997	838	-65	131	81	612	3056	612	77511236	
-15640	226	212	3678	-1016	645	-66	130	82	613	3061	613	77511237	
-15391	234	469	4256	-1060	485	-65	134	82	614	3066	614	77511237	
-15234	286	808	4908	-1122	380	-63	141	83	615	3071	615	77511237	
-14967	313	1246	5743	-1220	312	-65	138	82	616	3076	616	77511238	
-14664	546	1828	6521	-1356	316	-71	125	79	617	3081	617	77511238	
-14325	808	2220	7162	-1509	397	-70	126	79	618	3086	618	77511238	
-14127	1054	2762	7648	-1725	558	-66	132	78	619	3091	619	77511239	
-13993	1188	3287	7967	-1970	766	-70	132	78	620	3096	620	77511257	
-13936	1272	3689	8047	-2195	964	-76	132	78	621	3101	621	77511285	
-14041	1342	4038	7998	-2412	1145	-72	131	78	622	3106	622	77511285	
-14216	1308	4235	7819	-2548	1291	-65	129	79	623	3111	623	77511285	
-14364	1297	4364	7500	-2578	1388	-65	131	79	624	3116	624	77511286	
-14504	1347	4392	7051	-2566	1448	-65	133	79	625	3121	625	77511317	
-14639	1399	4363	6537	-2582	1477	-67	129	80	626	3126	626	77511363	
-14813	1483	4369	6048	-2588	1488	-70	124	82	627	3131	627	77511364	
-15058	1611	4303	5625	-2580	1511	-68	126	80	628	3136	628	77511365	
-15342	1700	4155	5292	-2600	1549	-64	130	78	629	3141	629	77511365	
-15667	1647	4054	5055	-2635	1605	-68	133	80	630	3146	630	77511365	
-16001	1592	3967	4862	-2688	1670	-73	137	83	631	3151	631	77511366	
-16359	1546	3846	4682	-2727	1725	-72	135	84	632	3156	632	77511366	
-16654	1528	3631	4514	-2745	1776	-70	132	86	633	3161	633	77511366	
-16852	1460	3241	4341	-2761	1813	-72	131	84	634	3166	634	77511367	
-16938	1373	2980	4139	-2755	1830	-74	130	80	635	3171	635	77511376	
-16813	1348	2828	3892	-2716	1805	-74	130	83	636	3176	636	77511404	
-16617	1448	2659	3618	-2672	1744	-73	129	85	637	3181	637	77511418	
-16384	1531	2644	3388	-2617	1683	-68	128	84	638	3186	638	77511420	
-16061	1645	2708	3176	-2592	1618	-65	127	83	639	3191	639	77511421	
-15762	1812	2838	3019	-2645	1573	-70	128	79	640	3196	640	77511421	
-15624	1864	2920	2988	-2738	1555	-74	128	76	641	3201	641	77511433	
-15713	1888	3022	3072	-2823	1577	-75	127	78	642	3206	642	77511441	
-15893	1995	3126	3171	-2857	1606	-75	127	79	643	3211	643	77511441	
-16075	2290	3261	3299	-2834	1627	-73	126	81	644	3216	644	77511442	
-16163	2717	3483	3507	-2796	1651	-71	125	83	645	3221	645	77511442	
-16204	2898	3764	3811	-2826	1702	-79	126	81	646	3226	646	77511443	
-16411	3052	3935	4103	-2885	1769	-84	126	80	647	3231	647	77511443	
-16652	3365	4136	4265	-2894	1834	-77	127	80	648	3236	648	77511443	
-16774	3614	4534	4340	-2819	1899	-72	128	80	649	3241	649	77511444	
-16950	3775	4952	4336	-2764	1983	-72	129	78	650	3246	650	77511444	
-17224	3738	5243	4241	-2729	2044	-72	130	76	651	3251	651	77511444	
-17383	3559	5600	4020	-2617	2038	-74	129	79	652	3256	652	77511445	
-17460	3564	6028	3590	-2445	1948	-75	129	81	653	3261	653	77511462	
-17394	3553	6254	3170	-2339	1822	-73	129	79	654	3266	654	77511468	
-17216	3546	6428	2811	-2264	1683	-73	129	79	655	3271	655	77511468	
-16898	3602	6441	2430	-2208	1528	-83	121	79	656	3276	656	77511468	
-16620	3716	6387	2066	-2197	1384	-85	119	79	657	3281	657	77511469	
-16334	3884	6260	1719	-2201	1232	-78	125	80	658	3286	658	77511469	
-15892	4118	6018	1416	-2221	1095	-73	129	81	659	3291	659	77511469	
-15428	4479	5694	1179	-2243	999	-74	129	81	660	3296	660	77511482	
-15052	4824	5366	1028	-2291	944	-75	129	81	661	3301	661	77511492	
-14828	4970	4777	928	-2362	943	-79	123	88	662	3306	662	77511534	
-14678	5222	4296	744	-2396	951	-80	122	90	663	3311	663	77511546	
-14477	5325	3934	646	-2354	986	-81	124	83	664	3316	664	77511546	
-14348	5366	3476	608	-2321	1041	-81	125	81	665	3321	665	77511547	
-14318	5398	3255	656	-2398	1115	-79	121	82	666	3326	666	77511547	
-14350	5470	3035	794	-2489	1191	-78	120	82	667	3331	667	77511547	
-14472	5243	2865	999	-2616	1283	-78	123	84	668	3336	668	77511548	
-14490	5057	2824	1178	-2784	1356	-78	124	84	669	3341	669	77511548	
-14668	4786	2946	1328	-2994	1436	-80	124	84	670	3346	670	77511549	
-14861	4576	3168	1377	-3147	1459	-80	124	84	671	3351	671	77511549	
-15049	4460	3630	1474	-3316	1458	-90	124	81	672	3356	672	77511587	
-15283	4276	4142	1664	-3467	1472	-92	124	80	673	3361	673	77511596	
-15506	3925	4591	1852	-3574	1510	-82	118	79	674	3366	674	77511596	
-15593	3642	5011	1899	-3565	1547	-79	117	79	675	3371	675	77511597	
-15596	3476	5411	1796	-3413	1549	-83	123	78	676	3376	676	77511597	
-15504	3382	5935	1545	-3161	1521	-84	124	78	677	3381	677	77511597	
-15408	3482	6258	1124	-2844	1453	-88	116	84	678	3386	678	77511598	
-15306	3618	6144	728	-2709	1365	-88	116	84	679	3391	679	77511598	
-15184	3744	5884	350	-2638	1260	-83	121	83	680	3396	680	77511599	
-15426	3600	5508	123	-2630	1181	-83	121	83	681	3401	681	77511599	
-15436	4476	5362	-175	-2585	1003	-85	121	85	682	3406	682	77511599	
-15178	4398	5190	-214	-2596	875	-85	121	85	683	3411	683	77511600	
-15186	4756	4750	-225	-2813	764	-86	122	88	684	3416	684	77511600	
-15353	4838	4523	-153	-2843	693	-86	122	88	685	3421	685	77511600	
-15566	5202	4536	114	-2722	552	-80	122	82	686	3426	686	77511601	
-15546	4896	4542	612	-2599	418	-80	122	82	687	3431	687	77511601	
-15484	4730	4692	983	-2566	270	-79	115	85	688	3436	688	77511602	
-15496	4496	5012	1190	-2544	151	-79	115	85	689	3441	689	77511603	
-15594	4300	5360	1336	-2633	7	-83	117	85	690	3446	690	77511604	
-15298	4258	5838	1231	-2685	-82	-83	117	85	691	3451	691	77511604	
-15018	4584	6892	947	-2739	-133	-83	113	81	692	3456	692	77511649	
-14734	4374	7574	538	-2967	-188	-83	113	81	693	3461	693	77511701	
-14646	4476	8234	-263	-3331	-238	-89	113	79	694	3466	694	77511701	
-14458	4928	8661	-1436	-3791	-319	-87	114	80	695	3471	695	77511701	
-14292	5243	8596	-2232	-4162	-420	-81	117	85	696	3476	696	77511702	
-14242	5344	8103	-2777	-4560	-513	-82	117	85	697	3481	697	77511702	
-14440	5420	7537	-3112	-4930	-562	-84	116	84	698	3486	698	77511703	
-14722	5438	7200	-3209	-5196	-583	-84	116	84	699	3491	699	77511703	
-14928	5546	6732	-3002	-5452	-564	-85	115	87	700	3496	700	77511703	
-15036	5498	6080	-2499	-5656	-538	-85	115	87	701	3501	701	77511704	
-15364	4976	5032	-1925	-5784	-423	-87	115	85	702	3506	702	77511704	
-15745	4454	4068	-1771	-5522	-392	-89	114	86	703	3511	703	77511782	
-15744	3908	3748	-1825	-5126	-419	-96	112	90	704	3516	704	77511782	
-15262	4023	3870	-1991	-4701	-539	-94	113	90	705	3521	705	77511783	
-15186	3712	3764	-1830	-4752	-583	-86	116	92	706	3526	706	77511784	
-15548	3736	3470	-1523	-4880	-572	-87	116	92	707	3531	707	77511784	
-15650	3677	3251	-1090	-4521	-636	-90	116	90	708	3536	708	77511784	
-15771	3390	3180	-647	-4091	-719	-88	115	91	709	3541	709	77511785	
-15763	3772	3216	-171	-3884	-830	-81	111	93	710	3546	710	77511785	
-15716	4105	3814	725	-3856	-872	-83	111	92	711	3551	711	77511786	
-15757	4153	4535	1944	-3949	-829	-88	112	90	712	3556	712	77511787	
-15666	4027	5167	2701	-3971	-755	-89	112	90	713	3561	713	77511791	
-15672	3739	5980	3014	-4056	-651	-92	114	90	714	3566	714	77511806	
-15880	3281	6523	2769	-4290	-572	-91	114	90	715	3571	715	77511806	
-16244	2611	6962	2153	-4664	-535	-85	113	91	716	3576	716	77511807	
-16840	1730	7128	1452	-5182	-544	-86	112	91	717	3581	717	77511807	
-17665	748	7008	801	-5731	-614	-92	106	90	718	3586	718	77511808	
-18469	-123	7009	125	-6213	-758	-90	107	90	719	3591	719	77511809	
-19126	-919	6654	-703	-6444	-977	-84	110	90	720	3596	720	77511809	
-19516	-1328	6210	-1479	-6386	-1197	-86	108	88	721	3601	721	77511809	
-19857	-1449	5701	-2195	-6097	-1414	-88	106	86	722	3606	722	77511810	
-19983	-1230	5281	-2795	-5608	-1582	-90	108	89	723	3611	723	77511810	
-19908	-608	4918	-3258	-4977	-1660	-92	112	94	724	3616	724	77511811	
-19744	395	4440	-3595	-4271	-1636	-92	112	95	725	3621	725	77511817	
-19576	1358	3856	-3943	-3567	-1495	-92	112	96	726	3626	726	77511826	
-19682	2290	2854	-4481	-2966	-1318	-90	111	96	727	3631	727	77511826	
-19964	3612	1483	-5125	-2340	-1158	-88	110	96	728	3636	728	77511827	
-19714	4702	527	-5561	-1491	-911	-85	110	95	729	3641	729	77511827	
-19160	5374	33	-5693	-811	-592	-81	111	93	730	3646	730	77511828	
-18811	5592	-263	-5423	-617	-266	-81	112	93	731	3651	731	77511828	
-18545	5330	-232	-4822	-741	49	-82	114	92	732	3656	732	77511828	
-18428	4766	24	-4045	-917	335	-83	113	92	733	3661	733	77511829	
-18537	3884	581	-3199	-1080	575	-85	111	93	734	3666	734	77511840	
-18812	2863	1204	-2445	-1222	729	-87	105	92	735	3671	735	77511856	
-19280	1696	1757	-1719	-1307	807	-91	95	91	736	3676	736	77511857	
-19809	444	2416	-1055	-1215	819	-84	103	96	737	3681	737	77511857	
-20213	-632	3004	-565	-1033	774	-79	109	99	738	3686	738	77511871	
-20614	-1639	3530	-294	-956	686	-87	104	95	739	3691	739	77511881	
-21048	-2499	3909	-359	-986	546	-93	101	93	740	3696	740	77511895	
-21406	-3110	4004	-734	-993	382	-91	100	94	741	3701	741	77511906	
-21604	-3588	4075	-1324	-894	189	-89	99	95	742	3706	742	77511906	
-21644	-3992	4262	-2044	-653	-53	-88	101	94	743	3711	743	77511906	
-21737	-4265	4306	-2692	-362	-336	-86	104	92	744	3716	744	77511907	
-21864	-4354	3987	-3127	-52	-605	-94	101	97	745	3721	745	77511907	
-21940	-4393	3308	-3397	307	-815	-99	99	101	746	3726	746	77511907	
-21943	-4213	2521	-3668	704	-992	-92	100	98	747	3731	747	77511908	
-21787	-3768	1927	-4019	1089	-1109	-88	100	96	748	3736	748	77511908	
-21584	-3206	1667	-4418	1459	-1165	-90	104	97	749	3741	749	77511955	
-21244	-2626	1726	-4788	1824	-1196	-92	106	98	750	3746	750	77511988	
-20596	-2066	2014	-5137	2164	-1225	-90	105	95	751	3751	751	77511990	
-19855	-1548	2423	-5453	2384	-1252	-89	105	93	752	3756	752	77511990	
-19045	-1043	2655	-5603	2437	-1280	-84	107	92	753	3761	753	77511991	
-18440	-713	2634	-5528	2373	-1311	-82	108	92	754	3766	754	77511991	
-17748	-518	2498	-5278	2321	-1366	-89	109	98	755	3771	755	77511991	
-17199	-399	2469	-4981	2287	-1409	-91	109	99	756	3776	756	77511992	
-16682	-396	2715	-4646	2228	-1456	-86	106	98	757	3781	757	77511993	
-16208	-471	3209	-4283	2135	-1526	-82	104	98	758	3786	758	77511993	
-15804	-517	3790	-3907	2018	-1611	-82	104	97	759	3791	759	77511994	
-15504	-435	4383	-3529	1898	-1713	-82	104	96	760	3796	760	77511994	
-15216	-187	4870	-3066	1771	-1851	-82	106	98	761	3801	761	77511994	
-15061	150	5242	-2623	1711	-1997	-82	106	98	762	3806	762	77512006	
-14883	493	5391	-2209	1677	-2144	-85	106	100	763	3811	763	77512010	
-14719	919	5421	-1831	1641	-2275	-86	106	100	764	3816	764	77512011	
-14698	1301	5304	-1484	1623	-2395	-86	111	95	765	3821	765	77512035	
-14770	1691	4986	-1268	1642	-2494	-86	112	94	766	3826	766	77512045	
-14903	1952	4666	-1193	1722	-2571	-81	104	97	767	3831	767	77512047	
-14942	2246	4450	-1256	1870	-2625	-80	102	98	768	3836	768	77512047	
-15002	2476	4246	-1403	2028	-2677	-74	101	97	769	3841	769	77512048	
-15040	2555	4023	-1552	2155	-2727	-73	101	97	770	3846	770	77512049	
-15083	2713	3872	-1715	2245	-2766	-80	108	98	771	3851	771	77512049	
-15052	2816	3668	-1905	2326	-2791	-82	110	98	772	3856	772	77512050	
-15010	2885	3496	-2086	2407	-2802	-79	108	93	773	3861	773	77512051	
-14984	2800	3283	-2214	2392	-2781	-78	108	92	774	3866	774	77512051	
-14990	2757	2904	-2223	2273	-2733	-81	110	95	775	3871	775	77512052	
-15078	2549	2692	-2069	2157	-2637	-82	110	96	776	3876	776	77512102	
-15033	2388	2502	-1830	2066	-2519	-74	112	98	777	3881	777	77512116	
-15022	2132	2504	-1421	2013	-2359	-72	112	98	778	3886	778	77512116	
-14982	1854	2646	-1028	1964	-2183	-73	109	97	779	3891	779	77512117	
-14982	1510	2864	-581	1899	-1991	-73	109	97	780	3896	780	77512117	
-14900	1278	3298	-129	1816	-1807	-76	110	96	781	3901	781	77512117	
-14860	1068	3780	336	1688	-1638	-76	110	96	782	3906	782	77512118	
-14940	710	4242	810	1521	-1488	-75	107	99	783	3911	783	77512118	
-15097	525	4594	1085	1366	-1352	-75	107	99	784	3916	784	77512119	
-15357	213	4754	1272	1173	-1199	-78	109	94	785	3921	785	77512119	
-15680	184	4730	1301	1002	-1055	-79	109	93	786	3926	786	77512168	
-15984	98	4586	1269	894	-961	-77	115	101	787	3931	787	77512169	
-16350	-70	4218	1127	776	-891	-77	115	101	788	3936	788	77512170	
-16630	0	3872	890	668	-854	-76	112	96	789	3941	789	77512171	
-16810	-44	3520	650	670	-807	-76	112	96	790	3946	790	77512172	
-16960	-62	3336	408	763	-763	-71	107	91	791	3951	791	77512172	
-16882	-98	3206	140	904	-732	-71	107	91	792	3956	792	77512172	
-16822	-102	3294	-107	968	-720	-75	109	89	793	3961	793	77512173	
-16756	-106	3256	-305	989	-727	-75	109	89	794	3966	794	77512173	
-16685	-232	3243	-479	978	-746	-72	106	92	795	3971	795	77512178	
-16608	-223	3386	-698	990	-770	-74	106	92	796	3976	796	77512208	
-16449	-216	3650	-993	999	-816	-80	108	94	797	3981	797	77512247	
-16456	-154	3778	-1280	956	-861	-80	108	94	798	3986	798	77512248	
-16392	-222	3864	-1665	900	-903	-73	109	93	799	3991	799	77512248	
-16494	-176	3710	-2055	817	-950	-73	109	93	800	3996	800	77512249	
-16608	-190	3544	-2394	755	-996	-74	108	92	801	4001	801	77512249	
-16678	-160	3270	-2716	698	-1073	-74	108	92	802	4006	802	77512251	
-16719	37	2630	-3079	773	-1138	-79	107	87	803	4011	803	77512252	
-16748	192	2284	-3280	929	-1170	-77	107	89	804	4016	804	77512253	
-16771	421	2060	-3316	1135	-1177	-69	109	97	805	4021	805	77512253	
-16812	594	2121	-3146	1357	-1160	-70	109	96	806	4026	806	77512253	
-16766	708	2374	-2843	1551	-1128	-75	109	91	807	4031	807	77512254	
-16734	914	2583	-2487	1731	-1108	-75	109	91	808	4036	808	77512257	
-16682	1100	3017	-2041	1908	-1061	-74	110	92	809	4041	809	77512269	
-16580	1282	3553	-1577	2033	-1017	-74	110	92	810	4046	810	77512270	
-16431	1465	4122	-1154	2017	-963	-74	110	90	811	4051	811	77512270	
-16349	1575	4433	-808	1861	-896	-75	110	92	812	4056	812	77512271	
-16342	1613	4616	-560	1703	-839	-77	111	95	813	4061	813	77512271	
-16323	1554	4732	-320	1509	-778	-77	111	95	814	4066	814	77512271	
-16434	1506	4770	-208	1292	-714	-75	111	93	815	4071	815	77512272	
-16528	1374	4778	-193	1105	-670	-75	111	92	816	4076	816	77512272	
-16590	1162	4828	-338	961	-648	-77	109	87	817	4081	817	77512278	
-16586	978	4946	-590	819	-654	-77	109	88	818	4086	818	77512309	
-16502	752	5160	-825	664	-687	-77	107	93	819	4091	819	77512351	
-16246	434	5333	-970	517	-749	-75	108	94	820	4096	820	77512351	
-16032	228	5538	-1022	423	-810	-73	109	95	821	4101	821	77512352	
-15786	-82	5716	-1055	332	-862	-72	109	90	822	4106	822	77512352	
-15600	-315	5732	-1156	243	-896	-71	109	83	823	4111	823	77512352	
-15546	-339	5757	-1316	175	-913	-69	109	86	824	4116	824	77512353	
-15567	-243	5745	-1486	120	-917	-66	108	90	825	4121	825	77512353	
-15702	-153	5577	-1698	77	-887	-69	109	89	826	4126	826	77512354	
-15941	49	5426	-1996	31	-820	-75	111	87	827	4131	827	77512354	
-16281	480	5307	-2407	-1	-717	-76	112	86	828	4136	828	77512355	
-16513	828	5086	-2677	1	-602	-78	114	84	829	4141	829	77512356	
-16600	1146	4824	-2821	56	-472	-72	114	88	830	4146	830	77512362	
-16546	1438	4601	-2834	134	-341	-64	114	94	831	4151	831	77512372	
-16393	1637	4311	-2748	228	-217	-68	114	92	832	4156	832	77512373	
-16191	1750	4080	-2578	325	-89	-74	114	90	833	4161	833	77512373	
-15946	1808	3976	-2366	391	57	-70	110	92	834	4166	834	77512374	
-15657	1829	3881	-2128	403	201	-63	105	95	835	4171	835	77512374	
-15463	1656	3853	-1802	333	352	-66	109	96	836	4176	836	77512376	
-15438	1494	3826	-1419	178	504	-69	113	97	837	4181	837	77512376	
-15498	1262	3793	-1049	19	616	-74	109	92	838	4186	838	77512407	
-15715	957	3881	-720	-139	694	-77	107	89	839	4191	839	77512428	
-15874	712	3932	-512	-259	727	-75	111	92	840	4196	840	77512428	
-15922	512	3940	-404	-359	736	-72	114	94	841	4201	841	77512428	
-15902	343	3934	-412	-464	735	-70	113	93	842	4206	842	77512439	
-15844	174	3937	-532	-553	719	-67	111	91	843	4211	843	77512454	
-15821	-25	4078	-728	-634	693	-71	108	90	844	4216	844	77512467	
-15795	-122	4254	-965	-692	659	-75	105	89	845	4221	845	77512480	
-15808	-102	4520	-1166	-725	615	-73	108	91	846	4226	846	77512480	
-15909	-163	4819	-1251	-813	592	-72	110	92	847	4231	847	77512480	
-16165	-223	4927	-1253	-977	577	-71	111	91	848	4236	848	77512481	
-16542	-192	4864	-1205	-1145	561	-71	111	91	849	4241	849	77512481	
-16873	-44	4752	-1127	-1252	545	-73	110	89	850	4246	850	77512482	
-17180	6	4386	-1075	-1305	540	-74	110	88	851	4251	851	77512482	
-17351	36	3804	-1153	-1266	541	-70	110	92	852	4256	852	77512482	
-17348	295	3300	-1408	-1075	552	-68	110	94	853	4261	853	77512483	
-17170	567	2896	-1647	-789	605	-79	108	96	854	4266	854	77512483	
-16983	709	2629	-1723	-554	685	-82	108	96	855	4271	855	77512483	
-16802	778	2480	-1655	-365	776	-72	107	93	856	4276	856	77512496	
-16653	832	2312	-1405	-231	872	-65	107	91	857	4281	857	77512504	
-16658	785	2135	-1016	-159	954	-69	109	96	858	4286	858	77512505	
-16732	687	2040	-565	-94	1013	-71	111	99	859	4291	859	77512505	
-16709	638	2118	-154	-23	1066	-68	107	94	860	4296	860	77512506	
-16542	516	2487	167	-5	1121	-66	104	90	861	4301	861	77512507	
-16358	315	2866	300	-98	1183	-72	108	96	862	4306	862	77512508	
-16324	148	3232	313	-258	1242	-73	109	97	863	4311	863	77512508	
-16158	49	3356	281	-417	1263	-74	107	95	864	4316	864	77512568	
-16084	-222	3779	254	-540	1268	-74	106	94	865	4321	865	77512584	
-16062	-366	4074	195	-693	1234	-71	108	99	866	4326	866	77512584	
-16082	-496	4200	172	-870	1191	-70	108	100	867	4331	867	77512585	
-16203	-807	4266	100	-1075	1162	-73	111	92	868	4336	868	77512585	
-16336	-952	4204	-97	-1246	1155	-74	110	88	869	4341	869	77512585	
-16466	-1045	4111	-322	-1407	1153	-74	108	85	870	4346	870	77512586	
-16538	-1125	4110	-526	-1545	1187	-74	108	84	871	4351	871	77512588	
-16572	-1274	4096	-712	-1669	1210	-71	110	84	872	4356	872	77512588	
-16631	-1262	4044	-1016	-1725	1233	-71	109	84	873	4361	873	77512588	
-16697	-1204	3984	-1350	-1765	1259	-73	107	85	874	4366	874	77512589	
-16780	-1109	3838	-1728	-1714	1303	-73	107	85	875	4371	875	77512589	
-16753	-1040	3692	-2130	-1620	1338	-79	112	91	876	4376	876	77512590	
-16620	-791	3512	-2550	-1478	1345	-81	113	93	877	4381	877	77512590	
-16528	-992	3600	-2974	-1339	1377	-69	103	93	878	4386	878	77512590	
-16836	-992	3488	-3334	-1333	1432	-69	103	93	879	4391	879	77512608	
-17168	-790	3538	-3662	-1168	1387	-83	107	97	880	4396	880	77512608	
-17344	-700	3766	-3855	-941	1356	-83	107	97	881	4401	881	77512609	
-17538	-632	3830	-4026	-781	1323	-73	109	93	882	4406	882	77512609	
-17760	-484	3867	-4312	-649	1255	-73	109	93	883	4411	883	77512609	
-17948	-459	3911	-4659	-519	1158	-74	107	94	884	4416	884	77512610	
-18040	36	3826	-5034	-388	1011	-74	106	94	885	4421	885	77512610	
-17824	562	3820	-5261	-169	833	-70	102	96	886	4426	886	77512611	
-17794	354	3668	-5160	-100	691	-70	102	96	887	4431	887	77512611	
-17498	458	3558	-5093	-23	470	-73	105	95	888	4436	888	77512611	
-17274	948	3578	-4964	48	228	-73	105	95	889	4441	889	77512612	
-17190	1342	3402	-4568	174	22	-71	107	97	890	4446	890	77512612	
-16872	1640	3420	-4130	392	-146	-71	107	97	891	4451	891	77512612	
-16532	2008	3352	-3625	574	-276	-69	107	97	892	4456	892	77512635	
-16154	2368	3368	-3169	716	-390	-69	107	97	893	4461	893	77512636	
-15832	2574	3490	-2646	736	-471	-71	113	97	894	4466	894	77512638	
-15647	2960	3296	-1979	695	-524	-73	111	96	895	4471	895	77512686	
-15530	3490	3061	-1387	727	-523	-79	103	91	896	4476	896	77512686	
-15452	4230	2854	-784	793	-476	-79	103	91	897	4481	897	77512687	
-15174	4916	2674	41	948	-315	-69	113	93	898	4486	898	77512688	
-15146	3632	2562	1200	997	-87	-69	113	93	899	4491	899	77512688	
-15434	2630	2458	1760	876	149	-73	115	93	900	4496	900	77512689	
-15518	2518	2662	1809	724	224	-73	115	93	901	4501	901	77512690	
-15456	2608	2680	1802	691	359	-72	112	98	902	4506	902	77512712	
-15562	2082	2723	1954	528	632	-72	112	98	903	4511	903	77512712	
-15649	1496	3034	1791	431	804	-70	110	96	904	4516	904	77512713	
-15909	1528	3365	1276	358	914	-72	110	96	905	4521	905	77512713	
-16004	1784	3634	964	400	1011	-80	108	98	906	4526	906	77512713	
-16120	1493	3813	995	473	1103	-78	109	98	907	4531	907	77512714	
-16234	1096	3895	1072	423	1184	-71	111	97	908	4536	908	77512714	
-16546	576	3970	957	326	1236	-71	111	96	909	4541	909	77512714	
-16768	674	4180	680	254	1279	-69	109	93	910	4546	910	77512723	
-16950	524	4312	507	250	1306	-69	109	93	911	4551	911	77512761	
-16904	332	4449	70	208	1327	-75	105	97	912	4556	912	77512789	
-16908	371	4610	-446	191	1332	-75	105	96	913	4561	913	77512790	
-16840	174	4887	-975	138	1292	-77	107	93	914	4566	914	77512790	
-16806	338	5193	-1564	38	1188	-75	107	93	915	4571	915	77512790	
-16502	826	5378	-1975	-1	1060	-69	107	93	916	4576	916	77512791	
-16718	750	5213	-1930	-66	1017	-69	107	94	917	4581	917	77512791	
-16780	1124	5132	-1679	-4	933	-69	109	97	918	4586	918	77512792	
-16616	1264	5085	-1237	178	859	-69	109	97	919	4591	919	77512792	
-16529	1533	4846	-748	211	805	-68	108	96	920	4596	920	77512792	
-16584	1618	4597	-374	205	782	-72	109	94	921	4601	921	77512793	
-16566	1721	4411	-167	248	743	-78	110	90	922	4606	922	77512793	
-16477	1763	4135	-84	280	698	-76	111	91	923	4611	923	77512793	
-16449	1863	3947	-108	269	640	-74	112	92	924	4616	924	77512801	
-16460	1991	3778	-205	249	574	-74	111	91	925	4621	925	77512821	
-16539	2178	3518	-357	241	508	-73	109	87	926	4626	926	77512841	
-16590	2380	3215	-517	183	437	-73	110	89	927	4631	927	77512842	
-16702	2424	2929	-589	111	351	-74	114	94	928	4636	928	77512843	
-16813	2474	2646	-564	58	284	-72	114	94	929	4641	929	77512844	
-16907	2519	2489	-458	21	223	-69	115	93	930	4646	930	77512844	
-16929	2486	2284	-270	-3	162	-70	114	93	931	4651	931	77512845	
-16858	2467	2145	-63	-3	113	-72	112	94	932	4656	932	77512845	
-16746	2427	2030	107	18	69	-70	111	96	933	4661	933	77512846	
-16572	2304	2018	226	27	20	-68	110	100	934	4666	934	77512847	
-16417	2160	2066	285	15	-36	-70	110	100	935	4671	935	77512848	
-16270	2049	2165	307	-1	-91	-72	110	100	936	4676	936	77512860	
-16173	2038	2396	303	-19	-122	-74	109	96	937	4681	937	77512871	
-16161	2013	2563	306	-40	-135	-75	109	93	938	4686	938	77512871	
-16221	1964	2697	302	-61	-138	-72	111	92	939	4691	939	77512871	
-16310	1921	2925	275	-75	-139	-67	113	91	940	4696	940	77512872	
-16394	1890	3208	237	-72	-131	-70	113	93	941	4701	941	77512872	
-16477	1804	3358	207	-63	-107	-75	113	95	942	4706	942	77512872	
-16501	1690	3521	184	-58	-74	-73	113	94	943	4711	943	77512873	
-16506	1613	3687	152	-63	-49	-69	113	93	944	4716	944	77512874	
-16502	1495	3762	128	-66	-28	-68	114	92	945	4721	945	77512874	
-16436	1415	3848	102	-65	0	-68	114	92	946	4726	946	77512874	
-16353	1312	3940	96	-53	23	-70	113	91	947	4731	947	77512917	
-16316	1203	3998	115	-46	34	-71	113	91	948	4736	948	77512947	
-16262	1116	4022	140	-54	51	-72	110	89	949	4741	949	77512947	
-16274	1078	3954	152	-61	68	-72	108	88	950	4746	950	77512948	
-16274	1028	3941	161	-80	82	-74	112	88	951	4751	951	77512948	
-16258	1015	3928	164	-110	99	-76	114	88	952	4756	952	77512949	
