-2198	-13802	-8066	-52	-273	17	216	-80	-130	1	1	1	85089238	
-2148	-13756	-7992	-85	-236	-10	216	-80	-130	2	6	2	85089239	
-2122	-13769	-7951	-115	-235	-25	215	-81	-132	3	11	3	85089240	
-2104	-13760	-8060	-158	-253	-9	215	-81	-133	4	16	4	85089240	
-2068	-13782	-7996	-179	-245	7	215	-77	-125	5	21	5	85089240	
-2090	-13772	-8104	-188	-253	3	215	-77	-125	6	26	6	85089247	
-2050	-13806	-8004	-198	-236	16	216	-80	-134	7	31	7	85089278	
-2026	-13814	-8162	-252	-242	47	216	-80	-134	8	36	8	85089278	
-1996	-13856	-8108	-293	-262	81	215	-79	-133	9	41	9	85089279	
-2082	-13860	-8080	-348	-264	112	215	-79	-133	10	46	10	85089279	
-2030	-13762	-8174	-348	-294	158	221	-81	-129	11	51	11	85089279	
-2014	-13788	-8204	-338	-317	208	221	-81	-129	12	56	12	85089279	
-2062	-13810	-8179	-309	-352	228	223	-81	-127	13	61	13	85089281	
-2100	-13843	-8155	-281	-397	240	222	-80	-129	14	66	14	85089292	
-2162	-13886	-8100	-278	-452	242	218	-76	-140	15	71	15	85089317	
-2252	-13856	-8160	-279	-497	256	218	-76	-140	16	76	16	85089317	
-2264	-13924	-8008	-277	-499	253	217	-81	-127	17	81	17	85089317	
-2316	-13832	-8078	-254	-447	211	217	-81	-127	18	86	18	85089317	
-2260	-13748	-7992	-235	-411	164	220	-76	-130	19	91	19	85089317	
-2202	-13774	-8020	-218	-348	100	220	-76	-130	20	96	20	85089317	
-2116	-13714	-7914	-233	-248	61	215	-77	-133	21	101	21	85089318	
-2011	-13656	-7909	-286	-200	48	215	-77	-133	22	106	22	85089324	
-1963	-13650	-7952	-370	-167	67	217	-77	-133	23	111	23	85089349	
-1940	-13625	-8105	-467	-156	103	217	-76	-133	24	116	24	85089355	
-1953	-13672	-8286	-579	-157	164	216	-72	-132	25	121	25	85089355	
-2062	-13742	-8450	-688	-202	284	216	-73	-132	26	126	26	85089355	
-2138	-13703	-8494	-783	-270	415	218	-76	-132	27	131	27	85089355	
-2196	-13680	-8610	-852	-333	536	218	-76	-131	28	136	28	85089356	
-2290	-13640	-8683	-882	-362	615	219	-77	-127	29	141	29	85089360	
-2376	-13503	-8608	-881	-364	705	217	-76	-131	30	146	30	85089382	
-2484	-13411	-8589	-859	-366	758	213	-75	-137	31	151	31	85089395	
-2580	-13404	-8481	-815	-374	760	213	-75	-137	32	156	32	85089395	
-2643	-13433	-8430	-751	-398	726	214	-74	-136	33	161	33	85089396	
-2683	-13491	-8501	-676	-451	668	216	-77	-135	34	166	34	85089396	
-2760	-13509	-8505	-588	-517	576	219	-81	-133	35	171	35	85089396	
-2888	-13533	-8421	-501	-587	463	217	-81	-131	36	176	36	85089396	
-2983	-13558	-8350	-418	-648	329	213	-81	-127	37	181	37	85089396	
-2992	-13538	-8285	-351	-672	192	216	-78	-128	38	186	38	85089416	
-3002	-13515	-8277	-297	-660	67	219	-75	-129	39	191	39	85089436	
-3031	-13398	-8258	-233	-611	-61	217	-77	-131	40	196	40	85089437	
-2992	-13189	-8178	-157	-524	-185	213	-79	-135	41	201	41	85089437	
-2846	-13120	-8050	-78	-386	-283	215	-79	-135	42	206	42	85089438	
-2702	-13159	-8089	-15	-237	-356	218	-78	-134	43	211	43	85089439	
-2581	-13181	-8145	13	-139	-400	220	-79	-132	44	216	44	85089440	
-2461	-13181	-8260	-2	-104	-367	222	-80	-130	45	221	45	85089441	
-2353	-13176	-8334	-1	-71	-247	221	-80	-129	46	226	46	85089460	
-2230	-13206	-8358	35	-11	-110	220	-80	-128	47	231	47	85089472	
-2124	-13262	-8455	91	63	23	217	-76	-132	48	236	48	85089472	
-2035	-13354	-8495	149	119	171	215	-73	-135	49	241	49	85089472	
-2003	-13421	-8481	198	136	351	217	-78	-133	50	246	50	85089472	
-1967	-13466	-8438	248	146	529	219	-81	-131	51	251	51	85089472	
-1933	-13521	-8373	302	139	677	218	-82	-135	52	256	52	85089472	
-1953	-13575	-8338	372	110	794	217	-83	-137	53	261	53	85089472	
-1979	-13756	-8343	458	44	891	219	-79	-133	54	266	54	85089500	
-1979	-13906	-8221	534	-22	949	219	-77	-131	55	271	55	85089509	
-2076	-14101	-8203	568	-103	964	213	-75	-139	56	276	56	85089509	
-2154	-14238	-8025	584	-181	963	211	-75	-141	57	281	57	85089509	
-2186	-14348	-7876	583	-224	928	217	-75	-133	58	286	58	85089510	
-2256	-14319	-7804	545	-244	852	219	-75	-131	59	291	59	85089510	
-2298	-14322	-7669	513	-230	745	218	-76	-132	60	296	60	85089510	
-2310	-14324	-7582	460	-209	633	218	-76	-132	61	301	61	85089516	
-2306	-14345	-7566	381	-182	516	218	-79	-134	62	306	62	85089541	
-2213	-14355	-7684	276	-166	405	218	-80	-134	63	311	63	85089547	
-2136	-14396	-7781	146	-132	321	215	-77	-129	64	316	64	85089547	
-2082	-14374	-7894	29	-122	287	214	-76	-128	65	321	65	85089547	
-2026	-14372	-7992	-57	-151	287	217	-78	-131	66	326	66	85089548	
-2022	-14392	-8085	-128	-186	269	218	-78	-132	67	331	67	85089548	
-1963	-14298	-8090	-180	-203	249	217	-77	-131	68	336	68	85089548	
-1910	-14189	-7992	-188	-210	228	217	-77	-131	69	341	69	85089572	
-1825	-14206	-7941	-213	-221	192	213	-79	-133	70	346	70	85089585	
-1764	-14228	-7710	-251	-251	122	212	-80	-134	71	351	71	85089587	
-1770	-14214	-7666	-373	-332	45	216	-80	-134	72	356	72	85089587	
-1794	-14146	-7792	-479	-448	0	216	-80	-134	73	361	73	85089587	
-1834	-14180	-7834	-646	-543	-66	214	-72	-128	74	366	74	85089587	
-1924	-14076	-7894	-801	-636	-156	214	-72	-128	75	371	75	85089587	
-1994	-13914	-7914	-890	-704	-273	219	-79	-133	76	376	76	85089595	
-1922	-13712	-7868	-969	-664	-432	219	-79	-133	77	381	77	85089624	
-1816	-13500	-7888	-1043	-574	-557	216	-78	-130	78	386	78	85089624	
-1678	-13315	-7949	-1084	-602	-664	216	-77	-130	79	391	79	85089624	
-1663	-13444	-8039	-1082	-784	-731	215	-75	-131	80	396	80	85089625	
-1740	-13610	-8139	-1163	-985	-790	215	-76	-131	81	401	81	85089625	
-1954	-13680	-8351	-1369	-1163	-799	215	-79	-129	82	406	82	85089625	
-2227	-13576	-8611	-1639	-1342	-734	215	-79	-129	83	411	83	85089625	
-2539	-13417	-8830	-1878	-1450	-649	217	-79	-131	84	416	84	85089633	
-2806	-13326	-9109	-2060	-1478	-556	217	-79	-131	85	421	85	85089660	
-2924	-13296	-9232	-2154	-1435	-509	217	-81	-133	86	426	86	85089660	
-3102	-13164	-9148	-2148	-1368	-429	217	-81	-133	87	431	87	85089660	
-3361	-12987	-9169	-1997	-1327	-304	216	-84	-138	88	436	88	85089661	
-3490	-12678	-8949	-1781	-1286	-194	216	-85	-138	89	441	89	85089661	
-3618	-12456	-8836	-1506	-1200	-129	218	-88	-138	90	446	90	85089661	
-3632	-12217	-8735	-1210	-1056	-113	217	-86	-137	91	451	91	85089663	
-3565	-12114	-8671	-887	-908	-114	214	-80	-132	92	456	92	85089677	
-3530	-12268	-8738	-556	-820	-114	214	-80	-133	93	461	93	85089707	
-3399	-12592	-8788	-260	-780	-106	213	-79	-137	94	466	94	85089707	
-3366	-12855	-8750	2	-768	-107	214	-79	-138	95	471	95	85089708	
-3342	-13076	-8728	237	-761	-95	215	-77	-139	96	476	96	85089708	
-3273	-13235	-8709	390	-759	-100	215	-77	-137	97	481	97	85089708	
-3231	-13329	-8641	490	-731	-129	214	-76	-134	98	486	98	85089709	
-3203	-13425	-8534	575	-671	-146	214	-76	-135	99	491	99	85089722	
-3163	-13556	-8444	673	-646	-140	214	-76	-136	100	496	100	85089741	
-3048	-13703	-8391	766	-647	-152	212	-78	-134	101	501	101	85089742	
-2928	-13840	-8320	826	-593	-209	208	-80	-130	102	506	102	85089742	
-2828	-13962	-8253	837	-494	-261	208	-78	-130	103	511	103	85089742	
-2673	-14107	-8147	805	-441	-274	209	-75	-131	104	516	104	85089742	
-2570	-14287	-8184	739	-454	-276	210	-76	-135	105	521	105	85089742	
-2508	-14338	-8128	653	-463	-308	211	-77	-137	106	526	106	85089748	
-2447	-14336	-8042	571	-477	-320	213	-81	-134	107	531	107	85089770	
-2366	-14333	-8001	539	-487	-310	214	-84	-132	108	536	108	85089782	
-2246	-14321	-7884	515	-462	-343	214	-80	-134	109	541	109	85089782	
-2114	-14283	-7782	465	-399	-432	213	-75	-135	110	546	110	85089782	
-1978	-14222	-7700	411	-333	-548	215	-77	-135	111	551	111	85089782	
-1816	-14241	-7583	353	-326	-619	218	-80	-136	112	556	112	85089782	
-1637	-14333	-7593	274	-354	-642	216	-78	-132	113	561	113	85089782	
-1549	-14297	-7567	186	-399	-671	215	-77	-129	114	566	114	85089783	
-1538	-14278	-7544	113	-425	-696	213	-78	-130	115	571	115	85089786	
-1480	-14271	-7578	50	-430	-696	212	-78	-130	116	576	116	85089806	
-1390	-14228	-7623	-19	-410	-702	214	-80	-131	117	581	117	85089818	
-1303	-14163	-7635	-66	-365	-707	215	-81	-131	118	586	118	85089818	
-1225	-14035	-7645	-105	-293	-691	215	-80	-133	119	591	119	85089818	
-1152	-13944	-7708	-142	-245	-652	215	-79	-135	120	596	120	85089818	
-1115	-13916	-7844	-179	-254	-595	212	-84	-134	121	601	121	85089818	
-1101	-13635	-8122	-139	-338	-567	211	-85	-133	122	606	122	85089818	
-1192	-13772	-8146	138	-480	-586	213	-79	-132	123	611	123	85089847	
-1253	-14232	-8050	82	-467	-448	214	-78	-132	124	616	124	85089854	
-1268	-14372	-7935	-244	-416	-222	213	-82	-133	125	621	125	85089854	
-1395	-14228	-7952	-398	-455	-31	213	-83	-133	126	626	126	85089854	
-1578	-14174	-7948	-585	-507	29	212	-77	-131	127	631	127	85089854	
-1771	-13924	-8010	-885	-410	98	212	-76	-130	128	636	128	85089854	
-1840	-13570	-7986	-1164	-130	292	218	-80	-136	129	641	129	85089855	
-1790	-13318	-8044	-1256	114	446	218	-80	-136	130	646	130	85089864	
-1796	-13026	-7922	-1227	369	523	217	-77	-139	131	651	131	85089905	
-1856	-12722	-8018	-1020	738	648	217	-77	-139	132	656	132	85089905	
-1899	-12472	-8206	-748	1071	850	211	-81	-133	133	661	133	85089905	
-1777	-12444	-8458	-491	1411	1113	210	-82	-132	134	666	134	85089906	
-1550	-12445	-8704	-362	1628	1322	218	-80	-130	135	671	135	85089906	
-1433	-12455	-8990	-230	1665	1443	220	-80	-130	136	676	136	85089907	
-1440	-12546	-9154	-104	1504	1524	218	-81	-132	137	681	137	85089907	
-1650	-12514	-9466	-90	1102	1688	217	-81	-133	138	686	138	85089941	
-1918	-12310	-9606	8	636	1928	213	-81	-129	139	691	139	85089941	
-2196	-12318	-9612	220	337	2239	213	-81	-129	140	696	140	85089941	
-2420	-12242	-9568	438	241	2399	213	-81	-129	141	701	141	85089941	
-2702	-12120	-9586	723	250	2436	213	-81	-129	142	706	142	85089941	
-2902	-12186	-9274	1106	279	2583	213	-77	-129	143	711	143	85089941	
-3128	-12296	-9274	1550	278	2827	213	-77	-129	144	716	144	85089942	
-3448	-12558	-9140	1851	256	3118	212	-80	-124	145	721	145	85089942	
-3722	-12493	-8903	2005	282	3365	212	-80	-125	146	726	146	85089944	
-4048	-12474	-8818	2117	391	3513	211	-81	-131	147	731	147	85089956	
-4544	-12411	-8778	2209	538	3664	213	-82	-131	148	736	148	85089978	
-4909	-12477	-8893	2240	778	3798	219	-85	-129	149	741	149	85089978	
-5165	-12450	-8980	2177	1108	3889	218	-83	-128	150	746	150	85089978	
-5349	-12822	-9120	2111	1521	3883	215	-75	-123	151	751	151	85089978	
-5338	-12794	-9015	1869	2034	3582	215	-75	-123	152	756	152	85089978	
-5602	-11895	-8669	1647	2550	3194	215	-75	-123	153	761	153	85089979	
-5689	-11714	-8598	1797	2734	3208	217	-76	-125	154	766	154	85089986	
-5999	-12072	-8664	2334	2749	3530	221	-77	-129	155	771	155	85090010	
-6316	-12881	-8758	2806	2663	4003	222	-75	-127	156	776	156	85090015	
-6476	-13688	-8993	3107	2608	4420	223	-71	-123	157	781	157	85090015	
-6714	-14210	-9176	3206	2900	4569	222	-72	-123	158	786	158	85090015	
-6793	-14184	-8967	2858	3339	4547	218	-78	-122	159	791	159	85090016	
-6528	-13634	-8640	2467	3756	4460	217	-78	-123	160	796	160	85090016	
-5978	-13034	-8315	2340	4257	4293	215	-77	-125	161	801	161	85090016	
-5204	-12751	-7917	2371	4730	4044	217	-77	-124	162	806	162	85090023	
-4564	-12700	-7660	2401	4843	3764	221	-77	-119	163	811	163	85090048	
-4220	-12723	-7450	2423	4544	3615	221	-75	-119	164	816	164	85090053	
-4000	-12853	-7323	2532	4101	3479	220	-72	-118	165	821	165	85090053	
-3926	-13187	-7440	2741	3834	3262	221	-74	-118	166	826	166	85090053	
-3850	-13663	-7568	2908	3814	2989	223	-77	-119	167	831	167	85090053	
-3682	-14136	-7531	2945	3916	2732	222	-75	-117	168	836	168	85090053	
-3444	-14448	-7450	2838	4031	2523	221	-73	-113	169	841	169	85090053	
-3147	-14645	-7335	2683	4057	2354	222	-72	-114	170	846	170	85090093	
-2822	-14871	-7346	2561	3995	2196	223	-71	-115	171	851	171	85090141	
-2622	-14953	-7294	2382	3922	2049	222	-72	-118	172	856	172	85090147	
-2480	-14976	-7216	2201	3806	1967	222	-72	-120	173	861	173	85090147	
-2380	-15098	-7107	2105	3625	1979	224	-70	-119	174	866	174	85090147	
-2278	-15263	-7011	2081	3429	1981	225	-69	-119	175	871	175	85090147	
-2178	-15388	-6990	2021	3346	1897	224	-73	-118	176	876	176	85090147	
-1998	-15352	-6816	1882	3422	1769	223	-75	-117	177	881	177	85090153	
-1696	-15120	-6577	1691	3518	1656	222	-76	-115	178	886	178	85090174	
-1382	-14837	-6393	1509	3516	1588	222	-76	-114	179	891	179	85090186	
-1142	-14675	-6346	1448	3418	1556	223	-75	-115	180	896	180	85090187	
-908	-14713	-6352	1409	3259	1534	224	-74	-116	181	901	181	85090187	
-717	-14922	-6374	1344	3055	1490	226	-71	-113	182	906	182	85090187	
-640	-15117	-6487	1208	2853	1389	227	-69	-111	183	911	183	85090188	
-706	-15199	-6620	965	2667	1289	226	-70	-115	184	916	184	85090188	
-860	-15162	-6774	731	2486	1288	225	-71	-117	185	921	185	85090189	
-906	-15200	-6951	569	2325	1356	227	-69	-116	186	926	186	85090189	
-844	-15234	-7085	408	2214	1397	229	-67	-115	187	931	187	85090189	
-898	-15230	-7136	292	2138	1428	225	-73	-116	188	936	188	85090190	
-975	-15313	-7189	257	2025	1495	224	-74	-116	189	941	189	85090190	
-1020	-15353	-7182	267	1832	1605	229	-74	-113	190	946	190	85090196	
-1138	-15382	-7080	303	1599	1739	230	-74	-112	191	951	191	85090198	
-1233	-15202	-6814	331	1389	1836	229	-70	-114	192	956	192	85090198	
-1263	-14926	-6570	350	1246	1828	229	-69	-115	193	961	193	85090198	
-1106	-14514	-6295	392	1271	1712	234	-69	-113	194	966	194	85090199	
-930	-14304	-6211	490	1379	1566	235	-69	-113	195	971	195	85090199	
-670	-14336	-6092	532	1392	1403	227	-69	-113	196	976	196	85090230	
-530	-14622	-6292	456	1236	1275	227	-69	-113	197	981	197	85090231	
-610	-14892	-6406	294	1018	1203	233	-69	-113	198	986	198	85090231	
-700	-15028	-6536	42	811	1144	233	-69	-113	199	991	199	85090231	
-778	-14972	-6770	-274	736	1076	232	-70	-112	200	996	200	85090231	
-858	-14864	-6992	-582	744	1097	232	-70	-112	201	1001	201	85090232	
-922	-14940	-7192	-821	744	1224	227	-73	-115	202	1006	202	85090243	
-1026	-15144	-7364	-1059	647	1316	227	-73	-115	203	1011	203	85090243	
-1106	-14870	-7438	-1305	541	1378	226	-70	-112	204	1016	204	85090261	
-1362	-14570	-7556	-1468	400	1563	226	-70	-112	205	1021	205	85090261	
-1550	-14512	-7628	-1517	247	1840	231	-73	-113	206	1026	206	85090261	
-1846	-14572	-7688	-1425	76	2038	231	-73	-113	207	1031	207	85090261	
-1984	-14476	-7700	-1265	-107	2137	233	-63	-113	208	1036	208	85090269	
-2336	-14422	-7596	-1092	-208	2174	233	-63	-113	209	1041	209	85090288	
-2628	-14296	-6912	-952	-184	2200	225	-71	-115	210	1046	210	85090288	
-2370	-13714	-6488	-711	-140	2088	225	-71	-115	211	1051	211	85090288	
-2064	-13434	-7544	-583	266	1609	230	-72	-112	212	1056	212	85090288	
-2029	-13147	-6835	-1055	829	1262	229	-71	-112	213	1061	213	85090288	
-1881	-13156	-7031	-938	531	1353	226	-66	-110	214	1066	214	85090288	
-1856	-13662	-7422	-762	-18	1442	226	-66	-110	215	1071	215	85090288	
-2256	-13702	-7596	-889	-265	1258	226	-68	-112	216	1076	216	85090290	
-2699	-13734	-7741	-808	-379	1244	228	-68	-113	217	1081	217	85090303	
-2962	-14078	-7916	-616	-486	1455	234	-66	-118	218	1086	218	85090329	
-3093	-14280	-8053	-524	-439	1517	233	-66	-118	219	1091	219	85090329	
-3184	-14240	-8046	-636	-154	1407	228	-68	-116	220	1096	220	85090329	
-3230	-13934	-8130	-914	148	1420	228	-68	-115	221	1101	221	85090329	
-3196	-13768	-8287	-1045	197	1561	229	-69	-113	222	1106	222	85090329	
-3191	-13759	-8458	-1070	148	1662	228	-70	-113	223	1111	223	85090329	
-3346	-13889	-8443	-1012	30	1692	226	-72	-114	224	1116	224	85090332	
-3535	-14211	-8461	-911	-143	1751	226	-70	-114	225	1121	225	85090351	
-3774	-14482	-8460	-822	-284	1839	225	-67	-115	226	1126	226	85090372	
-4093	-14291	-8327	-697	-373	1886	226	-67	-113	227	1131	227	85090372	
-4251	-13817	-8070	-523	-463	1906	228	-66	-108	228	1136	228	85090373	
-4079	-13072	-7628	-291	-372	1911	229	-66	-111	229	1141	229	85090373	
-3553	-12308	-7178	22	91	1680	230	-66	-120	230	1146	230	85090373	
-3093	-11899	-7038	380	508	1222	230	-64	-117	231	1151	231	85090374	
-2778	-11970	-7008	687	618	798	229	-61	-113	232	1156	232	85090378	
-2572	-12654	-7092	850	334	579	229	-61	-114	233	1161	233	85090395	
-2622	-13539	-7280	830	-204	426	230	-62	-116	234	1166	234	85090412	
-2960	-14079	-7456	714	-757	266	230	-63	-115	235	1171	235	85090412	
-3363	-14278	-7674	588	-1061	184	231	-65	-113	236	1176	236	85090412	
-3580	-14518	-7742	478	-986	185	232	-63	-112	237	1181	237	85090413	
-3556	-14727	-7740	405	-636	149	232	-60	-110	238	1186	238	85090413	
-3425	-14808	-7701	307	-319	95	231	-62	-112	239	1191	239	85090413	
-3226	-14740	-7558	165	-115	87	230	-64	-114	240	1196	240	85090421	
-3051	-14570	-7494	6	-36	136	226	-62	-113	241	1201	241	85090440	
-2929	-14417	-7517	-98	-61	208	223	-61	-113	242	1206	242	85090449	
-2895	-14393	-7576	-95	-171	251	224	-67	-113	243	1211	243	85090449	
-2928	-14552	-7652	4	-336	287	225	-71	-113	244	1216	244	85090449	
-3053	-14809	-7668	143	-529	347	228	-68	-112	245	1221	245	85090449	
-3202	-15068	-7508	262	-761	426	230	-66	-112	246	1226	246	85090450	
-3249	-15084	-7039	373	-915	463	229	-67	-118	247	1231	247	85090450	
-3276	-14966	-6776	486	-975	405	229	-67	-119	248	1236	248	85090450	
-3164	-14663	-6563	604	-931	237	228	-66	-117	249	1241	249	85090456	
-2876	-14359	-6352	578	-741	8	228	-66	-116	250	1246	250	85090480	
-2573	-14228	-6286	487	-485	-253	227	-66	-113	251	1251	251	85090487	
-2243	-14286	-6359	351	-321	-535	226	-66	-112	252	1256	252	85090487	
-1972	-14563	-6565	109	-417	-767	228	-65	-111	253	1261	253	85090487	
-1910	-14975	-6874	-271	-835	-902	230	-64	-110	254	1266	254	85090487	
-2094	-15128	-7096	-523	-1333	-923	229	-65	-111	255	1271	255	85090487	
-2328	-15190	-7150	-662	-1701	-937	229	-65	-111	256	1276	256	85090487	
-2558	-15112	-7160	-773	-1821	-979	231	-63	-113	257	1281	257	85090517	
-2689	-14976	-7205	-926	-1680	-1025	232	-62	-114	258	1286	258	85090525	
-2673	-14831	-7195	-1137	-1420	-1055	228	-63	-116	259	1291	259	85090525	
-2573	-14637	-7278	-1391	-1166	-1036	227	-63	-117	260	1296	260	85090526	
-2457	-14481	-7348	-1649	-990	-992	228	-64	-115	261	1301	261	85090526	
-2407	-14356	-7496	-1816	-953	-901	228	-64	-114	262	1306	262	85090527	
-2458	-14394	-7754	-1927	-1064	-715	223	-65	-115	263	1311	263	85090527	
-2560	-14478	-7752	-1920	-1211	-542	223	-65	-115	264	1316	264	85090533	
-2740	-14606	-7842	-1903	-1339	-397	228	-64	-116	265	1321	265	85090561	
-2892	-14640	-7716	-1881	-1423	-270	228	-64	-116	266	1326	266	85090562	
-2984	-14626	-7694	-1881	-1445	-181	224	-70	-112	267	1331	267	85090562	
-3060	-14422	-7582	-1905	-1376	-151	224	-70	-112	268	1336	268	85090562	
-3146	-14106	-7390	-1878	-1312	-158	225	-67	-115	269	1341	269	85090562	
-3040	-13860	-7376	-1858	-1242	-179	225	-67	-115	270	1346	270	85090562	
-2842	-13676	-7252	-1916	-1104	-329	228	-62	-112	271	1351	271	85090564	
-2734	-13588	-7207	-1947	-1013	-498	227	-63	-113	272	1356	272	85090577	
-2608	-13614	-7172	-1988	-1013	-665	225	-67	-117	273	1361	273	85090599	
-2524	-13701	-7458	-2095	-1118	-786	224	-66	-118	274	1366	274	85090599	
-2579	-13776	-7475	-2256	-1292	-855	220	-62	-120	275	1371	275	85090600	
-2722	-13818	-7712	-2413	-1463	-904	220	-62	-120	276	1376	276	85090600	
-2884	-13926	-7800	-2548	-1649	-982	231	-69	-119	277	1381	277	85090600	
-3104	-13956	-8004	-2695	-1736	-1055	231	-69	-119	278	1386	278	85090600	
-3350	-13736	-8148	-2804	-1749	-1059	222	-70	-120	279	1391	279	85090608	
-3509	-13627	-8249	-2829	-1720	-1079	222	-69	-119	280	1396	280	85090637	
-3593	-13507	-8289	-2831	-1634	-1111	220	-66	-114	281	1401	281	85090637	
-3697	-13314	-8362	-2826	-1517	-1104	221	-66	-117	282	1406	282	85090637	
-3744	-13087	-8437	-2768	-1391	-1090	223	-65	-127	283	1411	283	85090638	
-3728	-12871	-8394	-2678	-1245	-1061	223	-65	-126	284	1416	284	85090638	
-3726	-12760	-8419	-2530	-1141	-1037	224	-64	-122	285	1421	285	85090638	
-3696	-12668	-8469	-2324	-1100	-1006	224	-65	-121	286	1426	286	85090640	
-3722	-12746	-8444	-2046	-1090	-930	223	-69	-119	287	1431	287	85090653	
-3705	-12846	-8475	-1730	-1086	-857	223	-70	-120	288	1436	288	85090674	
-3705	-12912	-8450	-1458	-1050	-811	223	-71	-121	289	1441	289	85090674	
-3684	-13085	-8408	-1188	-954	-786	223	-71	-121	290	1446	290	85090674	
-3623	-13173	-8344	-963	-800	-779	224	-72	-122	291	1451	291	85090674	
-3522	-13276	-8203	-796	-662	-765	226	-70	-122	292	1456	292	85090674	
-3404	-13398	-8076	-670	-544	-758	228	-68	-122	293	1461	293	85090674	
-3264	-13520	-8033	-575	-453	-748	225	-68	-121	294	1466	294	85090689	
-3100	-13656	-7942	-521	-397	-753	221	-67	-119	295	1471	295	85090712	
-2957	-13728	-7908	-508	-344	-757	219	-64	-122	296	1476	296	85090712	
-2908	-13844	-7876	-514	-322	-748	218	-62	-124	297	1481	297	85090712	
-2902	-13952	-7835	-546	-367	-717	221	-64	-123	298	1486	298	85090712	
-2900	-14142	-7896	-599	-425	-685	223	-65	-123	299	1491	299	85090712	
-2896	-14313	-7978	-684	-452	-666	224	-66	-122	300	1496	300	85090712	
-2904	-14372	-8018	-818	-454	-644	225	-67	-121	301	1501	301	85090712	
-2961	-14404	-8018	-961	-452	-600	224	-67	-123	302	1506	302	85090723	
-3029	-14356	-8019	-1099	-447	-549	222	-66	-126	303	1511	303	85090744	
-3062	-14251	-8006	-1246	-411	-522	222	-69	-122	304	1516	304	85090749	
-3072	-14062	-7967	-1365	-316	-523	222	-72	-118	305	1521	305	85090750	
-3048	-13878	-7978	-1415	-211	-529	223	-70	-119	306	1526	306	85090750	
-2999	-13752	-8011	-1418	-118	-554	223	-69	-119	307	1531	307	85090750	
-2935	-13587	-8069	-1425	-50	-589	222	-68	-122	308	1536	308	85090750	
-2845	-13458	-8041	-1435	-31	-617	222	-68	-124	309	1541	309	85090758	
-2752	-13350	-8068	-1433	-74	-628	218	-70	-123	310	1546	310	85090782	
-2717	-13269	-8102	-1408	-126	-640	215	-71	-123	311	1551	311	85090796	
-2671	-13235	-8143	-1369	-169	-658	221	-70	-125	312	1556	312	85090796	
-2610	-13124	-8228	-1339	-165	-650	223	-69	-125	313	1561	313	85090796	
-2566	-13130	-8324	-1320	-164	-630	221	-71	-123	314	1566	314	85090796	
-2513	-13220	-8339	-1323	-156	-597	221	-71	-123	315	1571	315	85090797	
-2563	-13101	-8287	-1284	-205	-536	222	-70	-122	316	1576	316	85090797	
-2562	-13068	-8444	-1128	-244	-440	222	-70	-122	317	1581	317	85090816	
-2518	-13106	-8475	-1063	-188	-385	220	-70	-125	318	1586	318	85090831	
-2543	-13092	-8504	-1010	-114	-331	220	-70	-126	319	1591	319	85090833	
-2587	-13126	-8498	-934	-125	-214	225	-72	-124	320	1596	320	85090833	
-2598	-13208	-8528	-870	-175	-33	226	-72	-124	321	1601	321	85090833	
-2622	-13210	-8528	-772	-167	59	222	-68	-120	322	1606	322	85090833	
-2694	-13187	-8531	-665	-153	131	222	-68	-120	323	1611	323	85090833	
-2759	-13259	-8510	-502	-137	222	220	-71	-122	324	1616	324	85090833	
-2855	-13401	-8475	-389	-124	306	220	-72	-122	325	1621	325	85090855	
-2964	-13411	-8417	-302	-100	388	216	-73	-123	326	1626	326	85090871	
-3024	-13462	-8396	-211	-56	430	215	-73	-123	327	1631	327	85090873	
-3055	-13574	-8346	-134	2	450	217	-71	-126	328	1636	328	85090873	
-3062	-13706	-8314	-51	69	445	217	-71	-127	329	1641	329	85090873	
-3072	-13736	-8252	-5	55	429	227	-67	-119	330	1646	330	85090873	
-3082	-13900	-8274	4	14	402	227	-67	-119	331	1651	331	85090873	
-3124	-13940	-8244	-14	11	355	224	-74	-122	332	1656	332	85090873	
-3190	-13914	-8046	-60	61	286	224	-74	-122	333	1661	333	85090881	
-3148	-13840	-8010	-111	106	213	223	-67	-117	334	1666	334	85090914	
-2988	-13820	-8016	-144	146	155	223	-67	-117	335	1671	335	85090915	
-2952	-13792	-8080	-210	208	62	226	-64	-122	336	1676	336	85090915	
-2748	-13782	-8122	-298	290	-32	226	-64	-122	337	1681	337	85090916	
-2661	-13699	-8079	-421	292	-94	217	-75	-119	338	1686	338	85090916	
-2551	-13597	-8105	-495	236	-129	218	-75	-119	339	1691	339	85090917	
-2509	-13569	-8067	-556	186	-173	221	-75	-121	340	1696	340	85090922	
-2490	-13492	-8179	-606	165	-209	220	-74	-122	341	1701	341	85090940	
-2384	-13378	-8166	-631	160	-220	217	-69	-125	342	1706	342	85090940	
-2312	-13220	-8289	-658	143	-221	218	-69	-125	343	1711	343	85090940	
-2267	-13289	-8282	-651	124	-230	221	-67	-125	344	1716	344	85090940	
-2232	-13300	-8361	-668	81	-260	222	-70	-124	345	1721	345	85090940	
-2202	-13290	-8395	-689	42	-262	223	-77	-121	346	1726	346	85090940	
-2176	-13280	-8470	-688	0	-237	223	-75	-122	347	1731	347	85090940	
-2156	-13254	-8472	-661	-69	-195	223	-67	-127	348	1736	348	85090948	
