-377	-3322	-14468	260	-521	13	20	-9	-60	1	1	1	85208790	
-323	-3330	-14467	238	-523	9	22	-10	-60	2	6	2	85208790	
-338	-3344	-14418	217	-523	13	20	-8	-62	3	11	3	85208790	
-372	-3349	-14430	183	-525	19	18	-6	-64	4	16	4	85208790	
-352	-3314	-14408	170	-525	20	16	-4	-64	5	21	5	85208790	
-349	-3338	-14378	171	-519	15	16	-4	-64	6	26	6	85208790	
-350	-3284	-14398	185	-528	16	15	-8	-58	7	31	7	85208796	
-361	-3282	-14418	201	-529	13	15	-9	-57	8	36	8	85208797	
-407	-3361	-14380	234	-535	11	15	-12	-62	9	41	9	85208797	
-356	-3321	-14376	264	-526	21	15	-13	-63	10	46	10	85208806	
-351	-3335	-14333	277	-522	18	12	-7	-63	11	51	11	85208825	
-381	-3323	-14311	289	-517	20	11	-5	-63	12	56	12	85208829	
-334	-3344	-14332	294	-513	28	17	-7	-65	13	61	13	85208829	
-446	-3366	-14384	300	-500	25	17	-7	-65	14	66	14	85208829	
-332	-3384	-14422	285	-505	15	10	-6	-56	15	71	15	85208829	
-348	-3252	-14460	273	-510	13	10	-6	-56	16	76	16	85208829	
-374	-3364	-14478	255	-497	18	14	-8	-60	17	81	17	85208829	
-394	-3336	-14400	249	-504	12	14	-8	-60	18	86	18	85208830	
-390	-3332	-14388	224	-511	13	12	-10	-60	19	91	19	85208830	
-414	-3384	-14402	215	-522	8	12	-10	-60	20	96	20	85208837	
-378	-3316	-14439	211	-520	8	15	-11	-55	21	101	21	85208865	
-427	-3334	-14461	227	-525	15	15	-10	-56	22	106	22	85208865	
-397	-3348	-14495	236	-524	3	16	-6	-62	23	111	23	85208865	
-402	-3381	-14448	249	-534	-3	16	-8	-62	24	116	24	85208865	
-432	-3335	-14445	250	-534	-5	16	-14	-62	25	121	25	85208865	
-407	-3354	-14440	258	-527	-8	16	-13	-63	26	126	26	85208866	
-383	-3312	-14388	267	-517	0	15	-9	-65	27	131	27	85208868	
-426	-3290	-14447	270	-510	-4	15	-9	-64	28	136	28	85208882	
-416	-3348	-14460	272	-510	-6	15	-9	-61	29	141	29	85208924	
-376	-3342	-14526	257	-506	-6	15	-7	-62	30	146	30	85208924	
-427	-3292	-14414	243	-513	-16	13	-1	-65	31	151	31	85208924	
-434	-3285	-14394	228	-511	-5	12	-3	-64	32	156	32	85208924	
-410	-3304	-14429	216	-503	-2	10	-10	-60	33	161	33	85208924	
-398	-3279	-14388	212	-508	-4	10	-10	-60	34	166	34	85208924	
-435	-3296	-14399	206	-503	2	12	-12	-62	35	171	35	85208926	
-428	-3256	-14402	188	-502	3	12	-10	-62	36	176	36	85208939	
-411	-3283	-14392	182	-501	6	12	-4	-62	37	181	37	85208966	
-387	-3318	-14393	187	-504	14	13	-4	-64	38	186	38	85208966	
-387	-3259	-14378	190	-492	15	14	-4	-68	39	191	39	85208966	
-354	-3254	-14407	206	-489	11	13	-3	-66	40	196	40	85208966	
-340	-3275	-14474	220	-487	13	12	-2	-62	41	201	41	85208966	
-360	-3299	-14490	235	-490	14	13	-6	-63	42	206	42	85208966	
-385	-3332	-14504	247	-491	23	15	-11	-65	43	211	43	85208966	
-379	-3315	-14428	251	-493	23	16	-11	-62	44	216	44	85208966	
-338	-3327	-14465	253	-502	16	18	-12	-58	45	221	45	85208966	
-320	-3292	-14482	253	-501	15	18	-11	-58	46	226	46	85208966	
-317	-3320	-14481	247	-505	19	17	-9	-57	47	231	47	85208977	
-337	-3316	-14475	234	-505	13	17	-9	-58	48	236	48	85208995	
-410	-3280	-14468	215	-497	5	17	-9	-59	49	241	49	85209004	
-404	-3289	-14392	204	-494	11	15	-8	-60	50	246	50	85209004	
-330	-3267	-14343	198	-499	12	13	-7	-61	51	251	51	85209004	
-346	-3276	-14310	199	-499	9	14	-11	-57	52	256	52	85209004	
-390	-3323	-14323	200	-496	17	15	-13	-55	53	261	53	85209004	
-358	-3291	-14382	207	-505	10	20	-15	-60	54	266	54	85209004	
-336	-3276	-14301	232	-514	20	21	-15	-61	55	271	55	85209025	
-387	-3337	-14382	252	-491	13	16	-7	-58	56	276	56	85209038	
-349	-3288	-14290	258	-478	9	15	-5	-57	57	281	57	85209040	
-346	-3341	-14398	288	-476	17	14	-9	-58	58	286	58	85209040	
-348	-3329	-14394	290	-482	19	14	-10	-58	59	291	59	85209040	
-374	-3354	-14389	284	-482	21	12	-6	-62	60	296	60	85209040	
-343	-3324	-14419	291	-477	19	11	-5	-63	61	301	61	85209040	
-368	-3328	-14447	273	-479	14	11	-8	-61	62	306	62	85209040	
-366	-3329	-14406	257	-488	12	11	-9	-61	63	311	63	85209070	
-386	-3330	-14400	251	-496	20	18	-10	-62	64	316	64	85209078	
-394	-3332	-14362	244	-500	17	20	-10	-62	65	321	65	85209078	
-428	-3324	-14408	230	-499	20	17	-5	-59	66	326	66	85209078	
-425	-3338	-14414	231	-504	16	16	-4	-58	67	331	67	85209078	
-414	-3332	-14426	234	-503	15	16	-10	-61	68	336	68	85209078	
-418	-3340	-14446	231	-512	12	16	-12	-62	69	341	69	85209078	
-393	-3363	-14423	225	-507	17	13	-7	-57	70	346	70	85209078	
-382	-3364	-14512	219	-512	6	12	-6	-56	71	351	71	85209116	
-360	-3340	-14420	235	-505	13	18	-8	-60	72	356	72	85209117	
-424	-3372	-14564	241	-504	7	18	-8	-60	73	361	73	85209117	
-364	-3372	-14394	246	-491	5	11	-13	-61	74	366	74	85209117	
-462	-3342	-14420	250	-498	5	11	-13	-61	75	371	75	85209117	
-390	-3298	-14496	230	-499	8	15	-7	-59	76	376	76	85209117	
-358	-3346	-14458	245	-501	9	15	-7	-59	77	381	77	85209117	
-358	-3354	-14414	234	-508	-3	10	-12	-64	78	386	78	85209123	
-394	-3372	-14326	241	-509	-1	10	-12	-64	79	391	79	85209153	
-397	-3330	-14392	232	-502	1	18	-6	-62	80	396	80	85209153	
-340	-3338	-14422	221	-505	1	18	-6	-62	81	401	81	85209153	
-362	-3354	-14434	221	-501	3	16	-8	-64	82	406	82	85209153	
-392	-3327	-14357	226	-509	-4	16	-8	-64	83	411	83	85209153	
-378	-3308	-14387	218	-505	5	15	-7	-65	84	416	84	85209153	
-374	-3312	-14479	216	-500	-1	16	-8	-64	85	421	85	85209160	
-330	-3351	-14422	231	-507	1	18	-10	-62	86	426	86	85209186	
-362	-3409	-14450	234	-495	4	18	-10	-62	87	431	87	85209186	
-343	-3333	-14415	227	-494	5	16	-8	-62	88	436	88	85209186	
-375	-3314	-14429	229	-501	-1	14	-8	-60	89	441	89	85209186	
-420	-3311	-14367	229	-507	-2	12	-8	-56	90	446	90	85209187	
-427	-3342	-14414	230	-509	0	10	-8	-60	91	451	91	85209187	
-389	-3310	-14471	232	-501	1	7	-7	-67	92	456	92	85209190	
-367	-3289	-14372	227	-499	1	12	-8	-65	93	461	93	85209207	
-358	-3290	-14394	221	-500	-7	19	-9	-61	94	466	94	85209226	
-366	-3271	-14396	222	-506	-8	18	-8	-60	95	471	95	85209227	
-408	-3320	-14359	218	-512	1	17	-7	-59	96	476	96	85209228	
-389	-3324	-14406	213	-511	-2	18	-8	-60	97	481	97	85209228	
-367	-3288	-14407	215	-508	-4	18	-8	-60	98	486	98	85209228	
-353	-3317	-14468	228	-506	-1	18	-7	-61	99	491	99	85209228	
-371	-3327	-14532	240	-499	-5	19	-5	-63	100	496	100	85209229	
-405	-3260	-14441	245	-496	-1	18	-8	-61	101	501	101	85209243	
-436	-3300	-14400	246	-502	1	17	-13	-57	102	506	102	85209263	
-396	-3298	-14442	244	-500	1	15	-14	-60	103	511	103	85209263	
-385	-3285	-14428	240	-502	3	13	-15	-65	104	516	104	85209264	
-400	-3298	-14404	241	-508	0	18	-13	-61	105	521	105	85209264	
-388	-3250	-14400	239	-507	0	21	-11	-59	106	526	106	85209271	
-373	-3275	-14414	236	-506	4	18	-7	-60	107	531	107	85209299	
-386	-3336	-14409	231	-504	9	16	-4	-60	108	536	108	85209315	
-379	-3323	-14464	225	-498	16	14	-8	-61	109	541	109	85209315	
-340	-3298	-14521	217	-497	11	13	-11	-61	110	546	110	85209315	
-354	-3256	-14428	218	-488	8	12	-13	-64	111	551	111	85209316	
-410	-3252	-14402	223	-482	11	12	-14	-66	112	556	112	85209317	
-348	-3295	-14325	231	-482	15	16	-7	-61	113	561	113	85209317	
-346	-3294	-14424	231	-479	9	17	-5	-59	114	566	114	85209318	
-390	-3241	-14437	240	-492	8	17	-7	-62	115	571	115	85209348	
-386	-3246	-14405	244	-487	10	17	-7	-63	116	576	116	85209355	
-372	-3308	-14376	245	-487	13	15	-11	-62	117	581	117	85209355	
-336	-3333	-14474	263	-505	8	14	-12	-62	118	586	118	85209355	
-330	-3333	-14428	278	-507	9	16	-9	-62	119	591	119	85209356	
-359	-3276	-14508	287	-514	15	16	-8	-62	120	596	120	85209356	
-362	-3334	-14584	264	-509	10	9	-7	-63	121	601	121	85209356	
-364	-3334	-14498	251	-522	15	9	-7	-63	122	606	122	85209356	
-368	-3364	-14470	229	-525	23	16	-12	-60	123	611	123	85209356	
-412	-3316	-14396	198	-511	15	16	-12	-60	124	616	124	85209356	
-408	-3306	-14478	176	-505	22	14	-10	-56	125	621	125	85209371	
-366	-3278	-14384	156	-510	13	14	-10	-56	126	626	126	85209404	
-362	-3326	-14406	172	-510	15	13	-9	-65	127	631	127	85209404	
-354	-3362	-14348	173	-511	7	13	-9	-65	128	636	128	85209404	
-376	-3282	-14326	203	-507	10	20	-10	-62	129	641	129	85209404	
-406	-3270	-14392	225	-521	17	18	-10	-62	130	646	130	85209405	
-357	-3354	-14345	266	-522	12	8	-10	-62	131	651	131	85209405	
-402	-3334	-14388	280	-531	23	8	-10	-62	132	656	132	85209405	
-380	-3412	-14378	293	-515	23	19	-11	-61	133	661	133	85209418	
-376	-3370	-14328	295	-504	24	19	-11	-61	134	666	134	85209430	
-352	-3260	-14434	288	-495	22	14	-14	-60	135	671	135	85209430	
-354	-3338	-14394	293	-477	13	14	-14	-60	136	676	136	85209430	
-356	-3392	-14362	274	-489	3	17	-11	-57	137	681	137	85209430	
-391	-3354	-14485	267	-496	8	15	-11	-59	138	686	138	85209430	
-400	-3365	-14416	246	-502	7	7	-9	-67	139	691	139	85209430	
-398	-3330	-14426	232	-501	-5	9	-9	-65	140	696	140	85209437	
-430	-3290	-14376	225	-505	1	17	-7	-59	141	701	141	85209465	
-359	-3264	-14424	225	-508	2	18	-8	-59	142	706	142	85209465	
-370	-3290	-14426	219	-515	-2	21	-13	-59	143	711	143	85209465	
-398	-3310	-14466	224	-523	3	20	-12	-58	144	716	144	85209465	
-407	-3326	-14466	238	-514	-3	14	-6	-56	145	721	145	85209465	
-423	-3344	-14442	254	-512	-4	14	-6	-58	146	726	146	85209465	
-442	-3319	-14416	258	-499	-9	15	-7	-63	147	731	147	85209471	
-380	-3324	-14408	262	-502	-5	15	-6	-62	148	736	148	85209496	
-382	-3348	-14431	266	-494	-5	16	-4	-60	149	741	149	85209519	
-420	-3316	-14400	266	-489	-3	16	-6	-60	150	746	150	85209519	
-430	-3301	-14408	262	-490	-3	15	-9	-61	151	751	151	85209520	
-354	-3331	-14466	251	-505	-12	14	-10	-60	152	756	152	85209520	
-370	-3327	-14426	245	-506	-9	12	-12	-58	153	761	153	85209520	
-390	-3309	-14357	224	-499	-4	12	-12	-60	154	766	154	85209520	
-430	-3339	-14385	208	-490	-4	12	-12	-62	155	771	155	85209525	
-421	-3325	-14388	199	-493	3	11	-15	-60	156	776	156	85209545	
-403	-3305	-14353	192	-491	6	11	-17	-59	157	781	157	85209557	
-433	-3296	-14295	186	-491	3	12	-13	-61	158	786	158	85209557	
-416	-3285	-14353	196	-491	6	12	-10	-62	159	791	159	85209557	
-422	-3308	-14411	202	-493	10	16	-6	-61	160	796	160	85209557	
-376	-3300	-14484	217	-494	6	18	-4	-60	161	801	161	85209557	
-374	-3314	-14448	229	-497	6	15	-6	-59	162	806	162	85209557	
-366	-3354	-14427	243	-498	9	13	-7	-59	163	811	163	85209557	
-372	-3262	-14406	253	-489	12	17	-9	-61	164	816	164	85209557	
-325	-3296	-14470	251	-481	9	18	-10	-62	165	821	165	85209557	
-379	-3295	-14496	249	-482	7	18	-6	-59	166	826	166	85209562	
-394	-3296	-14410	243	-486	16	18	-4	-58	167	831	167	85209582	
-341	-3284	-14357	237	-487	17	16	-12	-61	168	836	168	85209594	
-357	-3303	-14421	223	-488	11	15	-17	-63	169	841	169	85209594	
-374	-3314	-14399	208	-493	4	14	-12	-59	170	846	170	85209594	
-368	-3314	-14360	208	-493	-1	13	-9	-57	171	851	171	85209594	
-366	-3297	-14422	207	-490	-2	12	-11	-59	172	856	172	85209594	
-310	-3274	-14396	212	-496	1	12	-12	-60	173	861	173	85209594	
-352	-3241	-14346	205	-488	1	18	-10	-62	174	866	174	85209624	
-355	-3287	-14272	213	-485	7	20	-10	-62	175	871	175	85209631	
-384	-3321	-14366	233	-485	11	14	-5	-60	176	876	176	85209631	
-365	-3307	-14432	244	-484	8	12	-4	-60	177	881	177	85209631	
-323	-3332	-14378	252	-482	9	16	-3	-59	178	886	178	85209631	
-349	-3345	-14384	271	-483	9	17	-3	-59	179	891	179	85209631	
-382	-3342	-14416	264	-497	9	17	-5	-59	180	896	180	85209631	
-446	-3358	-14396	263	-477	9	17	-5	-59	181	901	181	85209632	
-384	-3292	-14392	268	-486	11	15	-7	-63	182	906	182	85209663	
-410	-3360	-14436	254	-496	9	15	-7	-63	183	911	183	85209693	
-374	-3362	-14474	247	-509	16	14	-10	-62	184	916	184	85209697	
-378	-3330	-14410	244	-509	13	14	-10	-62	185	921	185	85209697	
-350	-3326	-14346	224	-496	11	16	-12	-60	186	926	186	85209697	
-368	-3306	-14362	246	-502	9	16	-12	-60	187	931	187	85209697	
-439	-3274	-14488	234	-503	7	10	-8	-62	188	936	188	85209697	
-388	-3320	-14461	225	-512	15	11	-8	-62	189	941	189	85209699	
-431	-3375	-14335	217	-504	22	13	-9	-63	190	946	190	85209706	
-424	-3367	-14398	226	-509	19	14	-9	-62	191	951	191	85209706	
-385	-3348	-14410	226	-504	13	19	-7	-57	192	956	192	85209706	
-389	-3315	-14393	231	-505	9	18	-7	-58	193	961	193	85209706	
-388	-3327	-14379	245	-515	8	15	-9	-61	194	966	194	85209706	
-374	-3352	-14476	240	-505	15	15	-8	-60	195	971	195	85209706	
-370	-3350	-14393	238	-499	14	15	-5	-57	196	976	196	85209714	
-353	-3353	-14371	236	-504	8	17	-7	-59	197	981	197	85209739	
-372	-3311	-14429	240	-511	10	19	-9	-63	198	986	198	85209744	
-376	-3294	-14494	244	-508	5	17	-11	-62	199	991	199	85209744	
-362	-3302	-14374	237	-507	7	13	-13	-61	200	996	200	85209744	
