-16236	-113	4666	213	-797	-678	13802	213	-14	1	1	1	84637301	
-16180	-126	4648	86	-665	-672	13803	214	-14	2	6	2	84637302	
-16206	-72	4766	-100	-560	-687	13804	212	-14	3	11	3	84637302	
-16124	-228	4780	-312	-484	-665	13805	212	-14	4	16	4	84637316	
-16102	-348	4696	-563	-435	-643	13806	212	-14	5	21	5	84637337	
-16196	-370	4652	-844	-411	-606	13807	212	-14	6	26	6	84637338	
-16198	-342	4610	-1125	-369	-573	13808	209	-15	7	31	7	84637338	
-16190	-310	4416	-1390	-265	-524	13809	209	-15	8	36	8	84637338	
-16162	-252	4666	-1619	-233	-431	13810	212	-12	9	41	9	84637338	
-16280	-250	4630	-1862	-254	-327	13811	212	-12	10	46	10	84637338	
-16352	-95	4529	-2098	-271	-198	13812	214	-10	11	51	11	84637345	
-16308	-44	4373	-2249	-230	-95	13813	215	-11	12	56	12	84637375	
-16234	24	4285	-2378	-184	6	13814	217	-15	13	61	13	84637375	
-16248	172	4282	-2500	-189	81	13815	218	-15	14	66	14	84637375	
-16236	202	4214	-2608	-216	125	13816	221	-15	15	71	15	84637375	
-16322	302	3956	-2723	-266	152	13817	221	-15	16	76	16	84637375	
-16408	354	3722	-2826	-269	155	13818	211	-11	17	81	17	84637375	
-16618	346	3492	-2923	-312	145	13819	211	-11	18	86	18	84637375	
-16813	329	3215	-2850	-289	135	13820	216	-16	19	91	19	84637390	
-16798	263	3053	-2669	-169	85	13821	216	-16	20	96	20	84637412	
-16680	251	2852	-2369	23	46	13822	216	-14	21	101	21	84637412	
-16447	267	2626	-1995	219	23	13823	215	-16	22	106	22	84637413	
-16105	102	2458	-1546	452	36	13824	209	-23	23	111	23	84637413	
-15921	-331	2491	-990	641	110	13825	211	-20	24	116	24	84637413	
-16017	-886	2541	-358	719	216	13826	217	-9	25	121	25	84637413	
-16135	-1522	2650	292	755	309	13827	217	-11	26	126	26	84637415	
-16289	-2161	2742	867	774	361	13828	215	-19	27	131	27	84637429	
-16295	-2672	2990	1171	757	405	13829	214	-21	28	136	28	84637451	
-16158	-3012	3420	1156	730	446	13830	213	-23	29	141	29	84637452	
-15924	-3148	3819	1027	689	496	13831	216	-20	30	146	30	84637453	
-15658	-3160	4222	939	630	546	13832	221	-15	31	151	31	84637453	
-15452	-3179	4573	923	516	589	13833	220	-17	32	156	32	84637453	
-15372	-3116	4867	907	350	633	13834	218	-20	33	161	33	84637453	
-15519	-3024	5043	852	155	701	13835	218	-20	34	166	34	84637460	
-15558	-2895	5144	836	33	797	13836	220	-18	35	171	35	84637488	
-15727	-2747	5184	898	-34	918	13837	221	-19	36	176	36	84637488	
-16052	-2666	5171	928	-106	1028	13838	222	-20	37	181	37	84637488	
-16461	-2600	5102	915	-180	1113	13839	219	-19	38	186	38	84637488	
-16706	-2498	4922	872	-237	1145	13840	214	-18	39	191	39	84637488	
-16792	-2271	4680	827	-245	1142	13841	214	-18	40	196	40	84637489	
-16698	-1970	4372	781	-167	1147	13842	215	-19	41	201	41	84637492	
-16471	-1682	4157	749	-77	1189	13843	215	-19	42	206	42	84637510	
-16343	-1508	4034	777	-45	1264	13844	214	-20	43	211	43	84637530	
-16272	-1414	3952	899	-67	1348	13846	214	-19	44	216	44	84637531	
-16351	-1348	3736	1081	-90	1431	13847	213	-17	45	221	45	84637531	
-16557	-1331	3532	1209	-83	1497	13848	212	-20	46	226	46	84637531	
-16729	-1265	3425	1226	-43	1532	13849	212	-22	47	231	47	84637531	
-16814	-1041	3269	1144	24	1540	13850	213	-23	48	236	48	84637531	
-16869	-689	3142	1015	97	1518	13851	213	-23	49	241	49	84637535	
-16956	-293	3068	859	173	1477	13851	212	-21	50	246	50	84637550	
-17013	132	3008	688	243	1432	13852	211	-17	51	251	51	84637566	
-16931	632	3032	590	281	1386	13854	212	-17	52	256	52	84637566	
-16883	1062	2974	635	284	1349	13855	213	-17	53	261	53	84637566	
-16853	1324	2786	804	237	1321	13856	215	-18	54	266	54	84637566	
-16783	1479	2572	1043	184	1299	13857	217	-19	55	271	55	84637566	
-16639	1577	2506	1262	157	1279	13858	216	-15	56	276	56	84637567	
-16416	1616	2404	1416	123	1259	13859	216	-12	57	281	57	84637589	
-16274	1643	2384	1503	58	1250	13860	216	-14	58	286	58	84637604	
-16300	1610	2475	1537	-40	1251	13861	216	-16	59	291	59	84637604	
-16331	1477	2490	1525	-155	1238	13862	212	-14	60	296	60	84637604	
-16390	1283	2551	1455	-281	1205	13863	209	-13	61	301	61	84637604	
-16407	1104	2722	1386	-368	1183	13864	215	-21	62	306	62	84637604	
-16368	971	2814	1324	-437	1153	13865	217	-23	63	311	63	84637604	
-16433	844	2919	1219	-490	1115	13866	211	-20	64	316	64	84637604	
-16508	723	2898	1041	-573	1090	13867	209	-19	65	321	65	84637611	
-16513	567	2763	799	-652	1081	13868	214	-19	66	326	66	84637656	
-16656	460	2586	539	-727	1103	13869	217	-19	67	331	67	84637684	
-16815	396	2444	360	-786	1185	13870	215	-18	68	336	68	84637684	
-16901	325	2283	313	-785	1325	13871	214	-18	69	341	69	84637684	
-16980	302	2294	474	-745	1455	13872	216	-16	70	346	70	84637684	
-16879	236	2237	835	-683	1576	13873	216	-16	71	351	71	84637684	
-16816	186	2038	1356	-594	1693	13874	218	-18	72	356	72	84637692	
-16710	10	1931	1926	-461	1814	13875	218	-18	73	361	73	84637716	
-16500	-131	1802	2434	-334	1919	13876	209	-19	74	366	74	84637723	
-16414	-335	1777	2778	-224	2000	13877	207	-19	75	371	75	84637724	
-16430	-522	1637	2956	-174	2067	13878	214	-20	76	376	76	84637725	
-16522	-864	1572	2947	-177	2156	13879	216	-20	77	381	77	84637725	
-16552	-1074	1510	2754	-186	2207	13880	217	-17	78	386	78	84637725	
-16632	-1228	1484	2364	-202	2229	13881	217	-17	79	391	79	84637726	
-16562	-1234	1438	1831	-197	2241	13882	210	-16	80	396	80	84637726	
-16551	-1260	1566	1204	-228	2260	13883	213	-17	81	401	81	84637726	
-16540	-1286	1694	577	-259	2278	13884	216	-18	82	406	82	84637726	
-16630	-1278	2016	-24	-320	2295	13885	216	-18	83	411	83	84637726	
-16692	-1251	2116	-460	-382	2296	13886	213	-16	84	416	84	84637727	
-16786	-1364	2184	-909	-448	2314	13887	212	-16	85	421	85	84637734	
-16824	-1418	2590	-1306	-465	2352	13888	209	-17	86	426	86	84637736	
-16662	-1430	2808	-1529	-408	2379	13889	209	-17	87	431	87	84637736	
-16616	-1240	3206	-1728	-341	2359	13890	213	-21	88	436	88	84637736	
-16534	-1022	3454	-1920	-316	2320	13891	213	-21	89	441	89	84637742	
-16458	-730	3614	-2111	-301	2301	13892	212	-14	90	446	90	84637762	
-16324	-392	3894	-2202	-223	2316	13893	212	-14	91	451	91	84637763	
-16070	16	3980	-2162	-125	2386	13894	213	-19	92	456	92	84637763	
-15856	512	4158	-2028	-56	2471	13895	213	-19	93	461	93	84637763	
-15655	899	4322	-1754	-120	2563	13896	219	-21	94	466	94	84637763	
-15615	1116	4268	-1505	-236	2643	13897	219	-22	95	471	95	84637765	
-15566	1199	4297	-1269	-374	2720	13898	218	-24	96	476	96	84637780	
-15425	1341	4278	-1115	-504	2800	13899	218	-23	97	481	97	84637809	
-15310	1471	4375	-956	-593	2967	13900	218	-18	98	486	98	84637809	
-15330	1260	4348	-823	-677	3163	13901	217	-19	99	491	99	84637809	
-15391	1047	4422	-890	-763	3349	13902	215	-23	100	496	100	84637809	
-15498	938	4583	-1040	-886	3507	13903	215	-22	101	501	101	84637809	
-15650	846	4596	-1205	-985	3637	13904	213	-17	102	506	102	84637809	
-15922	706	4362	-1519	-1109	3720	13905	213	-18	103	511	103	84637811	
-16078	648	4347	-1876	-1131	3725	13906	212	-22	104	516	104	84637824	
-16097	676	4266	-2231	-1145	3695	13907	212	-22	105	521	105	84637846	
-16284	751	4025	-2500	-1176	3657	13908	210	-24	106	526	106	84637847	
-16510	848	3853	-2630	-1192	3662	13909	210	-25	107	531	107	84637847	
-16666	780	3605	-2613	-1159	3687	13910	211	-27	108	536	108	84637847	
-16752	656	3250	-2498	-1018	3722	13911	212	-25	109	541	109	84637847	
-16741	573	3084	-2256	-810	3771	13912	216	-18	110	546	110	84637848	
-16629	438	2724	-1887	-585	3827	13913	215	-18	111	551	111	84637855	
-16670	295	2374	-1540	-434	3883	13914	213	-17	112	556	112	84637875	
-16848	132	2023	-1208	-327	3944	13915	215	-17	113	561	113	84637889	
-17030	44	1691	-897	-205	4000	13916	219	-17	114	566	114	84637889	
-17075	46	1444	-599	-34	4046	13917	219	-17	115	571	115	84637889	
-17036	134	1231	-301	145	4070	13918	220	-18	116	576	116	84637889	
-17009	301	1091	-21	267	4097	13919	218	-20	117	581	117	84637889	
-16919	444	1018	230	338	4139	13920	214	-22	118	586	118	84637890	
-16802	521	964	432	372	4200	13921	213	-23	119	591	119	84637890	
-16652	578	1037	611	372	4269	13922	212	-24	120	596	120	84637890	
-16370	521	1194	837	330	4357	13923	212	-24	121	601	121	84637902	
-16100	459	1371	1113	238	4463	13924	213	-23	122	606	122	84637921	
-15932	336	1587	1381	102	4612	13925	211	-25	123	611	123	84637921	
-15960	201	1800	1574	-38	4806	13926	208	-28	124	616	124	84637922	
-16216	104	1864	1644	-146	4989	13927	209	-26	125	621	125	84637922	
-16522	-86	1830	1586	-219	5132	13928	211	-23	126	626	126	84637922	
-16768	-293	1870	1400	-243	5230	13930	213	-21	127	631	127	84637922	
-16906	-426	2065	1151	-197	5264	13931	214	-18	128	636	128	84637927	
-16990	-448	2383	893	-162	5265	13932	214	-20	129	641	129	84637948	
-17084	-416	2660	674	-152	5241	13933	214	-22	130	646	130	84637959	
-17069	-458	2911	552	-159	5187	13934	214	-21	131	651	131	84637960	
-17078	-585	3147	516	-161	5108	13935	214	-20	132	656	132	84637960	
-17086	-714	3452	521	-155	5008	13936	211	-22	133	661	133	84637960	
-17078	-785	3846	558	-149	4885	13937	209	-23	134	666	134	84637960	
-17032	-805	4428	638	-173	4738	13938	211	-19	135	671	135	84637960	
-16909	-831	5072	748	-245	4558	13939	212	-16	136	676	136	84637976	
-16796	-793	5636	890	-400	4362	13940	212	-18	137	681	137	84637993	
-16684	-594	6174	1120	-632	4159	13941	212	-20	138	686	138	84637997	
-16629	-262	6640	1523	-875	3959	13942	213	-19	139	691	139	84637997	
-16688	265	7029	2112	-1087	3757	13943	214	-18	140	696	140	84637997	
-16800	812	7245	2835	-1256	3547	13944	212	-19	141	701	141	84637998	
-16898	1380	7428	3664	-1365	3309	13945	211	-19	142	706	142	84637998	
-17022	2028	7622	4577	-1412	3043	13946	212	-17	143	711	143	84638003	
-17370	2707	7818	5592	-1454	2778	13947	212	-16	144	716	144	84638026	
-17695	3265	7780	6425	-1450	2624	13948	209	-22	145	721	145	84638033	
-18104	3655	7752	7138	-1357	2542	13949	208	-24	146	726	146	84638033	
-18704	3955	7577	7662	-1109	2550	13950	206	-22	147	731	147	84638033	
-19726	4223	7296	7826	-788	2634	13951	206	-22	148	736	148	84638033	
-21251	4286	7086	7866	-446	2587	13952	207	-20	149	741	149	84638033	
-23120	4173	6885	7740	-80	2306	13953	207	-19	150	746	150	84638033	
-24916	4523	6492	7408	360	1679	13954	206	-17	151	751	151	84638051	
-26398	4704	6132	6697	1331	688	13955	206	-16	152	756	152	84638084	
-26504	5084	5840	5758	2460	-271	13956	206	-14	153	761	153	84638084	
-25429	5246	5368	4477	3641	-787	13957	206	-14	154	766	154	84638084	
-23692	5476	5119	2599	4945	-1077	13958	202	-13	155	771	155	84638084	
-22416	5678	4714	463	5718	-1206	13959	201	-13	156	776	156	84638084	
-21936	6028	3668	-1496	5798	-1288	13960	201	-16	157	781	157	84638084	
-21843	6408	1870	-3074	5896	-1289	13961	201	-17	158	786	158	84638084	
-21633	6234	-163	-4403	6501	-1174	13962	199	-21	159	791	159	84638117	
-20707	5367	-2400	-5835	7619	-748	13963	198	-22	160	796	160	84638126	
-19146	4164	-4394	-7758	9563	-34	13964	197	-17	161	801	161	84638126	
-16876	2518	-5306	-7850	11682	266	13965	197	-17	162	806	162	84638126	
-14150	2070	-5672	-5520	13438	-101	13966	193	-23	163	811	163	84638126	
-11578	2380	-5470	-1925	13541	-326	13967	193	-23	164	816	164	84638126	
-10368	3534	-5728	1909	11684	-846	13968	194	-26	165	821	165	84638126	
-11070	5504	-6254	5588	9300	-1705	13969	194	-26	166	826	166	84638126	
-12104	7888	-5772	8388	7535	-2365	13970	189	-25	167	831	167	84638127	
-13266	10284	-5296	10148	6173	-2772	13971	189	-25	168	836	168	84638127	
-14347	12848	-5131	11292	5093	-3052	13972	194	-24	169	841	169	84638141	
-14709	13803	-4981	12016	4778	-3041	13973	193	-24	170	846	170	84638163	
-14896	13408	-4646	12587	4592	-2908	13974	188	-24	171	851	171	84638163	
-15794	11230	-4446	13007	4215	-2992	13975	188	-24	172	856	172	84638163	
-17318	8840	-3842	13065	3860	-3660	13976	190	-26	173	861	173	84638164	
-17260	6238	-3236	13725	4179	-4144	13977	190	-26	174	866	174	84638164	
-15940	4384	-2156	14591	5091	-4449	13978	179	-21	175	871	175	84638164	
-14782	2776	-878	15328	5331	-4631	13979	179	-21	176	876	176	84638164	
-14446	846	598	15472	4673	-4934	13980	184	-20	177	881	177	84638172	
-14767	-1100	2227	14118	3346	-5311	13981	183	-20	178	886	178	84638208	
-14785	-2363	3064	11931	2535	-5567	13982	177	-19	179	891	179	84638209	
-15031	-3130	3644	9204	2119	-6004	13983	177	-18	180	896	180	84638209	
-15189	-4246	3941	6863	2047	-6509	13984	175	-15	181	901	181	84638210	
-16122	-5355	4030	5204	2278	-7026	13985	176	-15	182	906	182	84638210	
-16964	-6573	3921	4067	2394	-7021	13986	180	-16	183	911	183	84638210	
-17152	-7279	3705	3170	2170	-6653	13987	178	-16	184	916	184	84638215	
-16652	-7165	3592	1965	1416	-6583	13988	172	-18	185	921	185	84638237	
-16653	-6286	4293	-68	467	-7161	13989	173	-16	186	926	186	84638237	
-17378	-5479	4794	-1877	-110	-7660	13990	174	-12	187	931	187	84638238	
-17880	-4348	4728	-3365	-238	-7993	13991	173	-12	188	936	188	84638238	
-16675	-1890	3898	-4685	453	-8155	13992	171	-11	189	941	189	84638238	
-15816	-1126	2950	-5387	1362	-8090	13993	170	-12	190	946	190	84638238	
-16500	-588	2460	-6479	2022	-8408	13994	166	-16	191	951	191	84638240	
-16617	2	1710	-7643	2933	-8571	13995	165	-16	192	956	192	84638253	
-16405	592	961	-8657	3856	-8573	13996	162	-16	193	961	193	84638275	
-15530	805	25	-9393	4221	-8288	13997	162	-18	194	966	194	84638275	
-14637	803	-425	-9658	4165	-8015	13998	163	-21	195	971	195	84638275	
-14474	435	-809	-9403	3705	-7903	13999	161	-19	196	976	196	84638275	
-14872	-221	-1096	-8699	3080	-7910	14000	158	-16	197	981	197	84638275	
-15040	-833	-958	-7949	2687	-8085	14001	156	-18	198	986	198	84638276	
-14489	-1120	-73	-7947	2204	-8322	14002	152	-20	199	991	199	84638283	
-14132	-1553	1858	-8879	1128	-8432	14003	153	-20	200	996	200	84638302	
-14326	-2451	4581	-9818	-726	-8540	14004	155	-19	201	1001	201	84638317	
-14137	-2539	7537	-10275	-2700	-8845	14006	151	-21	202	1006	202	84638323	
-13453	-1788	10206	-10552	-3905	-9302	14007	147	-23	203	1011	203	84638324	
-12793	-898	12501	-10982	-4488	-9669	14008	146	-24	204	1016	204	84638325	
-12040	320	14408	-11681	-4891	-9947	14008	144	-24	205	1021	205	84638325	
-11085	1928	15138	-12792	-5322	-10140	14009	143	-24	206	1026	206	84638326	
-10286	3788	14801	-14181	-5550	-10187	14010	142	-24	207	1031	207	84638341	
-10271	5987	13838	-15537	-5702	-10101	14011	139	-25	208	1036	208	84638361	
-10566	8116	12012	-16245	-6489	-10045	14012	135	-27	209	1041	209	84638361	
-9258	10215	10149	-15573	-7179	-9973	14014	137	-29	210	1046	210	84638361	
-7412	12335	10049	-13283	-7027	-9934	14015	139	-31	211	1051	211	84638362	
-6363	12744	10814	-10146	-7099	-9556	14016	134	-33	212	1056	212	84638362	
-6552	12072	11112	-6853	-7741	-8553	14017	131	-35	213	1061	213	84638362	
-7940	11005	10353	-4288	-8996	-7447	14018	129	-31	214	1066	214	84638368	
-9858	9485	8931	-2771	-10245	-6454	14019	127	-29	215	1071	215	84638387	
-12014	8053	7427	-2109	-10824	-5738	14020	129	-30	216	1076	216	84638398	
-13920	6938	6316	-1937	-10606	-5425	14021	130	-30	217	1081	217	84638398	
-15376	5956	5294	-1872	-10077	-5422	14022	131	-33	218	1086	218	84638398	
-16805	4951	3654	-1857	-9687	-5569	14023	131	-35	219	1091	219	84638398	
-17944	4360	1948	-1776	-9490	-5796	14024	127	-26	220	1096	220	84638398	
-18418	4115	763	-1515	-9192	-6057	14025	126	-24	221	1101	221	84638398	
-18526	3776	-434	-1323	-8698	-6425	14026	129	-28	222	1106	222	84638415	
-18415	3343	-1485	-1385	-8118	-6832	14027	131	-31	223	1111	223	84638433	
-18562	3063	-2733	-1441	-7652	-7105	14028	127	-33	224	1116	224	84638437	
-19297	3597	-4339	-1312	-7204	-7192	14029	124	-34	225	1121	225	84638437	
-20532	5197	-6093	-957	-6635	-7055	14030	123	-34	226	1126	226	84638438	
-22544	7758	-8338	-253	-5703	-6559	14031	122	-34	227	1131	227	84638438	
-25372	10276	-10257	623	-4697	-5651	14032	120	-35	228	1136	228	84638438	
-29094	12416	-11421	1612	-3916	-4252	14033	119	-35	229	1141	229	84638438	
-32190	14004	-12510	2629	-3535	-2392	14034	119	-32	230	1146	230	84638439	
-32768	15586	-13028	2750	-3044	-452	14035	119	-31	231	1151	231	84638439	
-31910	17958	-11121	764	-1836	1174	14036	121	-33	232	1156	232	84638461	
-26376	21507	-6669	-2318	-630	2267	14037	121	-33	233	1161	233	84638474	
-19636	25335	-1008	-3628	-352	2927	14038	119	-36	234	1166	234	84638476	
-14751	26732	2018	-1133	-1016	3511	14039	119	-37	235	1171	235	84638476	
-11374	24178	1254	4496	-2274	4866	14040	114	-36	236	1176	236	84638476	
-11518	18986	-580	7650	-2726	6853	14041	114	-36	237	1181	237	84638477	
-12474	9910	-1624	7932	-2829	9248	14042	121	-31	238	1186	238	84638477	
-13498	1014	784	6208	-2653	10358	14043	121	-31	239	1191	239	84638488	
-15105	-6551	2519	4490	-2757	10246	14044	124	-33	240	1196	240	84638511	
-17658	-14157	4047	1861	-2460	9465	14045	125	-33	241	1201	241	84638517	
-20029	-20088	5123	-1328	-1435	8050	14046	120	-28	242	1206	242	84638517	
-21109	-23608	4382	-3575	-357	6161	14047	119	-27	243	1211	243	84638517	
-22172	-22786	1976	-4243	440	3325	14048	127	-35	244	1216	244	84638517	
-21844	-18516	676	-4106	687	972	14049	127	-35	245	1221	245	84638517	
-20694	-12720	360	-4618	721	-822	14050	124	-30	246	1226	246	84638517	
-18682	-7304	728	-5285	540	-1915	14051	124	-30	247	1231	247	84638527	
-15988	-2744	892	-4934	479	-2773	14052	116	-34	248	1236	248	84638551	
-13658	-244	1090	-3674	440	-3283	14053	116	-34	249	1241	249	84638551	
-12088	414	1320	-2330	-61	-3517	14054	123	-31	250	1246	250	84638551	
-11922	574	1802	-1340	-907	-3691	14055	123	-31	251	1251	251	84638551	
-12498	1036	2500	-642	-1509	-3717	14056	123	-37	252	1256	252	84638551	
-13528	2089	3436	11	-1924	-3278	14057	123	-36	253	1261	253	84638552	
-14761	2991	4179	598	-2297	-2620	14058	122	-34	254	1266	254	84638557	
-15768	3996	4418	1273	-2553	-1861	14059	121	-34	255	1271	255	84638582	
-16523	4765	4613	1883	-2480	-1233	14060	118	-34	256	1276	256	84638597	
-17325	5119	4661	2361	-2393	-740	14061	119	-32	257	1281	257	84638598	
-18039	5083	4381	2542	-2284	-313	14062	123	-25	258	1286	258	84638599	
-18422	4768	4046	2331	-2030	103	14063	123	-25	259	1291	259	84638599	
-18488	4346	3850	1393	-1389	696	14064	118	-32	260	1296	260	84638599	
-17893	3783	4038	-274	-513	1491	14065	117	-33	261	1301	261	84638600	
-17129	3360	4107	-1570	75	2115	14066	115	-37	262	1306	262	84638606	
-16296	3005	4181	-2526	453	2558	14067	116	-35	263	1311	263	84638629	
-15703	2726	4044	-2987	575	2855	14068	119	-27	264	1316	264	84638629	
-15410	2442	3688	-2884	497	3056	14069	119	-30	265	1321	265	84638629	
-15308	1882	3279	-2352	244	3159	14070	118	-40	266	1326	266	84638629	
-15530	1273	2882	-1696	-172	3125	14071	118	-38	267	1331	267	84638629	
-15993	564	2805	-1189	-765	2959	14072	118	-30	268	1336	268	84638629	
-16684	-145	2781	-871	-1462	2589	14073	118	-31	269	1341	269	84638638	
-17182	-772	2742	-681	-1965	2103	14074	117	-33	270	1346	270	84638663	
-17379	-1246	2690	-524	-2345	1459	14075	119	-33	271	1351	271	84638680	
-17363	-1291	2774	-362	-2644	719	14076	122	-32	272	1356	272	84638680	
-17288	-759	2765	-2	-2879	-36	14077	121	-33	273	1361	273	84638680	
-17110	230	2648	647	-2980	-679	14078	120	-34	274	1366	274	84638680	
-16996	1058	2502	1430	-2940	-1058	14079	119	-33	275	1371	275	84638681	
-16860	1472	2351	2228	-2827	-1214	14080	118	-32	276	1376	276	84638681	
-16861	1596	2164	3251	-2655	-1202	14081	118	-31	277	1381	277	84638683	
-16950	1521	1899	4280	-2423	-1071	14082	119	-27	278	1386	278	84638709	
-17064	1374	1597	4825	-2150	-897	14083	119	-28	279	1391	279	84638738	
-17194	1249	1398	4917	-1828	-676	14084	119	-29	280	1396	280	84638738	
-17368	1198	1383	4636	-1503	-434	14085	121	-29	281	1401	281	84638738	
-17683	1014	1382	4060	-1184	-193	14086	123	-29	282	1406	282	84638738	
-17930	690	1374	3224	-790	36	14087	121	-30	283	1411	283	84638738	
-18068	234	1417	2224	-272	236	14088	119	-31	284	1416	284	84638738	
-18224	-375	1648	1004	418	405	14090	123	-34	285	1421	285	84638742	
-18091	-1077	1987	-274	1104	530	14091	126	-36	286	1426	286	84638762	
-17702	-1566	2321	-1410	1615	579	14092	124	-32	287	1431	287	84638774	
-17326	-1834	2704	-2336	1950	567	14093	122	-30	288	1436	288	84638774	
-17107	-2092	2887	-2897	2102	509	14094	122	-31	289	1441	289	84638774	
-17108	-2311	2918	-3162	2170	385	14095	122	-32	290	1446	290	84638774	
-17060	-2348	2816	-3246	2279	205	14096	120	-31	291	1451	291	84638774	
-16954	-2173	2705	-3215	2396	40	14097	119	-31	292	1456	292	84638775	
-16864	-1916	2632	-3096	2469	-87	14097	122	-33	293	1461	293	84638775	
-16659	-1492	2538	-2838	2459	-175	14099	126	-36	294	1466	294	84638775	
-16392	-827	2495	-2427	2334	-213	14100	122	-32	295	1471	295	84638780	
-16224	-164	2591	-1961	2112	-231	14101	120	-30	296	1476	296	84638800	
-16067	478	2652	-1479	1832	-241	14102	118	-36	297	1481	297	84638812	
-15937	1111	2765	-1042	1555	-250	14103	116	-40	298	1486	298	84638812	
-15879	1640	2872	-649	1302	-244	14104	117	-38	299	1491	299	84638812	
-15878	2080	3044	-262	1114	-214	14105	118	-36	300	1496	300	84638812	
-15883	2460	3105	146	1010	-162	14106	117	-32	301	1501	301	84638812	
-15942	2873	2907	634	958	-86	14107	116	-30	302	1506	302	84638812	
-15925	3134	2629	1082	924	-5	14108	116	-33	303	1511	303	84638812	
-16018	3216	2473	1535	852	81	14109	116	-34	304	1516	304	84638812	
-16234	3148	2315	2022	721	152	14110	117	-35	305	1521	305	84638813	
-16568	2960	2349	2495	566	210	14111	117	-35	306	1526	306	84638820	
-16866	2832	2275	2981	453	238	14112	117	-37	307	1531	307	84638846	
-17001	2577	2241	3396	411	255	14113	117	-37	308	1536	308	84638853	
-17016	2251	2008	3799	409	259	14114	121	-35	309	1541	309	84638853	
-17025	1897	1735	4102	442	247	14115	123	-33	310	1546	310	84638854	
-16960	1523	1765	4221	543	213	14116	121	-35	311	1551	311	84638854	
-16958	1193	1920	4189	653	160	14117	120	-36	312	1556	312	84638855	
-17159	864	2128	4083	800	116	14118	118	-33	313	1561	313	84638856	
-17333	443	2431	3879	1077	58	14119	118	-32	314	1566	314	84638873	
-17362	-38	2560	3658	1383	-12	14120	120	-26	315	1571	315	84638887	
-17378	-370	2501	3459	1630	-100	14121	121	-25	316	1576	316	84638889	
-17312	-546	2426	3197	1815	-212	14122	115	-27	317	1581	317	84638889	
-17148	-594	2161	2879	1957	-326	14123	114	-28	318	1586	318	84638889	
-16804	-504	2012	2440	1997	-411	14124	121	-35	319	1591	319	84638889	
-16646	-450	2026	2086	1932	-431	14125	121	-35	320	1596	320	84638889	
-16560	-378	2112	1796	1850	-405	14126	114	-32	321	1601	321	84638890	
-16532	-446	2052	1615	1759	-337	14127	114	-32	322	1606	322	84638930	
-16660	-430	1996	1538	1679	-270	14128	119	-25	323	1611	323	84638971	
-16926	-354	1804	1500	1599	-201	14129	119	-25	324	1616	324	84638971	
-17169	-184	1709	1418	1557	-134	14130	115	-31	325	1621	325	84638971	
-17328	53	1471	1287	1530	-75	14131	114	-32	326	1626	326	84638971	
-17402	350	1034	1062	1529	-37	14132	119	-29	327	1631	327	84638972	
-17430	750	806	798	1567	-39	14133	119	-29	328	1636	328	84638972	
-17370	1072	748	515	1602	-61	14134	117	-25	329	1641	329	84638972	
-17556	1428	522	278	1643	-91	14135	117	-25	330	1646	330	84638988	
-17810	1740	440	101	1672	-126	14136	114	-26	331	1651	331	84639011	
-18066	2038	212	-15	1692	-174	14137	114	-26	332	1656	332	84639011	
-18386	2204	194	-66	1863	-246	14138	129	-27	333	1661	333	84639011	
-18738	2144	198	17	2306	-298	14139	129	-27	334	1666	334	84639011	
-19214	2202	72	239	2880	-333	14140	122	-32	335	1671	335	84639011	
-19385	2579	-427	395	3499	-375	14141	121	-32	336	1676	336	84639011	
-19172	2968	-721	434	3953	-411	14142	116	-30	337	1681	337	84639011	
-18660	3249	-836	415	4346	-462	14143	115	-30	338	1686	338	84639011	
-18190	3514	-663	277	4561	-503	14144	112	-30	339	1691	339	84639012	
-17832	3745	-268	30	4537	-509	14145	113	-31	340	1696	340	84639012	
-17598	3928	174	-139	4326	-489	14146	119	-35	341	1701	341	84639012	
-17474	3842	537	-131	4053	-429	14147	118	-35	342	1706	342	84639013	
-17424	3504	510	-18	3829	-385	14148	113	-33	343	1711	343	84639018	
-17206	3106	430	219	3632	-405	14149	113	-32	344	1716	344	84639018	
-16998	2757	346	419	3576	-446	14150	112	-26	345	1721	345	84639018	
-16726	2532	228	616	3573	-514	14151	113	-27	346	1726	346	84639025	
-16452	2485	338	740	3566	-560	14152	117	-31	347	1731	347	84639049	
-16084	2720	397	730	3466	-564	14153	118	-32	348	1736	348	84639049	
-15818	3098	537	583	3279	-527	14154	122	-34	349	1741	349	84639050	
-15738	3558	741	434	3019	-441	14155	121	-33	350	1746	350	84639050	
-15710	4019	918	375	2673	-265	14156	118	-30	351	1751	351	84639051	
-15876	4283	985	502	2254	-4	14157	117	-30	352	1756	352	84639051	
-16111	4521	1050	894	1847	324	14158	114	-28	353	1761	353	84639055	
-16217	4620	1112	1398	1565	632	14159	116	-31	354	1766	354	84639076	
-16193	4581	1190	2084	1388	951	14160	119	-35	355	1771	355	84639096	
-16063	4493	1320	2866	1251	1236	14161	120	-33	356	1776	356	84639097	
-15826	4371	1397	3630	1103	1495	14162	121	-29	357	1781	357	84639097	
-15636	4124	1517	4294	877	1736	14163	119	-28	358	1786	358	84639097	
-15581	3917	1621	4784	601	1939	14164	117	-27	359	1791	359	84639097	
-15523	3754	1597	5143	332	2107	14165	119	-28	360	1796	360	84639098	
-15437	3462	1530	5481	78	2244	14166	124	-30	361	1801	361	84639100	
-15291	3407	1287	5672	-85	2303	14167	124	-29	362	1806	362	84639116	
-15113	3513	1026	5674	-251	2337	14168	124	-28	363	1811	363	84639133	
-14900	3662	803	5461	-448	2402	14169	123	-25	364	1816	364	84639133	
-14715	3796	611	5044	-640	2536	14170	122	-20	365	1821	365	84639134	
-14703	3920	596	4441	-774	2731	14171	122	-24	366	1826	366	84639134	
-14778	4062	688	3740	-862	2967	14172	123	-29	367	1831	367	84639134	
-14858	4246	661	3028	-911	3217	14173	125	-28	368	1836	368	84639134	
-14980	4569	753	2301	-876	3493	14175	129	-27	369	1841	369	84639138	
-15020	5014	872	1767	-728	3753	14176	125	-27	370	1846	370	84639160	
-15032	5422	1060	1515	-596	3980	14177	123	-27	371	1851	371	84639173	
-15135	5713	1083	1473	-538	4240	14178	127	-26	372	1856	372	84639173	
-15324	5738	1115	1586	-522	4541	14179	130	-26	373	1861	373	84639173	
-15573	5654	1260	1754	-508	4852	14180	133	-24	374	1866	374	84639173	
-15906	5532	1438	1865	-502	5146	14181	135	-23	375	1871	375	84639173	
-16166	5416	1413	1854	-469	5375	14182	135	-23	376	1876	376	84639173	
-16424	5388	1185	1690	-363	5596	14183	135	-23	377	1881	377	84639173	
-16708	5483	946	1318	-130	5807	14184	134	-22	378	1886	378	84639203	
-16818	5604	896	859	140	5986	14185	133	-21	379	1891	379	84639224	
-16772	5649	810	389	346	6159	14186	133	-22	380	1896	380	84639224	
-16589	5575	678	-32	439	6324	14187	133	-23	381	1901	381	84639224	
-16404	5481	629	-374	427	6484	14188	137	-21	382	1906	382	84639224	
-16279	5384	607	-616	305	6644	14189	139	-19	383	1911	383	84639225	
-16196	5214	532	-763	111	6830	14190	140	-20	384	1916	384	84639225	
-16174	4901	449	-844	-121	7024	14191	141	-21	385	1921	385	84639225	
-16254	4393	386	-916	-431	7225	14192	142	-26	386	1926	386	84639239	
-16382	3943	440	-1014	-695	7372	14193	142	-28	387	1931	387	84639249	
-16411	3482	619	-1124	-937	7456	14194	144	-25	388	1936	388	84639250	
-16390	2916	746	-1224	-1212	7493	14195	144	-24	389	1941	389	84639250	
-16320	2636	906	-1340	-1534	7496	14196	147	-27	390	1946	390	84639250	
-16242	2503	1140	-1460	-1889	7482	14197	148	-28	391	1951	391	84639250	
-16230	2663	1234	-1568	-2210	7482	14198	150	-26	392	1956	392	84639250	
-16249	3133	1309	-1624	-2515	7498	14199	151	-25	393	1961	393	84639250	
-16346	3752	1559	-1419	-2758	7569	14200	153	-24	394	1966	394	84639257	
-16192	4188	1742	-1010	-2793	7702	14201	153	-23	395	1971	395	84639282	
-15892	4482	1930	-581	-2650	7796	14202	152	-19	396	1976	396	84639288	
-15524	4763	1930	-169	-2397	7830	14203	152	-18	397	1981	397	84639288	
-15302	5079	1958	217	-2028	7804	14204	160	-28	398	1986	398	84639288	
-14981	5315	1851	512	-1603	7757	14205	162	-30	399	1991	399	84639288	
-14728	5446	1544	628	-1182	7704	14206	162	-25	400	1996	400	84639288	
-14749	5612	916	629	-792	7624	14207	162	-24	401	2001	401	84639288	
-14990	5748	406	639	-301	7523	14208	161	-27	402	2006	402	84639297	
-15306	5952	142	918	245	7439	14209	161	-27	403	2011	403	84639331	
-15592	6252	134	1520	729	7351	14210	164	-28	404	2016	404	84639331	
-16150	7030	-152	2311	852	7410	14211	164	-28	405	2021	405	84639331	
-16222	7510	-972	2941	671	7687	14212	171	-19	406	2026	406	84639332	
-15434	7144	-1246	2770	833	7677	14213	171	-19	407	2031	407	84639332	
-15016	7118	-928	2059	1151	7232	14214	175	-21	408	2036	408	84639332	
-15121	7045	-778	1647	989	6808	14215	175	-21	409	2041	409	84639332	
-15372	6694	-729	1466	577	6390	14216	179	-23	410	2046	410	84639343	
-15528	5786	-432	1393	120	5998	14217	180	-24	411	2051	411	84639363	
-15642	4862	-182	1338	-119	5739	14218	180	-30	412	2056	412	84639363	
-15560	3996	-70	1492	-191	5516	14219	180	-30	413	2061	413	84639363	
-15288	3300	408	1840	-49	5300	14220	180	-28	414	2066	414	84639363	
-14916	2734	632	2324	86	5148	14221	180	-28	415	2071	415	84639363	
-14496	2252	1016	2870	100	5025	14222	188	-24	416	2076	416	84639363	
-14034	1798	1234	3406	255	4760	14223	188	-24	417	2081	417	84639363	
-13840	1756	1426	3710	241	4362	14224	189	-25	418	2086	418	84639399	
-13912	1773	1210	4145	-166	3983	14225	188	-24	419	2091	419	84639404	
-14098	1785	1172	4364	-338	3695	14226	182	-22	420	2096	420	84639405	
-14341	1656	991	4509	-261	3427	14227	184	-22	421	2101	421	84639405	
-14550	1494	494	4603	27	3088	14228	192	-22	422	2106	422	84639405	
-14515	1300	28	4567	373	2682	14229	191	-21	423	2111	423	84639406	
-14397	1204	-304	4453	680	2300	14230	187	-19	424	2116	424	84639408	
-14190	1211	-657	4315	903	1894	14231	187	-20	425	2121	425	84639421	
-14142	1218	-930	4125	1082	1540	14232	189	-25	426	2126	426	84639441	
-14246	1478	-908	3625	1219	1140	14233	189	-25	427	2131	427	84639441	
-14274	1703	-591	2865	1179	705	14234	192	-22	428	2136	428	84639441	
-14019	2022	-387	2153	948	400	14235	192	-22	429	2141	429	84639441	
-13664	2335	-29	1461	553	156	14236	193	-21	430	2146	430	84639441	
-13372	2566	527	904	20	42	14237	194	-22	431	2151	431	84639441	
-13168	2756	1128	447	-636	-14	14238	200	-26	432	2156	432	84639449	
-13110	2795	1491	-30	-1300	-20	14239	200	-26	433	2161	433	84639479	
-13354	2556	1518	-619	-1843	-26	14240	198	-24	434	2166	434	84639479	
-13663	2433	1198	-1346	-2139	-107	14241	198	-23	435	2171	435	84639480	
-13976	2149	743	-2103	-2194	-264	14242	197	-21	436	2176	436	84639480	
-14432	1602	276	-2827	-2154	-491	14243	198	-21	437	2181	437	84639480	
-14993	812	-171	-3719	-2019	-846	14244	199	-21	438	2186	438	84639480	
-15662	22	-541	-4656	-1666	-1323	14245	201	-23	439	2191	439	84639481	
-16182	-726	-626	-5462	-1141	-1900	14246	203	-27	440	2196	440	84639484	
-16414	-1279	-53	-6141	-656	-2520	14247	203	-25	441	2201	441	84639499	
-16475	-1608	1138	-6609	-492	-3092	14248	202	-22	442	2206	442	84639518	
-16472	-2015	2624	-6759	-755	-3622	14249	203	-22	443	2211	443	84639522	
-16816	-2703	4788	-6594	-1690	-4267	14250	205	-21	444	2216	444	84639522	
-17665	-3246	6356	-6385	-2784	-4927	14251	205	-23	445	2221	445	84639523	
-18861	-3278	7614	-6154	-3856	-5786	14252	204	-26	446	2226	446	84639523	
-20234	-2572	8258	-5785	-4844	-6826	14253	204	-25	447	2231	447	84639524	
-21863	-1312	8120	-5302	-5832	-7894	14254	204	-24	448	2236	448	84639535	
-23351	-131	7726	-4939	-6641	-8858	14255	204	-25	449	2241	449	84639552	
-24060	851	7650	-4889	-6878	-9747	14256	203	-27	450	2246	450	84639552	
-23933	1828	8226	-4894	-6650	-10445	14257	202	-29	451	2251	451	84639552	
-23721	2929	9008	-4547	-6590	-10804	14259	201	-31	452	2256	452	84639553	
-24430	4532	9340	-3727	-6786	-10600	14260	205	-30	453	2261	453	84639553	
-26969	6028	9245	-2134	-7002	-9986	14261	208	-30	454	2266	454	84639553	
-31002	7266	8160	3	-7359	-9168	14262	206	-27	455	2271	455	84639564	
-32768	8897	5594	2014	-7550	-8126	14263	205	-25	456	2276	456	84639583	
-32768	11637	1928	3580	-7010	-7012	14264	202	-23	457	2281	457	84639590	
-32768	14917	-2452	4205	-5769	-5996	14265	200	-22	458	2286	458	84639590	
-32768	16682	-8047	2982	-3894	-5191	14266	203	-22	459	2291	459	84639590	
-28813	16057	-14587	-2314	118	-4665	14267	206	-22	460	2296	460	84639590	
-18097	14607	-14274	-12096	6067	-4547	14268	205	-27	461	2301	461	84639590	
-8316	12410	-8463	-16630	8682	-4199	14269	204	-30	462	2306	462	84639590	
-2164	9243	-2615	-14174	7760	-3645	14270	203	-32	463	2311	463	84639607	
142	6385	1610	-8398	5039	-2971	14271	203	-33	464	2316	464	84639624	
-253	3120	3214	-2104	1820	-2180	14272	203	-32	465	2321	465	84639628	
-2404	-774	4266	3126	-904	-1515	14273	203	-31	466	2326	466	84639628	
-5607	-4516	6248	6875	-3310	-1201	14274	205	-33	467	2331	467	84639628	
-9585	-7496	8223	9590	-5906	-1408	14275	206	-34	468	2336	468	84639629	
-14341	-10493	9261	11908	-8495	-2428	14276	206	-31	469	2341	469	84639629	
-17352	-12818	9718	12500	-9571	-3891	14277	206	-30	470	2346	470	84639636	
-18770	-12945	10409	11020	-9953	-5277	14278	206	-25	471	2351	471	84639660	
-19419	-11694	9862	8954	-10152	-6219	14279	206	-24	472	2356	472	84639665	
-19954	-9938	8139	7019	-9658	-6601	14280	207	-23	473	2361	473	84639665	
-20120	-7462	6355	5090	-8484	-6555	14281	207	-23	474	2366	474	84639665	
-19553	-4975	4839	3769	-7294	-6316	14282	208	-22	475	2371	475	84639665	
-18243	-2374	3238	2657	-6023	-5977	14283	208	-22	476	2376	476	84639665	
-16195	235	1828	1242	-4397	-5347	14284	210	-21	477	2381	477	84639665	
-14703	1925	1136	-204	-3187	-4666	14285	211	-21	478	2386	478	84639688	
-13572	2410	658	-1429	-2633	-4086	14286	210	-20	479	2391	479	84639700	
-12764	2135	84	-2292	-2402	-3806	14287	210	-20	480	2396	480	84639703	
-12256	1449	-689	-2759	-2334	-3663	14288	212	-25	481	2401	481	84639703	
-12324	780	-1422	-3038	-2648	-3490	14289	212	-26	482	2406	482	84639703	
-12814	280	-1978	-3222	-3300	-3325	14290	212	-26	483	2411	483	84639703	
-13540	18	-2352	-3233	-4054	-3255	14291	212	-26	484	2416	484	84639703	
-14265	-90	-2364	-3072	-4817	-3298	14292	210	-24	485	2421	485	84639711	
-15360	-342	-2176	-2765	-5646	-3441	14293	210	-24	486	2426	486	84639752	
-16382	-690	-1924	-2627	-6090	-3527	14294	207	-21	487	2431	487	84639752	
-17288	-906	-1690	-2513	-6195	-3475	14295	207	-21	488	2436	488	84639753	
-17910	-1250	-1516	-2259	-5948	-3282	14296	217	-27	489	2441	489	84639753	
-18332	-1464	-1364	-1769	-5482	-2978	14297	217	-27	490	2446	490	84639753	
-18940	-1602	-1102	-961	-4854	-2706	14298	212	-22	491	2451	491	84639753	
-19398	-1840	-965	-98	-4323	-2521	14299	212	-22	492	2456	492	84639753	
-19960	-2134	-1039	717	-3835	-2402	14300	212	-24	493	2461	493	84639768	
-20666	-2402	-1006	1296	-3367	-2345	14301	212	-24	494	2466	494	84639796	
-20888	-2286	-922	1431	-2960	-2361	14302	209	-27	495	2471	495	84639797	
-20854	-1934	-766	1500	-2447	-2401	14303	209	-27	496	2476	496	84639798	
-20654	-1456	-552	1447	-1914	-2460	14304	217	-21	497	2481	497	84639799	
-20212	-860	-398	1262	-1461	-2502	14305	217	-21	498	2486	498	84639800	
-19490	-228	-132	1038	-1069	-2544	14306	222	-20	499	2491	499	84639800	
-18566	388	2	928	-668	-2607	14307	222	-20	500	2496	500	84639801	
-17572	602	36	842	-365	-2648	14308	217	-17	501	2501	501	84639802	
-16830	714	152	667	-168	-2655	14309	217	-17	502	2506	502	84639802	
-16254	851	605	549	-144	-2585	14310	216	-22	503	2511	503	84639819	
-15997	792	735	520	-267	-2523	14311	216	-22	504	2516	504	84639827	
-15712	681	833	397	-444	-2497	14312	215	-23	505	2521	505	84639828	
-15554	590	1034	200	-637	-2480	14313	215	-22	506	2526	506	84639828	
-15463	547	1250	82	-916	-2463	14314	214	-18	507	2531	507	84639828	
-15557	547	1479	98	-1232	-2455	14315	214	-18	508	2536	508	84639828	
-15654	884	1832	188	-1503	-2473	14316	216	-20	509	2541	509	84639828	
-15758	1512	2036	510	-1823	-2419	14317	216	-20	510	2546	510	84639838	
-15905	2250	2370	1094	-2076	-2418	14318	211	-19	511	2551	511	84639865	
-16032	2657	2587	1706	-2145	-2366	14319	211	-20	512	2556	512	84639869	
-16267	2822	2763	2326	-2096	-2287	14320	209	-23	513	2561	513	84639887	
-16556	2770	2996	2812	-1943	-2186	14321	211	-23	514	2566	514	84639888	
-16776	2769	3074	3207	-1672	-2057	14322	217	-21	515	2571	515	84639888	
-16963	2751	3057	3412	-1376	-1920	14323	216	-21	516	2576	516	84639888	
-16968	2982	2992	3366	-1117	-1759	14324	211	-21	517	2581	517	84639891	
-16781	3376	2909	3150	-864	-1574	14325	212	-21	518	2586	518	84639902	
-16446	3525	2881	2796	-661	-1344	14326	213	-21	519	2591	519	84639902	
-16174	2893	2904	2225	-608	-1181	14327	214	-19	520	2596	520	84639903	
-15936	2225	3127	1233	-629	-1106	14328	215	-17	521	2601	521	84639903	
-15698	1581	3391	195	-629	-1041	14329	213	-17	522	2606	522	84639903	
-15630	854	3579	-758	-644	-996	14330	211	-17	523	2611	523	84639903	
-15768	-12	3714	-1708	-662	-971	14331	212	-16	524	2616	524	84639908	
-16029	-849	3703	-2539	-680	-941	14332	214	-14	525	2621	525	84639923	
-16319	-1647	3620	-3212	-692	-916	14333	213	-14	526	2626	526	84639940	
-16649	-2558	3255	-3902	-660	-885	14334	210	-14	527	2631	527	84639941	
-16956	-3493	2891	-4536	-556	-901	14335	211	-15	528	2636	528	84639941	
-17289	-4165	2592	-5033	-442	-982	14336	213	-17	529	2641	529	84639941	
-17684	-4692	2211	-5487	-349	-1135	14337	212	-17	530	2646	530	84639942	
-18087	-5082	1828	-5935	-255	-1336	14338	211	-17	531	2651	531	84639943	
-18492	-5238	1421	-6379	-71	-1566	14339	212	-19	532	2656	532	84639953	
-18869	-4947	1081	-6706	263	-1846	14340	213	-21	533	2661	533	84639976	
-19194	-3999	817	-6905	658	-2127	14341	213	-20	534	2666	534	84639986	
-19480	-2535	581	-6968	1054	-2426	14343	212	-18	535	2671	535	84639986	
-19355	-690	346	-6858	1396	-2663	14344	214	-23	536	2676	536	84639986	
-18683	1245	330	-6511	1628	-2749	14345	215	-27	537	2681	537	84639986	
-17654	2932	567	-5874	1711	-2656	14346	214	-28	538	2686	538	84639986	
-16579	4109	951	-4927	1579	-2413	14347	214	-28	539	2691	539	84639986	
-15584	4796	1480	-3641	1284	-2091	14348	213	-26	540	2696	540	84640004	
-14735	5046	2170	-2096	876	-1747	14349	212	-24	541	2701	541	84640016	
-14307	4930	2831	-589	412	-1436	14350	215	-25	542	2706	542	84640016	
-14156	4490	3344	860	-111	-1119	14350	218	-26	543	2711	543	84640016	
-14329	3630	3748	2251	-656	-708	14352	216	-25	544	2716	544	84640017	
-14761	2429	4027	3021	-1006	-309	14353	214	-24	545	2721	545	84640017	
-15102	1078	4196	3016	-1171	-79	14354	216	-22	546	2726	546	84640017	
-15495	-176	4459	2278	-1240	-89	14355	217	-21	547	2731	547	84640017	
-15979	-926	4708	982	-1291	-344	14356	215	-23	548	2736	548	84640039	
-16376	-989	5100	-651	-1236	-735	14357	214	-24	549	2741	549	84640054	
-16552	-774	5639	-2355	-994	-1141	14358	215	-26	550	2746	550	84640054	
-16705	-623	6032	-3857	-563	-1509	14359	215	-27	551	2751	551	84640054	
-16939	-715	6152	-5076	187	-1859	14360	212	-26	552	2756	552	84640054	
-17072	-768	5906	-5439	989	-2071	14361	211	-25	553	2761	553	84640054	
-17159	-725	5612	-5072	1556	-2164	14362	210	-24	554	2766	554	84640054	
-17203	-613	5133	-4236	1783	-2150	14363	210	-24	555	2771	555	84640061	
-17176	-430	4470	-3193	1772	-2077	14364	209	-26	556	2776	556	84640085	
-17013	-164	3805	-2220	1675	-1971	14365	209	-27	557	2781	557	84640091	
-16792	182	3164	-1394	1608	-1805	14366	211	-24	558	2786	558	84640091	
-16402	415	2697	-686	1566	-1630	14367	211	-23	559	2791	559	84640091	
-15996	647	2205	167	1504	-1426	14368	212	-24	560	2796	560	84640091	
-15612	775	1857	1415	1375	-1161	14369	212	-24	561	2801	561	84640091	
-15350	875	1695	2668	1228	-897	14370	215	-24	562	2806	562	84640092	
-15162	789	1637	3795	987	-644	14371	216	-24	563	2811	563	84640126	
-15152	708	1766	4716	616	-419	14372	213	-26	564	2816	564	84640135	
-15288	486	1566	5381	145	-221	14373	212	-26	565	2821	565	84640135	
-15378	181	1604	5722	-327	-93	14374	212	-26	566	2826	566	84640135	
-15683	140	1598	5719	-809	-60	14375	212	-26	567	2831	567	84640136	
-15996	168	1475	5467	-1261	-81	14376	210	-26	568	2836	568	84640136	
-16338	198	1488	4833	-1719	-156	14377	210	-26	569	2841	569	84640136	
-16642	276	1576	4163	-2038	-263	14378	213	-19	570	2846	570	84640140	
-16560	304	1790	3502	-2239	-379	14379	213	-19	571	2851	571	84640170	
-16650	414	2040	2889	-2421	-516	14380	211	-29	572	2856	572	84640171	
-16722	304	2144	2328	-2591	-638	14381	211	-29	573	2861	573	84640171	
-16720	116	2276	1787	-2698	-752	14382	209	-25	574	2866	574	84640171	
-16750	-56	2426	1242	-2771	-860	14383	209	-25	575	2871	575	84640171	
-16837	-291	2553	725	-2788	-937	14384	212	-23	576	2876	576	84640172	
-16916	-554	2718	-9	-2767	-1024	14385	212	-22	577	2881	577	84640172	
-17026	-708	2952	-621	-2685	-1055	14386	211	-23	578	2886	578	84640218	
-17014	-868	3068	-1170	-2560	-1058	14387	211	-23	579	2891	579	84640257	
-16988	-1004	3270	-1555	-2459	-1008	14388	209	-23	580	2896	580	84640258	
-16860	-1032	3406	-1784	-2388	-959	14389	209	-23	581	2901	581	84640258	
-16674	-1254	3386	-1851	-2303	-879	14390	220	-22	582	2906	582	84640258	
-16466	-1362	3320	-1804	-2262	-761	14391	220	-22	583	2911	583	84640258	
-16278	-1262	3334	-1734	-2287	-644	14392	216	-24	584	2916	584	84640258	
-16144	-1194	3318	-1641	-2331	-501	14393	216	-24	585	2921	585	84640258	
-16053	-1275	3132	-1522	-2399	-320	14394	216	-24	586	2926	586	84640273	
-15934	-1280	3054	-1473	-2456	-206	14395	216	-24	587	2931	587	84640297	
