-12697	-2835	11062	251	-337	-411	55	255	-67	1	1	1	83590995	
-12690	-2802	11042	250	-324	-415	53	259	-66	2	6	2	83590995	
-12695	-2779	11006	246	-312	-416	51	261	-65	3	11	3	83590995	
-12662	-2837	11042	242	-310	-418	53	253	-68	4	16	4	83590995	
-12647	-2834	11053	233	-306	-413	54	248	-70	5	21	5	83591016	
-12668	-2830	11060	227	-302	-415	56	249	-67	6	26	6	83591030	
-12703	-2844	10993	237	-298	-417	57	249	-65	7	31	7	83591030	
-12695	-2847	10946	247	-288	-412	53	250	-69	8	36	8	83591030	
-12650	-2827	10982	251	-276	-410	48	252	-74	9	41	9	83591030	
-12632	-2807	11000	253	-268	-413	49	254	-70	10	46	10	83591030	
-12636	-2793	11034	256	-262	-426	50	256	-68	11	51	11	83591030	
-12635	-2828	11018	257	-264	-435	54	255	-67	12	56	12	83591030	
-12620	-2796	11009	251	-257	-440	56	254	-66	13	61	13	83591047	
-12647	-2790	11036	251	-249	-438	55	256	-68	14	66	14	83591063	
-12654	-2830	11040	259	-249	-440	55	257	-69	15	71	15	83591067	
-12597	-2820	11001	263	-243	-441	54	254	-72	16	76	16	83591067	
-12662	-2749	10997	264	-228	-445	54	252	-74	17	81	17	83591067	
-12666	-2795	10995	277	-226	-453	53	256	-74	18	86	18	83591067	
-12648	-2794	11083	270	-220	-453	52	258	-74	19	91	19	83591068	
-12630	-2821	11110	263	-208	-457	51	257	-71	20	96	20	83591074	
-12621	-2828	10993	270	-211	-465	51	257	-69	21	101	21	83591094	
-12633	-2845	10970	268	-213	-457	50	256	-68	22	106	22	83591104	
-12686	-2867	10980	271	-209	-450	50	256	-68	23	111	23	83591104	
-12710	-2860	11010	277	-200	-447	52	253	-65	24	116	24	83591105	
-12688	-2843	10990	280	-202	-455	53	251	-63	25	121	25	83591105	
-12634	-2873	10924	269	-208	-463	58	253	-67	26	126	26	83591105	
-12676	-2881	10938	275	-205	-461	60	254	-68	27	131	27	83591113	
-12658	-2915	10910	280	-205	-457	57	256	-71	28	136	28	83591136	
-12679	-2958	10976	278	-206	-470	56	256	-72	29	141	29	83591141	
-12679	-2879	10991	273	-211	-464	58	254	-66	30	146	30	83591141	
-12680	-2840	10926	273	-215	-456	59	253	-63	31	151	31	83591141	
-12654	-2847	10940	274	-216	-450	57	254	-67	32	156	32	83591141	
-12629	-2856	10974	273	-221	-447	55	255	-69	33	161	33	83591141	
-12636	-2823	10984	269	-240	-443	51	254	-67	34	166	34	83591141	
-12614	-2855	10914	271	-247	-431	50	254	-66	35	171	35	83591157	
-12638	-2863	10978	269	-264	-425	51	255	-65	36	176	36	83591177	
-12635	-2889	10979	256	-263	-421	51	255	-65	37	181	37	83591181	
-12627	-2899	10972	247	-264	-423	56	255	-67	38	186	38	83591182	
-12624	-2906	10894	255	-273	-414	57	255	-67	39	191	39	83591182	
-12661	-2884	10911	260	-277	-411	52	253	-70	40	196	40	83591182	
-12692	-2844	10966	253	-287	-398	51	253	-71	41	201	41	83591182	
-12732	-2834	11007	261	-283	-407	52	252	-65	42	206	42	83591182	
-12678	-2834	10955	257	-296	-403	52	252	-64	43	211	43	83591211	
-12696	-2818	10959	253	-298	-391	57	255	-67	44	216	44	83591218	
-12715	-2840	10927	256	-298	-394	58	256	-68	45	221	45	83591218	
-12745	-2806	10958	258	-292	-393	55	253	-66	46	226	46	83591219	
-12730	-2822	10973	258	-289	-392	54	252	-66	47	231	47	83591219	
-12714	-2796	10985	259	-282	-387	52	253	-70	48	236	48	83591219	
-12701	-2794	10964	261	-300	-394	51	253	-71	49	241	49	83591219	
-12693	-2778	11008	258	-299	-394	51	253	-71	50	246	50	83591292	
-12700	-2868	10934	264	-285	-410	51	253	-71	51	251	51	83591310	
-12738	-2798	10928	269	-296	-391	59	251	-67	52	256	52	83591310	
-12732	-2876	10930	277	-293	-403	59	251	-67	53	261	53	83591310	
-12669	-2843	11000	279	-290	-400	55	254	-71	54	266	54	83591310	
-12662	-2798	10942	279	-283	-410	54	254	-72	55	271	55	83591310	
-12699	-2825	10967	273	-285	-404	49	256	-69	56	276	56	83591310	
-12689	-2800	10976	266	-292	-406	48	256	-68	57	281	57	83591310	
-12713	-2826	10933	283	-295	-405	49	255	-70	58	286	58	83591329	
-12742	-2866	10970	284	-297	-399	49	255	-71	59	291	59	83591348	
-12730	-2876	10928	295	-306	-385	57	257	-71	60	296	60	83591348	
-12726	-2878	10926	301	-293	-386	57	257	-71	61	301	61	83591348	
-12710	-2872	10876	292	-307	-395	50	256	-70	62	306	62	83591348	
-12700	-2862	10952	298	-334	-369	50	256	-70	63	311	63	83591348	
-12630	-2868	10946	297	-332	-362	54	258	-66	64	316	64	83591348	
-12674	-2858	10964	295	-339	-362	54	258	-66	65	321	65	83591348	
-12692	-2881	10954	283	-346	-350	56	255	-68	66	326	66	83591348	
-12675	-2916	10946	271	-345	-334	56	254	-68	67	331	67	83591349	
-12674	-2950	10982	274	-353	-332	54	254	-64	68	336	68	83591349	
-12654	-2880	10920	275	-365	-319	54	254	-64	69	341	69	83591349	
-12718	-2884	10916	268	-364	-319	53	257	-67	70	346	70	83591349	
-12650	-2916	10960	255	-380	-305	53	257	-67	71	351	71	83591357	
-12732	-2870	10950	250	-381	-282	54	250	-66	72	356	72	83591357	
-12678	-2850	11012	253	-398	-280	54	250	-66	73	361	73	83591357	
-12640	-2888	10958	238	-410	-284	58	252	-68	74	366	74	83591385	
-12696	-2776	10894	246	-424	-272	58	252	-68	75	371	75	83591385	
-12725	-2825	10962	254	-416	-263	54	250	-68	76	376	76	83591385	
-12692	-2800	10900	259	-426	-262	54	250	-68	77	381	77	83591385	
-12674	-2792	10910	244	-417	-257	53	251	-67	78	386	78	83591385	
-12658	-2852	10958	230	-426	-265	53	251	-67	79	391	79	83591385	
-12736	-2794	10980	226	-429	-257	50	248	-66	80	396	80	83591385	
-12650	-2848	11052	225	-438	-269	50	248	-66	81	401	81	83591385	
-12788	-2830	10956	225	-432	-254	58	250	-68	82	406	82	83591385	
-12762	-2774	10920	225	-437	-277	58	250	-68	83	411	83	83591398	
-12642	-2793	11008	215	-436	-281	52	254	-76	84	416	84	83591426	
-12694	-2790	10936	217	-432	-282	53	254	-74	85	421	85	83591426	
-12694	-2771	11004	218	-428	-286	58	252	-68	86	426	86	83591426	
-12733	-2807	11030	206	-420	-301	57	252	-68	87	431	87	83591426	
-12723	-2760	11040	213	-412	-318	53	253	-69	88	436	88	83591426	
-12656	-2712	11018	201	-402	-331	53	253	-69	89	441	89	83591426	
-12688	-2718	10888	215	-399	-350	55	251	-67	90	446	90	83591426	
-12624	-2740	10988	218	-398	-368	55	251	-67	91	451	91	83591444	
-12662	-2690	11102	221	-397	-378	48	250	-70	92	456	92	83591464	
-12648	-2663	11062	224	-393	-397	48	251	-71	93	461	93	83591464	
-12625	-2691	11047	230	-384	-407	47	257	-73	94	466	94	83591464	
-12665	-2756	11004	235	-373	-428	48	257	-72	95	471	95	83591464	
-12645	-2738	10980	239	-368	-452	54	258	-70	96	476	96	83591464	
-12638	-2727	11009	236	-355	-457	54	258	-69	97	481	97	83591464	
-12632	-2734	11096	252	-343	-473	54	256	-64	98	486	98	83591464	
-12662	-2730	11083	244	-338	-478	53	256	-65	99	491	99	83591470	
-12632	-2799	11081	246	-333	-488	50	256	-68	100	496	100	83591492	
-12656	-2804	11026	251	-317	-506	50	256	-67	101	501	101	83591502	
-12676	-2833	11001	246	-309	-510	50	254	-64	102	506	102	83591502	
-12657	-2823	10943	249	-300	-514	51	254	-65	103	511	103	83591502	
-12659	-2830	10997	255	-301	-517	54	252	-70	104	516	104	83591502	
-12692	-2836	10960	262	-304	-514	53	251	-70	105	521	105	83591502	
-12727	-2810	11024	265	-288	-523	51	249	-71	106	526	106	83591504	
-12760	-2867	11025	261	-282	-521	50	249	-70	107	531	107	83591516	
-12699	-2900	11024	261	-284	-521	48	248	-68	108	536	108	83591538	
-12727	-2879	10982	253	-282	-512	48	248	-66	109	541	109	83591538	
-12709	-2837	10920	256	-290	-515	49	247	-61	110	546	110	83591538	
-12728	-2848	10922	261	-300	-519	50	248	-64	111	551	111	83591538	
-12716	-2849	10899	261	-299	-515	52	250	-68	112	556	112	83591539	
-12636	-2842	10941	259	-309	-505	51	251	-68	113	561	113	83591539	
-12572	-2867	10888	255	-322	-489	49	255	-69	114	566	114	83591546	
-12596	-2905	10909	261	-323	-475	49	255	-69	115	571	115	83591574	
-12679	-2933	10885	264	-329	-479	49	253	-67	116	576	116	83591581	
-12585	-2904	10963	268	-335	-460	49	252	-67	117	581	117	83591581	
-12587	-2904	10954	257	-349	-449	50	248	-68	118	586	118	83591582	
-12585	-2910	10918	258	-360	-445	51	250	-68	119	591	119	83591582	
-12585	-2904	10897	267	-368	-442	53	253	-67	120	596	120	83591582	
-12647	-2882	10912	268	-375	-435	54	254	-69	121	601	121	83591585	
-12653	-2855	10904	270	-385	-423	55	255	-71	122	606	122	83591600	
-12638	-2870	10915	269	-395	-413	53	252	-71	123	611	123	83591617	
-12676	-2877	10961	280	-399	-403	50	248	-70	124	616	124	83591618	
-12699	-2860	10999	289	-409	-394	51	249	-71	125	621	125	83591618	
-12660	-2904	10985	287	-406	-393	54	250	-72	126	626	126	83591618	
-12700	-2885	10954	280	-404	-383	53	249	-70	127	631	127	83591619	
-12710	-2865	10954	274	-409	-370	52	248	-66	128	636	128	83591622	
-12706	-2849	11002	275	-418	-356	54	251	-68	129	641	129	83591638	
-12686	-2843	10974	270	-419	-345	56	256	-72	130	646	130	83591655	
-12726	-2824	10966	273	-412	-340	55	257	-72	131	651	131	83591655	
-12728	-2842	10967	274	-409	-335	53	259	-73	132	656	132	83591655	
-12695	-2866	10958	267	-403	-336	54	257	-71	133	661	133	83591655	
-12699	-2858	11007	269	-395	-337	55	255	-69	134	666	134	83591655	
-12683	-2867	10996	271	-386	-334	52	254	-70	135	671	135	83591655	
-12713	-2898	10957	271	-386	-336	50	254	-70	136	676	136	83591655	
-12710	-2861	10994	269	-394	-330	52	251	-70	137	681	137	83591665	
-12646	-2816	11028	269	-393	-320	55	247	-69	138	686	138	83591685	
-12628	-2854	10986	273	-386	-325	55	247	-70	139	691	139	83591693	
-12615	-2826	11010	275	-379	-329	54	248	-72	140	696	140	83591693	
-12581	-2792	10990	272	-365	-326	54	251	-71	141	701	141	83591693	
-12594	-2799	10986	272	-362	-323	53	255	-69	142	706	142	83591693	
-12579	-2818	10996	275	-358	-323	55	254	-71	143	711	143	83591693	
-12600	-2816	11023	276	-362	-326	56	254	-72	144	716	144	83591698	
-12602	-2817	10996	269	-358	-328	54	252	-68	145	721	145	83591717	
-12607	-2830	10992	266	-353	-323	52	250	-66	146	726	146	83591728	
-12616	-2822	11009	269	-348	-327	49	252	-68	147	731	147	83591729	
-12639	-2857	10965	264	-353	-328	47	253	-69	148	736	148	83591729	
-12685	-2852	10963	265	-354	-324	49	252	-69	149	741	149	83591729	
-12690	-2787	10973	277	-349	-335	51	251	-69	150	746	150	83591729	
-12686	-2790	10874	263	-344	-348	52	247	-67	151	751	151	83591729	
-12738	-2804	10942	249	-332	-349	53	245	-65	152	756	152	83591749	
-12740	-2820	10988	245	-333	-359	52	250	-66	153	761	153	83591764	
-12726	-2848	10981	253	-335	-364	52	254	-66	154	766	154	83591764	
-12724	-2840	10996	257	-329	-361	51	253	-68	155	771	155	83591764	
-12762	-2772	11000	250	-324	-365	50	252	-70	156	776	156	83591764	
-12769	-2760	10992	253	-328	-374	54	252	-71	157	781	157	83591764	
-12716	-2772	10940	258	-329	-383	56	252	-72	158	786	158	83591764	
-12663	-2826	11012	251	-324	-378	56	252	-69	159	791	159	83591774	
-12665	-2757	11038	248	-316	-393	56	252	-68	160	796	160	83591801	
-12651	-2716	11017	242	-317	-393	54	251	-68	161	801	161	83591813	
-12633	-2725	11043	249	-317	-396	52	250	-68	162	806	162	83591813	
-12616	-2755	11054	258	-311	-401	50	258	-71	163	811	163	83591813	
-12648	-2772	10986	256	-315	-402	49	263	-73	164	816	164	83591814	
-12629	-2801	10992	260	-315	-415	47	258	-71	165	821	165	83591814	
-12623	-2842	10998	270	-315	-424	46	254	-70	166	826	166	83591814	
-12607	-2843	10934	276	-310	-430	51	252	-71	167	831	167	83591845	
-12588	-2793	10952	270	-307	-449	53	251	-71	168	836	168	83591855	
-12652	-2852	10990	270	-308	-455	51	259	-73	169	841	169	83591855	
-12682	-2852	10947	269	-303	-465	51	261	-73	170	846	170	83591855	
-12675	-2816	11012	270	-309	-457	52	257	-67	171	851	171	83591855	
-12665	-2801	10967	269	-315	-456	52	256	-66	172	856	172	83591855	
-12670	-2818	10974	272	-314	-460	51	254	-69	173	861	173	83591855	
-12662	-2818	11030	273	-313	-465	51	253	-71	174	866	174	83591855	
-12665	-2809	10995	280	-323	-460	58	252	-72	175	871	175	83591861	
-12652	-2809	10955	287	-337	-456	62	252	-72	176	876	176	83591886	
-12679	-2782	10978	274	-345	-450	59	254	-70	177	881	177	83591893	
-12661	-2851	11014	272	-345	-446	58	254	-70	178	886	178	83591893	
-12656	-2870	11017	267	-346	-443	59	256	-74	179	891	179	83591894	
-12670	-2899	10968	269	-351	-443	59	257	-75	180	896	180	83591894	
-12717	-2808	10927	274	-355	-433	54	254	-67	181	901	181	83591894	
-12674	-2840	11021	270	-366	-423	53	253	-65	182	906	182	83591895	
-12676	-2852	11006	267	-361	-420	53	256	-68	183	911	183	83591895	
-12693	-2863	11010	260	-353	-416	53	257	-69	184	916	184	83591895	
-12726	-2898	11004	255	-362	-403	53	251	-71	185	921	185	83591923	
-12686	-2887	10925	252	-355	-390	53	249	-71	186	926	186	83591930	
-12661	-2898	10936	257	-348	-387	51	251	-69	187	931	187	83591930	
-12631	-2888	10938	259	-347	-384	51	251	-69	188	936	188	83591930	
-12661	-2884	10939	261	-348	-383	49	252	-71	189	941	189	83591930	
-12638	-2886	11015	267	-341	-377	48	252	-72	190	946	190	83591930	
-12638	-2851	11044	255	-340	-371	45	254	-75	191	951	191	83591930	
-12600	-2880	11038	251	-333	-375	44	254	-76	192	956	192	83591938	
-12610	-2850	11010	260	-340	-368	57	253	-71	193	961	193	83591969	
-12616	-2822	10962	274	-324	-370	57	253	-71	194	966	194	83591975	
-12624	-2807	11054	263	-328	-385	54	255	-73	195	971	195	83591975	
-12626	-2828	11006	275	-334	-382	53	255	-73	196	976	196	83591976	
-12615	-2844	10948	282	-344	-377	54	254	-69	197	981	197	83591976	
-12628	-2820	11008	268	-338	-386	54	254	-68	198	986	198	83591976	
-12642	-2811	10983	266	-331	-381	55	255	-67	199	991	199	83591976	
-12649	-2741	11030	272	-329	-385	55	255	-67	200	996	200	83591983	
-12688	-2820	10988	265	-328	-385	55	257	-67	201	1001	201	83592005	
-12662	-2806	11036	270	-333	-373	55	257	-67	202	1006	202	83592005	
-12678	-2796	11014	272	-322	-380	52	256	-68	203	1011	203	83592005	
-12630	-2848	11070	272	-337	-384	52	256	-68	204	1016	204	83592005	
-12702	-2820	10962	276	-323	-386	53	253	-65	205	1021	205	83592005	
-12726	-2868	10938	286	-320	-390	53	253	-65	206	1026	206	83592005	
-12728	-2845	10885	281	-318	-378	54	254	-66	207	1031	207	83592013	
-12738	-2822	10946	272	-328	-389	54	254	-66	208	1036	208	83592040	
-12642	-2842	11034	285	-333	-388	53	253	-65	209	1041	209	83592046	
-12652	-2828	11066	270	-334	-379	53	253	-65	210	1046	210	83592046	
-12644	-2918	10946	261	-319	-381	60	256	-68	211	1051	211	83592046	
-12660	-2910	10916	269	-335	-390	60	256	-68	212	1056	212	83592046	
-12632	-2856	10966	267	-330	-401	54	250	-70	213	1061	213	83592046	
-12648	-2722	10898	254	-331	-390	54	250	-70	214	1066	214	83592046	
-12714	-2770	10902	276	-329	-388	58	252	-68	215	1071	215	83592083	
-12626	-2742	10966	280	-327	-387	58	252	-68	216	1076	216	83592084	
-12636	-2842	10984	273	-345	-384	53	253	-73	217	1081	217	83592084	
-12647	-2771	11007	271	-347	-393	53	253	-73	218	1086	218	83592084	
-12634	-2794	10964	255	-353	-388	53	251	-71	219	1091	219	83592084	
-12610	-2774	11014	253	-374	-401	53	251	-71	220	1096	220	83592084	
-12606	-2858	11002	260	-376	-389	48	248	-68	221	1101	221	83592084	
-12696	-2776	10994	265	-373	-392	48	248	-68	222	1106	222	83592084	
-12724	-2778	10968	253	-383	-390	53	253	-69	223	1111	223	83592094	
-12630	-2788	10912	249	-373	-399	53	253	-69	224	1116	224	83592122	
-12644	-2816	10938	252	-367	-401	56	250	-70	225	1121	225	83592129	
-12658	-2750	10962	249	-371	-401	55	250	-71	226	1126	226	83592129	
-12679	-2764	10979	248	-379	-411	50	248	-74	227	1131	227	83592129	
-12678	-2770	11035	251	-374	-412	50	249	-73	228	1136	228	83592129	
-12690	-2823	11017	246	-374	-416	48	254	-70	229	1141	229	83592129	
-12688	-2823	11011	260	-366	-423	49	254	-71	230	1146	230	83592132	
-12748	-2836	10958	237	-361	-424	56	252	-74	231	1151	231	83592146	
-12718	-2740	10972	253	-349	-420	56	252	-74	232	1156	232	83592158	
-12734	-2734	11074	241	-353	-426	54	256	-70	233	1161	233	83592158	
-12741	-2795	11028	244	-336	-426	54	256	-69	234	1166	234	83592158	
-12754	-2804	11070	253	-339	-434	55	255	-67	235	1171	235	83592158	
-12709	-2794	11042	242	-341	-426	54	254	-68	236	1176	236	83592158	
-12743	-2827	11050	249	-341	-424	52	250	-70	237	1181	237	83592161	
-12709	-2828	11018	244	-339	-431	53	251	-69	238	1186	238	83592174	
-12717	-2816	11030	258	-336	-438	58	254	-64	239	1191	239	83592196	
-12697	-2832	10962	257	-324	-442	57	253	-65	240	1196	240	83592196	
-12582	-2808	10971	252	-317	-432	55	251	-71	241	1201	241	83592196	
-12614	-2838	10967	261	-321	-434	55	252	-71	242	1206	242	83592196	
-12573	-2844	10908	266	-320	-431	57	255	-71	243	1211	243	83592196	
-12582	-2883	10948	261	-326	-426	57	255	-71	244	1216	244	83592196	
-12660	-2860	10948	261	-316	-420	59	253	-69	245	1221	245	83592202	
-12632	-2879	10963	252	-326	-423	58	253	-68	246	1226	246	83592224	
-12649	-2892	10929	256	-324	-422	52	254	-66	247	1231	247	83592234	
-12633	-2892	10942	251	-313	-405	52	254	-66	248	1236	248	83592234	
-12644	-2859	10987	257	-321	-395	52	252	-68	249	1241	249	83592234	
-12648	-2831	11020	255	-316	-401	53	253	-67	250	1246	250	83592235	
-12658	-2892	10996	255	-330	-405	54	256	-64	251	1251	251	83592235	
-12649	-2905	10965	258	-336	-400	54	257	-66	252	1256	252	83592238	
-12657	-2889	10982	248	-341	-402	54	258	-68	253	1261	253	83592253	
-12675	-2882	10960	258	-339	-393	54	256	-68	254	1266	254	83592273	
-12678	-2842	11000	255	-337	-400	52	246	-66	255	1271	255	83592273	
-12711	-2858	10936	253	-341	-391	52	247	-66	256	1276	256	83592273	
-12718	-2827	10954	253	-334	-384	52	250	-64	257	1281	257	83592273	
-12722	-2825	11021	262	-349	-388	52	250	-65	258	1286	258	83592274	
-12705	-2830	11009	257	-355	-383	53	251	-67	259	1291	259	83592274	
-12687	-2813	11015	256	-357	-376	52	251	-69	260	1296	260	83592288	
-12712	-2786	10979	256	-363	-376	51	251	-71	261	1301	261	83592312	
-12706	-2814	10927	254	-367	-383	53	251	-70	262	1306	262	83592317	
-12681	-2861	10968	247	-367	-376	56	252	-68	263	1311	263	83592317	
-12693	-2849	11008	242	-372	-373	54	252	-70	264	1316	264	83592318	
-12638	-2825	10995	239	-378	-376	50	252	-72	265	1321	265	83592318	
-12616	-2806	10950	240	-375	-379	51	252	-71	266	1326	266	83592318	
-12687	-2790	10960	248	-380	-376	53	253	-69	267	1331	267	83592318	
-12679	-2834	11017	252	-381	-376	53	255	-68	268	1336	268	83592318	
-12663	-2853	11017	250	-371	-378	53	259	-67	269	1341	269	83592334	
-12668	-2834	10985	257	-357	-384	54	257	-69	270	1346	270	83592357	
-12680	-2804	10973	268	-343	-386	56	254	-72	271	1351	271	83592357	
-12659	-2778	11002	267	-347	-384	56	252	-72	272	1356	272	83592357	
-12636	-2812	11029	263	-352	-384	57	249	-73	273	1361	273	83592358	
-12635	-2797	10982	255	-344	-395	57	251	-71	274	1366	274	83592358	
-12641	-2817	10991	251	-336	-399	58	254	-68	275	1371	275	83592358	
-12599	-2844	11035	251	-321	-396	52	255	-68	276	1376	276	83592358	
-12642	-2792	10994	251	-316	-395	48	256	-68	277	1381	277	83592358	
-12697	-2768	10963	253	-316	-402	52	254	-70	278	1386	278	83592369	
-12698	-2802	10994	257	-311	-400	57	251	-73	279	1391	279	83592390	
-12664	-2836	11010	262	-304	-387	55	251	-70	280	1396	280	83592395	
-12671	-2806	11014	268	-296	-385	52	252	-66	281	1401	281	83592395	
-12686	-2773	10999	273	-284	-393	53	255	-67	282	1406	282	83592395	
-12685	-2803	10983	266	-276	-404	55	259	-69	283	1411	283	83592395	
-12693	-2772	10985	256	-273	-405	53	256	-67	284	1416	284	83592395	
-12649	-2790	10985	256	-261	-402	50	252	-64	285	1421	285	83592395	
-12692	-2827	10985	261	-258	-406	52	254	-68	286	1426	286	83592411	
-12716	-2833	10966	264	-253	-409	54	256	-70	287	1431	287	83592430	
-12699	-2798	10975	264	-258	-415	51	252	-67	288	1436	288	83592436	
-12660	-2800	11015	261	-262	-412	49	249	-65	289	1441	289	83592436	
-12614	-2850	11000	258	-261	-404	51	249	-67	290	1446	290	83592436	
-12623	-2860	10976	255	-262	-399	55	249	-69	291	1451	291	83592436	
-12653	-2848	11024	253	-265	-399	53	252	-69	292	1456	292	83592438	
-12626	-2872	10981	256	-266	-400	50	254	-68	293	1461	293	83592442	
-12625	-2872	10950	258	-269	-395	51	252	-68	294	1466	294	83592461	
-12621	-2817	10969	263	-278	-388	52	250	-68	295	1471	295	83592473	
-12653	-2777	10902	261	-290	-381	54	252	-70	296	1476	296	83592474	
-12638	-2797	10897	257	-299	-386	55	253	-71	297	1481	297	83592474	
-12590	-2826	11025	266	-305	-390	54	250	-68	298	1486	298	83592474	
-12659	-2832	11002	266	-312	-385	54	248	-66	299	1491	299	83592474	
-12685	-2847	10933	269	-314	-387	57	251	-67	300	1496	300	83592479	
-12684	-2874	10914	273	-325	-385	59	253	-67	301	1501	301	83592505	
-12670	-2864	10886	271	-335	-376	55	254	-68	302	1506	302	83592521	
-12687	-2834	10884	281	-353	-378	53	255	-69	303	1511	303	83592521	
-12678	-2817	10932	284	-370	-379	52	252	-68	304	1516	304	83592521	
-12676	-2799	10911	274	-375	-375	52	250	-68	305	1521	305	83592521	
-12672	-2810	10898	264	-378	-374	51	255	-67	306	1526	306	83592521	
-12637	-2813	10960	267	-380	-367	50	258	-66	307	1531	307	83592521	
-12660	-2868	10974	262	-387	-357	52	255	-68	308	1536	308	83592550	
-12721	-2856	10866	253	-402	-359	53	253	-69	309	1541	309	83592598	
-12710	-2843	11034	258	-397	-357	54	249	-68	310	1546	310	83592608	
-12693	-2874	11049	264	-393	-348	54	248	-68	311	1551	311	83592608	
-12677	-2843	11020	269	-399	-355	55	253	-70	312	1556	312	83592608	
-12640	-2823	10968	269	-400	-359	55	255	-71	313	1561	313	83592608	
-12640	-2846	10910	270	-394	-359	51	252	-73	314	1566	314	83592608	
-12712	-2844	10945	261	-397	-360	48	250	-74	315	1571	315	83592608	
-12674	-2838	11042	256	-404	-360	51	253	-70	316	1576	316	83592608	
-12636	-2794	10949	264	-396	-363	53	255	-67	317	1581	317	83592608	
-12642	-2816	10994	272	-388	-364	59	254	-65	318	1586	318	83592608	
-12661	-2860	11050	274	-391	-370	60	254	-64	319	1591	319	83592640	
-12628	-2801	11040	271	-388	-378	56	253	-70	320	1596	320	83592648	
-12594	-2790	11042	273	-381	-376	55	253	-71	321	1601	321	83592648	
-12647	-2787	11052	270	-369	-385	53	256	-66	322	1606	322	83592649	
-12646	-2776	11001	263	-371	-385	53	257	-65	323	1611	323	83592650	
-12674	-2837	11051	262	-371	-391	56	253	-66	324	1616	324	83592650	
-12649	-2820	11048	259	-363	-399	57	251	-67	325	1621	325	83592651	
-12669	-2803	11050	259	-357	-406	53	251	-66	326	1626	326	83592651	
-12708	-2786	11013	243	-348	-408	51	251	-65	327	1631	327	83592651	
-12746	-2786	10992	248	-351	-404	54	253	-67	328	1636	328	83592652	
-12685	-2799	11004	252	-330	-415	55	253	-67	329	1641	329	83592652	
-12716	-2818	11050	257	-322	-420	54	246	-69	330	1646	330	83592653	
-12734	-2856	10970	256	-312	-417	54	244	-70	331	1651	331	83592653	
-12661	-2834	11028	264	-319	-418	52	250	-69	332	1656	332	83592657	
-12616	-2829	11029	271	-303	-420	51	251	-69	333	1661	333	83592659	
-12686	-2822	11010	251	-293	-418	53	255	-71	334	1666	334	83592659	
-12660	-2838	11062	256	-298	-423	53	255	-71	335	1671	335	83592660	
-12652	-2841	10960	254	-291	-426	55	253	-71	336	1676	336	83592683	
-12639	-2796	10948	258	-293	-422	55	253	-71	337	1681	337	83592688	
-12607	-2821	11003	269	-294	-430	48	254	-73	338	1686	338	83592688	
-12626	-2840	10966	258	-288	-438	46	254	-74	339	1691	339	83592689	
-12702	-2839	10997	251	-299	-427	52	253	-68	340	1696	340	83592689	
-12698	-2812	11021	260	-306	-433	53	253	-67	341	1701	341	83592689	
-12663	-2846	11013	269	-301	-429	54	254	-66	342	1706	342	83592689	
-12676	-2810	10936	261	-298	-430	54	254	-66	343	1711	343	83592699	
-12738	-2856	10996	268	-301	-421	55	257	-71	344	1716	344	83592740	
-12666	-2814	10942	243	-303	-416	55	257	-71	345	1721	345	83592740	
-12740	-2788	10958	260	-304	-411	51	251	-69	346	1726	346	83592740	
-12657	-2855	10935	258	-301	-409	51	251	-69	347	1731	347	83592740	
-12650	-2828	11064	253	-301	-410	53	256	-67	348	1736	348	83592740	
-12652	-2826	11029	257	-299	-413	53	257	-67	349	1741	349	83592740	
-12655	-2865	10966	255	-306	-408	53	255	-67	350	1746	350	83592740	
-12740	-2858	11018	264	-316	-398	53	255	-67	351	1751	351	83592740	
-12692	-2856	11034	264	-300	-390	52	252	-70	352	1756	352	83592771	
-12698	-2842	10986	256	-311	-382	52	252	-70	353	1761	353	83592780	
-12676	-2882	11040	273	-317	-384	56	252	-66	354	1766	354	83592781	
-12754	-2890	10984	269	-308	-383	56	252	-66	355	1771	355	83592781	
-12680	-2876	11012	267	-321	-376	60	254	-70	356	1776	356	83592781	
-12570	-2834	11032	254	-324	-381	60	254	-70	357	1781	357	83592781	
-12718	-2882	10966	253	-328	-377	53	253	-67	358	1786	358	83592781	
-12602	-2864	10982	259	-325	-374	53	253	-67	359	1791	359	83592782	
-12634	-2832	10986	267	-327	-369	53	253	-69	360	1796	360	83592782	
-12684	-2816	10892	254	-321	-371	53	253	-69	361	1801	361	83592782	
-12676	-2818	10912	259	-337	-371	50	258	-66	362	1806	362	83592796	
-12656	-2818	10920	254	-327	-360	50	258	-66	363	1811	363	83592806	
-12652	-2816	11016	272	-338	-365	53	249	-71	364	1816	364	83592806	
-12664	-2764	11030	251	-337	-370	53	249	-71	365	1821	365	83592806	
-12652	-2812	10984	251	-328	-370	50	246	-68	366	1826	366	83592806	
-12648	-2834	11002	266	-331	-358	50	246	-68	367	1831	367	83592806	
