-10431	-5947	-13789	1024	-452	-2131	53	-6	-87	1	1	1	83625133	
-10469	-5930	-13820	935	-424	-2133	50	-8	-86	2	6	2	83625138	
-10490	-5896	-13736	835	-376	-2140	50	-7	-86	3	11	3	83625160	
-10495	-5956	-13741	722	-315	-2141	48	-4	-86	4	16	4	83625170	
-10517	-5963	-13806	591	-239	-2125	49	-4	-86	5	21	5	83625171	
-10506	-5967	-13785	475	-200	-2097	51	-3	-85	6	26	6	83625171	
-10475	-5990	-13808	363	-184	-2058	52	-5	-86	7	31	7	83625172	
-10448	-6010	-13805	235	-178	-2013	54	-8	-88	8	36	8	83625172	
-10387	-6016	-13800	111	-163	-1959	56	-6	-89	9	41	9	83625173	
-10307	-6060	-13789	32	-160	-1879	58	-4	-90	10	46	10	83625192	
-10281	-6098	-13840	-39	-181	-1781	56	-6	-89	11	51	11	83625220	
-10264	-6148	-13912	-168	-199	-1689	54	-8	-88	12	56	12	83625220	
-10263	-6145	-13933	-425	-202	-1608	54	-6	-84	13	61	13	83625220	
-10240	-6100	-14000	-761	-188	-1535	54	-4	-80	14	66	14	83625220	
-10234	-5990	-13972	-1050	-157	-1463	52	-5	-83	15	71	15	83625220	
-10298	-5814	-14003	-1280	-116	-1379	51	-5	-85	16	76	16	83625220	
-10400	-5647	-14014	-1458	-43	-1282	52	-10	-87	17	81	17	83625226	
-10439	-5514	-14014	-1592	48	-1177	53	-13	-89	18	86	18	83625246	
-10450	-5437	-13975	-1691	144	-1059	50	-12	-86	19	91	19	83625256	
-10462	-5352	-13965	-1772	245	-947	48	-12	-84	20	96	20	83625257	
-10430	-5236	-13958	-1838	367	-826	49	-13	-91	21	101	21	83625257	
-10463	-5172	-13929	-1872	464	-710	49	-13	-93	22	106	22	83625257	
-10477	-5106	-13860	-1866	544	-597	51	-12	-89	23	111	23	83625257	
-10483	-5039	-13818	-1845	605	-477	52	-12	-88	24	116	24	83625257	
-10468	-5079	-13812	-1814	654	-368	47	-7	-90	25	121	25	83625257	
-10440	-5108	-13713	-1805	676	-238	46	-6	-90	26	126	26	83625257	
-10528	-5184	-13586	-1803	669	-106	53	-12	-88	27	131	27	83625257	
-10510	-5242	-13581	-1809	657	28	55	-13	-87	28	136	28	83625279	
-10460	-5300	-13658	-1794	647	187	56	-7	-89	29	141	29	83625291	
-10402	-5306	-13728	-1792	638	354	56	-6	-90	30	146	30	83625294	
-10342	-5248	-13644	-1821	616	491	52	-6	-84	31	151	31	83625294	
-10216	-5174	-13722	-1873	591	614	52	-6	-84	32	156	32	83625294	
-10168	-5178	-13698	-1909	583	706	53	-5	-85	33	161	33	83625294	
-10112	-5160	-13756	-1935	618	808	53	-5	-85	34	166	34	83625294	
-10084	-5136	-13768	-1981	643	892	51	-9	-91	35	171	35	83625297	
-10046	-5116	-13694	-2029	676	988	51	-9	-91	36	176	36	83625323	
-9988	-5106	-13662	-2079	672	1080	45	-11	-91	37	181	37	83625331	
-9938	-5107	-13650	-2149	619	1172	47	-10	-89	38	186	38	83625331	
-10040	-5118	-13570	-2223	573	1229	54	-8	-82	39	191	39	83625331	
-10054	-5180	-13602	-2278	532	1246	54	-9	-82	40	196	40	83625331	
-10113	-5206	-13642	-2322	506	1271	53	-13	-83	41	201	41	83625331	
-10149	-5184	-13626	-2376	488	1305	53	-11	-83	42	206	42	83625333	
-10212	-5206	-13550	-2445	488	1329	55	-5	-85	43	211	43	83625346	
-10228	-5262	-13494	-2513	498	1357	53	-6	-86	44	216	44	83625369	
-10216	-5265	-13509	-2561	493	1395	46	-8	-92	45	221	45	83625369	
-10190	-5240	-13510	-2587	473	1436	47	-9	-91	46	226	46	83625369	
-10196	-5251	-13458	-2582	436	1479	51	-11	-89	47	231	47	83625369	
-10226	-5193	-13540	-2550	387	1511	50	-9	-87	48	236	48	83625369	
-10240	-5073	-13598	-2466	358	1533	49	-7	-85	49	241	49	83625369	
-10254	-5018	-13586	-2298	368	1545	50	-8	-88	50	246	50	83625381	
-10256	-5058	-13483	-2105	396	1551	52	-10	-92	51	251	51	83625401	
-10141	-5126	-13352	-1956	427	1544	51	-8	-93	52	256	52	83625406	
-10027	-5159	-13204	-1858	458	1524	50	-6	-94	53	261	53	83625406	
-9956	-5204	-13096	-1758	460	1484	49	-6	-91	54	266	54	83625406	
-9826	-5183	-13085	-1599	419	1434	47	-5	-87	55	271	55	83625406	
-9776	-5119	-13102	-1380	332	1371	48	-8	-91	56	276	56	83625406	
-9824	-5092	-13213	-1081	219	1296	48	-10	-94	57	281	57	83625406	
-9915	-5030	-13351	-742	131	1216	50	-6	-93	58	286	58	83625424	
-10121	-5011	-13413	-430	57	1132	52	-4	-92	59	291	59	83625440	
-10353	-5104	-13404	-167	-38	1052	50	-6	-87	60	296	60	83625444	
-10568	-5239	-13442	84	-138	1003	48	-8	-84	61	301	61	83625444	
-10731	-5228	-13674	352	-190	992	48	-10	-89	62	306	62	83625444	
-10817	-5214	-14024	691	-149	1030	48	-12	-92	63	311	63	83625444	
-10706	-5235	-14162	1000	12	1107	46	-4	-97	64	316	64	83625444	
-10514	-5288	-14269	1232	218	1182	46	-2	-98	65	321	65	83625451	
-10322	-5366	-14295	1383	440	1252	47	-6	-92	66	326	66	83625475	
-10134	-5459	-14317	1477	639	1304	47	-7	-91	67	331	67	83625481	
-9930	-5531	-14298	1540	788	1340	47	-4	-91	68	336	68	83625481	
-9730	-5642	-14322	1580	872	1358	47	-3	-91	69	341	69	83625481	
-9636	-5831	-14330	1609	897	1339	49	-6	-91	70	346	70	83625481	
-9574	-5994	-14205	1545	890	1288	49	-7	-91	71	351	71	83625482	
-9580	-6216	-14154	1334	831	1194	48	-8	-92	72	356	72	83625482	
-9660	-6332	-14022	1061	715	1067	48	-8	-92	73	361	73	83625520	
-9708	-6534	-14104	771	616	908	51	-7	-87	74	366	74	83625530	
-9848	-6652	-14098	446	527	712	51	-7	-87	75	371	75	83625530	
-9950	-6600	-14012	120	480	540	46	-14	-90	76	376	76	83625530	
-9960	-6602	-13924	-162	437	373	46	-14	-90	77	381	77	83625530	
-9938	-6404	-13972	-390	405	247	45	-13	-93	78	386	78	83625530	
-9938	-6274	-13978	-532	398	156	45	-13	-93	79	391	79	83625530	
-9902	-6139	-13984	-605	396	93	47	-9	-89	80	396	80	83625548	
-9873	-6108	-13988	-597	420	52	48	-9	-90	81	401	81	83625580	
-9865	-5966	-14013	-538	441	31	51	-7	-93	82	406	82	83625582	
-9829	-5931	-14078	-449	440	18	50	-7	-91	83	411	83	83625583	
-9854	-5872	-14151	-329	460	-2	48	-8	-84	84	416	84	83625583	
-9829	-5770	-14346	-210	497	-29	49	-9	-84	85	421	85	83625584	
-9880	-5726	-14329	-149	579	-84	53	-11	-83	86	426	86	83625585	
-9861	-5708	-14279	-146	687	-161	53	-10	-84	87	431	87	83625586	
-9808	-5830	-14172	-208	774	-258	54	-8	-88	88	436	88	83625587	
-9808	-5897	-14123	-272	846	-357	54	-9	-86	89	441	89	83625587	
-9830	-5948	-14156	-252	887	-436	54	-10	-84	90	446	90	83625595	
-9806	-5943	-14206	-151	899	-518	53	-7	-85	91	451	91	83625606	
-9787	-5919	-14222	-4	906	-596	51	-3	-87	92	456	92	83625606	
-9758	-5886	-14264	154	933	-645	51	-4	-88	93	461	93	83625606	
-9778	-5825	-14266	308	963	-665	52	-6	-90	94	466	94	83625606	
-9803	-5796	-14278	476	990	-677	50	-8	-90	95	471	95	83625606	
-9815	-5815	-14328	692	1024	-703	46	-10	-90	96	476	96	83625606	
-9845	-5792	-14394	925	1079	-729	46	-10	-91	97	481	97	83625628	
-9915	-5807	-14456	1132	1154	-763	46	-10	-92	98	486	98	83625644	
-9929	-5880	-14410	1334	1249	-827	50	-8	-90	99	491	99	83625644	
-9946	-5999	-14363	1513	1359	-916	52	-6	-88	100	496	100	83625644	
-9953	-6095	-14282	1650	1477	-1017	54	-9	-86	101	501	101	83625644	
-9912	-6194	-14162	1761	1578	-1119	55	-11	-85	102	506	102	83625644	
-9820	-6342	-14180	1861	1646	-1221	53	-12	-86	103	511	103	83625644	
-9682	-6503	-14302	1954	1663	-1325	51	-13	-87	104	516	104	83625644	
-9625	-6601	-14412	2058	1647	-1449	50	-11	-88	105	521	105	83625666	
-9581	-6628	-14472	2140	1628	-1578	50	-10	-88	106	526	106	83625683	
-9519	-6702	-14527	2172	1628	-1720	50	-13	-85	107	531	107	83625686	
-9504	-6714	-14514	2150	1643	-1881	50	-14	-84	108	536	108	83625686	
-9502	-6714	-14564	2081	1668	-2056	53	-12	-86	109	541	109	83625686	
-9484	-6754	-14528	2022	1699	-2209	54	-12	-86	110	546	110	83625687	
-9482	-6785	-14529	2021	1700	-2357	50	-16	-85	111	551	111	83625687	
-9496	-6795	-14452	2060	1675	-2482	49	-17	-85	112	556	112	83625687	
-9518	-6750	-14462	2170	1665	-2620	57	-9	-87	113	561	113	83625704	
-9606	-6772	-14512	2284	1687	-2746	57	-9	-87	114	566	114	83625712	
-9590	-6848	-14556	2426	1701	-2856	48	-14	-86	115	571	115	83625712	
-9506	-6868	-14504	2574	1692	-2954	48	-14	-86	116	576	116	83625713	
-9482	-6918	-14544	2673	1721	-3069	55	-11	-87	117	581	117	83625713	
-9404	-6890	-14602	2752	1791	-3192	55	-11	-87	118	586	118	83625713	
-9360	-6942	-14646	2804	1890	-3322	52	-14	-86	119	591	119	83625713	
-9348	-6902	-14488	2833	1994	-3432	52	-14	-86	120	596	120	83625724	
-9260	-6952	-14494	2895	2065	-3524	53	-15	-87	121	601	121	83625763	
-9230	-7004	-14573	2995	2139	-3649	54	-15	-87	122	606	122	83625763	
-9173	-6954	-14533	3056	2218	-3752	56	-14	-88	123	611	123	83625764	
-9174	-6944	-14501	3139	2294	-3843	55	-14	-88	124	616	124	83625764	
-9156	-6937	-14457	3260	2324	-3922	53	-13	-87	125	621	125	83625764	
-9133	-6962	-14445	3403	2343	-3994	53	-14	-86	126	626	126	83625772	
-9189	-7033	-14396	3529	2356	-4084	55	-17	-83	127	631	127	83625802	
-9165	-7097	-14428	3585	2386	-4164	54	-17	-84	128	636	128	83625802	
-9105	-7172	-14293	3642	2395	-4241	49	-15	-89	129	641	129	83625802	
-9027	-7319	-14400	3784	2387	-4340	54	-17	-87	130	646	130	83625802	
-8976	-7460	-14459	3914	2432	-4443	61	-21	-83	131	651	131	83625802	
-8944	-7494	-14468	4001	2522	-4539	57	-20	-85	132	656	132	83625806	
-8828	-7510	-14338	4062	2616	-4617	51	-19	-87	133	661	133	83625848	
-8623	-7608	-14233	4140	2655	-4661	53	-18	-87	134	666	134	83625903	
-8473	-7734	-14199	4245	2617	-4683	57	-17	-87	135	671	135	83625903	
-8484	-7806	-14247	4334	2546	-4717	57	-18	-85	136	676	136	83625903	
-8499	-7877	-14347	4385	2489	-4769	57	-19	-83	137	681	137	83625903	
-8478	-7974	-14340	4387	2464	-4846	55	-19	-80	138	686	138	83625903	
-8535	-8009	-14268	4293	2496	-4915	52	-18	-76	139	691	139	83625904	
-8526	-7966	-14233	4197	2520	-4969	57	-21	-79	140	696	140	83625904	
-8486	-7873	-14201	4138	2501	-5008	61	-23	-81	141	701	141	83625904	
-8496	-7787	-14222	4143	2457	-5021	59	-24	-81	142	706	142	83625904	
-8462	-7728	-14152	4183	2443	-5017	57	-25	-81	143	711	143	83625904	
-8358	-7720	-14101	4199	2477	-5007	60	-24	-79	144	716	144	83625926	
-8196	-7695	-14066	4191	2544	-4987	62	-24	-78	145	721	145	83625941	
-7994	-7794	-13923	4165	2627	-4971	60	-25	-82	146	726	146	83625941	
-7861	-7917	-13735	4121	2643	-4958	59	-25	-83	147	731	147	83625941	
-7865	-7975	-13584	4089	2578	-4971	61	-27	-83	148	736	148	83625941	
-7891	-8083	-13593	4138	2458	-4995	61	-27	-83	149	741	149	83625941	
-7856	-8244	-13655	4214	2335	-5038	56	-29	-86	150	746	150	83625941	
-7923	-8289	-13601	4287	2248	-5072	55	-29	-87	151	751	151	83625941	
-7929	-8354	-13634	4373	2186	-5105	59	-30	-81	152	756	152	83625941	
-7964	-8316	-13736	4473	2089	-5134	60	-30	-80	153	761	153	83625941	
-7972	-8264	-13772	4550	2022	-5157	62	-28	-77	154	766	154	83625941	
-7938	-8206	-13800	4566	1991	-5178	62	-28	-76	155	771	155	83625942	
-7732	-8238	-13694	4595	1961	-5171	63	-25	-79	156	776	156	83625942	
-7704	-8242	-13716	4686	1901	-5167	63	-25	-79	157	781	157	83625950	
-7646	-8264	-13760	4777	1895	-5164	64	-34	-74	158	786	158	83625950	
-7600	-8380	-13936	4861	1934	-5175	64	-34	-74	159	791	159	83625950	
-7472	-8552	-13796	4928	1954	-5226	60	-30	-76	160	796	160	83625950	
-7448	-8622	-13788	4967	1962	-5259	60	-30	-76	161	801	161	83625950	
-7280	-8719	-13726	5000	1938	-5300	60	-33	-78	162	806	162	83625950	
-7202	-8830	-13630	5022	1924	-5357	60	-34	-78	163	811	163	83625950	
-7166	-8926	-13618	4997	1890	-5382	64	-36	-70	164	816	164	83625959	
-7104	-9038	-13620	4976	1852	-5398	64	-36	-70	165	821	165	83625981	
-7056	-9206	-13496	4879	1866	-5415	60	-28	-74	166	826	166	83625981	
-7000	-9288	-13498	4644	1866	-5438	60	-28	-74	167	831	167	83625981	
-6970	-9314	-13408	4458	1795	-5435	55	-41	-81	168	836	168	83625981	
-6840	-9512	-13568	4365	1662	-5420	55	-41	-81	169	841	169	83625981	
-6832	-9644	-13584	4233	1536	-5430	62	-36	-74	170	846	170	83625981	
-6866	-9560	-13620	4057	1476	-5467	62	-36	-74	171	851	171	83625981	
-6845	-9529	-13561	3967	1448	-5489	60	-40	-78	172	856	172	83626012	
-6765	-9556	-13603	3954	1412	-5485	60	-40	-77	173	861	173	83626026	
-6740	-9542	-13453	3932	1342	-5463	61	-39	-71	174	866	174	83626027	
-6707	-9488	-13497	3888	1261	-5435	62	-38	-71	175	871	175	83626028	
-6681	-9481	-13417	3873	1176	-5408	66	-36	-72	176	876	176	83626030	
-6691	-9456	-13364	3924	1098	-5394	66	-37	-73	177	881	177	83626036	
-6716	-9452	-13359	3955	1067	-5392	68	-42	-76	178	886	178	83626037	
-6680	-9521	-13339	3979	1091	-5381	67	-42	-74	179	891	179	83626042	
-6626	-9504	-13342	3948	1126	-5387	64	-42	-68	180	896	180	83626068	
-6635	-9539	-13347	3923	1126	-5389	64	-42	-70	181	901	181	83626083	
-6624	-9569	-13343	3946	1119	-5384	63	-41	-73	182	906	182	83626084	
-6609	-9634	-13341	4012	1137	-5381	63	-43	-71	183	911	183	83626084	
-6564	-9732	-13275	4045	1169	-5367	64	-46	-68	184	916	184	83626084	
-6500	-9808	-13156	4067	1156	-5340	64	-45	-69	185	921	185	83626084	
-6478	-9844	-13048	4144	1086	-5298	63	-43	-71	186	926	186	83626084	
-6418	-9865	-13034	4262	1028	-5247	64	-42	-72	187	931	187	83626092	
-6279	-9988	-13103	4436	982	-5190	65	-41	-73	188	936	188	83626119	
-6195	-10092	-13089	4632	931	-5145	65	-41	-72	189	941	189	83626135	
-6157	-10154	-13100	4728	885	-5139	65	-41	-71	190	946	190	83626135	
-6108	-10193	-13113	4742	853	-5154	61	-38	-72	191	951	191	83626135	
-6049	-10214	-13121	4736	841	-5155	58	-36	-72	192	956	192	83626135	
-5997	-10196	-13046	4761	842	-5123	61	-43	-68	193	961	193	83626136	
-5937	-10158	-13015	4819	846	-5075	63	-47	-65	194	966	194	83626136	
-5820	-10192	-13042	4861	845	-5023	64	-43	-67	195	971	195	83626136	
-5722	-10221	-13016	4888	818	-4959	64	-40	-68	196	976	196	83626136	
-5687	-10270	-13073	4931	777	-4886	66	-47	-66	197	981	197	83626137	
-5660	-10336	-13040	4968	759	-4834	67	-49	-65	198	986	198	83626137	
-5673	-10438	-12972	4963	773	-4809	66	-45	-64	199	991	199	83626137	
-5654	-10522	-12854	4985	777	-4760	66	-44	-64	200	996	200	83626147	
-5626	-10656	-12778	5013	739	-4688	66	-47	-64	201	1001	201	83626167	
-5609	-10758	-12824	4973	674	-4633	66	-48	-64	202	1006	202	83626171	
-5617	-10878	-12795	4860	612	-4597	61	-46	-69	203	1011	203	83626173	
-5494	-11014	-12715	4676	539	-4559	60	-46	-70	204	1016	204	83626174	
-5470	-11182	-12828	4450	468	-4534	67	-45	-63	205	1021	205	83626174	
-5460	-11148	-12888	4357	435	-4524	67	-45	-63	206	1026	206	83626174	
-5416	-11192	-12884	4273	428	-4499	61	-43	-67	207	1031	207	83626174	
-5310	-11156	-12928	4276	420	-4468	61	-43	-67	208	1036	208	83626179	
-5202	-11268	-12882	4311	410	-4401	64	-54	-60	209	1041	209	83626209	
-5146	-11352	-12874	4280	385	-4333	64	-54	-60	210	1046	210	83626209	
-5070	-11364	-12776	4064	424	-4294	54	-56	-56	211	1051	211	83626209	
-4808	-11408	-12564	3845	342	-4234	54	-56	-56	212	1056	212	83626209	
-4790	-11517	-12582	3583	76	-4149	64	-44	-62	213	1061	213	83626209	
-4833	-11587	-12627	3308	-119	-4117	64	-45	-63	214	1066	214	83626209	
-4996	-11649	-12706	3003	-253	-4125	64	-50	-66	215	1071	215	83626209	
-5089	-11612	-12704	2708	-281	-4150	64	-50	-66	216	1076	216	83626209	
-5070	-11575	-12644	2444	-244	-4148	64	-50	-66	217	1081	217	83626219	
-5083	-11533	-12597	2239	-204	-4115	64	-50	-65	218	1086	218	83626258	
-5085	-11392	-12614	2055	-148	-4079	63	-51	-59	219	1091	219	83626258	
-4957	-11341	-12568	1856	-65	-3928	62	-52	-60	220	1096	220	83626258	
-4825	-11415	-12521	1672	17	-3781	58	-54	-62	221	1101	221	83626258	
-4672	-11342	-12357	1469	57	-3665	62	-55	-61	222	1106	222	83626258	
-4632	-11276	-12272	1348	51	-3572	68	-56	-60	223	1111	223	83626258	
-4552	-11264	-12338	1357	6	-3477	68	-54	-61	224	1116	224	83626261	
-4512	-11264	-12358	1435	-41	-3406	69	-51	-63	225	1121	225	83626276	
-4533	-11299	-12362	1503	-68	-3348	69	-53	-63	226	1126	226	83626293	
-4551	-11306	-12431	1534	-81	-3301	69	-57	-63	227	1131	227	83626294	
-4592	-11228	-12468	1512	-62	-3253	68	-54	-58	228	1136	228	83626294	
-4636	-11208	-12469	1423	-9	-3171	66	-50	-50	229	1141	229	83626294	
-4599	-11219	-12509	1343	44	-3068	67	-51	-58	230	1146	230	83626294	
-4609	-11147	-12491	1246	76	-2994	67	-51	-63	231	1151	231	83626294	
-4613	-11108	-12398	1150	136	-2912	67	-55	-63	232	1156	232	83626299	
-4554	-11103	-12334	1094	202	-2810	67	-57	-63	233	1161	233	83626319	
-4449	-11150	-12218	1075	229	-2687	65	-55	-63	234	1166	234	83626331	
-4425	-11200	-12072	1120	210	-2566	63	-53	-63	235	1171	235	83626331	
-4362	-11334	-11967	1220	154	-2471	64	-51	-61	236	1176	236	83626332	
-4313	-11450	-12054	1318	81	-2422	65	-49	-59	237	1181	237	83626332	
-4324	-11532	-12042	1328	28	-2347	64	-51	-59	238	1186	238	83626332	
-4288	-11666	-12050	1306	0	-2256	63	-51	-59	239	1191	239	83626332	
-4308	-11736	-12079	1316	-39	-2205	65	-55	-61	240	1196	240	83626332	
-4250	-11728	-12255	1340	-85	-2188	66	-56	-62	241	1201	241	83626332	
-4239	-11698	-12352	1340	-81	-2168	67	-57	-60	242	1206	242	83626332	
-4285	-11615	-12416	1266	-45	-2136	67	-57	-59	243	1211	243	83626370	
-4208	-11652	-12327	1123	37	-2080	67	-54	-54	244	1216	244	83626380	
-4144	-11631	-12164	933	94	-1979	67	-53	-53	245	1221	245	83626380	
-4131	-11620	-12132	753	84	-1865	64	-56	-61	246	1226	246	83626380	
-4092	-11700	-12066	675	-15	-1759	63	-57	-63	247	1231	247	83626380	
-4148	-11712	-12138	724	-137	-1673	62	-58	-56	248	1236	248	83626380	
-4162	-11826	-12188	758	-202	-1628	62	-58	-56	249	1241	249	83626380	
-4162	-11896	-12120	748	-210	-1594	66	-56	-56	250	1246	250	83626389	
-4224	-11736	-12082	756	-190	-1609	66	-56	-56	251	1251	251	83626417	
-4094	-11792	-11982	723	-179	-1471	57	-57	-55	252	1256	252	83626418	
-3986	-12056	-12024	715	-229	-1350	57	-57	-55	253	1261	253	83626418	
-3886	-12096	-12046	628	-322	-1296	66	-58	-62	254	1266	254	83626418	
-3907	-12060	-12148	420	-404	-1261	66	-58	-62	255	1271	255	83626418	
-3922	-11938	-12212	260	-431	-1240	64	-56	-62	256	1276	256	83626418	
-3881	-11887	-12267	188	-444	-1222	64	-57	-62	257	1281	257	83626418	
-3919	-11812	-12260	135	-408	-1198	65	-59	-61	258	1286	258	83626418	
-3956	-11784	-12270	109	-335	-1188	65	-58	-60	259	1291	259	83626420	
-3966	-11798	-12221	73	-241	-1188	66	-52	-54	260	1296	260	83626436	
-3977	-11739	-12105	34	-181	-1181	66	-53	-56	261	1301	261	83626470	
-3951	-11701	-11998	45	-126	-1161	67	-57	-63	262	1306	262	83626470	
-3956	-11737	-11817	103	-88	-1098	68	-57	-62	263	1311	263	83626470	
-3897	-11801	-11798	201	-124	-975	71	-57	-57	264	1316	264	83626470	
-3866	-11922	-11884	263	-215	-866	67	-56	-57	265	1321	265	83626470	
-3878	-12007	-11847	212	-285	-776	62	-54	-56	266	1326	266	83626470	
-3803	-12013	-11794	93	-338	-687	62	-56	-58	267	1331	267	83626489	
-3764	-12043	-11836	28	-421	-602	62	-60	-60	268	1336	268	83626517	
-3830	-12033	-12022	23	-511	-537	61	-58	-60	269	1341	269	83626517	
-3859	-11977	-12210	65	-526	-485	60	-56	-60	270	1346	270	83626517	
-3817	-11971	-12357	130	-449	-428	63	-56	-59	271	1351	271	83626518	
-3829	-11957	-12390	183	-360	-377	66	-56	-58	272	1356	272	83626518	
-3771	-11888	-12319	220	-314	-347	65	-57	-59	273	1361	273	83626518	
-3695	-11873	-12277	235	-285	-309	65	-57	-59	274	1366	274	83626518	
-3704	-11830	-12271	224	-252	-278	66	-55	-59	275	1371	275	83626528	
-3726	-11841	-12209	205	-231	-256	67	-53	-59	276	1376	276	83626547	
-3768	-11870	-12138	212	-227	-221	69	-55	-56	277	1381	277	83626555	
-3756	-11982	-12153	223	-218	-172	70	-56	-54	278	1386	278	83626555	
-3772	-12076	-12162	206	-190	-123	71	-58	-56	279	1391	279	83626555	
-3819	-12137	-12205	148	-142	-86	71	-59	-57	280	1396	280	83626555	
-3789	-12182	-12126	52	-88	-49	61	-61	-62	281	1401	281	83626555	
-3759	-12196	-12078	-63	-60	-13	59	-61	-63	282	1406	282	83626556	
-3709	-12208	-12054	-141	-64	24	61	-54	-56	283	1411	283	83626556	
-3698	-12236	-12132	-173	-56	56	62	-52	-54	284	1416	284	83626556	
-3696	-12304	-11957	-216	-47	88	64	-59	-58	285	1421	285	83626556	
-3661	-12355	-11878	-275	-53	122	65	-61	-59	286	1426	286	83626556	
-3636	-12449	-11830	-297	-124	147	63	-53	-59	287	1431	287	83626573	
-3714	-12510	-11998	-301	-265	168	63	-51	-59	288	1436	288	83626605	
-3814	-12498	-12256	-322	-342	143	61	-57	-57	289	1441	289	83626605	
-3864	-12334	-12272	-321	-362	125	61	-57	-57	290	1446	290	83626605	
-3868	-12306	-12292	-281	-357	134	64	-58	-66	291	1451	291	83626605	
-3822	-12260	-12320	-263	-325	153	64	-58	-66	292	1456	292	83626605	
-3814	-12226	-12238	-298	-293	175	63	-59	-59	293	1461	293	83626605	
-3754	-12244	-12112	-336	-294	192	63	-59	-59	294	1466	294	83626605	
-3680	-12234	-12094	-371	-333	202	62	-54	-60	295	1471	295	83626633	
-3686	-12264	-12172	-384	-357	203	62	-54	-60	296	1476	296	83626642	
-3742	-12246	-12086	-366	-386	205	64	-58	-64	297	1481	297	83626643	
-3741	-12383	-11989	-323	-401	208	63	-59	-62	298	1486	298	83626643	
-3700	-12437	-12008	-303	-419	205	58	-64	-56	299	1491	299	83626643	
-3708	-12478	-11979	-314	-469	193	59	-61	-57	300	1496	300	83626643	
-3697	-12492	-12050	-338	-517	161	62	-50	-60	301	1501	301	83626643	
-3796	-12464	-12169	-349	-544	120	62	-52	-60	302	1506	302	83626643	
-3853	-12386	-12202	-377	-501	94	63	-61	-61	303	1511	303	83626643	
-3795	-12292	-12110	-420	-419	72	65	-61	-60	304	1516	304	83626645	
-3699	-12261	-12037	-478	-366	79	69	-59	-57	305	1521	305	83626666	
-3668	-12245	-11994	-502	-370	97	66	-57	-59	306	1526	306	83626690	
-3639	-12170	-11992	-493	-410	106	61	-55	-61	307	1531	307	83626690	
-3660	-12135	-12084	-452	-448	109	63	-57	-59	308	1536	308	83626690	
-3694	-12166	-12092	-417	-455	108	67	-59	-57	309	1541	309	83626690	
-3714	-12172	-12036	-399	-449	101	67	-57	-58	310	1546	310	83626690	
-3759	-12127	-12049	-374	-425	97	66	-54	-60	311	1551	311	83626690	
-3782	-12140	-12120	-321	-374	107	67	-56	-58	312	1556	312	83626704	
-3831	-12126	-12134	-251	-314	137	68	-60	-56	313	1561	313	83626727	
-3809	-12105	-12129	-193	-273	164	64	-58	-61	314	1566	314	83626727	
-3769	-12112	-12102	-136	-241	199	62	-56	-64	315	1571	315	83626727	
-3734	-12212	-12024	-27	-225	242	64	-56	-63	316	1576	316	83626727	
-3706	-12326	-11982	89	-269	281	66	-56	-62	317	1581	317	83626727	
-3687	-12401	-11944	118	-368	303	62	-57	-61	318	1586	318	83626727	
-3724	-12442	-11965	63	-475	303	59	-57	-61	319	1591	319	83626727	
-3800	-12412	-12145	-14	-555	284	61	-56	-56	320	1596	320	83626727	
-3862	-12296	-12258	-110	-582	259	63	-55	-53	321	1601	321	83626727	
-3789	-12210	-12206	-232	-566	268	65	-57	-59	322	1606	322	83626778	
-3758	-12146	-12202	-345	-554	293	66	-58	-60	323	1611	323	83626792	
-3762	-12008	-12212	-444	-554	325	60	-54	-64	324	1616	324	83626792	
-3745	-11962	-12227	-509	-557	348	59	-53	-65	325	1621	325	83626792	
-3767	-11982	-12145	-562	-536	378	59	-53	-70	326	1626	326	83626792	
-3876	-11975	-12110	-595	-499	417	59	-53	-71	327	1631	327	83626792	
-3857	-11964	-12098	-579	-476	467	61	-54	-65	328	1636	328	83626793	
-3822	-12007	-12062	-544	-471	523	62	-54	-64	329	1641	329	83626798	
-3866	-11948	-12112	-489	-472	590	64	-54	-60	330	1646	330	83626831	
-3854	-11874	-12158	-437	-468	653	64	-54	-60	331	1651	331	83626831	
-3936	-11784	-12068	-368	-475	708	64	-54	-54	332	1656	332	83626831	
-4018	-11660	-12262	-332	-477	764	64	-54	-54	333	1661	333	83626831	
-4070	-11668	-12220	-304	-443	821	64	-58	-64	334	1666	334	83626831	
-4118	-11678	-12200	-292	-403	905	64	-58	-64	335	1671	335	83626831	
-4022	-11696	-12052	-254	-377	983	61	-59	-57	336	1676	336	83626831	
-3990	-11712	-12096	-205	-379	1081	61	-59	-57	337	1681	337	83626843	
-3959	-11785	-12053	-157	-381	1171	66	-56	-60	338	1686	338	83626871	
-3928	-11798	-12026	-143	-398	1220	65	-56	-60	339	1691	339	83626872	
-3878	-11845	-11965	-158	-440	1268	62	-54	-60	340	1696	340	83626872	
-3876	-11862	-12062	-186	-517	1313	61	-53	-59	341	1701	341	83626872	
-3929	-11829	-12067	-266	-570	1354	56	-50	-56	342	1706	342	83626872	
-3938	-11838	-12129	-375	-585	1402	58	-51	-56	343	1711	343	83626872	
-4000	-11732	-12168	-512	-594	1453	65	-55	-55	344	1716	344	83626872	
-4054	-11708	-12186	-663	-597	1521	66	-55	-57	345	1721	345	83626872	
-4076	-11608	-12159	-813	-587	1593	69	-57	-63	346	1726	346	83626872	
-4141	-11488	-12068	-948	-579	1690	67	-58	-64	347	1731	347	83626872	
-4198	-11397	-12059	-1022	-583	1778	65	-59	-65	348	1736	348	83626872	
-4187	-11329	-11966	-1055	-593	1865	65	-59	-64	349	1741	349	83626884	
-4210	-11318	-11902	-1051	-603	1952	66	-58	-60	350	1746	350	83626932	
-4231	-11190	-11882	-1036	-623	2048	65	-57	-60	351	1751	351	83626932	
-4292	-11176	-11895	-1007	-668	2150	61	-51	-59	352	1756	352	83626933	
-4305	-11145	-11887	-978	-731	2252	62	-51	-59	353	1761	353	83626933	
-4341	-11082	-11767	-993	-789	2382	65	-51	-59	354	1766	354	83626933	
-4342	-11071	-11634	-1036	-841	2550	64	-52	-60	355	1771	355	83626934	
-4352	-11049	-11659	-1031	-911	2705	63	-53	-61	356	1776	356	83626934	
-4448	-11050	-11780	-1012	-1000	2861	62	-55	-60	357	1781	357	83626935	
-4534	-10987	-11838	-1008	-1078	3018	61	-57	-59	358	1786	358	83626949	
-4595	-10948	-11907	-1011	-1125	3172	62	-55	-60	359	1791	359	83626970	
-4624	-10903	-12001	-1010	-1146	3326	63	-53	-61	360	1796	360	83626970	
-4648	-10878	-11994	-1017	-1171	3482	62	-54	-62	361	1801	361	83626970	
-4688	-10898	-11974	-1056	-1202	3629	60	-56	-64	362	1806	362	83626970	
-4710	-10941	-11966	-1157	-1240	3762	61	-53	-65	363	1811	363	83626970	
-4698	-10987	-11966	-1269	-1286	3906	62	-50	-66	364	1816	364	83626970	
-4710	-10965	-12036	-1349	-1317	4031	61	-48	-61	365	1821	365	83626970	
-4723	-10947	-12105	-1422	-1328	4154	61	-47	-57	366	1826	366	83626971	
-4723	-10904	-12121	-1509	-1334	4281	62	-51	-58	367	1831	367	83626971	
-4694	-10863	-12113	-1610	-1347	4426	62	-54	-58	368	1836	368	83626971	
-4648	-10872	-12199	-1735	-1394	4573	66	-52	-59	369	1841	369	83626971	
-4690	-10789	-12238	-1888	-1450	4693	68	-50	-60	370	1846	370	83626976	
-4772	-10715	-12178	-2063	-1495	4812	64	-54	-59	371	1851	371	83627000	
-4904	-10661	-12104	-2177	-1528	4930	63	-55	-59	372	1856	372	83627007	
-4931	-10592	-12106	-2257	-1586	5051	63	-50	-53	373	1861	373	83627007	
-5026	-10564	-12105	-2348	-1661	5189	63	-49	-51	374	1866	374	83627007	
-5186	-10622	-12054	-2447	-1732	5341	68	-47	-61	375	1871	375	83627007	
-5244	-10718	-11962	-2537	-1816	5500	69	-47	-63	376	1876	376	83627007	
-5256	-10748	-11987	-2641	-1892	5662	66	-49	-61	377	1881	377	83627007	
-5248	-10726	-12032	-2771	-1983	5815	65	-49	-61	378	1886	378	83627043	
-5235	-10715	-12021	-2882	-2075	5968	69	-48	-60	379	1891	379	83627057	
-5162	-10778	-12074	-3002	-2224	6135	70	-48	-60	380	1896	380	83627059	
-5124	-10806	-12244	-3109	-2378	6243	67	-49	-69	381	1901	381	83627060	
-5178	-10774	-12254	-3303	-2467	6317	67	-49	-69	382	1906	382	83627060	
-5182	-10910	-12224	-3526	-2530	6361	67	-49	-71	383	1911	383	83627060	
-5148	-10948	-12120	-3775	-2597	6384	67	-49	-71	384	1916	384	83627060	
-5236	-10846	-12208	-3943	-2742	6391	67	-53	-71	385	1921	385	83627060	
-5378	-10858	-12400	-4039	-2908	6393	67	-53	-71	386	1926	386	83627082	
-5576	-10856	-12482	-4161	-3019	6397	62	-52	-66	387	1931	387	83627082	
-5801	-10823	-12601	-4387	-3121	6401	64	-49	-66	388	1936	388	83627082	
-5944	-10771	-12594	-4598	-3177	6416	70	-38	-64	389	1941	389	83627082	
-6138	-10675	-12653	-4817	-3202	6460	69	-40	-65	390	1946	390	83627082	
-6277	-10518	-12547	-5040	-3215	6540	66	-46	-70	391	1951	391	83627082	
-6410	-10425	-12557	-5268	-3221	6680	66	-45	-69	392	1956	392	83627084	
-6426	-10292	-12563	-5474	-3271	6862	67	-41	-63	393	1961	393	83627107	
-6450	-10161	-12502	-5656	-3372	7089	68	-42	-64	394	1966	394	83627166	
-6409	-10041	-12574	-5818	-3498	7321	70	-44	-70	395	1971	395	83627166	
-6371	-9915	-12510	-5959	-3576	7548	69	-42	-70	396	1976	396	83627166	
-6308	-9742	-12485	-6075	-3653	7746	65	-37	-69	397	1981	397	83627167	
-6303	-9658	-12486	-6107	-3773	7864	65	-37	-68	398	1986	398	83627167	
-6355	-9611	-12623	-6037	-3937	7903	66	-36	-66	399	1991	399	83627167	
-6386	-9588	-12771	-5870	-4097	7880	68	-38	-68	400	1996	400	83627178	
-6528	-9636	-12910	-5646	-4185	7812	70	-40	-72	401	2001	401	83627198	
-6724	-9674	-12917	-5412	-4171	7718	66	-37	-72	402	2006	402	83627204	
-6881	-9786	-12893	-5218	-4078	7615	59	-33	-73	403	2011	403	83627204	
-6982	-9981	-12918	-5044	-3957	7513	60	-34	-73	404	2016	404	83627204	
-7094	-10164	-13042	-4863	-3926	7405	61	-35	-73	405	2021	405	83627204	
-7217	-10183	-13175	-4742	-3971	7292	64	-34	-71	406	2026	406	83627204	
-7395	-10216	-13299	-4700	-4023	7187	66	-34	-70	407	2031	407	83627204	
-7602	-10267	-13405	-4745	-4049	7119	67	-33	-73	408	2036	408	83627204	
-7716	-10256	-13396	-4878	-4032	7082	67	-33	-75	409	2041	409	83627204	
-7799	-10279	-13361	-5077	-4008	7066	69	-32	-73	410	2046	410	83627205	
-7919	-10243	-13324	-5343	-3984	7063	71	-31	-71	411	2051	411	83627205	
-7996	-10189	-13327	-5647	-3933	7095	69	-33	-73	412	2056	412	83627205	
-7940	-10014	-13353	-5961	-3859	7206	68	-34	-74	413	2061	413	83627211	
-7812	-9768	-13335	-6152	-3768	7349	66	-29	-72	414	2066	414	83627219	
-7655	-9525	-13343	-6200	-3728	7511	66	-28	-72	415	2071	415	83627241	
-7617	-9276	-13194	-6150	-3749	7662	63	-30	-78	416	2076	416	83627246	
-7554	-9148	-13258	-6024	-3858	7774	62	-30	-80	417	2081	417	83627246	
-7637	-9131	-13313	-5850	-4009	7827	61	-26	-74	418	2086	418	83627246	
-7758	-9058	-13482	-5700	-4119	7824	61	-25	-73	419	2091	419	83627246	
-7947	-9264	-13583	-5601	-4171	7761	61	-25	-73	420	2096	420	83627247	
-8194	-9427	-13732	-5554	-4213	7621	61	-25	-73	421	2101	421	83627247	
-8494	-9478	-13936	-5517	-4225	7407	64	-22	-74	422	2106	422	83627247	
-8726	-9430	-14090	-5484	-4151	7255	64	-22	-74	423	2111	423	83627247	
-8698	-9542	-14134	-5465	-4058	7116	61	-23	-77	424	2116	424	83627255	
-8876	-9398	-14254	-5394	-3993	6906	61	-23	-77	425	2121	425	83627283	
-8974	-9254	-14182	-5338	-3962	6746	58	-28	-78	426	2126	426	83627283	
-9012	-9056	-14234	-5357	-3925	6632	58	-28	-78	427	2131	427	83627283	
-9152	-8932	-14162	-5492	-3844	6558	54	-18	-84	428	2136	428	83627283	
-9132	-8872	-14156	-5735	-3722	6493	54	-18	-84	429	2141	429	83627283	
-9114	-8682	-13959	-6093	-3590	6484	60	-24	-78	430	2146	430	83627283	
-9006	-8544	-13768	-6363	-3497	6513	61	-23	-79	431	2151	431	83627286	
-8971	-8278	-13735	-6505	-3462	6546	64	-20	-82	432	2156	432	83627298	
-8920	-8075	-13793	-6491	-3519	6559	63	-21	-81	433	2161	433	83627322	
-8892	-7935	-13898	-6412	-3589	6525	58	-24	-78	434	2166	434	83627323	
-8902	-7738	-13981	-6273	-3613	6401	58	-23	-78	435	2171	435	83627324	
-8924	-7598	-14111	-6074	-3593	6202	59	-21	-77	436	2176	436	83627324	
-9023	-7587	-14257	-5844	-3478	5972	58	-21	-77	437	2181	437	83627325	
-9132	-7611	-14374	-5629	-3281	5759	55	-19	-77	438	2186	438	83627326	
-9304	-7667	-14426	-5364	-3051	5499	57	-19	-79	439	2191	439	83627327	
-9480	-7796	-14373	-5150	-2854	5257	59	-19	-83	440	2196	440	83627336	
-9640	-7861	-14308	-5019	-2673	5035	60	-17	-85	441	2201	441	83627353	
-9757	-7854	-14199	-4943	-2515	4865	62	-14	-88	442	2206	442	83627358	
-9823	-7887	-14081	-4855	-2403	4757	60	-13	-85	443	2211	443	83627358	
-9821	-7897	-13958	-4718	-2373	4687	58	-12	-80	444	2216	444	83627358	
-9773	-7902	-13915	-4533	-2401	4628	58	-13	-79	445	2221	445	83627358	
-9795	-7803	-13968	-4346	-2429	4559	57	-15	-77	446	2226	446	83627358	
-9835	-7624	-14018	-4243	-2450	4478	54	-16	-79	447	2231	447	83627364	
-9876	-7482	-13978	-4204	-2497	4372	52	-16	-80	448	2236	448	83627385	
-9923	-7285	-13900	-4200	-2522	4270	54	-14	-84	449	2241	449	83627396	
-9984	-7108	-13920	-4198	-2501	4194	56	-12	-86	450	2246	450	83627396	
-9926	-6968	-13926	-4168	-2462	4128	55	-14	-84	451	2251	451	83627396	
-9839	-6870	-13954	-4090	-2434	4038	55	-15	-83	452	2256	452	83627396	
-9868	-6773	-14025	-3935	-2432	3908	53	-11	-86	453	2261	453	83627396	
-9974	-6634	-14090	-3716	-2412	3727	52	-8	-88	454	2266	454	83627396	
-10131	-6524	-14116	-3443	-2286	3481	53	-10	-87	455	2271	455	83627403	
-10185	-6527	-14169	-3213	-2074	3273	53	-11	-87	456	2276	456	83627430	
-10212	-6569	-14131	-3020	-1880	3126	53	-11	-90	457	2281	457	83627436	
-10229	-6727	-14008	-2816	-1741	3017	53	-11	-91	458	2286	458	83627436	
-10238	-6825	-13954	-2640	-1640	2926	55	-7	-87	459	2291	459	83627436	
-10245	-6930	-14063	-2481	-1562	2827	56	-6	-86	460	2296	460	83627436	
-10257	-6939	-13983	-2360	-1517	2723	54	-6	-86	461	2301	461	83627436	
-10297	-6986	-13975	-2233	-1504	2634	54	-6	-86	462	2306	462	83627436	
-10304	-7038	-14012	-2080	-1509	2548	56	-4	-86	463	2311	463	83627462	
-10308	-7002	-14118	-1974	-1544	2470	56	-4	-86	464	2316	464	83627473	
-10314	-6916	-14246	-1914	-1548	2375	55	-9	-89	465	2321	465	83627473	
-10342	-6738	-14318	-1863	-1500	2282	55	-9	-89	466	2326	466	83627473	
-10266	-6552	-14358	-1843	-1412	2185	53	-5	-85	467	2331	467	83627473	
-10294	-6402	-14320	-1825	-1303	2101	53	-5	-85	468	2336	468	83627474	
-10234	-6308	-14320	-1796	-1174	2029	50	-6	-82	469	2341	469	83627474	
-10150	-6170	-14298	-1741	-1026	1991	50	-6	-82	470	2346	470	83627474	
-10138	-6248	-14296	-1686	-894	1958	53	-3	-89	471	2351	471	83627511	
-10112	-6274	-14382	-1635	-751	1894	53	-4	-89	472	2356	472	83627511	
