-15812	-2490	3684	1889	-588	1835	-37	225	81	1	1	1	75745165	
-15802	-2506	3770	1787	-761	1920	-37	225	81	2	6	2	75745167	
-15520	-2722	3708	1726	-789	1995	-42	234	74	3	11	3	75745167	
-15398	-2548	3658	1537	-854	1960	-42	234	74	4	16	4	75745167	
-15412	-2484	3806	1336	-1190	1967	-38	226	72	5	21	5	75745167	
-15486	-2378	3804	1251	-1518	1963	-38	226	72	6	26	6	75745167	
-15474	-2252	3858	1238	-1738	1943	-40	226	82	7	31	7	75745167	
-15510	-2312	3884	1189	-1883	1891	-40	226	82	8	36	8	75745168	
-15676	-2280	4000	1107	-1943	1841	-41	223	81	9	41	9	75745196	
-15590	-2184	4174	956	-1984	1836	-41	223	81	10	46	10	75745196	
-15556	-2046	4418	776	-2006	1817	-39	227	79	11	51	11	75745196	
-15560	-1970	4586	674	-2044	1795	-39	227	79	12	56	12	75745196	
-15630	-1870	4672	697	-2093	1763	-42	228	80	13	61	13	75745196	
-15728	-1876	4746	852	-2132	1729	-42	228	80	14	66	14	75745196	
-15830	-1860	4926	1096	-2106	1689	-40	230	80	15	71	15	75745214	
-15856	-1850	5028	1378	-2046	1693	-40	230	80	16	76	16	75745242	
-15912	-1840	5036	1676	-1932	1745	-38	222	80	17	81	17	75745242	
-15810	-1788	5038	1989	-1810	1766	-38	222	80	18	86	18	75745242	
-15810	-1846	5044	2261	-1727	1775	-51	223	77	19	91	19	75745242	
-15764	-1822	4994	2505	-1703	1786	-51	223	77	20	96	20	75745243	
-15760	-1752	4856	2679	-1703	1803	-39	223	83	21	101	21	75745243	
-15804	-1612	4890	2772	-1686	1822	-39	223	83	22	106	22	75745243	
-15772	-1432	5040	2873	-1679	1826	-43	223	85	23	111	23	75745279	
-15850	-1230	5152	3000	-1663	1797	-43	223	85	24	116	24	75745279	
-15888	-1132	5294	3138	-1569	1786	-38	222	80	25	121	25	75745279	
-15902	-1044	5456	3256	-1427	1803	-38	222	80	26	126	26	75745279	
-15974	-956	5730	3340	-1269	1783	-40	222	86	27	131	27	75745279	
-15962	-956	5756	3499	-1102	1838	-40	222	86	28	136	28	75745279	
-15840	-886	5896	3664	-958	1890	-39	225	83	29	141	29	75745279	
-15762	-988	5960	3795	-837	1959	-39	225	83	30	146	30	75745279	
-15718	-1038	6054	3946	-759	2017	-37	227	81	31	151	31	75745280	
-15638	-1078	6188	4107	-715	2116	-37	227	81	32	156	32	75745291	
-15558	-1088	6004	4230	-662	2212	-39	223	79	33	161	33	75745322	
-15440	-1276	5900	4310	-621	2249	-39	223	79	34	166	34	75745322	
-15310	-1358	5818	4379	-597	2250	-39	225	85	35	171	35	75745322	
-15212	-1322	5618	4387	-618	2220	-39	225	85	36	176	36	75745322	
-15186	-1206	5448	4357	-694	2201	-44	226	82	37	181	37	75745323	
-15298	-1056	5284	4288	-761	2159	-44	226	82	38	186	38	75745323	
-15456	-860	5368	4167	-750	2127	-47	221	81	39	191	39	75745323	
-15614	-702	5374	4040	-644	2105	-47	221	81	40	196	40	75745360	
-15684	-574	5590	3811	-467	2148	-44	232	80	41	201	41	75745360	
-15722	-490	5726	3516	-290	2267	-44	232	80	42	206	42	75745361	
-15828	-502	5882	3265	-113	2389	-55	223	75	43	211	43	75745361	
-15828	-534	5932	3161	-5	2505	-55	223	75	44	216	44	75745362	
-15898	-594	5826	3147	36	2599	-53	223	83	45	221	45	75745362	
-15870	-744	5524	3157	18	2672	-53	223	83	46	226	46	75745362	
-15916	-798	5244	3144	24	2731	-49	223	85	47	231	47	75745363	
-15792	-918	4902	3008	72	2760	-49	223	85	48	236	48	75745397	
-15680	-998	4696	2738	63	2799	-45	217	81	49	241	49	75745397	
-15560	-1004	4524	2292	4	2798	-45	217	81	50	246	50	75745398	
-15504	-900	4484	1713	-61	2786	-50	222	80	51	251	51	75745398	
-15298	-684	4488	1087	-78	2780	-50	222	80	52	256	52	75745398	
-15198	-456	4860	405	-86	2706	-53	225	81	53	261	53	75745398	
-15002	-270	4906	-193	-103	2649	-53	225	81	54	266	54	75745398	
-14994	94	5162	-689	-192	2579	-50	224	78	55	271	55	75745398	
-15026	462	5208	-1011	-297	2497	-50	224	78	56	276	56	75745418	
-15008	864	5482	-1199	-348	2401	-44	224	80	57	281	57	75745437	
-15254	1256	5796	-1262	-349	2293	-44	224	80	58	286	58	75745438	
-15282	1760	6222	-1227	-270	2232	-55	215	79	59	291	59	75745438	
-15354	2020	6430	-1140	-138	2174	-55	215	79	60	296	60	75745438	
-15242	2324	6618	-907	-53	2118	-49	219	81	61	301	61	75745438	
-15246	2444	6580	-558	-62	2027	-49	219	81	62	306	62	75745438	
-15140	2590	6496	-167	-173	1915	-47	225	83	63	311	63	75745445	
-15036	2682	6240	321	-296	1776	-47	225	83	64	316	64	75745486	
-15102	2726	5964	834	-446	1637	-53	227	79	65	321	65	75745486	
-15260	2574	5648	1288	-597	1500	-53	227	79	66	326	66	75745487	
-15436	2416	5490	1633	-717	1415	-51	219	77	67	331	67	75745487	
-15578	2052	5240	1870	-757	1369	-51	219	77	68	336	68	75745493	
-15728	1726	5050	2014	-729	1369	-49	223	81	69	341	69	75745493	
-15942	1436	4878	2056	-677	1372	-49	223	81	70	346	70	75745493	
-16050	1116	4770	2025	-637	1379	-51	221	81	71	351	71	75745526	
-16172	804	4440	1929	-548	1375	-51	221	81	72	356	72	75745526	
-16284	596	4340	1797	-483	1381	-52	226	84	73	361	73	75745527	
-16368	438	4088	1627	-373	1404	-52	226	84	74	366	74	75745527	
-16456	350	4024	1420	-258	1447	-55	217	81	75	371	75	75745527	
-16560	312	4006	1137	-170	1528	-55	217	81	76	376	76	75745527	
-16552	272	3968	810	-75	1613	-45	225	83	77	381	77	75745527	
-16702	228	3890	500	-25	1669	-45	225	83	78	386	78	75745527	
-16712	188	3700	255	11	1709	-50	224	82	79	391	79	75745554	
-16836	254	3360	-54	-14	1727	-50	224	82	80	396	80	75745564	
-16800	428	3192	-455	-29	1780	-56	230	78	81	401	81	75745564	
-16832	472	3158	-861	-5	1866	-56	230	78	82	406	82	75745564	
-16724	494	3034	-1309	65	1976	-58	226	78	83	411	83	75745564	
-16620	760	2980	-1806	114	2084	-58	226	78	84	416	84	75745564	
-16532	968	3026	-2345	116	2225	-54	218	80	85	421	85	75745564	
-16396	1150	3288	-2846	147	2359	-54	218	80	86	426	86	75745564	
-16376	1478	3510	-3240	147	2492	-51	225	79	87	431	87	75745564	
-16474	1676	3654	-3507	170	2615	-51	225	79	88	436	88	75745564	
-16468	1930	3962	-3695	148	2739	-54	222	88	89	441	89	75745592	
-16556	2102	4124	-3747	153	2830	-54	222	88	90	446	90	75745601	
-16610	2074	4290	-3650	213	2898	-57	227	77	91	451	91	75745601	
-16470	2138	4372	-3501	337	2928	-57	227	77	92	456	92	75745602	
-16332	2168	4486	-3322	507	2901	-47	229	75	93	461	93	75745602	
-16198	2208	4606	-3119	660	2829	-47	229	75	94	466	94	75745603	
-16126	2258	4536	-2812	734	2714	-54	224	86	95	471	95	75745603	
-16128	2266	4638	-2428	828	2549	-54	224	86	96	476	96	75745610	
-16122	2312	4746	-2050	970	2374	-51	217	77	97	481	97	75745641	
-16144	2452	5006	-1736	1150	2226	-51	217	77	98	486	98	75745648	
-16072	2612	5066	-1488	1321	2106	-50	224	88	99	491	99	75745648	
-15878	2704	5226	-1274	1471	2029	-50	224	88	100	496	100	75745649	
-15652	2694	5228	-1061	1481	1958	-46	222	86	101	501	101	75745649	
-15510	2824	5198	-848	1352	1881	-46	222	86	102	506	102	75745649	
-15324	2884	5240	-619	1149	1822	-47	223	81	103	511	103	75745649	
-15200	3028	5114	-388	928	1779	-47	223	81	104	516	104	75745678	
-15122	3084	5132	-200	767	1733	-58	226	82	105	521	105	75745686	
-15220	3054	5270	-44	674	1653	-58	226	82	106	526	106	75745686	
-15312	2924	5324	120	560	1573	-58	216	76	107	531	107	75745686	
-15274	2764	5396	275	489	1477	-58	216	76	108	536	108	75745686	
-15378	2520	5532	454	433	1371	-55	221	73	109	541	109	75745686	
-15378	2270	5374	639	394	1252	-55	221	73	110	546	110	75745686	
-15342	1954	5332	809	358	1113	-53	223	75	111	551	111	75745710	
-15374	1742	5286	1004	294	941	-53	223	75	112	556	112	75745719	
-15440	1490	5080	1208	182	774	-50	218	78	113	561	113	75745719	
-15446	1304	4912	1354	106	646	-50	218	78	114	566	114	75745719	
-15436	1242	4838	1417	46	518	-56	220	82	115	571	115	75745719	
-15480	1078	4614	1375	6	398	-56	220	82	116	576	116	75745719	
-15430	1050	4554	1240	-63	303	-55	223	83	117	581	117	75745719	
-15510	1030	4602	1070	-142	207	-55	223	83	118	586	118	75745719	
-15464	1088	4684	830	-258	115	-54	228	76	119	591	119	75745719	
-15474	1042	4752	569	-379	67	-54	228	76	120	596	120	75745719	
-15510	990	4832	271	-481	7	-55	225	77	121	601	121	75745748	
-15470	1012	5048	-36	-604	-47	-55	225	77	122	606	122	75745756	
-15492	914	5132	-341	-714	-74	-57	223	83	123	611	123	75745756	
-15354	1018	5242	-620	-828	-56	-57	223	83	124	616	124	75745757	
-15294	1044	5314	-793	-923	-52	-56	224	80	125	621	125	75745757	
-15348	1050	5312	-816	-1048	-52	-56	224	80	126	626	126	75745757	
-15286	1014	5232	-743	-1160	-100	-55	223	73	127	631	127	75745774	
-15206	908	5178	-674	-1279	-141	-55	223	73	128	636	128	75745794	
-15202	864	5098	-679	-1405	-191	-51	221	79	129	641	129	75745794	
-15218	862	4998	-728	-1546	-223	-51	221	79	130	646	130	75745794	
-15208	672	5054	-788	-1658	-262	-52	222	82	131	651	131	75745794	
-15204	574	5068	-936	-1769	-279	-52	222	82	132	656	132	75745794	
-15262	384	5018	-1151	-1945	-280	-56	218	84	133	661	133	75745794	
-15314	320	4998	-1427	-2184	-253	-56	218	84	134	666	134	75745801	
-15360	116	4926	-1700	-2431	-200	-52	224	80	135	671	135	75745833	
-15448	90	4836	-1993	-2566	-181	-52	224	80	136	676	136	75745833	
-15670	40	4956	-2279	-2677	-134	-52	222	88	137	681	137	75745833	
-15778	112	5006	-2461	-2765	-75	-52	222	88	138	686	138	75745833	
-15812	252	5220	-2542	-2815	-56	-54	214	82	139	691	139	75745834	
-15814	176	5332	-2536	-2807	-43	-54	214	82	140	696	140	75745834	
-15734	214	5488	-2469	-2797	-63	-52	220	86	141	701	141	75745834	
-15820	454	5522	-2372	-2735	-114	-52	220	86	142	706	142	75745841	
-15738	526	5480	-2256	-2669	-168	-53	223	85	143	711	143	75745871	
-15772	582	5376	-2143	-2566	-183	-53	223	85	144	716	144	75745871	
-15694	832	5252	-2079	-2439	-208	-57	215	81	145	721	145	75745871	
-15644	1066	5178	-1921	-2277	-213	-57	215	81	146	726	146	75745871	
-15566	1442	5270	-1610	-2113	-241	-52	220	88	147	731	147	75745871	
-15574	1554	5206	-1254	-1956	-252	-52	220	88	148	736	148	75745871	
-15666	1804	5432	-930	-1826	-257	-52	218	82	149	741	149	75745879	
-15630	2136	5530	-717	-1755	-247	-52	218	82	150	746	150	75745908	
-15704	2286	5682	-544	-1706	-238	-55	221	83	151	751	151	75745909	
-15788	2444	5932	-408	-1631	-257	-55	221	83	152	756	152	75745909	
-15820	2514	5998	-291	-1547	-274	-51	213	83	153	761	153	75745910	
-15818	2498	6024	-182	-1497	-250	-51	213	83	154	766	154	75745910	
-15938	2438	6134	-51	-1506	-226	-55	223	89	155	771	155	75745911	
-15894	2400	6052	63	-1536	-193	-55	223	89	156	776	156	75745911	
-15776	2396	5912	138	-1521	-199	-47	219	85	157	781	157	75745946	
-15910	2172	5858	142	-1535	-303	-47	219	85	158	786	158	75745946	
-15842	2004	5780	312	-1612	-193	-54	220	88	159	791	159	75745946	
-15764	1976	5764	398	-1681	-125	-54	220	88	160	796	160	75745946	
-15662	1814	5666	499	-1837	-109	-50	218	88	161	801	161	75745946	
-15676	1582	5418	606	-2021	-85	-50	218	88	162	806	162	75745946	
-15518	1574	5146	676	-2182	-73	-56	214	90	163	811	163	75745946	
-15762	1352	5088	698	-2372	-79	-56	214	90	164	816	164	75745960	
-15992	1232	4888	734	-2541	-97	-51	219	97	165	821	165	75745986	
-16334	1218	4656	772	-2598	-137	-51	219	97	166	826	166	75745986	
-16684	2524	4608	745	-2509	-436	-54	216	92	167	831	167	75745986	
-16330	444	4918	929	-2061	-646	-54	216	92	168	836	168	75745986	
-16674	-106	3936	1512	-2277	-402	-46	222	94	169	841	169	75745986	
-16912	554	4140	1099	-2079	-108	-46	222	94	170	846	170	75745986	
-16914	374	4356	742	-1720	65	-48	216	94	171	851	171	75745986	
-16866	398	4284	739	-1376	164	-48	216	94	172	856	172	75746024	
-16698	526	4320	746	-1159	254	-51	221	89	173	861	173	75746025	
-16668	776	4178	695	-992	292	-51	221	89	174	866	174	75746025	
-16524	854	4332	470	-817	331	-46	214	86	175	871	175	75746025	
-16448	1076	4540	119	-645	349	-46	214	86	176	876	176	75746025	
-16262	1426	4820	-226	-496	471	-49	215	89	177	881	177	75746025	
-16238	1716	5252	-527	-408	546	-49	215	89	178	886	178	75746025	
-16138	1802	5540	-761	-367	544	-54	218	90	179	891	179	75746025	
-16076	1826	5752	-917	-324	590	-54	218	90	180	896	180	75746041	
-15992	1882	5922	-1079	-271	625	-51	219	89	181	901	181	75746056	
-15978	1792	5850	-1183	-234	609	-51	219	89	182	906	182	75746056	
-15984	1922	5918	-1208	-219	571	-54	214	80	183	911	183	75746056	
-16038	1870	5802	-1159	-179	520	-54	214	80	184	916	184	75746056	
-16090	1874	5712	-1019	-112	465	-50	216	88	185	921	185	75746056	
-16138	1842	5676	-851	-15	401	-50	216	88	186	926	186	75746056	
-16158	1768	5636	-737	70	375	-49	217	89	187	931	187	75746065	
-16226	1814	5582	-655	123	387	-49	217	89	188	936	188	75746102	
-16114	1652	5584	-673	213	427	-55	217	89	189	941	189	75746102	
-16106	1632	5524	-704	292	486	-55	217	89	190	946	190	75746102	
-16050	1574	5480	-747	277	539	-57	215	89	191	951	191	75746102	
-15972	1488	5386	-871	249	599	-57	215	89	192	956	192	75746102	
-15806	1478	5394	-1060	218	672	-50	212	88	193	961	193	75746102	
-15668	1360	5388	-1262	210	725	-50	212	88	194	966	194	75746102	
-15448	1250	5412	-1456	184	772	-45	221	95	195	971	195	75746174	
-15332	1194	5336	-1620	158	775	-45	221	95	196	976	196	75746184	
-15274	1056	5442	-1763	144	767	-57	215	93	197	981	197	75746184	
-15144	930	5452	-1854	139	724	-57	215	93	198	986	198	75746184	
-15158	876	5500	-1872	115	661	-50	216	88	199	991	199	75746184	
-15154	874	5680	-1893	78	569	-50	216	88	200	996	200	75746185	
-15092	772	5730	-1852	35	495	-50	212	86	201	1001	201	75746185	
-15180	782	5810	-1782	12	424	-50	212	86	202	1006	202	75746186	
-15168	844	5962	-1716	-24	386	-50	214	92	203	1011	203	75746239	
-15126	970	6048	-1638	-85	357	-50	214	92	204	1016	204	75746242	
-15140	1028	6170	-1562	-143	345	-45	219	93	205	1021	205	75746243	
-15140	1176	6372	-1475	-210	345	-45	219	93	206	1026	206	75746243	
-15146	1250	6480	-1344	-331	311	-47	217	95	207	1031	207	75746243	
-15104	1336	6628	-1179	-423	269	-47	217	95	208	1036	208	75746244	
-15138	1392	6758	-979	-501	243	-49	219	95	209	1041	209	75746244	
-15158	1464	6824	-792	-514	227	-49	219	95	210	1046	210	75746244	
-15120	1392	6858	-546	-503	186	-53	215	91	211	1051	211	75746244	
-15100	1422	6792	-310	-503	133	-53	215	91	212	1056	212	75746246	
-15156	1354	6784	-124	-507	103	-53	217	97	213	1061	213	75746246	
-15070	1376	6664	44	-479	90	-53	217	97	214	1066	214	75746247	
-15140	1362	6556	192	-427	79	-50	218	94	215	1071	215	75746247	
-15226	1378	6450	385	-345	47	-50	218	94	216	1076	216	75746247	
-15294	1408	6334	619	-264	-1	-48	218	90	217	1081	217	75746247	
-15384	1376	6226	872	-187	-79	-48	218	90	218	1086	218	75746247	
-15480	1392	6152	1113	-124	-177	-50	216	94	219	1091	219	75746254	
-15618	1338	5968	1327	-38	-287	-50	216	94	220	1096	220	75746263	
-15728	1384	5830	1462	61	-371	-47	211	97	221	1101	221	75746263	
-15750	1376	5846	1558	177	-434	-47	211	97	222	1106	222	75746263	
-15796	1296	5854	1634	256	-521	-52	218	96	223	1111	223	75746263	
-15748	1330	5880	1600	297	-538	-52	218	96	224	1116	224	75746263	
-15722	1156	5958	1482	312	-518	-53	217	87	225	1121	225	75746264	
-15806	1070	5926	1312	260	-482	-53	217	87	226	1126	226	75746271	
-15730	968	5938	1142	139	-436	-52	214	86	227	1131	227	75746301	
-15678	844	5782	1041	-20	-407	-52	214	86	228	1136	228	75746301	
-15770	604	5636	975	-204	-400	-49	221	91	229	1141	229	75746301	
-15866	484	5524	886	-351	-376	-49	221	91	230	1146	230	75746301	
-15728	466	5634	755	-403	-354	-55	213	91	231	1151	231	75746301	
-15600	390	5598	628	-448	-332	-55	213	91	232	1156	232	75746302	
-15594	294	5754	465	-472	-285	-46	220	92	233	1161	233	75746302	
-15538	208	5946	263	-464	-217	-46	220	92	234	1166	234	75746302	
-15344	48	6016	72	-490	-165	-54	216	92	235	1171	235	75746338	
-15308	-12	6040	-96	-513	-136	-54	216	92	236	1176	236	75746339	
-15326	62	6030	-235	-497	-127	-48	218	92	237	1181	237	75746339	
-15292	98	5918	-318	-457	-135	-48	218	92	238	1186	238	75746339	
-15348	174	5832	-358	-407	-151	-51	225	99	239	1191	239	75746339	
-15350	382	5844	-372	-352	-160	-51	225	99	240	1196	240	75746339	
-15412	568	5824	-415	-316	-167	-52	220	92	241	1201	241	75746340	
-15442	648	5838	-504	-311	-154	-52	220	92	242	1206	242	75746348	
-15442	902	5844	-631	-321	-131	-52	220	94	243	1211	243	75746376	
-15512	1132	5898	-745	-317	-100	-52	220	94	244	1216	244	75746376	
-15558	1188	6022	-805	-307	-78	-54	212	98	245	1221	245	75746376	
-15690	1256	6008	-803	-300	-62	-54	212	98	246	1226	246	75746376	
-15686	1306	6054	-747	-256	-59	-47	215	89	247	1231	247	75746376	
-15758	1280	5992	-640	-211	-66	-47	215	89	248	1236	248	75746376	
-15836	1240	5938	-514	-136	-82	-49	215	93	249	1241	249	75746376	
-15788	1118	5974	-356	-62	-102	-49	215	93	250	1246	250	75746431	
-15756	1130	5974	-174	-1	-140	-54	214	100	251	1251	251	75746433	
-15756	1046	5994	-7	59	-175	-54	214	100	252	1256	252	75746434	
-15704	1052	5884	168	104	-186	-51	211	89	253	1261	253	75746434	
-15616	992	5992	306	161	-219	-51	211	89	254	1266	254	75746435	
-15504	984	6008	428	199	-243	-53	213	91	255	1271	255	75746435	
-15414	938	6018	539	202	-251	-53	213	91	256	1276	256	75746435	
-15394	970	6092	573	186	-265	-55	211	93	257	1281	257	75746436	
-15368	872	6130	591	155	-278	-55	211	93	258	1286	258	75746462	
-15320	828	6250	569	99	-297	-54	218	92	259	1291	259	75746462	
-15318	828	6260	553	23	-299	-54	218	92	260	1296	260	75746462	
-15374	834	6182	529	-43	-331	-49	213	89	261	1301	261	75746462	
-15390	914	6094	535	-63	-334	-49	213	89	262	1306	262	75746462	
-15356	778	6164	545	-73	-352	-55	213	91	263	1311	263	75746462	
-15394	840	6174	563	-63	-375	-55	213	91	264	1316	264	75746462	
-15362	896	6210	560	-60	-385	-50	218	94	265	1321	265	75746471	
-15394	896	6226	557	-50	-394	-50	218	94	266	1326	266	75746500	
-15448	924	6104	554	-45	-407	-52	212	90	267	1331	267	75746500	
-15456	944	6040	568	-55	-425	-52	212	90	268	1336	268	75746500	
-15580	1030	6012	623	-56	-433	-58	214	90	269	1341	269	75746501	
-15584	1010	5924	697	-28	-451	-58	214	90	270	1346	270	75746501	
-15612	980	5802	757	-11	-430	-53	217	91	271	1351	271	75746501	
-15688	990	5822	770	18	-395	-53	217	91	272	1356	272	75746501	
-15612	950	5780	740	25	-341	-51	213	99	273	1361	273	75746502	
-15690	1012	5734	699	18	-290	-51	213	99	274	1366	274	75746513	
-15626	986	5784	657	9	-245	-54	216	98	275	1371	275	75746540	
-15566	978	5816	628	-17	-212	-54	216	98	276	1376	276	75746540	
-15528	928	5906	629	-10	-183	-52	218	96	277	1381	277	75746540	
-15518	910	5962	632	-19	-164	-52	218	96	278	1386	278	75746540	
-15558	864	6102	635	2	-158	-47	217	95	279	1391	279	75746540	
-15548	806	6138	647	14	-171	-47	217	95	280	1396	280	75746540	
-15474	790	6078	680	31	-171	-55	219	95	281	1401	281	75746541	
-15520	792	6144	727	59	-190	-55	219	95	282	1406	282	75746586	
-15542	774	6082	755	81	-203	-47	215	93	283	1411	283	75746586	
-15502	838	6036	805	100	-211	-47	215	93	284	1416	284	75746586	
-15564	794	5962	836	118	-240	-51	213	89	285	1421	285	75746586	
-15542	834	5904	844	127	-262	-51	213	89	286	1426	286	75746586	
-15546	832	5934	858	125	-281	-54	218	94	287	1431	287	75746586	
-15596	816	5884	854	113	-288	-54	218	94	288	1436	288	75746586	
-15554	864	5934	790	103	-281	-56	208	90	289	1441	289	75746586	
-15570	808	5890	712	85	-277	-56	208	90	290	1446	290	75746623	
-15564	836	5940	620	77	-260	-52	218	88	291	1451	291	75746623	
-15486	800	5852	545	68	-239	-52	218	88	292	1456	292	75746623	
-15602	830	5908	459	58	-236	-51	215	89	293	1461	293	75746624	
-15510	734	5962	407	49	-249	-51	215	89	294	1466	294	75746630	
-15506	780	5982	385	51	-249	-53	213	95	295	1471	295	75746631	
-15518	782	5910	383	61	-261	-53	213	95	296	1476	296	75746631	
-15490	780	5828	409	70	-266	-55	213	93	297	1481	297	75746631	
-15486	792	5858	435	70	-273	-55	213	93	298	1486	298	75746632	
-15502	904	5856	462	49	-272	-51	213	95	299	1491	299	75746661	
-15552	902	5844	516	53	-282	-51	213	95	300	1496	300	75746661	
-15600	988	5908	563	61	-282	-52	212	92	301	1501	301	75746661	
-15588	1006	5882	598	87	-266	-52	212	92	302	1506	302	75746661	
-15556	1018	5924	607	119	-256	-50	218	92	303	1511	303	75746661	
-15572	1002	5886	598	137	-246	-50	218	92	304	1516	304	75746661	
-15598	1040	5872	566	161	-233	-54	212	90	305	1521	305	75746661	
-15598	1046	5976	546	174	-210	-54	212	90	306	1526	306	75746671	
-15574	1000	5922	541	168	-189	-51	217	91	307	1531	307	75746698	
-15682	950	5982	539	178	-193	-51	217	91	308	1536	308	75746698	
-15662	856	5940	543	193	-187	-53	215	93	309	1541	309	75746698	
-15692	810	5992	532	210	-190	-53	215	93	310	1546	310	75746698	
-15654	740	5930	528	241	-187	-46	216	94	311	1551	311	75746698	
-15682	686	5930	520	279	-205	-46	216	94	312	1556	312	75746698	
-15658	616	5936	490	288	-223	-50	216	92	313	1561	313	75746698	
-15608	606	5804	453	297	-223	-50	216	92	314	1566	314	75746748	
-15536	562	5740	450	328	-235	-55	217	91	315	1571	315	75746748	
-15588	680	5712	458	334	-244	-55	217	91	316	1576	316	75746749	
-15624	696	5688	474	357	-251	-55	215	91	317	1581	317	75746749	
-15606	742	5678	511	366	-248	-55	215	91	318	1586	318	75746749	
-15632	828	5630	573	390	-228	-56	216	96	319	1591	319	75746750	
-15660	864	5664	626	448	-226	-56	216	96	320	1596	320	75746750	
-15666	1014	5626	652	525	-201	-51	213	93	321	1601	321	75746763	
-15730	994	5712	644	582	-170	-51	213	93	322	1606	322	75746803	
-15776	1124	5602	670	613	-141	-52	220	92	323	1611	323	75746803	
-15780	1190	5576	682	635	-105	-52	220	92	324	1616	324	75746804	
-15910	1214	5572	655	634	-58	-51	221	85	325	1621	325	75746804	
-15918	1258	5658	594	632	-16	-51	221	85	326	1626	326	75746804	
-15976	1264	5728	525	637	41	-50	216	90	327	1631	327	75746804	
-15938	1216	5786	474	668	75	-50	216	90	328	1636	328	75746804	
-15966	1168	5844	457	657	72	-54	218	92	329	1641	329	75746804	
-16088	1142	5690	472	664	75	-54	218	92	330	1646	330	75746804	
-16092	1136	5646	532	717	67	-51	211	89	331	1651	331	75746841	
-16156	1078	5558	594	819	41	-51	211	89	332	1656	332	75746842	
-16080	1094	5478	655	965	23	-55	217	91	333	1661	333	75746842	
-16108	1066	5306	671	1108	31	-55	217	91	334	1666	334	75746842	
-16080	1126	5400	604	1251	45	-46	212	92	335	1671	335	75746843	
-16098	1160	5310	456	1364	95	-46	212	92	336	1676	336	75746844	
-16122	1080	5560	308	1465	140	-51	215	87	337	1681	337	75746844	
-16094	1124	5558	200	1542	186	-51	215	87	338	1686	338	75746845	
-16108	1074	5574	193	1619	240	-49	219	89	339	1691	339	75746846	
-16108	984	5410	274	1665	265	-49	219	89	340	1696	340	75746846	
-16048	990	5228	360	1719	297	-54	222	84	341	1701	341	75746847	
-15988	958	5006	393	1753	369	-54	222	84	342	1706	342	75746850	
-15938	958	4950	324	1786	464	-58	218	88	343	1711	343	75746878	
-15850	1106	4804	156	1772	536	-58	218	88	344	1716	344	75746879	
-15726	1076	4780	-44	1644	599	-50	214	94	345	1721	345	75746879	
-15742	996	4914	-279	1406	654	-50	214	94	346	1726	346	75746879	
-15694	916	5086	-502	1233	726	-49	213	91	347	1731	347	75746879	
-15638	870	5278	-690	1175	811	-49	213	91	348	1736	348	75746879	
-15638	708	5498	-858	1185	888	-54	212	86	349	1741	349	75746880	
-15538	550	5780	-1062	1193	927	-54	212	86	350	1746	350	75746915	
-15310	322	5940	-1314	1199	970	-47	217	83	351	1751	351	75746916	
-15138	88	6056	-1667	1187	996	-47	217	83	352	1756	352	75746916	
-14894	-64	6278	-2065	1166	1009	-60	208	86	353	1761	353	75746916	
-14814	-204	6426	-2389	1141	957	-60	208	86	354	1766	354	75746916	
-14734	-228	6462	-2556	1100	824	-52	216	82	355	1771	355	75746916	
-14740	-262	6552	-2546	1135	660	-52	216	82	356	1776	356	75746916	
-14860	-98	6438	-2420	1219	467	-47	219	87	357	1781	357	75746934	
-14870	180	6378	-2263	1342	308	-47	219	87	358	1786	358	75746982	
-14870	514	6362	-2130	1476	194	-48	222	88	359	1791	359	75746984	
-14904	796	6328	-2077	1587	99	-48	222	88	360	1796	360	75746985	
-14760	1090	6392	-2085	1602	29	-51	223	83	361	1801	361	75746985	
-14620	1236	6442	-2100	1503	-38	-51	223	83	362	1806	362	75746986	
-14646	1470	6370	-2082	1325	-111	-54	220	86	363	1811	363	75746986	
-14686	1622	6092	-2028	1097	-191	-54	220	86	364	1816	364	75746987	
-14908	1804	5830	-1932	923	-263	-53	217	87	365	1821	365	75747009	
-15198	1914	5630	-1812	875	-340	-53	217	87	366	1826	366	75747010	
-15518	1954	5488	-1703	908	-359	-54	218	84	367	1831	367	75747010	
-15762	2076	5230	-1608	998	-346	-54	218	84	368	1836	368	75747010	
-16036	2158	5280	-1560	1030	-293	-49	219	85	369	1841	369	75747010	
-16302	2264	5224	-1498	1024	-219	-49	219	85	370	1846	370	75747010	
-16468	2326	5272	-1414	972	-153	-48	216	82	371	1851	371	75747010	
-16586	2334	5288	-1294	957	-41	-48	216	82	372	1856	372	75747048	
-16544	2336	5232	-1133	941	58	-51	221	89	373	1861	373	75747048	
-16500	2288	5112	-933	902	131	-51	221	89	374	1866	374	75747049	
-16502	2194	5098	-756	792	198	-53	219	85	375	1871	375	75747049	
-16450	2146	4898	-603	651	247	-53	219	85	376	1876	376	75747049	
-16430	2056	4644	-487	569	264	-49	215	83	377	1881	377	75747049	
-16272	2002	4558	-461	535	273	-49	215	83	378	1886	378	75747050	
-16186	1894	4370	-468	546	272	-48	218	84	379	1891	379	75747050	
-16180	1888	4470	-516	543	242	-48	218	84	380	1896	380	75747051	
-16234	1830	4448	-499	502	198	-51	221	83	381	1901	381	75747051	
-16176	1798	4358	-450	443	141	-51	221	83	382	1906	382	75747051	
-16252	1796	4204	-318	413	52	-48	218	86	383	1911	383	75747074	
-16306	1760	4150	-115	446	-51	-48	218	86	384	1916	384	75747083	
-16274	1740	4224	157	576	-157	-50	218	90	385	1921	385	75747083	
-16280	1740	4124	449	762	-234	-50	218	90	386	1926	386	75747083	
-16234	1726	4036	708	937	-283	-42	222	88	387	1931	387	75747083	
-16212	1722	4024	955	1072	-302	-42	222	88	388	1936	388	75747083	
-16228	1650	4006	1159	1164	-304	-54	218	88	389	1941	389	75747083	
-16248	1486	3976	1325	1240	-287	-54	218	88	390	1946	390	75747097	
-16218	1450	3910	1434	1297	-254	-51	223	85	391	1951	391	75747121	
-16270	1394	3932	1436	1313	-200	-51	223	85	392	1956	392	75747121	
-16276	1474	3900	1331	1337	-137	-49	227	81	393	1961	393	75747121	
-16178	1444	3924	1189	1366	-57	-49	227	81	394	1966	394	75747121	
-16064	1534	4098	994	1394	21	-52	224	88	395	1971	395	75747121	
-15974	1522	4318	747	1390	105	-52	224	88	396	1976	396	75747121	
-15860	1498	4574	516	1316	178	-51	221	83	397	1981	397	75747121	
-15782	1518	4732	323	1170	258	-51	221	83	398	1986	398	75747148	
-15508	1528	5042	197	993	337	-51	221	89	399	1991	399	75747158	
-15346	1374	5416	158	794	385	-51	221	89	400	1996	400	75747165	
-15116	1244	5720	174	571	420	-51	215	79	401	2001	401	75747165	
-14820	1088	5914	276	343	436	-51	215	79	402	2006	402	75747165	
-14624	874	6026	527	119	393	-53	227	87	403	2011	403	75747166	
-14580	500	5828	917	-92	279	-53	227	87	404	2016	404	75747166	
-14718	274	5594	1400	-272	53	-52	218	78	405	2021	405	75747194	
-15010	98	5276	1935	-336	-278	-52	218	78	406	2026	406	75747194	
-15322	24	4916	2463	-249	-622	-57	219	79	407	2031	407	75747195	
-15588	120	4708	2880	-68	-960	-57	219	79	408	2036	408	75747195	
-15848	186	4558	3037	47	-1195	-53	219	81	409	2041	409	75747195	
-16086	368	4472	2908	103	-1287	-53	219	81	410	2046	410	75747195	
-16174	534	4470	2549	145	-1253	-54	222	86	411	2051	411	75747195	
-16152	776	4500	2095	173	-1130	-54	222	86	412	2056	412	75747203	
-16106	988	4556	1594	144	-992	-53	223	79	413	2061	413	75747232	
-15944	962	4524	1182	47	-827	-53	223	79	414	2066	414	75747232	
-15848	1206	4568	878	-100	-675	-48	222	90	415	2071	415	75747232	
-15804	1394	4570	612	-265	-574	-48	222	90	416	2076	416	75747233	
-15822	1490	4410	508	-373	-501	-49	225	83	417	2081	417	75747233	
-15830	1514	4430	388	-454	-465	-49	225	83	418	2086	418	75747233	
-15862	1536	4308	340	-503	-455	-54	224	82	419	2091	419	75747233	
-15878	1372	4198	258	-465	-502	-54	224	82	420	2096	420	75747270	
-15944	1382	4286	284	-406	-599	-53	221	83	421	2101	421	75747270	
-16096	1238	4304	318	-335	-700	-53	221	83	422	2106	422	75747270	
-16126	1172	4286	364	-286	-813	-57	223	81	423	2111	423	75747271	
-16274	1222	4140	408	-184	-899	-57	223	81	424	2116	424	75747271	
-16202	1154	4228	417	-29	-948	-59	225	77	425	2121	425	75747271	
-16050	1270	4254	268	76	-957	-59	225	77	426	2126	426	75747271	
-16042	1520	4236	-1	114	-913	-53	225	83	427	2131	427	75747279	
-15994	1782	4382	-343	64	-845	-53	225	83	428	2136	428	75747307	
-16102	1932	4246	-635	-83	-791	-54	220	78	429	2141	429	75747307	
-16206	2062	4300	-914	-252	-726	-54	220	78	430	2146	430	75747307	
-16310	2244	4214	-1180	-388	-659	-53	225	83	431	2151	431	75747307	
-16414	2372	4212	-1432	-444	-552	-53	225	83	432	2156	432	75747307	
-16454	2502	4294	-1650	-448	-428	-53	217	89	433	2161	433	75747307	
-16526	2538	4236	-1780	-445	-331	-53	217	89	434	2166	434	75747307	
-16530	2666	4332	-1861	-454	-260	-49	217	85	435	2171	435	75747353	
-16484	2620	4342	-1892	-413	-192	-49	217	85	436	2176	436	75747353	
-16420	2596	4582	-1807	-314	-147	-53	227	79	437	2181	437	75747353	
-16348	2646	4746	-1620	-212	-181	-53	227	79	438	2186	438	75747353	
-16246	2640	4952	-1380	-136	-214	-57	225	83	439	2191	439	75747353	
-16148	2590	4952	-1018	-85	-283	-57	225	83	440	2196	440	75747353	
-15996	2550	4982	-646	50	-360	-55	219	85	441	2201	441	75747353	
-15870	2412	5018	-312	147	-455	-55	219	85	442	2206	442	75747375	
-15848	2262	5066	-46	218	-540	-55	223	83	443	2211	443	75747436	
-15836	2234	5118	120	265	-600	-55	223	83	444	2216	444	75747437	
-15890	2074	5066	221	268	-664	-48	222	82	445	2221	445	75747437	
-15998	1972	4812	312	308	-725	-48	222	82	446	2226	446	75747437	
-16012	1890	4738	307	417	-782	-53	225	83	447	2231	447	75747437	
-15982	1818	4638	226	520	-820	-53	225	83	448	2236	448	75747438	
-16032	1728	4616	118	603	-861	-46	218	86	449	2241	449	75747438	
-15942	1708	4584	-33	652	-905	-46	218	86	450	2246	450	75747438	
-15822	1696	4596	-236	657	-946	-55	223	83	451	2251	451	75747439	
-15888	1620	4570	-404	662	-937	-55	223	83	452	2256	452	75747464	
-15740	1574	4638	-546	717	-943	-54	218	86	453	2261	453	75747464	
-15746	1498	4620	-627	793	-944	-54	218	86	454	2266	454	75747464	
-15670	1492	4724	-660	860	-981	-50	224	88	455	2271	455	75747465	
-15522	1444	4732	-693	878	-1000	-50	224	88	456	2276	456	75747465	
-15580	1412	4966	-769	829	-1038	-58	216	82	457	2281	457	75747465	
-15498	1386	5136	-878	729	-1085	-58	216	82	458	2286	458	75747465	
-15444	1396	5212	-1027	590	-1129	-50	224	82	459	2291	459	75747504	
-15420	1448	5272	-1181	421	-1188	-50	224	82	460	2296	460	75747505	
-15284	1518	5408	-1322	298	-1257	-50	220	78	461	2301	461	75747505	
-15190	1488	5490	-1340	186	-1334	-50	220	78	462	2306	462	75747505	
-15156	1510	5462	-1286	97	-1411	-52	224	80	463	2311	463	75747506	
-15120	1556	5500	-1162	-30	-1537	-52	224	80	464	2316	464	75747506	
-15156	1572	5556	-949	-127	-1699	-51	219	85	465	2321	465	75747507	
-15102	1474	5508	-750	-174	-1845	-51	219	85	466	2326	466	75747507	
-15154	1338	5516	-601	-182	-1956	-50	220	86	467	2331	467	75747507	
-15204	1364	5480	-486	-187	-2075	-50	220	86	468	2336	468	75747507	
-15174	1360	5544	-434	-222	-2207	-57	221	77	469	2341	469	75747507	
-15178	1352	5488	-410	-267	-2304	-57	221	77	470	2346	470	75747507	
-15076	1392	5460	-406	-326	-2409	-48	224	78	471	2351	471	75747508	
-15012	1396	5346	-418	-408	-2497	-48	224	78	472	2356	472	75747514	
-14980	1402	5192	-388	-449	-2586	-49	219	87	473	2361	473	75747514	
-14988	1292	5098	-272	-486	-2696	-49	219	87	474	2366	474	75747543	
-15180	1230	5052	-68	-528	-2826	-48	218	86	475	2371	475	75747544	
-15438	1060	5222	176	-578	-2966	-48	218	86	476	2376	476	75747544	
-15856	952	5398	424	-668	-3097	-49	221	81	477	2381	477	75747544	
-16136	858	5438	588	-685	-3215	-49	221	81	478	2386	478	75747544	
-16280	820	5404	606	-557	-3274	-49	217	81	479	2391	479	75747545	
-16134	834	5526	524	-401	-3309	-49	217	81	480	2396	480	75747545	
-15858	1004	5714	490	-337	-3332	-56	226	82	481	2401	481	75747567	
-15802	1392	5936	470	-484	-3427	-56	226	82	482	2406	482	75747586	
-15848	1590	6042	527	-783	-3486	-51	219	81	483	2411	483	75747586	
-15896	1714	5728	693	-1016	-3384	-51	219	81	484	2416	484	75747586	
-16042	1792	5462	862	-1024	-3337	-48	216	84	485	2421	485	75747586	
-15914	1738	5414	990	-981	-3265	-48	216	84	486	2426	486	75747586	
-15618	1618	5260	1009	-1010	-3196	-40	222	86	487	2431	487	75747586	
-15490	1568	5224	933	-1089	-3122	-40	222	86	488	2436	488	75747586	
-15514	1494	5292	911	-1175	-3092	-43	223	83	489	2441	489	75747596	
-15440	1172	5340	937	-1264	-3086	-43	223	83	490	2446	490	75747628	
-15522	890	5442	995	-1370	-3097	-44	220	80	491	2451	491	75747629	
-15594	532	5458	1026	-1418	-3112	-44	220	80	492	2456	492	75747630	
-15620	130	5446	978	-1366	-3110	-46	220	82	493	2461	493	75747630	
-15634	-190	5484	833	-1212	-3129	-46	220	82	494	2466	494	75747630	
-15672	-458	5554	649	-1038	-3176	-43	217	85	495	2471	495	75747630	
-15722	-552	5416	477	-863	-3256	-43	217	85	496	2476	496	75747631	
-15674	-692	5458	334	-682	-3341	-45	217	85	497	2481	497	75747662	
-15696	-750	5394	288	-534	-3418	-45	217	85	498	2486	498	75747662	
-15652	-692	5250	276	-396	-3470	-45	215	87	499	2491	499	75747662	
-15580	-590	5162	309	-293	-3492	-45	215	87	500	2496	500	75747662	
-15550	-524	5206	313	-246	-3478	-49	217	81	501	2501	501	75747662	
-15510	-518	5214	287	-242	-3450	-49	217	81	502	2506	502	75747662	
-15504	-600	5182	242	-205	-3412	-47	223	81	503	2511	503	75747662	
-15528	-644	5190	146	-194	-3400	-47	223	81	504	2516	504	75747662	
-15552	-834	5138	17	-224	-3389	-49	223	85	505	2521	505	75747672	
-15558	-862	5060	-110	-231	-3398	-49	223	85	506	2526	506	75747710	
-15548	-1028	5070	-236	-261	-3403	-41	223	81	507	2531	507	75747714	
-15532	-1032	4960	-380	-281	-3425	-41	223	81	508	2536	508	75747714	
-15572	-1136	4910	-525	-309	-3446	-44	220	84	509	2541	509	75747716	
-15560	-1184	4988	-679	-284	-3423	-44	220	84	510	2546	510	75747716	
-15624	-1192	5066	-865	-246	-3376	-47	221	85	511	2551	511	75747716	
-15606	-1184	4978	-1035	-201	-3370	-47	221	85	512	2556	512	75747717	
-15704	-1236	5210	-1203	-196	-3371	-47	215	87	513	2561	513	75747730	
-15720	-1314	5162	-1314	-184	-3345	-47	215	87	514	2566	514	75747739	
-15760	-1262	5216	-1387	-201	-3329	-43	227	77	515	2571	515	75747739	
-15858	-1298	5162	-1387	-218	-3282	-43	227	77	516	2576	516	75747739	
-15848	-1318	5138	-1346	-261	-3225	-45	225	85	517	2581	517	75747739	
-15962	-1356	5156	-1295	-288	-3173	-45	225	85	518	2586	518	75747740	
-16042	-1500	5230	-1255	-227	-3110	-43	223	89	519	2591	519	75747740	
-15954	-1572	5170	-1170	-116	-3033	-43	223	89	520	2596	520	75747749	
-15906	-1626	5124	-1090	7	-2963	-40	222	84	521	2601	521	75747777	
-15898	-1796	5204	-957	158	-2911	-40	222	84	522	2606	522	75747778	
-15934	-1898	5216	-739	240	-2889	-41	217	91	523	2611	523	75747778	
-15832	-2040	5108	-512	324	-2844	-41	217	91	524	2616	524	75747778	
-15836	-2094	4996	-314	451	-2812	-42	218	86	525	2621	525	75747778	
-15772	-2268	4962	-78	533	-2784	-42	218	86	526	2626	526	75747778	
-15654	-2984	4946	167	571	-2674	-42	226	90	527	2631	527	75747778	
-16858	-3814	4250	609	319	-2270	-42	226	90	528	2636	528	75747780	
-15240	-1622	4616	-17	1109	-2263	-38	220	86	529	2641	529	75747840	
-15188	-2376	4870	15	1112	-2407	-38	220	86	530	2646	530	75747840	
-15434	-2734	4468	497	577	-2513	-46	222	84	531	2651	531	75747841	
-15602	-2984	4394	446	417	-2574	-46	222	84	532	2656	532	75747841	
-15682	-3262	4464	269	513	-2566	-37	221	85	533	2661	533	75747841	
-15768	-3404	4594	66	601	-2530	-37	221	85	534	2666	534	75747841	
-15860	-3504	4640	-150	717	-2469	-41	225	87	535	2671	535	75747850	
-15960	-3568	4738	-311	840	-2429	-41	225	87	536	2676	536	75747878	
-15996	-3676	4762	-435	1025	-2341	-39	219	85	537	2681	537	75747878	
-16072	-3718	4750	-567	1269	-2302	-39	219	85	538	2686	538	75747879	
-16062	-3816	4730	-633	1486	-2236	-43	217	81	539	2691	539	75747879	
-15984	-3836	4596	-729	1569	-2131	-43	217	81	540	2696	540	75747879	
-16038	-3768	4702	-873	1608	-2019	-42	222	90	541	2701	541	75747879	
-15972	-3754	4588	-1022	1569	-1898	-42	222	90	542	2706	542	75747886	
-15912	-3624	4566	-1162	1506	-1800	-40	220	88	543	2711	543	75747916	
-15810	-3540	4468	-1300	1445	-1677	-40	220	88	544	2716	544	75747916	
-15720	-3482	4522	-1464	1413	-1557	-42	226	84	545	2721	545	75747916	
-15676	-3338	4550	-1691	1352	-1460	-42	226	84	546	2726	546	75747916	
-15562	-3298	4698	-1951	1292	-1385	-42	222	80	547	2731	547	75747916	
-15436	-3310	4780	-2178	1184	-1337	-42	222	80	548	2736	548	75747917	
-15442	-3338	4910	-2379	1046	-1351	-42	220	80	549	2741	549	75747917	
-15462	-3330	5028	-2530	896	-1394	-42	220	80	550	2746	550	75747917	
-15480	-3306	5116	-2605	793	-1423	-37	221	83	551	2751	551	75747917	
-15504	-3256	5116	-2635	757	-1447	-37	221	83	552	2756	552	75747917	
-15480	-3202	5136	-2603	783	-1474	-34	224	82	553	2761	553	75747917	
-15436	-3166	5026	-2543	787	-1506	-34	224	82	554	2766	554	75747917	
-15488	-3260	5066	-2510	730	-1539	-41	223	81	555	2771	555	75747924	
-15582	-3214	5002	-2490	680	-1556	-41	223	81	556	2776	556	75747956	
-15554	-3226	5086	-2490	671	-1553	-34	220	82	557	2781	557	75747956	
-15498	-3278	5084	-2493	704	-1525	-34	220	82	558	2786	558	75747956	
-15538	-3266	5076	-2445	730	-1504	-40	220	84	559	2791	559	75747956	
-15528	-3260	5074	-2387	680	-1467	-40	220	84	560	2796	560	75747956	
-15612	-3240	5070	-2340	554	-1449	-36	228	82	561	2801	561	75747957	
-15662	-3244	4978	-2296	385	-1455	-36	228	82	562	2806	562	75747957	
-15800	-3186	4982	-2262	256	-1431	-37	225	85	563	2811	563	75747992	
-15830	-3098	4988	-2235	232	-1384	-37	225	85	564	2816	564	75747993	
-15808	-3106	5082	-2190	262	-1299	-35	223	83	565	2821	565	75747993	
-15886	-3064	5056	-2091	316	-1210	-35	223	83	566	2826	566	75747993	
-15812	-3014	5036	-1961	349	-1120	-35	225	79	567	2831	567	75747993	
-15806	-3054	4966	-1788	344	-1022	-35	225	79	568	2836	568	75747993	
-15836	-3006	4742	-1629	317	-900	-34	226	84	569	2841	569	75747994	
-15816	-3040	4748	-1488	308	-834	-34	226	84	570	2846	570	75748012	
-15894	-3156	4646	-1359	297	-799	-36	226	86	571	2851	571	75748022	
-15992	-3282	4674	-1241	253	-762	-36	226	86	572	2856	572	75748022	
-16102	-3260	4658	-1141	224	-743	-34	224	82	573	2861	573	75748022	
-16256	-3322	4636	-991	246	-728	-34	224	82	574	2866	574	75748022	
-16228	-3502	4558	-840	317	-722	-34	224	86	575	2871	575	75748022	
-16242	-3602	4352	-706	469	-709	-34	224	86	576	2876	576	75748022	
-16144	-3694	4198	-613	612	-690	-35	229	85	577	2881	577	75748022	
-16172	-3754	4062	-545	710	-693	-35	229	85	578	2886	578	75748059	
-16062	-3756	4014	-489	761	-699	-41	225	83	579	2891	579	75748059	
-16022	-3876	3916	-475	780	-696	-41	225	83	580	2896	580	75748059	
-16064	-3926	3918	-521	823	-723	-34	226	82	581	2901	581	75748059	
-15982	-4008	3822	-626	888	-745	-34	226	82	582	2906	582	75748059	
-15824	-4278	3730	-774	935	-779	-32	234	84	583	2911	583	75748060	
-15898	-4112	3784	-1029	803	-782	-32	234	84	584	2916	584	75748070	
-16102	-3612	3992	-1189	468	-699	-36	220	88	585	2921	585	75748107	
-16014	-3794	3826	-1088	450	-674	-36	220	88	586	2926	586	75748109	
-15986	-3814	3848	-1091	485	-617	-34	220	78	587	2931	587	75748109	
-15914	-3774	3790	-1232	510	-547	-34	220	78	588	2936	588	75748109	
-15792	-3790	3754	-1429	566	-469	-35	223	81	589	2941	589	75748109	
-15652	-3772	3808	-1713	586	-353	-35	223	81	590	2946	590	75748109	
-15566	-3810	3856	-2017	513	-259	-33	223	83	591	2951	591	75748109	
-15500	-3748	3956	-2337	393	-148	-33	223	83	592	2956	592	75748121	
-15560	-3700	3910	-2582	272	-63	-30	226	82	593	2961	593	75748129	
-15678	-3702	3978	-2770	192	20	-30	226	82	594	2966	594	75748129	
-15870	-3726	4072	-2902	169	61	-37	223	83	595	2971	595	75748129	
-15978	-3798	4108	-2971	222	80	-37	223	83	596	2976	596	75748130	
-16012	-3666	4132	-3021	336	91	-32	232	82	597	2981	597	75748130	
-15956	-3650	4302	-3064	441	106	-32	232	82	598	2986	598	75748130	
-15988	-3686	4278	-3072	509	125	-31	219	83	599	2991	599	75748139	
-15962	-3570	4306	-3067	503	129	-31	219	83	600	2996	600	75748170	
-15830	-3450	4296	-3081	450	146	-32	222	82	601	3001	601	75748171	
-15808	-3360	4326	-3102	388	176	-32	222	82	602	3006	602	75748171	
-15828	-3190	4314	-3110	304	179	-26	226	84	603	3011	603	75748171	
-15810	-3108	4308	-3107	214	197	-26	226	84	604	3016	604	75748171	
-15842	-3006	4352	-3021	143	190	-33	225	83	605	3021	605	75748171	
-16008	-2916	4370	-2855	104	178	-33	225	83	606	3026	606	75748205	
-16092	-2772	4342	-2664	123	163	-38	216	82	607	3031	607	75748205	
-16124	-2768	4206	-2509	221	169	-38	216	82	608	3036	608	75748205	
-16168	-2580	4166	-2348	365	178	-36	218	80	609	3041	609	75748206	
-16158	-2552	4098	-2196	464	184	-36	218	80	610	3046	610	75748206	
-15970	-2506	4086	-2042	507	182	-34	218	82	611	3051	611	75748206	
-15932	-2486	4018	-1870	494	192	-34	218	82	612	3056	612	75748206	
-15816	-2512	4070	-1714	394	173	-30	228	86	613	3061	613	75748215	
-15726	-2546	4048	-1536	272	137	-30	228	86	614	3066	614	75748242	
-15620	-2608	4028	-1345	142	104	-29	221	81	615	3071	615	75748242	
-15546	-2584	4060	-1142	-4	58	-29	221	81	616	3076	616	75748242	
-15552	-2624	4116	-949	-135	9	-34	226	78	617	3081	617	75748242	
-15566	-2570	4176	-765	-249	-48	-34	226	78	618	3086	618	75748242	
-15580	-2554	4446	-596	-332	-105	-24	226	80	619	3091	619	75748242	
-15514	-2652	4470	-439	-418	-160	-24	226	80	620	3096	620	75748242	
-15634	-2694	4554	-307	-498	-210	-29	227	83	621	3101	621	75748264	
-15648	-2662	4648	-191	-533	-261	-29	227	83	622	3106	622	75748277	
-15716	-2652	4660	-64	-531	-298	-29	227	85	623	3111	623	75748277	
-15822	-2672	4610	58	-489	-317	-29	227	85	624	3116	624	75748277	
-15814	-2678	4794	162	-393	-306	-36	226	82	625	3121	625	75748277	
-15936	-2672	4714	217	-300	-285	-36	226	82	626	3126	626	75748277	
-15830	-2680	4736	240	-238	-255	-30	228	82	627	3131	627	75748277	
-15860	-2656	4628	270	-202	-243	-30	228	82	628	3136	628	75748285	
-15878	-2738	4546	262	-193	-195	-32	228	80	629	3141	629	75748313	
-15834	-2746	4484	223	-211	-158	-32	228	80	630	3146	630	75748314	
-15854	-2742	4488	168	-260	-143	-30	228	84	631	3151	631	75748314	
-15786	-2854	4340	188	-283	-145	-30	228	84	632	3156	632	75748315	
-15800	-2806	4274	239	-318	-155	-30	226	84	633	3161	633	75748315	
-15760	-2828	4094	314	-360	-175	-30	226	84	634	3166	634	75748322	
-15754	-2958	4104	358	-391	-197	-30	228	80	635	3171	635	75748350	
-15702	-2896	4010	379	-419	-217	-30	228	80	636	3176	636	75748351	
-15676	-2904	4068	395	-484	-246	-31	225	83	637	3181	637	75748351	
-15736	-2950	4068	428	-564	-281	-31	225	83	638	3186	638	75748351	
-15734	-2882	4070	424	-616	-317	-30	226	82	639	3191	639	75748351	
-15844	-2876	4084	424	-645	-352	-30	226	82	640	3196	640	75748351	
-15818	-2882	4138	431	-685	-384	-32	220	92	641	3201	641	75748351	
-15936	-2792	4102	433	-684	-405	-32	220	92	642	3206	642	75748360	
-16002	-2758	4236	423	-681	-412	-26	230	84	643	3211	643	75748388	
-16050	-2720	4228	420	-644	-425	-26	230	84	644	3216	644	75748388	
-15898	-2670	4214	406	-576	-410	-31	225	83	645	3221	645	75748388	
-15814	-2648	4226	381	-538	-376	-31	225	83	646	3226	646	75748388	
-15730	-2638	4330	318	-533	-340	-27	229	79	647	3231	647	75748388	
-15674	-2620	4346	258	-575	-316	-27	229	79	648	3236	648	75748388	
-15622	-2648	4422	218	-609	-280	-33	229	85	649	3241	649	75748396	
-15634	-2712	4410	219	-629	-256	-33	229	85	650	3246	650	75748430	
-15678	-2768	4484	225	-625	-233	-32	224	86	651	3251	651	75748430	
-15612	-2732	4378	282	-601	-241	-32	224	86	652	3256	652	75748430	
-15716	-2770	4352	344	-574	-241	-33	221	81	653	3261	653	75748431	
-15808	-2714	4290	397	-545	-257	-33	221	81	654	3266	654	75748431	
-15844	-2770	4330	426	-530	-282	-32	224	84	655	3271	655	75748431	
-15912	-2744	4144	444	-490	-298	-32	224	84	656	3276	656	75748431	
-16022	-2674	4166	464	-401	-316	-29	227	83	657	3281	657	75748470	
-16066	-2656	4114	513	-306	-321	-29	227	83	658	3286	658	75748470	
-16068	-2620	4200	544	-202	-327	-31	221	81	659	3291	659	75748470	
-16022	-2540	4112	589	-107	-326	-31	221	81	660	3296	660	75748470	
-15948	-2516	4116	616	-36	-316	-30	222	86	661	3301	661	75748471	
-15958	-2482	4054	660	-20	-319	-30	222	86	662	3306	662	75748471	
-15992	-2512	4026	734	-25	-322	-31	221	87	663	3311	663	75748471	
-16064	-2526	4198	755	19	-343	-31	221	87	664	3316	664	75748479	
-15992	-2522	4328	782	56	-342	-31	227	87	665	3321	665	75748511	
-16108	-2482	4346	881	59	-355	-31	227	87	666	3326	666	75748512	
-16112	-2468	4402	986	49	-369	-27	225	85	667	3331	667	75748512	
-16200	-2472	4474	1101	-6	-395	-27	225	85	668	3336	668	75748513	
-16230	-2516	4480	1196	-59	-407	-28	226	88	669	3341	669	75748513	
-16252	-2474	4544	1286	-81	-391	-28	226	88	670	3346	670	75748514	
-16196	-2458	4504	1355	-63	-366	-26	230	84	671	3351	671	75748514	
-16044	-2450	4426	1352	-18	-313	-26	230	84	672	3356	672	75748514	
-15944	-2486	4460	1323	17	-254	-28	228	88	673	3361	673	75748558	
-15790	-2570	4374	1268	14	-184	-28	228	88	674	3366	674	75748558	
-15760	-2612	4246	1162	-8	-140	-29	225	87	675	3371	675	75748559	
-15764	-2652	4232	1042	-70	-87	-29	225	87	676	3376	676	75748559	
-15786	-2740	4164	935	-109	-51	-26	228	82	677	3381	677	75748559	
-15904	-2832	4126	828	-147	-17	-26	228	82	678	3386	678	75748559	
-15900	-3018	4094	783	-157	4	-27	227	89	679	3391	679	75748560	
-15986	-3126	4102	749	-152	28	-27	227	89	680	3396	680	75748560	
-15886	-3116	4062	712	-121	59	-32	224	82	681	3401	681	75748578	
-15982	-3140	4142	714	-69	87	-32	224	82	682	3406	682	75748596	
-15992	-3184	4056	727	-47	98	-30	228	82	683	3411	683	75748596	
-15892	-3202	4116	742	-58	112	-30	228	82	684	3416	684	75748596	
-15908	-3252	4182	708	-63	117	-33	227	81	685	3421	685	75748596	
-15916	-3232	4120	633	-63	120	-33	227	81	686	3426	686	75748596	
-15874	-3254	4174	499	-49	118	-36	226	80	687	3431	687	75748596	
-15876	-3284	4086	297	-54	130	-36	226	80	688	3436	688	75748596	
-15910	-3358	3996	72	-68	138	-32	224	82	689	3441	689	75748635	
-15936	-3242	4024	-176	-75	160	-32	224	82	690	3446	690	75748635	
-15954	-3306	4160	-419	-54	177	-33	231	77	691	3451	691	75748635	
-15954	-3228	4110	-614	-7	211	-33	231	77	692	3456	692	75748636	
-15936	-3240	4148	-754	26	235	-28	228	80	693	3461	693	75748636	
-15970	-3278	4190	-830	0	244	-28	228	80	694	3466	694	75748637	
-15920	-3284	4210	-875	-39	261	-34	226	88	695	3471	695	75748637	
-15900	-3256	4224	-852	-77	285	-34	226	88	696	3476	696	75748638	
-15866	-3344	4300	-807	-115	300	-32	226	82	697	3481	697	75748654	
-15746	-3354	4348	-760	-163	330	-32	226	82	698	3486	698	75748654	
-15740	-3354	4330	-678	-217	354	-34	224	86	699	3491	699	75748716	
-15648	-3402	4326	-603	-249	384	-34	224	86	700	3496	700	75748716	
-15672	-3458	4398	-510	-283	397	-34	226	86	701	3501	701	75748716	
-15752	-3524	4310	-429	-333	394	-34	226	86	702	3506	702	75748716	
-15734	-3436	4276	-378	-382	390	-39	223	81	703	3511	703	75748717	
-15786	-3458	4312	-356	-417	377	-39	223	81	704	3516	704	75748717	
-15910	-3444	4348	-329	-430	369	-31	219	87	705	3521	705	75748717	
-15940	-3364	4274	-309	-424	353	-31	219	87	706	3526	706	75748766	
-16028	-3380	4366	-273	-409	339	-26	224	86	707	3531	707	75748768	
-16098	-3406	4442	-217	-398	341	-26	224	86	708	3536	708	75748768	
-16058	-3414	4498	-161	-379	357	-37	219	77	709	3541	709	75748768	
-15942	-3418	4544	-85	-321	385	-37	219	77	710	3546	710	75748768	
-15888	-3454	4522	5	-285	409	-31	227	85	711	3551	711	75748768	
-15840	-3466	4486	130	-289	435	-31	227	85	712	3556	712	75748768	
-15806	-3522	4466	237	-302	456	-30	224	88	713	3561	713	75748768	
-15764	-3584	4388	332	-336	449	-30	224	88	714	3566	714	75748768	
-15784	-3564	4518	427	-390	434	-33	223	89	715	3571	715	75748768	
-15918	-3586	4382	529	-432	404	-33	223	89	716	3576	716	75748769	
-15924	-3736	4340	650	-460	378	-32	222	86	717	3581	717	75748769	
-16070	-3756	4218	760	-457	356	-32	222	86	718	3586	718	75748805	
-16018	-3838	4178	816	-429	375	-31	225	87	719	3591	719	75748805	
-16024	-3808	4134	810	-393	403	-31	225	87	720	3596	720	75748806	
-16016	-3888	4062	732	-376	460	-32	226	86	721	3601	721	75748806	
-16058	-3940	4042	571	-391	529	-32	226	86	722	3606	722	75748807	
-16054	-3976	4048	378	-384	595	-28	224	86	723	3611	723	75748807	
-15990	-3974	3996	215	-363	661	-28	224	86	724	3616	724	75748808	
-16026	-4022	3938	66	-337	717	-29	221	85	725	3621	725	75748808	
-15974	-4044	3888	-91	-335	765	-29	221	85	726	3626	726	75748809	
-16042	-4048	3970	-273	-332	785	-30	224	84	727	3631	727	75748809	
-16074	-4060	3992	-475	-380	822	-30	224	84	728	3636	728	75748809	
-16084	-3976	3996	-657	-405	839	-36	224	86	729	3641	729	75748815	
-16134	-3984	4072	-812	-415	860	-36	224	86	730	3646	730	75748844	
-16080	-3910	4054	-923	-434	866	-37	221	87	731	3651	731	75748844	
-16166	-3898	4084	-958	-445	883	-37	221	87	732	3656	732	75748844	
-16172	-3902	4148	-988	-444	904	-32	216	84	733	3661	733	75748844	
-16246	-3844	4056	-996	-436	946	-32	216	84	734	3666	734	75748845	
-16238	-3780	4082	-982	-434	1004	-32	218	82	735	3671	735	75748845	
-16200	-3838	4046	-962	-465	1059	-32	218	82	736	3676	736	75748845	
-16242	-3732	4078	-968	-477	1148	-27	227	89	737	3681	737	75748855	
-16114	-3684	3970	-973	-475	1228	-27	227	89	738	3686	738	75748882	
-16142	-3524	4052	-973	-435	1323	-32	222	80	739	3691	739	75748882	
-16020	-3532	3950	-992	-386	1416	-32	222	80	740	3696	740	75748883	
-16048	-3490	4032	-1012	-339	1501	-32	224	84	741	3701	741	75748883	
-15974	-3378	3984	-1028	-285	1565	-32	224	84	742	3706	742	75748883	
-15914	-3304	4026	-1034	-252	1632	-35	217	81	743	3711	743	75748883	
-15802	-3260	3912	-1015	-253	1678	-35	217	81	744	3716	744	75748884	
-15860	-3248	3938	-966	-282	1700	-30	220	84	745	3721	745	75748884	
-15774	-3124	3942	-908	-339	1683	-30	220	84	746	3726	746	75748884	
-15788	-3140	4144	-839	-400	1617	-27	227	87	747	3731	747	75748892	
-15896	-3152	4172	-731	-414	1560	-27	227	87	748	3736	748	75748919	
-15942	-3216	4234	-624	-327	1510	-29	219	85	749	3741	749	75748919	
-15994	-3332	4274	-475	-169	1482	-29	219	85	750	3746	750	75748920	
-15984	-3418	4234	-324	-16	1481	-34	216	80	751	3751	751	75748920	
-15876	-3462	4122	-201	86	1498	-34	216	80	752	3756	752	75748920	
-15800	-3516	4042	-136	82	1533	-34	218	84	753	3761	753	75748920	
-15788	-3516	3952	-151	-24	1592	-34	218	84	754	3766	754	75748920	
-15774	-3526	3946	-232	-142	1639	-30	224	86	755	3771	755	75748959	
-15818	-3420	3886	-367	-263	1681	-30	224	86	756	3776	756	75748975	
-15816	-3370	3944	-504	-339	1738	-29	223	83	757	3781	757	75748977	
-15842	-3238	3954	-596	-371	1794	-29	223	83	758	3786	758	75748977	
-15874	-3100	4174	-624	-396	1843	-31	223	85	759	3791	759	75748977	
-15926	-3042	4220	-565	-402	1875	-31	223	85	760	3796	760	75748978	
