-16336	3128	6060	-1069	-2072	432	-117	103	35	1	1	1	75771197	
-16384	3192	5900	-1033	-2038	336	-114	106	34	2	6	2	75771197	
-16390	3382	5758	-1095	-1926	231	-114	106	34	3	11	3	75771197	
-16364	3532	5526	-1208	-1750	145	-110	102	42	4	16	4	75771197	
-16350	3728	5380	-1329	-1517	92	-110	102	42	5	21	5	75771207	
-16306	3732	5214	-1414	-1274	30	-110	106	36	6	26	6	75771235	
-16214	3730	5272	-1411	-1085	-6	-110	106	36	7	31	7	75771236	
-16112	3622	5268	-1283	-974	-56	-115	101	41	8	36	8	75771236	
-16110	3642	5212	-1105	-939	-112	-115	101	41	9	41	9	75771236	
-16112	3538	5308	-880	-955	-142	-113	99	39	10	46	10	75771237	
-16088	3470	5316	-658	-980	-170	-113	99	39	11	51	11	75771237	
-16090	3332	5498	-443	-957	-177	-110	94	36	12	56	12	75771237	
-15996	3388	5796	-237	-905	-163	-110	94	36	13	61	13	75771266	
-15966	3352	5752	-57	-836	-136	-116	100	34	14	66	14	75771277	
-15858	3374	5930	72	-785	-118	-116	100	34	15	71	15	75771278	
-15840	3316	6028	107	-716	-86	-116	100	32	16	76	16	75771278	
-15806	3324	6102	63	-609	-42	-116	100	32	17	81	17	75771279	
-15786	3392	6194	-26	-506	10	-119	99	41	18	86	18	75771279	
-15716	3366	6140	-142	-402	69	-119	99	41	19	91	19	75771280	
-15728	3370	6350	-262	-289	125	-113	101	37	20	96	20	75771287	
-15620	3306	6456	-405	-186	151	-113	101	37	21	101	21	75771313	
-15726	3302	6488	-520	-92	179	-114	102	36	22	106	22	75771313	
-15676	3312	6548	-591	-6	170	-114	102	36	23	111	23	75771313	
-15548	3192	6626	-621	76	158	-119	91	29	24	116	24	75771313	
-15524	3174	6576	-629	103	132	-119	91	29	25	121	25	75771313	
-15448	3114	6630	-635	108	98	-112	104	38	26	126	26	75771313	
-15514	3050	6626	-630	100	46	-112	104	38	27	131	27	75771313	
-15396	3042	6510	-611	106	11	-117	97	31	28	136	28	75771313	
-15350	3140	6592	-583	155	-12	-117	97	31	29	141	29	75771352	
-15326	3142	6582	-539	202	-34	-110	102	40	30	146	30	75771352	
-15244	3146	6464	-473	230	-48	-110	102	40	31	151	31	75771353	
-15154	3230	6632	-436	245	-43	-118	94	30	32	156	32	75771353	
-15106	3188	6494	-372	238	-32	-118	94	30	33	161	33	75771353	
-15114	3310	6572	-331	237	-1	-118	94	34	34	166	34	75771354	
-15114	3310	6620	-296	223	17	-118	94	34	35	171	35	75771354	
-15074	3428	6620	-231	211	61	-115	101	33	36	176	36	75771362	
-15104	3496	6526	-192	228	117	-115	101	33	37	181	37	75771388	
-15238	3468	6618	-142	244	143	-113	95	39	38	186	38	75771388	
-15342	3460	6464	-122	257	190	-113	95	39	39	191	39	75771388	
-15384	3498	6520	-117	295	246	-109	103	39	40	196	40	75771388	
-15522	3394	6366	-179	348	287	-109	103	39	41	201	41	75771388	
-15604	3392	6294	-290	406	333	-116	96	42	42	206	42	75771388	
-15678	3356	6214	-423	475	368	-116	96	42	43	211	43	75771388	
-15790	3386	6258	-540	578	378	-113	103	33	44	216	44	75771419	
-15720	3386	6086	-621	731	391	-113	103	33	45	221	45	75771440	
-15776	3532	6170	-654	870	374	-115	99	35	46	226	46	75771440	
-15594	3468	6128	-624	935	356	-115	99	35	47	231	47	75771440	
-15556	3494	6082	-562	955	323	-113	101	35	48	236	48	75771441	
-15406	3476	6174	-490	893	300	-113	101	35	49	241	49	75771441	
-15378	3538	6198	-403	790	270	-112	104	36	50	246	50	75771441	
-15338	3520	6166	-270	668	263	-112	104	36	51	251	51	75771441	
-15334	3620	6136	-107	543	259	-113	105	33	52	256	52	75771481	
-15338	3536	6120	71	451	251	-113	105	33	53	261	53	75771493	
-15348	3566	6192	216	409	236	-118	100	36	54	266	54	75771494	
-15302	3444	6162	350	396	226	-118	100	36	55	271	55	75771494	
-15356	3418	6112	437	409	245	-110	104	34	56	276	56	75771494	
-15346	3438	6124	540	418	256	-110	104	34	57	281	57	75771494	
-15322	3246	6170	623	435	238	-112	100	30	58	286	58	75771494	
-15366	3310	6228	696	456	244	-112	100	30	59	291	59	75771495	
-15332	3258	6214	803	453	236	-112	104	36	60	296	60	75771495	
-15256	3230	6172	939	460	216	-112	104	36	61	301	61	75771501	
-15174	3204	6274	1110	483	218	-114	104	38	62	306	62	75771528	
-15064	3268	6342	1243	485	216	-114	104	38	63	311	63	75771528	
-15072	3358	6344	1346	460	241	-116	102	38	64	316	64	75771528	
-14972	3436	6278	1429	426	260	-116	102	38	65	321	65	75771528	
-15044	3568	6356	1487	391	313	-112	106	36	66	326	66	75771528	
-15086	3540	6346	1527	368	354	-112	106	36	67	331	67	75771529	
-15200	3472	6348	1527	325	398	-114	104	34	68	336	68	75771529	
-15296	3394	6284	1500	288	450	-114	104	34	69	341	69	75771529	
-15424	3234	6126	1434	283	499	-115	103	39	70	346	70	75771529	
-15446	3236	6076	1332	279	529	-115	103	39	71	351	71	75771529	
-15486	3056	6064	1283	319	549	-115	103	29	72	356	72	75771538	
-15560	2850	5946	1264	348	525	-115	103	29	73	361	73	75771565	
-15530	2782	6032	1236	394	511	-117	99	29	74	366	74	75771565	
-15636	2690	5928	1222	432	505	-117	99	29	75	371	75	75771565	
-15504	2640	6006	1212	443	482	-120	100	24	76	376	76	75771565	
-15534	2660	5980	1179	433	473	-120	100	24	77	381	77	75771566	
-15434	2652	5950	1135	413	477	-118	100	32	78	386	78	75771566	
-15468	2792	5968	1088	403	481	-118	100	32	79	391	79	75771566	
-15526	2824	5908	995	424	517	-110	100	38	80	396	80	75771603	
-15568	3012	5854	902	464	574	-110	100	38	81	401	81	75771603	
-15600	3114	5842	826	545	609	-117	97	29	82	406	82	75771603	
-15676	3212	5640	740	694	642	-117	97	29	83	411	83	75771603	
-15726	3306	5642	682	871	674	-120	100	28	84	416	84	75771603	
-15662	3400	5408	610	1044	721	-120	100	28	85	421	85	75771603	
-15734	3534	5488	546	1213	761	-122	100	34	86	426	86	75771603	
-15652	3518	5498	496	1373	779	-122	100	34	87	431	87	75771614	
-15584	3610	5396	490	1478	825	-116	106	34	88	436	88	75771640	
-15538	3628	5362	507	1527	858	-116	106	34	89	441	89	75771640	
-15524	3700	5450	561	1541	885	-116	108	32	90	446	90	75771640	
-15480	3732	5426	605	1487	916	-116	108	32	91	451	91	75771640	
-15478	3774	5346	680	1420	940	-114	104	34	92	456	92	75771641	
-15470	3784	5336	773	1386	974	-114	104	34	93	461	93	75771641	
-15450	3804	5350	891	1331	1019	-114	106	36	94	466	94	75771641	
-15548	3758	5316	1014	1259	1058	-114	106	36	95	471	95	75771651	
-15584	3702	5288	1113	1179	1098	-115	101	33	96	476	96	75771679	
-15670	3598	5260	1177	1101	1138	-115	101	33	97	481	97	75771680	
-15714	3542	5178	1214	1077	1185	-117	105	27	98	486	98	75771681	
-15824	3424	5130	1210	1100	1206	-117	105	27	99	491	99	75771681	
-15914	3376	5086	1190	1155	1207	-124	104	28	100	496	100	75771682	
-15948	3240	5098	1193	1251	1210	-124	104	28	101	501	101	75771682	
-15886	3270	5108	1188	1350	1197	-115	109	31	102	506	102	75771683	
-15918	3228	5090	1190	1439	1186	-115	109	31	103	511	103	75771764	
-15832	3266	5206	1194	1529	1149	-112	106	32	104	516	104	75771764	
-15822	3348	5216	1225	1579	1131	-112	106	32	105	521	105	75771764	
-15760	3330	5138	1320	1627	1106	-120	104	28	106	526	106	75771764	
-15682	3390	5260	1415	1659	1086	-120	104	28	107	531	107	75771764	
-15722	3452	5364	1497	1680	1067	-118	110	34	108	536	108	75771764	
-15682	3582	5412	1570	1709	1057	-118	110	34	109	541	109	75771764	
-15646	3566	5354	1623	1713	1069	-122	104	28	110	546	110	75771772	
-15610	3596	5538	1624	1720	1097	-122	104	28	111	551	111	75771807	
-15528	3724	5482	1592	1766	1154	-120	112	30	112	556	112	75771808	
-15522	3848	5662	1565	1846	1202	-120	112	30	113	561	113	75771808	
-15420	3814	5768	1563	1892	1240	-118	112	30	114	566	114	75771809	
-15348	3928	5884	1572	1935	1310	-118	112	30	115	571	115	75771809	
-15280	4064	5958	1608	1946	1348	-121	107	31	116	576	116	75771809	
-15276	4094	6030	1656	1938	1358	-121	107	31	117	581	117	75771810	
-15320	4064	6144	1755	1905	1379	-122	110	28	118	586	118	75771810	
-15308	4058	6220	1910	1881	1450	-122	110	28	119	591	119	75771810	
-15388	3920	6170	1964	1825	1447	-121	105	29	120	596	120	75771811	
-15420	3806	6144	1974	1790	1500	-121	105	29	121	601	121	75771811	
-15500	3714	6098	1919	1810	1534	-120	112	30	122	606	122	75771811	
-15692	3628	6116	1766	1893	1541	-120	112	30	123	611	123	75771830	
-15618	3600	6116	1779	2005	1660	-123	113	29	124	616	124	75771842	
-15686	3546	6090	1795	2101	1686	-123	113	29	125	621	125	75771842	
-15560	3550	6172	1833	2165	1692	-118	112	26	126	626	126	75771842	
-15522	3606	6234	1834	2240	1639	-118	112	26	127	631	127	75771842	
-15416	3598	6206	1875	2263	1615	-125	109	25	128	636	128	75771842	
-15448	3664	6188	1919	2258	1544	-125	109	25	129	641	129	75771842	
-15490	3708	6044	1970	2257	1428	-118	116	24	130	646	130	75771843	
-15504	3744	5956	2051	2346	1374	-118	116	24	131	651	131	75771843	
-15558	3852	5818	2188	2486	1402	-118	116	28	132	656	132	75771843	
-15654	3974	5638	2322	2595	1431	-118	116	28	133	661	133	75771843	
-15690	4202	5412	2439	2684	1489	-122	114	26	134	666	134	75771843	
-15816	4422	5192	2426	2772	1511	-122	114	26	135	671	135	75771851	
-15934	4512	5138	2386	2840	1552	-123	111	21	136	676	136	75771880	
-16014	4546	5022	2345	2887	1593	-123	111	21	137	681	137	75771880	
-16210	4716	4880	2342	2965	1652	-129	111	21	138	686	138	75771880	
-16246	4684	4616	2289	3087	1723	-129	111	21	139	691	139	75771880	
-16312	4762	4526	2253	3294	1792	-122	110	22	140	696	140	75771881	
-16270	4866	4584	2273	3556	1811	-122	110	22	141	701	141	75771881	
-16120	4952	4578	2444	3797	1841	-119	113	19	142	706	142	75771881	
-16204	5110	4704	2666	3941	1796	-119	113	19	143	711	143	75771898	
-16054	5234	4614	3034	3951	1776	-117	115	25	144	716	144	75771918	
-16088	5492	4598	3418	3897	1724	-117	115	25	145	721	145	75771918	
-16118	5566	4466	3881	3829	1798	-124	122	16	146	726	146	75771919	
-16122	5852	4284	4236	3721	1824	-124	122	16	147	731	147	75771919	
-16244	6026	4200	4501	3634	1851	-115	117	15	148	736	148	75771919	
-16352	6082	3992	4755	3627	1963	-115	117	15	149	741	149	75771919	
-16562	6200	3748	4985	3740	2042	-121	129	17	150	746	150	75771920	
-16868	6146	3564	5218	3899	2188	-121	129	17	151	751	151	75771934	
-17000	6158	3354	5380	4102	2335	-124	124	10	152	756	152	75771955	
-16942	6142	3232	5529	4369	2376	-124	124	10	153	761	153	75771956	
-17028	6096	3038	5802	4740	2348	-128	118	12	154	766	154	75771956	
-17268	6056	2842	6058	5167	2382	-128	118	12	155	771	155	75771956	
-17264	6048	2600	6271	5518	2453	-124	120	10	156	776	156	75771956	
-17340	5982	2160	6364	5889	2451	-124	120	10	157	781	157	75771956	
-17292	5810	2018	6323	6283	2513	-129	115	9	158	786	158	75771957	
-17298	5682	1844	6380	6597	2572	-129	115	9	159	791	159	75771994	
-17366	5410	1550	6395	6915	2584	-123	123	5	160	796	160	75771994	
-17498	5334	1274	6300	7198	2593	-123	123	5	161	801	161	75771995	
-17616	5306	816	6024	7576	2490	-126	124	4	162	806	162	75771995	
-17848	5168	424	5523	8098	2281	-126	124	4	163	811	163	75771995	
-17926	5278	106	5005	8741	2109	-132	116	4	164	816	164	75771996	
-18016	5348	-22	4602	9400	1966	-132	116	4	165	821	165	75771996	
-18142	5174	-502	4246	9971	1780	-127	121	-1	166	826	166	75772001	
-18244	5106	-856	3752	10580	1642	-127	121	-1	167	831	167	75772030	
-18320	5102	-1068	3217	11176	1470	-126	130	0	168	836	168	75772030	
-18358	4986	-1338	2759	11693	1279	-126	130	0	169	841	169	75772030	
-18424	5044	-1530	2299	12239	1073	-129	121	-5	170	846	170	75772030	
-18340	5074	-1770	1883	12717	890	-129	121	-5	171	851	171	75772031	
-18352	5150	-1996	1368	13076	695	-126	124	-8	172	856	172	75772031	
-18360	5428	-2244	984	13559	675	-126	124	-8	173	861	173	75772031	
-18174	5714	-2294	741	14130	900	-124	126	-8	174	866	174	75772060	
-18044	6134	-2606	574	14653	999	-124	126	-8	175	871	175	75772061	
-18284	6596	-2872	162	15255	1009	-126	130	-18	176	876	176	75772061	
-18498	7408	-3002	-339	16103	1223	-126	130	-18	177	881	177	75772061	
-18796	7880	-3016	-566	17079	1459	-126	132	-12	178	886	178	75772061	
-18720	8552	-3120	-731	18226	1559	-126	132	-12	179	891	179	75772062	
-17776	9138	-3024	-915	19621	1566	-125	135	-17	180	896	180	75772062	
-16794	10220	-2186	-840	21035	1475	-125	135	-17	181	901	181	75772079	
-15304	10522	-1036	-391	21834	1474	-125	133	-17	182	906	182	75772099	
-14568	10920	364	171	21499	1150	-125	133	-17	183	911	183	75772099	
-14154	11218	1554	960	19874	903	-125	139	-27	184	916	184	75772099	
-13666	11482	2266	2363	17430	615	-125	139	-27	185	921	185	75772099	
-13464	11298	2762	3828	14898	324	-124	140	-22	186	926	186	75772099	
-14260	10716	2904	5130	12744	-14	-124	140	-22	187	931	187	75772099	
-15488	10132	2862	6192	11246	-267	-122	140	-24	188	936	188	75772099	
-16100	10138	3060	6977	10255	-369	-122	140	-24	189	941	189	75772137	
-16524	10130	3228	7899	10035	-484	-123	139	-31	190	946	190	75772143	
-16840	9868	3276	8831	10297	-750	-123	139	-31	191	951	191	75772143	
-16558	9148	2850	9585	10651	-1077	-128	138	-36	192	956	192	75772144	
-16180	8250	2632	10220	10957	-1697	-128	138	-36	193	961	193	75772144	
-15974	7242	2610	10612	10952	-2487	-122	140	-40	194	966	194	75772144	
-15782	6842	2770	10726	10570	-3120	-122	140	-40	195	971	195	75772147	
-15450	6396	3090	10884	9751	-3506	-125	145	-39	196	976	196	75772174	
-15140	6134	3132	11144	8665	-3846	-125	145	-39	197	981	197	75772174	
-15010	6058	3066	11253	7650	-4092	-121	143	-47	198	986	198	75772174	
-14970	5998	3120	11198	6877	-4271	-121	143	-47	199	991	199	75772174	
-14922	5904	2924	11017	6381	-4421	-117	143	-43	200	996	200	75772174	
-14774	5664	2694	10830	6188	-4511	-117	143	-43	201	1001	201	75772175	
-14552	5302	2418	10594	6216	-4548	-117	145	-45	202	1006	202	75772175	
-14366	5014	2010	10403	6351	-4520	-117	145	-45	203	1011	203	75772211	
-14254	4548	1764	10244	6411	-4502	-114	146	-52	204	1016	204	75772212	
-14218	4138	1574	9994	6155	-4558	-114	146	-52	205	1021	205	75772212	
-14152	3580	1648	9698	5641	-4596	-116	144	-50	206	1026	206	75772212	
-14162	3010	1738	9672	5112	-4568	-116	144	-50	207	1031	207	75772212	
-14274	2448	1688	9490	4552	-4581	-114	150	-58	208	1036	208	75772212	
-14150	2008	1590	9177	4169	-4583	-114	150	-58	209	1041	209	75772212	
-14366	1536	1502	8624	4034	-4605	-114	144	-58	210	1046	210	75772222	
-14216	1150	1244	7956	4117	-4421	-114	144	-58	211	1051	211	75772249	
-14076	912	1062	7127	4360	-4225	-115	151	-61	212	1056	212	75772249	
-14092	660	808	6096	4556	-3948	-115	151	-61	213	1061	213	75772249	
-13946	650	520	4902	4672	-3573	-111	149	-65	214	1066	214	75772249	
-13724	714	274	3514	4739	-3158	-111	149	-65	215	1071	215	75772249	
-13546	954	112	2050	4804	-2738	-105	151	-67	216	1076	216	75772249	
-13350	1356	-220	633	4822	-2379	-105	151	-67	217	1081	217	75772249	
-13398	1842	-408	-619	4803	-2138	-106	156	-70	218	1086	218	75772258	
-13530	2042	-610	-1587	4768	-1914	-106	156	-70	219	1091	219	75772287	
-13682	2510	-780	-2330	4852	-1796	-106	152	-66	220	1096	220	75772287	
-13774	2854	-898	-2924	4908	-1605	-106	152	-66	221	1101	221	75772287	
-13844	3034	-1076	-3408	4819	-1435	-109	143	-75	222	1106	222	75772288	
-14072	3260	-1448	-3850	4714	-1311	-109	143	-75	223	1111	223	75772288	
-14084	3664	-1718	-4320	4680	-1249	-109	155	-61	224	1116	224	75772288	
-14096	3886	-1922	-4691	4645	-1224	-109	155	-61	225	1121	225	75772288	
-14160	3898	-2264	-5042	4562	-1268	-110	156	-70	226	1126	226	75772312	
-14262	4362	-2254	-5259	4444	-1312	-110	156	-70	227	1131	227	75772324	
-14330	4630	-2262	-5177	4197	-1336	-107	153	-67	228	1136	228	75772324	
-14564	4178	-2734	-4893	3846	-1487	-107	153	-67	229	1141	229	75772325	
-14458	3992	-2830	-4839	3465	-1613	-96	154	-64	230	1146	230	75772331	
-14278	3858	-2734	-4922	3045	-1794	-96	154	-64	231	1151	231	75772331	
-14254	4498	-2790	-4853	2506	-2073	-110	154	-70	232	1156	232	75772332	
-14416	4372	-2882	-4532	1999	-2382	-110	154	-70	233	1161	233	75772338	
-14568	3828	-3078	-3934	1548	-2571	-103	161	-65	234	1166	234	75772359	
-14484	4300	-3130	-3627	1175	-2713	-103	161	-65	235	1171	235	75772359	
-14448	4788	-2982	-3312	1175	-2713	-103	161	-65	236	1176	236	75772359	
-14364	5146	-2944	-2752	972	-3149	-104	162	-72	237	1181	237	75772359	
-14574	5154	-3134	-2056	877	-3367	-100	156	-66	238	1186	238	75772359	
-14526	5358	-3174	-1530	698	-3409	-100	156	-66	239	1191	239	75772359	
-14448	5502	-3144	-1138	594	-3451	-102	158	-70	240	1196	240	75772359	
-14166	6052	-2976	-872	449	-3502	-102	158	-70	241	1201	241	75772396	
-13858	6698	-2816	-423	274	-3607	-103	161	-69	242	1206	242	75772397	
-13922	7182	-2960	199	83	-3769	-103	161	-69	243	1211	243	75772397	
-14184	7370	-3204	875	-176	-3814	-101	163	-67	244	1216	244	75772397	
-14296	7414	-3578	1452	-490	-3772	-101	163	-67	245	1221	245	75772397	
-14442	7544	-3990	1893	-679	-3700	-102	158	-62	246	1226	246	75772398	
-14556	7572	-4148	2408	-736	-3545	-102	158	-62	247	1231	247	75772398	
-14774	7488	-4594	3057	-721	-3408	-102	162	-76	248	1236	248	75772410	
-15044	7518	-4886	3659	-598	-3268	-102	162	-76	249	1241	249	75772443	
-15106	7394	-5172	4222	-268	-3177	-94	160	-70	250	1246	250	75772443	
-15178	7432	-5156	4738	208	-3138	-94	160	-70	251	1251	251	75772443	
-15106	7438	-4954	5393	512	-3115	-96	156	-74	252	1256	252	75772443	
-14920	7254	-4768	6256	615	-3154	-96	156	-74	253	1261	253	75772444	
-14550	7150	-4332	7276	534	-3270	-93	167	-71	254	1266	254	75772444	
-14180	6866	-4160	8316	191	-3450	-93	167	-71	255	1271	255	75772444	
-14018	6630	-3982	9045	-353	-3735	-95	161	-71	256	1276	256	75772474	
-13806	6482	-3770	9462	-1050	-3968	-95	161	-71	257	1281	257	75772474	
-13732	6334	-3664	9733	-1751	-4149	-91	163	-73	258	1286	258	75772474	
-13960	6050	-3842	9934	-2410	-4275	-91	163	-73	259	1291	259	75772474	
-14444	5318	-4072	9895	-2907	-4320	-92	164	-78	260	1296	260	75772474	
-14768	4878	-4078	9543	-3137	-4387	-92	164	-78	261	1301	261	75772474	
-15078	3986	-4080	9331	-2981	-4408	-91	157	-79	262	1306	262	75772474	
-15568	2662	-4480	9153	-2649	-4386	-91	157	-79	263	1311	263	75772474	
-15662	1762	-4546	8827	-2103	-4331	-90	170	-74	264	1316	264	75772524	
-15774	724	-4584	8715	-1409	-4263	-90	170	-74	265	1321	265	75772524	
-15974	-234	-4860	8667	-716	-4395	-89	169	-81	266	1326	266	75772525	
-15774	-796	-4948	8217	-129	-4378	-89	169	-81	267	1331	267	75772525	
-15730	-1298	-4630	7742	224	-4314	-88	166	-76	268	1336	268	75772525	
-15676	-1826	-4842	7549	303	-4293	-88	166	-76	269	1341	269	75772526	
-15668	-2338	-4738	7155	158	-4130	-85	171	-79	270	1346	270	75772526	
-15476	-2610	-4674	6551	-95	-3921	-85	171	-79	271	1351	271	75772526	
-15534	-2616	-4110	5516	-272	-3731	-83	173	-77	272	1356	272	75772552	
-15440	-2852	-3834	4531	-640	-3480	-83	173	-77	273	1361	273	75772562	
-15314	-2676	-3114	3527	-1014	-3301	-82	178	-80	274	1366	274	75772562	
-15070	-2728	-2822	2645	-1353	-3154	-82	178	-80	275	1371	275	75772562	
-15050	-2448	-2438	1603	-1613	-3031	-79	173	-83	276	1376	276	75772562	
-15218	-2248	-2336	441	-1931	-2771	-79	173	-83	277	1381	277	75772562	
-15408	-1692	-2410	-805	-2056	-2463	-83	173	-75	278	1386	278	75772562	
-15274	-1184	-2416	-1947	-1958	-2198	-83	173	-75	279	1391	279	75772562	
-15366	-786	-2256	-2958	-1870	-2058	-77	173	-75	280	1396	280	75772562	
-15484	-424	-2048	-3813	-1958	-1826	-77	173	-75	281	1401	281	75772562	
-15556	254	-2004	-4769	-2191	-1488	-77	169	-77	282	1406	282	75772605	
-15826	1234	-1890	-5718	-2412	-1081	-77	169	-77	283	1411	283	75772606	
-16016	2254	-1744	-6540	-2389	-708	-80	174	-76	284	1416	284	75772606	
-16218	3318	-1634	-7157	-2134	-470	-80	174	-76	285	1421	285	75772607	
-16118	4324	-1128	-7542	-1802	-250	-75	179	-77	286	1426	286	75772607	
-15418	5174	-698	-7865	-1607	-28	-75	179	-77	287	1431	287	75772608	
-14952	5746	-766	-8150	-1547	134	-79	171	-67	288	1436	288	75772608	
-14464	6142	-1424	-8663	-1492	278	-79	171	-67	289	1441	289	75772609	
-14072	6342	-2460	-9547	-1152	473	-78	180	-76	290	1446	290	75772627	
-13696	6734	-3876	-10769	-496	694	-78	180	-76	291	1451	291	75772636	
-13648	7114	-5072	-12351	341	958	-76	180	-74	292	1456	292	75772636	
-13514	7314	-5888	-13833	993	1220	-76	180	-74	293	1461	293	75772636	
-13366	7506	-6272	-14743	1175	1311	-76	176	-68	294	1466	294	75772637	
-13398	7654	-6220	-15030	668	1210	-76	176	-68	295	1471	295	75772637	
-13586	7498	-6354	-14644	-289	1029	-78	178	-70	296	1476	296	75772637	
-13900	7254	-6084	-13394	-1321	762	-78	178	-70	297	1481	297	75772644	
-14416	6850	-5786	-11677	-2246	489	-77	173	-71	298	1486	298	75772676	
-14846	6440	-5454	-9665	-2992	233	-77	173	-71	299	1491	299	75772677	
-15184	6164	-5020	-7594	-3537	14	-82	174	-62	300	1496	300	75772678	
-15648	5892	-4630	-5693	-3946	-101	-82	174	-62	301	1501	301	75772678	
-16464	5592	-4144	-4106	-4431	-8	-80	178	-64	302	1506	302	75772678	
-17356	5304	-3996	-2901	-4963	131	-80	178	-64	303	1511	303	75772679	
-17820	5036	-4224	-2119	-5185	269	-79	177	-63	304	1516	304	75772679	
-18104	4934	-4248	-1923	-4840	352	-79	177	-63	305	1521	305	75772714	
-17928	4864	-4294	-2123	-4010	464	-78	174	-62	306	1526	306	75772714	
-17336	4936	-4458	-2626	-2828	390	-78	174	-62	307	1531	307	75772714	
-16914	4856	-4406	-3420	-1653	177	-78	170	-62	308	1536	308	75772715	
-16358	4770	-4286	-4107	-728	124	-78	170	-62	309	1541	309	75772715	
-15818	4672	-3796	-4612	-304	-4	-78	178	-56	310	1546	310	75772715	
-15382	4498	-3408	-4754	-451	-160	-78	178	-56	311	1551	311	75772715	
-15340	4368	-3012	-4429	-1077	-285	-79	173	-65	312	1556	312	75772725	
-15708	4342	-2680	-3603	-1898	-435	-79	173	-65	313	1561	313	75772752	
-16156	4378	-2412	-2322	-2615	-587	-78	172	-60	314	1566	314	75772752	
-16486	4422	-2316	-606	-3065	-650	-78	172	-60	315	1571	315	75772752	
-16772	4396	-2192	1317	-3255	-682	-75	175	-57	316	1576	316	75772752	
-16860	4306	-2370	3329	-3315	-694	-75	175	-57	317	1581	317	75772752	
-16926	4180	-2640	5043	-3278	-657	-83	175	-61	318	1586	318	75772752	
-16946	4036	-3054	6150	-3151	-615	-83	175	-61	319	1591	319	75772752	
-16940	3872	-3428	6649	-2941	-552	-85	173	-59	320	1596	320	75772752	
-16862	3620	-4030	6537	-2649	-476	-85	173	-59	321	1601	321	75772780	
-16914	3372	-4520	5924	-2259	-351	-83	179	-61	322	1606	322	75772789	
-16950	3122	-5024	4873	-1744	-213	-83	179	-61	323	1611	323	75772789	
-17038	2732	-5270	3638	-1181	-135	-83	175	-63	324	1616	324	75772789	
-16776	2402	-5294	2472	-713	-116	-83	175	-63	325	1621	325	75772789	
-16498	2048	-5160	1580	-507	-149	-75	179	-65	326	1626	326	75772789	
-16304	1640	-5028	986	-626	-193	-75	179	-65	327	1631	327	75772789	
-16142	1490	-4596	593	-1021	-284	-81	177	-57	328	1636	328	75772799	
-15982	1382	-4240	407	-1530	-449	-81	177	-57	329	1641	329	75772831	
-15930	1356	-3700	330	-2075	-598	-76	176	-62	330	1646	330	75772831	
-15900	1260	-3242	363	-2583	-700	-76	176	-62	331	1651	331	75772831	
-16022	1366	-2812	489	-3028	-726	-82	178	-56	332	1656	332	75772831	
-16170	1308	-2380	588	-3389	-688	-82	178	-56	333	1661	333	75772831	
-16522	1322	-2002	612	-3619	-578	-75	179	-57	334	1666	334	75772831	
-16810	1334	-1764	435	-3705	-396	-75	179	-57	335	1671	335	75772831	
-17226	1428	-1596	-15	-3589	-195	-83	177	-51	336	1676	336	75772864	
-17658	1644	-1538	-718	-3276	8	-83	177	-51	337	1681	337	75772864	
-18276	1820	-1238	-1607	-2714	224	-85	177	-55	338	1686	338	75772865	
-18316	2168	-1196	-2445	-1928	462	-85	177	-55	339	1691	339	75772865	
-18166	2496	-1080	-3478	-1120	477	-80	180	-56	340	1696	340	75772865	
-17716	2640	-1028	-4397	-359	433	-80	180	-56	341	1701	341	75772865	
-17130	2688	-1088	-5095	306	399	-76	182	-52	342	1706	342	75772866	
-16488	2966	-1340	-5567	794	423	-76	182	-52	343	1711	343	75772880	
-15976	3086	-1528	-5859	1009	430	-81	181	-53	344	1716	344	75772901	
-15560	3290	-1830	-5907	1002	460	-81	181	-53	345	1721	345	75772902	
-15256	3474	-2220	-5710	850	530	-80	178	-52	346	1726	346	75772902	
-15124	3784	-2302	-5316	538	555	-80	178	-52	347	1731	347	75772902	
-15028	3904	-2488	-4660	122	564	-82	182	-52	348	1736	348	75772902	
-15062	4120	-2544	-3773	-380	581	-82	182	-52	349	1741	349	75772902	
-15144	4290	-2514	-2881	-947	502	-77	177	-55	350	1746	350	75772902	
-15180	4260	-2504	-2099	-1540	343	-77	177	-55	351	1751	351	75772942	
-15382	4184	-2402	-1416	-2110	161	-79	179	-55	352	1756	352	75772942	
-15634	4120	-2342	-859	-2525	9	-79	179	-55	353	1761	353	75772942	
-15978	3930	-2450	-430	-2752	-143	-82	176	-52	354	1766	354	75772943	
-16274	3820	-2496	-144	-2780	-272	-82	176	-52	355	1771	355	75772943	
-16516	3558	-2492	91	-2565	-384	-82	178	-50	356	1776	356	75772944	
-16640	3578	-2470	269	-2206	-519	-82	178	-50	357	1781	357	75772944	
-16636	3474	-2402	497	-1817	-662	-76	176	-52	358	1786	358	75772952	
-16642	3422	-2498	820	-1458	-799	-76	176	-52	359	1791	359	75772979	
-16518	3226	-2504	1198	-1158	-910	-79	183	-57	360	1796	360	75772979	
-16504	3208	-2400	1605	-935	-971	-79	183	-57	361	1801	361	75772979	
-16350	3088	-2428	1932	-817	-1016	-85	173	-55	362	1806	362	75772979	
-16032	3086	-2388	2263	-804	-1030	-85	173	-55	363	1811	363	75772979	
-15888	3080	-2322	2521	-920	-1047	-80	182	-50	364	1816	364	75772979	
-15622	3012	-2300	2661	-1135	-1032	-80	182	-50	365	1821	365	75772979	
-15578	3068	-2458	2627	-1366	-959	-77	173	-53	366	1826	366	75772980	
-15730	3090	-2642	2455	-1510	-881	-77	173	-53	367	1831	367	75773059	
-15792	3068	-2844	2176	-1534	-769	-76	178	-52	368	1836	368	75773059	
-15792	3124	-2678	1876	-1478	-682	-76	178	-52	369	1841	369	75773059	
-15970	3054	-2584	1656	-1436	-590	-84	178	-52	370	1846	370	75773059	
-16048	2816	-2542	1482	-1435	-491	-84	178	-52	371	1851	371	75773059	
-16224	2720	-2498	1293	-1475	-344	-82	180	-48	372	1856	372	75773060	
-16344	2534	-2526	1075	-1439	-224	-82	180	-48	373	1861	373	75773060	
-16510	2368	-2460	851	-1291	-123	-78	174	-52	374	1866	374	75773072	
-16580	2290	-2476	633	-1075	-29	-78	174	-52	375	1871	375	75773097	
-16496	2210	-2510	441	-835	76	-78	178	-52	376	1876	376	75773097	
-16492	2304	-2478	276	-598	129	-78	178	-52	377	1881	377	75773097	
-16510	2078	-2482	94	-421	155	-76	180	-52	378	1886	378	75773098	
-16600	2176	-2394	-85	-289	199	-76	180	-52	379	1891	379	75773098	
-16608	2046	-2326	-234	-188	242	-77	177	-49	380	1896	380	75773098	
-16626	1914	-2222	-299	-83	305	-77	177	-49	381	1901	381	75773098	
-16636	1906	-2070	-427	-38	327	-74	178	-52	382	1906	382	75773098	
-16568	1876	-1848	-554	-77	348	-74	178	-52	383	1911	383	75773098	
-16506	1798	-1734	-653	-175	347	-78	176	-52	384	1916	384	75773099	
-16502	1862	-1590	-679	-264	363	-78	176	-52	385	1921	385	75773099	
-16470	1860	-1554	-701	-321	351	-75	175	-49	386	1926	386	75773099	
-16478	1908	-1406	-684	-312	356	-75	175	-49	387	1931	387	75773099	
-16314	1988	-1350	-649	-287	337	-77	179	-49	388	1936	388	75773107	
-16240	2066	-1306	-714	-316	277	-77	179	-49	389	1941	389	75773107	
-16190	2238	-1300	-719	-385	282	-81	175	-51	390	1946	390	75773115	
-16046	2358	-1366	-777	-482	291	-81	175	-51	391	1951	391	75773134	
-16136	2606	-1242	-895	-595	253	-82	176	-54	392	1956	392	75773134	
-16136	2718	-1302	-963	-705	254	-82	176	-54	393	1961	393	75773135	
-16216	2746	-1344	-931	-736	229	-81	179	-53	394	1966	394	75773135	
-16284	2804	-1334	-870	-721	170	-81	179	-53	395	1971	395	75773135	
-16304	2760	-1434	-801	-690	109	-79	177	-53	396	1976	396	75773136	
-16314	2766	-1446	-753	-646	100	-79	177	-53	397	1981	397	75773136	
-16314	2698	-1566	-731	-614	34	-76	182	-50	398	1986	398	75773152	
-16334	2604	-1688	-672	-574	-27	-76	182	-50	399	1991	399	75773170	
-16420	2544	-1802	-620	-524	-41	-74	178	-52	400	1996	400	75773170	
-16460	2464	-1698	-539	-521	-64	-74	178	-52	401	2001	401	75773171	
-16394	2458	-1652	-452	-552	-54	-75	183	-45	402	2006	402	75773171	
-16346	2428	-1678	-295	-584	-42	-75	183	-45	403	2011	403	75773171	
-16322	2432	-1620	-152	-637	-22	-81	183	-47	404	2016	404	75773171	
-16236	2618	-1668	-12	-698	-1	-81	183	-47	405	2021	405	75773172	
-16158	2696	-1532	63	-778	3	-80	182	-52	406	2026	406	75773200	
-16098	2826	-1598	62	-909	14	-80	182	-52	407	2031	407	75773214	
-16018	2872	-1602	24	-1036	36	-81	179	-51	408	2036	408	75773216	
-16018	3034	-1662	-64	-1157	23	-81	179	-51	409	2041	409	75773219	
-16096	2984	-1696	-159	-1216	37	-76	178	-46	410	2046	410	75773220	
-16122	2956	-1782	-291	-1210	30	-76	178	-46	411	2051	411	75773221	
-16194	2906	-2016	-383	-1136	14	-76	178	-54	412	2056	412	75773221	
-16238	2836	-1932	-391	-1006	0	-76	178	-54	413	2061	413	75773221	
-16342	2754	-2000	-317	-904	-38	-79	181	-47	414	2066	414	75773245	
-16358	2642	-1928	-226	-835	-70	-79	181	-47	415	2071	415	75773245	
-16344	2540	-1902	-81	-775	-87	-71	181	-47	416	2076	416	75773246	
-16430	2336	-1772	106	-762	-99	-71	181	-47	417	2081	417	75773246	
-16418	2242	-1690	261	-746	-103	-78	182	-44	418	2086	418	75773246	
-16590	2104	-1622	408	-713	-85	-78	182	-44	419	2091	419	75773246	
-16602	2064	-1496	484	-653	-47	-79	181	-45	420	2096	420	75773247	
-16626	2032	-1406	541	-585	7	-79	181	-45	421	2101	421	75773283	
-16678	2084	-1224	542	-531	76	-79	177	-45	422	2106	422	75773283	
-16626	2148	-1184	564	-499	102	-79	177	-45	423	2111	423	75773283	
-16452	2358	-1096	635	-452	128	-85	173	-55	424	2116	424	75773283	
-16472	2604	-812	600	-459	149	-85	173	-55	425	2121	425	75773283	
-16312	2760	-986	692	-438	199	-77	175	-43	426	2126	426	75773283	
-16352	2774	-1002	695	-402	134	-77	175	-43	427	2131	427	75773283	
-16362	2974	-1034	776	-340	105	-81	179	-55	428	2136	428	75773295	
-16364	3068	-1208	849	-276	77	-81	179	-55	429	2141	429	75773320	
-16392	3108	-1324	935	-201	39	-84	178	-50	430	2146	430	75773321	
-16364	3136	-1542	1001	-100	-2	-84	178	-50	431	2151	431	75773321	
-16386	3096	-1694	1018	22	-62	-83	179	-51	432	2156	432	75773321	
-16436	2986	-1736	1061	125	-130	-83	179	-51	433	2161	433	75773321	
-16442	2888	-1824	1085	180	-169	-81	169	-51	434	2166	434	75773322	
-16386	2910	-1998	1089	216	-213	-81	169	-51	435	2171	435	75773322	
-16366	2798	-2026	1080	215	-234	-81	177	-47	436	2176	436	75773359	
-16298	2784	-1912	1100	176	-226	-81	177	-47	437	2181	437	75773359	
-16090	2754	-1804	1189	55	-232	-87	175	-49	438	2186	438	75773359	
-16070	2786	-1702	1336	-123	-220	-87	175	-49	439	2191	439	75773359	
-16026	2772	-1472	1510	-340	-206	-80	182	-52	440	2196	440	75773359	
-16016	2768	-1324	1750	-556	-194	-80	182	-52	441	2201	441	75773359	
-16018	2746	-1308	1981	-727	-207	-83	179	-47	442	2206	442	75773359	
-16026	2644	-1270	2166	-832	-224	-83	179	-47	443	2211	443	75773371	
-16088	2588	-1312	2255	-870	-235	-75	181	-51	444	2216	444	75773404	
-16172	2618	-1436	2242	-841	-247	-75	181	-51	445	2221	445	75773404	
-16130	2586	-1522	2193	-824	-234	-79	171	-43	446	2226	446	75773405	
-16184	2568	-1636	2077	-829	-228	-79	171	-43	447	2231	447	75773405	
-16304	2450	-1692	1956	-794	-184	-82	174	-46	448	2236	448	75773405	
-16450	2438	-1896	1826	-720	-164	-82	174	-46	449	2241	449	75773406	
-16588	2382	-1936	1704	-620	-135	-77	179	-53	450	2246	450	75773406	
-16674	2416	-2106	1587	-541	-108	-77	179	-53	451	2251	451	75773414	
-16814	2300	-2136	1424	-448	-79	-82	178	-52	452	2256	452	75773440	
-16978	2176	-2070	1273	-377	-41	-82	178	-52	453	2261	453	75773440	
-17020	2138	-2162	1110	-263	2	-75	175	-47	454	2266	454	75773440	
-17124	2002	-2224	984	-119	0	-75	175	-47	455	2271	455	75773441	
-17260	1952	-2240	905	110	4	-77	175	-51	456	2276	456	75773441	
-17442	2024	-2368	832	403	-9	-77	175	-51	457	2281	457	75773441	
-17664	2044	-2492	766	755	-37	-74	176	-50	458	2286	458	75773441	
-17820	2072	-2476	658	1120	-138	-74	176	-50	459	2291	459	75773441	
-17786	2154	-2478	512	1477	-240	-84	176	-52	460	2296	460	75773471	
-17658	2132	-2534	315	1806	-342	-84	176	-52	461	2301	461	75773479	
-17464	2240	-2438	125	2086	-459	-78	178	-50	462	2306	462	75773480	
-17254	2344	-2504	-66	2249	-543	-78	178	-50	463	2311	463	75773480	
-16852	2368	-2424	-344	2283	-597	-84	176	-52	464	2316	464	75773481	
-16336	2482	-2440	-710	2089	-653	-84	176	-52	465	2321	465	75773481	
-15890	2610	-2682	-1091	1841	-668	-81	179	-51	466	2326	466	75773482	
-15770	2868	-3018	-1429	1674	-637	-81	179	-51	467	2331	467	75773483	
-16138	3238	-3536	-1624	1831	-578	-77	177	-51	468	2336	468	75773488	
-16186	3594	-4074	-1594	2383	-336	-77	177	-51	469	2341	469	75773516	
-16176	3832	-4098	-1398	3091	-40	-81	179	-53	470	2346	470	75773516	
-16106	3932	-4186	-1179	3519	118	-81	179	-53	471	2351	471	75773517	
-16090	3930	-3924	-956	3674	212	-69	181	-55	472	2356	472	75773517	
-16042	3902	-3856	-715	3599	237	-69	181	-55	473	2361	473	75773517	
-16242	3898	-3580	-506	3426	250	-80	176	-56	474	2366	474	75773517	
-16496	3920	-3556	-318	3374	251	-80	176	-56	475	2371	475	75773517	
-16608	3896	-3436	-229	3535	226	-74	176	-50	476	2376	476	75773554	
-16540	3908	-3374	-216	3809	182	-74	176	-50	477	2381	477	75773554	
-16514	3790	-3464	-359	4046	124	-82	176	-58	478	2386	478	75773554	
-16264	3616	-3476	-676	4168	77	-82	176	-58	479	2391	479	75773554	
-16186	3586	-3750	-1122	4173	55	-82	180	-58	480	2396	480	75773554	
-16036	3562	-3840	-1653	4172	57	-82	180	-58	481	2401	481	75773554	
-15934	3652	-4004	-2095	4193	91	-79	177	-63	482	2406	482	75773554	
-15840	3824	-3986	-2306	4191	141	-79	177	-63	483	2411	483	75773562	
-15792	4080	-4066	-2219	4167	232	-79	175	-59	484	2416	484	75773591	
-15862	4368	-3908	-1883	4090	355	-79	175	-59	485	2421	485	75773592	
-15836	4656	-3858	-1298	3940	515	-82	182	-56	486	2426	486	75773592	
-15910	4946	-3822	-584	3738	680	-82	182	-56	487	2431	487	75773592	
-15942	5190	-3908	164	3536	857	-80	184	-60	488	2436	488	75773593	
-16028	5414	-3962	864	3373	982	-80	184	-60	489	2441	489	75773593	
-16144	5584	-4096	1519	3309	1096	-79	175	-61	490	2446	490	75773593	
-16148	5608	-4136	2117	3322	1214	-79	175	-61	491	2451	491	75773613	
-16124	5566	-4078	2633	3383	1320	-78	180	-58	492	2456	492	75773629	
-16064	5450	-4024	3036	3419	1387	-78	180	-58	493	2461	493	75773629	
-15868	5258	-3646	3371	3354	1367	-84	176	-62	494	2466	494	75773630	
-15790	4892	-3424	3678	3087	1332	-84	176	-62	495	2471	495	75773630	
-15606	4664	-3160	3908	2669	1307	-81	177	-61	496	2476	496	75773630	
-15704	4304	-2866	4164	2214	1297	-81	177	-61	497	2481	497	75773630	
-15668	4078	-2470	4373	1746	1322	-80	176	-64	498	2486	498	75773631	
-15724	3752	-2154	4541	1270	1397	-80	176	-64	499	2491	499	75773658	
-15768	3584	-1734	4650	848	1540	-83	177	-59	500	2496	500	75773666	
-15910	3282	-1482	4798	526	1680	-83	177	-59	501	2501	501	75773666	
-15960	2956	-1490	4871	310	1886	-93	179	-69	502	2506	502	75773667	
-16228	2750	-1544	4763	226	2065	-93	179	-69	503	2511	503	75773667	
-16382	2558	-1598	4452	308	2247	-82	174	-64	504	2516	504	75773667	
-16656	2224	-1840	4093	495	2465	-82	174	-64	505	2521	505	75773667	
-16644	2014	-2110	3572	761	2663	-81	175	-71	506	2526	506	75773679	
-16680	1960	-2418	2917	1058	2889	-81	175	-71	507	2531	507	75773704	
-16472	1950	-2752	2155	1312	3095	-88	172	-66	508	2536	508	75773704	
-16330	2084	-2922	1426	1421	3307	-88	172	-66	509	2541	509	75773704	
-16466	2054	-3130	724	1376	3389	-80	180	-64	510	2546	510	75773704	
-16636	2038	-3148	24	1267	3306	-80	180	-64	511	2551	511	75773704	
-16268	2172	-3338	-336	1323	3437	-82	172	-60	512	2556	512	75773704	
-16096	2306	-3382	-524	1361	3535	-82	172	-60	513	2561	513	75773704	
-15950	2310	-3436	-578	1254	3616	-80	172	-66	514	2566	514	75773741	
-15928	2384	-3516	-662	1092	3720	-80	172	-66	515	2571	515	75773742	
-15862	2446	-3528	-834	898	3885	-95	173	-69	516	2576	516	75773742	
-15926	2674	-3634	-1111	778	4010	-95	173	-69	517	2581	517	75773743	
-15880	2576	-3832	-1458	814	4160	-92	170	-68	518	2586	518	75773743	
-15696	2526	-3868	-1885	992	4350	-92	170	-68	519	2591	519	75773743	
-15740	2528	-3834	-2318	1355	4479	-93	173	-69	520	2596	520	75773744	
-15860	2368	-3856	-2727	1878	4561	-93	173	-69	521	2601	521	75773744	
-15824	2378	-4010	-3217	2543	4711	-88	174	-70	522	2606	522	75773773	
-15774	2350	-4182	-3754	3274	4829	-88	174	-70	523	2611	523	75773783	
-15574	2406	-4088	-4284	3990	4877	-91	169	-65	524	2616	524	75773783	
-15122	2512	-3728	-4653	4491	4887	-91	169	-65	525	2621	525	75773783	
-14660	2640	-3358	-4859	4619	4793	-88	168	-68	526	2626	526	75773783	
-14158	2646	-2932	-4829	4362	4741	-88	168	-68	527	2631	527	75773783	
-13672	2802	-2320	-4541	3784	4653	-95	159	-67	528	2636	528	75773783	
-13272	2920	-1786	-4160	2866	4570	-95	159	-67	529	2641	529	75773793	
-13084	3208	-1536	-3702	1884	4443	-94	164	-68	530	2646	530	75773820	
-13004	3594	-1176	-3300	983	4362	-94	164	-68	531	2651	531	75773821	
-13014	3876	-1036	-2924	232	4406	-95	153	-71	532	2656	532	75773821	
-12994	4300	-766	-2744	-352	4377	-95	153	-71	533	2661	533	75773821	
-12994	4652	-668	-2756	-769	4391	-99	159	-69	534	2666	534	75773821	
-13204	4800	-434	-2937	-1125	4464	-99	159	-69	535	2671	535	75773821	
-13548	4862	-440	-3134	-1303	4509	-101	161	-67	536	2676	536	75773821	
-14108	4676	-980	-3413	-1177	4491	-101	161	-67	537	2681	537	75773829	
-14702	4516	-1444	-4043	-672	4493	-105	157	-65	538	2686	538	75773859	
-15132	4450	-1844	-4939	102	4472	-105	157	-65	539	2691	539	75773859	
-15010	4118	-1938	-5928	943	4443	-100	156	-66	540	2696	540	75773859	
-14718	3694	-1792	-6795	1596	4301	-100	156	-66	541	2701	541	75773860	
-14124	3284	-1418	-7393	1785	4105	-103	155	-69	542	2706	542	75773860	
-13646	3004	-1086	-7737	1412	3920	-103	155	-69	543	2711	543	75773860	
-13358	3118	-576	-7904	542	3858	-105	161	-59	544	2716	544	75773861	
-13076	3304	-302	-7745	-566	3984	-105	161	-59	545	2721	545	75773886	
-13088	3550	-130	-7344	-1681	4142	-104	156	-64	546	2726	546	75773896	
-13402	4020	-16	-6858	-2671	4215	-104	156	-64	547	2731	547	75773896	
-13766	4684	90	-6448	-3435	4339	-104	154	-62	548	2736	548	75773897	
-14042	5200	34	-6089	-3899	4453	-104	154	-62	549	2741	549	75773897	
-14076	5738	120	-5827	-4020	4577	-106	154	-58	550	2746	550	75773897	
-13916	6138	120	-5482	-3869	4568	-106	154	-58	551	2751	551	75773897	
-13836	6214	118	-5161	-3705	4471	-107	151	-59	552	2756	552	75773919	
-13518	6482	98	-5059	-3728	4442	-107	151	-59	553	2761	553	75773948	
-13464	6596	44	-5083	-4031	4460	-117	153	-61	554	2766	554	75773948	
-13608	6826	-170	-5174	-4550	4558	-117	153	-61	555	2771	555	75773948	
-13940	6878	-328	-5274	-5137	4682	-114	144	-64	556	2776	556	75773948	
-14362	7194	-396	-5245	-5593	4767	-114	144	-64	557	2781	557	75773948	
-15008	6826	-666	-4901	-5886	4818	-112	154	-56	558	2786	558	75773948	
-15630	6766	-1024	-4674	-5881	4867	-112	154	-56	559	2791	559	75773948	
-16016	6746	-1158	-4535	-5580	4941	-113	149	-57	560	2796	560	75773966	
-16160	6570	-1156	-4250	-5111	4915	-113	149	-57	561	2801	561	75773987	
-16130	6498	-1032	-4052	-4758	4876	-111	149	-51	562	2806	562	75773987	
-15998	6336	-928	-3749	-4631	4784	-111	149	-51	563	2811	563	75773988	
-15746	6526	-948	-3420	-4794	4702	-116	150	-52	564	2816	564	75773988	
-15494	6622	-942	-3014	-5128	4568	-116	150	-52	565	2821	565	75773988	
-15394	6782	-1196	-2612	-5549	4375	-112	148	-48	566	2826	566	75773988	
-15404	6842	-1214	-2256	-5995	4201	-112	148	-48	567	2831	567	75773989	
-15450	7020	-1316	-1843	-6409	4046	-120	148	-50	568	2836	568	75773989	
-15566	7066	-1378	-1266	-6697	3937	-120	148	-50	569	2841	569	75773989	
-15614	6592	-1620	-720	-6920	3826	-120	146	-50	570	2846	570	75773989	
-15726	6848	-1640	-354	-6993	3762	-120	146	-50	571	2851	571	75774037	
-15732	6740	-1442	-45	-7096	3773	-121	147	-49	572	2856	572	75774039	
-15660	6480	-1514	301	-7363	3722	-121	147	-49	573	2861	573	75774039	
-15760	6080	-1554	517	-7612	3628	-124	134	-52	574	2866	574	75774040	
-15848	5570	-1582	509	-7790	3488	-124	134	-52	575	2871	575	75774040	
-16038	5446	-1712	332	-7784	3324	-124	138	-46	576	2876	576	75774040	
-16266	5608	-1556	120	-7783	3276	-124	138	-46	577	2881	577	75774040	
-16306	5402	-1526	86	-7814	3183	-124	142	-46	578	2886	578	75774040	
-16382	5082	-1706	83	-7732	3113	-124	142	-46	579	2891	579	75774051	
-16452	4658	-1766	-110	-7564	3054	-125	137	-39	580	2896	580	75774060	
-16568	4408	-1928	-517	-7305	2967	-125	137	-39	581	2901	581	75774060	
-16564	4070	-1948	-1086	-7022	2883	-128	132	-50	582	2906	582	75774060	
-16576	3486	-1956	-1752	-6707	2746	-128	132	-50	583	2911	583	75774060	
-16576	3450	-1758	-2527	-6403	2592	-128	144	-38	584	2916	584	75774060	
-16624	3604	-1400	-3222	-6232	2435	-128	144	-38	585	2921	585	75774060	
-16930	3630	-1258	-3712	-6131	2161	-126	140	-36	586	2926	586	75774088	
-16990	3538	-1500	-3999	-5836	1969	-126	140	-36	587	2931	587	75774098	
-16972	3622	-1462	-4379	-5285	1818	-125	135	-37	588	2936	588	75774098	
-16636	3938	-1256	-4903	-4737	1629	-125	135	-37	589	2941	589	75774098	
-16332	4316	-1024	-5381	-4394	1489	-128	138	-30	590	2946	590	75774099	
-15952	4742	-820	-5685	-4292	1374	-128	138	-30	591	2951	591	75774099	
-15568	5174	-482	-5925	-4334	1280	-130	140	-34	592	2956	592	75774099	
-15324	5484	-274	-6268	-4506	1191	-130	140	-34	593	2961	593	75774099	
-15176	5866	-126	-6648	-4763	1114	-128	138	-34	594	2966	594	75774126	
-15170	6230	-136	-6958	-5009	1030	-128	138	-34	595	2971	595	75774143	
-15200	6860	-70	-7162	-5147	928	-128	138	-30	596	2976	596	75774144	
-15306	7240	-20	-7086	-5106	769	-128	138	-30	597	2981	597	75774145	
-15262	7512	72	-6838	-4922	596	-125	141	-29	598	2986	598	75774145	
-15182	7658	32	-6502	-4637	428	-125	141	-29	599	2991	599	75774146	
-15016	7686	360	-6071	-4359	307	-131	135	-23	600	2996	600	75774146	
-14840	7722	636	-5502	-4273	145	-131	135	-23	601	3001	601	75774147	
-14530	7812	824	-4930	-4472	-152	-127	131	-19	602	3006	602	75774173	
-14234	7752	920	-4253	-4722	-302	-127	131	-19	603	3011	603	75774173	
-14224	7680	1268	-3588	-5057	-483	-127	137	-19	604	3016	604	75774173	
-14252	7620	1260	-2694	-5510	-652	-127	137	-19	605	3021	605	75774173	
-14294	7346	1260	-1799	-6080	-713	-125	137	-21	606	3026	606	75774173	
-14272	7324	1266	-1178	-6645	-809	-125	137	-21	607	3031	607	75774173	
-14432	7102	1258	-679	-7086	-889	-128	128	-14	608	3036	608	75774173	
-14504	6854	1348	-201	-7350	-944	-128	128	-14	609	3041	609	75774208	
-14712	6964	1598	229	-7456	-1012	-132	134	-20	610	3046	610	75774209	
-14788	6532	1616	643	-7640	-1114	-132	134	-20	611	3051	611	75774209	
-15152	6476	2056	1081	-7732	-1259	-129	125	-25	612	3056	612	75774210	
-15370	6576	2332	1449	-7895	-1109	-129	125	-25	613	3061	613	75774210	
-15512	6668	2784	1763	-8141	-1014	-128	132	-18	614	3066	614	75774211	
-15614	6834	2912	2173	-8495	-1016	-128	132	-18	615	3071	615	75774211	
-15612	7238	3086	2333	-8930	-1073	-129	129	-19	616	3076	616	75774213	
-15232	7496	3350	2236	-9305	-1231	-129	129	-19	617	3081	617	75774240	
-15092	7928	3284	2262	-9569	-1379	-129	131	-19	618	3086	618	75774240	
-14974	8366	3064	2139	-9812	-1459	-129	131	-19	619	3091	619	75774240	
-14638	8498	2724	2062	-9809	-1475	-130	132	-12	620	3096	620	75774240	
-14460	8418	2288	2040	-9685	-1532	-130	132	-12	621	3101	621	75774240	
-14614	8142	1670	1993	-9564	-1563	-131	123	-17	622	3106	622	75774250	
-14534	7756	916	1791	-9294	-1574	-131	123	-17	623	3111	623	75774303	
-14762	7322	290	1453	-8764	-1649	-128	126	-16	624	3116	624	75774303	
-15142	7016	-170	1094	-8086	-1739	-128	126	-16	625	3121	625	75774303	
-15544	6626	-782	799	-7361	-1829	-133	119	-15	626	3126	626	75774303	
-15914	6356	-1114	459	-6495	-1921	-133	119	-15	627	3131	627	75774303	
-16216	6350	-1434	290	-5420	-2077	-133	123	-19	628	3136	628	75774303	
-16454	6260	-1564	295	-4260	-2191	-133	123	-19	629	3141	629	75774303	
-16778	6400	-1566	368	-3228	-2197	-127	125	-17	630	3146	630	75774352	
-16744	6574	-1406	507	-2540	-2031	-127	125	-17	631	3151	631	75774353	
-16624	6986	-990	493	-2132	-1895	-126	126	-10	632	3156	632	75774353	
-16400	7414	-400	360	-2027	-1854	-126	126	-10	633	3161	633	75774354	
-16330	7702	88	439	-2203	-1813	-126	128	-10	634	3166	634	75774354	
-16362	7784	562	670	-2538	-1728	-126	128	-10	635	3171	635	75774355	
-16338	7806	1008	969	-2857	-1608	-120	128	-14	636	3176	636	75774372	
-16306	7858	1384	1379	-3097	-1514	-120	128	-14	637	3181	637	75774372	
-16248	7872	1862	1982	-3237	-1527	-130	122	-16	638	3186	638	75774373	
-16232	7778	2204	2750	-3304	-1653	-130	122	-16	639	3191	639	75774373	
-16192	7740	2530	3591	-3372	-1814	-123	129	-7	640	3196	640	75774373	
-16124	7388	2632	4498	-3494	-1925	-123	129	-7	641	3201	641	75774373	
-15944	7044	2732	5157	-3628	-1990	-134	122	-8	642	3206	642	75774373	
-15876	6646	2624	5528	-3773	-2040	-134	122	-8	643	3211	643	75774373	
-15666	6160	2498	5574	-3914	-2083	-132	122	-16	644	3216	644	75774373	
-15610	5818	2478	5271	-3982	-2165	-132	122	-16	645	3221	645	75774402	
-15618	5370	2422	4689	-3995	-2327	-132	122	-20	646	3226	646	75774402	
-15650	5014	2360	3915	-3956	-2517	-132	122	-20	647	3231	647	75774402	
-15598	4580	2488	2972	-3864	-2734	-130	124	-12	648	3236	648	75774402	
-15966	4364	2664	1886	-3822	-2818	-130	124	-12	649	3241	649	75774402	
-16038	4300	2764	791	-3992	-2697	-132	124	-12	650	3246	650	75774402	
-16458	4446	2872	-233	-4126	-2656	-132	124	-12	651	3251	651	75774402	
-16794	4542	2900	-972	-4338	-2378	-134	120	-12	652	3256	652	75774402	
-16836	4696	2702	-1581	-4463	-2048	-134	120	-12	653	3261	653	75774403	
-16874	5124	2682	-2169	-4248	-1980	-135	119	-11	654	3266	654	75774403	
-17092	5438	2962	-2768	-3814	-2127	-135	119	-11	655	3271	655	75774403	
-17090	5650	2922	-2958	-3296	-2178	-136	124	-22	656	3276	656	75774403	
-16952	5744	2888	-2849	-2690	-2258	-136	124	-22	657	3281	657	75774438	
-16594	5728	3060	-2537	-2142	-2250	-130	120	-8	658	3286	658	75774449	
-16258	5810	3012	-2025	-1729	-2171	-130	120	-8	659	3291	659	75774449	
-16004	5800	2964	-1653	-1534	-2198	-131	121	-13	660	3296	660	75774449	
-15750	5560	2934	-1457	-1470	-2320	-131	121	-13	661	3301	661	75774449	
-15670	5292	2890	-1363	-1465	-2373	-130	124	-12	662	3306	662	75774449	
-15538	4962	2726	-1408	-1453	-2402	-130	124	-12	663	3311	663	75774449	
-15502	4786	2648	-1509	-1463	-2385	-130	124	-12	664	3316	664	75774460	
-15548	4556	2596	-1668	-1444	-2358	-130	124	-12	665	3321	665	75774489	
-15568	4394	2638	-1835	-1393	-2372	-136	126	-14	666	3326	666	75774489	
-15648	4370	2762	-2011	-1335	-2452	-136	126	-14	667	3331	667	75774489	
-15810	4394	2886	-2028	-1308	-2551	-128	126	-6	668	3336	668	75774489	
-15852	4458	2882	-1822	-1311	-2577	-128	126	-6	669	3341	669	75774489	
-15774	4578	2870	-1717	-1289	-2631	-131	125	-11	670	3346	670	75774489	
-15868	4852	2826	-1549	-1237	-2569	-131	125	-11	671	3351	671	75774489	
-15770	5268	2844	-1537	-1163	-2496	-130	118	-10	672	3356	672	75774507	
-15708	5622	2894	-1733	-1042	-2584	-130	118	-10	673	3361	673	75774526	
-15784	5922	2826	-1939	-838	-2686	-132	122	-12	674	3366	674	75774527	
-15650	6298	2794	-2107	-513	-2734	-132	122	-12	675	3371	675	75774527	
-15364	6560	2744	-2152	-233	-2722	-129	121	-5	676	3376	676	75774527	
-15244	6804	2626	-2086	-20	-2713	-129	121	-5	677	3381	677	75774527	
-15084	7108	2578	-1950	93	-2673	-131	125	-7	678	3386	678	75774527	
-15062	7266	2338	-1732	91	-2603	-131	125	-7	679	3391	679	75774527	
-15054	7408	2204	-1456	-16	-2481	-130	124	-12	680	3396	680	75774536	
-15160	7390	2040	-1223	-232	-2351	-130	124	-12	681	3401	681	75774586	
-15334	7206	1886	-1012	-479	-2183	-133	127	-7	682	3406	682	75774587	
-15634	7010	1954	-890	-729	-2021	-133	127	-7	683	3411	683	75774587	
-15906	6660	1920	-798	-987	-1858	-132	120	-10	684	3416	684	75774587	
-16390	6152	2100	-709	-1260	-1693	-132	120	-10	685	3421	685	75774587	
-16806	5492	2302	-595	-1573	-1538	-130	126	-6	686	3426	686	75774588	
-17224	4858	2434	-430	-1927	-1392	-130	126	-6	687	3431	687	75774588	
-17758	4242	2798	-206	-2336	-1267	-126	126	-6	688	3436	688	75774633	
-18040	3554	3024	221	-2753	-1009	-126	126	-6	689	3441	689	75774651	
-18430	3140	3436	450	-3196	-864	-126	122	-6	690	3446	690	75774652	
-18492	2758	3454	489	-3572	-790	-126	122	-6	691	3451	691	75774652	
-18910	2724	3746	-59	-3801	-1235	-124	120	0	692	3456	692	75774652	
-18964	2408	3784	-392	-3781	-1520	-124	120	0	693	3461	693	75774652	
-18500	2304	3836	-149	-3507	-1366	-126	120	-6	694	3466	694	75774652	
-18168	2716	3812	-133	-3068	-1391	-126	120	-6	695	3471	695	75774652	
-17738	3044	3990	-725	-2603	-1786	-127	123	-5	696	3476	696	75774684	
-17154	3310	4100	-725	-2603	-1786	-127	123	-5	697	3481	697	75774698	
-16474	3632	4154	-851	-1476	-2154	-127	119	-3	698	3486	698	75774700	
-15868	3838	4172	-882	-1164	-2144	-127	119	-3	699	3491	699	75774700	
-15338	4166	4240	-974	-1132	-2074	-128	120	-4	700	3496	700	75774700	
-14920	4326	4390	-1066	-1218	-1972	-128	120	-4	701	3501	701	75774700	
-14804	4512	4186	-1113	-1371	-1742	-126	120	-6	702	3506	702	75774700	
-14732	4572	4042	-1356	-1538	-1438	-126	120	-6	703	3511	703	75774700	
-14616	4504	3992	-1616	-1562	-1170	-123	121	-1	704	3516	704	75774700	
-14664	4354	3844	-1757	-1441	-922	-123	121	-1	705	3521	705	75774700	
-14606	4154	3756	-1881	-1249	-721	-130	124	-6	706	3526	706	75774701	
-14640	3906	3678	-2011	-1136	-504	-130	124	-6	707	3531	707	75774701	
-14610	3738	3770	-2148	-1096	-307	-128	120	-2	708	3536	708	75774701	
-14756	3276	3752	-2292	-1128	-152	-128	120	-2	709	3541	709	75774709	
-14858	3074	3824	-2588	-1202	7	-127	121	-3	710	3546	710	75774709	
-14968	2872	3898	-2931	-1252	100	-127	121	-3	711	3551	711	75774709	
-15056	2696	4008	-3272	-1268	149	-131	119	-1	712	3556	712	75774709	
-15188	2664	4206	-3623	-1236	150	-131	119	-1	713	3561	713	75774709	
-15270	2518	4366	-3853	-1223	117	-130	116	-6	714	3566	714	75774709	
-15414	2570	4496	-4047	-1252	47	-130	116	-6	715	3571	715	75774717	
-15478	2518	4576	-4236	-1281	-18	-131	121	5	716	3576	716	75774747	
-15548	2572	4678	-4397	-1233	-109	-131	121	5	717	3581	717	75774747	
-15644	2554	4776	-4571	-1194	-204	-126	118	0	718	3586	718	75774747	
-15588	2684	4944	-4784	-1228	-282	-126	118	0	719	3591	719	75774747	
-15572	2736	4990	-5030	-1343	-364	-127	115	3	720	3596	720	75774747	
-15636	2950	5150	-5287	-1491	-456	-127	115	3	721	3601	721	75774747	
-15652	3016	5064	-5604	-1730	-513	-130	120	2	722	3606	722	75774747	
-15672	3312	5000	-5932	-1973	-519	-130	120	2	723	3611	723	75774747	
-15784	3480	4808	-6304	-2118	-503	-125	117	5	724	3616	724	75774747	
-15768	3856	4706	-6605	-2125	-492	-125	117	5	725	3621	725	75774777	
-15802	4068	4604	-6839	-2038	-466	-128	118	4	726	3626	726	75774814	
-15744	4288	4532	-6974	-1885	-423	-128	118	4	727	3631	727	75774815	
-15700	4466	4508	-7066	-1795	-374	-121	115	9	728	3636	728	75774816	
-15806	4756	4492	-7042	-1776	-330	-121	115	9	729	3641	729	75774816	
-15654	4892	4482	-6854	-1816	-305	-118	118	4	730	3646	730	75774816	
-15524	4988	4384	-6494	-1858	-260	-118	118	4	731	3651	731	75774817	
-15444	5082	4422	-5982	-1902	-207	-122	112	10	732	3656	732	75774817	
-15412	5106	4478	-5427	-2021	-136	-122	112	10	733	3661	733	75774818	
-15206	5206	4456	-4879	-2187	-36	-125	113	7	734	3666	734	75774818	
-15234	5188	4480	-4414	-2368	54	-125	113	7	735	3671	735	75774848	
-15124	5150	4486	-4021	-2567	170	-125	109	7	736	3676	736	75774848	
-15130	5122	4456	-3743	-2746	279	-125	109	7	737	3681	737	75774848	
-15166	4974	4498	-3576	-2948	379	-124	118	12	738	3686	738	75774848	
-15250	4832	4568	-3483	-3084	473	-124	118	12	739	3691	739	75774848	
-15352	4602	4496	-3450	-3188	553	-123	113	9	740	3696	740	75774848	
-15460	4344	4526	-3436	-3254	616	-123	113	9	741	3701	741	75774848	
-15572	4056	4632	-3360	-3272	658	-125	115	13	742	3706	742	75774857	
-15740	3762	4654	-3157	-3276	656	-125	115	13	743	3711	743	75774886	
-15792	3524	4736	-2888	-3288	634	-126	114	14	744	3716	744	75774887	
-15818	3278	4682	-2642	-3312	566	-126	114	14	745	3721	745	75774887	
-15862	3122	4720	-2490	-3323	503	-122	114	12	746	3726	746	75774888	
-15896	2994	4612	-2480	-3313	470	-122	114	12	747	3731	747	75774888	
-16062	2920	4484	-2645	-3240	437	-122	108	12	748	3736	748	75774888	
-16068	2928	4334	-2962	-3088	446	-122	108	12	749	3741	749	75774888	
-16178	3066	4256	-3399	-2838	441	-122	112	18	750	3746	750	75774891	
-16130	3140	4258	-3795	-2527	399	-122	112	18	751	3751	751	75774891	
-16174	3272	4252	-4046	-2176	378	-121	111	17	752	3756	752	75774892	
-16048	3532	4428	-4190	-1851	343	-121	111	17	753	3761	753	75774895	
-15998	3598	4558	-4241	-1549	295	-121	113	21	754	3766	754	75774921	
-15936	3720	4614	-4135	-1301	229	-121	113	21	755	3771	755	75774921	
-15832	3798	4806	-3866	-1102	181	-121	111	19	756	3776	756	75774921	
-15752	3790	4950	-3499	-948	154	-121	111	19	757	3781	757	75774922	
-15730	3874	5032	-3096	-854	108	-120	110	18	758	3786	758	75774922	
-15752	3922	5222	-2756	-756	63	-120	110	18	759	3791	759	75774922	
-15730	3896	5256	-2497	-684	29	-116	114	24	760	3796	760	75774922	
-15636	3974	5318	-2279	-679	18	-116	114	24	761	3801	761	75774968	
-15664	3928	5424	-2176	-627	21	-121	107	17	762	3806	762	75774976	
-15664	3886	5250	-2204	-519	35	-121	107	17	763	3811	763	75774976	
-15688	3966	5174	-2243	-384	68	-116	108	20	764	3816	764	75774976	
-15748	4012	5150	-2274	-238	70	-116	108	20	765	3821	765	75774976	
-15622	4058	5228	-2156	-130	57	-120	104	20	766	3826	766	75774976	
-15576	4022	5228	-1968	-147	17	-120	104	20	767	3831	767	75774977	
-15562	3894	5230	-1791	-285	-50	-120	106	18	768	3836	768	75774989	
-15624	3832	5394	-1677	-496	-107	-120	106	18	769	3841	769	75775020	
-15616	3872	5368	-1654	-681	-141	-121	109	19	770	3846	770	75775021	
-15638	3886	5464	-1694	-799	-156	-121	109	19	771	3851	771	75775021	
-15714	3834	5434	-1763	-820	-158	-118	108	18	772	3856	772	75775021	
-15832	3834	5370	-1799	-765	-156	-118	108	18	773	3861	773	75775021	
-15798	3896	5414	-1714	-640	-171	-120	110	18	774	3866	774	75775021	
-15792	3864	5594	-1531	-505	-195	-120	110	18	775	3871	775	75775021	
-15702	3928	5762	-1295	-436	-221	-119	105	25	776	3876	776	75775021	
-15546	3868	5808	-1089	-477	-241	-119	105	25	777	3881	777	75775021	
-15424	3882	6096	-957	-599	-247	-116	112	24	778	3886	778	75775022	
-15352	3888	6132	-875	-710	-243	-116	112	24	779	3891	779	75775022	
-15288	3926	5988	-900	-758	-206	-115	113	23	780	3896	780	75775051	
-15244	3884	5960	-964	-706	-156	-115	113	23	781	3901	781	75775060	
-15178	3862	5828	-1007	-604	-106	-116	108	26	782	3906	782	75775060	
-15084	3806	5822	-1065	-497	-53	-116	108	26	783	3911	783	75775060	
-15106	3642	5774	-1132	-427	8	-116	110	26	784	3916	784	75775060	
-14990	3674	5664	-1244	-357	70	-116	110	26	785	3921	785	75775063	
-14990	3620	5708	-1312	-343	110	-119	109	21	786	3926	786	75775063	
-15040	3410	5704	-1359	-349	149	-119	109	21	787	3931	787	75775063	
-15006	3264	5770	-1412	-389	187	-113	105	21	788	3936	788	75775081	
-15116	3174	5852	-1464	-446	205	-113	105	21	789	3941	789	75775105	
-15132	2998	5870	-1487	-531	219	-117	109	23	790	3946	790	75775106	
-15348	2904	5798	-1538	-539	208	-117	109	23	791	3951	791	75775106	
