-16214	692	3622	-518	990	-237	10063	246	66	1	1	1	66608122	
-16090	920	3798	-230	948	-180	10064	248	58	2	6	2	66608123	
-15908	1046	3840	29	925	-109	10065	248	58	3	11	3	66608123	
-15816	1134	3982	262	868	-32	10066	252	70	4	16	4	66608147	
-15669	1239	3855	421	803	24	10067	252	70	5	21	5	66608156	
-15590	1335	3832	543	701	65	10068	249	67	6	26	6	66608158	
-15559	1498	3742	644	586	109	10069	248	66	7	31	7	66608158	
-15560	1662	3789	731	477	155	10070	246	67	8	36	8	66608158	
-15602	1822	3726	905	366	217	10071	245	67	9	41	9	66608158	
-15772	1864	3684	1198	304	261	10072	252	62	10	46	10	66608159	
-15864	1762	3512	1595	309	267	10073	252	62	11	51	11	66608159	
-15964	1692	3598	1937	351	238	10074	247	65	12	56	12	66608175	
-16054	1538	3526	2139	374	196	10075	247	65	13	61	13	66608188	
-16128	1310	3540	2166	373	138	10076	247	65	14	66	14	66608188	
-16264	960	3252	2078	357	59	10077	247	65	15	71	15	66608188	
-16302	546	3102	1903	367	-33	10078	243	69	16	76	16	66608188	
-16538	194	2720	1657	438	-148	10079	243	69	17	81	17	66608189	
-16675	-337	2447	1263	580	-271	10080	246	64	18	86	18	66608189	
-16789	-591	2186	867	715	-362	10081	247	63	19	91	19	66608195	
-16982	-878	1988	474	805	-432	10082	249	57	20	96	20	66608225	
-17134	-1106	1682	-70	926	-505	10083	249	57	21	101	21	66608226	
-17260	-1320	1490	-652	1069	-589	10084	249	59	22	106	22	66608226	
-17484	-1466	1322	-1252	1236	-681	10085	249	59	23	111	23	66608226	
-17418	-1598	1408	-1873	1408	-739	10086	253	57	24	116	24	66608226	
-17406	-1630	1136	-2483	1595	-782	10087	253	57	25	121	25	66608236	
-17344	-1685	1162	-3173	1762	-793	10088	247	57	26	126	26	66608269	
-17262	-1588	1239	-3662	1843	-775	10089	248	58	27	131	27	66608270	
-17315	-1455	1298	-4031	1834	-711	10090	250	60	28	136	28	66608271	
-17399	-1192	1317	-4279	1736	-596	10091	250	59	29	141	29	66608272	
-17640	-944	1437	-4401	1624	-447	10092	251	57	30	146	30	66608273	
-17691	-696	1520	-4435	1550	-280	10093	251	58	31	151	31	66608273	
-17636	-448	1582	-4421	1546	-119	10094	249	61	32	156	32	66608274	
-17493	-284	1848	-4388	1599	39	10095	249	61	33	161	33	66608280	
-17295	-159	1975	-4392	1674	179	10096	249	59	34	166	34	66608305	
-17103	-79	2052	-4458	1738	269	10097	247	59	35	171	35	66608313	
-16895	30	2117	-4542	1764	316	10098	244	60	36	176	36	66608313	
-16740	120	2118	-4672	1798	386	10099	245	60	37	181	37	66608313	
-16667	159	1968	-4818	1876	465	10100	249	59	38	186	38	66608313	
-16623	194	1948	-4956	2009	537	10101	249	59	39	191	39	66608313	
-16566	225	1974	-5050	2171	622	10102	249	61	40	196	40	66608315	
-16585	215	2004	-5108	2334	700	10103	249	61	41	201	41	66608330	
-16639	168	1833	-5124	2487	781	10104	247	63	42	206	42	66608356	
-16740	100	1674	-5108	2618	828	10105	247	65	43	211	43	66608356	
-16875	71	1510	-5067	2728	833	10106	246	68	44	216	44	66608356	
-16936	38	1284	-4994	2854	814	10107	248	66	45	221	45	66608356	
-16976	86	1096	-4911	3007	759	10108	252	64	46	226	46	66608356	
-17046	222	968	-4824	3159	654	10109	251	64	47	231	47	66608356	
-17147	366	700	-4707	3285	509	10110	250	64	48	236	48	66608356	
-17186	544	466	-4601	3404	353	10111	251	64	49	241	49	66608356	
-17139	772	274	-4549	3556	202	10112	253	65	50	246	50	66608360	
-17129	992	19	-4552	3761	79	10113	253	62	51	251	51	66608378	
-17198	1248	-122	-4540	3957	-12	10114	252	58	52	256	52	66608398	
-17352	1491	-168	-4406	4114	-49	10115	250	60	53	261	53	66608399	
-17550	1663	-178	-4075	4243	-40	10116	248	64	54	266	54	66608399	
-17832	1711	-211	-3514	4330	2	10117	248	64	55	271	55	66608399	
-18163	1634	-438	-2723	4406	77	10118	249	63	56	276	56	66608399	
-18544	1523	-832	-1794	4553	163	10119	248	63	57	281	57	66608400	
-19071	1424	-1465	-908	4922	214	10120	247	63	58	286	58	66608419	
-19670	1221	-2272	-122	5700	208	10122	251	63	59	291	59	66608453	
-20306	1061	-3214	502	6798	102	10123	254	62	60	296	60	66608458	
-20862	979	-3993	874	7970	-92	10124	253	59	61	301	61	66608458	
-21123	806	-4715	963	9324	-367	10125	253	57	62	306	62	66608459	
-21035	528	-5179	723	10806	-687	10126	254	56	63	311	63	66608459	
-20586	92	-5556	126	12348	-1048	10127	254	56	64	316	64	66608459	
-19949	-432	-6117	-645	13711	-1392	10128	254	54	65	321	65	66608459	
-19201	-994	-6805	-1500	14958	-1721	10128	253	51	66	326	66	66608459	
-18480	-1695	-7798	-2420	16241	-2062	10130	255	49	67	331	67	66608464	
-18318	-2302	-9041	-2973	17323	-2299	10131	257	47	68	336	68	66608482	
-18587	-2763	-10499	-3057	18274	-2439	10132	252	47	69	341	69	66608491	
-19728	-3340	-14102	-2777	19474	-2435	10133	249	47	70	346	70	66608492	
-23140	-4324	-24361	-2061	22560	-2237	10134	254	43	71	351	71	66608492	
-26334	-5712	-31618	-1455	29362	-1602	10135	258	40	72	356	72	66608492	
-21855	-7552	-24583	-2957	32767	-796	10136	259	36	73	361	73	66608492	
-10043	-9406	-9213	-5843	32767	-1606	10137	259	33	74	366	74	66608492	
-227	-9088	4494	-6697	32595	-4394	10138	258	29	75	371	75	66608492	
2878	-6140	14787	-3291	21585	-6734	10139	258	26	76	376	76	66608492	
-1581	-4690	15653	1420	4601	-6623	10140	256	24	77	381	77	66608492	
-9852	-2600	12692	2879	-6117	-5448	10141	256	24	78	386	78	66608492	
-17474	2390	10601	1930	-7540	-3804	10142	259	24	79	391	79	66608498	
-21086	7473	11089	850	-2049	-2381	10143	260	24	80	396	80	66608513	
-21396	11213	12054	-10	7587	-1139	10144	259	25	81	401	81	66608520	
-17980	12209	11714	-1163	18302	-225	10145	258	26	82	406	82	66608520	
-12436	10910	9663	-3400	25603	224	10146	260	22	83	411	83	66608520	
-6561	7544	5730	-6245	27689	380	10147	262	20	84	416	84	66608521	
-3695	2713	1684	-7444	24097	794	10148	257	18	85	421	85	66608521	
-4214	-1550	-1102	-6646	17730	1641	10149	256	18	86	426	86	66608521	
-7372	-4010	-2332	-3810	11025	2738	10150	253	10	87	431	87	66608536	
-11713	-4836	-2588	-801	6592	3624	10151	252	8	88	436	88	66608555	
-15848	-4511	-2976	21	5408	4059	10152	255	11	89	441	89	66608559	
-19016	-2614	-4191	-1835	7202	4051	10153	256	12	90	446	90	66608559	
-20689	164	-5739	-4985	11150	3716	10154	257	13	91	451	91	66608559	
-20726	2882	-7043	-8346	15825	2994	10155	257	13	92	456	92	66608559	
-19286	5298	-7834	-12034	20185	1929	10156	261	5	93	461	93	66608580	
-17336	6504	-8198	-14369	21206	1263	10157	261	5	94	466	94	66608598	
-16073	6959	-8013	-15407	20184	972	10158	264	5	95	471	95	66608602	
-15071	6727	-7458	-15086	18031	968	10159	265	5	96	476	96	66608605	
-14498	5588	-6629	-13069	15566	1327	10160	257	3	97	481	97	66608607	
-14282	4772	-5753	-10188	13742	1830	10161	255	3	98	486	98	66608607	
-14194	4292	-4320	-7267	12823	2338	10162	259	2	99	491	99	66608608	
-14055	4276	-3096	-4880	12586	2833	10163	260	2	100	496	100	66608622	
-13670	4764	-2680	-2833	12851	3247	10164	253	3	101	501	101	66608636	
-13158	5434	-3530	-1311	13270	3355	10165	253	3	102	506	102	66608636	
-12616	6218	-4826	416	13787	3287	10166	261	-5	103	511	103	66608636	
-11870	6636	-5846	2241	14265	3285	10167	261	-5	104	516	104	66608636	
-11148	6514	-5550	4059	14472	3329	10168	254	-10	105	521	105	66608636	
-10310	5434	-5174	6327	14202	3361	10169	254	-10	106	526	106	66608636	
-10064	2894	-4436	8814	13659	3443	10170	250	-6	107	531	107	66608636	
-10476	534	-3208	10912	12768	3451	10171	250	-6	108	536	108	66608673	
-11368	-1892	-2272	12395	12003	3332	10172	251	-21	109	541	109	66608673	
-12737	-4232	-2542	12572	11645	2983	10173	251	-21	110	546	110	66608673	
-13522	-5152	-3500	12012	11740	2646	10174	252	-22	111	551	111	66608673	
-13740	-5834	-5382	10850	12481	2249	10175	252	-22	112	556	112	66608673	
-13260	-6010	-6800	9290	13740	1802	10176	254	-24	113	561	113	66608673	
-12646	-5776	-8256	7769	14606	1378	10177	254	-24	114	566	114	66608673	
-12030	-5834	-9280	6379	14692	992	10178	251	-25	115	571	115	66608684	
-12038	-5250	-9322	4521	14349	423	10179	251	-25	116	576	116	66608711	
-12060	-4244	-8942	2550	13820	-95	10180	252	-34	117	581	117	66608711	
-12009	-3236	-8156	370	13442	-544	10181	252	-35	118	586	118	66608711	
-11913	-2216	-7962	-609	13497	-820	10182	251	-37	119	591	119	66608712	
-11879	-1399	-7902	-325	13816	-963	10183	250	-37	120	596	120	66608712	
-12066	-702	-7734	555	14124	-1039	10184	247	-35	121	601	121	66608712	
-11969	138	-7404	1104	14209	-1107	10185	247	-36	122	606	122	66608715	
-11699	683	-6920	975	14211	-1268	10186	247	-39	123	611	123	66608733	
-11620	956	-6592	884	14235	-1451	10187	247	-40	124	616	124	66608748	
-11404	775	-6271	1079	14227	-1480	10188	245	-43	125	621	125	66608748	
-10970	401	-6221	1214	14136	-1424	10189	245	-44	126	626	126	66608748	
-10378	-76	-6341	1298	13995	-1364	10190	245	-49	127	631	127	66608748	
-9884	-637	-7180	1591	13910	-1327	10191	245	-48	128	636	128	66608748	
-9497	-1182	-8703	2059	13965	-1268	10192	246	-42	129	641	129	66608748	
-9372	-1590	-10509	2394	14235	-1229	10193	245	-44	130	646	130	66608758	
-9501	-1858	-11452	2275	14495	-1262	10194	242	-50	131	651	131	66608793	
-9939	-2310	-10873	1510	14509	-1404	10195	241	-53	132	656	132	66608794	
-10796	-2582	-9818	283	14220	-1697	10196	239	-65	133	661	133	66608794	
-11692	-2728	-9350	-870	13955	-1891	10197	240	-64	134	666	134	66608794	
-12558	-2747	-9107	-2005	13940	-1783	10198	241	-59	135	671	135	66608794	
-13087	-2406	-8858	-2993	14079	-1560	10199	239	-59	136	676	136	66608794	
-13310	-1727	-8904	-3940	14429	-1325	10200	236	-58	137	681	137	66608794	
-13268	-1181	-9243	-4600	14948	-1170	10201	238	-62	138	686	138	66608803	
-13130	-670	-9637	-5004	15493	-1145	10202	242	-68	139	691	139	66608821	
-12987	41	-9864	-5340	15891	-1215	10203	239	-68	140	696	140	66608826	
-12935	763	-9902	-5508	16169	-1341	10204	233	-67	141	701	141	66608826	
-12826	1243	-10103	-5189	16329	-1544	10205	235	-69	142	706	142	66608826	
-12985	1583	-10552	-4577	16472	-1749	10206	241	-73	143	711	143	66608826	
-13285	1448	-11900	-3731	16581	-1876	10207	239	-74	144	716	144	66608826	
-13835	876	-13266	-2775	16752	-2010	10208	235	-75	145	721	145	66608830	
-14312	219	-13993	-2180	16915	-2186	10209	237	-77	146	726	146	66608848	
-14822	-194	-14442	-2111	17058	-2449	10210	241	-79	147	731	147	66608864	
-15471	-286	-14887	-2282	17207	-2705	10211	237	-78	148	736	148	66608864	
-16027	-320	-15065	-2422	17359	-2960	10212	230	-76	149	741	149	66608865	
-16139	-45	-14780	-2719	17515	-3215	10213	230	-80	150	746	150	66608865	
-15603	706	-14550	-3324	17729	-3358	10215	230	-86	151	751	151	66608865	
-14586	1614	-14646	-3698	17980	-3415	10216	234	-88	152	756	152	66608865	
-13253	2494	-14081	-3779	18244	-3369	10217	236	-90	153	761	153	66608872	
-12021	3139	-12999	-3853	18398	-3195	10218	232	-90	154	766	154	66608892	
-11233	3204	-12592	-3636	18253	-2924	10219	230	-90	155	771	155	66608903	
-10703	2958	-12363	-3098	17967	-2603	10219	229	-91	156	776	156	66608903	
-10269	2378	-11735	-2339	17651	-2266	10220	227	-93	157	781	157	66608904	
-9916	1205	-11157	-1698	17342	-1949	10221	225	-95	158	786	158	66608904	
-9730	-220	-11040	-1309	17179	-1738	10223	223	-99	159	791	159	66608904	
-9428	-1377	-11487	-964	17348	-1680	10224	222	-103	160	796	160	66608905	
-9202	-2134	-12005	-757	17634	-1731	10225	221	-105	161	801	161	66608953	
-9406	-2759	-12742	-839	17959	-1978	10226	223	-107	162	806	162	66608985	
-8634	-2348	-12316	-1038	17908	-2217	10227	225	-109	163	811	163	66608985	
-8820	-2241	-13490	-1440	17384	-2143	10228	220	-117	164	816	164	66608986	
-9569	-2708	-13597	-1900	17476	-2284	10229	216	-122	165	821	165	66608986	
-9700	-2826	-12474	-2214	17506	-2771	10230	215	-115	166	826	166	66608986	
-9876	-3076	-11810	-2838	17172	-3034	10231	215	-111	167	831	167	66608986	
-10314	-2890	-11788	-4088	16866	-3246	10232	215	-119	168	836	168	66608994	
-10335	-1953	-11532	-5365	17090	-3325	10233	215	-121	169	841	169	66609019	
-9650	-809	-11245	-6225	17120	-3256	10234	210	-126	170	846	170	66609024	
-8634	694	-10696	-7115	16917	-3048	10235	208	-128	171	851	171	66609024	
-7464	2068	-10372	-7695	16408	-2746	10236	206	-126	172	856	172	66609024	
-6417	3007	-10329	-7722	15894	-2451	10237	205	-125	173	861	173	66609024	
-5677	3258	-10348	-7254	15534	-2184	10238	204	-126	174	866	174	66609024	
-4909	3326	-11217	-6292	15161	-2090	10239	203	-127	175	871	175	66609024	
-3866	2952	-11893	-5000	14891	-1845	10240	203	-130	176	876	176	66609024	
-3135	2472	-12572	-3986	14562	-1674	10241	203	-131	177	881	177	66609024	
-2943	1179	-12527	-2684	14195	-1459	10242	197	-132	178	886	178	66609024	
-3627	-1554	-14503	-1247	13500	-1596	10243	196	-132	179	891	179	66609025	
-4095	-3460	-15744	-1202	13487	-2023	10244	197	-138	180	896	180	66609025	
-4093	-3858	-16982	-1721	13553	-2536	10245	197	-139	181	901	181	66609034	
-4375	-3463	-17401	-2318	13291	-3027	10246	192	-137	182	906	182	66609036	
-4738	-2666	-17445	-2570	12743	-3519	10247	191	-137	183	911	183	66609036	
-5150	-3066	-18734	-2448	11817	-3951	10248	191	-149	184	916	184	66609037	
-5118	-3282	-18316	-3308	11659	-4819	10249	191	-149	185	921	185	66609057	
-4731	-2825	-17441	-4122	11462	-5433	10250	196	-144	186	926	186	66609065	
-4454	-1968	-17391	-4423	10926	-6078	10251	197	-143	187	931	187	66609067	
-3948	-389	-16864	-4463	10363	-6618	10252	192	-143	188	936	188	66609067	
-2972	1204	-15934	-4238	9845	-6892	10253	191	-143	189	941	189	66609067	
-2396	2679	-14438	-3816	9025	-7037	10254	188	-145	190	946	190	66609067	
-2444	4012	-13426	-2975	8052	-6944	10255	187	-145	191	951	191	66609067	
-2350	5259	-14025	-1462	7159	-6626	10256	188	-149	192	956	192	66609077	
-2908	6396	-14372	598	6447	-5935	10257	188	-150	193	961	193	66609104	
-3486	5974	-14680	2091	5365	-5354	10258	192	-150	194	966	194	66609104	
-5216	5492	-14670	2887	4061	-5187	10259	192	-150	195	971	195	66609104	
-6054	6208	-16208	3440	2992	-5484	10260	183	-159	196	976	196	66609104	
-7436	6126	-17580	4389	2507	-5502	10261	183	-159	197	981	197	66609105	
-9310	5014	-19470	5236	1573	-5425	10262	181	-155	198	986	198	66609105	
-11526	3988	-21404	5264	851	-5415	10263	181	-155	199	991	199	66609105	
-13984	4088	-23228	4684	373	-5605	10264	186	-158	200	996	200	66609105	
-15714	3532	-23410	4356	42	-5499	10265	186	-158	201	1001	201	66609116	
-16488	3770	-25548	3933	-69	-5191	10266	187	-159	202	1006	202	66609164	
-16912	4428	-26972	4105	-325	-4615	10267	187	-159	203	1011	203	66609164	
-17920	3817	-28903	4449	-679	-3978	10268	184	-158	204	1016	204	66609164	
-18928	3206	-30834	4792	-1033	-3341	10269	181	-157	205	1021	205	66609164	
-19714	1958	-31904	4975	-1016	-2835	10270	185	-165	206	1026	206	66609164	
-19994	-332	-32768	5342	-1006	-2384	10271	185	-165	207	1031	207	66609164	
-19372	-2674	-32768	5400	-903	-2003	10272	191	-165	208	1036	208	66609164	
-18122	-4014	-32768	4976	-795	-1629	10273	191	-165	209	1041	209	66609197	
-16883	-6148	-32768	4362	-927	-1273	10274	191	-157	210	1046	210	66609201	
-15794	-7844	-32632	3502	-1047	-1130	10275	191	-158	211	1051	211	66609202	
-14324	-9330	-31694	2270	-1042	-1023	10276	192	-164	212	1056	212	66609202	
-12856	-10211	-29795	687	-1185	-929	10277	191	-164	213	1061	213	66609203	
-11528	-10222	-28106	-1065	-1523	-860	10278	186	-162	214	1066	214	66609203	
-10322	-9410	-26176	-2811	-1879	-700	10279	186	-161	215	1071	215	66609203	
-9277	-7852	-23941	-4434	-2219	-589	10280	186	-158	216	1076	216	66609210	
-8220	-6020	-22136	-5624	-2524	-526	10281	186	-158	217	1081	217	66609239	
-7164	-3482	-19399	-6465	-3211	-426	10282	190	-162	218	1086	218	66609240	
-6342	-1628	-17640	-6575	-3851	-406	10283	191	-161	219	1091	219	66609240	
-5570	90	-16451	-6383	-4389	-444	10284	193	-159	220	1096	220	66609240	
-4879	1736	-15672	-5987	-4925	-554	10285	192	-159	221	1101	221	66609240	
-4332	3072	-14839	-5557	-5529	-652	10286	189	-159	222	1106	222	66609240	
-4075	4256	-14264	-5107	-6156	-807	10287	190	-157	223	1111	223	66609240	
-3925	5429	-13979	-4593	-6695	-929	10288	194	-150	224	1116	224	66609240	
-3982	6276	-13876	-3779	-7232	-999	10289	192	-151	225	1121	225	66609240	
-4057	6793	-13733	-2790	-7793	-1030	10290	187	-153	226	1126	226	66609240	
-3994	7067	-13862	-2047	-8293	-1037	10291	189	-156	227	1131	227	66609243	
-4065	7178	-14056	-1357	-8755	-1017	10292	191	-161	228	1136	228	66609259	
-4275	7038	-14039	-642	-9212	-959	10293	191	-156	229	1141	229	66609277	
-4504	6700	-14297	127	-9668	-860	10294	192	-148	230	1146	230	66609277	
-4739	6302	-14623	814	-10001	-782	10295	193	-149	231	1151	231	66609277	
-4858	5875	-14716	1331	-10219	-720	10296	196	-152	232	1156	232	66609277	
-5044	5278	-14874	1794	-10458	-652	10297	196	-150	233	1161	233	66609277	
-5340	4675	-14991	2301	-10783	-646	10298	197	-143	234	1166	234	66609277	
-5670	4112	-14627	2837	-11225	-765	10299	199	-144	235	1171	235	66609293	
-5694	3978	-13967	2981	-11538	-891	10300	203	-145	236	1176	236	66609316	
-5578	4508	-13407	3102	-11843	-933	10301	205	-143	237	1181	237	66609316	
-5510	5308	-13090	3697	-12306	-869	10302	209	-139	238	1186	238	66609316	
-5817	5818	-12725	4688	-12879	-771	10303	207	-139	239	1191	239	66609317	
-6475	5546	-12309	5703	-13476	-667	10304	204	-138	240	1196	240	66609317	
-7004	5073	-11846	6353	-13883	-525	10305	205	-137	241	1201	241	66609317	
-7209	4604	-11139	6757	-14116	-293	10307	207	-135	242	1206	242	66609321	
-7372	4316	-10685	7029	-14308	85	10308	205	-131	243	1211	243	66609341	
-7662	4248	-10367	7169	-14514	501	10309	203	-129	244	1216	244	66609353	
-7885	3998	-10262	7213	-14690	955	10310	211	-129	245	1221	245	66609353	
-7848	3874	-10323	7078	-14810	1443	10311	217	-129	246	1226	246	66609353	
-7778	3874	-10451	6867	-14962	1883	10312	217	-130	247	1231	247	66609353	
-7875	3818	-10629	6716	-15157	2308	10312	217	-131	248	1236	248	66609353	
-8174	3521	-10907	6633	-15353	2731	10313	216	-130	249	1241	249	66609353	
-8543	3060	-11352	6479	-15464	3108	10314	215	-129	250	1246	250	66609356	
-8984	2506	-11847	6327	-15421	3543	10316	216	-125	251	1251	251	66609377	
-9374	1620	-12464	6184	-15250	3998	10317	217	-121	252	1256	252	66609392	
-9612	850	-12968	5822	-14970	4399	10318	224	-123	253	1261	253	66609392	
-9880	370	-13458	5321	-14654	4727	10319	229	-125	254	1266	254	66609392	
-10301	95	-13927	4794	-14381	4969	10320	228	-120	255	1271	255	66609392	
-10762	-139	-14241	4250	-14126	5199	10321	228	-116	256	1276	256	66609392	
-11218	-376	-14502	3656	-13892	5406	10322	227	-113	257	1281	257	66609392	
-11614	-414	-14646	2985	-13681	5559	10323	227	-111	258	1286	258	66609406	
-11958	-378	-14542	2269	-13398	5694	10324	232	-107	259	1291	259	66609429	
-11978	-373	-14476	1646	-13079	5773	10325	233	-105	260	1296	260	66609433	
-11795	-324	-14313	1186	-12780	5814	10326	227	-104	261	1301	261	66609433	
-11506	-259	-13866	878	-12558	5871	10327	226	-104	262	1306	262	66609433	
-11192	-323	-13821	769	-12444	5927	10328	231	-102	263	1311	263	66609433	
-10926	-330	-13863	759	-12278	5943	10329	233	-101	264	1316	264	66609433	
-10610	-394	-13758	845	-12010	5949	10330	231	-100	265	1321	265	66609433	
-10228	-418	-13605	950	-11720	5950	10331	229	-99	266	1326	266	66609456	
-9803	-356	-13122	984	-11507	5917	10332	229	-98	267	1331	267	66609479	
-9437	-146	-12578	1003	-11440	5876	10333	229	-97	268	1336	268	66609485	
-9320	60	-12156	1180	-11501	5835	10334	234	-97	269	1341	269	66609485	
-9204	24	-11851	1390	-11504	5779	10335	235	-97	270	1346	270	66609485	
-9002	24	-11321	1396	-11519	5712	10336	237	-93	271	1351	271	66609485	
-8728	-118	-11108	1263	-11608	5596	10337	238	-92	272	1356	272	66609485	
-8473	136	-10942	1228	-11742	5511	10338	236	-94	273	1361	273	66609485	
-8354	650	-10759	1478	-11884	5478	10339	235	-95	274	1366	274	66609493	
-8306	861	-10600	2099	-11995	5505	10340	231	-89	275	1371	275	66609524	
-8286	614	-10306	3036	-12089	5561	10341	230	-88	276	1376	276	66609531	
-8338	344	-10176	3738	-12090	5555	10342	241	-83	277	1381	277	66609532	
-8550	-36	-10326	4453	-12112	5519	10343	241	-83	278	1386	278	66609533	
-8763	-459	-10434	5080	-12123	5508	10344	240	-89	279	1391	279	66609533	
-8923	-1019	-10522	5655	-12236	5496	10345	240	-90	280	1396	280	66609534	
-9174	-1594	-10802	6068	-12432	5447	10346	237	-84	281	1401	281	66609534	
-9560	-2082	-10834	6321	-12551	5349	10347	236	-82	282	1406	282	66609535	
-9996	-2925	-10996	6587	-12587	5198	10348	234	-79	283	1411	283	66609548	
-10484	-3806	-11068	6632	-12538	5006	10349	234	-78	284	1416	284	66609562	
-10932	-4412	-11166	6450	-12392	4810	10350	237	-77	285	1421	285	66609562	
-11432	-4854	-11342	6138	-12262	4580	10351	237	-77	286	1426	286	66609562	
-11774	-4960	-11012	5573	-12200	4339	10352	240	-72	287	1431	287	66609562	
-12076	-4840	-11048	4901	-12151	4063	10353	240	-72	288	1436	288	66609562	
-12290	-4788	-10980	4146	-12127	3813	10354	239	-77	289	1441	289	66609562	
-12416	-4388	-10758	3237	-12133	3557	10355	239	-77	290	1446	290	66609562	
-12444	-4140	-10486	2442	-12243	3339	10356	242	-72	291	1451	291	66609562	
-12384	-3908	-10422	1861	-12369	3199	10357	242	-72	292	1456	292	66609571	
-12363	-3290	-10422	1351	-12332	3060	10358	235	-73	293	1461	293	66609599	
-12156	-2808	-10092	1123	-12254	2941	10359	235	-73	294	1466	294	66609599	
-11800	-2448	-9734	887	-12275	2876	10360	242	-70	295	1471	295	66609599	
-11362	-2214	-9566	572	-12469	2790	10361	242	-70	296	1476	296	66609599	
-11294	-2074	-9708	405	-12713	2642	10362	236	-62	297	1481	297	66609599	
-11328	-2104	-9938	597	-12867	2514	10363	236	-62	298	1486	298	66609599	
-11420	-2150	-9970	798	-12906	2420	10364	243	-63	299	1491	299	66609599	
-11306	-2336	-9818	709	-12946	2301	10365	243	-63	300	1496	300	66609609	
-11316	-2574	-9584	229	-13176	2150	10366	246	-58	301	1501	301	66609637	
-11550	-2711	-9708	-212	-13456	1975	10367	247	-57	302	1506	302	66609637	
-11930	-2777	-9980	-549	-13709	1766	10368	249	-53	303	1511	303	66609638	
-12388	-2918	-9967	-675	-13841	1548	10369	249	-53	304	1516	304	66609638	
-12832	-3178	-9732	-746	-13863	1377	10370	248	-54	305	1521	305	66609638	
-13225	-3382	-9618	-858	-13835	1194	10371	248	-53	306	1526	306	66609639	
-13696	-3670	-9525	-998	-13766	1008	10372	250	-50	307	1531	307	66609646	
-14170	-3900	-9390	-1158	-13701	801	10373	249	-49	308	1536	308	66609675	
-14680	-4018	-9278	-1225	-13587	579	10374	247	-45	309	1541	309	66609675	
-15045	-4045	-9188	-1314	-13392	411	10375	247	-44	310	1546	310	66609676	
-15277	-3939	-8924	-1677	-13208	269	10376	248	-42	311	1551	311	66609676	
-15344	-3561	-8838	-2306	-13196	95	10377	249	-41	312	1556	312	66609677	
-15417	-3202	-8873	-2944	-13314	-127	10378	254	-36	313	1561	313	66609677	
-15448	-2686	-8837	-3536	-13449	-331	10379	254	-36	314	1566	314	66609679	
-15406	-2228	-8899	-4094	-13506	-486	10380	253	-35	315	1571	315	66609690	
-15459	-1764	-8795	-4511	-13488	-626	10381	253	-35	316	1576	316	66609712	
-15462	-1325	-8926	-4498	-13473	-769	10382	251	-37	317	1581	317	66609712	
-15461	-868	-9264	-4138	-13411	-862	10383	252	-37	318	1586	318	66609712	
-15590	-540	-9503	-3930	-13360	-941	10384	254	-36	319	1591	319	66609712	
-15777	-149	-9654	-4008	-13374	-1033	10385	256	-34	320	1596	320	66609712	
-16045	189	-9680	-4245	-13371	-1148	10386	258	-32	321	1601	321	66609712	
-16330	379	-9604	-4555	-13279	-1249	10387	258	-29	322	1606	322	66609722	
-16600	467	-9471	-4795	-13151	-1290	10388	257	-25	323	1611	323	66609742	
-16864	571	-9441	-4923	-13006	-1278	10389	257	-23	324	1616	324	66609749	
-17086	856	-9388	-4966	-12801	-1204	10390	258	-20	325	1621	325	66609750	
-17165	1268	-9252	-4915	-12534	-1051	10391	257	-20	326	1626	326	66609750	
-17102	1671	-9232	-4847	-12243	-863	10392	256	-20	327	1631	327	66609750	
-16912	2054	-9159	-4849	-11993	-669	10393	258	-18	328	1636	328	66609751	
-16728	2524	-8865	-5044	-11765	-475	10394	260	-16	329	1641	329	66609751	
-16498	2921	-8689	-5221	-11595	-251	10395	260	-14	330	1646	330	66609763	
-16354	3109	-8481	-5286	-11473	23	10396	259	-11	331	1651	331	66609784	
-16294	3163	-8184	-5258	-11450	293	10397	259	-9	332	1656	332	66609791	
-16186	3278	-7910	-5115	-11426	543	10398	259	-5	333	1661	333	66609791	
-16036	3347	-7591	-4896	-11367	827	10400	261	-7	334	1666	334	66609791	
-15915	3287	-7278	-4658	-11363	1092	10401	262	-8	335	1671	335	66609792	
-15760	3298	-7072	-4459	-11424	1292	10402	260	-2	336	1676	336	66609792	
-15511	3253	-6732	-4291	-11468	1476	10403	258	2	337	1681	337	66609803	
-15173	3195	-6428	-4079	-11548	1605	10404	258	1	338	1686	338	66609821	
-14879	3115	-6145	-3775	-11657	1676	10405	258	0	339	1691	339	66609828	
-14640	2910	-5812	-3419	-11823	1723	10406	259	3	340	1696	340	66609828	
-14366	2717	-5512	-2952	-12097	1714	10406	259	5	341	1701	341	66609828	
-14047	2433	-5122	-2274	-12470	1660	10408	257	6	342	1706	342	66609828	
-13799	1906	-4781	-1581	-12889	1612	10409	255	7	343	1711	343	66609828	
-13542	1570	-4350	-1105	-13321	1499	10410	257	8	344	1716	344	66609828	
-13256	1465	-3658	-723	-13721	1285	10411	258	8	345	1721	345	66609828	
-12999	1418	-2783	-136	-14151	1023	10412	258	8	346	1726	346	66609844	
-12628	1170	-2106	849	-14830	702	10413	258	8	347	1731	347	66609864	
-12460	1045	-1580	1650	-15629	249	10414	260	10	348	1736	348	66609872	
-12351	1215	-1114	2205	-16446	-226	10415	261	11	349	1741	349	66609874	
-12079	1377	-1006	2717	-17162	-598	10416	263	13	350	1746	350	66609875	
-11772	1605	-309	2928	-17556	-870	10417	264	14	351	1751	351	66609875	
-11835	1882	162	3603	-18065	-1455	10418	257	21	352	1756	352	66609875	
-11872	2363	178	4852	-18758	-2014	10419	255	23	353	1761	353	66609876	
-11664	2484	170	6283	-19073	-2415	10420	256	25	354	1766	354	66609898	
-11390	2414	173	7383	-18747	-2643	10421	256	26	355	1771	355	66609903	
-11143	2404	671	7702	-18142	-2609	10422	255	31	356	1776	356	66609903	
-10849	2448	1382	7745	-17466	-2506	10423	255	33	357	1781	357	66609903	
-10579	2320	2115	7482	-16667	-2214	10424	254	33	358	1786	358	66609903	
-10464	2254	3339	6476	-15880	-1668	10425	253	33	359	1791	359	66609903	
-10603	2335	4017	5552	-15607	-1311	10426	258	30	360	1796	360	66609903	
-10794	2338	4201	4743	-15547	-991	10427	259	29	361	1801	361	66609935	
