-15037	1060	7739	227	-326	-443	-125	-331	-117	2259	11295	2259	84729252
-15025	1059	7782	225	-311	-443	-129	-329	-117	2260	11300	2260	84729252
-15006	1089	7766	230	-311	-443	-126	-332	-117	2261	11305	2261	84729252
-15023	1046	7763	231	-309	-436	-121	-337	-117	2262	11310	2262	84729252
-15074	1054	7798	232	-306	-432	-122	-335	-117	2263	11315	2263	84729252
-15088	1076	7766	235	-306	-440	-123	-333	-117	2264	11320	2264	84729252
-15040	1081	7754	249	-303	-444	-122	-333	-117	2265	11325	2265	84729262
-15013	1081	7707	261	-313	-445	-121	-333	-117	2266	11330	2266	84729281
-15030	1057	7698	261	-321	-438	-122	-333	-118	2267	11335	2267	84729288
-15040	1053	7753	258	-316	-436	-126	-334	-120	2268	11340	2268	84729288
-15037	1030	7740	252	-316	-425	-124	-334	-120	2269	11345	2269	84729288
-14976	1026	7784	253	-322	-421	-121	-333	-121	2270	11350	2270	84729288
-14985	1032	7730	255	-330	-417	-124	-335	-121	2271	11355	2271	84729288
-15033	1018	7672	246	-330	-408	-129	-337	-121	2272	11360	2272	84729292
-15004	1046	7682	239	-329	-403	-127	-338	-121	2273	11365	2273	84729309
-14981	1070	7742	238	-329	-389	-123	-339	-121	2274	11370	2274	84729326
-14968	1058	7762	238	-332	-386	-123	-338	-120	2275	11375	2275	84729326
-14942	1061	7728	235	-336	-383	-122	-336	-118	2276	11380	2276	84729326
-14955	1087	7677	233	-333	-384	-122	-336	-117	2277	11385	2277	84729327
-14978	1105	7658	241	-334	-386	-122	-336	-116	2278	11390	2278	84729327
-14985	1099	7687	241	-338	-382	-123	-336	-114	2279	11395	2279	84729327
-15009	1080	7727	238	-343	-380	-125	-335	-111	2280	11400	2280	84729341
-15044	1066	7731	242	-345	-385	-125	-335	-114	2281	11405	2281	84729363
-15032	1072	7762	247	-339	-394	-124	-336	-118	2282	11410	2282	84729363
-15058	1133	7783	254	-338	-397	-124	-336	-118	2283	11415	2283	84729363
-15052	1154	7728	258	-333	-405	-123	-335	-117	2284	11420	2284	84729364
-15044	1104	7727	258	-329	-412	-125	-335	-119	2285	11425	2285	84729364
-15033	1102	7767	251	-326	-417	-127	-335	-121	2286	11430	2286	84729364
-14996	1096	7742	243	-325	-426	-124	-334	-120	2287	11435	2287	84729369
-14988	1075	7748	228	-324	-426	-122	-334	-120	2288	11440	2288	84729389
-14997	1087	7752	219	-321	-425	-124	-335	-123	2289	11445	2289	84729402
-14974	1124	7738	218	-314	-426	-125	-335	-125	2290	11450	2290	84729402
-14944	1136	7763	219	-308	-424	-125	-335	-125	2291	11455	2291	84729402
-14976	1105	7760	219	-313	-430	-125	-335	-125	2292	11460	2292	84729403
-15030	1085	7756	208	-313	-431	-123	-336	-123	2293	11465	2293	84729403
-15036	1063	7788	199	-314	-430	-122	-336	-122	2294	11470	2294	84729403
-15038	1059	7778	199	-314	-429	-121	-338	-118	2295	11475	2295	84729424
-15008	1086	7691	202	-308	-428	-121	-339	-115	2296	11480	2296	84729438
-14954	1074	7685	207	-305	-425	-123	-337	-117	2297	11485	2297	84729438
-15018	1051	7770	207	-311	-416	-125	-335	-119	2298	11490	2298	84729439
-15044	1031	7783	205	-320	-411	-124	-334	-117	2299	11495	2299	84729439
-15021	1038	7753	216	-327	-402	-124	-334	-116	2300	11500	2300	84729439
-15025	1064	7775	216	-342	-400	-126	-333	-117	2301	11505	2301	84729439
-15002	1063	7792	215	-338	-399	-127	-333	-117	2302	11510	2302	84729446
-15006	1048	7784	213	-335	-404	-123	-337	-119	2303	11515	2303	84729466
-15009	1037	7710	215	-343	-401	-121	-339	-121	2304	11520	2304	84729476
-15024	1027	7694	209	-353	-393	-125	-333	-123	2305	11525	2305	84729477
-15038	1083	7701	209	-364	-376	-127	-329	-125	2306	11530	2306	84729477
-15055	1111	7745	210	-371	-361	-124	-332	-123	2307	11535	2307	84729477
-15007	1076	7776	207	-380	-359	-122	-334	-122	2308	11540	2308	84729478
-14979	1081	7821	202	-381	-359	-122	-336	-121	2309	11545	2309	84729478
-15032	1051	7782	192	-373	-352	-122	-336	-120	2310	11550	2310	84729533
-15028	1104	7733	183	-369	-347	-123	-337	-119	2311	11555	2311	84729547
-15043	1100	7707	178	-372	-343	-123	-337	-119	2312	11560	2312	84729548
-15034	1094	7754	179	-368	-336	-125	-338	-117	2313	11565	2313	84729548
-14994	1104	7827	183	-362	-334	-126	-338	-116	2314	11570	2314	84729549
-14978	1110	7814	180	-358	-333	-126	-334	-117	2315	11575	2315	84729549
-15009	1064	7818	175	-359	-334	-126	-332	-118	2316	11580	2316	84729549
-14940	1052	7764	167	-359	-342	-124	-334	-119	2317	11585	2317	84729549
-14966	1079	7745	159	-345	-353	-123	-335	-119	2318	11590	2318	84729573
-14978	1060	7792	158	-341	-348	-122	-337	-118	2319	11595	2319	84729598
-14956	1126	7868	146	-336	-365	-122	-338	-118	2320	11600	2320	84729603
-14950	1131	7806	132	-339	-378	-124	-339	-124	2321	11605	2321	84729603
-14987	1170	7770	124	-327	-378	-125	-339	-125	2322	11610	2322	84729603
-14975	1148	7715	128	-330	-378	-127	-337	-119	2323	11615	2323	84729603
-14998	1171	7743	123	-336	-383	-127	-337	-117	2324	11620	2324	84729603
-15014	1203	7728	121	-340	-375	-120	-338	-119	2325	11625	2325	84729611
-14974	1144	7727	107	-336	-381	-118	-338	-120	2326	11630	2326	84729640
-14978	1149	7744	100	-339	-378	-123	-335	-117	2327	11635	2327	84729647
-15025	1069	7734	88	-329	-373	-124	-334	-116	2328	11640	2328	84729648
-15049	1008	7748	75	-336	-375	-123	-335	-120	2329	11645	2329	84729648
-15073	1060	7795	71	-348	-374	-123	-335	-121	2330	11650	2330	84729648
-15012	1020	7822	81	-353	-380	-122	-333	-122	2331	11655	2331	84729649
-14962	1019	7824	89	-358	-384	-122	-332	-122	2332	11660	2332	84729649
-14984	996	7891	102	-365	-387	-124	-334	-120	2333	11665	2333	84729649
-15016	940	7812	119	-363	-397	-125	-335	-119	2334	11670	2334	84729650
-15006	952	7822	126	-348	-398	-126	-334	-120	2335	11675	2335	84729650
-15009	979	7792	138	-345	-406	-126	-334	-120	2336	11680	2336	84729650
-14967	893	7832	172	-347	-410	-121	-337	-118	2337	11685	2337	84729650
-14982	910	7871	207	-342	-415	-120	-338	-118	2338	11690	2338	84729651
-14999	866	7916	248	-336	-414	-122	-339	-119	2339	11695	2339	84729658
-15032	881	7825	293	-333	-422	-123	-339	-119	2340	11700	2340	84729660
-14989	861	7770	329	-330	-427	-125	-336	-117	2341	11705	2341	84729661
-14964	972	7738	369	-334	-422	-125	-335	-117	2342	11710	2342	84729661
-15028	1006	7726	385	-332	-417	-124	-330	-110	2343	11715	2343	84729666
-14998	1042	7726	383	-343	-407	-124	-330	-110	2344	11720	2344	84729687
-15026	1080	7724	357	-363	-390	-126	-334	-122	2345	11725	2345	84729687
-15012	994	7728	364	-377	-373	-126	-334	-122	2346	11730	2346	84729687
-15014	1036	7775	334	-375	-361	-124	-339	-122	2347	11735	2347	84729687
-14972	1137	7733	293	-387	-334	-124	-340	-122	2348	11740	2348	84729687
-15021	1077	7734	263	-395	-323	-121	-335	-124	2349	11745	2349	84729687
-15076	1114	7704	232	-413	-319	-120	-334	-124	2350	11750	2350	84729687
-15038	1186	7732	194	-414	-301	-121	-335	-123	2351	11755	2351	84729695
-15090	1084	7684	179	-417	-301	-121	-335	-123	2352	11760	2352	84729723
-15062	1092	7762	176	-414	-294	-127	-335	-111	2353	11765	2353	84729723
-15004	1090	7724	155	-423	-301	-127	-335	-111	2354	11770	2354	84729724
-15034	1140	7760	156	-414	-317	-126	-330	-118	2355	11775	2355	84729724
-15048	1176	7714	160	-409	-329	-126	-330	-118	2356	11780	2356	84729724
-14982	1160	7918	161	-405	-341	-123	-339	-117	2357	11785	2357	84729724
-14956	1106	7812	157	-388	-354	-123	-339	-117	2358	11790	2358	84729725
-14924	1128	7798	191	-358	-367	-119	-335	-117	2359	11795	2359	84729739
-14964	1082	7778	199	-369	-363	-119	-335	-117	2360	11800	2360	84729779
-14972	1088	7784	214	-340	-385	-128	-340	-122	2361	11805	2361	84729779
-14920	1046	7762	221	-324	-403	-128	-340	-122	2362	11810	2362	84729779
-15014	1026	7764	222	-312	-423	-123	-333	-121	2363	11815	2363	84729780
-15000	1000	7796	234	-308	-433	-123	-333	-121	2364	11820	2364	84729780
-14986	1054	7798	247	-304	-429	-122	-336	-120	2365	11825	2365	84729780
-14934	1046	7762	264	-297	-454	-122	-336	-120	2366	11830	2366	84729780
-15050	1046	7812	261	-306	-459	-122	-336	-118	2367	11835	2367	84729805
-15044	1049	7740	252	-297	-449	-122	-336	-118	2368	11840	2368	84729820
-15072	1063	7782	257	-285	-448	-122	-334	-118	2369	11845	2369	84729820
-14940	1066	7790	263	-282	-440	-122	-334	-118	2370	11850	2370	84729820
-14950	1020	7746	284	-275	-437	-127	-339	-123	2371	11855	2371	84729820
-15006	996	7804	276	-278	-425	-127	-339	-123	2372	11860	2372	84729820
-14960	1018	7686	285	-291	-421	-125	-341	-117	2373	11865	2373	84729820
-15034	1036	7708	303	-265	-418	-125	-341	-117	2374	11870	2374	84729820
-14900	992	7826	338	-270	-422	-122	-336	-120	2375	11875	2375	84729820
-14932	1025	7887	334	-266	-421	-121	-335	-120	2376	11880	2376	84729820
-14909	1053	7793	333	-272	-423	-115	-333	-119	2377	11885	2377	84729820
-14911	1060	7791	329	-255	-428	-117	-333	-120	2378	11890	2378	84729833
-14994	1095	7818	331	-248	-421	-124	-332	-122	2379	11895	2379	84729879
-14966	1077	7784	311	-254	-419	-124	-332	-122	2380	11900	2380	84729879
-14977	1105	7898	304	-264	-421	-124	-332	-122	2381	11905	2381	84729879
-14952	1068	7760	302	-271	-420	-124	-332	-122	2382	11910	2382	84729879
-15028	1138	7630	309	-267	-422	-125	-331	-121	2383	11915	2383	84729879
-15104	1121	7764	271	-287	-426	-124	-332	-121	2384	11920	2384	84729879
-15077	1066	7665	265	-290	-415	-119	-335	-121	2385	11925	2385	84729879
-15093	1056	7741	251	-296	-388	-120	-336	-121	2386	11930	2386	84729884
-15080	1056	7692	227	-305	-390	-123	-339	-119	2387	11935	2387	84729904
-15086	1068	7753	207	-322	-395	-122	-339	-119	2388	11940	2388	84729904
-15121	1102	7702	214	-338	-390	-120	-338	-118	2389	11945	2389	84729904
-15024	1082	7778	212	-328	-390	-120	-336	-118	2390	11950	2390	84729905
-15002	1087	7784	214	-328	-391	-118	-330	-118	2391	11955	2391	84729905
-14962	1054	7737	203	-351	-387	-119	-331	-119	2392	11960	2392	84729905
-14936	1067	7812	195	-350	-381	-121	-337	-121	2393	11965	2393	84729905
-14931	1076	7760	179	-337	-383	-121	-337	-120	2394	11970	2394	84729913
-14964	1073	7798	189	-334	-397	-119	-337	-117	2395	11975	2395	84729946
-14964	1090	7785	199	-340	-391	-120	-336	-118	2396	11980	2396	84729946
-14998	1054	7744	196	-340	-387	-123	-331	-121	2397	11985	2397	84729946
-14975	1060	7787	202	-338	-402	-125	-332	-120	2398	11990	2398	84729947
-14980	1061	7754	204	-337	-398	-131	-335	-117	2399	11995	2399	84729947
-15064	1054	7760	216	-333	-403	-129	-334	-117	2400	12000	2400	84729947
-15004	999	7796	215	-340	-401	-124	-332	-118	2401	12005	2401	84729948
-15011	1032	7726	220	-345	-403	-124	-333	-117	2402	12010	2402	84729948
-15004	1072	7690	227	-346	-405	-123	-335	-115	2403	12015	2403	84729950
-14986	1065	7733	220	-349	-405	-123	-335	-116	2404	12020	2404	84729964
-14984	1030	7751	212	-356	-400	-124	-334	-118	2405	12025	2405	84729983
-14951	1030	7733	211	-366	-392	-124	-335	-117	2406	12030	2406	84729983
-14994	1027	7680	194	-372	-389	-125	-339	-115	2407	12035	2407	84729984
-15018	1009	7708	198	-370	-399	-124	-338	-116	2408	12040	2408	84729984
-15018	974	7767	200	-383	-396	-121	-333	-119	2409	12045	2409	84729984
-15006	1056	7759	197	-386	-391	-122	-335	-123	2410	12050	2410	84729991
-14984	1056	7752	199	-388	-380	-124	-338	-128	2411	12055	2411	84730009
-14995	1071	7742	197	-389	-374	-123	-338	-127	2412	12060	2412	84730021
-15032	1056	7768	198	-396	-372	-121	-337	-125	2413	12065	2413	84730021
-15020	1050	7759	202	-390	-361	-125	-337	-121	2414	12070	2414	84730021
-15022	1080	7799	198	-391	-361	-130	-338	-116	2415	12075	2415	84730021
-15003	1082	7759	198	-380	-360	-128	-337	-117	2416	12080	2416	84730021
-15011	1074	7720	193	-374	-348	-124	-336	-118	2417	12085	2417	84730021
-14987	1054	7734	206	-378	-352	-124	-337	-117	2418	12090	2418	84730021
-14964	1014	7737	213	-381	-354	-123	-339	-115	2419	12095	2419	84730037
-15006	1030	7730	217	-370	-356	-124	-339	-116	2420	12100	2420	84730061
-15037	1026	7742	223	-365	-360	-125	-339	-117	2421	12105	2421	84730061
-14943	1066	7737	223	-368	-367	-123	-337	-119	2422	12110	2422	84730061
-14921	1080	7744	232	-364	-368	-121	-333	-123	2423	12115	2423	84730062
-14949	1116	7746	236	-351	-364	-122	-335	-122	2424	12120	2424	84730062
-15001	1160	7771	221	-337	-369	-124	-338	-120	2425	12125	2425	84730063
-15005	1141	7834	212	-330	-375	-124	-339	-121	2426	12130	2426	84730067
-14997	1113	7857	212	-329	-383	-124	-340	-122	2427	12135	2427	84730084
-15008	1086	7843	220	-326	-389	-126	-339	-122	2428	12140	2428	84730098
-15014	1084	7792	228	-328	-391	-128	-338	-122	2429	12145	2429	84730098
-14976	1089	7777	213	-326	-396	-124	-336	-123	2430	12150	2430	84730099
-14951	1066	7832	204	-324	-398	-118	-334	-124	2431	12155	2431	84730099
-14980	1027	7827	201	-333	-396	-120	-335	-122	2432	12160	2432	84730099
-15010	1048	7788	202	-333	-395	-124	-336	-120	2433	12165	2433	84730099
-15024	1099	7747	201	-326	-401	-122	-337	-120	2434	12170	2434	84730100
-15059	1077	7741	199	-334	-398	-120	-338	-120	2435	12175	2435	84730128
-15022	1031	7764	205	-336	-398	-124	-339	-122	2436	12180	2436	84730146
-14979	1055	7775	210	-333	-396	-127	-339	-123	2437	12185	2437	84730147
-15016	1070	7732	206	-325	-399	-126	-338	-122	2438	12190	2438	84730147
-15032	1020	7758	211	-319	-400	-126	-338	-122	2439	12195	2439	84730148
-15016	1009	7837	229	-322	-393	-125	-338	-121	2440	12200	2440	84730148
-15001	1046	7873	243	-327	-386	-123	-339	-119	2441	12205	2441	84730148
-15008	1057	7860	243	-324	-383	-125	-337	-121	2442	12210	2442	84730167
-15002	1014	7793	257	-328	-383	-126	-334	-122	2443	12215	2443	84730185
-14966	1022	7754	262	-323	-379	-125	-332	-118	2444	12220	2444	84730185
-14950	1045	7815	264	-312	-376	-124	-330	-116	2445	12225	2445	84730185
-14966	1032	7814	283	-306	-376	-121	-334	-118	2446	12230	2446	84730185
-14990	1029	7801	280	-301	-377	-119	-337	-119	2447	12235	2447	84730186
-14971	1042	7809	274	-296	-378	-121	-333	-120	2448	12240	2448	84730186
-14940	1048	7778	276	-293	-377	-122	-330	-120	2449	12245	2449	84730190
-14980	1032	7759	285	-292	-377	-124	-332	-121	2450	12250	2450	84730210
-15000	1033	7707	286	-286	-388	-126	-334	-122	2451	12255	2451	84730222
-15013	1023	7770	291	-281	-392	-125	-335	-121	2452	12260	2452	84730222
-14993	1040	7765	293	-279	-393	-124	-336	-120	2453	12265	2453	84730222
-14992	1113	7718	285	-274	-397	-124	-334	-120	2454	12270	2454	84730222
-15008	1149	7693	282	-282	-389	-124	-332	-120	2455	12275	2455	84730222
-15027	1100	7722	281	-287	-385	-124	-333	-119	2456	12280	2456	84730222
-15028	1078	7824	276	-287	-385	-124	-334	-118	2457	12285	2457	84730222
-15002	1066	7813	264	-288	-382	-120	-332	-120	2458	12290	2458	84730223
-14987	1038	7837	261	-298	-382	-118	-330	-122	2459	12295	2459	84730223
-14997	1030	7794	260	-297	-385	-121	-336	-119	2460	12300	2460	84730257
-15008	1049	7765	249	-299	-392	-122	-338	-118	2461	12305	2461	84730265
-15009	1062	7745	235	-312	-389	-125	-337	-115	2462	12310	2462	84730266
-14977	1076	7725	240	-319	-385	-127	-337	-113	2463	12315	2463	84730266
-14970	1068	7790	249	-319	-384	-123	-335	-117	2464	12320	2464	84730266
-14978	1072	7854	250	-325	-382	-120	-334	-120	2465	12325	2465	84730266
-14965	1054	7818	251	-334	-381	-123	-338	-121	2466	12330	2466	84730266
-14987	1069	7802	249	-331	-374	-125	-341	-121	2467	12335	2467	84730273
-15018	1074	7769	251	-322	-372	-123	-335	-123	2468	12340	2468	84730297
-14976	1048	7726	254	-309	-379	-122	-334	-124	2469	12345	2469	84730302
-14993	1024	7752	268	-302	-382	-125	-332	-118	2470	12350	2470	84730303
-15051	1050	7784	270	-290	-390	-126	-332	-116	2471	12355	2471	84730303
-14998	1076	7817	279	-290	-386	-124	-334	-122	2472	12360	2472	84730303
-14955	1118	7808	283	-283	-401	-123	-335	-123	2473	12365	2473	84730303
-15004	1107	7739	287	-275	-401	-124	-338	-123	2474	12370	2474	84730303
-14974	1068	7711	284	-273	-408	-125	-339	-123	2475	12375	2475	84730312
-15004	1052	7819	280	-284	-411	-122	-341	-125	2476	12380	2476	84730337
-14998	1084	7798	273	-288	-411	-121	-341	-125	2477	12385	2477	84730342
-14997	1132	7804	263	-302	-415	-121	-333	-119	2478	12390	2478	84730342
-15025	1075	7784	244	-305	-424	-121	-331	-117	2479	12395	2479	84730342
-15066	1042	7818	232	-306	-417	-127	-337	-123	2480	12400	2480	84730343
-15015	1113	7711	233	-310	-409	-128	-338	-124	2481	12405	2481	84730343
-15048	1098	7780	233	-313	-403	-122	-332	-122	2482	12410	2482	84730343
-15052	1036	7753	234	-320	-402	-121	-331	-121	2483	12415	2483	84730349
-15020	996	7790	249	-342	-403	-122	-336	-118	2484	12420	2484	84730382
-14960	1038	7727	232	-347	-394	-122	-336	-118	2485	12425	2485	84730382
-14924	995	7794	220	-353	-388	-122	-334	-120	2486	12430	2486	84730382
-14963	958	7782	204	-370	-401	-122	-334	-120	2487	12435	2487	84730382
-14958	974	7809	203	-376	-400	-124	-336	-121	2488	12440	2488	84730382
-14930	994	7778	210	-371	-400	-125	-337	-121	2489	12445	2489	84730382
-14924	1006	7818	209	-378	-398	-123	-334	-119	2490	12450	2490	84730382
-14959	992	7849	210	-368	-404	-123	-333	-119	2491	12455	2491	84730389
-14990	1102	7830	208	-363	-394	-127	-331	-115	2492	12460	2492	84730419
-15034	1094	7742	222	-338	-384	-127	-331	-115	2493	12465	2493	84730419
-15020	1100	7770	240	-329	-374	-122	-340	-118	2494	12470	2494	84730419
-15008	1098	7784	244	-314	-367	-122	-340	-118	2495	12475	2495	84730420
-14984	1130	7782	257	-320	-376	-124	-338	-118	2496	12480	2496	84730420
-14996	1090	7819	271	-312	-371	-124	-338	-118	2497	12485	2497	84730420
-15036	1068	7799	276	-296	-373	-121	-333	-121	2498	12490	2498	84730420
-15035	1118	7803	272	-285	-384	-120	-332	-122	2499	12495	2499	84730426
-15011	1124	7777	273	-268	-392	-124	-334	-121	2500	12500	2500	84730454
-14936	1120	7764	272	-266	-390	-125	-335	-121	2501	12505	2501	84730462
-14954	1158	7772	264	-253	-403	-121	-335	-119	2502	12510	2502	84730462
-15016	1196	7850	247	-264	-411	-121	-335	-119	2503	12515	2503	84730462
-14942	1104	7700	248	-271	-422	-124	-336	-112	2504	12520	2504	84730463
-15098	1102	7718	245	-281	-426	-124	-336	-112	2505	12525	2505	84730463
-15052	1118	7708	218	-277	-436	-121	-337	-115	2506	12530	2506	84730463
-15104	1036	7638	231	-291	-427	-121	-337	-115	2507	12535	2507	84730486
-15137	1096	7721	224	-294	-430	-125	-336	-116	2508	12540	2508	84730493
-15112	1082	7662	217	-298	-442	-126	-336	-116	2509	12545	2509	84730494
-15058	1070	7768	212	-304	-440	-128	-336	-122	2510	12550	2510	84730494
-15086	1076	7706	221	-316	-446	-128	-336	-122	2511	12555	2511	84730495
-15040	1086	7756	226	-313	-441	-125	-335	-117	2512	12560	2512	84730495
-15060	1066	7784	240	-308	-446	-125	-335	-117	2513	12565	2513	84730495
-15010	1036	7814	260	-322	-450	-126	-332	-122	2514	12570	2514	84730495
-14958	988	7738	261	-311	-440	-126	-332	-122	2515	12575	2515	84730541
-14922	1048	7800	244	-301	-449	-123	-339	-119	2516	12580	2516	84730553
-14966	1000	7812	234	-309	-433	-123	-339	-119	2517	12585	2517	84730555
-14968	1029	7829	234	-313	-435	-120	-334	-114	2518	12590	2518	84730556
-15021	1018	7814	246	-317	-427	-121	-335	-115	2519	12595	2519	84730556
-15014	1020	7834	243	-307	-419	-125	-337	-121	2520	12600	2520	84730556
-15032	984	7850	252	-300	-422	-125	-337	-121	2521	12605	2521	84730557
-15024	996	7836	268	-306	-412	-121	-333	-119	2522	12610	2522	84730561
-15050	1042	7804	279	-312	-397	-121	-333	-119	2523	12615	2523	84730596
-15070	1022	7778	276	-314	-384	-125	-329	-119	2524	12620	2524	84730597
-15018	1070	7732	269	-310	-380	-125	-329	-119	2525	12625	2525	84730597
-15065	990	7814	285	-306	-375	-121	-333	-123	2526	12630	2526	84730597
-15006	1057	7706	285	-310	-371	-120	-333	-122	2527	12635	2527	84730597
-15002	1092	7724	299	-314	-365	-116	-332	-120	2528	12640	2528	84730597
-14988	1093	7848	306	-312	-366	-117	-332	-120	2529	12645	2529	84730597
-14973	1094	7803	301	-309	-366	-119	-333	-119	2530	12650	2530	84730597
-15030	1076	7806	285	-318	-363	-119	-333	-119	2531	12655	2531	84730597
-14938	1040	7732	293	-327	-356	-126	-330	-114	2532	12660	2532	84730597
-15076	1010	7720	280	-321	-369	-126	-330	-114	2533	12665	2533	84730602
-14974	1014	7744	286	-322	-365	-122	-338	-118	2534	12670	2534	84730631
-14992	1061	7668	272	-339	-374	-122	-337	-119	2535	12675	2535	84730631
-15046	1085	7722	271	-335	-370	-124	-332	-122	2536	12680	2536	84730631
-15007	1159	7737	262	-334	-384	-124	-333	-121	2537	12685	2537	84730632
-14989	1136	7690	252	-336	-402	-126	-336	-118	2538	12690	2538	84730632
-15012	1081	7759	241	-339	-407	-126	-336	-118	2539	12695	2539	84730632
-14956	1071	7834	240	-349	-405	-124	-336	-120	2540	12700	2540	84730632
-14971	1105	7778	230	-344	-406	-124	-336	-120	2541	12705	2541	84730640
-15035	1109	7801	232	-344	-414	-125	-335	-119	2542	12710	2542	84730668
-15038	1131	7807	230	-354	-408	-125	-334	-119	2543	12715	2543	84730671
-15001	1086	7812	238	-344	-417	-124	-332	-118	2544	12720	2544	84730671
-14998	999	7791	239	-344	-425	-124	-331	-118	2545	12725	2545	84730671
-14986	1025	7796	233	-337	-428	-123	-329	-117	2546	12730	2546	84730672
-15010	1018	7773	244	-336	-417	-123	-331	-116	2547	12735	2547	84730672
-14923	1016	7765	252	-331	-429	-124	-338	-114	2548	12740	2548	84730673
-14960	1026	7761	253	-320	-426	-124	-338	-116	2549	12745	2549	84730685
-14945	973	7812	260	-318	-422	-124	-336	-122	2550	12750	2550	84730708
-14980	970	7823	264	-322	-419	-125	-335	-120	2551	12755	2551	84730708
-14989	985	7766	265	-329	-421	-126	-334	-118	2552	12760	2552	84730708
-14977	1057	7753	254	-331	-418	-122	-334	-118	2553	12765	2553	84730708
-14993	1079	7746	238	-334	-415	-117	-333	-119	2554	12770	2554	84730708
-15028	1088	7734	234	-346	-413	-118	-333	-119	2555	12775	2555	84730709
-15084	1083	7744	245	-359	-401	-121	-333	-121	2556	12780	2556	84730710
-15035	1035	7731	243	-364	-395	-122	-334	-119	2557	12785	2557	84730722
-15058	1059	7779	231	-370	-382	-125	-337	-113	2558	12790	2558	84730744
-15052	1083	7770	235	-366	-368	-125	-337	-115	2559	12795	2559	84730745
-15049	1096	7779	232	-364	-364	-124	-336	-118	2560	12800	2560	84730745
-15027	1074	7802	233	-358	-361	-123	-335	-118	2561	12805	2561	84730745
-14973	1077	7751	236	-357	-360	-121	-333	-119	2562	12810	2562	84730746
-14970	1085	7796	240	-352	-370	-123	-332	-118	2563	12815	2563	84730749
-14971	1091	7804	244	-335	-381	-125	-331	-117	2564	12820	2564	84730766
-14988	1095	7799	253	-329	-382	-125	-334	-118	2565	12825	2565	84730783
-14957	1046	7840	253	-326	-388	-125	-339	-119	2566	12830	2566	84730783
-14894	1059	7751	262	-321	-400	-124	-339	-121	2567	12835	2567	84730783
-14941	1070	7814	263	-303	-405	-121	-337	-125	2568	12840	2568	84730784
-14937	1026	7822	256	-294	-416	-122	-336	-125	2569	12845	2569	84730784
-14946	989	7828	248	-303	-418	-124	-334	-124	2570	12850	2570	84730784
-14978	1026	7804	243	-304	-416	-124	-332	-124	2571	12855	2571	84730801
-14951	1030	7776	248	-302	-417	-124	-330	-124	2572	12860	2572	84730855
-14981	1027	7735	245	-312	-425	-123	-333	-122	2573	12865	2573	84730900
-15046	1038	7703	242	-325	-427	-122	-338	-120	2574	12870	2574	84730907
-15018	1067	7676	248	-325	-426	-121	-338	-120	2575	12875	2575	84730908
-15014	1059	7688	245	-329	-412	-120	-339	-121	2576	12880	2576	84730909
-14993	1063	7700	237	-332	-406	-122	-340	-123	2577	12885	2577	84730909
-15010	1070	7742	227	-333	-399	-124	-340	-124	2578	12890	2578	84730909
-15035	1069	7746	216	-341	-396	-123	-335	-122	2579	12895	2579	84730913
-15009	1078	7695	210	-349	-397	-122	-328	-118	2580	12900	2580	84730918
-15028	1051	7736	218	-346	-387	-121	-331	-119	2581	12905	2581	84730918
-15001	1012	7768	224	-356	-384	-119	-335	-121	2582	12910	2582	84730919
-14974	1042	7804	214	-364	-382	-119	-336	-119	2583	12915	2583	84730919
-14962	1031	7828	208	-359	-388	-119	-337	-117	2584	12920	2584	84730919
-14947	1016	7792	215	-349	-385	-121	-335	-118	2585	12925	2585	84730919
-14946	1022	7732	213	-348	-390	-122	-334	-118	2586	12930	2586	84730919
-14967	1043	7749	204	-349	-396	-119	-335	-121	2587	12935	2587	84730919
-14986	1065	7795	207	-349	-393	-117	-335	-123	2588	12940	2588	84730919
-15013	1075	7802	208	-346	-392	-121	-335	-123	2589	12945	2589	84730919
-15044	1080	7810	210	-349	-394	-126	-334	-122	2590	12950	2590	84730919
-15039	1095	7805	225	-358	-405	-125	-334	-122	2591	12955	2591	84730919
-15014	1078	7760	229	-355	-412	-123	-333	-123	2592	12960	2592	84730924
-15000	1113	7775	223	-349	-401	-119	-333	-122	2593	12965	2593	84730928
-15026	1122	7763	220	-342	-394	-117	-333	-121	2594	12970	2594	84730928
-15025	1092	7734	216	-342	-393	-121	-334	-122	2595	12975	2595	84730928
-15042	1104	7777	201	-346	-400	-124	-334	-122	2596	12980	2596	84730928
-15017	1137	7778	205	-347	-404	-125	-335	-121	2597	12985	2597	84730928
-15031	1164	7730	215	-353	-400	-125	-335	-121	2598	12990	2598	84730935
-15046	1149	7745	221	-361	-398	-123	-336	-119	2599	12995	2599	84730946
-15008	1077	7799	230	-357	-402	-121	-337	-117	2600	13000	2600	84730950
-14986	1034	7820	230	-350	-393	-126	-334	-118	2601	13005	2601	84730950
-14954	1047	7848	223	-339	-388	-130	-332	-118	2602	13010	2602	84730950
-14972	1088	7837	224	-340	-384	-127	-333	-121	2603	13015	2603	84730951
-14972	1059	7793	236	-352	-385	-125	-333	-123	2604	13020	2604	84730951
-14948	952	7825	250	-353	-375	-124	-330	-119	2605	13025	2605	84730951
-14973	894	7816	251	-353	-366	-124	-328	-116	2606	13030	2606	84730968
-14963	875	7819	249	-353	-357	-125	-331	-115	2607	13035	2607	84730984
-14957	907	7795	253	-354	-359	-125	-333	-115	2608	13040	2608	84730988
-14954	988	7804	257	-359	-368	-127	-334	-117	2609	13045	2609	84730988
-14955	1020	7824	265	-359	-360	-128	-334	-118	2610	13050	2610	84730988
-14908	984	7824	272	-353	-358	-127	-333	-122	2611	13055	2611	84730988
-14949	1033	7824	288	-352	-351	-127	-333	-123	2612	13060	2612	84730988
-15000	1060	7862	291	-340	-343	-124	-334	-120	2613	13065	2613	84730988
-15018	1058	7812	283	-331	-334	-122	-334	-118	2614	13070	2614	84731010
-15016	1090	7796	281	-326	-324	-124	-338	-117	2615	13075	2615	84731025
-14994	1107	7807	286	-327	-328	-126	-340	-116	2616	13080	2616	84731025
-15000	1109	7757	283	-321	-342	-125	-337	-119	2617	13085	2617	84731025
-15046	1099	7732	280	-319	-343	-124	-336	-120	2618	13090	2618	84731025
-15030	1098	7799	276	-317	-345	-126	-332	-121	2619	13095	2619	84731025
-15029	1103	7758	269	-312	-350	-127	-331	-121	2620	13100	2620	84731034
-15033	1085	7704	273	-310	-351	-125	-338	-119	2621	13105	2621	84731060
-15036	1066	7707	265	-305	-362	-124	-340	-118	2622	13110	2622	84731066
-15000	1078	7765	257	-321	-378	-123	-334	-117	2623	13115	2623	84731067
-15004	1079	7800	250	-328	-384	-123	-331	-117	2624	13120	2624	84731067
-14985	1062	7796	242	-334	-391	-122	-336	-122	2625	13125	2625	84731067
-15011	1052	7790	234	-332	-395	-121	-337	-123	2626	13130	2626	84731067
-15047	1060	7755	236	-321	-403	-123	-337	-118	2627	13135	2627	84731067
-15049	1044	7775	230	-337	-402	-123	-337	-117	2628	13140	2628	84731097
-14992	1034	7739	228	-331	-404	-123	-337	-114	2629	13145	2629	84731105
-14999	1067	7808	239	-327	-409	-123	-337	-113	2630	13150	2630	84731105
-14972	1049	7817	254	-324	-416	-123	-340	-121	2631	13155	2631	84731105
-14972	1055	7820	258	-330	-413	-123	-341	-123	2632	13160	2632	84731106
-14979	1069	7764	274	-324	-418	-124	-339	-121	2633	13165	2633	84731106
-14968	1082	7656	290	-309	-412	-124	-338	-120	2634	13170	2634	84731106
-15023	1049	7846	306	-316	-405	-118	-336	-121	2635	13175	2635	84731106
-14996	1037	7790	315	-306	-414	-117	-335	-121	2636	13180	2636	84731136
-15008	1017	7846	337	-288	-431	-124	-333	-122	2637	13185	2637	84731143
-14947	988	7816	365	-287	-425	-126	-332	-122	2638	13190	2638	84731143
-14954	974	7802	375	-277	-419	-125	-338	-121	2639	13195	2639	84731143
-14949	1038	7770	357	-282	-431	-125	-339	-121	2640	13200	2640	84731143
-15024	1091	7698	364	-290	-429	-127	-333	-116	2641	13205	2641	84731143
-15004	1036	7770	361	-299	-417	-127	-331	-115	2642	13210	2642	84731143
-14972	1038	7796	348	-293	-424	-124	-334	-118	2643	13215	2643	84731153
-15016	1062	7726	334	-309	-420	-124	-334	-118	2644	13220	2644	84731180
-15006	1092	7786	321	-308	-410	-121	-339	-123	2645	13225	2645	84731181
-14981	1032	7749	304	-321	-410	-121	-339	-123	2646	13230	2646	84731181
-14941	1084	7758	285	-326	-400	-122	-338	-121	2647	13235	2647	84731181
-14993	1074	7692	271	-349	-392	-122	-338	-120	2648	13240	2648	84731181
-15043	1111	7815	253	-355	-388	-125	-336	-120	2649	13245	2649	84731182
-15044	1082	7765	238	-359	-380	-126	-336	-120	2650	13250	2650	84731182
-15082	1104	7784	215	-372	-375	-124	-334	-118	2651	13255	2651	84731193
-15000	1064	7796	206	-363	-368	-124	-334	-118	2652	13260	2652	84731221
-14994	1044	7686	207	-362	-365	-125	-335	-117	2653	13265	2653	84731221
-14978	1064	7838	212	-368	-372	-125	-335	-117	2654	13270	2654	84731221
-15012	1116	7786	218	-371	-365	-127	-335	-119	2655	13275	2655	84731221
-15016	1028	7758	216	-361	-368	-127	-335	-119	2656	13280	2656	84731222
-14996	1008	7692	211	-367	-368	-121	-335	-121	2657	13285	2657	84731222
-14998	1051	7660	212	-361	-371	-121	-335	-121	2658	13290	2658	84731222
-14984	1066	7812	228	-345	-366	-123	-337	-119	2659	13295	2659	84731241
-15002	994	7768	224	-342	-371	-123	-337	-119	2660	13300	2660	84731259
-14998	1042	7784	237	-346	-370	-124	-330	-122	2661	13305	2661	84731259
-14894	1078	7834	221	-336	-362	-124	-330	-122	2662	13310	2662	84731259
-14966	1078	7894	236	-320	-378	-126	-334	-120	2663	13315	2663	84731259
-14948	1108	7794	237	-294	-377	-126	-334	-120	2664	13320	2664	84731259
-14972	1054	7756	240	-295	-385	-127	-333	-123	2665	13325	2665	84731259
-14986	1052	7874	236	-290	-391	-127	-333	-123	2666	13330	2666	84731259
-14930	1020	7770	246	-283	-389	-127	-331	-123	2667	13335	2667	84731287
-15036	1091	7838	255	-290	-391	-126	-332	-122	2668	13340	2668	84731297
-14999	1098	7808	251	-276	-392	-124	-334	-118	2669	13345	2669	84731297
-14932	1068	7848	256	-284	-399	-124	-334	-118	2670	13350	2670	84731297
-15002	1078	7812	248	-290	-408	-123	-335	-121	2671	13355	2671	84731297
-14956	1136	7782	247	-274	-399	-123	-335	-121	2672	13360	2672	84731297
-14994	1106	7852	252	-274	-401	-117	-337	-119	2673	13365	2673	84731297
-15030	1156	7814	239	-280	-412	-117	-337	-119	2674	13370	2674	84731297
-14964	1104	7742	240	-284	-407	-125	-329	-123	2675	13375	2675	84731342
-15003	1099	7805	246	-284	-409	-125	-330	-123	2676	13380	2676	84731343
-15022	1076	7720	238	-303	-398	-125	-335	-123	2677	13385	2677	84731343
-15023	1100	7660	224	-309	-407	-125	-336	-122	2678	13390	2678	84731344
-15039	1091	7831	212	-310	-407	-124	-340	-120	2679	13395	2679	84731344
-14996	1060	7786	210	-321	-406	-123	-339	-120	2680	13400	2680	84731345
-14994	1088	7816	208	-330	-413	-120	-334	-118	2681	13405	2681	84731346
-15038	1028	7640	229	-338	-407	-120	-334	-118	2682	13410	2682	84731347
-15002	1020	7766	220	-351	-409	-115	-339	-117	2683	13415	2683	84731374
-14984	1034	7758	222	-369	-405	-117	-339	-117	2684	13420	2684	84731374
-15000	1048	7768	217	-373	-404	-123	-339	-117	2685	13425	2685	84731374
-15001	990	7816	212	-367	-399	-124	-338	-117	2686	13430	2686	84731374
-14982	1076	7811	203	-367	-405	-126	-332	-118	2687	13435	2687	84731374
-15036	1034	7766	212	-363	-407	-126	-333	-118	2688	13440	2688	84731374
-14951	1009	7718	227	-349	-401	-124	-336	-118	2689	13445	2689	84731374
-14947	1038	7824	239	-340	-400	-124	-336	-119	2690	13450	2690	84731381
-14968	1036	7889	254	-324	-399	-122	-338	-124	2691	13455	2691	84731411
-14940	1023	7886	261	-315	-406	-121	-337	-123	2692	13460	2692	84731412
-14974	1026	7865	271	-307	-400	-119	-335	-117	2693	13465	2693	84731412
-15037	1090	7792	275	-311	-411	-120	-336	-117	2694	13470	2694	84731412
-15022	1087	7848	289	-312	-421	-122	-338	-116	2695	13475	2695	84731412
-15014	1106	7862	285	-306	-426	-122	-338	-116	2696	13480	2696	84731412
-15023	1104	7766	284	-292	-424	-124	-340	-118	2697	13485	2697	84731414
-15024	1111	7719	294	-293	-423	-124	-340	-118	2698	13490	2698	84731427
-15016	1175	7777	295	-301	-413	-122	-338	-120	2699	13495	2699	84731449
-15023	1074	7754	285	-303	-415	-124	-339	-122	2700	13500	2700	84731449
-15027	996	7712	279	-307	-412	-130	-342	-126	2701	13505	2701	84731450
-14980	970	7736	276	-322	-417	-126	-341	-122	2702	13510	2702	84731450
-14964	1024	7761	286	-336	-423	-121	-339	-115	2703	13515	2703	84731450
-15009	1071	7754	294	-330	-417	-121	-336	-117	2704	13520	2704	84731450
-14997	1090	7829	296	-323	-418	-122	-330	-122	2705	13525	2705	84731455
-14941	1081	7821	300	-319	-426	-122	-330	-122	2706	13530	2706	84731477
-14962	1038	7856	316	-308	-430	-124	-332	-120	2707	13535	2707	84731486
-14968	992	7816	351	-302	-437	-125	-333	-121	2708	13540	2708	84731486
-14992	1016	7848	378	-294	-446	-127	-337	-125	2709	13545	2709	84731486
-14987	1016	7795	393	-282	-454	-124	-336	-123	2710	13550	2710	84731486
-14981	1025	7773	402	-283	-459	-119	-335	-119	2711	13555	2711	84731487
-14987	1017	7779	410	-276	-466	-121	-335	-121	2712	13560	2712	84731503
-14979	1027	7821	424	-264	-473	-123	-335	-125	2713	13565	2713	84731526
-14966	1044	7807	432	-259	-476	-124	-334	-123	2714	13570	2714	84731526
-15003	1069	7771	432	-256	-474	-125	-333	-121	2715	13575	2715	84731526
-15034	1119	7747	437	-259	-469	-125	-332	-121	2716	13580	2716	84731526
-15000	1111	7784	428	-246	-459	-123	-329	-119	2717	13585	2717	84731526
-15008	1068	7774	416	-235	-444	-124	-331	-119	2718	13590	2718	84731526
-15016	1090	7748	402	-238	-429	-126	-334	-118	2719	13595	2719	84731541
-15025	1112	7720	395	-241	-419	-123	-335	-118	2720	13600	2720	84731563
-15006	1092	7708	395	-247	-418	-119	-337	-119	2721	13605	2721	84731563
-15041	1105	7742	382	-254	-419	-123	-336	-118	2722	13610	2722	84731563
-15009	1085	7776	371	-259	-420	-129	-335	-117	2723	13615	2723	84731563
-14998	1079	7788	361	-256	-425	-127	-336	-117	2724	13620	2724	84731563
-14985	1105	7781	361	-248	-428	-125	-337	-117	2725	13625	2725	84731563
-15000	1108	7807	366	-248	-439	-123	-340	-119	2726	13630	2726	84731570
-15029	1095	7816	364	-261	-447	-122	-342	-120	2727	13635	2727	84731588
-15015	1082	7771	363	-264	-454	-122	-341	-120	2728	13640	2728	84731600
-14974	1099	7745	368	-253	-460	-123	-339	-121	2729	13645	2729	84731601
-15006	1105	7749	377	-254	-457	-124	-338	-121	2730	13650	2730	84731601
-15031	1088	7752	374	-261	-466	-126	-336	-120	2731	13655	2731	84731601
-14990	1067	7693	371	-258	-478	-123	-336	-120	2732	13660	2732	84731602
-14972	1027	7760	372	-261	-481	-119	-335	-121	2733	13665	2733	84731602
-14985	1046	7786	357	-275	-482	-120	-335	-120	2734	13670	2734	84731607
-15014	1042	7762	348	-281	-485	-121	-335	-119	2735	13675	2735	84731628
-15039	1064	7704	353	-290	-484	-122	-337	-121	2736	13680	2736	84731638
-15040	1060	7728	353	-301	-484	-122	-338	-122	2737	13685	2737	84731638
-15064	1048	7743	361	-314	-479	-124	-335	-123	2738	13690	2738	84731638
-15024	1077	7715	360	-332	-483	-125	-333	-123	2739	13695	2739	84731638
-14994	1106	7768	346	-336	-487	-124	-331	-122	2740	13700	2740	84731638
-15036	1116	7800	336	-334	-483	-123	-329	-121	2741	13705	2741	84731638
-15043	1135	7746	334	-348	-477	-124	-332	-121	2742	13710	2742	84731648
-15065	1114	7700	328	-351	-472	-125	-335	-121	2743	13715	2743	84731668
-15056	1067	7680	321	-351	-468	-121	-336	-118	2744	13720	2744	84731677
-15030	1010	7670	313	-351	-460	-118	-336	-116	2745	13725	2745	84731677
-14995	1042	7768	299	-355	-453	-123	-336	-120	2746	13730	2746	84731678
-15000	1090	7794	285	-362	-446	-126	-336	-122	2747	13735	2747	84731679
-15011	1071	7817	278	-354	-437	-125	-334	-123	2748	13740	2748	84731680
-14997	1114	7834	272	-344	-433	-125	-333	-123	2749	13745	2749	84731683
-14996	1036	7783	293	-347	-429	-124	-333	-120	2750	13750	2750	84731711
-14974	1029	7793	294	-343	-420	-123	-333	-119	2751	13755	2751	84731719
-14987	1071	7770	295	-330	-415	-124	-334	-121	2752	13760	2752	84731720
-14962	1090	7826	302	-328	-417	-124	-334	-122	2753	13765	2753	84731720
-14963	1063	7846	308	-322	-418	-122	-333	-119	2754	13770	2754	84731720
-14964	1049	7748	300	-311	-422	-121	-333	-117	2755	13775	2755	84731720
-14958	1086	7696	312	-308	-426	-120	-335	-115	2756	13780	2756	84731721
-14988	1062	7759	317	-303	-430	-119	-337	-113	2757	13785	2757	84731725
-15012	1057	7786	304	-294	-430	-123	-336	-117	2758	13790	2758	84731747
-15028	1082	7802	299	-286	-440	-125	-335	-119	2759	13795	2759	84731760
-15024	1111	7796	284	-279	-436	-123	-339	-117	2760	13800	2760	84731761
-15041	1096	7880	287	-271	-446	-122	-340	-116	2761	13805	2761	84731761
-15011	1082	7826	298	-271	-436	-125	-337	-117	2762	13810	2762	84731761
-15030	1145	7747	297	-261	-425	-126	-336	-118	2763	13815	2763	84731761
-15030	1120	7781	293	-254	-427	-122	-337	-119	2764	13820	2764	84731762
-14991	1081	7805	282	-262	-427	-120	-338	-120	2765	13825	2765	84731762
-15019	1070	7738	278	-264	-420	-124	-338	-119	2766	13830	2766	84731766
-15041	1075	7690	274	-266	-417	-126	-338	-118	2767	13835	2767	84731791
-15075	1086	7609	270	-273	-426	-127	-339	-120	2768	13840	2768	84731798
-15030	1096	7691	264	-280	-421	-127	-339	-121	2769	13845	2769	84731798
-15026	1040	7631	248	-291	-425	-122	-339	-121	2770	13850	2770	84731798
-15007	1082	7685	243	-305	-426	-121	-339	-121	2771	13855	2771	84731798
-15034	989	7728	237	-313	-423	-125	-335	-120	2772	13860	2772	84731798
-15024	1047	7689	235	-324	-431	-126	-334	-120	2773	13865	2773	84731798
-14991	1017	7719	228	-328	-427	-123	-335	-119	2774	13870	2774	84731803
-14981	1043	7788	222	-345	-419	-121	-335	-119	2775	13875	2775	84731827
-15012	1031	7695	217	-354	-420	-123	-331	-120	2776	13880	2776	84731834
-15009	1000	7727	198	-362	-406	-124	-330	-120	2777	13885	2777	84731834
-15009	1064	7715	195	-374	-401	-129	-335	-122	2778	13890	2778	84731834
-14986	1002	7697	211	-380	-406	-130	-336	-122	2779	13895	2779	84731834
-15015	987	7745	213	-387	-408	-123	-338	-121	2780	13900	2780	84731834
-15067	1025	7843	210	-393	-399	-121	-339	-121	2781	13905	2781	84731834
-15062	1042	7816	211	-389	-389	-121	-336	-118	2782	13910	2782	84731893
-15039	1023	7756	217	-391	-384	-121	-335	-117	2783	13915	2783	84731912
-14940	1058	7722	240	-389	-376	-121	-339	-119	2784	13920	2784	84731913
-14985	1051	7754	240	-389	-369	-121	-339	-119	2785	13925	2785	84731913
-14972	1032	7794	235	-388	-366	-122	-335	-121	2786	13930	2786	84731914
-14984	1068	7757	240	-376	-367	-122	-334	-122	2787	13935	2787	84731914
-14998	1057	7719	264	-372	-359	-125	-334	-116	2788	13940	2788	84731914
-15005	1044	7795	284	-369	-368	-126	-334	-114	2789	13945	2789	84731914
-14996	1080	7718	279	-350	-376	-128	-340	-116	2790	13950	2790	84731920
-14975	1063	7819	275	-344	-386	-128	-342	-116	2791	13955	2791	84731921
-14974	1054	7742	286	-339	-378	-131	-333	-123	2792	13960	2792	84731921
-14986	1050	7816	271	-324	-372	-131	-333	-123	2793	13965	2793	84731922
-15044	1084	7810	269	-317	-386	-122	-336	-120	2794	13970	2794	84731922
-15022	1040	7796	280	-314	-398	-122	-336	-120	2795	13975	2795	84731922
-14980	1100	7744	285	-312	-394	-122	-336	-120	2796	13980	2796	84731922
-15010	1082	7816	283	-296	-397	-122	-336	-120	2797	13985	2797	84731942
-15016	1033	7785	290	-291	-400	-120	-335	-116	2798	13990	2798	84731961
-15000	980	7753	287	-285	-398	-119	-335	-115	2799	13995	2799	84731966
-15009	1088	7809	287	-280	-395	-123	-337	-121	2800	14000	2800	84731966
-15032	1008	7736	298	-258	-406	-124	-338	-122	2801	14005	2801	84731966
-15036	1044	7808	299	-254	-398	-125	-337	-117	2802	14010	2802	84731966
-15022	1078	7824	316	-255	-396	-125	-337	-117	2803	14015	2803	84731966
-15000	1022	7786	318	-247	-393	-129	-335	-115	2804	14020	2804	84731966
-14984	1092	7722	329	-245	-398	-129	-335	-115	2805	14025	2805	84731966
-15018	1062	7824	320	-252	-389	-123	-335	-125	2806	14030	2806	84731966
-14954	1066	7836	319	-252	-388	-123	-335	-125	2807	14035	2807	84731989
-14942	1061	7764	321	-231	-390	-124	-334	-124	2808	14040	2808	84732002
-15034	1074	7808	335	-246	-397	-124	-334	-124	2809	14045	2809	84732005
-15036	1070	7764	331	-224	-385	-128	-338	-118	2810	14050	2810	84732006
-14984	1052	7756	318	-220	-388	-128	-338	-118	2811	14055	2811	84732006
-14942	1076	7800	326	-228	-383	-126	-332	-124	2812	14060	2812	84732006
-14950	1008	7790	320	-234	-391	-126	-332	-124	2813	14065	2813	84732006
-14974	1008	7708	322	-233	-401	-123	-335	-119	2814	14070	2814	84732006
-15016	1056	7728	315	-240	-393	-123	-335	-119	2815	14075	2815	84732016
-15040	1056	7786	322	-231	-380	-124	-332	-124	2816	14080	2816	84732043
-15066	1040	7762	328	-231	-377	-124	-332	-124	2817	14085	2817	84732043
-15034	1060	7713	305	-244	-383	-122	-332	-122	2818	14090	2818	84732043
-15023	1070	7745	300	-245	-389	-123	-332	-122	2819	14095	2819	84732044
-15006	1072	7762	302	-247	-388	-126	-332	-122	2820	14100	2820	84732044
-15002	1080	7808	301	-241	-399	-126	-332	-122	2821	14105	2821	84732044
-15112	1108	7726	284	-251	-394	-119	-335	-125	2822	14110	2822	84732045
-15106	1102	7742	308	-263	-382	-119	-335	-125	2823	14115	2823	84732045
-15024	1108	7712	289	-266	-380	-123	-335	-125	2824	14120	2824	84732124
-15020	1098	7632	293	-267	-379	-123	-335	-125	2825	14125	2825	84732124
-15027	1043	7663	281	-281	-382	-128	-334	-116	2826	14130	2826	84732124
-14989	1060	7650	285	-283	-389	-127	-334	-118	2827	14135	2827	84732125
-15024	1068	7651	288	-287	-392	-122	-336	-124	2828	14140	2828	84732125
-15047	1050	7677	288	-297	-384	-123	-335	-123	2829	14145	2829	84732125
-15047	1076	7728	278	-305	-386	-125	-333	-117	2830	14150	2830	84732127
-15024	1048	7690	274	-315	-397	-125	-333	-117	2831	14155	2831	84732137
-14982	994	7756	269	-326	-397	-121	-335	-119	2832	14160	2832	84732162
-15080	1058	7678	256	-326	-394	-121	-335	-119	2833	14165	2833	84732162
-15018	1068	7645	257	-338	-395	-130	-340	-118	2834	14170	2834	84732162
-14996	1118	7645	250	-327	-396	-129	-339	-118	2835	14175	2835	84732162
-15038	1094	7700	244	-329	-401	-127	-333	-117	2836	14180	2836	84732162
-15016	1083	7740	247	-343	-401	-126	-333	-117	2837	14185	2837	84732162
-14992	1015	7687	243	-340	-393	-121	-335	-119	2838	14190	2838	84732163
-15028	1049	7613	240	-347	-396	-121	-335	-119	2839	14195	2839	84732163
-15000	1072	7670	242	-355	-400	-119	-333	-117	2840	14200	2840	84732163
-14974	1076	7764	249	-356	-399	-120	-334	-118	2841	14205	2841	84732163
-15015	1061	7777	250	-353	-401	-124	-340	-120	2842	14210	2842	84732163
-14987	1074	7745	251	-351	-391	-123	-339	-121	2843	14215	2843	84732165
-15066	1077	7768	240	-353	-393	-119	-337	-123	2844	14220	2844	84732171
-14994	1068	7770	245	-348	-400	-120	-337	-123	2845	14225	2845	84732177
-15012	1034	7711	251	-346	-408	-125	-335	-123	2846	14230	2846	84732201
-15002	1074	7726	250	-351	-406	-125	-335	-123	2847	14235	2847	84732201
-15035	1047	7798	254	-360	-405	-123	-335	-121	2848	14240	2848	84732201
-15038	1108	7792	258	-358	-408	-123	-335	-121	2849	14245	2849	84732202
-15007	1126	7736	259	-354	-414	-123	-333	-123	2850	14250	2850	84732202
-15012	1130	7770	244	-346	-404	-124	-335	-124	2851	14255	2851	84732202
-15032	1102	7801	244	-345	-398	-125	-337	-125	2852	14260	2852	84732203
