-2082	-2484	-15758	109	-826	-218	16296	85	-61	1	1	1	72609832	
-2034	-2498	-15754	97	-797	-218	16297	87	-69	2	6	2	72609832	
-1978	-2488	-15706	97	-790	-215	16298	87	-69	3	11	3	72609832	
-2046	-2522	-15772	101	-774	-215	16299	83	-61	4	16	4	72609832	
-2037	-2508	-15797	119	-758	-214	16300	82	-60	5	21	5	72609832	
-2062	-2457	-15843	146	-748	-219	16301	80	-58	6	26	6	72609832	
-2000	-2490	-15850	170	-730	-211	16302	80	-58	7	31	7	72609832	
-2068	-2466	-15886	200	-722	-197	16303	81	-63	8	36	8	72609859	
-2062	-2494	-15928	242	-734	-197	16304	81	-63	9	41	9	72609888	
-2060	-2432	-15884	296	-720	-191	16305	84	-66	10	46	10	72609888	
-2086	-2408	-15968	350	-734	-182	16306	84	-66	11	51	11	72609889	
-2042	-2394	-15894	394	-770	-177	16307	90	-66	12	56	12	72609889	
-2085	-2440	-15916	422	-781	-170	16308	90	-66	13	61	13	72609890	
-2034	-2413	-15862	427	-784	-173	16309	92	-66	14	66	14	72609898	
-2028	-2444	-15922	404	-773	-161	16310	91	-65	15	71	15	72609930	
-2005	-2477	-15857	375	-751	-169	16311	85	-63	16	76	16	72609937	
-1993	-2445	-15759	342	-747	-173	16312	86	-64	17	81	17	72609937	
-1959	-2477	-15780	302	-728	-168	16313	88	-68	18	86	18	72609937	
-1986	-2529	-15795	269	-723	-169	16314	88	-68	19	91	19	72609937	
-2036	-2528	-15753	232	-721	-162	16315	86	-68	20	96	20	72609937	
-2006	-2526	-15874	193	-705	-156	16316	86	-68	21	101	21	72609937	
-2021	-2556	-15850	147	-695	-157	16317	86	-68	22	106	22	72609937	
-2088	-2596	-15855	92	-682	-165	16318	85	-68	23	111	23	72609937	
-2140	-2582	-15858	28	-655	-176	16319	84	-68	24	116	24	72609937	
-2207	-2621	-15874	-40	-636	-191	16320	83	-68	25	121	25	72609938	
-2213	-2648	-15803	-88	-626	-195	16321	81	-69	26	126	26	72609940	
-2245	-2664	-15730	-112	-613	-200	16322	82	-68	27	131	27	72609953	
-2265	-2694	-15751	-127	-595	-202	16323	86	-66	28	136	28	72609985	
-2234	-2718	-15849	-124	-589	-212	16324	86	-65	29	141	29	72609985	
-2212	-2781	-15878	-113	-570	-217	16325	86	-64	30	146	30	72609985	
-2234	-2779	-15889	-96	-539	-214	16326	85	-63	31	151	31	72609985	
-2257	-2764	-15903	-54	-511	-210	16327	84	-62	32	156	32	72609986	
-2207	-2797	-15903	-13	-486	-215	16328	83	-63	33	161	33	72609986	
-2162	-2807	-15886	7	-461	-222	16329	82	-64	34	166	34	72609986	
-2089	-2810	-15912	32	-439	-217	16330	81	-62	35	171	35	72609987	
-2031	-2804	-15890	59	-433	-210	16331	80	-60	36	176	36	72609987	
-1966	-2816	-15882	97	-442	-195	16333	84	-64	37	181	37	72609988	
-1930	-2796	-15828	131	-456	-186	16334	88	-68	38	186	38	72609988	
-1915	-2752	-15779	152	-466	-180	16335	86	-66	39	191	39	72609991	
-1846	-2684	-15775	165	-489	-171	16336	84	-64	40	196	40	72610000	
-1776	-2636	-15801	161	-515	-170	16337	82	-65	41	201	41	72610029	
-1768	-2622	-15829	137	-539	-165	16338	81	-65	42	206	42	72610047	
-1712	-2582	-15737	111	-541	-153	16339	81	-66	43	211	43	72610047	
-1652	-2556	-15714	88	-524	-143	16340	81	-67	44	216	44	72610047	
-1585	-2537	-15642	60	-488	-120	16341	80	-65	45	221	45	72610048	
-1522	-2492	-15660	19	-450	-91	16342	80	-64	46	226	46	72610048	
-1479	-2474	-15706	-30	-413	-57	16343	83	-65	47	231	47	72610048	
-1436	-2438	-15632	-74	-393	-14	16344	85	-65	48	236	48	72610069	
-1381	-2382	-15652	-114	-380	31	16345	86	-63	49	241	49	72610083	
-1367	-2382	-15698	-151	-375	87	16346	87	-61	50	246	50	72610083	
-1362	-2395	-15701	-178	-378	144	16347	84	-66	51	251	51	72610083	
-1383	-2369	-15758	-185	-393	203	16348	82	-70	52	256	52	72610083	
-1408	-2359	-15897	-179	-418	269	16349	82	-69	53	261	53	72610083	
-1528	-2370	-15898	-166	-465	345	16350	82	-68	54	266	54	72610083	
-1544	-2433	-15847	-140	-524	411	16351	86	-64	55	271	55	72610083	
-1677	-2395	-15888	-143	-572	461	16352	87	-63	56	276	56	72610083	
-1709	-2427	-15852	-150	-616	512	16353	85	-67	57	281	57	72610096	
-1767	-2462	-15862	-157	-646	548	16354	84	-68	58	286	58	72610116	
-1849	-2498	-15782	-172	-648	580	16355	83	-70	59	291	59	72610120	
-1922	-2492	-15904	-165	-640	611	16356	83	-71	60	296	60	72610120	
-1955	-2462	-15807	-147	-626	627	16357	78	-69	61	301	61	72610120	
-2024	-2490	-15860	-101	-595	638	16358	77	-69	62	306	62	72610121	
-2024	-2458	-15832	-74	-576	649	16359	84	-60	63	311	63	72610121	
-2008	-2534	-15912	-60	-576	642	16360	84	-60	64	316	64	72610121	
-2048	-2514	-15844	-45	-587	635	16361	82	-63	65	321	65	72610121	
-2026	-2480	-15862	-22	-604	623	16362	82	-64	66	326	66	72610121	
-2092	-2419	-15868	-18	-608	616	16363	83	-65	67	331	67	72610128	
-2163	-2392	-15934	-23	-602	604	16364	83	-65	68	336	68	72610162	
-2138	-2399	-15844	-32	-602	575	16365	85	-65	69	341	69	72610171	
-2186	-2352	-15869	-72	-595	538	16366	85	-65	70	346	70	72610171	
-2260	-2284	-15940	-148	-608	485	16367	88	-62	71	351	71	72610171	
-2214	-2334	-15868	-197	-632	430	16368	88	-62	72	356	72	72610171	
-2310	-2258	-15852	-228	-667	380	16369	80	-66	73	361	73	72610171	
-2296	-2286	-16028	-228	-689	327	16370	80	-66	74	366	74	72610171	
-2322	-2228	-15800	-198	-696	293	16371	80	-68	75	371	75	72610171	
-2400	-2254	-15798	-133	-682	256	16372	80	-68	76	376	76	72610171	
-2268	-2156	-15948	-37	-651	234	16373	88	-64	77	381	77	72610198	
-2320	-2186	-15936	39	-616	215	16374	88	-64	78	386	78	72610251	
-2268	-2164	-15728	117	-590	204	16375	83	-69	79	391	79	72610251	
-2188	-2153	-15783	160	-600	206	16376	83	-68	80	396	80	72610251	
-2169	-2164	-15711	186	-624	200	16377	82	-64	81	401	81	72610251	
-2108	-2110	-15792	205	-663	210	16378	82	-64	82	406	82	72610252	
-2174	-2072	-15700	201	-707	231	16379	84	-64	83	411	83	72610252	
-2185	-2106	-15709	191	-736	259	16380	85	-64	84	416	84	72610256	
-2198	-2048	-15566	186	-753	278	16381	89	-65	85	421	85	72610274	
-2164	-2104	-15582	173	-759	292	16382	89	-65	86	426	86	72610303	
-2120	-2082	-15482	130	-753	305	16383	83	-63	87	431	87	72610303	
-2151	-2080	-15488	86	-745	310	16384	81	-65	88	436	88	72610303	
-2208	-2117	-15469	33	-739	315	16385	75	-71	89	441	89	72610303	
-2203	-2182	-15546	-27	-736	324	16386	78	-70	90	446	90	72610303	
-2227	-2216	-15511	-77	-709	321	16387	88	-64	91	451	91	72610303	
-2300	-2255	-15634	-107	-673	318	16388	86	-65	92	456	92	72610303	
-2255	-2237	-15668	-126	-606	311	16389	79	-67	93	461	93	72610303	
-2270	-2367	-15720	-129	-560	297	16390	81	-66	94	466	94	72610303	
-2385	-2469	-15732	-128	-516	284	16391	87	-63	95	471	95	72610304	
-2434	-2516	-15741	-105	-489	266	16392	84	-61	96	476	96	72610315	
-2486	-2568	-15786	-110	-458	238	16393	80	-58	97	481	97	72610338	
-2496	-2664	-15824	-150	-384	206	16394	82	-59	98	486	98	72610348	
-2426	-2685	-15730	-215	-262	168	16395	84	-60	99	491	99	72610348	
-2426	-2725	-15557	-316	-109	124	16396	83	-60	100	496	100	72610349	
-2431	-2712	-15398	-430	64	69	16397	81	-59	101	501	101	72610349	
-2389	-2698	-15240	-530	248	19	16398	80	-60	102	506	102	72610349	
-2276	-2734	-15064	-591	387	-25	16399	78	-62	103	511	103	72610350	
-2182	-2786	-15027	-613	394	-57	16400	82	-63	104	516	104	72610363	
-2109	-2810	-15088	-613	273	-75	16401	89	-65	105	521	105	72610383	
-2104	-2820	-15117	-642	97	-97	16402	87	-66	106	526	106	72610384	
-2134	-2810	-15126	-762	-40	-128	16403	84	-68	107	531	107	72610384	
-2158	-2797	-15081	-998	-74	-172	16404	83	-67	108	536	108	72610384	
-2143	-2747	-14977	-1279	-25	-227	16405	81	-65	109	541	109	72610384	
-2056	-2722	-14952	-1492	39	-269	16406	83	-63	110	546	110	72610385	
-1948	-2752	-15083	-1605	52	-300	16407	85	-61	111	551	111	72610385	
-1919	-2703	-15406	-1670	-58	-315	16409	83	-61	112	556	112	72610385	
-1878	-2639	-15873	-1707	-312	-314	16410	81	-61	113	561	113	72610385	
-1950	-2678	-16272	-1717	-553	-312	16411	82	-63	114	566	114	72610387	
-2016	-2686	-16546	-1766	-727	-312	16412	83	-65	115	571	115	72610388	
-1983	-2642	-16638	-1857	-799	-318	16413	79	-63	116	576	116	72610388	
-2006	-2635	-16499	-1928	-795	-336	16414	77	-61	117	581	117	72610388	
-2014	-2615	-16266	-1909	-744	-353	16415	78	-64	118	586	118	72610388	
-2040	-2571	-16134	-1836	-680	-361	16416	78	-66	119	591	119	72610388	
-2019	-2532	-15999	-1776	-616	-380	16417	81	-63	120	596	120	72610388	
-1925	-2561	-15976	-1738	-586	-399	16418	82	-62	121	601	121	72610397	
-1808	-2493	-16002	-1656	-596	-403	16419	83	-64	122	606	122	72610431	
-1765	-2397	-16168	-1550	-619	-391	16420	83	-65	123	611	123	72610439	
-1726	-2332	-16172	-1424	-666	-365	16421	85	-64	124	616	124	72610439	
-1678	-2321	-16156	-1308	-743	-329	16422	86	-64	125	621	125	72610439	
-1643	-2252	-16228	-1229	-833	-301	16423	84	-64	126	626	126	72610439	
-1649	-2215	-16292	-1173	-910	-291	16424	82	-64	127	631	127	72610439	
-1696	-2174	-16332	-1129	-975	-292	16425	84	-62	128	636	128	72610439	
-1758	-2236	-16235	-1107	-1029	-301	16426	85	-61	129	641	129	72610439	
-1802	-2231	-16086	-1144	-1041	-322	16427	83	-62	130	646	130	72610446	
-1863	-2251	-15927	-1190	-1030	-344	16428	82	-62	131	651	131	72610470	
-1927	-2234	-15912	-1216	-1045	-368	16429	78	-61	132	656	132	72610491	
-1959	-2210	-15887	-1198	-1081	-380	16430	77	-61	133	661	133	72610496	
-1954	-2243	-15933	-1162	-1088	-396	16431	79	-63	134	666	134	72610496	
-1987	-2201	-15973	-1132	-1060	-409	16432	80	-64	135	671	135	72610496	
-1902	-2196	-15985	-1106	-1005	-412	16433	83	-64	136	676	136	72610496	
-1940	-2138	-16008	-1043	-955	-409	16434	84	-64	137	681	137	72610514	
-1834	-2238	-16050	-939	-952	-406	16435	84	-56	138	686	138	72610514	
-1858	-2156	-15992	-848	-944	-400	16436	84	-56	139	691	139	72610514	
-1944	-2098	-16004	-739	-952	-399	16437	87	-65	140	696	140	72610515	
-1916	-2044	-15972	-602	-933	-390	16438	87	-65	141	701	141	72610515	
-1832	-2098	-15850	-435	-916	-382	16439	85	-61	142	706	142	72610515	
-1860	-2091	-15863	-298	-954	-381	16440	85	-61	143	711	143	72610515	
-1770	-2098	-15887	-173	-1040	-395	16441	86	-60	144	716	144	72610515	
-1805	-2090	-15961	-83	-1164	-405	16442	86	-60	145	721	145	72610515	
-1768	-2064	-16014	39	-1357	-412	16443	78	-60	146	726	146	72610515	
-1794	-1968	-16208	121	-1540	-439	16444	78	-60	147	731	147	72610515	
-1854	-2000	-16244	188	-1669	-453	16445	80	-62	148	736	148	72610515	
-1882	-1970	-16302	212	-1743	-464	16446	80	-62	149	741	149	72610561	
-1824	-1996	-16096	275	-1785	-492	16447	87	-57	150	746	150	72610561	
-1816	-2034	-15888	426	-1882	-490	16448	87	-57	151	751	151	72610561	
-1732	-2002	-15548	675	-2017	-472	16449	80	-58	152	756	152	72610561	
-1776	-2082	-15556	980	-2243	-444	16450	80	-58	153	761	153	72610561	
-1799	-2059	-15868	1160	-2486	-418	16451	82	-62	154	766	154	72610561	
-1840	-2026	-16198	1294	-2700	-396	16452	84	-64	155	771	155	72610563	
-1937	-1937	-16582	1225	-2764	-398	16453	87	-61	156	776	156	72610578	
-2006	-1779	-16841	1089	-2699	-427	16454	87	-61	157	781	157	72610616	
-2116	-1630	-16858	1002	-2606	-443	16455	88	-60	158	786	158	72610616	
-2193	-1604	-16800	1002	-2551	-456	16456	88	-61	159	791	159	72610616	
-2314	-1789	-16618	1115	-2594	-472	16457	87	-63	160	796	160	72610616	
-2496	-1996	-16573	1249	-2708	-482	16458	87	-63	161	801	161	72610617	
-2676	-2183	-16599	1380	-2793	-518	16459	87	-61	162	806	162	72610617	
-2776	-2374	-16605	1425	-2798	-573	16460	86	-61	163	811	163	72610621	
-2720	-2440	-16551	1396	-2718	-645	16461	81	-59	164	816	164	72610636	
-2664	-2505	-16519	1322	-2632	-735	16462	83	-60	165	821	165	72610636	
-2500	-2465	-16409	1262	-2571	-833	16463	89	-63	166	826	166	72610637	
-2353	-2412	-16244	1258	-2554	-912	16464	90	-62	167	831	167	72610637	
-2150	-2385	-15932	1306	-2572	-968	16465	92	-60	168	836	168	72610637	
-2020	-2266	-15652	1372	-2674	-1022	16466	90	-60	169	841	169	72610637	
-1929	-2206	-15357	1411	-2930	-1052	16467	83	-59	170	846	170	72610637	
-1823	-2062	-15176	1341	-3267	-1044	16468	83	-60	171	851	171	72610637	
-1886	-1901	-15095	1189	-3494	-1013	16469	83	-61	172	856	172	72610640	
-1993	-1839	-15036	1052	-3589	-958	16470	85	-63	173	861	173	72610664	
-2129	-1836	-14996	1003	-3531	-879	16471	87	-65	174	866	174	72610699	
-2213	-1938	-15219	1022	-3356	-786	16472	85	-63	175	871	175	72610706	
-2271	-2044	-15435	1010	-3169	-693	16473	83	-59	176	876	176	72610706	
-2325	-2035	-15664	916	-3011	-610	16474	85	-60	177	881	177	72610706	
-2388	-2022	-16006	776	-2882	-525	16476	89	-61	178	886	178	72610707	
-2519	-2021	-16116	682	-2810	-444	16477	91	-62	179	891	179	72610707	
-2650	-2006	-16144	700	-2780	-382	16478	92	-62	180	896	180	72610722	
-2778	-2047	-16083	792	-2799	-322	16479	92	-61	181	901	181	72610732	
-2934	-2088	-15945	902	-2861	-280	16480	92	-60	182	906	182	72610733	
-3078	-2138	-15882	998	-2944	-256	16480	92	-58	183	911	183	72610733	
-3206	-2204	-15936	1033	-3023	-255	16481	92	-56	184	916	184	72610733	
-3387	-2252	-15968	945	-3040	-281	16482	89	-61	185	921	185	72610733	
-3572	-2264	-15920	772	-2947	-310	16483	84	-68	186	926	186	72610733	
-3730	-2229	-15601	567	-2728	-340	16485	85	-66	187	931	187	72610733	
-3774	-2232	-15272	480	-2625	-381	16486	85	-63	188	936	188	72610757	
-3793	-2332	-15361	483	-2708	-402	16487	90	-64	189	941	189	72610773	
-3873	-2418	-15638	336	-2749	-421	16488	93	-65	190	946	190	72610774	
-3990	-2391	-15948	36	-2635	-443	16489	95	-60	191	951	191	72610774	
-4029	-2375	-16105	-278	-2345	-454	16490	97	-57	192	956	192	72610774	
-3962	-2403	-15987	-519	-1970	-456	16491	93	-61	193	961	193	72610774	
-3899	-2394	-15904	-671	-1654	-434	16492	90	-64	194	966	194	72610775	
-3792	-2433	-15927	-737	-1338	-388	16493	87	-63	195	971	195	72610775	
-3716	-2472	-15910	-741	-1134	-327	16494	86	-62	196	976	196	72610775	
-3661	-2454	-15848	-733	-1044	-277	16495	93	-61	197	981	197	72610776	
-3612	-2474	-15970	-721	-1001	-219	16496	95	-61	198	986	198	72610776	
-3650	-2550	-16017	-678	-919	-154	16497	92	-61	199	991	199	72610794	
-3688	-2578	-15881	-656	-730	-104	16498	91	-61	200	996	200	72610822	
-3697	-2578	-15774	-679	-493	-73	16499	90	-55	201	1001	201	72610828	
-3721	-2581	-15671	-706	-280	-46	16500	90	-54	202	1006	202	72610828	
-3707	-2541	-15461	-734	-67	-19	16501	89	-61	203	1011	203	72610828	
-3695	-2544	-15218	-760	143	7	16502	89	-65	204	1016	204	72610828	
-3630	-2532	-15096	-779	255	27	16503	91	-65	205	1021	205	72610828	
-3625	-2524	-15119	-817	308	36	16504	91	-65	206	1026	206	72610829	
-3585	-2433	-15159	-884	348	35	16505	86	-62	207	1031	207	72610835	
-3528	-2423	-15225	-953	373	23	16506	85	-61	208	1036	208	72610844	
-3470	-2410	-15216	-1043	368	14	16507	87	-63	209	1041	209	72610846	
-3373	-2340	-15434	-1127	342	19	16508	88	-64	210	1046	210	72610846	
-3309	-2279	-15626	-1196	298	40	16509	84	-63	211	1051	211	72610846	
-3282	-2306	-15766	-1232	174	65	16510	83	-63	212	1056	212	72610846	
-3208	-2348	-15826	-1252	101	87	16511	92	-64	213	1061	213	72610847	
-3134	-2248	-15910	-1265	63	89	16512	92	-64	214	1066	214	72610847	
-3036	-2354	-16002	-1238	65	112	16513	94	-66	215	1071	215	72610884	
-3012	-2310	-16036	-1200	78	122	16514	94	-66	216	1076	216	72610884	
-2912	-2300	-16170	-1183	123	138	16515	95	-63	217	1081	217	72610884	
-2744	-2184	-16210	-1136	153	172	16516	95	-63	218	1086	218	72610884	
-2564	-2080	-16302	-1091	155	206	16517	92	-58	219	1091	219	72610884	
-2512	-1964	-16252	-1074	113	276	16518	92	-58	220	1096	220	72610884	
-2456	-2017	-16356	-1053	7	367	16519	91	-61	221	1101	221	72610886	
-2368	-2134	-16276	-1015	-32	409	16520	91	-61	222	1106	222	72610893	
-2206	-2136	-16218	-1034	11	386	16521	83	-61	223	1111	223	72610922	
-2286	-1902	-15956	-1089	118	398	16522	83	-61	224	1116	224	72610924	
-2282	-1916	-15788	-1089	147	480	16523	83	-59	225	1121	225	72610925	
-2200	-1860	-15578	-1100	193	546	16524	83	-59	226	1126	226	72610925	
-2056	-1772	-15198	-1161	230	613	16525	89	-63	227	1131	227	72610926	
-1996	-1746	-15004	-1276	285	671	16526	89	-63	228	1136	228	72610926	
-2022	-1714	-14758	-1531	356	755	16527	92	-62	229	1141	229	72610933	
-2043	-1822	-14689	-1872	459	811	16528	91	-62	230	1146	230	72610957	
-2110	-1840	-14661	-2292	661	817	16529	86	-64	231	1151	231	72610958	
-2278	-1857	-14766	-2705	957	810	16530	87	-62	232	1156	232	72610958	
-2339	-1897	-14769	-3120	1316	817	16531	89	-53	233	1161	233	72610958	
-2302	-1882	-14725	-3433	1629	809	16532	90	-54	234	1166	234	72610958	
-2239	-1868	-14792	-3539	1754	817	16533	92	-60	235	1171	235	72610958	
-2274	-1863	-14881	-3373	1681	844	16534	91	-61	236	1176	236	72610961	
-2280	-1889	-15242	-2895	1437	911	16535	88	-64	237	1181	237	72610975	
-2324	-2071	-15702	-2170	1185	951	16536	86	-62	238	1186	238	72610995	
-2450	-2207	-16124	-1587	1065	945	16537	82	-60	239	1191	239	72610995	
-2651	-2316	-16500	-1157	1047	883	16538	83	-61	240	1196	240	72610995	
-2818	-2379	-16675	-906	1126	772	16539	84	-62	241	1201	241	72610995	
-2863	-2380	-16661	-812	1283	645	16540	85	-62	242	1206	242	72610995	
-2784	-2468	-16364	-851	1477	463	16541	90	-60	243	1211	243	72610995	
-2815	-2471	-16019	-993	1577	249	16542	88	-60	244	1216	244	72611002	
-2706	-2467	-15592	-1127	1557	48	16543	80	-62	245	1221	245	72611032	
-2652	-2450	-15093	-1117	1326	-111	16544	85	-62	246	1226	246	72611032	
-2631	-2524	-14888	-1015	977	-184	16545	92	-62	247	1231	247	72611032	
-2640	-2553	-14792	-901	626	-218	16546	89	-62	248	1236	248	72611033	
-2529	-2505	-14726	-788	342	-232	16547	85	-61	249	1241	249	72611033	
-2415	-2399	-14726	-701	106	-239	16548	86	-62	250	1246	250	72611033	
-2384	-2303	-14776	-631	-104	-241	16549	88	-64	251	1251	251	72611033	
-2333	-2212	-14815	-521	-285	-248	16550	89	-62	252	1256	252	72611044	
-2313	-2137	-14789	-427	-409	-267	16552	90	-60	253	1261	253	72611065	
-2278	-1988	-14883	-440	-409	-312	16553	89	-59	254	1266	254	72611070	
-2196	-1859	-14951	-514	-375	-357	16554	89	-59	255	1271	255	72611071	
-2094	-1761	-14984	-578	-383	-398	16555	87	-63	256	1276	256	72611071	
-1971	-1629	-15098	-596	-460	-430	16556	85	-65	257	1281	257	72611071	
-1880	-1503	-15174	-595	-570	-449	16557	84	-64	258	1286	258	72611071	
-1850	-1412	-15271	-572	-684	-457	16558	83	-63	259	1291	259	72611082	
-1832	-1350	-15361	-493	-788	-452	16559	83	-63	260	1296	260	72611101	
-1813	-1262	-15538	-323	-900	-435	16559	82	-62	261	1301	261	72611111	
-1807	-1239	-15819	18	-1038	-415	16561	81	-60	262	1306	262	72611111	
-1858	-1276	-15939	435	-1170	-403	16562	80	-58	263	1311	263	72611111	
-1912	-1262	-16061	829	-1336	-391	16563	84	-62	264	1316	264	72611111	
-1936	-1301	-16188	1194	-1525	-394	16564	86	-64	265	1321	265	72611111	
-2051	-1362	-16238	1490	-1704	-424	16565	87	-59	266	1326	266	72611112	
-2212	-1456	-16133	1683	-1830	-465	16566	88	-56	267	1331	267	72611134	
-2308	-1555	-16001	1753	-1914	-516	16567	86	-56	268	1336	268	72611151	
-2362	-1650	-16043	1735	-1987	-565	16568	84	-56	269	1341	269	72611153	
-2530	-1803	-16182	1694	-2087	-632	16569	87	-61	270	1346	270	72611153	
-2631	-1874	-16504	1580	-2129	-703	16570	88	-62	271	1351	271	72611153	
-2737	-1973	-16772	1432	-2114	-756	16571	88	-62	272	1356	272	72611153	
-2800	-2039	-16897	1269	-2037	-809	16572	88	-62	273	1361	273	72611153	
-2872	-2060	-16839	1139	-1897	-846	16573	87	-61	274	1366	274	72611153	
-2917	-2174	-16982	1108	-1689	-883	16574	87	-61	275	1371	275	72611182	
-2906	-2056	-16945	1082	-1443	-908	16575	85	-55	276	1376	276	72611189	
-2955	-2156	-16948	1178	-1218	-914	16576	85	-53	277	1381	277	72611189	
-2856	-1979	-16965	1306	-1041	-912	16577	87	-55	278	1386	278	72611190	
-2742	-1862	-16806	1507	-925	-866	16578	88	-56	279	1391	279	72611190	
-2722	-1852	-16646	1643	-974	-810	16579	91	-62	280	1396	280	72611190	
-2643	-1703	-16396	1699	-1029	-729	16580	91	-63	281	1401	281	72611190	
-2598	-1530	-16334	1776	-1112	-652	16581	83	-61	282	1406	282	72611191	
-2582	-1386	-16327	1808	-1189	-558	16582	81	-61	283	1411	283	72611213	
-2673	-1280	-16486	1786	-1198	-466	16583	86	-66	284	1416	284	72611233	
-2730	-1188	-16523	1717	-1170	-398	16584	87	-67	285	1421	285	72611237	
-2756	-1156	-16512	1601	-1064	-350	16585	85	-67	286	1426	286	72611237	
-2788	-1032	-16390	1377	-880	-318	16586	85	-67	287	1431	287	72611237	
-2750	-1018	-16030	1104	-760	-318	16587	87	-61	288	1436	288	72611237	
-2732	-1006	-15862	784	-695	-336	16588	87	-61	289	1441	289	72611237	
-2696	-974	-15740	484	-655	-361	16589	91	-63	290	1446	290	72611248	
-2838	-968	-15686	247	-591	-356	16590	91	-63	291	1451	291	72611275	
-2904	-1060	-15656	74	-490	-358	16591	93	-57	292	1456	292	72611281	
-2892	-1080	-15652	-30	-301	-341	16592	93	-57	293	1461	293	72611281	
-2800	-1178	-15624	-140	-25	-318	16593	87	-59	294	1466	294	72611281	
-2622	-1296	-15424	-212	200	-297	16594	87	-59	295	1471	295	72611281	
-2576	-1385	-15078	-172	355	-236	16595	90	-56	296	1476	296	72611281	
