-15648	-2590	-4854	-1789	-377	-421	-275	349	-133	1	1	1	83951283	
-15600	-2540	-4719	-1778	-343	-420	-274	350	-133	2	6	2	83951291	
-15550	-2559	-4730	-1740	-303	-438	-270	356	-134	3	11	3	83951321	
-15518	-2577	-4796	-1694	-264	-461	-270	356	-134	4	16	4	83951321	
-15566	-2654	-4834	-1615	-238	-478	-268	356	-136	5	21	5	83951321	
-15614	-2594	-4887	-1499	-209	-496	-269	355	-136	6	26	6	83951321	
-15589	-2580	-4798	-1446	-198	-504	-271	353	-137	7	31	7	83951321	
-15646	-2598	-4777	-1430	-179	-508	-271	353	-136	8	36	8	83951321	
-15659	-2558	-4585	-1427	-135	-493	-271	351	-131	9	41	9	83951321	
-15649	-2604	-4390	-1405	-65	-472	-270	352	-131	10	46	10	83951326	
-15617	-2674	-4322	-1383	-30	-436	-268	354	-132	11	51	11	83951350	
-15572	-2731	-4267	-1371	-55	-402	-268	353	-132	12	56	12	83951359	
-15565	-2756	-4211	-1407	-135	-385	-266	350	-132	13	61	13	83951359	
-15585	-2814	-4215	-1467	-236	-392	-267	351	-132	14	66	14	83951359	
-15623	-2858	-4240	-1567	-283	-412	-269	353	-133	15	71	15	83951359	
-15678	-2900	-4096	-1710	-231	-413	-269	351	-133	16	76	16	83951359	
-15798	-2854	-3939	-1846	-82	-388	-269	349	-133	17	81	17	83951362	
-15906	-2774	-3788	-1952	147	-345	-270	349	-134	18	86	18	83951379	
-15886	-2728	-3664	-2029	418	-279	-271	349	-135	19	91	19	83951396	
-15816	-2765	-3780	-2028	644	-201	-271	353	-135	20	96	20	83951396	
-15669	-2804	-3939	-1905	760	-131	-272	360	-136	21	101	21	83951396	
-15459	-2791	-4215	-1753	717	-85	-270	359	-137	22	106	22	83951397	
-15354	-2732	-4518	-1612	483	-101	-267	357	-137	23	111	23	83951397	
-15336	-2754	-4746	-1492	139	-149	-269	356	-135	24	116	24	83951397	
-15360	-2828	-4915	-1433	-232	-215	-270	356	-134	25	121	25	83951401	
-15474	-2896	-4870	-1448	-509	-291	-269	355	-134	26	126	26	83951422	
-15628	-2934	-4722	-1498	-609	-357	-268	354	-134	27	131	27	83951434	
-15777	-2969	-4550	-1547	-552	-418	-268	357	-133	28	136	28	83951434	
-15912	-3038	-4343	-1571	-314	-464	-269	361	-131	29	141	29	83951434	
-15971	-3081	-4123	-1567	59	-471	-271	360	-133	30	146	30	83951434	
-15920	-3078	-3855	-1583	522	-445	-273	359	-135	31	151	31	83951434	
-15806	-3061	-3671	-1602	922	-401	-268	354	-134	32	156	32	83951434	
-15744	-3001	-3662	-1623	1163	-355	-265	351	-133	33	161	33	83951449	
-15657	-2998	-3727	-1631	1236	-305	-267	353	-135	34	166	34	83951467	
-15578	-2969	-3813	-1613	1146	-259	-269	355	-137	35	171	35	83951472	
-15547	-2938	-3953	-1573	956	-219	-266	353	-133	36	176	36	83951472	
-15562	-2943	-4098	-1525	726	-203	-264	352	-130	37	181	37	83951472	
-15640	-2947	-4279	-1496	499	-215	-265	352	-130	38	186	38	83951472	
-15691	-3018	-4410	-1492	297	-228	-266	352	-130	39	191	39	83951472	
-15732	-3018	-4474	-1556	151	-249	-266	352	-133	40	196	40	83951472	
-15665	-3068	-4587	-1618	67	-272	-266	352	-134	41	201	41	83951502	
-15632	-3122	-4481	-1674	24	-271	-269	352	-132	42	206	42	83951509	
-15546	-3178	-4440	-1718	15	-237	-270	352	-132	43	211	43	83951509	
-15536	-3203	-4376	-1772	7	-190	-271	354	-131	44	216	44	83951509	
-15484	-3201	-4304	-1822	-1	-129	-271	355	-131	45	221	45	83951509	
-15512	-3195	-4207	-1834	-10	-81	-269	353	-127	46	226	46	83951509	
-15568	-3157	-4175	-1837	0	-62	-268	352	-126	47	231	47	83951509	
-15568	-3298	-4112	-1805	17	-68	-264	352	-132	48	236	48	83951592	
-15613	-3368	-4112	-1789	14	-85	-264	352	-132	49	241	49	83951593	
-15627	-3360	-4102	-1754	-25	-122	-266	354	-134	50	246	50	83951593	
-15682	-3258	-4183	-1736	-119	-155	-266	354	-134	51	251	51	83951593	
-15744	-3144	-4108	-1739	-230	-195	-265	355	-135	52	256	52	83951593	
-15887	-3076	-4345	-1770	-329	-223	-265	355	-135	53	261	53	83951593	
-15930	-2960	-4407	-1819	-401	-230	-265	353	-133	54	266	54	83951593	
-15921	-2964	-4422	-1866	-428	-220	-265	353	-133	55	271	55	83951593	
-15852	-2868	-4410	-1950	-417	-209	-269	355	-137	56	276	56	83951617	
-15918	-2902	-4372	-2011	-388	-184	-269	355	-137	57	281	57	83951631	
-15852	-2934	-4454	-2044	-359	-146	-270	358	-132	58	286	58	83951631	
-15748	-2952	-4412	-2104	-344	-111	-270	358	-132	59	291	59	83951631	
-15730	-3006	-4392	-2135	-360	-99	-267	359	-137	60	296	60	83951631	
-15784	-3080	-4394	-2171	-370	-101	-267	359	-137	61	301	61	83951631	
-15900	-3098	-4416	-2207	-357	-126	-268	354	-130	62	306	62	83951631	
-15896	-3128	-4384	-2235	-304	-137	-268	354	-130	63	311	63	83951631	
-15826	-3204	-4242	-2253	-278	-168	-264	362	-132	64	316	64	83951631	
-15766	-3075	-4208	-2240	-235	-187	-265	361	-132	65	321	65	83951631	
-15736	-3011	-4034	-2267	-230	-178	-268	356	-132	66	326	66	83951631	
-15757	-2998	-4048	-2302	-259	-148	-269	356	-132	67	331	67	83951631	
-15718	-2996	-4101	-2335	-332	-118	-272	356	-132	68	336	68	83951633	
-15705	-3022	-4187	-2323	-464	-106	-271	356	-132	69	341	69	83951642	
-15731	-3019	-4066	-2291	-601	-94	-268	358	-132	70	346	70	83951642	
-15764	-2928	-3930	-2300	-664	-104	-268	357	-132	71	351	71	83951644	
-15796	-2886	-3848	-2316	-650	-106	-269	353	-133	72	356	72	83951656	
-15832	-2782	-3783	-2409	-552	-116	-269	352	-134	73	361	73	83951680	
-15784	-2782	-3716	-2466	-461	-112	-268	348	-138	74	366	74	83951680	
-15832	-2724	-3785	-2479	-381	-83	-267	351	-136	75	371	75	83951681	
-15760	-2752	-3826	-2485	-312	-66	-264	362	-128	76	376	76	83951681	
-15770	-2817	-3913	-2455	-253	-65	-265	362	-129	77	381	77	83951681	
-15825	-2862	-4043	-2363	-212	-72	-268	360	-132	78	386	78	83951681	
-15939	-2913	-4046	-2282	-170	-100	-267	359	-132	79	391	79	83951688	
-16040	-2962	-4064	-2183	-80	-148	-265	355	-133	80	396	80	83951712	
-16092	-3002	-3953	-2095	66	-175	-267	356	-133	81	401	81	83951718	
-16053	-3002	-3818	-2044	239	-196	-271	357	-133	82	406	82	83951718	
-15917	-2993	-3879	-2009	409	-202	-272	353	-131	83	411	83	83951718	
-15720	-3007	-4022	-1974	524	-201	-273	347	-129	84	416	84	83951718	
-15484	-3026	-4180	-1929	548	-195	-271	351	-130	85	421	85	83951718	
-15325	-3049	-4263	-1890	483	-171	-268	358	-132	86	426	86	83951718	
-15350	-3099	-4262	-1887	384	-145	-268	357	-132	87	431	87	83951718	
-15438	-3106	-4156	-1916	301	-132	-268	356	-132	88	436	88	83951719	
-15483	-3095	-4042	-1947	281	-111	-268	359	-131	89	441	89	83951737	
-15580	-3024	-3937	-1967	322	-75	-267	361	-129	90	446	90	83951755	
-15632	-3021	-3832	-1994	348	-61	-268	357	-130	91	451	91	83951755	
-15668	-3013	-3714	-2026	331	-45	-268	354	-130	92	456	92	83951755	
-15701	-2955	-3652	-2085	290	-19	-267	356	-129	93	461	93	83951755	
-15724	-2915	-3720	-2144	248	-12	-267	357	-129	94	466	94	83951756	
-15780	-2886	-3818	-2174	206	-20	-267	354	-129	95	471	95	83951756	
-15848	-2901	-3947	-2171	153	-33	-266	350	-128	96	476	96	83951756	
-15856	-2979	-4143	-2112	108	-40	-265	351	-132	97	481	97	83951760	
-15839	-3016	-4224	-2056	123	-22	-264	352	-136	98	486	98	83951780	
-15797	-2994	-4260	-2051	162	7	-267	354	-131	99	491	99	83951792	
-15759	-2975	-4301	-2041	193	43	-269	355	-127	100	496	100	83951793	
-15687	-2970	-4437	-2018	199	90	-267	351	-130	101	501	101	83951793	
-15648	-2960	-4663	-1998	184	145	-266	348	-132	102	506	102	83951793	
-15613	-2947	-4934	-2013	174	195	-271	353	-131	103	511	103	83951793	
-15639	-2962	-5026	-2074	202	237	-274	356	-130	104	516	104	83951793	
-15647	-3012	-5090	-2180	283	270	-269	355	-128	105	521	105	83951815	
-15657	-3101	-5205	-2305	420	292	-266	354	-126	106	526	106	83951830	
-15629	-3146	-5284	-2391	537	303	-272	356	-128	107	531	107	83951830	
-15706	-3250	-5410	-2485	620	323	-274	356	-128	108	536	108	83951830	
-15750	-3434	-5548	-2584	654	331	-268	358	-130	109	541	109	83951830	
-15855	-3575	-5678	-2675	620	338	-266	358	-130	110	546	110	83951830	
-15898	-3694	-5766	-2762	512	338	-270	352	-128	111	551	111	83951830	
-15801	-3707	-5870	-2845	359	336	-271	351	-127	112	556	112	83951837	
-15709	-3782	-5919	-2952	185	349	-266	356	-133	113	561	113	83951861	
-15616	-3712	-5772	-3050	3	335	-265	357	-135	114	566	114	83951867	
-15530	-3604	-5708	-3122	-130	309	-266	356	-136	115	571	115	83951867	
-15506	-3324	-5534	-3173	-168	304	-266	356	-136	116	576	116	83951868	
-15486	-3142	-5327	-3192	-111	299	-272	359	-134	117	581	117	83951868	
-15407	-2967	-5054	-3181	15	272	-273	359	-133	118	586	118	83951868	
-15316	-2871	-4814	-3118	166	245	-270	361	-133	119	591	119	83951868	
-15274	-2824	-4539	-3032	278	198	-269	361	-133	120	596	120	83951898	
-15210	-2856	-4082	-2897	374	115	-272	356	-131	121	601	121	83951905	
-15241	-2903	-3740	-2773	499	31	-273	355	-131	122	606	122	83951905	
-15458	-2958	-3324	-2642	769	-50	-273	359	-125	123	611	123	83951905	
-15594	-3006	-3106	-2583	1102	-97	-273	359	-125	124	616	124	83951905	
-15472	-2962	-3160	-2544	1417	-68	-277	355	-131	125	621	125	83951905	
-15408	-3022	-3334	-2432	1603	-14	-277	355	-131	126	626	126	83951905	
-15214	-3044	-3812	-2310	1599	67	-270	350	-128	127	631	127	83951913	
-15214	-2994	-4234	-2150	1390	165	-270	350	-128	128	636	128	83951942	
-15192	-2846	-4542	-2021	1002	232	-271	361	-135	129	641	129	83951942	
-15202	-2708	-4728	-1925	563	268	-271	361	-135	130	646	130	83951942	
-15178	-2417	-4912	-1911	153	305	-268	358	-130	131	651	131	83951943	
-15183	-2191	-5068	-1935	-79	326	-269	357	-130	132	656	132	83951943	
-15265	-2164	-5064	-1973	-183	333	-271	355	-129	133	661	133	83951943	
-15561	-2149	-4806	-2043	-142	353	-271	354	-129	134	666	134	83951948	
-15833	-2089	-4488	-2121	1	359	-272	352	-130	135	671	135	83951970	
-16075	-2112	-4088	-2173	234	348	-272	353	-132	136	676	136	83951980	
-16088	-2193	-3841	-2189	531	366	-270	356	-138	137	681	137	83951980	
-16050	-2257	-3558	-2176	825	400	-270	356	-138	138	686	138	83951980	
-16009	-2331	-3437	-2165	1064	424	-271	355	-137	139	691	139	83951980	
-15962	-2343	-3349	-2083	1184	455	-271	355	-135	140	696	140	83951981	
-15863	-2436	-3476	-1956	1190	492	-272	354	-128	141	701	141	83951981	
-15791	-2591	-3696	-1877	1107	511	-273	354	-128	142	706	142	83951988	
-15751	-2719	-3939	-1794	996	536	-276	356	-130	143	711	143	83952017	
-15661	-2840	-4202	-1694	873	534	-275	356	-130	144	716	144	83952017	
-15589	-2910	-4333	-1646	726	525	-272	354	-130	145	721	145	83952017	
-15482	-2971	-4468	-1613	575	532	-272	353	-131	146	726	146	83952018	
-15366	-2986	-4616	-1585	439	544	-273	351	-133	147	731	147	83952018	
-15318	-3028	-4657	-1582	342	553	-273	353	-133	148	736	148	83952018	
-15285	-2996	-4727	-1602	275	571	-274	356	-134	149	741	149	83952022	
-15375	-3007	-4771	-1664	179	582	-274	354	-133	150	746	150	83952038	
-15431	-2980	-4739	-1719	53	580	-273	351	-131	151	751	151	83952055	
-15580	-2883	-4693	-1700	-50	576	-274	353	-133	152	756	152	83952055	
-15811	-2865	-4500	-1649	-103	570	-275	355	-135	153	761	153	83952055	
-15991	-2825	-4316	-1585	-101	575	-275	356	-134	154	766	154	83952055	
-16108	-2777	-4132	-1511	-60	570	-275	357	-133	155	771	155	83952055	
-16182	-2783	-3867	-1413	-20	552	-272	356	-130	156	776	156	83952055	
-16162	-2784	-3678	-1304	-15	539	-269	355	-127	157	781	157	83952060	
-16173	-2852	-3673	-1247	-63	528	-272	353	-129	158	786	158	83952087	
-16149	-2918	-3838	-1228	-163	512	-274	352	-130	159	791	159	83952103	
-16183	-2881	-4004	-1210	-285	503	-273	353	-132	160	796	160	83952103	
-16308	-2848	-4130	-1207	-366	498	-273	353	-133	161	801	161	83952103	
-16320	-2807	-4167	-1238	-381	496	-274	355	-131	162	806	162	83952103	
-16251	-2719	-4201	-1264	-369	486	-274	356	-128	163	811	163	83952103	
-16183	-2660	-4319	-1271	-380	455	-273	353	-129	164	816	164	83952103	
-16092	-2735	-4326	-1259	-420	391	-272	350	-130	165	821	165	83952128	
-16038	-2836	-4175	-1225	-427	303	-276	352	-129	166	826	166	83952145	
-16008	-2885	-4061	-1193	-391	202	-278	354	-128	167	831	167	83952145	
-16012	-2971	-4003	-1148	-303	106	-276	353	-131	168	836	168	83952145	
-15989	-3043	-3916	-1124	-170	21	-275	353	-133	169	841	169	83952146	
-15954	-3054	-3845	-1112	-30	-41	-274	354	-129	170	846	170	83952146	
-15878	-3045	-3756	-1125	106	-101	-273	355	-127	171	851	171	83952146	
-15783	-3066	-3731	-1170	225	-150	-273	354	-126	172	856	172	83952146	
-15593	-3077	-3749	-1239	270	-184	-273	353	-125	173	861	173	83952146	
-15641	-2998	-3747	-1348	253	-202	-273	353	-130	174	866	174	83952146	
-15699	-2847	-3951	-1495	200	-207	-273	353	-131	175	871	175	83952174	
-15783	-2769	-4040	-1624	124	-190	-275	351	-130	176	876	176	83952182	
-15872	-2660	-4100	-1750	13	-151	-276	350	-130	177	881	177	83952182	
-15948	-2538	-4106	-1833	-88	-119	-274	348	-135	178	886	178	83952182	
-15898	-2517	-4134	-1869	-158	-101	-274	348	-136	179	891	179	83952182	
-15848	-2480	-4147	-1838	-221	-101	-273	352	-132	180	896	180	83952183	
-15862	-2560	-4174	-1782	-289	-80	-273	353	-131	181	901	181	83952183	
-15906	-2688	-4100	-1731	-286	-63	-269	351	-131	182	906	182	83952183	
-15946	-2770	-4114	-1697	-211	-56	-269	351	-131	183	911	183	83952218	
-16006	-2736	-3840	-1639	-80	-48	-273	355	-131	184	916	184	83952218	
-15966	-2724	-3748	-1585	47	-43	-273	355	-131	185	921	185	83952219	
-15867	-2615	-3775	-1546	131	-77	-273	358	-131	186	926	186	83952219	
-15769	-2575	-3874	-1447	154	-104	-273	359	-131	187	931	187	83952219	
-15558	-2538	-3880	-1306	67	-163	-273	356	-128	188	936	188	83952219	
-15508	-2496	-3832	-1208	-91	-257	-273	355	-127	189	941	189	83952219	
-15602	-2552	-3838	-1188	-208	-322	-273	353	-129	190	946	190	83952229	
-15674	-2548	-3960	-1265	-250	-353	-273	353	-129	191	951	191	83952256	
-15894	-2586	-3908	-1421	-254	-382	-273	349	-131	192	956	192	83952256	
-15984	-2608	-3868	-1554	-210	-387	-273	349	-131	193	961	193	83952256	
-16074	-2584	-3654	-1659	-137	-368	-268	352	-130	194	966	194	83952256	
-16052	-2686	-3742	-1795	-66	-360	-268	352	-130	195	971	195	83952256	
-16068	-2668	-3774	-1834	-12	-332	-273	355	-129	196	976	196	83952256	
-15964	-2658	-3838	-1827	2	-279	-273	355	-129	197	981	197	83952256	
-15952	-2614	-3870	-1727	-53	-232	-272	352	-128	198	986	198	83952295	
-15938	-2483	-3851	-1642	-139	-190	-272	352	-128	199	991	199	83952295	
-15982	-2431	-3824	-1549	-189	-150	-272	354	-126	200	996	200	83952295	
-16025	-2326	-3852	-1459	-190	-104	-273	354	-126	201	1001	201	83952296	
-16125	-2127	-3705	-1369	-167	-76	-275	355	-127	202	1006	202	83952296	
-16150	-2031	-3623	-1306	-123	-70	-275	354	-128	203	1011	203	83952296	
-16229	-2079	-3469	-1254	-87	-103	-273	351	-133	204	1016	204	83952298	
-16223	-2253	-3439	-1261	-55	-171	-273	353	-132	205	1021	205	83952314	
-16154	-2499	-3462	-1240	-91	-268	-273	357	-129	206	1026	206	83952332	
-16046	-2685	-3465	-1240	-130	-342	-274	356	-128	207	1031	207	83952332	
-15903	-2868	-3313	-1305	-163	-383	-277	355	-125	208	1036	208	83952332	
-15704	-3040	-3318	-1379	-189	-392	-277	355	-126	209	1041	209	83952332	
-15627	-3197	-3359	-1476	-209	-402	-275	355	-129	210	1046	210	83952333	
-15452	-3348	-3408	-1569	-196	-389	-274	356	-129	211	1051	211	83952333	
-15230	-3406	-3467	-1673	-179	-350	-270	358	-128	212	1056	212	83952333	
-15178	-3467	-3541	-1811	-161	-308	-270	358	-129	213	1061	213	83952341	
-15192	-3412	-3673	-1866	-115	-258	-269	357	-131	214	1066	214	83952371	
-15326	-3281	-3736	-1901	-12	-160	-270	355	-131	215	1071	215	83952371	
-15472	-3068	-3780	-1897	131	-95	-272	352	-130	216	1076	216	83952371	
-15661	-2841	-3803	-1845	293	-26	-272	354	-130	217	1081	217	83952371	
-15774	-2711	-3856	-1793	438	23	-271	357	-129	218	1086	218	83952371	
-15806	-2554	-3930	-1751	506	31	-272	355	-129	219	1091	219	83952371	
-15916	-2395	-4037	-1709	475	20	-274	352	-130	220	1096	220	83952375	
-15929	-2371	-4020	-1665	384	-13	-272	352	-131	221	1101	221	83952391	
-15934	-2411	-3990	-1607	292	-84	-270	352	-132	222	1106	222	83952408	
-15974	-2498	-3904	-1540	243	-150	-274	355	-130	223	1111	223	83952409	
-15980	-2512	-3860	-1491	225	-180	-277	357	-129	224	1116	224	83952409	
-15991	-2495	-3882	-1448	208	-168	-275	358	-130	225	1121	225	83952409	
-15938	-2525	-4000	-1395	179	-133	-274	358	-130	226	1126	226	83952409	
-15855	-2604	-4139	-1311	80	-129	-270	357	-128	227	1131	227	83952409	
-15741	-2708	-4228	-1230	-91	-162	-268	356	-126	228	1136	228	83952414	
-15605	-2820	-4318	-1184	-253	-204	-272	353	-125	229	1141	229	83952435	
-15571	-2975	-4310	-1179	-322	-232	-275	351	-125	230	1146	230	83952447	
-15571	-3180	-4164	-1189	-261	-268	-273	356	-125	231	1151	231	83952447	
-15611	-3306	-3979	-1208	-37	-274	-270	360	-124	232	1156	232	83952447	
-15660	-3323	-3901	-1277	223	-240	-271	358	-125	233	1161	233	83952447	
-15601	-3309	-3943	-1383	414	-189	-272	356	-126	234	1166	234	83952447	
-15469	-3278	-4064	-1415	484	-125	-272	355	-127	235	1171	235	83952447	
-15326	-3220	-4241	-1407	421	-86	-272	354	-128	236	1176	236	83952470	
