-13303	-222	10517	290	-334	-394	18	108	-165	1	1	1	67491335	
-13291	-201	10525	292	-327	-396	20	108	-166	2	6	2	67491335	
-13323	-198	10561	307	-325	-395	18	106	-162	3	11	3	67491342	
-13399	-190	10602	305	-327	-397	17	105	-161	4	16	4	67491375	
-13305	-199	10578	289	-338	-403	13	106	-165	5	21	5	67491383	
-13270	-212	10594	289	-337	-406	12	106	-166	6	26	6	67491383	
-13310	-284	10694	278	-334	-402	18	105	-162	7	31	7	67491384	
-13234	-307	10622	264	-334	-399	19	105	-161	8	36	8	67491384	
-13251	-303	10577	257	-337	-408	17	104	-164	9	41	9	67491384	
-13281	-258	10518	242	-337	-415	16	104	-166	10	46	10	67491385	
-13290	-241	10623	250	-339	-416	17	105	-164	11	51	11	67491386	
-13295	-298	10556	263	-335	-421	17	105	-163	12	56	12	67491386	
-13264	-222	10507	266	-317	-429	15	102	-165	13	61	13	67491386	
-13269	-170	10524	257	-322	-441	15	101	-165	14	66	14	67491387	
-13250	-184	10565	265	-330	-439	17	104	-163	15	71	15	67491387	
-13290	-188	10555	277	-331	-441	17	105	-163	16	76	16	67491389	
-13257	-225	10564	296	-326	-451	15	105	-165	17	81	17	67491392	
-13305	-244	10526	314	-324	-459	15	105	-165	18	86	18	67491407	
-13318	-238	10513	322	-313	-455	18	102	-167	19	91	19	67491410	
-13398	-214	10528	350	-327	-455	19	101	-167	20	96	20	67491410	
-13371	-219	10510	353	-324	-458	18	102	-165	21	101	21	67491410	
-13401	-196	10540	338	-330	-457	18	102	-164	22	106	22	67491410	
-13328	-244	10503	324	-322	-442	20	104	-167	23	111	23	67491410	
-13321	-213	10540	332	-320	-443	20	104	-168	24	116	24	67491410	
-13319	-212	10525	335	-316	-434	14	98	-166	25	121	25	67491416	
-13377	-208	10544	333	-309	-431	13	97	-165	26	126	26	67491444	
-13288	-206	10513	317	-310	-424	19	104	-167	27	131	27	67491450	
-13346	-152	10510	297	-312	-407	20	106	-168	28	136	28	67491450	
-13334	-272	10534	245	-322	-380	17	107	-167	29	141	29	67491450	
-13292	-312	10550	253	-318	-388	17	107	-167	30	146	30	67491450	
-13440	-234	10510	219	-315	-375	22	104	-166	31	151	31	67491451	
-13312	-282	10442	179	-317	-372	22	104	-166	32	156	32	67491451	
-13282	-259	10467	159	-318	-369	17	106	-161	33	161	33	67491497	
-13305	-249	10488	155	-316	-356	16	106	-160	34	166	34	67491507	
-13312	-202	10546	153	-322	-350	10	107	-164	35	171	35	67491507	
-13302	-256	10542	166	-332	-361	9	107	-165	36	176	36	67491507	
-13304	-310	10528	186	-327	-357	15	109	-163	37	181	37	67491507	
-13362	-236	10458	188	-335	-365	15	109	-163	38	186	38	67491507	
-13402	-228	10550	196	-336	-358	18	108	-164	39	191	39	67491507	
-13340	-278	10472	191	-334	-362	18	108	-164	40	196	40	67491507	
-13312	-252	10504	195	-330	-368	12	102	-164	41	201	41	67491543	
-13394	-268	10422	217	-339	-385	12	102	-164	42	206	42	67491557	
-13350	-238	10442	238	-347	-376	21	107	-163	43	211	43	67491557	
-13424	-278	10460	259	-338	-374	21	107	-163	44	216	44	67491557	
-13394	-352	10468	279	-334	-383	16	106	-156	45	221	45	67491557	
-13420	-222	10504	289	-335	-389	16	106	-156	46	226	46	67491557	
-13386	-196	10528	284	-333	-386	11	103	-159	47	231	47	67491557	
-13430	-224	10468	277	-330	-393	11	103	-159	48	236	48	67491557	
-13402	-270	10486	281	-319	-391	15	103	-165	49	241	49	67491585	
-13402	-126	10450	306	-317	-383	15	103	-165	50	246	50	67491603	
-13402	-170	10500	310	-320	-378	15	97	-165	51	251	51	67491603	
-13438	-174	10462	317	-320	-395	15	97	-165	52	256	52	67491604	
-13372	-226	10494	294	-320	-392	19	105	-159	53	261	53	67491604	
-13349	-181	10555	294	-321	-387	18	104	-160	54	266	54	67491604	
-13298	-140	10564	276	-319	-384	15	101	-163	55	271	55	67491604	
-13334	-145	10551	256	-314	-378	15	102	-163	56	276	56	67491604	
-13302	-122	10576	273	-319	-378	12	106	-160	57	281	57	67491604	
-13306	-156	10592	267	-314	-377	12	106	-160	58	286	58	67491604	
-13318	-146	10650	267	-313	-372	17	101	-165	59	291	59	67491604	
-13286	-188	10618	287	-307	-373	17	101	-165	60	296	60	67491632	
-13298	-174	10538	276	-313	-378	17	103	-163	61	301	61	67491641	
-13246	-162	10566	270	-311	-378	17	104	-163	62	306	62	67491641	
-13215	-123	10610	281	-315	-377	19	107	-161	63	311	63	67491641	
-13254	-252	10677	293	-316	-382	18	106	-162	64	316	64	67491641	
-13239	-263	10610	288	-304	-374	16	102	-164	65	321	65	67491641	
-13248	-240	10582	278	-303	-379	17	103	-164	66	326	66	67491641	
-13230	-232	10594	273	-311	-373	19	105	-163	67	331	67	67491641	
-13219	-267	10588	252	-320	-381	19	105	-164	68	336	68	67491641	
-13238	-276	10608	247	-315	-370	20	106	-166	69	341	69	67491643	
-13264	-238	10610	225	-316	-366	20	107	-165	70	346	70	67491656	
-13275	-241	10590	204	-314	-372	20	110	-162	71	351	71	67491678	
-13245	-234	10636	188	-311	-367	19	110	-162	72	356	72	67491678	
-13227	-267	10610	175	-322	-364	16	110	-160	73	361	73	67491678	
-13295	-294	10577	160	-321	-360	17	109	-160	74	366	74	67491678	
-13274	-263	10571	146	-320	-360	20	106	-160	75	371	75	67491678	
-13342	-176	10521	145	-334	-373	19	106	-161	76	376	76	67491678	
-13349	-217	10478	146	-326	-369	17	105	-165	77	381	77	67491678	
-13332	-272	10538	145	-319	-362	18	105	-165	78	386	78	67491679	
-13338	-230	10468	146	-318	-370	20	104	-166	79	391	79	67491693	
-13376	-200	10406	164	-314	-375	18	104	-162	80	396	80	67491715	
-13369	-209	10393	191	-306	-376	16	104	-156	81	401	81	67491715	
-13337	-225	10414	220	-306	-379	16	103	-157	82	406	82	67491715	
-13376	-276	10450	238	-305	-392	17	101	-163	83	411	83	67491716	
-13395	-265	10385	275	-305	-399	17	102	-163	84	416	84	67491716	
-13407	-229	10428	304	-299	-412	18	104	-162	85	421	85	67491716	
-13406	-243	10495	314	-284	-427	19	104	-163	86	426	86	67491718	
-13434	-254	10479	336	-285	-439	22	104	-164	87	431	87	67491736	
-13468	-251	10413	357	-279	-454	20	104	-163	88	436	88	67491753	
-13476	-273	10425	368	-275	-469	17	103	-161	89	441	89	67491753	
-13444	-261	10484	374	-275	-483	19	107	-162	90	446	90	67491753	
-13422	-266	10480	390	-267	-500	22	112	-164	91	451	91	67491753	
-13451	-262	10461	401	-261	-512	19	107	-164	92	456	92	67491753	
-13398	-271	10438	395	-258	-512	14	100	-164	93	461	93	67491753	
-13380	-314	10454	388	-257	-511	15	102	-165	94	466	94	67491763	
-13415	-240	10486	376	-263	-517	16	106	-168	95	471	95	67491791	
-13425	-152	10488	369	-257	-514	14	104	-166	96	476	96	67491792	
-13365	-162	10487	372	-253	-510	12	102	-164	97	481	97	67491792	
-13341	-195	10438	375	-257	-507	14	103	-162	98	486	98	67491792	
-13316	-154	10443	367	-261	-497	16	104	-160	99	491	99	67491792	
-13339	-131	10552	363	-265	-477	17	104	-160	100	496	100	67491792	
-13356	-129	10568	351	-262	-462	19	105	-159	101	501	101	67491796	
-13340	-129	10548	326	-266	-446	19	107	-159	102	506	102	67491812	
-13333	-171	10575	313	-282	-431	18	110	-160	103	511	103	67491828	
-13282	-152	10528	301	-291	-417	19	108	-159	104	516	104	67491828	
-13279	-150	10504	282	-296	-398	19	107	-159	105	521	105	67491828	
-13272	-185	10560	262	-299	-382	18	106	-160	106	526	106	67491828	
-13258	-206	10607	251	-304	-369	16	104	-162	107	531	107	67491828	
-13270	-229	10599	231	-314	-351	14	103	-161	108	536	108	67491828	
-13246	-279	10566	198	-322	-332	12	102	-160	109	541	109	67491847	
-13235	-347	10535	169	-327	-320	15	103	-161	110	546	110	67491875	
-13238	-364	10526	131	-338	-300	20	104	-162	111	551	111	67491876	
-13316	-367	10484	93	-345	-295	15	103	-163	112	556	112	67491876	
-13328	-359	10486	68	-356	-292	12	102	-164	113	561	113	67491876	
-13329	-394	10480	48	-354	-279	14	101	-165	114	566	114	67491876	
-13368	-408	10478	31	-350	-272	16	100	-166	115	571	115	67491876	
-13342	-378	10451	15	-349	-274	18	103	-165	116	576	116	67491884	
-13355	-376	10428	9	-350	-277	19	105	-165	117	581	117	67491902	
-13399	-394	10461	14	-350	-281	19	105	-164	118	586	118	67491914	
-13417	-400	10479	21	-342	-289	19	105	-163	119	591	119	67491917	
-13423	-340	10532	36	-335	-293	20	105	-168	120	596	120	67491917	
-13409	-313	10479	71	-335	-299	21	105	-171	121	601	121	67491917	
-13404	-307	10473	102	-328	-316	19	105	-166	122	606	122	67491917	
-13414	-220	10511	134	-321	-331	17	105	-163	123	611	123	67491917	
-13389	-169	10501	180	-325	-341	20	101	-159	124	616	124	67491917	
-13370	-171	10427	243	-318	-360	22	98	-156	125	621	125	67491918	
-13362	-204	10400	294	-312	-382	20	105	-161	126	626	126	67491932	
-13379	-183	10480	337	-309	-388	18	110	-164	127	631	127	67491957	
-13348	-136	10493	392	-300	-397	14	106	-164	128	636	128	67491967	
-13304	-125	10491	431	-304	-411	12	104	-164	129	641	129	67491967	
-13325	-121	10491	468	-304	-421	15	106	-163	130	646	130	67491967	
-13343	-133	10510	489	-302	-429	17	107	-163	131	651	131	67491967	
-13326	-77	10518	507	-304	-441	17	109	-163	132	656	132	67491967	
-13345	-58	10515	516	-303	-451	17	111	-163	133	661	133	67491974	
-13334	-111	10520	515	-291	-458	16	110	-163	134	666	134	67492019	
-13313	-147	10539	506	-289	-457	15	109	-163	135	671	135	67492048	
-13362	-58	10468	490	-292	-456	14	101	-161	136	676	136	67492048	
-13344	-68	10506	463	-289	-451	14	98	-160	137	681	137	67492048	
-13325	-110	10559	435	-294	-449	20	102	-164	138	686	138	67492048	
-13360	-104	10549	399	-299	-459	21	103	-165	139	691	139	67492048	
-13372	-58	10544	361	-296	-459	19	103	-167	140	696	140	67492048	
-13376	-95	10517	334	-301	-451	19	103	-167	141	701	141	67492070	
-13353	-92	10547	304	-307	-447	17	103	-166	142	706	142	67492098	
-13331	-104	10575	274	-303	-436	15	103	-165	143	711	143	67492110	
-13327	-155	10576	238	-301	-427	15	107	-164	144	716	144	67492110	
-13320	-149	10565	200	-314	-423	15	109	-163	145	721	145	67492110	
-13340	-137	10483	154	-322	-411	17	104	-161	146	726	146	67492110	
-13327	-131	10539	118	-317	-402	17	103	-161	147	731	147	67492110	
-13311	-104	10544	90	-320	-399	18	104	-167	148	736	148	67492110	
-13292	-117	10476	82	-315	-398	18	104	-168	149	741	149	67492110	
-13280	-125	10447	88	-316	-388	12	102	-162	150	746	150	67492110	
-13328	-190	10537	92	-325	-377	11	101	-161	151	751	151	67492110	
-13340	-217	10549	73	-324	-368	18	103	-163	152	756	152	67492132	
-13321	-230	10508	63	-330	-360	20	104	-164	153	761	153	67492146	
-13276	-299	10530	56	-340	-352	19	103	-165	154	766	154	67492149	
-13335	-367	10471	46	-342	-348	19	103	-165	155	771	155	67492149	
-13400	-297	10505	56	-340	-341	17	100	-163	156	776	156	67492149	
-13362	-324	10491	73	-333	-339	17	99	-163	157	781	157	67492149	
-13332	-283	10524	83	-331	-358	15	102	-165	158	786	158	67492149	
-13366	-315	10459	94	-341	-369	15	103	-165	159	791	159	67492149	
-13387	-380	10496	120	-343	-373	17	101	-164	160	796	160	67492149	
-13498	-334	10338	167	-349	-364	18	100	-164	161	801	161	67492149	
-13414	-360	10444	176	-341	-372	16	102	-166	162	806	162	67492149	
-13442	-366	10466	186	-324	-386	16	102	-166	163	811	163	67492149	
-13428	-354	10462	216	-328	-404	18	106	-162	164	816	164	67492149	
-13396	-349	10470	227	-306	-411	18	106	-162	165	821	165	67492157	
-13424	-350	10477	257	-299	-414	14	104	-161	166	826	166	67492159	
-13456	-366	10438	277	-301	-413	13	103	-161	167	831	167	67492159	
-13424	-338	10489	300	-312	-413	19	105	-163	168	836	168	67492159	
-13414	-349	10387	315	-312	-427	20	106	-164	169	841	169	67492159	
-13416	-346	10412	340	-317	-434	17	107	-159	170	846	170	67492167	
-13432	-318	10388	357	-315	-443	17	107	-159	171	851	171	67492191	
-13410	-298	10402	361	-306	-440	15	103	-163	172	856	172	67492195	
-13390	-284	10416	349	-312	-449	15	103	-163	173	861	173	67492195	
-13430	-280	10402	358	-311	-465	4	104	-166	174	866	174	67492195	
-13408	-226	10448	351	-320	-461	4	104	-166	175	871	175	67492196	
-13370	-236	10484	372	-305	-467	16	108	-162	176	876	176	67492196	
-13325	-218	10382	376	-308	-469	16	108	-162	177	881	177	67492197	
-13376	-172	10462	374	-311	-466	20	108	-160	178	886	178	67492198	
-13352	-166	10460	369	-309	-455	20	108	-160	179	891	179	67492198	
-13350	-194	10558	356	-312	-446	14	104	-164	180	896	180	67492201	
-13278	-174	10516	342	-319	-437	14	104	-164	181	901	181	67492228	
-13324	-222	10586	332	-332	-420	17	105	-163	182	906	182	67492228	
-13328	-86	10508	315	-317	-430	17	105	-163	183	911	183	67492228	
-13280	-134	10478	301	-328	-425	13	97	-165	184	916	184	67492228	
-13352	-90	10524	305	-329	-398	13	97	-165	185	921	185	67492229	
-13348	-158	10544	288	-340	-397	14	102	-162	186	926	186	67492229	
-13316	-185	10513	281	-349	-393	14	103	-162	187	931	187	67492229	
-13315	-240	10514	279	-351	-387	16	106	-164	188	936	188	67492231	
-13352	-208	10492	266	-353	-387	16	106	-164	189	941	189	67492238	
-13326	-236	10498	229	-351	-363	11	105	-167	190	946	190	67492270	
-13342	-134	10500	203	-355	-369	11	105	-167	191	951	191	67492270	
-13362	-228	10586	185	-361	-359	12	106	-164	192	956	192	67492270	
-13350	-176	10442	165	-375	-358	12	106	-164	193	961	193	67492270	
-13370	-296	10432	156	-355	-350	12	106	-162	194	966	194	67492270	
-13315	-201	10528	153	-362	-339	13	106	-162	195	971	195	67492271	
-13369	-246	10509	155	-365	-359	19	105	-161	196	976	196	67492279	
-13336	-270	10528	163	-365	-353	19	104	-162	197	981	197	67492310	
-13318	-238	10514	183	-362	-353	19	101	-165	198	986	198	67492311	
-13318	-239	10506	185	-359	-365	18	102	-165	199	991	199	67492311	
-13356	-266	10592	188	-355	-374	14	104	-164	200	996	200	67492311	
-13376	-254	10514	199	-367	-386	14	104	-164	201	1001	201	67492311	
-13368	-230	10454	185	-353	-387	13	107	-163	202	1006	202	67492311	
-13314	-289	10507	224	-348	-402	12	106	-163	203	1011	203	67492312	
-13376	-270	10584	248	-341	-395	10	104	-164	204	1016	204	67492324	
-13382	-308	10542	275	-333	-404	11	105	-164	205	1021	205	67492348	
-13310	-311	10502	279	-327	-389	16	108	-162	206	1026	206	67492349	
-13323	-260	10473	264	-335	-403	17	107	-161	207	1031	207	67492349	
-13369	-272	10508	276	-335	-410	19	103	-157	208	1036	208	67492349	
-13376	-276	10464	285	-336	-412	18	104	-159	209	1041	209	67492350	
-13369	-250	10520	301	-321	-410	14	108	-166	210	1046	210	67492350	
-13391	-251	10425	308	-324	-410	14	108	-166	211	1051	211	67492350	
-13389	-274	10431	303	-334	-400	14	106	-166	212	1056	212	67492352	
-13408	-288	10418	298	-328	-396	15	106	-164	213	1061	213	67492362	
-13335	-234	10394	296	-333	-393	18	104	-158	214	1066	214	67492388	
-13341	-240	10422	284	-340	-395	17	104	-158	215	1071	215	67492388	
-13342	-233	10439	291	-327	-389	11	105	-159	216	1076	216	67492388	
-13336	-233	10436	281	-335	-389	12	104	-158	217	1081	217	67492388	
-13340	-214	10456	273	-340	-384	18	102	-154	218	1086	218	67492388	
-13371	-232	10500	259	-326	-386	17	103	-156	219	1091	219	67492388	
-13380	-256	10478	267	-335	-386	12	104	-162	220	1096	220	67492410	
-13374	-222	10462	273	-331	-392	14	104	-164	221	1101	221	67492443	
-13375	-188	10448	272	-334	-388	16	104	-166	222	1106	222	67492443	
-13350	-200	10474	276	-337	-388	15	103	-165	223	1111	223	67492443	
-13378	-221	10492	287	-332	-385	14	102	-164	224	1116	224	67492443	
-13439	-217	10452	290	-337	-380	14	102	-164	225	1121	225	67492443	
-13382	-236	10457	298	-333	-392	15	101	-165	226	1126	226	67492443	
-13391	-175	10493	281	-330	-398	15	102	-164	227	1131	227	67492443	
-13385	-214	10520	270	-328	-388	14	104	-160	228	1136	228	67492446	
-13425	-198	10496	258	-324	-386	14	105	-162	229	1141	229	67492468	
-13416	-210	10515	251	-322	-386	14	106	-164	230	1146	230	67492491	
-13364	-209	10571	239	-317	-382	15	106	-164	231	1151	231	67492491	
-13290	-181	10605	230	-309	-381	17	107	-163	232	1156	232	67492492	
-13273	-187	10547	229	-313	-382	17	107	-163	233	1161	233	67492492	
-13284	-164	10536	233	-309	-382	16	106	-162	234	1166	234	67492493	
-13300	-184	10557	226	-300	-383	16	107	-164	235	1171	235	67492493	
-13295	-197	10518	218	-309	-386	16	108	-166	236	1176	236	67492494	
-13248	-196	10538	223	-311	-395	15	108	-163	237	1181	237	67492494	
-13274	-212	10513	230	-316	-397	13	107	-159	238	1186	238	67492495	
-13309	-204	10501	236	-327	-397	16	106	-161	239	1191	239	67492513	
-13313	-208	10542	248	-336	-408	20	104	-164	240	1196	240	67492539	
-13312	-218	10555	260	-340	-411	20	103	-164	241	1201	241	67492539	
-13337	-232	10502	269	-342	-410	20	102	-164	242	1206	242	67492539	
-13358	-226	10573	270	-350	-416	20	103	-163	243	1211	243	67492539	
-13363	-254	10505	275	-354	-422	21	105	-161	244	1216	244	67492540	
-13395	-256	10483	274	-351	-422	19	103	-164	245	1221	245	67492540	
-13428	-277	10493	275	-350	-424	18	102	-166	246	1226	246	67492545	
-13472	-271	10441	274	-343	-425	18	103	-164	247	1231	247	67492577	
-13491	-288	10404	261	-342	-425	18	104	-162	248	1236	248	67492597	
-13470	-321	10441	249	-347	-425	16	106	-163	249	1241	249	67492597	
-13461	-299	10438	250	-350	-423	12	110	-164	250	1246	250	67492597	
-13439	-255	10390	256	-345	-423	12	109	-167	251	1251	251	67492597	
-13417	-248	10434	263	-336	-417	13	107	-171	252	1256	252	67492598	
-13439	-238	10410	271	-327	-406	14	105	-167	253	1261	253	67492598	
-13401	-270	10411	264	-324	-404	14	102	-162	254	1266	254	67492598	
-13381	-290	10495	256	-317	-400	16	103	-164	255	1271	255	67492598	
-13402	-256	10572	240	-304	-393	17	103	-165	256	1276	256	67492615	
-13438	-271	10551	240	-306	-385	17	103	-163	257	1281	257	67492645	
-13409	-308	10542	259	-311	-378	17	103	-161	258	1286	258	67492658	
-13383	-265	10534	266	-314	-379	13	104	-160	259	1291	259	67492658	
-13338	-242	10550	269	-322	-382	11	105	-159	260	1296	260	67492658	
-13289	-241	10584	271	-325	-378	12	105	-162	261	1301	261	67492658	
-13260	-247	10478	281	-320	-379	12	104	-164	262	1306	262	67492658	
-13294	-261	10504	285	-326	-376	14	103	-164	263	1311	263	67492659	
-13276	-245	10587	279	-328	-374	16	102	-164	264	1316	264	67492659	
-13260	-266	10596	275	-325	-381	16	104	-162	265	1321	265	67492659	
-13261	-278	10556	276	-330	-386	16	106	-160	266	1326	266	67492659	
-13253	-261	10579	275	-328	-387	16	104	-161	267	1331	267	67492685	
-13277	-252	10551	271	-337	-389	16	102	-162	268	1336	268	67492704	
-13272	-246	10546	281	-347	-394	14	105	-164	269	1341	269	67492704	
-13300	-243	10536	291	-349	-399	13	107	-165	270	1346	270	67492704	
-13290	-221	10583	301	-351	-407	17	103	-161	271	1351	271	67492705	
-13297	-235	10553	295	-349	-421	18	102	-160	272	1356	272	67492705	
-13330	-222	10528	294	-350	-431	17	107	-159	273	1361	273	67492705	
-13352	-220	10474	301	-350	-435	16	110	-158	274	1366	274	67492706	
-13354	-190	10472	303	-350	-439	15	107	-161	275	1371	275	67492706	
-13392	-142	10459	300	-356	-445	15	105	-163	276	1376	276	67492706	
-13392	-162	10459	315	-351	-444	17	104	-162	277	1381	277	67492706	
-13355	-192	10414	331	-352	-446	18	104	-162	278	1386	278	67492732	
-13393	-194	10498	343	-356	-435	17	106	-161	279	1391	279	67492741	
-13385	-180	10438	335	-354	-438	17	107	-161	280	1396	280	67492741	
-13428	-157	10456	321	-356	-442	11	97	-166	281	1401	281	67492741	
-13357	-174	10413	317	-354	-426	9	95	-167	282	1406	282	67492741	
-13405	-166	10499	311	-350	-416	17	101	-162	283	1411	283	67492741	
-13417	-183	10552	306	-345	-412	19	103	-161	284	1416	284	67492741	
-13403	-214	10480	289	-346	-413	15	104	-162	285	1421	285	67492741	
-13404	-197	10448	270	-340	-401	12	104	-162	286	1426	286	67492742	
-13366	-244	10475	248	-343	-385	17	106	-160	287	1431	287	67492742	
-13354	-247	10562	233	-341	-378	18	106	-160	288	1436	288	67492742	
-13375	-255	10480	216	-346	-367	16	100	-162	289	1441	289	67492742	
-13359	-248	10468	203	-356	-366	15	99	-163	290	1446	290	67492742	
-13383	-232	10435	199	-352	-364	17	105	-165	291	1451	291	67492748	
-13376	-226	10480	184	-345	-354	17	107	-165	292	1456	292	67492781	
-13343	-231	10553	201	-353	-350	14	109	-160	293	1461	293	67492795	
-13378	-258	10453	204	-358	-360	13	109	-159	294	1466	294	67492796	
-13412	-278	10478	190	-363	-356	20	100	-170	295	1471	295	67492797	
-13382	-251	10396	183	-361	-353	20	100	-170	296	1476	296	67492797	
-13331	-332	10442	190	-361	-351	14	107	-168	297	1481	297	67492798	
-13333	-285	10514	185	-370	-361	13	109	-167	298	1486	298	67492798	
-13358	-225	10490	183	-363	-357	13	106	-164	299	1491	299	67492798	
-13353	-275	10448	197	-359	-365	13	105	-163	300	1496	300	67492820	
-13371	-285	10499	206	-365	-377	11	104	-161	301	1501	301	67492827	
-13373	-276	10482	221	-361	-366	10	104	-160	302	1506	302	67492827	
-13454	-286	10476	230	-371	-375	15	103	-159	303	1511	303	67492827	
-13446	-288	10510	244	-364	-371	15	103	-159	304	1516	304	67492827	
-13378	-246	10522	259	-370	-372	17	107	-159	305	1521	305	67492827	
-13346	-248	10518	265	-385	-392	17	107	-159	306	1526	306	67492827	
-13378	-275	10460	273	-367	-390	14	104	-159	307	1531	307	67492854	
-13403	-275	10534	273	-350	-396	13	103	-159	308	1536	308	67492859	
-13347	-194	10572	291	-351	-389	13	108	-165	309	1541	309	67492859	
-13359	-212	10530	306	-358	-389	13	109	-167	310	1546	310	67492859	
-13364	-272	10478	307	-364	-388	17	105	-165	311	1551	311	67492859	
-13298	-248	10490	314	-371	-380	17	105	-165	312	1556	312	67492859	
-13330	-232	10548	311	-356	-392	16	102	-164	313	1561	313	67492859	
-13360	-330	10588	317	-345	-400	16	102	-164	314	1566	314	67492859	
-13334	-272	10506	309	-355	-398	16	106	-162	315	1571	315	67492896	
-13350	-284	10512	288	-344	-397	16	106	-162	316	1576	316	67492896	
-13322	-242	10514	289	-350	-395	14	110	-168	317	1581	317	67492896	
-13324	-176	10550	302	-353	-388	14	110	-168	318	1586	318	67492897	
-13329	-223	10553	296	-358	-388	19	102	-161	319	1591	319	67492897	
-13362	-198	10540	301	-353	-392	20	100	-160	320	1596	320	67492897	
-13358	-214	10568	297	-372	-384	18	104	-162	321	1601	321	67492897	
-13318	-226	10476	287	-362	-388	18	104	-162	322	1606	322	67492898	
-13308	-186	10552	288	-363	-378	15	103	-163	323	1611	323	67492898	
-13366	-216	10486	282	-351	-390	15	103	-163	324	1616	324	67492917	
-13350	-162	10486	271	-357	-384	14	106	-158	325	1621	325	67492936	
-13402	-240	10492	261	-368	-395	14	106	-158	326	1626	326	67492936	
-13306	-220	10568	257	-357	-383	15	107	-165	327	1631	327	67492936	
-13336	-215	10516	259	-353	-382	15	107	-164	328	1636	328	67492937	
-13391	-189	10513	258	-353	-386	13	105	-159	329	1641	329	67492939	
-13358	-197	10434	263	-358	-395	14	105	-160	330	1646	330	67492951	
-13338	-222	10576	270	-343	-389	16	104	-166	331	1651	331	67492974	
-13412	-204	10552	266	-351	-397	16	104	-166	332	1656	332	67492974	
-13368	-198	10512	274	-348	-395	13	99	-159	333	1661	333	67492974	
-13328	-248	10518	272	-340	-399	13	99	-159	334	1666	334	67492974	
-13390	-238	10514	265	-339	-403	17	103	-161	335	1671	335	67492974	
-13382	-174	10550	254	-333	-388	17	103	-161	336	1676	336	67492974	
-13459	-268	10500	259	-338	-387	14	110	-166	337	1681	337	67492974	
-13447	-264	10469	261	-332	-401	14	108	-166	338	1686	338	67492984	
-13397	-188	10500	276	-331	-404	15	101	-167	339	1691	339	67493025	
-13422	-176	10502	280	-334	-409	15	101	-166	340	1696	340	67493025	
-13339	-236	10460	287	-336	-414	16	102	-164	341	1701	341	67493025	
-13326	-258	10530	288	-336	-405	16	103	-164	342	1706	342	67493025	
-13358	-326	10548	293	-333	-406	14	106	-166	343	1711	343	67493025	
-13422	-236	10558	289	-336	-425	14	106	-166	344	1716	344	67493026	
-13416	-304	10551	288	-328	-412	18	108	-162	345	1721	345	67493027	
-13339	-254	10495	282	-326	-415	18	108	-162	346	1726	346	67493042	
-13368	-235	10522	287	-326	-405	18	106	-162	347	1731	347	67493079	
-13283	-283	10559	298	-324	-406	18	106	-162	348	1736	348	67493079	
-13317	-229	10568	287	-332	-407	18	108	-160	349	1741	349	67493079	
-13363	-205	10531	271	-328	-410	18	108	-161	350	1746	350	67493079	
-13316	-241	10446	260	-349	-403	17	107	-165	351	1751	351	67493079	
-13360	-223	10475	259	-342	-403	17	107	-164	352	1756	352	67493079	
-13312	-264	10490	271	-341	-407	18	106	-162	353	1761	353	67493080	
-13299	-279	10477	265	-344	-395	17	104	-161	354	1766	354	67493080	
-13325	-284	10447	269	-340	-401	16	100	-158	355	1771	355	67493082	
-13379	-259	10478	265	-345	-408	16	100	-160	356	1776	356	67493094	
-13332	-261	10512	273	-339	-402	17	101	-169	357	1781	357	67493118	
-13352	-254	10487	270	-343	-399	17	102	-168	358	1786	358	67493119	
-13378	-256	10509	258	-338	-398	16	104	-162	359	1791	359	67493119	
-13373	-206	10516	265	-343	-395	16	105	-162	360	1796	360	67493119	
-13346	-242	10504	269	-344	-392	18	108	-164	361	1801	361	67493119	
-13332	-245	10476	267	-340	-392	18	106	-166	362	1806	362	67493119	
-13360	-248	10438	261	-344	-393	18	104	-168	363	1811	363	67493119	
-13383	-258	10462	251	-347	-392	15	104	-166	364	1816	364	67493119	
-13336	-240	10513	249	-346	-391	10	104	-162	365	1821	365	67493119	
-13308	-227	10575	257	-345	-391	13	107	-164	366	1826	366	67493119	
-13349	-214	10587	281	-344	-390	20	112	-168	367	1831	367	67493120	
-13331	-228	10618	275	-349	-397	20	110	-167	368	1836	368	67493126	
-13316	-193	10565	263	-344	-399	22	102	-164	369	1841	369	67493153	
-13331	-201	10533	261	-340	-399	21	102	-165	370	1846	370	67493168	
-13326	-228	10513	255	-346	-399	19	103	-167	371	1851	371	67493168	
-13349	-252	10508	255	-351	-393	17	104	-165	372	1856	372	67493168	
-13412	-216	10482	258	-351	-391	15	105	-163	373	1861	373	67493168	
-13407	-222	10481	261	-352	-389	15	105	-163	374	1866	374	67493168	
-13386	-194	10488	259	-355	-386	16	106	-162	375	1871	375	67493168	
-13390	-200	10469	240	-365	-391	18	106	-163	376	1876	376	67493168	
-13399	-222	10468	231	-366	-387	21	105	-165	377	1881	377	67493169	
-13374	-249	10452	232	-359	-386	21	105	-166	378	1886	378	67493169	
-13356	-244	10438	230	-352	-384	20	106	-168	379	1891	379	67493183	
-13389	-187	10451	234	-354	-382	16	107	-168	380	1896	380	67493208	
-13427	-177	10414	240	-350	-372	11	109	-167	381	1901	381	67493212	
-13421	-216	10438	239	-342	-374	13	107	-165	382	1906	382	67493213	
-13391	-201	10522	240	-350	-379	15	105	-161	383	1911	383	67493213	
-13382	-217	10518	245	-355	-378	16	105	-163	384	1916	384	67493213	
-13379	-225	10475	250	-348	-371	17	105	-165	385	1921	385	67493213	
-13334	-210	10473	251	-347	-364	19	104	-164	386	1926	386	67493230	
-13332	-240	10513	259	-351	-366	21	103	-163	387	1931	387	67493248	
-13343	-267	10490	266	-351	-361	18	106	-164	388	1936	388	67493248	
-13320	-257	10534	266	-347	-358	16	108	-164	389	1941	389	67493248	
-13305	-233	10550	255	-343	-359	15	108	-165	390	1946	390	67493248	
-13280	-234	10557	251	-344	-357	14	108	-166	391	1951	391	67493248	
-13275	-262	10572	251	-348	-361	14	106	-165	392	1956	392	67493248	
-13284	-228	10504	232	-347	-369	14	104	-164	393	1961	393	67493252	
-13239	-212	10507	224	-347	-355	12	106	-163	394	1966	394	67493288	
-13256	-243	10541	218	-353	-357	10	108	-162	395	1971	395	67493319	
-13245	-240	10507	221	-344	-359	17	106	-163	396	1976	396	67493320	
-13270	-275	10495	235	-342	-360	21	105	-163	397	1981	397	67493320	
-13277	-296	10519	240	-353	-365	19	105	-162	398	1986	398	67493320	
-13268	-280	10526	242	-366	-369	17	105	-161	399	1991	399	67493320	
-13315	-267	10530	261	-371	-372	15	106	-160	400	1996	400	67493334	
-13342	-218	10562	263	-372	-374	14	106	-160	401	2001	401	67493359	
-13307	-211	10568	257	-375	-379	13	105	-162	402	2006	402	67493370	
-13309	-215	10537	261	-376	-385	12	104	-164	403	2011	403	67493370	
-13338	-214	10515	258	-377	-378	17	104	-163	404	2016	404	67493370	
-13353	-304	10482	264	-378	-386	20	104	-162	405	2021	405	67493371	
-13390	-289	10485	266	-374	-392	18	106	-165	406	2026	406	67493371	
-13396	-236	10524	261	-373	-391	17	107	-167	407	2031	407	67493371	
-13348	-193	10500	263	-369	-395	18	106	-162	408	2036	408	67493380	
-13345	-176	10480	267	-369	-395	19	105	-159	409	2041	409	67493401	
-13369	-177	10432	265	-361	-403	17	109	-163	410	2046	410	67493411	
-13362	-228	10430	271	-365	-400	15	111	-165	411	2051	411	67493411	
-13353	-224	10486	281	-363	-403	13	108	-163	412	2056	412	67493411	
-13371	-226	10496	279	-360	-395	13	107	-163	413	2061	413	67493411	
-13355	-208	10492	277	-352	-394	13	107	-164	414	2066	414	67493411	
-13393	-187	10479	266	-352	-402	13	107	-165	415	2071	415	67493411	
-13408	-168	10531	269	-352	-405	14	108	-161	416	2076	416	67493411	
-13396	-135	10454	272	-347	-402	14	108	-158	417	2081	417	67493412	
-13397	-138	10450	274	-338	-400	15	107	-163	418	2086	418	67493412	
-13388	-168	10484	288	-337	-401	16	106	-166	419	2091	419	67493412	
-13366	-184	10438	295	-341	-405	19	105	-160	420	2096	420	67493412	
-13328	-184	10407	303	-337	-404	20	104	-158	421	2101	421	67493412	
-13331	-213	10431	306	-338	-407	18	108	-160	422	2106	422	67493427	
-13360	-214	10496	292	-340	-404	17	109	-161	423	2111	423	67493431	
-13356	-196	10579	286	-340	-400	13	108	-159	424	2116	424	67493431	
-13338	-216	10538	276	-345	-406	12	108	-158	425	2121	425	67493439	
-13379	-274	10508	280	-350	-401	11	107	-161	426	2126	426	67493452	
-13394	-247	10518	284	-358	-402	11	107	-163	427	2131	427	67493458	
-13366	-202	10515	305	-354	-396	16	103	-165	428	2136	428	67493458	
