-16462	1537	2568	396	-421	125	-38	144	102	1	1	1	72955640	
-16482	1485	2624	465	-487	146	-38	144	104	2	6	2	72955653	
-16488	1478	2612	551	-560	155	-38	144	106	3	11	3	72955662	
-16451	1426	2654	622	-616	168	-37	146	105	4	16	4	72955668	
-16452	1397	2586	656	-672	180	-37	147	105	5	21	5	72955668	
-16468	1404	2537	623	-742	181	-36	145	104	6	26	6	72955668	
-16488	1426	2571	561	-762	172	-35	143	103	7	31	7	72955668	
-16524	1513	2385	528	-696	157	-34	145	100	8	36	8	72955668	
-16519	1502	2250	500	-582	136	-34	146	98	9	41	9	72955687	
-16449	1385	2287	430	-459	121	-35	148	102	10	46	10	72955700	
-16544	1400	2271	299	-396	117	-35	149	103	11	51	11	72955700	
-16567	1509	2366	128	-379	122	-37	145	102	12	56	12	72955700	
-16576	1584	2382	53	-400	118	-38	144	102	13	61	13	72955700	
-16559	1561	2439	113	-418	123	-36	146	101	14	66	14	72955700	
-16575	1424	2563	191	-423	136	-35	147	101	15	71	15	72955700	
-16567	1480	2643	147	-457	143	-35	149	99	16	76	16	72955754	
-16636	1555	2606	224	-504	148	-35	149	99	17	81	17	72955767	
-16684	1484	2484	641	-507	157	-36	150	98	18	86	18	72955767	
-16616	1204	2486	908	-471	158	-36	150	98	19	91	19	72955767	
-16644	1294	2502	827	-460	141	-30	154	98	20	96	20	72955767	
-16640	1390	2352	771	-444	131	-30	154	98	21	101	21	72955767	
-16530	1276	2360	837	-398	112	-39	147	103	22	106	22	72955767	
-16550	1302	2316	986	-318	101	-39	147	103	23	111	23	72955767	
-16478	1362	2208	1110	-225	82	-39	149	99	24	116	24	72955767	
-16472	1312	2180	1131	-150	83	-39	149	99	25	121	25	72955767	
-16542	1250	2220	952	-97	75	-35	145	101	26	126	26	72955790	
-16518	1367	2553	613	-60	73	-36	146	101	27	131	27	72955808	
-16526	1508	2642	331	-46	90	-39	149	101	28	136	28	72955808	
-16466	1682	2581	156	-44	104	-39	149	101	29	141	29	72955808	
-16445	1708	2623	115	-57	124	-37	147	103	30	146	30	72955808	
-16474	1747	2613	163	-68	139	-36	148	102	31	151	31	72955809	
-16498	1707	2603	303	-58	149	-30	150	100	32	156	32	72955809	
-16442	1676	2654	487	-40	154	-31	149	101	33	161	33	72955809	
-16430	1615	2687	679	-38	152	-35	147	103	34	166	34	72955809	
-16440	1567	2652	843	-90	160	-33	147	101	35	171	35	72955809	
-16485	1551	2541	920	-161	164	-30	148	98	36	176	36	72955809	
-16525	1518	2482	958	-228	162	-30	148	97	37	181	37	72955809	
-16541	1509	2477	973	-261	154	-29	149	93	38	186	38	72955811	
-16592	1504	2536	925	-228	141	-31	150	94	39	191	39	72955824	
-16616	1548	2680	824	-135	117	-39	153	97	40	196	40	72955849	
-16610	1601	2628	693	-45	103	-38	153	98	41	201	41	72955849	
-16554	1524	2669	561	7	100	-36	152	102	42	206	42	72955850	
-16502	1548	2640	392	28	95	-36	151	102	43	211	43	72955850	
-16459	1640	2680	178	28	89	-34	148	100	44	216	44	72955850	
-16444	1666	2670	32	1	80	-34	149	99	45	221	45	72955850	
-16445	1714	2644	-44	-27	82	-33	151	97	46	226	46	72955853	
-16459	1765	2698	-41	-49	84	-33	150	100	47	231	47	72955869	
-16515	1851	2754	10	-65	80	-32	148	104	48	236	48	72955885	
-16626	1928	2833	84	-57	72	-32	148	101	49	241	49	72955886	
-16686	1927	2845	172	-8	65	-33	149	97	50	246	50	72955886	
-16684	1892	2837	288	68	62	-34	149	97	51	251	51	72955886	
-16672	1953	2814	414	136	59	-34	148	96	52	256	52	72955887	
-16701	2014	2784	534	174	59	-34	148	97	53	261	53	72955887	
-16712	1946	2770	652	219	64	-34	148	98	54	266	54	72955892	
-16701	1838	2785	733	278	74	-37	147	103	55	271	55	72955912	
-16673	1789	2814	761	350	72	-39	147	107	56	276	56	72955923	
-16662	1816	2826	749	415	69	-37	145	102	57	281	57	72955923	
-16641	1821	2756	736	457	74	-36	144	98	58	286	58	72955923	
-16597	1781	2672	731	500	77	-36	143	103	59	291	59	72955923	
-16586	1717	2606	758	584	75	-36	142	106	60	296	60	72955924	
-16559	1672	2677	841	680	73	-36	147	96	61	301	61	72955924	
-16546	1678	2602	919	764	68	-36	148	94	62	306	62	72955931	
-16494	1669	2640	964	832	60	-38	148	94	63	311	63	72955958	
-16570	1653	2731	1007	859	50	-38	148	94	64	316	64	72955964	
-16574	1610	2801	1063	878	54	-37	147	93	65	321	65	72955964	
-16669	1621	2860	1131	896	61	-37	147	93	66	326	66	72955964	
-16664	1573	2870	1211	925	66	-34	147	98	67	331	67	72955964	
-16690	1464	2710	1284	975	62	-33	147	99	68	336	68	72955964	
-16682	1386	2778	1252	995	66	-34	148	98	69	341	69	72955964	
-16754	1340	2886	1155	990	59	-34	148	98	70	346	70	72955973	
-16766	1268	2860	1012	1007	73	-40	146	100	71	351	71	72955998	
-16716	1214	2888	847	1105	66	-40	146	100	72	356	72	72955998	
-16711	1217	2796	656	1193	59	-42	146	103	73	361	73	72955999	
-16684	1248	2804	460	1265	51	-42	146	104	74	366	74	72955999	
-16625	1246	2650	348	1293	51	-38	148	94	75	371	75	72955999	
-16633	1295	2512	340	1301	38	-37	149	91	76	376	76	72956000	
-16686	1198	2486	353	1302	11	-37	147	93	77	381	77	72956000	
-16800	1070	2502	326	1352	-16	-37	147	93	78	386	78	72956001	
-16872	1130	2632	235	1435	-51	-34	150	90	79	391	79	72956028	
-16866	1196	2544	130	1556	-74	-34	150	90	80	396	80	72956028	
-16942	1234	2736	-6	1680	-81	-39	149	97	81	401	81	72956028	
-16902	1294	2718	-169	1747	-98	-39	149	97	82	406	82	72956028	
-16890	1292	2836	-328	1790	-80	-38	150	92	83	411	83	72956028	
-16872	1440	2808	-437	1820	-73	-38	150	92	84	416	84	72956028	
-16832	1340	2738	-448	1897	-46	-33	153	95	85	421	85	72956030	
-16778	1306	2670	-401	2014	-27	-34	152	94	86	426	86	72956045	
-16698	1229	2719	-347	2134	1	-37	147	91	87	431	87	72956074	
-16542	1137	2578	-284	2282	24	-37	147	91	88	436	88	72956076	
-16407	992	2432	-214	2438	24	-39	149	89	89	441	89	72956077	
-16286	887	2231	-135	2633	7	-39	149	89	90	446	90	72956079	
-16148	791	2044	-63	2852	-2	-37	149	91	91	451	91	72956080	
-16063	652	1977	-19	3044	-15	-38	149	91	92	456	92	72956085	
-15970	512	1907	-18	3173	-31	-44	150	92	93	461	93	72956106	
-15981	396	1767	-56	3262	-54	-42	147	90	94	466	94	72956106	
-16021	260	1655	-132	3332	-79	-39	143	87	95	471	95	72956106	
-16096	158	1481	-225	3426	-108	-39	146	89	96	476	96	72956106	
-16222	82	1455	-300	3512	-132	-38	150	92	97	481	97	72956106	
-16345	-13	1334	-367	3568	-164	-37	150	91	98	486	98	72956106	
-16502	-110	1263	-453	3610	-185	-36	150	90	99	491	99	72956110	
-16708	-214	1252	-603	3621	-202	-34	147	90	100	496	100	72956128	
-16953	-221	1224	-844	3607	-226	-32	142	90	101	501	101	72956148	
-17207	-213	1217	-1129	3595	-248	-34	147	90	102	506	102	72956148	
-17358	-157	1360	-1437	3600	-264	-36	150	90	103	511	103	72956148	
-17476	-10	1488	-1789	3638	-279	-35	154	89	104	516	104	72956148	
-17522	68	1652	-2133	3721	-280	-34	156	88	105	521	105	72956148	
-17461	224	1874	-2435	3822	-280	-35	151	86	106	526	106	72956153	
-17329	476	2032	-2709	3872	-269	-36	148	84	107	531	107	72956185	
-17050	632	2150	-2959	3833	-244	-38	151	83	108	536	108	72956205	
-16748	744	2075	-3130	3751	-226	-39	153	83	109	541	109	72956205	
-16453	853	1831	-3251	3663	-208	-39	152	87	110	546	110	72956205	
-16192	886	1552	-3327	3600	-188	-38	150	90	111	551	111	72956205	
-16004	877	1349	-3397	3572	-168	-36	150	89	112	556	112	72956206	
-15879	886	1276	-3526	3532	-160	-34	150	88	113	561	113	72956206	
-15838	1000	1318	-3743	3457	-160	-35	152	87	114	566	114	72956206	
-15855	1216	1308	-4011	3349	-145	-35	153	87	115	571	115	72956216	
-15953	1448	1293	-4273	3216	-120	-34	155	85	116	576	116	72956223	
-16134	1747	1374	-4507	3079	-102	-34	156	84	117	581	117	72956223	
-16329	2125	1464	-4718	2938	-62	-38	152	83	118	586	118	72956223	
-16459	2458	1420	-4731	2863	7	-39	151	83	119	591	119	72956223	
-16540	2684	1396	-4528	2853	72	-38	152	85	120	596	120	72956223	
-16584	2946	1500	-4168	2876	132	-38	152	86	121	601	121	72956223	
-16606	3056	1441	-3665	2841	180	-37	151	85	122	606	122	72956253	
-16573	3014	1265	-3041	2751	226	-37	151	85	123	611	123	72956260	
-16663	2923	964	-2384	2627	225	-36	150	83	124	616	124	72956261	
-16766	2797	708	-1795	2503	197	-36	150	82	125	621	125	72956261	
-16776	2661	553	-1254	2409	139	-32	156	83	126	626	126	72956261	
-16918	2560	124	-646	2381	50	-31	157	83	127	631	127	72956261	
-16890	2456	-216	-223	2456	-26	-36	142	82	128	636	128	72956262	
-16878	2256	-562	-24	2580	-105	-36	142	82	129	641	129	72956271	
-16780	2108	-608	-126	2668	-153	-33	151	85	130	646	130	72956297	
-16610	2222	-920	-393	2690	-183	-33	151	85	131	651	131	72956297	
-16530	2420	-1062	-581	2722	-187	-30	152	84	132	656	132	72956297	
-16310	2456	-1152	-557	2762	-175	-30	152	84	133	661	133	72956298	
-16108	2406	-1074	-396	2713	-151	-35	151	79	134	666	134	72956298	
-16006	2244	-1088	-184	2514	-130	-35	153	80	135	671	135	72956298	
-15977	2121	-1157	-48	2346	-116	-36	160	82	136	676	136	72956300	
-15947	1979	-1203	30	2186	-156	-36	160	82	137	681	137	72956313	
-16032	1914	-1299	9	2063	-199	-35	161	81	138	686	138	72956339	
-16004	1783	-1393	-126	1925	-241	-34	160	81	139	691	139	72956339	
-15987	1772	-1490	-377	1773	-291	-32	154	80	140	696	140	72956340	
-16003	1994	-1736	-674	1662	-344	-32	154	80	141	701	141	72956341	
-16037	2274	-1889	-919	1594	-381	-33	155	81	142	706	142	72956341	
-16009	2561	-1966	-1116	1532	-412	-33	155	80	143	711	143	72956341	
-16031	2897	-1896	-1276	1445	-416	-32	154	76	144	716	144	72956357	
-16040	3207	-1933	-1345	1399	-412	-35	155	78	145	721	145	72956379	
-16083	3372	-1973	-1306	1399	-400	-40	158	82	146	726	146	72956379	
-16156	3645	-2101	-1042	1489	-394	-39	158	80	147	731	147	72956379	
-16288	3823	-2149	-534	1704	-385	-34	158	74	148	736	148	72956379	
-16333	3855	-1910	6	2019	-377	-33	158	75	149	741	149	72956379	
-16158	3870	-1489	295	2261	-348	-31	157	79	150	746	150	72956379	
-15972	3884	-1295	457	2347	-276	-31	157	78	151	751	151	72956381	
-15904	3961	-1431	739	2282	-171	-30	158	74	152	756	152	72956400	
-15872	3915	-1619	1099	2183	-77	-33	158	74	153	761	153	72956417	
-15848	3869	-1734	1466	2127	-5	-37	157	73	154	766	154	72956417	
-15859	3878	-1688	1754	2152	37	-37	157	76	155	771	155	72956417	
-15861	3910	-1537	2005	2224	63	-36	158	80	156	776	156	72956417	
-15806	4010	-1424	2232	2330	94	-34	158	79	157	781	157	72956417	
-15814	4106	-1197	2423	2416	117	-32	158	78	158	786	158	72956417	
-15891	4124	-1013	2655	2447	142	-32	158	77	159	791	159	72956417	
-15932	4082	-981	3037	2439	168	-31	159	75	160	796	160	72956417	
-15956	4013	-1033	3520	2382	186	-31	159	73	161	801	161	72956422	
-16018	3926	-1100	3983	2315	182	-31	159	71	162	806	162	72956451	
-16156	3884	-1247	4439	2279	157	-32	157	71	163	811	163	72956469	
-16306	3865	-1507	4906	2343	130	-33	155	71	164	816	164	72956470	
-16426	3857	-1721	5430	2542	92	-31	158	76	165	821	165	72956470	
-16468	3778	-1651	6034	2819	45	-30	160	80	166	826	166	72956470	
-16389	3588	-1312	6546	3044	17	-36	160	73	167	831	167	72956471	
-16235	3365	-910	6842	3133	30	-40	160	68	168	836	168	72956471	
-16070	3218	-597	6971	3025	90	-33	154	66	169	841	169	72956471	
-15945	3010	-432	7197	2802	160	-31	153	65	170	846	170	72956489	
-15853	2601	-371	7570	2531	199	-36	153	70	171	851	171	72956494	
-15678	2121	-354	7936	2278	172	-37	153	71	172	856	172	72956494	
-15734	1648	-437	8137	2091	92	-35	157	67	173	861	173	72956494	
-15891	1272	-463	8193	2058	-4	-34	158	66	174	866	174	72956494	
-16086	1002	-610	8217	2240	-114	-32	155	63	175	871	175	72956494	
-16147	811	-608	8204	2597	-217	-32	154	62	176	876	176	72956494	
-16160	754	-556	7993	3005	-333	-32	150	66	177	881	177	72956571	
-16170	586	-356	7619	3155	-403	-32	150	66	178	886	178	72956571	
-16172	506	-260	7214	3237	-422	-36	162	64	179	891	179	72956571	
-16288	440	-236	6875	3342	-408	-36	162	64	180	896	180	72956571	
-16196	490	-294	6606	3432	-353	-37	157	57	181	901	181	72956572	
-16281	523	-541	6481	3499	-296	-37	157	57	182	906	182	72956572	
-16352	455	-686	6512	3573	-251	-32	157	62	183	911	183	72956572	
-16283	188	-638	6614	3595	-220	-31	157	63	184	916	184	72956572	
-16234	-88	-408	6547	3535	-209	-29	159	61	185	921	185	72956598	
-16300	-202	-596	6428	3507	-205	-29	159	61	186	926	186	72956611	
-16350	-386	-682	6431	3594	-239	-38	160	54	187	931	187	72956611	
-16258	-680	-810	6500	3786	-293	-38	160	54	188	936	188	72956611	
-16310	-934	-1124	6466	4028	-367	-35	161	59	189	941	189	72956611	
-16320	-1276	-1374	6265	4225	-467	-35	161	59	190	946	190	72956611	
-16356	-1512	-1494	5837	4371	-564	-29	157	51	191	951	191	72956611	
-16356	-1556	-1772	5209	4466	-666	-29	157	51	192	956	192	72956611	
-16414	-1526	-1852	4520	4472	-759	-30	156	54	193	961	193	72956611	
-16577	-1418	-2100	3736	4505	-845	-30	156	54	194	966	194	72956611	
-16602	-1347	-2151	3178	4641	-898	-32	158	54	195	971	195	72956611	
-16622	-1459	-1931	2662	4938	-959	-32	157	53	196	976	196	72956611	
-16552	-1544	-1723	2093	5348	-1016	-30	154	50	197	981	197	72956614	
-16314	-1600	-1567	1455	5707	-1050	-31	154	49	198	986	198	72956621	
-16032	-1674	-1216	829	5932	-1073	-34	154	44	199	991	199	72956623	
-15791	-1720	-1066	412	6036	-1079	-34	154	45	200	996	200	72956635	
-15445	-1778	-1090	305	6098	-1110	-32	156	48	201	1001	201	72956650	
-15048	-1892	-1309	494	6239	-1198	-34	158	46	202	1006	202	72956651	
-14795	-1986	-1576	780	6482	-1333	-36	160	44	203	1011	203	72956651	
-14580	-2063	-1769	1044	6815	-1523	-33	158	45	204	1016	204	72956651	
-14292	-2108	-1801	1175	7113	-1698	-29	155	47	205	1021	205	72956651	
-14116	-2016	-1824	1061	7249	-1832	-29	154	46	206	1026	206	72956651	
-14014	-1712	-2010	712	7188	-1916	-29	153	45	207	1031	207	72956662	
-13978	-1388	-2259	267	7018	-1929	-31	155	42	208	1036	208	72956682	
-14008	-1005	-2464	-243	6847	-1889	-35	157	37	209	1041	209	72956688	
-14087	-345	-2565	-821	6776	-1847	-34	158	40	210	1046	210	72956688	
-14156	376	-2729	-1210	6876	-1795	-32	158	42	211	1051	211	72956688	
-14247	976	-3116	-1292	7119	-1792	-31	159	38	212	1056	212	72956688	
-14265	1532	-3523	-1256	7419	-1794	-31	159	35	213	1061	213	72956688	
-14211	2047	-3627	-1315	7668	-1788	-33	158	33	214	1066	214	72956688	
-14229	2530	-3537	-1565	7805	-1805	-35	157	31	215	1071	215	72956688	
-14312	2958	-3606	-1904	7887	-1829	-34	157	35	216	1076	216	72956710	
-14471	3374	-3776	-2002	8039	-1826	-33	157	37	217	1081	217	72956725	
-14566	3676	-3774	-1746	8314	-1765	-31	157	34	218	1086	218	72956725	
-14507	3751	-3441	-1210	8585	-1677	-29	157	31	219	1091	219	72956725	
-14351	3704	-3052	-773	8726	-1595	-25	158	33	220	1096	220	72956725	
-14235	3591	-2759	-431	8744	-1581	-23	159	35	221	1101	221	72956727	
-14214	3511	-2462	-16	8652	-1625	-24	158	33	222	1106	222	72956733	
-14266	3300	-2500	662	8504	-1639	-25	157	31	223	1111	223	72956743	
-14399	2908	-2737	1503	8393	-1611	-27	152	30	224	1116	224	72956764	
-14561	2327	-2972	2353	8371	-1560	-29	149	29	225	1121	225	72956775	
-14650	1607	-3304	3094	8497	-1481	-28	157	28	226	1126	226	72956776	
-14788	1243	-3748	3314	8806	-1386	-28	160	28	227	1131	227	72956776	
-14802	1148	-4074	3200	9292	-1239	-30	154	26	228	1136	228	72956776	
-14840	1226	-4486	2908	9851	-1195	-30	152	26	229	1141	229	72956776	
-14804	1203	-4793	2640	10374	-1151	-27	154	21	230	1146	230	72956777	
-14755	1218	-5158	2358	10822	-1039	-26	154	20	231	1151	231	72956813	
-14732	1275	-5446	1978	11301	-954	-27	156	26	232	1156	232	72956831	
-14714	1510	-5572	1602	11823	-969	-27	157	27	233	1161	233	72956833	
-14531	1548	-5720	1469	12355	-969	-32	155	21	234	1166	234	72956833	
-14190	1508	-5810	1542	12974	-939	-33	155	19	235	1171	235	72956833	
-13728	1066	-5764	1802	13318	-900	-28	150	14	236	1176	236	72956833	
-13226	466	-5870	1979	13505	-829	-28	150	14	237	1181	237	72956833	
-12834	-240	-6400	1943	13536	-834	-26	148	8	238	1186	238	72956833	
-12564	-462	-7016	1669	13541	-891	-26	148	8	239	1191	239	72956833	
-12332	-692	-7324	1365	13475	-1015	-31	149	13	240	1196	240	72956833	
-12154	-848	-7064	1172	13398	-1083	-31	149	13	241	1201	241	72956843	
-12160	-906	-6674	818	13267	-1086	-24	148	8	242	1206	242	72956870	
-11984	-936	-6164	228	13071	-1087	-24	148	8	243	1211	243	72956870	
-12032	-860	-5712	-697	12893	-1069	-28	154	6	244	1216	244	72956870	
-12066	-690	-5325	-1601	12786	-1039	-27	153	6	245	1221	245	72956871	
-12044	-410	-5286	-2488	12759	-998	-24	150	6	246	1226	246	72956871	
-11983	-156	-5438	-3071	12808	-980	-25	150	6	247	1231	247	72956871	
-11867	98	-5674	-3183	12896	-1050	-28	150	6	248	1236	248	72956871	
-11898	239	-6228	-2897	13016	-1195	-29	149	4	249	1241	249	72956871	
-11942	389	-6671	-2515	13103	-1354	-32	146	-2	250	1246	250	72956871	
-12094	524	-6914	-2297	13120	-1501	-32	146	-2	251	1251	251	72956871	
-12334	514	-6938	-2128	13135	-1678	-32	146	-8	252	1256	252	72956887	
-12418	350	-6896	-2078	13206	-1802	-31	145	-8	253	1261	253	72956910	
-12619	252	-7161	-2157	13256	-1845	-29	139	-9	254	1266	254	72956910	
-12618	224	-7581	-2319	13253	-1834	-30	140	-10	255	1271	255	72956910	
-12695	428	-8086	-2586	13244	-1875	-32	142	-16	256	1276	256	72956910	
-12716	676	-8140	-2814	13289	-1927	-32	142	-15	257	1281	257	72956910	
-12660	920	-7918	-2946	13370	-1920	-33	141	-13	258	1286	258	72956910	
-12403	1139	-7509	-2967	13441	-1851	-33	139	-14	259	1291	259	72956915	
-12230	968	-7493	-2860	13581	-1790	-31	133	-15	260	1296	260	72956938	
-12108	699	-7614	-2681	13737	-1751	-30	135	-15	261	1301	261	72956948	
-12126	611	-7754	-2480	13887	-1758	-29	139	-15	262	1306	262	72956949	
-12196	674	-7899	-2252	13968	-1821	-29	135	-18	263	1311	263	72956950	
-12342	826	-7956	-2067	13903	-1882	-30	130	-22	264	1316	264	72956950	
-12492	1045	-8086	-1996	13684	-1907	-30	130	-22	265	1321	265	72956950	
-12668	1194	-8418	-1969	13390	-1935	-29	129	-23	266	1326	266	72956951	
-12804	1374	-8803	-1874	13144	-1986	-31	130	-24	267	1331	267	72956954	
-13027	1524	-9098	-1571	12951	-2074	-35	131	-25	268	1336	268	72956972	
-13171	1465	-9418	-1088	12828	-2163	-33	131	-29	269	1341	269	72956985	
-13209	1363	-9574	-849	12709	-2265	-31	131	-31	270	1346	270	72956985	
-13344	1310	-9784	-906	12520	-2352	-34	129	-32	271	1351	271	72956985	
-13420	1094	-10056	-1027	12363	-2338	-36	128	-32	272	1356	272	72956985	
-13460	982	-10285	-1060	12343	-2274	-37	132	-30	273	1361	273	72956985	
-13411	1091	-10574	-958	12402	-2209	-37	135	-29	274	1366	274	72956985	
-13333	1306	-10865	-729	12519	-2152	-32	129	-31	275	1371	275	72956992	
-13162	1363	-11182	-485	12741	-2082	-29	125	-33	276	1376	276	72957017	
-12806	1262	-11383	-451	12967	-2063	-30	125	-33	277	1381	277	72957023	
-12426	1155	-11547	-465	13183	-2062	-32	124	-32	278	1386	278	72957023	
-11966	1145	-11729	-473	13336	-2108	-27	122	-37	279	1391	279	72957023	
-11481	1055	-12011	-274	13410	-2184	-26	122	-38	280	1396	280	72957023	
-11030	963	-12165	84	13416	-2266	-32	120	-39	281	1401	281	72957023	
-10681	797	-12186	419	13330	-2351	-33	119	-39	282	1406	282	72957023	
-10461	654	-12023	525	13203	-2402	-35	119	-37	283	1411	283	72957053	
-10406	777	-11989	314	13095	-2420	-35	119	-37	284	1416	284	72957061	
-10307	1199	-12063	-183	13008	-2410	-38	119	-43	285	1421	285	72957061	
-10148	1700	-12022	-529	12952	-2335	-39	119	-45	286	1426	286	72957061	
-9916	1900	-11808	-587	12902	-2189	-37	113	-46	287	1431	287	72957062	
-9700	2108	-11758	-448	12862	-2068	-36	112	-46	288	1436	288	72957068	
-9500	2181	-12046	-135	12792	-1970	-33	117	-43	289	1441	289	72957070	
-9407	2231	-12584	435	12644	-1893	-32	118	-42	290	1446	290	72957072	
-9384	2160	-13007	1168	12439	-1796	-33	122	-48	291	1451	291	72957095	
-9475	2126	-13212	1946	12175	-1672	-33	123	-49	292	1456	292	72957100	
-9664	1894	-13800	2791	11822	-1541	-37	107	-45	293	1461	293	72957100	
-9720	2032	-13950	3047	11600	-1488	-37	107	-45	294	1466	294	72957100	
-9838	1970	-13840	3221	11510	-1393	-34	106	-54	295	1471	295	72957100	
-9888	1844	-13868	3339	11449	-1307	-34	106	-54	296	1476	296	72957100	
-9686	1802	-13516	3410	11348	-1151	-35	107	-55	297	1481	297	72957101	
-9432	1590	-13566	3610	11148	-1035	-35	107	-55	298	1486	298	72957111	
-9134	1516	-13650	3870	10878	-959	-32	102	-56	299	1491	299	72957149	
-8914	1098	-13822	4216	10602	-960	-32	102	-56	300	1496	300	72957163	
-8730	492	-14282	4512	10427	-1007	-34	106	-54	301	1501	301	72957163	
-8275	317	-14767	4392	10330	-1122	-33	104	-55	302	1506	302	72957164	
-7916	145	-15063	4223	10287	-1179	-31	95	-61	303	1511	303	72957164	
-7740	-274	-15281	4340	10194	-1187	-31	95	-61	304	1516	304	72957164	
-7604	-902	-15810	4631	10044	-1145	-29	97	-61	305	1521	305	72957170	
-7616	-1486	-16226	4574	9810	-1044	-30	97	-61	306	1526	306	72957193	
-7788	-1914	-16397	4079	9448	-929	-33	99	-59	307	1531	307	72957193	
-7887	-1909	-16362	3533	9121	-770	-33	97	-60	308	1536	308	72957193	
-7932	-2110	-16148	3148	8642	-639	-35	89	-63	309	1541	309	72957193	
-7963	-2416	-16082	2472	8083	-691	-34	89	-66	310	1546	310	72957193	
-7940	-2817	-15854	1485	7806	-711	-33	89	-71	311	1551	311	72957193	
-7606	-3286	-15722	216	7567	-652	-34	89	-70	312	1556	312	72957193	
-7185	-3570	-15728	-957	7220	-553	-36	90	-68	313	1561	313	72957193	
-7092	-3524	-15376	-1783	6893	-445	-32	92	-66	314	1566	314	72957204	
-7132	-3279	-14726	-2073	6750	-346	-27	95	-63	315	1571	315	72957224	
-7194	-3189	-14393	-2002	6788	-282	-29	93	-65	316	1576	316	72957229	
-7292	-3176	-14457	-1974	6930	-219	-33	89	-67	317	1581	317	72957229	
-7359	-3155	-14576	-2118	7118	-126	-31	85	-65	318	1586	318	72957229	
-7242	-3181	-14786	-2235	7233	111	-29	81	-63	319	1591	319	72957229	
-7145	-3154	-15077	-2419	7196	300	-30	84	-66	320	1596	320	72957229	
-7208	-2940	-15289	-2706	7066	414	-31	87	-69	321	1601	321	72957229	
-7237	-2522	-15439	-2885	6867	545	-34	84	-71	322	1606	322	72957229	
-7333	-2119	-15608	-2734	6671	661	-38	80	-74	323	1611	323	72957229	
-7572	-1687	-15573	-2385	6586	750	-35	80	-74	324	1616	324	72957246	
-7771	-1315	-15364	-1978	6724	818	-30	80	-74	325	1621	325	72957275	
-7819	-1122	-15074	-1510	7098	900	-35	79	-75	326	1626	326	72957282	
-7567	-940	-14716	-1240	7552	909	-40	78	-76	327	1631	327	72957282	
-7153	-754	-14455	-1135	7879	908	-35	74	-77	328	1636	328	72957283	
-6685	-587	-14321	-1121	8057	909	-32	72	-78	329	1641	329	72957283	
-6203	-510	-14208	-1078	8053	929	-36	73	-76	330	1646	330	72957283	
-5765	-494	-14260	-998	7899	945	-39	73	-75	331	1651	331	72957283	
-5418	-557	-14232	-973	7654	961	-40	74	-76	332	1656	332	72957297	
-5144	-549	-14349	-1047	7393	972	-40	74	-76	333	1661	333	72957306	
-4922	-504	-14624	-1180	7202	984	-39	70	-75	334	1666	334	72957306	
-4906	-450	-14882	-1338	7162	982	-39	67	-75	335	1671	335	72957306	
-4899	-458	-15006	-1460	7286	993	-41	67	-77	336	1676	336	72957307	
-4905	-434	-15158	-1602	7538	997	-41	67	-77	337	1681	337	72957307	
-4906	-272	-15245	-1654	7849	1018	-39	69	-77	338	1686	338	72957307	
-4855	-138	-15324	-1560	8132	1061	-39	69	-77	339	1691	339	72957315	
-4839	4	-15369	-1335	8348	1121	-40	65	-76	340	1696	340	72957339	
-4820	37	-15358	-1103	8485	1183	-40	64	-76	341	1701	341	72957344	
-4768	97	-15328	-975	8565	1225	-36	63	-75	342	1706	342	72957344	
-4758	158	-15260	-975	8582	1258	-35	63	-75	343	1711	343	72957344	
-4802	198	-15286	-1059	8513	1257	-36	56	-74	344	1716	344	72957344	
-4832	398	-15228	-1206	8423	1233	-36	56	-74	345	1721	345	72957344	
-4858	538	-15246	-1295	8368	1214	-39	59	-85	346	1726	346	72957344	
-4840	726	-15136	-1352	8356	1190	-39	59	-85	347	1731	347	72957353	
-4810	818	-15038	-1353	8393	1153	-40	54	-86	348	1736	348	72957382	
-4650	866	-14934	-1295	8451	1134	-40	54	-86	349	1741	349	72957382	
-4458	868	-14966	-1203	8512	1138	-35	51	-79	350	1746	350	72957382	
-4254	906	-15036	-1072	8564	1140	-35	51	-79	351	1751	351	72957382	
-3924	984	-14982	-969	8617	1131	-36	46	-84	352	1756	352	72957383	
-3658	899	-14988	-904	8627	1139	-37	47	-84	353	1761	353	72957383	
-3356	878	-14853	-879	8604	1129	-40	50	-84	354	1766	354	72957385	
-3019	788	-14859	-887	8556	1110	-39	50	-84	355	1771	355	72957397	
-2688	845	-14811	-921	8522	1067	-35	49	-83	356	1776	356	72957422	
-2368	983	-14658	-958	8470	1007	-36	48	-83	357	1781	357	72957424	
-2166	1046	-14476	-1022	8404	957	-41	43	-83	358	1786	358	72957425	
-1876	1110	-14520	-1086	8257	908	-41	43	-83	359	1791	359	72957426	
-1520	1133	-14332	-1173	8081	846	-41	49	-83	360	1796	360	72957433	
-1305	1319	-14252	-1295	7923	807	-41	47	-84	361	1801	361	72957433	
-1118	1456	-14124	-1437	7706	803	-42	38	-86	362	1806	362	72957438	
-927	1691	-14124	-1511	7438	815	-41	38	-86	363	1811	363	72957458	
-768	1832	-14092	-1492	7133	838	-38	36	-84	364	1816	364	72957458	
-601	2008	-13952	-1405	6849	852	-39	37	-85	365	1821	365	72957458	
-460	2076	-13836	-1247	6586	855	-44	40	-88	366	1826	366	72957458	
-366	2124	-13665	-1030	6330	866	-42	38	-87	367	1831	367	72957458	
-242	2148	-13501	-791	6091	870	-36	32	-84	368	1836	368	72957458	
-24	2166	-13442	-569	5813	847	-36	34	-86	369	1841	369	72957458	
106	2162	-13430	-384	5540	782	-36	38	-90	370	1846	370	72957472	
65	2165	-13440	-194	5242	714	-40	36	-90	371	1851	371	72957494	
72	2116	-13478	-23	4941	710	-47	33	-91	372	1856	372	72957494	
88	2168	-13559	110	4645	729	-43	30	-90	373	1861	373	72957494	
78	2192	-13608	238	4381	703	-37	25	-89	374	1866	374	72957494	
46	2166	-13633	384	4166	616	-39	26	-90	375	1871	375	72957494	
91	2148	-13577	538	3986	539	-43	27	-91	376	1876	376	72957494	
133	2068	-13502	624	3837	417	-39	28	-90	377	1881	377	72957499	
193	2004	-13479	710	3693	322	-37	29	-89	378	1886	378	72957525	
332	1981	-13494	784	3513	237	-36	28	-91	379	1891	379	72957542	
443	1937	-13489	832	3277	152	-36	28	-92	380	1896	380	72957543	
584	1839	-13558	893	2991	91	-37	29	-94	381	1901	381	72957544	
593	1666	-13580	910	2655	-31	-37	29	-95	382	1906	382	72957544	
533	1342	-13676	961	2311	-54	-40	28	-93	383	1911	383	72957545	
584	1141	-13928	942	2004	12	-42	28	-92	384	1916	384	72957545	
503	1144	-14107	755	1711	-32	-38	28	-91	385	1921	385	72957563	
334	1101	-14189	673	1491	-92	-36	28	-90	386	1926	386	72957569	
246	965	-14398	739	1362	-100	-36	25	-88	387	1931	387	72957569	
56	844	-14526	818	1318	-64	-36	24	-88	388	1936	388	72957569	
-87	806	-14488	847	1327	31	-39	24	-88	389	1941	389	72957569	
-86	855	-14588	863	1359	99	-40	24	-88	390	1946	390	72957569	
-138	943	-14498	918	1346	98	-37	21	-91	391	1951	391	72957569	
-155	956	-14351	1065	1285	96	-36	20	-92	392	1956	392	72957575	
-318	924	-14242	1172	1181	35	-38	22	-93	393	1961	393	72957616	
-262	785	-14180	1293	1058	74	-39	23	-93	394	1966	394	72957626	
-204	864	-14053	1301	909	86	-37	24	-91	395	1971	395	72957626	
-225	961	-14125	1270	705	34	-36	24	-90	396	1976	396	72957626	
-296	831	-14147	1297	531	-40	-37	18	-91	397	1981	397	72957626	
-347	805	-14192	1371	391	-71	-37	17	-91	398	1986	398	72957626	
-396	629	-14265	1405	294	-152	-35	19	-89	399	1991	399	72957632	
-481	485	-14466	1439	242	-249	-35	19	-89	400	1996	400	72957663	
-636	335	-14648	1460	201	-358	-35	19	-92	401	2001	401	72957671	
-726	276	-14868	1472	216	-372	-35	19	-93	402	2006	402	72957671	
-744	14	-14852	1431	243	-476	-42	20	-96	403	2011	403	72957671	
-814	-630	-15112	1577	296	-533	-42	20	-96	404	2016	404	72957671	
-666	-790	-15278	1419	382	-490	-40	22	-96	405	2021	405	72957671	
-696	-762	-15196	1008	472	-527	-40	22	-96	406	2026	406	72957671	
-544	-902	-15058	813	521	-568	-35	23	-91	407	2031	407	72957671	
-550	-788	-14958	552	578	-609	-35	23	-91	408	2036	408	72957682	
-390	-578	-14812	349	630	-608	-37	21	-93	409	2041	409	72957708	
-268	-344	-14691	179	721	-623	-37	21	-92	410	2046	410	72957709	
-148	-382	-14543	231	785	-610	-35	23	-87	411	2051	411	72957709	
-33	-556	-14464	408	806	-587	-35	22	-88	412	2056	412	72957709	
-61	-674	-14520	515	781	-550	-35	17	-91	413	2061	413	72957710	
3	-828	-14566	600	711	-517	-35	17	-91	414	2066	414	72957710	
-7	-1018	-14616	716	586	-481	-33	17	-93	415	2071	415	72957710	
38	-1151	-14697	817	440	-436	-35	18	-93	416	2076	416	72957710	
29	-1378	-14705	880	296	-410	-41	21	-91	417	2081	417	72957711	
-6	-1628	-14704	925	195	-388	-41	22	-92	418	2086	418	72957711	
