688	124	-16158	7	-598	-142	12763	19	7	1	1	1	83713714	
606	92	-16068	-4	-607	-141	12764	19	5	2	6	2	83713715	
620	54	-16108	5	-611	-134	12765	19	6	3	11	3	83713736	
650	87	-16109	4	-611	-143	12766	20	8	4	16	4	83713750	
661	48	-16136	-6	-599	-142	12767	20	8	5	21	5	83713750	
635	121	-16180	-7	-595	-142	12768	19	9	6	26	6	83713750	
638	76	-16118	-9	-610	-131	12769	19	9	7	31	7	83713750	
596	70	-16162	-10	-596	-148	12770	21	9	8	36	8	83713750	
676	90	-16070	-15	-592	-153	12771	21	9	9	41	9	83713750	
626	106	-16074	-17	-605	-144	12772	16	12	10	46	10	83713750	
671	114	-16033	-12	-601	-138	12773	16	11	11	51	11	83713750	
636	157	-16048	-12	-596	-131	12774	18	8	12	56	12	83713750	
670	96	-16178	-9	-602	-125	12775	19	8	13	61	13	83713750	
674	57	-16150	-3	-589	-125	12776	21	7	14	66	14	83713752	
670	69	-16163	-2	-592	-114	12777	21	8	15	71	15	83713767	
704	74	-16169	-4	-588	-122	12778	22	12	16	76	16	83713789	
690	107	-16098	-4	-582	-127	12779	21	11	17	81	17	83713789	
696	105	-16126	-8	-587	-117	12780	19	7	18	86	18	83713790	
683	109	-16023	-12	-600	-116	12781	21	8	19	91	19	83713790	
682	126	-16036	-8	-599	-115	12782	24	10	20	96	20	83713790	
700	136	-16111	-7	-601	-116	12783	23	9	21	101	21	83713790	
684	90	-16153	-7	-600	-117	12784	22	8	22	106	22	83713791	
661	94	-16163	-13	-595	-116	12785	22	8	23	111	23	83713791	
687	132	-16184	-18	-588	-122	12786	21	7	24	116	24	83713791	
630	155	-16176	-17	-589	-130	12787	22	7	25	121	25	83713791	
614	136	-16164	-17	-605	-140	12788	25	7	26	126	26	83713795	
616	117	-16129	-10	-609	-138	12789	23	8	27	131	27	83713809	
634	138	-16105	-5	-613	-140	12790	18	10	28	136	28	83713819	
638	142	-16096	5	-614	-144	12791	17	12	29	141	29	83713820	
650	142	-16025	10	-619	-148	12792	15	15	30	146	30	83713820	
633	118	-16052	3	-607	-155	12793	18	13	31	151	31	83713820	
596	104	-16098	2	-597	-154	12794	23	11	32	156	32	83713820	
577	129	-16140	3	-589	-149	12795	21	13	33	161	33	83713820	
574	122	-16155	4	-583	-149	12796	17	15	34	166	34	83713824	
600	108	-16167	11	-590	-143	12798	15	11	35	171	35	83713843	
618	80	-16122	17	-583	-142	12799	13	7	36	176	36	83713857	
635	72	-16132	12	-578	-147	12800	14	9	37	181	37	83713857	
664	78	-16107	11	-584	-149	12801	14	10	38	186	38	83713857	
647	96	-16122	13	-584	-143	12802	17	11	39	191	39	83713857	
615	66	-16133	10	-586	-140	12803	19	11	40	196	40	83713857	
621	42	-16098	5	-591	-141	12803	21	12	41	201	41	83713869	
663	70	-16105	3	-595	-140	12804	23	13	42	206	42	83713889	
627	96	-16161	4	-605	-138	12805	21	13	43	211	43	83713894	
581	96	-16187	7	-613	-132	12807	17	13	44	216	44	83713894	
621	68	-16118	12	-618	-133	12808	17	11	45	221	45	83713894	
655	74	-16112	13	-621	-139	12809	17	9	46	226	46	83713894	
647	62	-16106	14	-610	-138	12810	17	8	47	231	47	83713894	
634	94	-16115	14	-605	-136	12811	17	7	48	236	48	83713899	
662	105	-16101	16	-604	-129	12812	19	6	49	241	49	83713919	
698	48	-16089	10	-599	-125	12813	21	5	50	246	50	83713930	
730	48	-16064	-1	-594	-127	12814	22	6	51	251	51	83713930	
737	88	-16104	-8	-585	-127	12815	23	7	52	256	52	83713930	
718	60	-16031	-19	-581	-127	12816	21	12	53	261	53	83713931	
666	57	-16118	-20	-579	-124	12817	21	13	54	266	54	83713931	
662	66	-16178	-23	-577	-130	12818	19	10	55	271	55	83713931	
736	65	-16100	-24	-588	-131	12819	19	9	56	276	56	83713945	
699	13	-16185	-24	-599	-138	12820	21	11	57	281	57	83713962	
700	-4	-16196	-17	-613	-140	12821	22	12	58	286	58	83713968	
719	-14	-16173	-9	-619	-141	12822	16	8	59	291	59	83713968	
707	44	-16105	-9	-625	-139	12823	12	6	60	296	60	83713968	
701	78	-16166	5	-637	-129	12824	17	6	61	301	61	83713968	
686	90	-16084	15	-641	-129	12825	18	6	62	306	62	83713968	
642	107	-16092	29	-645	-122	12826	21	8	63	311	63	83713978	
683	99	-16110	24	-639	-122	12827	22	8	64	316	64	83714002	
738	85	-16054	24	-635	-128	12828	19	8	65	321	65	83714008	
706	98	-16102	20	-632	-132	12829	18	8	66	326	66	83714008	
698	89	-16096	13	-632	-135	12830	19	12	67	331	67	83714008	
711	124	-16084	-7	-629	-134	12831	19	13	68	336	68	83714008	
718	80	-16060	-25	-628	-144	12832	20	12	69	341	69	83714008	
622	86	-16170	-42	-631	-150	12833	20	12	70	346	70	83714008	
626	90	-16136	-49	-621	-157	12834	24	4	71	351	71	83714037	
654	86	-16210	-60	-620	-164	12835	24	4	72	356	72	83714045	
628	96	-16210	-60	-614	-162	12836	21	13	73	361	73	83714045	
646	109	-16183	-49	-624	-154	12837	21	13	74	366	74	83714046	
604	45	-16196	-38	-633	-152	12838	23	10	75	371	75	83714046	
646	102	-16253	-37	-641	-144	12839	23	9	76	376	76	83714046	
604	116	-16192	-8	-639	-136	12840	20	10	77	381	77	83714046	
586	30	-16140	-11	-633	-142	12841	20	10	78	386	78	83714046	
642	52	-16122	6	-631	-132	12842	16	12	79	391	79	83714083	
592	82	-16160	4	-632	-132	12843	16	12	80	396	80	83714083	
612	144	-16120	8	-619	-127	12844	18	10	81	401	81	83714084	
620	68	-16162	10	-619	-122	12845	18	10	82	406	82	83714084	
628	44	-16182	-1	-603	-125	12846	23	11	83	411	83	83714085	
646	100	-16278	-8	-606	-116	12847	23	11	84	416	84	83714085	
634	110	-16114	-10	-601	-132	12848	20	10	85	421	85	83714085	
598	129	-16144	-28	-597	-131	12849	20	10	86	426	86	83714098	
636	98	-16099	-29	-615	-131	12850	22	8	87	431	87	83714124	
662	73	-16197	-25	-617	-127	12851	21	9	88	436	88	83714125	
650	132	-16139	-30	-627	-124	12852	17	13	89	441	89	83714125	
668	118	-16091	-23	-641	-121	12853	17	13	90	446	90	83714125	
688	80	-16154	-16	-623	-123	12854	19	11	91	451	91	83714125	
674	98	-16144	0	-618	-123	12855	19	11	92	456	92	83714125	
702	64	-16030	-3	-618	-132	12856	22	8	93	461	93	83714125	
641	76	-16088	-6	-612	-140	12857	21	8	94	466	94	83714137	
705	106	-16046	-3	-611	-141	12858	17	7	95	471	95	83714163	
736	120	-16156	-2	-612	-151	12859	18	8	96	476	96	83714163	
688	80	-16138	-1	-606	-150	12860	21	11	97	481	97	83714163	
686	112	-16195	-17	-594	-148	12861	21	11	98	486	98	83714163	
734	100	-16104	-12	-598	-150	12862	20	12	99	491	99	83714163	
783	86	-16076	-18	-606	-148	12863	19	11	100	496	100	83714163	
735	101	-16100	-24	-606	-151	12864	14	6	101	501	101	83714171	
734	118	-16153	-38	-615	-156	12865	17	7	102	506	102	83714203	
693	78	-16107	-39	-618	-164	12866	24	8	103	511	103	83714203	
708	70	-16135	-32	-619	-161	12867	21	10	104	516	104	83714203	
711	64	-16137	-23	-625	-160	12868	17	13	105	521	105	83714203	
696	65	-16122	-21	-633	-156	12869	17	8	106	526	106	83714204	
703	89	-16139	-15	-641	-149	12870	16	0	107	531	107	83714204	
711	79	-16158	-13	-644	-140	12871	17	2	108	536	108	83714204	
714	98	-16143	-9	-639	-146	12872	19	11	109	541	109	83714206	
641	83	-16197	-14	-642	-152	12873	20	11	110	546	110	83714221	
650	68	-16153	-14	-641	-154	12874	22	12	111	551	111	83714240	
656	124	-16084	-19	-630	-153	12875	22	12	112	556	112	83714240	
660	134	-16033	-25	-627	-156	12876	22	12	113	561	113	83714240	
640	120	-16024	-30	-636	-158	12877	21	11	114	566	114	83714241	
609	113	-16104	-32	-636	-162	12878	19	9	115	571	115	83714241	
640	105	-16182	-33	-632	-165	12879	18	10	116	576	116	83714241	
658	121	-16128	-34	-629	-161	12880	17	11	117	581	117	83714252	
661	148	-16099	-41	-624	-159	12881	17	11	118	586	118	83714272	
641	134	-16133	-46	-619	-160	12883	16	12	119	591	119	83714278	
629	118	-16098	-50	-624	-155	12884	18	13	120	596	120	83714278	
626	130	-16100	-52	-624	-145	12885	19	13	121	601	121	83714278	
630	111	-16109	-51	-623	-144	12886	20	11	122	606	122	83714278	
626	96	-16104	-43	-630	-150	12887	20	10	123	611	123	83714278	
645	87	-16169	-34	-631	-145	12888	21	9	124	616	124	83714282	
655	79	-16206	-31	-631	-135	12888	21	7	125	621	125	83714299	
627	83	-16168	-27	-637	-132	12889	21	7	126	626	126	83714318	
633	80	-16174	-16	-633	-134	12891	20	6	127	631	127	83714318	
654	62	-16154	-16	-635	-133	12892	21	6	128	636	128	83714318	
636	64	-16208	-24	-631	-132	12893	22	6	129	641	129	83714318	
599	44	-16138	-28	-635	-130	12894	22	7	130	646	130	83714318	
606	53	-16066	-25	-650	-134	12895	22	8	131	651	131	83714318	
614	77	-16136	-21	-646	-135	12896	21	6	132	656	132	83714332	
612	86	-16119	-13	-646	-131	12897	20	4	133	661	133	83714351	
619	113	-16130	-10	-640	-131	12898	19	6	134	666	134	83714358	
621	75	-16192	-16	-634	-139	12899	18	8	135	671	135	83714358	
611	33	-16137	-28	-631	-148	12900	17	7	136	676	136	83714358	
653	120	-16152	-40	-620	-146	12901	17	7	137	681	137	83714358	
654	129	-16170	-45	-616	-151	12902	17	7	138	686	138	83714358	
623	59	-16177	-29	-622	-151	12903	17	7	139	691	139	83714358	
602	40	-16087	-18	-613	-149	12904	17	10	140	696	140	83714362	
658	64	-16049	-5	-613	-147	12905	17	11	141	701	141	83714383	
682	88	-16071	-1	-611	-144	12906	21	5	142	706	142	83714393	
683	145	-16161	-6	-610	-144	12907	23	1	143	711	143	83714393	
736	138	-16184	-11	-615	-152	12908	14	3	144	716	144	83714393	
726	76	-16190	-30	-613	-154	12909	11	3	145	721	145	83714393	
691	64	-16180	-21	-617	-156	12910	18	5	146	726	146	83714394	
681	98	-16205	-32	-623	-154	12911	20	6	147	731	147	83714394	
699	112	-16175	-37	-632	-156	12912	20	6	148	736	148	83714401	
598	140	-16192	-43	-646	-147	12913	20	6	149	741	149	83714425	
610	111	-16166	-39	-655	-150	12914	21	8	150	746	150	83714430	
617	116	-16131	-27	-655	-149	12915	21	9	151	751	151	83714430	
670	104	-16164	-27	-658	-137	12916	15	11	152	756	152	83714430	
618	38	-16184	-36	-644	-140	12917	15	11	153	761	153	83714431	
590	78	-16140	-32	-636	-135	12918	19	11	154	766	154	83714431	
592	174	-16060	-30	-628	-141	12919	19	11	155	771	155	83714431	
620	112	-16090	-38	-630	-130	12920	21	9	156	776	156	83714459	
590	140	-16116	-43	-626	-133	12921	21	9	157	781	157	83714468	
570	120	-16046	-56	-619	-131	12922	19	7	158	786	158	83714468	
660	122	-16117	-52	-611	-127	12923	18	6	159	791	159	83714468	
668	174	-16136	-62	-608	-121	12924	20	4	160	796	160	83714468	
660	124	-16152	-66	-605	-125	12925	21	3	161	801	161	83714468	
610	76	-16150	-66	-604	-116	12926	18	10	162	806	162	83714468	
656	118	-16222	-63	-613	-126	12927	18	10	163	811	163	83714480	
690	118	-16102	-60	-620	-126	12928	26	8	164	816	164	83714505	
660	96	-16194	-55	-617	-114	12929	26	8	165	821	165	83714506	
632	116	-16122	-45	-643	-117	12930	16	8	166	826	166	83714506	
592	142	-16096	-29	-645	-127	12931	16	8	167	831	167	83714506	
662	70	-16084	-24	-653	-117	12932	16	10	168	836	168	83714506	
676	108	-16156	-26	-658	-114	12933	16	10	169	841	169	83714506	
662	80	-16108	-30	-644	-120	12934	17	11	170	846	170	83714514	
612	117	-16130	-32	-638	-125	12935	17	11	171	851	171	83714547	
643	95	-16130	-34	-635	-123	12936	19	13	172	856	172	83714547	
681	86	-16149	-43	-625	-125	12937	18	12	173	861	173	83714547	
564	64	-16114	-40	-626	-122	12938	13	9	174	866	174	83714547	
624	106	-16152	-39	-636	-123	12939	13	9	175	871	175	83714547	
660	102	-16110	-40	-615	-132	12940	23	11	176	876	176	83714547	
662	140	-15982	-33	-618	-132	12941	23	11	177	881	177	83714547	
715	100	-16120	-36	-616	-143	12942	24	8	178	886	178	83714561	
664	78	-16164	-39	-620	-148	12943	23	8	179	891	179	83714584	
679	120	-16177	-28	-614	-153	12944	19	9	180	896	180	83714584	
680	55	-16131	-35	-616	-148	12945	19	8	181	901	181	83714584	
603	120	-16119	-37	-611	-150	12946	20	4	182	906	182	83714584	
623	164	-16095	-33	-614	-150	12947	20	5	183	911	183	83714584	
684	121	-16113	-25	-616	-142	12948	21	7	184	916	184	83714584	
665	111	-16077	-27	-616	-145	12949	21	6	185	921	185	83714593	
645	85	-16059	-29	-609	-143	12951	21	5	186	926	186	83714618	
705	119	-16158	-29	-615	-141	12952	22	7	187	931	187	83714623	
724	170	-16159	-33	-623	-142	12953	22	8	188	936	188	83714623	
686	155	-16069	-33	-620	-140	12954	20	6	189	941	189	83714623	
662	135	-16073	-33	-615	-140	12955	18	4	190	946	190	83714623	
667	134	-16127	-32	-622	-142	12955	19	6	191	951	191	83714623	
654	121	-16158	-24	-633	-142	12956	20	8	192	956	192	83714623	
636	108	-16223	-18	-628	-134	12958	21	8	193	961	193	83714633	
688	114	-16192	-10	-638	-134	12959	21	7	194	966	194	83714652	
670	119	-16126	-5	-643	-135	12960	21	9	195	971	195	83714659	
663	119	-16096	-5	-642	-130	12961	21	11	196	976	196	83714660	
635	128	-16116	-8	-649	-127	12962	17	13	197	981	197	83714660	
612	122	-16163	-12	-654	-131	12963	14	14	198	986	198	83714660	
606	88	-16142	-13	-650	-129	12964	16	12	199	991	199	83714660	
623	112	-16199	-13	-641	-130	12965	17	11	200	996	200	83714660	
644	108	-16160	-11	-636	-137	12966	18	12	201	1001	201	83714676	
600	139	-16058	-7	-637	-136	12967	18	12	202	1006	202	83714694	
589	126	-16076	-11	-618	-133	12968	16	10	203	1011	203	83714697	
633	140	-16170	-24	-622	-134	12969	16	10	204	1016	204	83714697	
620	154	-16174	-33	-638	-135	12970	18	8	205	1021	205	83714697	
582	159	-16149	-38	-635	-129	12971	18	8	206	1026	206	83714697	
603	133	-16107	-37	-635	-130	12972	20	10	207	1031	207	83714697	
646	109	-16092	-35	-629	-133	12973	21	11	208	1036	208	83714702	
645	126	-16120	-34	-619	-130	12974	20	9	209	1041	209	83714724	
644	117	-16161	-26	-630	-122	12975	20	8	210	1046	210	83714737	
661	89	-16189	-13	-637	-118	12976	18	10	211	1051	211	83714737	
658	94	-16212	-11	-623	-114	12977	18	10	212	1056	212	83714737	
611	107	-16165	-11	-621	-115	12978	15	12	213	1061	213	83714737	
624	86	-16123	5	-634	-118	12979	14	12	214	1066	214	83714737	
659	118	-16166	7	-635	-117	12980	16	8	215	1071	215	83714737	
661	77	-16127	6	-623	-117	12981	17	7	216	1076	216	83714760	
711	96	-16146	2	-617	-123	12982	23	9	217	1081	217	83714773	
628	83	-16194	-5	-599	-124	12983	25	9	218	1086	218	83714775	
680	82	-16116	-12	-611	-124	12984	19	11	219	1091	219	83714775	
648	84	-16096	-18	-614	-141	12985	19	11	220	1096	220	83714775	
590	106	-16058	-26	-625	-139	12986	16	8	221	1101	221	83714775	
684	98	-16148	-12	-645	-137	12987	16	8	222	1106	222	83714776	
720	76	-16174	7	-630	-148	12988	19	9	223	1111	223	83714776	
668	143	-16091	14	-632	-151	12989	19	9	224	1116	224	83714782	
650	106	-16117	21	-632	-153	12990	20	7	225	1121	225	83714806	
670	113	-16115	21	-638	-155	12991	20	6	226	1126	226	83714813	
678	126	-16114	23	-619	-149	12992	16	10	227	1131	227	83714813	
660	148	-16182	24	-628	-150	12993	16	10	228	1136	228	83714813	
700	118	-16114	23	-607	-162	12994	18	8	229	1141	229	83714813	
668	132	-16066	11	-593	-160	12995	18	8	230	1146	230	83714813	
670	126	-16104	3	-601	-155	12996	16	16	231	1151	231	83714813	
710	134	-16174	-10	-597	-158	12997	16	16	232	1156	232	83714854	
724	100	-16138	-25	-584	-157	12998	18	12	233	1161	233	83714854	
668	110	-16154	-33	-591	-150	12999	18	12	234	1166	234	83714854	
732	158	-16114	-28	-590	-151	13000	21	11	235	1171	235	83714854	
677	138	-16116	-33	-592	-153	13001	22	11	236	1176	236	83714854	
684	103	-16128	-26	-616	-153	13002	24	12	237	1181	237	83714855	
672	120	-16101	-18	-622	-145	13003	22	12	238	1186	238	83714856	
679	126	-16156	1	-630	-144	13004	16	14	239	1191	239	83714868	
682	172	-16138	14	-630	-149	13005	16	13	240	1196	240	83714891	
682	110	-16140	26	-619	-146	13006	13	5	241	1201	241	83714892	
704	120	-16222	27	-624	-134	13007	13	5	242	1206	242	83714892	
652	126	-16096	21	-640	-132	13008	15	11	243	1211	243	83714892	
622	130	-16059	19	-621	-122	13009	16	10	244	1216	244	83714892	
631	133	-16131	10	-613	-126	13010	20	6	245	1221	245	83714892	
603	146	-16141	-1	-616	-129	13011	20	7	246	1226	246	83714893	
641	154	-16104	-1	-620	-129	13012	21	11	247	1231	247	83714905	
634	144	-16136	-12	-610	-134	13013	20	10	248	1236	248	83714929	
587	131	-16163	-23	-604	-131	13014	18	8	249	1241	249	83714929	
568	148	-16200	-26	-612	-127	13015	18	6	250	1246	250	83714929	
560	160	-16243	-23	-623	-128	13016	20	0	251	1251	251	83714929	
554	116	-16136	-20	-626	-124	13017	21	3	252	1256	252	83714929	
598	114	-16107	-14	-608	-118	13018	22	10	253	1261	253	83714929	
575	108	-16148	-10	-605	-121	13019	20	9	254	1266	254	83714955	
567	109	-16124	-5	-611	-125	13020	17	7	255	1271	255	83714997	
593	86	-16067	-1	-605	-120	13021	18	8	256	1276	256	83715008	
632	101	-16107	0	-604	-114	13022	19	9	257	1281	257	83715017	
633	105	-16150	3	-607	-109	13023	19	8	258	1286	258	83715017	
639	78	-16191	7	-611	-112	13024	20	6	259	1291	259	83715017	
662	80	-16160	1	-615	-113	13025	20	7	260	1296	260	83715017	
699	55	-16218	2	-621	-109	13026	19	9	261	1301	261	83715017	
668	50	-16201	1	-618	-107	13027	18	12	262	1306	262	83715027	
666	82	-16163	-2	-617	-107	13028	17	17	263	1311	263	83715042	
702	66	-16149	-2	-619	-108	13029	17	13	264	1316	264	83715042	
746	13	-16179	-3	-620	-112	13030	18	6	265	1321	265	83715042	
739	24	-16127	-7	-621	-116	13031	18	7	266	1326	266	83715042	
716	35	-16090	-7	-623	-120	13032	17	9	267	1331	267	83715042	
709	48	-16064	-9	-629	-122	13034	19	11	268	1336	268	83715043	
691	65	-16121	-5	-631	-129	13035	20	12	269	1341	269	83715043	
724	52	-16184	-2	-636	-133	13036	20	8	270	1346	270	83715043	
749	83	-16162	4	-636	-135	13037	20	6	271	1351	271	83715043	
739	75	-16151	10	-637	-138	13038	20	9	272	1356	272	83715043	
715	68	-16151	8	-636	-144	13038	19	11	273	1361	273	83715043	
704	84	-16126	4	-631	-153	13039	19	7	274	1366	274	83715043	
724	52	-16099	1	-634	-158	13040	20	2	275	1371	275	83715046	
706	89	-16097	-2	-638	-161	13041	19	4	276	1376	276	83715050	
689	106	-16093	4	-631	-160	13043	17	7	277	1381	277	83715066	
685	85	-16104	2	-626	-156	13044	19	7	278	1386	278	83715082	
681	98	-16040	1	-620	-156	13045	21	7	279	1391	279	83715082	
689	100	-16065	-2	-618	-160	13046	20	8	280	1396	280	83715082	
724	136	-16176	-10	-615	-163	13047	19	9	281	1401	281	83715082	
667	127	-16160	-14	-614	-158	13048	18	8	282	1406	282	83715082	
630	142	-16142	-10	-616	-154	13049	17	7	283	1411	283	83715082	
630	146	-16139	-13	-621	-156	13050	18	6	284	1416	284	83715083	
681	171	-16042	-25	-628	-161	13051	18	6	285	1421	285	83715112	
713	163	-16105	-28	-632	-152	13052	15	11	286	1426	286	83715121	
670	132	-16109	-22	-632	-144	13053	14	12	287	1431	287	83715121	
624	139	-16101	-23	-633	-140	13054	20	7	288	1436	288	83715122	
581	151	-16167	-17	-632	-140	13055	22	6	289	1441	289	83715122	
626	172	-16092	-18	-630	-138	13056	21	8	290	1446	290	83715122	
646	147	-16085	-18	-633	-131	13057	21	9	291	1451	291	83715122	
620	116	-16106	-13	-638	-126	13058	22	10	292	1456	292	83715140	
635	111	-16150	-10	-632	-123	13059	22	10	293	1461	293	83715157	
638	123	-16187	-4	-608	-125	13060	22	9	294	1466	294	83715161	
652	128	-16173	-4	-608	-126	13061	22	8	295	1471	295	83715162	
698	141	-16162	-11	-623	-127	13062	16	9	296	1476	296	83715162	
702	102	-16142	-29	-621	-122	13063	15	9	297	1481	297	83715162	
607	97	-16128	-29	-624	-121	13064	17	11	298	1486	298	83715162	
648	108	-16203	-32	-630	-127	13065	17	11	299	1491	299	83715162	
653	126	-16168	-24	-631	-129	13066	18	7	300	1496	300	83715162	
628	120	-16092	-21	-633	-134	13067	18	6	301	1501	301	83715183	
600	102	-16170	-5	-639	-136	13068	22	6	302	1506	302	83715201	
628	112	-16102	-4	-621	-139	13069	22	6	303	1511	303	83715202	
590	86	-16192	6	-623	-145	13070	17	11	304	1516	304	83715202	
584	122	-16234	4	-618	-141	13071	17	11	305	1521	305	83715202	
606	112	-16066	1	-625	-144	13072	15	8	306	1526	306	83715202	
599	107	-16064	-8	-627	-153	13073	15	7	307	1531	307	83715202	
607	108	-16141	-4	-636	-148	13074	18	9	308	1536	308	83715202	
604	74	-16102	-5	-622	-145	13075	19	9	309	1541	309	83715216	
599	87	-16082	0	-632	-148	13076	18	10	310	1546	310	83715237	
604	90	-16094	7	-614	-143	13077	18	10	311	1551	311	83715241	
648	152	-16068	14	-604	-148	13078	21	7	312	1556	312	83715241	
630	68	-16172	6	-601	-150	13079	21	7	313	1561	313	83715241	
672	126	-16080	10	-594	-146	13080	23	9	314	1566	314	83715242	
590	150	-16098	-8	-582	-145	13081	23	9	315	1571	315	83715242	
688	104	-16130	-10	-583	-143	13082	20	2	316	1576	316	83715252	
664	54	-16136	-12	-579	-140	13083	20	2	317	1581	317	83715279	
646	84	-16232	-8	-579	-133	13084	23	7	318	1586	318	83715279	
679	89	-16212	-15	-576	-131	13085	22	9	319	1591	319	83715279	
648	116	-16274	-19	-586	-127	13086	17	15	320	1596	320	83715279	
674	48	-16202	-19	-590	-123	13087	17	14	321	1601	321	83715279	
684	59	-16204	-19	-594	-116	13088	17	9	322	1606	322	83715279	
696	34	-16202	-17	-611	-110	13089	17	9	323	1611	323	83715279	
660	28	-16190	-14	-629	-105	13090	17	7	324	1616	324	83715279	
722	58	-16216	-10	-633	-102	13091	17	7	325	1621	325	83715321	
672	64	-16154	6	-631	-110	13092	16	14	326	1626	326	83715321	
689	38	-16113	11	-631	-107	13093	16	13	327	1631	327	83715321	
722	37	-16057	9	-639	-113	13094	16	10	328	1636	328	83715321	
708	60	-16094	3	-642	-115	13095	17	10	329	1641	329	83715321	
714	66	-16067	1	-632	-115	13096	20	10	330	1646	330	83715321	
737	55	-16059	-4	-626	-114	13097	19	9	331	1651	331	83715323	
726	26	-16061	-5	-627	-119	13098	16	6	332	1656	332	83715333	
700	108	-16140	-5	-620	-123	13099	16	6	333	1661	333	83715356	
710	83	-16127	-17	-613	-120	13100	17	5	334	1666	334	83715356	
752	75	-16144	-31	-615	-135	13101	18	6	335	1671	335	83715356	
721	88	-16135	-45	-619	-142	13102	21	7	336	1676	336	83715356	
703	95	-16109	-58	-620	-150	13103	21	7	337	1681	337	83715356	
715	77	-16147	-69	-626	-165	13104	22	6	338	1686	338	83715357	
709	115	-16102	-62	-638	-173	13105	21	6	339	1691	339	83715367	
684	102	-16086	-51	-640	-170	13106	18	8	340	1696	340	83715408	
685	67	-16070	-35	-647	-168	13107	18	9	341	1701	341	83715408	
667	82	-16115	-26	-636	-165	13108	17	11	342	1706	342	83715408	
696	98	-16088	-20	-640	-164	13109	17	11	343	1711	343	83715408	
646	93	-16126	-8	-646	-164	13110	17	9	344	1716	344	83715408	
626	93	-16111	-3	-636	-164	13111	17	8	345	1721	345	83715408	
643	136	-16065	-6	-637	-165	13112	17	7	346	1726	346	83715408	
617	123	-16044	-7	-639	-165	13113	17	7	347	1731	347	83715410	
598	139	-16047	-10	-634	-165	13114	18	8	348	1736	348	83715424	
585	167	-16084	-11	-622	-162	13115	19	6	349	1741	349	83715438	
611	128	-16080	-18	-618	-164	13116	21	3	350	1746	350	83715438	
630	116	-16122	-27	-618	-162	13117	20	5	351	1751	351	83715438	
596	144	-16151	-37	-614	-165	13119	18	8	352	1756	352	83715438	
558	128	-16143	-41	-613	-163	13120	19	8	353	1761	353	83715438	
576	112	-16113	-41	-613	-161	13121	20	8	354	1766	354	83715438	
623	127	-16145	-40	-619	-161	13122	22	6	355	1771	355	83715438	
630	146	-16173	-41	-626	-158	13122	23	3	356	1776	356	83715444	
614	146	-16139	-39	-624	-149	13123	21	6	357	1781	357	83715463	
616	150	-16125	-20	-618	-140	13124	18	10	358	1786	358	83715479	
614	141	-16134	-4	-616	-138	13125	21	10	359	1791	359	83715479	
637	148	-16149	1	-607	-133	13127	26	10	360	1796	360	83715479	
655	148	-16151	3	-594	-131	13128	22	12	361	1801	361	83715479	
635	135	-16129	5	-585	-128	13129	19	13	362	1806	362	83715479	
625	106	-16186	-4	-584	-124	13130	16	12	363	1811	363	83715479	
603	97	-16161	-7	-587	-126	13131	14	12	364	1816	364	83715485	
602	134	-16196	-14	-584	-129	13132	17	13	365	1821	365	83715501	
649	153	-16160	-22	-583	-130	13133	19	13	366	1826	366	83715509	
656	147	-16123	-26	-583	-123	13134	20	12	367	1831	367	83715509	
648	164	-16211	-25	-591	-124	13135	21	11	368	1836	368	83715509	
648	139	-16179	-24	-606	-121	13136	19	7	369	1841	369	83715509	
681	144	-16173	-18	-607	-108	13137	18	6	370	1846	370	83715509	
674	144	-16190	-13	-613	-112	13138	21	9	371	1851	371	83715509	
635	119	-16178	-3	-616	-118	13139	22	10	372	1856	372	83715515	
684	106	-16137	11	-617	-107	13140	20	8	373	1861	373	83715537	
674	146	-16095	19	-602	-104	13141	19	7	374	1866	374	83715549	
696	148	-16061	28	-595	-102	13142	18	11	375	1871	375	83715549	
724	104	-16047	22	-592	-104	13143	18	14	376	1876	376	83715549	
772	119	-16096	6	-578	-106	13144	15	8	377	1881	377	83715549	
744	101	-16130	-6	-581	-119	13145	14	6	378	1886	378	83715549	
758	121	-16078	-6	-583	-125	13146	13	8	379	1891	379	83715549	
698	38	-16058	-21	-581	-136	13147	13	9	380	1896	380	83715572	
727	26	-16162	-42	-584	-137	13148	14	10	381	1901	381	83715584	
701	38	-16162	-43	-582	-143	13149	14	10	382	1906	382	83715587	
710	69	-16087	-52	-591	-145	13150	16	10	383	1911	383	83715587	
645	79	-16100	-45	-612	-148	13151	16	10	384	1916	384	83715602	
695	85	-16146	-35	-631	-151	13152	18	8	385	1921	385	83715614	
606	22	-16124	-21	-652	-141	13153	18	8	386	1926	386	83715616	
654	90	-16038	10	-641	-139	13154	16	12	387	1931	387	83715617	
649	72	-16016	15	-649	-142	13155	16	12	388	1936	388	83715617	
659	58	-16041	28	-648	-134	13156	16	10	389	1941	389	83715617	
699	54	-16043	31	-638	-137	13157	16	10	390	1946	390	83715617	
636	73	-16061	34	-623	-135	13158	16	12	391	1951	391	83715617	
644	102	-16016	28	-606	-128	13159	16	12	392	1956	392	83715623	
682	108	-16074	15	-594	-133	13160	17	5	393	1961	393	83715650	
610	122	-16116	-13	-594	-138	13161	17	3	394	1966	394	83715656	
658	50	-16104	-38	-588	-141	13162	21	11	395	1971	395	83715656	
642	42	-16192	-61	-582	-130	13163	21	11	396	1976	396	83715656	
572	98	-16184	-71	-595	-136	13164	18	12	397	1981	397	83715657	
642	84	-16218	-77	-594	-140	13165	18	12	398	1986	398	83715657	
648	96	-16192	-72	-607	-141	13166	19	13	399	1991	399	83715657	
618	70	-16342	-66	-618	-148	13167	19	13	400	1996	400	83715674	
656	100	-16220	-44	-634	-140	13168	17	3	401	2001	401	83715696	
649	46	-16151	1	-648	-138	13169	17	5	402	2006	402	83715696	
651	80	-16116	23	-650	-135	13170	17	11	403	2011	403	83715696	
636	88	-16124	41	-670	-130	13171	17	11	404	2016	404	83715696	
646	94	-16140	43	-655	-140	13172	21	9	405	2021	405	83715696	
626	136	-16086	49	-655	-131	13173	21	9	406	2026	406	83715697	
610	170	-16148	47	-647	-131	13174	20	8	407	2031	407	83715704	
640	152	-16092	32	-630	-134	13175	20	8	408	2036	408	83715736	
662	98	-16204	17	-626	-135	13176	21	5	409	2041	409	83715736	
648	132	-16082	3	-612	-135	13177	21	5	410	2046	410	83715736	
619	140	-16091	-17	-595	-141	13178	19	9	411	2051	411	83715736	
679	161	-16109	-34	-590	-142	13179	18	8	412	2056	412	83715736	
656	120	-16139	-49	-588	-144	13180	14	2	413	2061	413	83715737	
680	143	-16151	-51	-594	-146	13181	15	4	414	2066	414	83715738	
676	200	-16180	-48	-588	-148	13182	21	11	415	2071	415	83715748	
614	150	-16176	-38	-604	-145	13183	22	10	416	2076	416	83715774	
598	126	-16136	-18	-612	-147	13184	24	6	417	2081	417	83715774	
623	91	-16142	-4	-617	-143	13185	23	8	418	2086	418	83715774	
633	82	-16192	7	-620	-135	13186	18	12	419	2091	419	83715774	
647	92	-16181	10	-627	-132	13187	17	12	420	2096	420	83715774	
666	106	-16053	21	-630	-123	13188	16	12	421	2101	421	83715774	
670	161	-16118	34	-629	-123	13189	16	12	422	2106	422	83715776	
680	212	-16132	32	-632	-130	13190	14	14	423	2111	423	83715789	
632	202	-16077	33	-632	-130	13191	15	12	424	2116	424	83715812	
686	174	-16066	32	-625	-126	13192	18	4	425	2121	425	83715812	
675	193	-16121	23	-619	-125	13193	18	4	426	2126	426	83715812	
647	165	-16067	11	-599	-124	13194	16	2	427	2131	427	83715813	
660	156	-16147	1	-586	-124	13195	16	8	428	2136	428	83715813	
657	141	-16150	-14	-582	-125	13196	16	16	429	2141	429	83715814	
674	140	-16139	-19	-583	-128	13197	18	13	430	2146	430	83715815	
637	136	-16144	-19	-581	-133	13198	22	8	431	2151	431	83715825	
594	96	-16122	-23	-585	-135	13199	23	8	432	2156	432	83715843	
631	103	-16138	-18	-589	-132	13200	25	9	433	2161	433	83715849	
645	117	-16164	-12	-588	-132	13201	24	9	434	2166	434	83715849	
683	69	-16156	-9	-606	-135	13203	22	10	435	2171	435	83715849	
702	46	-16130	0	-622	-131	13204	21	9	436	2176	436	83715849	
675	61	-16166	13	-631	-126	13205	21	9	437	2181	437	83715849	
656	80	-16148	26	-636	-126	13205	20	9	438	2186	438	83715853	
675	54	-16111	37	-641	-129	13206	19	9	439	2191	439	83715869	
714	31	-16078	47	-647	-128	13207	19	8	440	2196	440	83715885	
704	71	-16082	53	-639	-127	13208	19	7	441	2201	441	83715885	
654	81	-16070	54	-627	-126	13209	19	7	442	2206	442	83715885	
658	68	-16060	40	-614	-133	13211	18	6	443	2211	443	83715885	
649	86	-16096	21	-602	-135	13212	19	6	444	2216	444	83715885	
684	90	-16107	3	-592	-139	13213	20	6	445	2221	445	83715885	
672	85	-16090	-21	-580	-146	13214	21	7	446	2226	446	83715902	
668	52	-16134	-37	-571	-146	13215	21	7	447	2231	447	83715918	
702	53	-16100	-42	-569	-146	13216	21	9	448	2236	448	83715922	
710	48	-16125	-40	-570	-149	13217	21	11	449	2241	449	83715923	
683	35	-16181	-34	-579	-152	13218	21	11	450	2246	450	83715923	
696	14	-16190	-21	-592	-149	13219	21	11	451	2251	451	83715923	
695	5	-16224	-8	-618	-147	13220	19	7	452	2256	452	83715923	
710	65	-16197	13	-630	-145	13221	18	6	453	2261	453	83715931	
685	80	-16139	19	-640	-144	13222	23	8	454	2266	454	83715951	
704	21	-16178	27	-644	-142	13223	25	9	455	2271	455	83715960	
713	6	-16155	30	-651	-137	13224	18	8	456	2276	456	83715960	
680	-10	-16102	30	-658	-138	13225	14	8	457	2281	457	83715960	
678	26	-16078	34	-666	-136	13226	17	6	458	2286	458	83715960	
692	93	-16031	33	-662	-131	13227	19	5	459	2291	459	83715960	
705	85	-16068	23	-654	-132	13228	24	7	460	2296	460	83715960	
670	94	-16130	11	-650	-147	13229	25	7	461	2301	461	83715984	
686	125	-16132	7	-631	-148	13230	19	9	462	2306	462	83716010	
686	130	-16140	-11	-625	-151	13231	18	10	463	2311	463	83716025	
652	103	-16081	-33	-610	-159	13232	22	6	464	2316	464	83716029	
633	61	-16189	-56	-616	-153	13233	23	5	465	2321	465	83716029	
675	68	-16188	-73	-618	-148	13234	20	7	466	2326	466	83716029	
662	94	-16100	-86	-619	-145	13235	19	7	467	2331	467	83716029	
669	63	-16155	-82	-628	-137	13236	15	9	468	2336	468	83716030	
664	46	-16158	-59	-630	-142	13237	14	10	469	2341	469	83716035	
684	82	-16144	-38	-649	-133	13238	21	7	470	2346	470	83716035	
601	52	-16149	-27	-631	-130	13239	21	7	471	2351	471	83716035	
595	38	-16214	-9	-642	-120	13240	16	9	472	2356	472	83716036	
622	50	-16163	-1	-646	-119	13241	15	9	473	2361	473	83716036	
583	81	-16180	-2	-656	-120	13242	17	12	474	2366	474	83716036	
577	86	-16159	-5	-656	-114	13243	17	13	475	2371	475	83716036	
612	120	-16083	-15	-661	-115	13244	12	7	476	2376	476	83716043	
582	122	-16138	-21	-647	-117	13245	11	5	477	2381	477	83716072	
690	98	-16176	-23	-628	-126	13246	19	11	478	2386	478	83716072	
590	104	-16156	-32	-621	-133	13247	19	11	479	2391	479	83716073	
596	178	-16062	-47	-614	-134	13248	18	10	480	2396	480	83716073	
640	106	-16146	-41	-604	-133	13249	18	10	481	2401	481	83716073	
652	160	-16162	-45	-619	-137	13250	21	11	482	2406	482	83716073	
642	38	-16158	-46	-611	-148	13251	21	11	483	2411	483	83716073	
664	110	-16098	-36	-612	-140	13252	24	6	484	2416	484	83716110	
636	154	-16192	-29	-628	-134	13253	24	6	485	2421	485	83716110	
621	175	-16153	-8	-625	-143	13254	20	10	486	2426	486	83716110	
646	128	-16136	4	-625	-143	13255	20	10	487	2431	487	83716110	
626	54	-16034	11	-625	-133	13256	24	2	488	2436	488	83716110	
662	116	-16128	17	-620	-140	13257	24	2	489	2441	489	83716110	
700	134	-16116	17	-618	-139	13258	20	16	490	2446	490	83716110	
654	134	-16070	4	-613	-136	13259	20	16	491	2451	491	83716121	
650	116	-16076	4	-616	-143	13260	23	17	492	2456	492	83716147	
772	136	-16020	-4	-613	-137	13261	23	17	493	2461	493	83716147	
725	138	-16109	-15	-613	-141	13262	13	9	494	2466	494	83716148	
720	127	-16179	-29	-613	-141	13263	14	9	495	2471	495	83716148	
736	126	-16122	-37	-608	-144	13264	17	7	496	2476	496	83716148	
682	66	-16127	-40	-614	-144	13265	18	7	497	2481	497	83716148	
681	128	-16112	-47	-615	-145	13266	23	7	498	2486	498	83716154	
662	54	-16119	-43	-615	-143	13267	22	8	499	2491	499	83716178	
739	38	-16119	-37	-628	-148	13268	18	12	500	2496	500	83716185	
755	118	-16207	-34	-627	-142	13269	19	11	501	2501	501	83716185	
711	58	-16120	-27	-634	-141	13270	24	6	502	2506	502	83716185	
687	79	-16097	-32	-638	-137	13271	23	7	503	2511	503	83716185	
653	82	-16110	-24	-644	-132	13272	21	9	504	2516	504	83716185	
667	74	-16097	-5	-642	-127	13273	21	9	505	2521	505	83716188	
674	85	-16104	-8	-642	-130	13274	21	7	506	2526	506	83716206	
