-16941	498	-1928	4655	6280	681	-168	173	-201	1	1	1	15935301	
-16559	853	-1594	5623	6387	851	-166	172	-208	2	6	2	15935301	
-15703	612	-37	6535	6241	1181	-165	171	-208	3	11	3	15935306	
-14893	559	1655	6944	5658	1573	-162	168	-206	4	16	4	15935332	
-13966	294	3388	7040	4771	1992	-160	166	-207	5	21	5	15935357	
-13294	19	4769	7019	3905	2304	-157	163	-209	6	26	6	15935357	
-12708	-171	6309	6710	3089	2501	-157	163	-210	7	31	7	15935357	
-12378	-802	8471	5987	2152	2592	-159	163	-215	8	36	8	15935357	
-12335	-1846	10261	4938	1140	2570	-157	162	-214	9	41	9	15935357	
-12449	-2337	12910	3581	14	2454	-151	159	-209	10	46	10	15935357	
-13662	-1729	15549	1749	-1543	2406	-150	160	-209	11	51	11	15935364	
-15025	-256	16902	236	-3244	2457	-148	164	-208	12	56	12	15935392	
-15189	566	17689	-652	-4819	2693	-149	163	-209	13	61	13	15935413	
-15468	-112	17066	-1184	-6386	2917	-152	158	-210	14	66	14	15935413	
-16327	-492	15238	-1404	-7514	2890	-152	160	-212	15	71	15	15935413	
-17423	-311	12935	-1730	-8458	2778	-152	164	-214	16	76	16	15935413	
-18438	213	10892	-2225	-9233	2691	-152	165	-214	17	81	17	15935414	
-19027	60	9391	-2396	-9764	2733	-151	167	-213	18	86	18	15935414	
-19066	-787	8207	-2063	-10120	2835	-151	168	-213	19	91	19	15935414	
-18727	-1508	7200	-1298	-10523	2926	-151	171	-211	20	96	20	15935420	
-18076	-1536	6427	-686	-11121	3004	-149	173	-210	21	101	21	15935445	
-17340	-1889	5853	-1051	-11966	3214	-144	178	-208	22	106	22	15935452	
-16972	-2575	5102	-1990	-12702	3378	-144	181	-205	23	111	23	15935452	
-17037	-2949	4394	-3080	-13368	3457	-143	185	-201	24	116	24	15935452	
-17105	-3118	3662	-3905	-13923	3454	-143	187	-203	25	121	25	15935452	
-17257	-3073	2972	-4559	-14373	3448	-143	189	-207	26	126	26	15935452	
-17587	-2929	2449	-5513	-14731	3477	-145	193	-204	27	131	27	15935452	
-17580	-2542	2078	-6702	-14877	3433	-148	198	-200	28	136	28	15935452	
-17004	-1789	2616	-8040	-15059	3380	-143	206	-194	29	141	29	15935453	
-16709	-1499	3667	-8973	-15465	3381	-138	214	-188	30	146	30	15935453	
-16920	-1666	3908	-8957	-15906	3312	-138	212	-187	31	151	31	15935453	
-17140	-1686	4019	-8055	-16261	3073	-137	209	-185	32	156	32	15935453	
-17142	-893	4660	-7355	-16563	2804	-139	213	-184	33	161	33	15935456	
-17586	208	4853	-7107	-17026	2696	-142	220	-182	34	166	34	15935461	
-18209	612	4287	-7018	-17313	2676	-142	222	-180	35	171	35	15935461	
-18368	656	3609	-6884	-17326	2554	-143	225	-177	36	176	36	15935464	
-18449	909	2872	-6522	-17418	2356	-140	230	-173	37	181	37	15935475	
-18451	1345	2254	-5852	-17610	2224	-136	238	-168	38	186	38	15935489	
-18415	1812	2068	-5148	-17856	2240	-133	240	-169	39	191	39	15935492	
-18505	1970	1913	-4608	-18049	2310	-131	241	-169	40	196	40	15935492	
-18663	1940	1827	-4250	-18237	2378	-132	250	-161	41	201	41	15935492	
-18767	1680	1902	-4056	-18358	2417	-132	256	-156	42	206	42	15935492	
-18796	1213	1884	-3797	-18400	2424	-130	257	-155	43	211	43	15935492	
-18769	596	1534	-3368	-18439	2428	-128	258	-154	44	216	44	15935504	
-18757	-224	1166	-2996	-18497	2441	-124	263	-150	45	221	45	15935521	
-18754	-1185	949	-2798	-18498	2352	-117	271	-145	46	226	46	15935521	
-18839	-1691	589	-2940	-18395	2114	-122	272	-143	47	231	47	15935522	
-18881	-1840	20	-3273	-18147	1818	-126	272	-142	48	236	48	15935522	
-18690	-1743	-105	-3479	-17925	1580	-118	279	-135	49	241	49	15935522	
-18554	-1435	194	-3376	-17948	1462	-112	284	-130	50	246	50	15935522	
-18680	-1070	439	-3459	-17978	1384	-114	289	-127	51	251	51	15935527	
-18798	-868	422	-4074	-17765	1293	-115	293	-125	52	256	52	15935548	
-18938	-796	97	-4816	-17441	1251	-110	297	-117	53	261	53	15935560	
-19007	-851	-648	-5279	-17175	1231	-106	300	-112	54	266	54	15935560	
-18946	-898	-1388	-5600	-16870	1127	-105	306	-107	55	271	55	15935560	
-18738	-514	-2144	-5950	-16383	924	-104	310	-104	56	276	56	15935570	
-18527	122	-2952	-6191	-15775	705	-102	314	-102	57	281	57	15935582	
-18226	1041	-3588	-6208	-15120	502	-100	316	-100	58	286	58	15935586	
-17857	2344	-3783	-6165	-14485	388	-99	317	-96	59	291	59	15935586	
-17807	3595	-3811	-6038	-13849	400	-98	318	-94	60	296	60	15935586	
-17759	4310	-3800	-5550	-13126	464	-97	320	-89	61	301	61	15935587	
-17590	4311	-3942	-4610	-12453	534	-96	322	-86	62	306	62	15935587	
-17538	3506	-4231	-3193	-11722	560	-92	328	-79	63	311	63	15935595	
-17473	2386	-4639	-1867	-11005	523	-90	330	-76	64	316	64	15935621	
-17187	1430	-4860	-1022	-10287	470	-92	340	-74	65	321	65	15935627	
-17192	809	-5185	-625	-9635	384	-93	343	-73	66	326	66	15935628	
-17143	308	-5636	-443	-8860	200	-86	341	-70	67	331	67	15935628	
-16988	85	-6204	-489	-7996	-37	-82	340	-68	68	336	68	15935628	
-16819	-11	-6540	-632	-7114	-260	-83	342	-64	69	341	69	15935628	
-16673	91	-6757	-768	-6198	-473	-84	344	-62	70	346	70	15935634	
-16484	327	-7091	-921	-5086	-688	-83	348	-55	71	351	71	15935660	
-16372	711	-7283	-1058	-4042	-869	-83	349	-53	72	356	72	15935668	
-16276	855	-7526	-1076	-3052	-1008	-77	355	-54	73	361	73	15935668	
-16190	691	-7753	-916	-2065	-1148	-76	356	-54	74	366	74	15935668	
-16225	56	-8065	-743	-1063	-1363	-70	357	-55	75	371	75	15935668	
-16267	-489	-8334	-637	-21	-1713	-69	357	-55	76	376	76	15935668	
-16381	-733	-8584	-583	920	-2102	-72	360	-52	77	381	77	15935668	
-16674	-742	-8809	-517	1943	-2534	-74	362	-50	78	386	78	15935674	
-17001	-592	-8882	-420	3028	-2942	-72	361	-48	79	391	79	15935694	
-17231	-528	-8696	-462	4215	-3278	-71	361	-47	80	396	80	15935705	
-17547	-660	-8370	-928	5204	-3431	-69	363	-49	81	401	81	15935705	
-17835	-985	-8147	-1609	6112	-3541	-68	364	-50	82	406	82	15935705	
-18007	-1224	-8169	-2389	7063	-3696	-67	368	-49	83	411	83	15935706	
-18010	-1994	-2552	-3538	7970	-3854	-67	369	-49	84	416	84	15935706	
-20041	-6694	-2187	-4454	8840	-4608	-65	369	-47	85	421	85	15935706	
-20817	-3650	-13062	-3447	10094	-5747	-65	369	-47	86	426	86	15935706	
-22993	1413	-18841	-4549	11505	-5637	-57	369	-55	87	431	87	15935739	
-22118	1026	-12768	-6047	13663	-4948	-55	369	-57	88	436	88	15935790	
-19316	-1322	-8540	-4249	14319	-4965	-61	368	-63	89	441	89	15935790	
-18846	-1112	-7529	-1471	14304	-4970	-62	368	-64	90	446	90	15935790	
-18962	877	-5243	584	14046	-4948	-58	370	-66	91	451	91	15935790	
-19508	1695	-632	1717	13294	-5228	-57	371	-67	92	456	92	15935790	
-20084	2205	3884	2775	11922	-5534	-54	369	-72	93	461	93	15935790	
-21054	1764	6310	3407	10351	-5294	-53	369	-73	94	466	94	15935790	
-22297	2425	5655	3348	9130	-4746	-55	367	-78	95	471	95	15935822	
-22582	2450	1838	3131	8010	-3850	-55	367	-79	96	476	96	15935832	
-23706	2172	-1978	2381	7222	-3011	-53	367	-87	97	481	97	15935832	
-22378	176	-3096	1947	7110	-2513	-53	367	-87	98	486	98	15935832	
-19980	-1196	-2990	1793	7009	-2235	-49	361	-83	99	491	99	15935832	
-17926	-1710	-2200	1829	6622	-2086	-49	361	-83	100	496	100	15935832	
-17003	-2792	-1758	1906	6130	-2056	-48	360	-87	101	501	101	15935832	
-15994	-3811	-1340	1775	5558	-2096	-48	360	-88	102	506	102	15935832	
-14943	-4538	-903	1228	4980	-2131	-45	362	-91	103	511	103	15935832	
-14103	-4864	-582	349	4524	-2180	-44	362	-92	104	516	104	15935832	
-13534	-5066	-436	-872	4207	-2297	-51	359	-91	105	521	105	15935833	
-13496	-5372	-364	-1902	4072	-2393	-51	359	-91	106	526	106	15935833	
-13790	-5468	-358	-2890	3948	-2422	-42	364	-94	107	531	107	15935833	
-14312	-5450	-430	-3727	3843	-2405	-42	364	-94	108	536	108	15935837	
-14796	-5074	-394	-4416	3742	-2405	-46	360	-100	109	541	109	15935837	
-15366	-4506	-602	-4889	3535	-2406	-46	360	-100	110	546	110	15935837	
-15862	-3950	-432	-5261	3276	-2381	-39	359	-97	111	551	111	15935847	
-16364	-3328	-244	-5489	3015	-2272	-39	359	-97	112	556	112	15935870	
-16610	-2292	-152	-5341	2723	-2141	-47	363	-97	113	561	113	15935870	
-16853	-1423	48	-4972	2437	-2039	-47	362	-97	114	566	114	15935870	
-17037	-708	563	-4297	2114	-1925	-48	360	-98	115	571	115	15935870	
-17036	-122	885	-3381	1810	-1809	-48	360	-99	116	576	116	15935870	
-16775	-31	1148	-2512	1541	-1641	-47	359	-103	117	581	117	15935870	
-16522	33	1403	-1704	1278	-1468	-45	358	-106	118	586	118	15935872	
-16301	-57	1526	-1160	1059	-1281	-40	358	-104	119	591	119	15935884	
-16099	-346	1224	-699	914	-1134	-40	357	-103	120	596	120	15935907	
-16011	-721	747	-315	821	-1007	-41	355	-101	121	601	121	15935908	
-15961	-1154	32	36	717	-922	-45	355	-103	122	606	122	15935908	
-16195	-1509	-466	257	627	-895	-52	356	-106	123	611	123	15935908	
-16532	-1774	-697	476	666	-930	-50	356	-104	124	616	124	15935908	
-16631	-1929	-648	713	791	-992	-45	357	-99	125	621	125	15935908	
-16469	-1881	-243	758	819	-1056	-44	357	-101	126	626	126	15935909	
-16439	-1688	89	460	682	-1079	-39	359	-109	127	631	127	15935921	
-16544	-1621	276	-46	526	-1065	-40	359	-108	128	636	128	15935945	
-16604	-1551	204	-561	407	-1069	-46	360	-102	129	641	129	15935945	
-16616	-1491	91	-977	298	-1088	-44	359	-102	130	646	130	15935945	
-16602	-1494	-22	-1249	223	-1124	-40	358	-102	131	651	131	15935945	
-16652	-1454	-222	-1488	142	-1155	-42	357	-102	132	656	132	15935945	
-16774	-1456	-374	-1633	83	-1156	-45	355	-101	133	661	133	15935946	
-16941	-1535	-513	-1597	92	-1156	-43	357	-104	134	666	134	15935950	
-16910	-1596	-339	-1379	140	-1180	-41	359	-109	135	671	135	15935966	
