-15814	4759	1374	2423	-1904	1553	-371	334	-59	1	1	1	15936764	
-15608	4604	1180	2875	-2056	1547	-371	335	-59	2	6	2	15936764	
-15648	4440	956	3287	-2120	1494	-370	336	-58	3	11	3	15936764	
-15616	4328	720	3733	-2113	1441	-370	336	-58	4	16	4	15936802	
-15676	4068	500	4178	-2036	1349	-370	336	-54	5	21	5	15936802	
-15800	3814	158	4597	-1893	1238	-370	336	-54	6	26	6	15936802	
-15804	3492	126	4973	-1710	1133	-371	335	-63	7	31	7	15936803	
-15850	3150	-186	5258	-1563	981	-371	335	-63	8	36	8	15936803	
-16064	2846	-332	5434	-1416	854	-372	332	-64	9	41	9	15936803	
-16108	2547	-686	5504	-1245	695	-372	332	-62	10	46	10	15936804	
-16251	2226	-1020	5458	-1079	560	-372	330	-56	11	51	11	15936806	
-16426	1933	-1303	5330	-891	439	-372	331	-56	12	56	12	15936817	
-16486	1722	-1588	5119	-684	335	-374	336	-56	13	61	13	15936839	
-16533	1546	-1696	4830	-515	252	-373	335	-56	14	66	14	15936839	
-16498	1410	-1933	4474	-365	199	-369	331	-55	15	71	15	15936839	
-16470	1274	-2170	4032	-237	138	-370	332	-55	16	76	16	15936839	
-16425	1213	-2333	3553	-123	69	-375	337	-57	17	81	17	15936839	
-16303	1228	-2503	3051	-11	3	-376	336	-57	18	86	18	15936842	
-16149	1224	-2728	2536	136	-79	-378	334	-58	19	91	19	15936860	
-16029	1191	-2839	2101	269	-152	-376	332	-61	20	96	20	15936876	
-15883	1141	-2969	1672	385	-211	-374	330	-66	21	101	21	15936876	
-15775	1108	-3074	1257	471	-294	-373	330	-66	22	106	22	15936877	
-15735	1133	-3134	769	543	-402	-371	331	-67	23	111	23	15936877	
-15728	1132	-3330	286	587	-524	-372	332	-67	24	116	24	15936877	
-15832	1214	-3439	-189	629	-646	-375	337	-67	25	121	25	15936877	
-16053	1244	-3502	-641	739	-792	-375	336	-66	26	126	26	15936880	
-16247	1290	-3375	-1115	900	-942	-373	333	-63	27	131	27	15936898	
-16427	1407	-3149	-1479	1030	-1038	-373	334	-63	28	136	28	15936920	
-16589	1573	-2801	-1765	1095	-1099	-374	336	-64	29	141	29	15936930	
-16736	1831	-2433	-1932	1081	-1128	-372	335	-65	30	146	30	15936930	
-16857	2072	-2072	-1982	987	-1122	-370	334	-66	31	151	31	15936931	
-17075	2319	-1744	-1968	837	-1086	-370	332	-62	32	156	32	15936931	
-17203	2641	-1460	-1946	687	-1033	-369	329	-57	33	161	33	15936931	
-17256	3007	-1257	-1884	547	-992	-370	332	-61	34	166	34	15936943	
-17384	3471	-1141	-1720	438	-957	-371	337	-67	35	171	35	15936960	
-17401	3805	-1171	-1460	436	-908	-371	336	-66	36	176	36	15936960	
-17362	4020	-1262	-1191	557	-857	-371	335	-65	37	181	37	15936961	
-17268	4192	-1266	-899	765	-800	-369	334	-63	38	186	38	15936961	
-17119	4308	-1384	-608	1026	-742	-368	334	-62	39	191	39	15936961	
-16900	4408	-1480	-339	1313	-689	-370	337	-60	40	196	40	15936961	
-16652	4427	-1534	-66	1614	-629	-371	339	-59	41	201	41	15936968	
-16327	4393	-1682	206	1926	-572	-371	338	-57	42	206	42	15937008	
-16003	4309	-1868	466	2193	-515	-371	337	-55	43	211	43	15937032	
-15662	4170	-1948	714	2385	-431	-372	336	-58	44	216	44	15937033	
-15288	4023	-2046	920	2499	-347	-372	336	-60	45	221	45	15937033	
-14952	3856	-2121	1069	2479	-280	-372	334	-61	46	226	46	15937034	
-14716	3649	-2171	1167	2356	-221	-372	332	-62	47	231	47	15937034	
-14623	3400	-2236	1190	2188	-195	-371	332	-63	48	236	48	15937034	
-14660	3197	-2336	1132	2012	-200	-370	332	-64	49	241	49	15937035	
-14749	3022	-2495	1016	1887	-252	-368	333	-65	50	246	50	15937035	
-14869	2856	-2556	859	1858	-388	-367	333	-65	51	251	51	15937060	
-14959	2769	-2574	646	1929	-590	-370	335	-67	52	256	52	15937077	
-15039	2634	-2585	433	2033	-798	-371	335	-67	53	261	53	15937077	
-15147	2584	-2524	199	2156	-995	-372	329	-69	54	266	54	15937077	
-15284	2583	-2450	-41	2242	-1176	-372	328	-70	55	271	55	15937077	
-15434	2571	-2321	-298	2251	-1335	-369	331	-68	56	276	56	15937077	
-15600	2574	-2202	-576	2191	-1487	-368	332	-68	57	281	57	15937078	
-15780	2587	-2097	-839	2088	-1593	-371	332	-70	58	286	58	15937078	
-15912	2638	-1962	-1103	1959	-1693	-372	332	-70	59	291	59	15937078	
-16094	2756	-1892	-1400	1801	-1825	-368	332	-70	60	296	60	15937078	
-16298	2730	-1916	-1610	1717	-1923	-368	332	-70	61	301	61	15937078	
-16404	2724	-1812	-1809	1670	-2003	-371	335	-69	62	306	62	15937078	
-16552	2734	-1812	-2008	1663	-2042	-371	335	-69	63	311	63	15937078	
-16614	2684	-1782	-2187	1666	-2042	-368	332	-66	64	316	64	15937086	
-16644	2694	-1789	-2338	1698	-2026	-368	332	-66	65	321	65	15937087	
-16704	2605	-1851	-2500	1730	-2014	-366	334	-68	66	326	66	15937088	
-16723	2622	-1895	-2659	1796	-2005	-365	335	-69	67	331	67	15937110	
-16702	2590	-2014	-2802	1925	-2045	-374	338	-66	68	336	68	15937115	
-16540	2614	-2134	-2850	2096	-2112	-374	338	-66	69	341	69	15937115	
-16424	2630	-2294	-2874	2272	-2219	-368	338	-70	70	346	70	15937115	
-16202	2678	-2464	-2855	2458	-2346	-368	338	-70	71	351	71	15937115	
-15986	2754	-2496	-2791	2620	-2470	-371	335	-65	72	356	72	15937126	
-15838	2742	-2400	-2726	2752	-2555	-371	335	-65	73	361	73	15937126	
-15658	2840	-2510	-2684	2836	-2631	-365	335	-79	74	366	74	15937163	
-15658	2868	-2498	-2637	2852	-2676	-365	335	-79	75	371	75	15937164	
-15540	2972	-2482	-2570	2803	-2673	-370	332	-78	76	376	76	15937164	
-15568	2933	-2403	-2465	2711	-2649	-369	331	-78	77	381	77	15937164	
-15763	2930	-2574	-2383	2655	-2604	-366	328	-76	78	386	78	15937164	
-15969	2873	-2612	-2331	2646	-2525	-366	329	-76	79	391	79	15937167	
-16104	2873	-2556	-2307	2682	-2427	-364	334	-74	80	396	80	15937179	
-16254	2860	-2572	-2294	2739	-2332	-364	334	-73	81	401	81	15937201	
-16411	2724	-2514	-2303	2790	-2247	-366	334	-70	82	406	82	15937201	
-16443	2571	-2534	-2337	2837	-2178	-366	334	-71	83	411	83	15937201	
-16479	2416	-2528	-2407	2886	-2122	-364	334	-76	84	416	84	15937201	
-16492	2257	-2470	-2517	2893	-2079	-365	334	-75	85	421	85	15937201	
-16551	2125	-2502	-2614	2868	-2054	-366	334	-74	86	426	86	15937201	
-16553	2111	-2564	-2718	2818	-2023	-366	334	-74	87	431	87	15937201	
-16529	2063	-2581	-2850	2736	-1982	-364	336	-72	88	436	88	15937201	
-16585	2075	-2558	-2966	2629	-1923	-364	336	-73	89	441	89	15937201	
-16638	2051	-2617	-3098	2554	-1850	-363	335	-77	90	446	90	15937201	
-16664	2101	-2823	-3204	2534	-1737	-363	335	-77	91	451	91	15937207	
-16820	2112	-2992	-3288	2635	-1622	-363	333	-79	92	456	92	15937234	
-17030	2153	-3205	-3398	2884	-1472	-364	335	-80	93	461	93	15937244	
-17144	2012	-3399	-3541	3324	-1317	-366	340	-82	94	466	94	15937244	
-17295	1815	-3356	-3678	3812	-1192	-364	337	-79	95	471	95	15937244	
-17373	1587	-3257	-3845	4307	-1055	-361	333	-75	96	476	96	15937244	
-17423	1234	-3046	-4070	4685	-906	-363	333	-76	97	481	97	15937244	
-17446	883	-2774	-4354	4891	-779	-366	332	-78	98	486	98	15937247	
-17522	550	-2498	-4676	4949	-663	-364	330	-77	99	491	99	15937262	
-17621	274	-2398	-5043	4904	-564	-361	327	-75	100	496	100	15937278	
-17783	66	-2450	-5508	4860	-472	-365	330	-78	101	501	101	15937278	
-18095	-223	-2404	-5982	4987	-399	-369	333	-81	102	506	102	15937278	
-18466	-364	-2271	-6344	5235	-345	-367	331	-82	103	511	103	15937278	
-18959	-582	-1939	-6591	5511	-221	-365	329	-83	104	516	104	15937278	
-19594	-836	-1301	-6745	5706	-1	-369	333	-84	105	521	105	15937278	
-20258	-1118	-400	-6851	5679	306	-371	335	-85	106	526	106	15937278	
-20809	-1309	588	-6996	5363	650	-372	340	-91	107	531	107	15937291	
-21281	-1422	1417	-7173	4779	1047	-372	344	-96	108	536	108	15937308	
-21666	-1409	1889	-7347	3966	1485	-378	349	-101	109	541	109	15937315	
-21792	-1093	2008	-7482	3212	1892	-387	357	-109	110	546	110	15937315	
-21388	-663	1755	-7504	2953	2233	-392	359	-115	111	551	111	15937315	
-20578	-190	1344	-7395	3282	2461	-395	361	-119	112	556	112	15937315	
-19408	245	798	-7098	4027	2619	-399	361	-123	113	561	113	15937315	
-18020	894	268	-6713	4934	2774	-401	361	-125	114	566	114	15937337	
-16770	1675	-256	-6271	5646	2993	-402	359	-123	115	571	115	15937352	
-15764	2286	-716	-5786	5994	3273	-402	358	-122	116	576	116	15937352	
-14902	2768	-1120	-5308	6061	3588	-399	353	-114	117	581	117	15937353	
-14039	3120	-1720	-4847	5903	3912	-397	349	-109	118	586	118	15937353	
-13346	3224	-2056	-4536	5734	4156	-390	334	-94	119	591	119	15937353	
-12612	3321	-2144	-4330	5664	4183	-388	330	-90	120	596	120	15937353	
-11650	3800	-2056	-4220	5606	4081	-374	318	-81	121	601	121	15937363	
-10904	4141	-1922	-4085	5431	3927	-371	315	-79	122	606	122	15937389	
-10498	4456	-1851	-3903	4958	3761	-365	313	-74	123	611	123	15937395	
-10542	4114	-2046	-3718	4233	3420	-363	313	-73	124	616	124	15937395	
-10927	3866	-2186	-3799	3483	2722	-368	323	-75	125	621	125	15937395	
-11714	3724	-2336	-4122	2785	1845	-369	325	-75	126	626	126	15937395	
-12898	3650	-2330	-4653	1995	756	-361	315	-75	127	631	127	15937395	
-14116	3626	-2262	-5078	1388	-76	-361	315	-75	128	636	128	15937396	
-15053	3496	-1955	-5476	927	-649	-362	314	-76	129	641	129	15937404	
-16104	3417	-1636	-5904	416	-1204	-362	314	-76	130	646	130	15937436	
-17122	3375	-1178	-6292	-85	-1616	-364	320	-74	131	651	131	15937445	
-18088	3301	-701	-6598	-629	-1831	-365	321	-73	132	656	132	15937445	
-18955	3218	-169	-6844	-1131	-1855	-363	315	-71	133	661	133	15937445	
-19593	3242	294	-7016	-1508	-1680	-363	313	-71	134	666	134	15937446	
