-16286	1304	-973	2255	-548	1298	-188	305	5	1	1	1	67827696	
-16452	1102	-1237	2243	-648	1302	-187	309	7	2	6	2	67827696	
-16600	849	-1696	2205	-725	1300	-189	307	3	3	11	3	67827696	
-16716	634	-2286	2174	-735	1298	-190	306	0	4	16	4	67827696	
-16761	454	-3039	2175	-675	1284	-186	308	3	5	21	5	67827728	
-16743	266	-3619	2252	-568	1295	-184	308	4	6	26	6	67827747	
-16671	14	-4008	2453	-433	1288	-187	305	6	7	31	7	67827750	
-16519	-248	-4137	2714	-316	1270	-188	304	6	8	36	8	67827750	
-16350	-581	-4153	3042	-227	1238	-190	306	5	9	41	9	67827750	
-16162	-988	-4022	3400	-221	1177	-192	308	4	10	46	10	67827750	
-16002	-1420	-3768	3686	-335	1095	-189	306	7	11	51	11	67827755	
-15917	-1703	-3437	3857	-530	1016	-187	305	9	12	56	12	67827781	
-15872	-1899	-3159	3924	-786	933	-192	301	5	13	61	13	67827801	
-15936	-2022	-2956	3861	-983	885	-193	299	3	14	66	14	67827802	
-15956	-2085	-2726	3658	-1116	864	-191	301	-2	15	71	15	67827802	
-16010	-2014	-2652	3312	-1178	866	-191	301	-3	16	76	16	67827802	
-16088	-1863	-2588	2847	-1174	893	-191	304	0	17	81	17	67827803	
-16235	-1580	-2708	2321	-1111	949	-191	305	1	18	86	18	67827803	
-16367	-1328	-2844	1804	-1018	1039	-190	303	5	19	91	19	67827803	
-16438	-1006	-2894	1363	-950	1122	-190	302	6	20	96	20	67827803	
-16514	-640	-2964	1063	-932	1195	-193	304	6	21	101	21	67827803	
-16602	-320	-2940	922	-952	1276	-194	304	6	22	106	22	67827804	
-16636	-102	-2912	987	-978	1294	-189	307	1	23	111	23	67827827	
-16564	166	-2750	1200	-1007	1275	-189	307	1	24	116	24	67827827	
-16492	360	-2598	1498	-1027	1246	-197	307	5	25	121	25	67827827	
-16510	588	-2576	1842	-1032	1194	-197	307	5	26	126	26	67827827	
-16528	790	-2444	2204	-986	1185	-195	305	7	27	131	27	67827827	
-16594	828	-2066	2599	-868	1162	-195	305	7	28	136	28	67827827	
-16561	880	-1878	2926	-719	1149	-193	304	3	29	141	29	67827827	
-16554	916	-1820	3319	-515	1122	-192	304	2	30	146	30	67827854	
-16484	860	-1582	3558	-373	1088	-191	303	5	31	151	31	67827865	
-16406	824	-1768	3721	-253	1051	-191	303	5	32	156	32	67827865	
-16422	806	-1768	3811	-140	1018	-197	307	5	33	161	33	67827865	
-16416	724	-1900	3842	-53	1003	-197	307	5	34	166	34	67827865	
-16442	608	-1964	3821	-14	959	-198	306	0	35	171	35	67827865	
-16346	648	-2146	3777	-21	961	-198	306	0	36	176	36	67827865	
-16274	762	-2404	3753	-28	966	-192	302	2	37	181	37	67827866	
-16246	964	-2582	3810	-23	993	-192	302	2	38	186	38	67827902	
-16284	1047	-2826	4044	-6	1088	-192	304	4	39	191	39	67827902	
-16283	1126	-2968	4354	3	1148	-193	305	5	40	196	40	67827902	
-16240	1133	-3099	4737	0	1210	-199	311	11	41	201	41	67827902	
-16174	1095	-3280	5135	-28	1278	-199	310	10	42	206	42	67827902	
-16010	1014	-3390	5493	-89	1322	-197	307	7	43	211	43	67827902	
-15900	854	-3280	5759	-181	1357	-197	306	6	44	216	44	67827904	
-15884	751	-3204	5917	-313	1356	-196	304	2	45	221	45	67827918	
-15940	570	-3147	5984	-475	1340	-196	305	3	46	226	46	67827941	
-15989	465	-3111	6002	-679	1335	-196	306	6	47	231	47	67827941	
-16059	380	-3071	6018	-851	1333	-198	305	4	48	236	48	67827941	
-16086	259	-3006	6048	-993	1346	-201	303	1	49	241	49	67827941	
-16193	131	-2924	6110	-1131	1365	-200	302	1	50	246	50	67827941	
-16289	-15	-2958	6210	-1224	1414	-196	296	2	51	251	51	67827941	
-16368	-191	-2919	6344	-1282	1473	-197	299	1	52	256	52	67827947	
-16346	-444	-2983	6455	-1296	1538	-199	311	-1	53	261	53	67827973	
-16317	-684	-2976	6528	-1301	1599	-200	309	1	54	266	54	67827987	
-16334	-896	-3012	6537	-1333	1675	-204	302	8	55	271	55	67827997	
-16416	-1092	-3034	6508	-1396	1737	-203	303	6	56	276	56	67827999	
-16391	-1202	-3022	6468	-1458	1800	-202	304	4	57	281	57	67828000	
-16445	-1316	-3082	6406	-1502	1862	-200	303	2	58	286	58	67828001	
-16514	-1473	-3153	6323	-1515	1917	-198	302	0	59	291	59	67828003	
-16574	-1523	-3172	6224	-1495	1963	-198	304	2	60	296	60	67828008	
-16627	-1548	-3236	6100	-1436	1981	-198	306	4	61	301	61	67828016	
-16692	-1534	-3272	5945	-1353	1977	-200	305	5	62	306	62	67828021	
-16711	-1384	-3270	5759	-1246	1959	-203	303	7	63	311	63	67828021	
-16718	-1140	-3344	5577	-1135	1925	-202	304	3	64	316	64	67828021	
-16704	-899	-3362	5439	-1051	1907	-202	304	0	65	321	65	67828021	
-16696	-706	-3300	5325	-1004	1881	-203	301	-1	66	326	66	67828021	
-16662	-445	-3287	5247	-984	1844	-203	299	-1	67	331	67	67828022	
-16632	-159	-3220	5201	-989	1820	-205	301	4	68	336	68	67828041	
-16619	60	-3148	5195	-1006	1831	-207	303	7	69	341	69	67828060	
-16586	229	-3112	5223	-1021	1859	-207	303	5	70	346	70	67828066	
-16534	417	-2991	5276	-1038	1899	-206	304	2	71	351	71	67828066	
-16553	624	-2891	5331	-1049	1958	-204	305	2	72	356	72	67828066	
-16497	749	-2912	5377	-1050	2005	-202	306	2	73	361	73	67828066	
-16390	894	-2865	5420	-1043	2054	-204	305	2	74	366	74	67828066	
-16314	1006	-2784	5466	-1045	2102	-206	304	2	75	371	75	67828066	
-16283	1084	-2660	5525	-1054	2147	-204	304	3	76	376	76	67828066	
-16234	1131	-2596	5602	-1059	2194	-202	304	4	77	381	77	67828083	
-16217	1147	-2578	5689	-1086	2250	-206	304	4	78	386	78	67828100	
-16239	1213	-2523	5783	-1131	2289	-208	304	4	79	391	79	67828103	
-16422	1244	-2454	5917	-1186	2329	-208	307	-1	80	396	80	67828104	
-16486	1195	-2530	6037	-1208	2361	-208	308	-2	81	401	81	67828104	
-16562	1155	-2506	6128	-1212	2385	-207	306	8	82	406	82	67828104	
-16697	1178	-2539	6171	-1191	2408	-207	305	11	83	411	83	67828104	
-16740	1244	-2460	6173	-1152	2406	-209	306	7	84	416	84	67828104	
-16858	1362	-2430	6145	-1082	2400	-210	306	6	85	421	85	67828134	
-16928	1433	-2335	6106	-992	2382	-208	301	3	86	426	86	67828141	
-16972	1460	-2214	6068	-883	2360	-208	300	2	87	431	87	67828141	
-17026	1422	-2096	6044	-746	2333	-211	301	5	88	436	88	67828142	
-16981	1412	-1988	6040	-641	2309	-211	301	5	89	441	89	67828142	
-16921	1440	-1865	6079	-506	2285	-208	299	3	90	446	90	67828142	
-16874	1392	-1776	6142	-375	2262	-207	299	3	91	451	91	67828142	
-16730	1346	-1685	6225	-263	2243	-208	303	5	92	456	92	67828142	
-16632	1197	-1650	6289	-157	2240	-208	304	6	93	461	93	67828152	
-16590	1175	-1635	6350	-86	2226	-208	304	8	94	466	94	67828178	
-16525	1151	-1616	6412	-20	2236	-208	304	8	95	471	95	67828185	
-16523	1090	-1673	6491	40	2286	-214	302	5	96	476	96	67828185	
-16586	1136	-1838	6599	103	2338	-216	302	4	97	481	97	67828185	
-16646	1084	-1974	6706	159	2402	-214	296	2	98	486	98	67828185	
-16768	1138	-2196	6786	247	2456	-214	296	2	99	491	99	67828185	
-16824	1144	-2322	6860	335	2475	-215	299	5	100	496	100	67828185	
-16802	1192	-2408	6931	426	2465	-215	299	5	101	501	101	67828210	
-16902	1212	-2486	6991	501	2449	-216	302	4	102	506	102	67828222	
-16938	1182	-2470	7048	531	2402	-216	302	4	103	511	103	67828222	
-16952	1310	-2366	7096	555	2368	-218	298	0	104	516	104	67828222	
-16933	1420	-2302	7141	523	2340	-218	299	0	105	521	105	67828222	
-16820	1488	-2346	7184	472	2321	-219	303	1	106	526	106	67828222	
-16786	1476	-2322	7201	430	2317	-218	302	1	107	531	107	67828222	
-16691	1494	-2257	7191	375	2323	-215	299	3	108	536	108	67828226	
-16608	1462	-2212	7172	327	2326	-215	299	3	109	541	109	67828239	
-16470	1270	-2170	7127	275	2323	-216	298	-4	110	546	110	67828258	
-16480	1122	-2100	7030	205	2301	-216	298	-4	111	551	111	67828258	
-16460	834	-2078	6913	142	2297	-217	303	1	112	556	112	67828258	
-16400	672	-2080	6760	114	2259	-217	303	1	113	561	113	67828258	
-16415	431	-2172	6547	110	2208	-214	300	0	114	566	114	67828258	
-16318	251	-2291	6365	151	2152	-214	300	-1	115	571	115	67828261	
-16412	85	-2507	6179	236	2086	-216	300	-4	116	576	116	67828273	
-16488	-114	-2600	5975	356	2017	-216	300	-4	117	581	117	67828295	
-16582	-289	-2663	5771	487	1965	-218	298	-4	118	586	118	67828295	
-16668	-451	-2802	5544	635	1935	-219	297	-4	119	591	119	67828295	
-16656	-510	-2897	5347	800	1918	-221	293	-3	120	596	120	67828295	
-16556	-580	-2902	5208	949	1892	-221	294	-4	121	601	121	67828295	
-16391	-722	-2836	5137	1017	1884	-219	297	-5	122	606	122	67828295	
-16270	-742	-2758	5124	974	1879	-220	297	-6	123	611	123	67828299	
-16116	-748	-2684	5129	842	1870	-222	296	-8	124	616	124	67828313	
-15996	-711	-2611	5111	656	1861	-224	298	-8	125	621	125	67828326	
-15809	-598	-2540	5064	423	1840	-228	302	-8	126	626	126	67828326	
-15582	-434	-2586	4966	161	1796	-226	300	-9	127	631	127	67828326	
-15443	-230	-2601	4822	-121	1736	-222	298	-10	128	636	128	67828326	
-15280	21	-2649	4669	-375	1666	-222	300	-8	129	641	129	67828326	
-15231	327	-2603	4532	-566	1594	-221	303	-5	130	646	130	67828326	
-15306	546	-2390	4424	-665	1524	-221	303	-4	131	651	131	67828339	
-15372	723	-2244	4387	-668	1471	-221	303	-3	132	656	132	67828358	
-15426	851	-2099	4393	-636	1428	-222	301	-2	133	661	133	67828358	
-15523	932	-2001	4396	-579	1396	-224	298	0	134	666	134	67828358	
-15658	1005	-2074	4379	-501	1370	-224	298	-2	135	671	135	67828358	
-15814	1105	-2166	4333	-416	1356	-223	299	-5	136	676	136	67828358	
-16034	1196	-2312	4231	-324	1350	-225	296	-5	137	681	137	67828362	
-16309	1238	-2430	4036	-230	1353	-228	292	-4	138	686	138	67828382	
-16569	1240	-2442	3811	-148	1345	-227	294	-5	139	691	139	67828396	
-16772	1282	-2488	3623	-89	1342	-227	295	-5	140	696	140	67828396	
-16921	1321	-2538	3491	-39	1332	-227	294	-6	141	701	141	67828396	
-16982	1308	-2525	3405	20	1302	-227	293	-7	142	706	142	67828396	
-16984	1271	-2496	3337	58	1254	-226	299	-6	143	711	143	67828396	
-16926	1230	-2515	3253	71	1180	-225	303	-5	144	716	144	67828396	
-16807	1180	-2448	3155	69	1075	-228	299	-8	145	721	145	67828431	
-16682	1085	-2442	3037	64	956	-230	296	-10	146	726	146	67828455	
-16482	940	-2437	2899	44	791	-230	296	-9	147	731	147	67828455	
-16281	828	-2395	2797	5	626	-230	296	-8	148	736	148	67828455	
-16107	733	-2252	2738	-38	502	-228	293	-7	149	741	149	67828455	
-15946	599	-2189	2703	-104	374	-227	291	-7	150	746	150	67828455	
-15818	409	-2143	2701	-209	270	-225	293	-9	151	751	151	67828483	
-15733	291	-2074	2712	-344	205	-224	294	-10	152	756	152	67828501	
-15670	152	-1947	2704	-502	160	-225	296	-9	153	761	153	67828501	
-15664	67	-1918	2675	-662	148	-225	297	-9	154	766	154	67828501	
-15691	121	-1911	2608	-812	151	-229	292	-10	155	771	155	67828501	
-15750	166	-1804	2544	-929	181	-230	290	-10	156	776	156	67828501	
-15743	186	-1783	2492	-990	213	-227	295	-8	157	781	157	67828501	
-15861	252	-1755	2427	-1005	245	-226	296	-8	158	786	158	67828501	
-15956	292	-1671	2357	-967	269	-223	298	-13	159	791	159	67828510	
-16023	191	-1678	2266	-873	251	-222	298	-14	160	796	160	67828534	
-16106	79	-1689	2149	-756	229	-226	292	-10	161	801	161	67828540	
-16199	-100	-1656	1997	-643	201	-227	291	-9	162	806	162	67828542	
-16258	-266	-1624	1752	-537	116	-228	292	-14	163	811	163	67828548	
-16384	-396	-1730	1483	-459	26	-228	292	-14	164	816	164	67828548	
-16618	-520	-1688	1176	-409	-38	-227	291	-7	165	821	165	67828549	
-16782	-516	-1716	807	-401	-123	-227	291	-7	166	826	166	67828549	
-16896	-444	-1710	426	-413	-182	-233	297	-9	167	831	167	67828549	
-16996	-456	-1782	50	-404	-218	-233	297	-9	168	836	168	67828549	
-17186	-464	-1782	-340	-373	-271	-226	292	-12	169	841	169	67828549	
-17458	-439	-1677	-648	-366	-314	-226	292	-12	170	846	170	67828549	
-17694	-421	-1614	-984	-356	-337	-224	290	-11	171	851	171	67828549	
-18002	-418	-1620	-1378	-303	-370	-223	289	-11	172	856	172	67828549	
-18228	-426	-1602	-1668	-231	-377	-228	298	-10	173	861	173	67828570	
-18404	-502	-1562	-1889	-171	-404	-228	298	-10	174	866	174	67828578	
-18450	-400	-1560	-2044	-145	-376	-233	291	-7	175	871	175	67828578	
-18382	-344	-1556	-2044	-115	-289	-233	291	-7	176	876	176	67828578	
-18316	-362	-1426	-1945	-43	-216	-224	290	-6	177	881	177	67828578	
-18120	-392	-1330	-1738	78	-136	-224	290	-6	178	886	178	67828579	
-17864	-362	-1358	-1501	232	-36	-226	292	-12	179	891	179	67828579	
-17534	-318	-1438	-1171	418	92	-226	292	-13	180	896	180	67828585	
-17209	-452	-1476	-888	572	170	-227	293	-15	181	901	181	67828610	
-16834	-492	-1630	-660	715	208	-228	293	-14	182	906	182	67828616	
-16511	-540	-1852	-477	831	198	-230	292	-10	183	911	183	67828616	
-16116	-626	-2090	-348	920	137	-230	292	-10	184	916	184	67828616	
-15769	-596	-2235	-262	986	36	-228	292	-12	185	921	185	67828616	
-15495	-637	-2474	-244	1015	-101	-228	292	-11	186	926	186	67828616	
-15288	-764	-2704	-321	1024	-275	-229	293	-9	187	931	187	67828616	
-15143	-851	-2856	-503	1028	-469	-228	293	-9	188	936	188	67828635	
-15009	-900	-3019	-794	1031	-691	-226	294	-8	189	941	189	67828693	
-14960	-946	-3033	-1089	1020	-859	-228	295	-8	190	946	190	67828698	
-14921	-950	-3080	-1466	982	-1022	-235	297	-9	191	951	191	67828698	
-15023	-980	-3083	-1874	937	-1164	-234	297	-9	192	956	192	67828698	
-15161	-906	-3048	-2305	873	-1275	-230	296	-10	193	961	193	67828698	
-15350	-758	-2956	-2728	779	-1342	-230	295	-10	194	966	194	67828699	
-15519	-578	-2814	-3100	687	-1381	-229	291	-9	195	971	195	67828701	
-15703	-355	-2670	-3417	585	-1404	-229	292	-10	196	976	196	67828715	
-15935	-157	-2441	-3718	505	-1404	-228	294	-12	197	981	197	67828737	
-16072	4	-2315	-3917	442	-1401	-229	293	-10	198	986	198	67828737	
-16238	233	-2130	-4054	411	-1388	-230	292	-8	199	991	199	67828737	
-16399	464	-1985	-4137	400	-1354	-227	294	-10	200	996	200	67828737	
-16503	634	-1881	-4154	425	-1334	-222	296	-12	201	1001	201	67828737	
