1911	1775	-14541	1721	696	379	-19	-157	-27	10236	51180	10236	85910277
1855	1815	-14613	1894	742	498	-22	-157	-26	10237	51185	10237	85910277
1770	1780	-14704	2078	754	612	-24	-156	-24	10238	51190	10238	85910277
1721	1770	-14866	2213	817	703	-21	-157	-23	10239	51195	10239	85910278
1758	1734	-15058	2313	931	773	-19	-157	-23	10240	51200	10240	85910278
1911	1706	-15132	2383	1003	815	-20	-159	-18	10241	51205	10241	85910278
1930	1680	-15168	2419	957	828	-20	-160	-14	10242	51210	10242	85910283
1911	1471	-15157	2435	727	805	-22	-161	-16	10243	51215	10243	85910308
1983	1176	-15150	2372	409	760	-24	-162	-18	10244	51220	10244	85910323
2087	1040	-14970	2145	196	699	-23	-160	-21	10245	51225	10245	85910323
2313	956	-14668	1846	111	632	-23	-159	-23	10246	51230	10246	85910323
2412	774	-14496	1670	92	568	-22	-160	-22	10247	51235	10247	85910323
2460	569	-14402	1511	125	513	-22	-160	-22	10248	51240	10248	85910323
2428	278	-14368	1379	167	510	-22	-158	-22	10249	51245	10249	85910330
2352	210	-14386	1202	159	514	-22	-158	-22	10250	51250	10250	85910355
2309	366	-14261	967	131	552	-20	-159	-23	10251	51255	10251	85910362
2161	689	-14057	776	47	604	-19	-159	-23	10252	51260	10252	85910362
2004	1005	-13856	716	-38	662	-20	-160	-19	10253	51265	10253	85910363
1850	1324	-13532	868	-137	732	-20	-160	-18	10254	51270	10254	85910364
1734	1318	-13458	1126	-187	768	-16	-158	-20	10255	51275	10255	85910364
1674	1210	-13374	1355	-241	775	-16	-158	-20	10256	51280	10256	85910365
1698	1004	-13354	1494	-304	782	-10	-160	-16	10257	51285	10257	85910398
1552	1016	-13584	1500	-266	801	-10	-160	-16	10258	51290	10258	85910398
1486	1100	-13604	1489	-89	823	-19	-159	-23	10259	51295	10259	85910398
1440	840	-13820	1693	126	816	-19	-159	-23	10260	51300	10260	85910398
1310	750	-14286	1793	345	810	-15	-163	-17	10261	51305	10261	85910398
1296	738	-14670	1740	566	794	-15	-163	-17	10262	51310	10262	85910398
1435	556	-14890	1709	842	766	-20	-162	-18	10263	51315	10263	85910398
1633	464	-15109	1627	1009	755	-19	-161	-18	10264	51320	10264	85910398
1820	379	-15220	1430	1078	731	-17	-159	-19	10265	51325	10265	85910400
1979	376	-15210	1142	1078	698	-17	-160	-18	10266	51330	10266	85910414
2343	522	-15211	825	1056	681	-18	-162	-16	10267	51335	10267	85910444
2748	775	-15004	616	955	717	-17	-161	-16	10268	51340	10268	85910444
3150	1139	-14654	557	746	786	-15	-159	-15	10269	51345	10269	85910445
3293	1689	-14379	609	394	846	-15	-161	-16	10270	51350	10270	85910445
3131	1996	-14015	992	48	900	-15	-165	-17	10271	51355	10271	85910445
2882	1922	-13876	1544	-162	922	-15	-163	-19	10272	51360	10272	85910445
2505	1690	-13892	2052	-323	886	-15	-161	-21	10273	51365	10273	85910457
2086	1266	-13941	2425	-448	810	-19	-162	-21	10274	51370	10274	85910476
1818	817	-14140	2642	-452	720	-24	-164	-20	10275	51375	10275	85910476
1626	423	-14299	2631	-349	610	-24	-164	-21	10276	51380	10276	85910477
1472	41	-14547	2332	-149	454	-24	-162	-24	10277	51385	10277	85910477
1463	-230	-14567	1887	96	298	-23	-162	-23	10278	51390	10278	85910477
1610	-458	-14755	1412	363	173	-20	-160	-20	10279	51395	10279	85910477
1817	-552	-14907	903	593	77	-15	-160	-21	10280	51400	10280	85910481
1903	-365	-15121	531	767	18	-8	-160	-22	10281	51405	10281	85910497
2027	-134	-15301	281	889	-30	-11	-162	-22	10282	51410	10282	85910514
2250	18	-15457	230	999	-53	-15	-165	-21	10283	51415	10283	85910515
2460	119	-15583	310	1111	-26	-16	-167	-21	10284	51420	10284	85910515
2648	137	-15594	430	1156	26	-18	-170	-20	10285	51425	10285	85910515
2763	86	-15507	500	1078	112	-16	-168	-18	10286	51430	10286	85910515
2847	71	-15154	399	859	192	-14	-164	-16	10287	51435	10287	85910517
2841	-132	-14842	260	588	199	-15	-164	-18	10288	51440	10288	85910517
2811	-460	-14566	149	349	136	-16	-164	-20	10289	51445	10289	85910537
2761	-856	-14386	-30	151	-1	-12	-163	-21	10290	51450	10290	85910551
2674	-1278	-14240	-321	44	-192	-9	-163	-21	10291	51455	10291	85910552
2656	-1699	-14049	-691	28	-400	-13	-164	-20	10292	51460	10292	85910552
2771	-2015	-13948	-1059	60	-580	-16	-164	-20	10293	51465	10293	85910552
2909	-2232	-13931	-1375	84	-697	-14	-165	-18	10294	51470	10294	85910552
2818	-2441	-14107	-1652	18	-766	-12	-166	-16	10295	51475	10295	85910553
2506	-2502	-14290	-1983	-127	-838	-19	-165	-18	10296	51480	10296	85910558
2394	-2433	-14432	-2251	-191	-897	-21	-165	-19	10297	51485	10297	85910583
2515	-2375	-14508	-2437	-148	-942	-15	-167	-18	10298	51490	10298	85910589
2678	-2430	-14544	-2557	-173	-973	-14	-168	-18	10299	51495	10299	85910589
2598	-2544	-14590	-2755	-376	-1024	-14	-166	-20	10300	51500	10300	85910589
2367	-2634	-14456	-3137	-716	-1145	-14	-166	-20	10301	51505	10301	85910589
2316	-2741	-14105	-3623	-1009	-1342	-17	-164	-18	10302	51510	10302	85910589
2481	-3020	-13693	-4055	-1162	-1564	-18	-164	-18	10303	51515	10303	85910589
2708	-3722	-13466	-4563	-1219	-1878	-20	-160	-22	10304	51520	10304	85910617
2846	-4164	-13292	-5077	-1126	-2154	-20	-160	-22	10305	51525	10305	85910638
2992	-4232	-13466	-5618	-921	-2431	-13	-169	-17	10306	51530	10306	85910645
2946	-3610	-13804	-6147	-734	-2635	-13	-169	-17	10307	51535	10307	85910645
2900	-2704	-14202	-6403	-625	-2756	-23	-161	-13	10308	51540	10308	85910645
2714	-1228	-14646	-6478	-516	-2794	-23	-161	-13	10309	51545	10309	85910645
2118	612	-14802	-6213	-548	-2845	-23	-167	-13	10310	51550	10310	85910646
1450	1690	-15420	-5491	-570	-2755	-23	-167	-13	10311	51555	10311	85910646
820	1924	-16238	-4637	-163	-2597	-19	-165	-17	10312	51560	10312	85910657
859	1533	-16995	-4626	536	-2516	-20	-165	-17	10313	51565	10313	85910668
1090	1646	-17291	-5536	991	-2593	-23	-165	-15	10314	51570	10314	85910668
1367	2184	-17010	-6537	1109	-2649	-24	-165	-16	10315	51575	10315	85910668
1506	2496	-16625	-7121	912	-2627	-27	-163	-19	10316	51580	10316	85910668
1525	2539	-16172	-7427	719	-2569	-27	-162	-19	10317	51585	10317	85910668
1658	2655	-15540	-7783	834	-2551	-26	-160	-18	10318	51590	10318	85910670
2056	2904	-14842	-8069	1188	-2554	-26	-161	-18	10319	51595	10319	85910683
2694	2701	-14220	-8169	1482	-2552	-28	-164	-16	10320	51600	10320	85910705
3116	2523	-13718	-8268	1657	-2509	-28	-164	-14	10321	51605	10321	85910705
3262	2844	-13276	-8484	1339	-2522	-26	-166	-6	10322	51610	10322	85910705
3525	3140	-12539	-8443	917	-2604	-27	-166	-7	10323	51615	10323	85910705
3486	2737	-12345	-7830	695	-2626	-29	-167	-11	10324	51620	10324	85910705
3466	2305	-12500	-7460	524	-2564	-29	-166	-10	10325	51625	10325	85910705
3424	2475	-12575	-7518	221	-2454	-30	-164	-8	10326	51630	10326	85910708
3343	2922	-12654	-7630	-91	-2323	-30	-164	-8	10327	51635	10327	85910729
3184	3378	-12823	-7550	-329	-2190	-32	-166	-8	10328	51640	10328	85910791
2640	3543	-13336	-7290	-625	-2027	-33	-165	-8	10329	51645	10329	85910791
1824	3775	-14418	-7349	-963	-1849	-37	-163	-9	10330	51650	10330	85910791
1250	4055	-15028	-7675	-975	-1719	-36	-164	-10	10331	51655	10331	85910791
666	4415	-14868	-7958	-567	-1587	-35	-165	-11	10332	51660	10332	85910792
27	4855	-14043	-7995	207	-1406	-37	-163	-9	10333	51665	10333	85910792
-57	5064	-13326	-7683	1077	-1147	-39	-161	-7	10334	51670	10334	85910796
224	4917	-13152	-7141	1618	-793	-40	-164	-8	10335	51675	10335	85910813
344	4633	-13420	-6550	1586	-360	-41	-169	-9	10336	51680	10336	85910830
28	4654	-13724	-6005	1336	91	-42	-168	-6	10337	51685	10337	85910830
-74	5060	-13513	-5666	1388	315	-42	-166	-2	10338	51690	10338	85910831
378	5317	-13218	-5405	1942	273	-43	-166	0	10339	51695	10339	85910831
954	5499	-13508	-5173	2867	62	-44	-166	2	10340	51700	10340	85910831
1802	5673	-13649	-5281	3839	-207	-42	-166	1	10341	51705	10341	85910831
2618	5656	-13605	-5800	4448	-518	-40	-166	0	10342	51710	10342	85910832
3212	5897	-14263	-6650	4653	-939	-37	-167	4	10343	51715	10343	85910832
3944	6527	-14612	-7335	4711	-1341	-35	-167	7	10344	51720	10344	85910836
4490	6786	-14596	-7242	4401	-1514	-38	-168	5	10345	51725	10345	85910840
4678	6140	-15001	-6436	3412	-1443	-40	-168	4	10346	51730	10346	85910840
4536	5638	-15245	-6047	2393	-1378	-41	-167	0	10347	51735	10347	85910842
4222	5742	-14700	-5868	1759	-1396	-41	-167	-1	10348	51740	10348	85910868
3829	6064	-14038	-5334	1172	-1234	-41	-167	-3	10349	51745	10349	85910875
2959	6027	-14054	-4508	524	-870	-41	-167	-3	10350	51750	10350	85910875
2252	5851	-13837	-3864	121	-514	-47	-167	7	10351	51755	10351	85910875
1719	5892	-13691	-3570	77	-244	-49	-167	9	10352	51760	10352	85910904
1551	6053	-13432	-3703	461	-56	-52	-164	7	10353	51765	10353	85910912
1784	6188	-13272	-4395	1322	24	-53	-163	7	10354	51770	10354	85910912
2220	6796	-12210	-5361	2058	76	-50	-166	6	10355	51775	10355	85910913
2228	7458	-11076	-5490	2235	341	-50	-166	6	10356	51780	10356	85910913
1950	7598	-11024	-4850	2226	608	-44	-172	8	10357	51785	10357	85910913
1928	7926	-11182	-4635	2653	696	-44	-172	8	10358	51790	10358	85910913
2548	8436	-11130	-4690	3290	711	-47	-175	9	10359	51795	10359	85910913
3422	8464	-11552	-4297	3554	764	-47	-175	9	10360	51800	10360	85910942
4418	8270	-11996	-3717	3370	900	-50	-170	12	10361	51805	10361	85910942
5164	7850	-12336	-3198	2886	1116	-50	-170	12	10362	51810	10362	85910943
5532	7517	-12779	-2692	2136	1344	-55	-173	-3	10363	51815	10363	85910943
5494	7354	-13246	-2268	1653	1452	-55	-173	-3	10364	51820	10364	85910943
5254	7268	-13834	-1690	1046	1538	-57	-169	5	10365	51825	10365	85910944
4828	6850	-14414	-665	548	1651	-57	-169	5	10366	51830	10366	85910944
4176	6094	-15210	448	110	1822	-52	-170	8	10367	51835	10367	85910944
3620	5386	-15398	1103	-92	1981	-52	-170	8	10368	51840	10368	85910945
2712	4810	-15068	1187	-188	2121	-51	-167	11	10369	51845	10369	85910945
1630	4408	-14472	573	-197	2110	-51	-167	11	10370	51850	10370	85910946
294	4483	-13291	-412	-5	1944	-48	-176	14	10371	51855	10371	85910946
-297	4070	-12480	-730	482	1889	-48	-175	14	10372	51860	10372	85910947
-230	3056	-12002	-637	1222	1917	-48	-172	12	10373	51865	10373	85910951
-21	2344	-11658	-750	2038	1904	-49	-173	11	10374	51870	10374	85910955
422	2314	-11480	-1283	2942	1791	-51	-177	7	10375	51875	10375	85910973
1534	2553	-11738	-1858	3913	1593	-50	-177	7	10376	51880	10376	85910979
2991	2519	-12220	-2353	4445	1386	-48	-176	8	10377	51885	10377	85910979
4419	2824	-12263	-2923	4454	1279	-48	-175	8	10378	51890	10378	85910979
5481	3397	-12122	-3237	4089	1315	-47	-173	9	10379	51895	10379	85910979
6639	3318	-12135	-2737	3484	1558	-48	-175	10	10380	51900	10380	85910979
7538	2916	-12111	-2310	2928	1792	-50	-178	12	10381	51905	10381	85910979
8406	2759	-11867	-2220	2393	1972	-48	-176	14	10382	51910	10382	85910994
8855	2667	-11784	-2211	1828	2127	-46	-172	16	10383	51915	10383	85911016
8489	2541	-11887	-2322	1026	2229	-49	-173	12	10384	51920	10384	85911016
7914	2419	-11375	-2576	115	2232	-54	-174	6	10385	51925	10385	85911017
7027	2305	-10739	-2743	-599	2184	-50	-175	8	10386	51930	10386	85911017
6188	2348	-10524	-2915	-1081	2163	-44	-176	10	10387	51935	10387	85911017
5422	2631	-10646	-3068	-1101	2114	-46	-177	14	10388	51940	10388	85911017
4635	3018	-10942	-3210	-992	2023	-48	-178	16	10389	51945	10389	85911017
4257	3452	-11595	-3500	-754	1898	-49	-177	15	10390	51950	10390	85911034
4622	4026	-12192	-3907	-391	1770	-49	-177	15	10391	51955	10391	85911051
5064	4856	-12610	-4263	4	1682	-51	-179	17	10392	51960	10392	85911054
5334	5885	-12667	-4474	394	1625	-53	-181	19	10393	51965	10393	85911055
5696	6820	-12753	-4369	735	1616	-49	-180	19	10394	51970	10394	85911055
6081	7394	-13038	-3972	862	1660	-47	-179	19	10395	51975	10395	85911055
6530	7826	-13031	-3464	657	1663	-49	-178	18	10396	51980	10396	85911055
6818	8082	-12980	-2988	272	1542	-49	-177	17	10397	51985	10397	85911061
6898	8322	-13164	-3006	0	1333	-47	-179	19	10398	51990	10398	85911089
6544	9186	-12274	-3827	167	1057	-47	-179	19	10399	51995	10399	85911098
5758	10110	-11562	-4528	330	752	-49	-180	21	10400	52000	10400	85911098
4978	10362	-10500	-4391	229	616	-50	-180	22	10401	52005	10401	85911098
4370	10078	-9642	-2842	59	806	-52	-182	17	10402	52010	10402	85911099
3856	9021	-9800	-184	190	1174	-52	-182	16	10403	52015	10403	85911099
3188	7874	-9982	2030	806	1477	-49	-177	17	10404	52020	10404	85911099
2806	8152	-11708	1509	1392	1442	-49	-177	17	10405	52025	10405	85911129
2948	9664	-12442	-209	1887	1323	-47	-179	23	10406	52030	10406	85911129
3550	11242	-12670	-787	1769	1536	-47	-179	23	10407	52035	10407	85911129
4380	12273	-12559	-70	1256	1987	-53	-182	23	10408	52040	10408	85911129
4758	12705	-12546	1148	686	2333	-55	-183	23	10409	52045	10409	85911129
5123	13197	-12947	1864	480	2508	-54	-185	22	10410	52050	10410	85911129
5351	13848	-14118	2114	172	2594	-54	-186	22	10411	52055	10411	85911129
5246	14115	-15095	2210	-429	2776	-50	-182	20	10412	52060	10412	85911136
5198	14188	-15746	2081	-1012	3168	-49	-181	19	10413	52065	10413	85911176
5396	14148	-15262	1837	-1146	3405	-50	-182	16	10414	52070	10414	85911178
5370	13418	-15456	2171	-1338	3683	-50	-182	16	10415	52075	10415	85911179
5646	12816	-14860	2187	-1289	4022	-44	-184	18	10416	52080	10416	85911179
5654	13048	-13880	2458	-1179	4438	-44	-184	18	10417	52085	10417	85911180
4892	12822	-14940	3568	-1129	4848	-43	-183	19	10418	52090	10418	85911180
4740	12788	-14886	4364	-733	5247	-43	-183	19	10419	52095	10419	85911181
4536	13342	-14646	5194	-478	5732	-42	-182	18	10420	52100	10420	85911188
5033	13298	-15520	6622	74	6321	-43	-182	17	10421	52105	10421	85911208
5258	13292	-16440	7220	558	6714	-46	-182	14	10422	52110	10422	85911208
5102	13900	-16606	7326	939	7080	-45	-182	15	10423	52115	10423	85911208
4412	14055	-16700	7834	1322	7476	-42	-182	18	10424	52120	10424	85911208
3826	14230	-17856	8334	1936	7843	-41	-183	18	10425	52125	10425	85911208
3647	14696	-18549	8144	2708	8218	-36	-188	18	10426	52130	10426	85911208
3398	15438	-18077	8057	3284	8690	-36	-188	18	10427	52135	10427	85911210
3017	15506	-17656	9403	3753	9191	-36	-186	18	10428	52140	10428	85911225
3181	14229	-17728	11547	4371	9814	-35	-187	17	10429	52145	10429	85911249
3704	12154	-17527	13219	5135	10367	-33	-189	13	10430	52150	10430	85911249
4599	11050	-17209	13592	5795	10739	-30	-188	13	10431	52155	10431	85911249
5493	10231	-17243	13427	6537	11013	-26	-186	14	10432	52160	10432	85911250
6323	9599	-17278	12921	7315	11264	-27	-188	14	10433	52165	10433	85911250
6233	9580	-17080	11896	7523	11503	-29	-191	13	10434	52170	10434	85911250
5444	9258	-16170	11453	7456	11626	-27	-192	15	10435	52175	10435	85911266
4889	6724	-15818	12809	7600	11689	-23	-193	17	10436	52180	10436	85911289
4097	2510	-16468	14147	7599	11885	-21	-194	17	10437	52185	10437	85911289
3601	-216	-16434	12807	7681	11944	-18	-194	16	10438	52190	10438	85911289
3428	-1879	-14868	10618	7913	11936	-22	-195	16	10439	52195	10439	85911289
3285	-4814	-13648	9377	8417	11986	-24	-196	16	10440	52200	10440	85911289
3522	-7222	-14216	7487	9336	11800	-20	-198	16	10441	52205	10441	85911289
3970	-5948	-15030	3165	10040	11418	-18	-200	16	10442	52210	10442	85911289
3920	-1751	-13840	-1686	10042	10998	-13	-198	18	10443	52215	10443	85911317
3550	911	-12393	-3712	9943	10936	-9	-197	19	10444	52220	10444	85911335
3534	1331	-12726	-3591	10247	10995	-11	-199	20	10445	52225	10445	85911336
4095	1765	-13892	-4066	10777	10728	-12	-200	20	10446	52230	10446	85911336
4577	1794	-13704	-5068	10974	10457	-9	-202	18	10447	52235	10447	85911336
5080	1552	-13180	-5809	10847	10355	-8	-202	18	10448	52240	10448	85911336
5784	823	-12610	-5888	10440	10263	-9	-203	22	10449	52245	10449	85911336
6455	-318	-12235	-5591	9989	10129	-9	-203	23	10450	52250	10450	85911336
7284	-1342	-12030	-5796	9444	9965	-9	-204	25	10451	52255	10451	85911340
7894	-1744	-11652	-6967	8817	9821	-9	-205	27	10452	52260	10452	85911358
8240	-1707	-11211	-8320	8240	9772	-11	-206	25	10453	52265	10453	85911368
8187	-716	-10033	-9196	7749	9644	-12	-206	24	10454	52270	10454	85911368
8617	-328	-9565	-8561	7618	9462	-7	-209	22	10455	52275	10455	85911368
9252	-270	-9960	-7642	7417	9222	-6	-210	22	10456	52280	10456	85911368
9490	655	-10215	-7262	6950	8874	-4	-214	31	10457	52285	10457	85911368
9100	2217	-9745	-6977	6285	8494	-3	-215	33	10458	52290	10458	85911368
8356	3168	-9256	-6126	5633	8203	-5	-209	29	10459	52295	10459	85911368
7566	3165	-9342	-5108	5309	7992	-6	-208	28	10460	52300	10460	85911368
6594	2675	-9442	-4961	5215	7842	-4	-215	38	10461	52305	10461	85911398
5777	2168	-9741	-5778	5259	7831	-3	-217	41	10462	52310	10462	85911406
5456	2168	-9836	-7541	5547	7958	-2	-212	30	10463	52315	10463	85911406
5338	2622	-9854	-9111	5689	8253	-2	-212	30	10464	52320	10464	85911407
5644	2850	-9814	-10249	5815	8724	-6	-222	30	10465	52325	10465	85911407
6036	2890	-10182	-11141	5934	9318	-6	-222	30	10466	52330	10466	85911407
6280	2514	-10178	-12259	5772	9864	-7	-215	43	10467	52335	10467	85911408
6698	2584	-10684	-13430	5416	10424	-7	-215	43	10468	52340	10468	85911408
7440	3704	-10520	-15040	4987	10994	-1	-213	39	10469	52345	10469	85911416
8518	5112	-10670	-16044	4565	11497	-1	-213	39	10470	52350	10470	85911451
10316	6550	-11031	-16389	4138	11917	0	-228	44	10471	52355	10471	85911451
11810	7603	-11244	-16344	3629	12181	0	-226	45	10472	52360	10472	85911451
12512	8600	-11093	-16111	2873	12307	-1	-219	51	10473	52365	10473	85911451
12982	9269	-10506	-15616	2384	12400	0	-220	51	10474	52370	10474	85911451
13668	10150	-10219	-14836	2323	12376	3	-223	51	10475	52375	10475	85911452
13896	10700	-10507	-13499	1980	12265	3	-223	51	10476	52380	10476	85911457
13515	10504	-10627	-11918	1291	12105	5	-223	49	10477	52385	10477	85911485
13022	10446	-10056	-10664	773	11942	4	-223	49	10478	52390	10478	85911508
12181	10015	-9814	-8777	217	12006	1	-221	49	10479	52395	10479	85911510
10916	8553	-10238	-6327	-357	12224	3	-223	51	10480	52400	10480	85911511
9564	7277	-10651	-5007	-702	12451	5	-225	55	10481	52405	10481	85911512
8186	6378	-10833	-4608	-901	12763	4	-222	51	10482	52410	10482	85911512
7332	5692	-11002	-4430	-894	13179	2	-218	46	10483	52415	10483	85911512
7042	5048	-11330	-4285	-766	13660	5	-220	46	10484	52420	10484	85911514
7000	4574	-11887	-4437	-706	14137	10	-224	46	10485	52425	10485	85911521
7188	4469	-12470	-5070	-702	14553	10	-221	46	10486	52430	10486	85911526
7568	4724	-13123	-6027	-690	14963	11	-217	47	10487	52435	10487	85911526
7939	5068	-13601	-6937	-642	15316	11	-223	48	10488	52440	10488	85911526
8169	5306	-13813	-7565	-477	15539	11	-227	49	10489	52445	10489	85911527
8290	5486	-14424	-7958	-76	15697	15	-223	53	10490	52450	10490	85911527
8945	5548	-14884	-8056	656	15750	17	-221	55	10491	52455	10491	85911531
9906	5369	-14532	-7774	1130	15673	18	-224	51	10492	52460	10492	85911552
10383	4738	-14140	-7245	1045	15608	18	-226	48	10493	52465	10493	85911564
10478	4088	-14018	-6818	1025	15612	19	-227	53	10494	52470	10494	85911564
10574	3704	-13797	-6541	1256	15524	19	-227	57	10495	52475	10495	85911565
10656	3448	-13450	-6116	1515	15343	21	-227	56	10496	52480	10496	85911565
10564	3300	-12908	-5451	1512	15272	22	-226	54	10497	52485	10497	85911565
10269	3050	-12528	-4736	1230	15348	24	-227	57	10498	52490	10498	85911565
9847	3087	-12219	-4143	930	15461	25	-227	59	10499	52495	10499	85911587
9299	3557	-11570	-3685	743	15560	27	-232	57	10500	52500	10500	85911602
8740	3837	-10996	-2884	604	15671	28	-236	56	10501	52505	10501	85911602
8321	3680	-11330	-1767	442	15843	33	-232	57	10502	52510	10502	85911602
7866	3472	-11539	-742	250	16050	36	-230	58	10503	52515	10503	85911602
7278	3383	-10884	245	0	16300	35	-230	55	10504	52520	10504	85911602
7098	3087	-10471	1223	-187	16570	34	-230	54	10505	52525	10505	85911602
7222	2611	-10482	2210	-286	16841	36	-227	59	10506	52530	10506	85911608
7459	1908	-10428	3076	-253	17017	36	-226	60	10507	52535	10507	85911634
7414	1238	-10388	3610	-93	17019	42	-229	57	10508	52540	10508	85911641
7468	678	-10355	3789	206	16841	44	-230	56	10509	52545	10509	85911641
7749	68	-10028	3729	544	16528	41	-230	56	10510	52550	10510	85911643
8030	-565	-9769	3657	812	16155	40	-230	56	10511	52555	10511	85911643
8342	-1439	-9372	3512	923	15709	46	-234	58	10512	52560	10512	85911643
8380	-2376	-8908	3180	923	15122	47	-235	59	10513	52565	10513	85911644
8198	-2982	-7762	2635	949	14527	53	-227	59	10514	52570	10514	85911655
7486	-3548	-6918	2184	1171	13950	53	-227	59	10515	52575	10515	85911676
7582	-3904	-6722	1759	1700	13371	55	-235	55	10516	52580	10516	85911676
7900	-3992	-6532	1242	1898	12858	55	-235	55	10517	52585	10517	85911676
8214	-4190	-5914	699	1754	12418	56	-226	58	10518	52590	10518	85911676
8286	-4322	-6044	385	1760	12077	56	-226	58	10519	52595	10519	85911676
8062	-4204	-6194	52	1627	11728	56	-230	56	10520	52600	10520	85911677
8116	-4028	-6552	-437	1605	11543	58	-229	57	10521	52605	10521	85911684
8160	-3594	-7174	-870	1693	11419	66	-226	62	10522	52610	10522	85911714
7980	-2925	-7573	-1409	1718	11196	65	-228	62	10523	52615	10523	85911714
7510	-2278	-8036	-1828	1811	11100	63	-235	63	10524	52620	10524	85911714
7851	-1548	-8188	-2283	2056	11016	63	-234	62	10525	52625	10525	85911714
8362	-1027	-8480	-2600	2189	10987	63	-229	57	10526	52630	10526	85911714
8875	-679	-9121	-2682	2176	11039	64	-228	58	10527	52635	10527	85911714
9258	-142	-9822	-2848	1995	11070	67	-225	61	10528	52640	10528	85911714
9392	305	-10363	-2902	1646	10985	68	-228	61	10529	52645	10529	85911721
9374	820	-10669	-2880	1358	10804	69	-235	61	10530	52650	10530	85911745
9900	1457	-10982	-2763	1452	10661	68	-232	62	10531	52655	10531	85911750
10886	1927	-11170	-2208	1420	10571	67	-227	63	10532	52660	10532	85911750
11365	2176	-11084	-1182	970	10540	68	-226	63	10533	52665	10533	85911751
11630	2233	-10469	113	497	10575	69	-225	63	10534	52670	10534	85911751
11664	1938	-9708	1640	70	10663	71	-226	63	10535	52675	10535	85911751
11610	1187	-9208	3170	-256	10742	73	-227	63	10536	52680	10536	85911755
11493	241	-8603	4374	-487	10717	77	-228	64	10537	52685	10537	85911774
11275	-555	-7956	5068	-673	10576	80	-228	64	10538	52690	10538	85911788
11241	-1532	-7545	5553	-859	10424	77	-230	61	10539	52695	10539	85911788
11190	-2387	-7370	5751	-1069	10264	75	-231	59	10540	52700	10540	85911788
11157	-2927	-7146	5589	-1264	10087	76	-230	63	10541	52705	10541	85911788
11119	-3325	-6863	5197	-1451	9952	78	-228	70	10542	52710	10542	85911788
10950	-3790	-6941	4902	-1642	9939	80	-229	65	10543	52715	10543	85911788
10844	-4374	-7280	4575	-1845	10007	82	-230	58	10544	52720	10544	85911799
10686	-4804	-7683	4012	-2173	10101	83	-230	59	10545	52725	10545	85911822
10263	-4854	-7968	3130	-2627	10085	85	-231	61	10546	52730	10546	85911834
9869	-4866	-8466	2168	-2940	9970	84	-230	60	10547	52735	10547	85911834
9570	-4776	-9496	1267	-3289	9863	83	-229	59	10548	52740	10548	85911834
9428	-4613	-10452	368	-3635	9718	87	-227	61	10549	52745	10549	85911835
9442	-4347	-10714	-162	-3982	9642	90	-226	62	10550	52750	10550	85911835
8697	-3959	-10452	-317	-4342	9613	94	-228	63	10551	52755	10551	85911836
8139	-3708	-9284	-504	-3943	9413	96	-230	64	10552	52760	10552	85911852
7870	-3471	-7842	-395	-3273	9047	94	-228	60	10553	52765	10553	85911863
7293	-3328	-7118	323	-2928	8823	93	-227	57	10554	52770	10554	85911863
6934	-3587	-7363	1020	-2784	8711	91	-227	55	10555	52775	10555	85911863
6874	-4116	-7632	1571	-2997	8548	91	-227	55	10556	52780	10556	85911863
6813	-4648	-7565	2000	-3363	8416	97	-225	58	10557	52785	10557	85911863
6638	-4915	-7363	2114	-3654	8339	99	-225	59	10558	52790	10558	85911863
6209	-5244	-7187	2324	-3910	8279	97	-224	57	10559	52795	10559	85911893
6376	-5889	-7368	3123	-4037	8230	96	-224	56	10560	52800	10560	85911901
6804	-6541	-7635	3800	-4312	8314	94	-227	58	10561	52805	10561	85911901
7496	-7191	-7482	3874	-4758	8380	94	-228	58	10562	52810	10562	85911901
8278	-8494	-7704	3778	-5182	8626	100	-224	50	10563	52815	10563	85911902
8302	-9600	-8268	3055	-5589	8618	100	-224	50	10564	52820	10564	85911902
8510	-10100	-8540	1240	-5923	8414	103	-227	57	10565	52825	10565	85911902
9254	-10404	-8774	-755	-6390	8086	103	-227	57	10566	52830	10566	85911911
10138	-10842	-9328	-2320	-6958	7711	105	-223	51	10567	52835	10567	85911950
11074	-11198	-9682	-4059	-7705	7558	105	-223	51	10568	52840	10568	85911950
11396	-11000	-10854	-5649	-8660	7579	106	-222	52	10569	52845	10569	85911950
11276	-11148	-11952	-6334	-8453	7256	106	-222	52	10570	52850	10570	85911950
11558	-10512	-9562	-6926	-7944	6355	112	-224	46	10571	52855	10571	85911951
10894	-9381	-7081	-7341	-8105	5703	113	-222	47	10572	52860	10572	85911951
9710	-8776	-6682	-7066	-8276	5433	115	-215	51	10573	52865	10573	85911953
9679	-8653	-7045	-6615	-8640	5498	113	-214	51	10574	52870	10574	85911967
9828	-8494	-7596	-6544	-9407	5622	104	-212	50	10575	52875	10575	85911988
9400	-8202	-7652	-6696	-10458	5547	105	-213	49	10576	52880	10576	85911989
8659	-7583	-7020	-7020	-11441	5329	109	-217	47	10577	52885	10577	85911990
7895	-6946	-6686	-7584	-12280	5344	109	-216	46	10578	52890	10578	85911990
7196	-6410	-6186	-8487	-12765	5589	108	-214	42	10579	52895	10579	85911990
6931	-6072	-6546	-9137	-12855	5689	108	-215	39	10580	52900	10580	85911990
7292	-5843	-6792	-10087	-12883	5725	107	-217	35	10581	52905	10581	85911991
7743	-4908	-6966	-11508	-13054	5616	107	-213	34	10582	52910	10582	85911991
8193	-3461	-7451	-12905	-13378	5704	107	-207	33	10583	52915	10583	85911992
8531	-1908	-8116	-14074	-13844	5951	107	-207	33	10584	52920	10584	85912002
8250	55	-9201	-14736	-14523	6292	106	-208	32	10585	52925	10585	85912045
7920	1776	-10481	-14841	-15280	6909	107	-208	31	10586	52930	10586	85912059
7638	3635	-11604	-14759	-16030	7522	111	-207	27	10587	52935	10587	85912059
7774	5516	-13067	-13993	-16811	8316	111	-208	24	10588	52940	10588	85912059
7576	7384	-14326	-12831	-17548	9126	112	-210	20	10589	52945	10589	85912060
7175	9897	-15018	-11050	-18585	10124	110	-208	21	10590	52950	10590	85912071
6424	11979	-15816	-7831	-19435	11304	108	-206	22	10591	52955	10591	85912094
5822	12336	-17813	-3376	-19624	12482	109	-204	18	10592	52960	10592	85912104
5634	10935	-20138	918	-19328	13109	110	-202	12	10593	52965	10593	85912104
5194	8985	-21869	4332	-19050	13130	112	-201	9	10594	52970	10594	85912105
3872	7460	-22425	6577	-18770	12440	115	-199	5	10595	52975	10595	85912105
2074	5187	-22712	8679	-17716	11230	116	-196	7	10596	52980	10596	85912105
478	1393	-23551	10785	-16381	10710	117	-193	9	10597	52985	10597	85912106
-187	-1800	-23534	10824	-15510	10007	121	-194	11	10598	52990	10598	85912107
-170	-3477	-21716	8655	-14510	8710	124	-194	12	10599	52995	10599	85912107
-386	-4854	-19089	6630	-13518	7600	123	-190	10	10600	53000	10600	85912108
-381	-7145	-17410	6139	-12782	7383	123	-187	9	10601	53005	10601	85912109
319	-9340	-16422	5917	-12023	7477	128	-189	7	10602	53010	10602	85912110
1585	-11148	-15317	5057	-11295	7041	131	-191	5	10603	53015	10603	85912110
2912	-13677	-15153	4601	-10577	6281	130	-190	7	10604	53020	10604	85912128
2977	-16526	-16496	4431	-10185	6105	129	-189	7	10605	53025	10605	85912134
3023	-18595	-18449	3286	-10097	6703	129	-189	1	10606	53030	10606	85912134
2379	-18692	-19242	358	-10289	6572	129	-189	-1	10607	53035	10607	85912134
1289	-18526	-19138	-2219	-10428	5616	131	-186	-1	10608	53040	10608	85912134
525	-19068	-19106	-3380	-10367	4848	131	-185	-1	10609	53045	10609	85912134
237	-19338	-18880	-4200	-10127	4450	129	-183	-3	10610	53050	10610	85912134
510	-18685	-17936	-5385	-9408	3876	128	-182	-4	10611	53055	10611	85912135
-81	-17002	-17218	-6646	-8265	3214	130	-181	-6	10612	53060	10612	85912135
-762	-14628	-15950	-8323	-6424	2322	131	-181	-7	10613	53065	10613	85912146
250	-13212	-14968	-9347	-4417	1598	127	-183	-9	10614	53070	10614	85912174
1166	-11576	-14688	-10470	-2601	727	127	-183	-9	10615	53075	10615	85912174
1632	-10104	-14754	-11549	-1295	-35	125	-183	-9	10616	53080	10616	85912174
1962	-8860	-15118	-12118	-362	-610	125	-183	-9	10617	53085	10617	85912174
2226	-7536	-15532	-12391	347	-1058	122	-176	-10	10618	53090	10618	85912174
2364	-5916	-15614	-12523	969	-1423	122	-176	-10	10619	53095	10619	85912174
2510	-4294	-15632	-12380	1578	-1741	125	-181	-13	10620	53100	10620	85912174
2800	-2199	-15607	-11799	2193	-2021	123	-182	-12	10621	53105	10621	85912192
3116	-606	-15584	-10954	2502	-2121	117	-185	-9	10622	53110	10622	85912216
3310	691	-15602	-9894	2543	-2055	116	-185	-10	10623	53115	10623	85912217
3572	1720	-15573	-8706	2417	-1864	113	-185	-13	10624	53120	10624	85912217
3752	2411	-15534	-7541	2136	-1617	115	-185	-13	10625	53125	10625	85912217
3897	2771	-15436	-6580	1744	-1358	125	-183	-11	10626	53130	10626	85912217
4015	2856	-15205	-5900	1250	-1157	124	-183	-11	10627	53135	10627	85912218
4058	2696	-15060	-5509	732	-1074	116	-184	-12	10628	53140	10628	85912218
4364	2332	-14508	-5302	84	-1152	116	-184	-12	10629	53145	10629	85912228
4848	2084	-13733	-5529	-563	-1333	118	-180	-14	10630	53150	10630	85912256
5062	1860	-13146	-5743	-1003	-1453	118	-180	-13	10631	53155	10631	85912257
5280	1638	-12734	-5739	-1318	-1565	116	-180	-8	10632	53160	10632	85912257
5350	1138	-12440	-5409	-1477	-1644	115	-181	-9	10633	53165	10633	85912257
5510	517	-12174	-4947	-1527	-1708	113	-183	-13	10634	53170	10634	85912257
5718	-118	-11742	-4490	-1556	-1748	113	-183	-13	10635	53175	10635	85912257
5934	-737	-11264	-4033	-1612	-1741	113	-183	-11	10636	53180	10636	85912257
6131	-1210	-10917	-3647	-1676	-1719	112	-183	-12	10637	53185	10637	85912265
6391	-1421	-10492	-3253	-1762	-1677	110	-182	-14	10638	53190	10638	85912288
6554	-1617	-10234	-2832	-1828	-1602	108	-179	-16	10639	53195	10639	85912295
6668	-1835	-10057	-2411	-1907	-1489	105	-175	-19	10640	53200	10640	85912295
6650	-1908	-9890	-2056	-2052	-1358	106	-177	-17	10641	53205	10641	85912296
6483	-1978	-9750	-1715	-2246	-1209	107	-181	-15	10642	53210	10642	85912296
6158	-2141	-9912	-1393	-2470	-1063	107	-181	-15	10643	53215	10643	85912296
5859	-2395	-10160	-1212	-2723	-916	108	-180	-16	10644	53220	10644	85912296
5572	-2596	-10327	-1237	-3003	-814	109	-179	-16	10645	53225	10645	85912306
5327	-2701	-10516	-1417	-3327	-745	110	-178	-16	10646	53230	10646	85912327
5264	-2761	-10657	-1688	-3710	-689	108	-178	-21	10647	53235	10647	85912331
5210	-2727	-10838	-1986	-4061	-652	106	-178	-24	10648	53240	10648	85912331
5088	-2634	-11118	-2325	-4406	-603	108	-180	-18	10649	53245	10649	85912331
5141	-2504	-11365	-2681	-4772	-530	110	-182	-14	10650	53250	10650	85912331
5244	-2353	-11688	-2990	-5122	-454	109	-181	-19	10651	53255	10651	85912332
5274	-2133	-12072	-3301	-5424	-384	108	-180	-22	10652	53260	10652	85912338
5360	-1771	-12481	-3650	-5641	-309	109	-176	-22	10653	53265	10653	85912359
5426	-1336	-12984	-3979	-5740	-219	110	-174	-22	10654	53270	10654	85912371
5409	-952	-13422	-4132	-5636	-151	103	-176	-23	10655	53275	10655	85912371
5332	-441	-13763	-4177	-5401	-84	101	-177	-23	10656	53280	10656	85912371
5071	274	-14231	-4074	-5087	-4	105	-176	-24	10657	53285	10657	85912372
4680	903	-14662	-3770	-4793	80	106	-176	-24	10658	53290	10658	85912372
4174	1457	-15048	-3266	-4510	155	105	-177	-25	10659	53295	10659	85912372
3631	1977	-15460	-2700	-4235	239	105	-177	-25	10660	53300	10660	85912377
3125	2451	-15691	-2108	-3979	325	103	-179	-23	10661	53305	10661	85912396
2789	2621	-16014	-1427	-3815	420	103	-179	-23	10662	53310	10662	85912401
2670	2662	-16206	-692	-3678	540	100	-168	-24	10663	53315	10663	85912401
2576	2646	-16276	-267	-3638	637	100	-168	-24	10664	53320	10664	85912401
2660	2426	-16454	81	-3666	751	111	-179	-19	10665	53325	10665	85912401
2978	2120	-16638	233	-3683	820	111	-179	-19	10666	53330	10666	85912402
3066	2030	-16702	107	-3698	862	107	-175	-23	10667	53335	10667	85912402
3250	1840	-16604	-107	-3673	894	107	-175	-23	10668	53340	10668	85912441
3544	1632	-16646	-373	-3637	895	102	-176	-24	10669	53345	10669	85912442
3708	1358	-16646	-620	-3694	891	102	-176	-24	10670	53350	10670	85912442
3766	1132	-16552	-783	-3820	886	100	-168	-30	10671	53355	10671	85912442
3704	976	-16314	-948	-4029	904	100	-168	-30	10672	53360	10672	85912442
3700	948	-16004	-956	-4275	930	97	-175	-23	10673	53365	10673	85912442
3556	924	-15990	-700	-4511	1003	97	-175	-23	10674	53370	10674	85912442
3406	1024	-15784	-297	-4639	1126	103	-173	-25	10675	53375	10675	85912448
3276	1210	-15558	162	-4637	1237	103	-173	-25	10676	53380	10676	85912476
2988	1094	-15314	816	-4550	1338	103	-171	-25	10677	53385	10677	85912476
2902	1382	-15220	1411	-4384	1445	103	-171	-25	10678	53390	10678	85912477
2710	1704	-14970	1935	-4145	1526	100	-172	-28	10679	53395	10679	85912477
2518	1795	-14741	2675	-3935	1650	102	-172	-28	10680	53400	10680	85912477
2379	1867	-14666	3182	-3825	1765	108	-172	-26	10681	53405	10681	85912485
2168	1935	-14490	3521	-3791	1884	108	-172	-26	10682	53410	10682	85912515
1924	1860	-14375	3832	-3759	2002	106	-174	-26	10683	53415	10683	85912516
1632	1662	-14205	4095	-3643	2100	106	-174	-27	10684	53420	10684	85912516
1384	1406	-14330	4246	-3427	2160	105	-173	-29	10685	53425	10685	85912516
1357	1120	-14429	4255	-3149	2202	105	-172	-29	10686	53430	10686	85912516
1484	899	-14396	4184	-2855	2191	106	-168	-30	10687	53435	10687	85912517
1515	524	-14350	4126	-2736	2174	106	-168	-28	10688	53440	10688	85912517
1532	123	-14380	4056	-2760	2166	106	-168	-26	10689	53445	10689	85912531
1534	-223	-14526	3925	-2760	2140	106	-169	-26	10690	53450	10690	85912553
1544	-498	-14531	3774	-2690	2104	107	-171	-25	10691	53455	10691	85912553
1668	-796	-14392	3668	-2593	2052	108	-173	-27	10692	53460	10692	85912553
1750	-910	-14140	3595	-2561	1999	109	-175	-29	10693	53465	10693	85912553
1698	-902	-13866	3603	-2614	1963	108	-174	-28	10694	53470	10694	85912553
1703	-1123	-13572	3754	-2692	1970	106	-172	-26	10695	53475	10695	85912553
1677	-1252	-13112	3852	-2763	2012	106	-170	-28	10696	53480	10696	85912561
1494	-1275	-12678	3781	-2900	2090	106	-168	-30	10697	53485	10697	85912582
1217	-1399	-12352	3812	-3004	2205	110	-168	-28	10698	53490	10698	85912592
1123	-1358	-12240	3899	-2978	2318	112	-168	-26	10699	53495	10699	85912592
1209	-1204	-12374	4042	-2810	2420	113	-166	-31	10700	53500	10700	85912592
1162	-1192	-12464	4243	-2604	2553	113	-165	-35	10701	53505	10701	85912593
1134	-1273	-12517	4458	-2468	2682	113	-164	-33	10702	53510	10702	85912593
1089	-1302	-12717	4607	-2424	2778	113	-163	-31	10703	53515	10703	85912593
1157	-1308	-12797	4636	-2462	2858	115	-162	-27	10704	53520	10704	85912624
1069	-1573	-13012	4693	-2586	2887	116	-162	-26	10705	53525	10705	85912634
905	-1950	-13537	4730	-2703	2887	116	-167	-26	10706	53530	10706	85912635
869	-2103	-13859	4518	-2787	2843	116	-168	-26	10707	53535	10707	85912635
858	-2284	-14163	4398	-2874	2782	118	-162	-30	10708	53540	10708	85912635
981	-2463	-14405	4339	-3006	2775	119	-161	-31	10709	53545	10709	85912636
1014	-2719	-14215	4295	-3199	2822	117	-162	-27	10710	53550	10710	85912636
880	-3332	-14103	4484	-3355	2836	116	-162	-26	10711	53555	10711	85912637
697	-3901	-13949	4630	-3370	2784	121	-156	-29	10712	53560	10712	85912651
642	-4360	-13756	4485	-3057	2604	122	-154	-30	10713	53565	10713	85912667
690	-4792	-13688	4324	-2767	2401	120	-158	-36	10714	53570	10714	85912667
620	-4906	-13658	3965	-2612	2230	120	-158	-36	10715	53575	10715	85912668
583	-4751	-13585	3616	-2634	2154	119	-156	-30	10716	53580	10716	85912668
434	-4805	-13799	3279	-2698	2108	119	-155	-29	10717	53585	10717	85912668
356	-4816	-13981	2922	-2641	2020	121	-158	-27	10718	53590	10718	85912668
341	-4828	-14130	2612	-2589	1892	121	-159	-27	10719	53595	10719	85912675
372	-4869	-14246	2394	-2594	1795	120	-158	-26	10720	53600	10720	85912699
322	-4866	-14478	2167	-2521	1712	120	-158	-26	10721	53605	10721	85912706
530	-4836	-14534	2124	-2363	1682	122	-160	-30	10722	53610	10722	85912706
544	-4842	-14798	2127	-2234	1653	122	-160	-30	10723	53615	10723	85912706
588	-4946	-14894	2044	-2101	1594	124	-158	-32	10724	53620	10724	85912707
744	-5032	-15014	2002	-1868	1552	124	-158	-32	10725	53625	10725	85912707
1184	-4866	-15248	1829	-1670	1478	126	-160	-30	10726	53630	10726	85912708
726	-4496	-15092	1495	-1722	1319	126	-160	-30	10727	53635	10727	85912714
602	-4826	-15286	1533	-1928	1272	129	-155	-31	10728	53640	10728	85912746
728	-4842	-15320	1359	-1819	1239	129	-155	-31	10729	53645	10729	85912747
688	-4606	-15276	925	-1623	1215	128	-156	-32	10730	53650	10730	85912747
696	-4270	-15233	574	-1526	1207	128	-157	-32	10731	53655	10731	85912747
595	-4042	-15365	339	-1393	1162	128	-160	-32	10732	53660	10732	85912747
643	-3951	-15593	231	-1196	1100	128	-160	-32	10733	53665	10733	85912748
804	-4026	-15598	173	-1028	1012	129	-159	-31	10734	53670	10734	85912755
878	-4164	-15584	159	-943	920	128	-158	-31	10735	53675	10735	85912784
846	-4223	-15480	99	-902	820	126	-154	-32	10736	53680	10736	85912784
816	-4213	-15430	-6	-851	727	126	-156	-32	10737	53685	10737	85912784
948	-4270	-15382	-88	-834	641	127	-161	-33	10738	53690	10738	85912785
973	-4329	-15248	-196	-886	575	126	-160	-31	10739	53695	10739	85912785
1026	-4400	-15222	-367	-989	505	124	-158	-28	10740	53700	10740	85912785
1058	-4283	-15161	-624	-1069	417	127	-157	-29	10741	53705	10741	85912785
1025	-4078	-15114	-891	-1082	329	131	-155	-31	10742	53710	10742	85912789
1090	-3940	-15120	-1047	-1006	255	129	-156	-29	10743	53715	10743	85912804
1179	-3863	-15042	-1149	-890	209	125	-157	-25	10744	53720	10744	85912821
1275	-3775	-14888	-1299	-768	185	126	-153	-27	10745	53725	10745	85912821
1277	-3494	-14759	-1516	-670	172	128	-146	-30	10746	53730	10746	85912821
1244	-3296	-14832	-1644	-626	180	127	-149	-32	10747	53735	10747	85912821
1239	-3306	-14952	-1653	-600	206	127	-151	-33	10748	53740	10748	85912821
1167	-3294	-15038	-1640	-622	248	126	-153	-33	10749	53745	10749	85912822
1087	-3239	-15033	-1744	-657	296	125	-155	-33	10750	53750	10750	85912844
1036	-3134	-14829	-1899	-652	346	127	-153	-29	10751	53755	10751	85912859
942	-3209	-14847	-1989	-662	394	128	-152	-26	10752	53760	10752	85912860
808	-3316	-15083	-2090	-686	422	123	-157	-28	10753	53765	10753	85912860
677	-3301	-15224	-2258	-627	440	120	-160	-30	10754	53770	10754	85912860
610	-3348	-15140	-2401	-511	477	122	-156	-29	10755	53775	10755	85912860
606	-3488	-15036	-2526	-402	524	123	-155	-29	10756	53780	10756	85912861
594	-3494	-15035	-2688	-338	584	126	-153	-32	10757	53785	10757	85912866
510	-3438	-14976	-2944	-332	631	127	-153	-33	10758	53790	10758	85912891
413	-3320	-14883	-3162	-404	682	123	-159	-31	10759	53795	10759	85912905
308	-3265	-14728	-3238	-493	723	122	-160	-30	10760	53800	10760	85912907
238	-3165	-14618	-3256	-557	757	125	-157	-33	10761	53805	10761	85912908
212	-3042	-14454	-3266	-600	783	127	-155	-35	10762	53810	10762	85912908
210	-2820	-14387	-3244	-626	789	126	-155	-35	10763	53815	10763	85912908
317	-2549	-14458	-3141	-617	787	125	-155	-35	10764	53820	10764	85912909
445	-2443	-14461	-3024	-568	774	125	-157	-33	10765	53825	10765	85912909
569	-2334	-14324	-2941	-495	773	125	-157	-33	10766	53830	10766	85912931
634	-2195	-14290	-2898	-438	755	121	-151	-31	10767	53835	10767	85912938
644	-2038	-14101	-2870	-361	712	120	-150	-30	10768	53840	10768	85912938
628	-1902	-14020	-2839	-245	658	117	-160	-28	10769	53845	10769	85912938
672	-1716	-14076	-2827	-155	605	116	-162	-28	10770	53850	10770	85912938
772	-1528	-14134	-2862	-118	536	116	-158	-32	10771	53855	10771	85912938
740	-1338	-14230	-2866	-118	520	116	-158	-32	10772	53860	10772	85912938
880	-1142	-14132	-2830	-69	517	118	-158	-34	10773	53865	10773	85912985
992	-1062	-14144	-2758	-26	519	118	-158	-34	10774	53870	10774	85912985
1052	-876	-13920	-2690	-35	525	124	-160	-34	10775	53875	10775	85912985
1112	-774	-13948	-2611	-87	510	124	-160	-34	10776	53880	10776	85912985
1108	-556	-13948	-2574	-63	478	118	-156	-30	10777	53885	10777	85912985
1320	-294	-13776	-2554	-76	456	118	-156	-30	10778	53890	10778	85912985
1256	-118	-13588	-2572	-147	451	120	-154	-30	10779	53895	10779	85912985
1249	76	-13473	-2507	-181	429	121	-154	-31	10780	53900	10780	85912987
1429	229	-13504	-2422	-179	392	124	-154	-34	10781	53905	10781	85913001
1604	260	-13508	-2322	-208	358	123	-154	-34	10782	53910	10782	85913035
1651	303	-13613	-2231	-273	341	118	-154	-32	10783	53915	10783	85913036
1639	449	-13637	-2193	-312	326	118	-155	-33	10784	53920	10784	85913037
1634	648	-13706	-2119	-304	303	117	-161	-39	10785	53925	10785	85913038
1578	731	-13837	-1976	-298	255	116	-159	-39	10786	53930	10786	85913038
1480	792	-13938	-1791	-335	214	113	-153	-39	10787	53935	10787	85913040
1334	792	-13948	-1544	-408	200	115	-152	-39	10788	53940	10788	85913041
1172	753	-14048	-1299	-475	184	118	-150	-38	10789	53945	10789	85913042
955	736	-14244	-1017	-504	185	117	-152	-37	10790	53950	10790	85913042
835	684	-14514	-689	-486	192	115	-155	-35	10791	53955	10791	85913047
850	596	-14783	-355	-469	200	114	-155	-32	10792	53960	10792	85913057
886	440	-15057	-71	-483	223	112	-154	-28	10793	53965	10793	85913062
