-872	484	-14790	224	-457	5	98	-64	-78	1	1	1	73504438	
-828	592	-14740	203	-448	2	93	-67	-85	2	6	2	73504439	
-849	513	-14796	178	-472	2	94	-66	-85	3	11	3	73504439	
-859	534	-14752	168	-491	12	97	-63	-83	4	16	4	73504440	
-836	537	-14858	172	-503	16	96	-64	-83	5	21	5	73504440	
-762	518	-14810	170	-506	25	94	-66	-82	6	26	6	73504440	
-794	516	-14692	179	-491	23	94	-65	-83	7	31	7	73504441	
-864	507	-14754	217	-483	17	95	-59	-85	8	36	8	73504441	
-848	508	-14756	270	-469	19	95	-60	-84	9	41	9	73504447	
-789	491	-14805	319	-442	21	96	-64	-80	10	46	10	73504471	
-806	496	-14835	343	-427	27	96	-62	-83	11	51	11	73504478	
-822	514	-14825	357	-437	24	97	-59	-87	12	56	12	73504478	
-798	510	-14834	347	-447	22	95	-60	-86	13	61	13	73504478	
-769	502	-14780	316	-457	19	92	-62	-84	14	66	14	73504478	
-775	502	-14766	282	-470	16	91	-61	-82	15	71	15	73504478	
-777	495	-14813	242	-473	14	90	-60	-78	16	76	16	73504481	
-798	482	-14769	201	-477	10	91	-62	-79	17	81	17	73504498	
-753	475	-14729	173	-486	11	93	-69	-83	18	86	18	73504537	
-814	492	-14722	154	-488	3	93	-67	-81	19	91	19	73504537	
-807	469	-14641	147	-487	3	93	-65	-79	20	96	20	73504537	
-811	473	-14666	158	-477	1	94	-65	-80	21	101	21	73504537	
-823	507	-14675	166	-469	-3	95	-65	-81	22	106	22	73504538	
-806	513	-14628	180	-453	-5	93	-65	-81	23	111	23	73504538	
-797	498	-14570	200	-430	-6	90	-64	-80	24	116	24	73504538	
-792	514	-14601	218	-415	-7	92	-64	-79	25	121	25	73504538	
-785	482	-14644	228	-410	-10	95	-63	-77	26	126	26	73504538	
-811	487	-14690	236	-414	-12	93	-61	-78	27	131	27	73504549	
-826	496	-14702	240	-436	-8	91	-59	-79	28	136	28	73504560	
-831	486	-14660	233	-460	-8	94	-64	-78	29	141	29	73504560	
-778	486	-14658	234	-485	-5	96	-68	-78	30	146	30	73504560	
-750	517	-14639	231	-507	3	97	-66	-76	31	151	31	73504560	
-782	549	-14649	224	-507	2	98	-64	-74	32	156	32	73504560	
-808	545	-14640	211	-497	2	99	-66	-78	33	161	33	73504561	
-785	538	-14650	198	-484	0	99	-67	-81	34	166	34	73504567	
-793	563	-14672	195	-482	-2	95	-63	-80	35	171	35	73504586	
-848	601	-14660	204	-492	10	93	-61	-79	36	176	36	73504597	
-828	587	-14656	226	-514	19	94	-67	-78	37	181	37	73504597	
-868	595	-14698	237	-535	21	94	-68	-78	38	186	38	73504597	
-829	569	-14711	261	-537	26	96	-65	-83	39	191	39	73504597	
-854	557	-14726	281	-534	28	96	-64	-84	40	196	40	73504597	
-846	580	-14756	299	-521	27	94	-63	-78	41	201	41	73504597	
-898	538	-14751	300	-512	24	93	-63	-77	42	206	42	73504597	
-867	569	-14722	292	-502	25	95	-65	-79	43	211	43	73504604	
-840	520	-14822	279	-498	18	95	-65	-79	44	216	44	73504653	
-872	560	-14854	267	-528	27	102	-66	-82	45	221	45	73504654	
-844	528	-14826	259	-523	22	102	-66	-82	46	226	46	73504654	
-908	552	-14716	270	-515	30	95	-67	-83	47	231	47	73504654	
-906	488	-14932	272	-517	16	95	-67	-83	48	236	48	73504654	
-840	438	-14832	257	-504	10	96	-64	-86	49	241	49	73504654	
-886	478	-14848	252	-480	2	96	-64	-86	50	246	50	73504655	
-860	492	-14874	247	-461	0	94	-64	-84	51	251	51	73504675	
-880	540	-14708	235	-467	-4	94	-64	-84	52	256	52	73504675	
-876	520	-14762	230	-474	-10	92	-68	-82	53	261	53	73504675	
-864	520	-14798	220	-466	-5	92	-68	-82	54	266	54	73504675	
-910	528	-14706	222	-454	-7	96	-66	-80	55	271	55	73504675	
-872	534	-14598	220	-438	-2	96	-66	-80	56	276	56	73504675	
-806	512	-14658	210	-452	-1	100	-66	-80	57	281	57	73504675	
-874	514	-14718	209	-469	13	100	-66	-80	58	286	58	73504684	
-894	526	-14698	204	-468	6	99	-69	-81	59	291	59	73504716	
-884	514	-14626	203	-478	6	99	-69	-81	60	296	60	73504717	
-822	490	-14618	215	-482	5	95	-65	-77	61	301	61	73504717	
-847	522	-14662	245	-482	12	94	-65	-77	62	306	62	73504717	
-826	470	-14698	273	-483	20	91	-67	-77	63	311	63	73504717	
-876	427	-14815	298	-495	26	91	-67	-78	64	316	64	73504717	
-848	451	-14795	312	-489	24	93	-65	-83	65	321	65	73504717	
-840	464	-14736	316	-484	21	93	-65	-83	66	326	66	73504722	
-848	464	-14779	318	-485	21	92	-64	-82	67	331	67	73504746	
-905	452	-14809	286	-479	17	92	-65	-81	68	336	68	73504756	
-878	442	-14757	250	-456	13	91	-67	-79	69	341	69	73504757	
-818	409	-14763	228	-448	11	93	-65	-79	70	346	70	73504764	
-816	457	-14742	217	-443	9	97	-61	-79	71	351	71	73504775	
-835	472	-14764	208	-425	0	97	-64	-79	72	356	72	73504776	
-837	466	-14729	216	-418	-5	96	-68	-80	73	361	73	73504779	
-846	482	-14677	231	-420	-10	93	-64	-83	74	366	74	73504794	
-847	486	-14662	248	-424	-10	89	-59	-87	75	371	75	73504810	
-796	465	-14637	262	-424	-8	90	-61	-85	76	376	76	73504810	
-755	482	-14672	270	-419	-7	92	-64	-82	77	381	77	73504810	
-734	464	-14632	255	-419	-13	94	-64	-81	78	386	78	73504810	
-696	489	-14605	232	-421	-22	96	-64	-80	79	391	79	73504811	
-751	510	-14582	213	-421	-27	95	-62	-82	80	396	80	73504811	
-780	520	-14586	197	-426	-30	95	-61	-83	81	401	81	73504812	
-814	536	-14616	185	-441	-29	96	-65	-84	82	406	82	73504831	
-768	544	-14633	195	-452	-26	96	-68	-84	83	411	83	73504844	
-752	572	-14624	226	-458	-24	95	-67	-79	84	416	84	73504844	
-770	566	-14631	259	-461	-17	94	-66	-76	85	421	85	73504844	
-720	516	-14678	294	-471	-15	94	-65	-79	86	426	86	73504844	
-714	533	-14719	320	-490	-9	94	-64	-80	87	431	87	73504844	
-756	518	-14752	330	-520	8	92	-67	-86	88	436	88	73504844	
-751	508	-14782	328	-555	11	92	-68	-88	89	441	89	73504849	
-761	506	-14832	315	-586	16	93	-69	-85	90	446	90	73504867	
-784	519	-14799	287	-603	25	93	-69	-83	91	451	91	73504878	
-784	512	-14752	254	-617	32	94	-65	-83	92	456	92	73504878	
-808	446	-14840	213	-620	30	95	-63	-83	93	461	93	73504878	
-827	507	-14830	145	-603	21	94	-62	-82	94	466	94	73504878	
-864	495	-14841	101	-588	15	93	-61	-81	95	471	95	73504878	
-876	495	-14837	88	-585	24	89	-65	-77	96	476	96	73504878	
-897	532	-14840	107	-574	16	88	-66	-76	97	481	97	73504878	
-840	534	-14656	146	-557	12	93	-68	-81	98	486	98	73504878	
-827	513	-14767	190	-541	7	94	-68	-82	99	491	99	73504901	
-890	534	-14761	229	-528	2	96	-66	-83	100	496	100	73504913	
-874	497	-14756	259	-515	5	97	-65	-83	101	501	101	73504914	
-876	558	-14790	284	-495	0	87	-69	-79	102	506	102	73504914	
-866	458	-14908	291	-475	-8	87	-69	-79	103	511	103	73504914	
-788	434	-14746	275	-463	-18	94	-70	-84	104	516	104	73504914	
-790	508	-14774	261	-431	-24	94	-70	-84	105	521	105	73504914	
-854	476	-14752	242	-417	-21	98	-68	-80	106	526	106	73504925	
-866	498	-14728	228	-406	-27	98	-68	-80	107	531	107	73504951	
-836	456	-14790	204	-416	-27	99	-67	-79	108	536	108	73504951	
-826	570	-14698	196	-428	-36	99	-67	-79	109	541	109	73504951	
-796	510	-14702	195	-443	-31	92	-66	-82	110	546	110	73504951	
-821	544	-14629	171	-445	-29	92	-65	-82	111	551	111	73504952	
-844	516	-14712	165	-463	-23	94	-62	-84	112	556	112	73504952	
-848	523	-14672	172	-487	-27	94	-62	-84	113	561	113	73504960	
-812	573	-14638	172	-515	-22	94	-64	-82	114	566	114	73505000	
-849	536	-14612	183	-542	-7	94	-65	-82	115	571	115	73505026	
-898	529	-14670	210	-553	-1	94	-68	-82	116	576	116	73505027	
-893	535	-14616	228	-540	-4	95	-68	-82	117	581	117	73505027	
-899	546	-14736	250	-521	-7	97	-67	-81	118	586	118	73505027	
-864	573	-14718	262	-493	-4	95	-67	-84	119	591	119	73505028	
-897	551	-14718	263	-484	-5	92	-66	-88	120	596	120	73505028	
-936	527	-14714	263	-481	-5	93	-67	-85	121	601	121	73505048	
-927	566	-14725	260	-472	-3	94	-68	-80	122	606	122	73505077	
-908	546	-14724	253	-465	-1	94	-69	-84	123	611	123	73505077	
-890	508	-14755	256	-458	-7	95	-71	-91	124	616	124	73505078	
-896	565	-14762	263	-458	-11	96	-70	-89	125	621	125	73505078	
-923	590	-14670	283	-455	-11	100	-66	-80	126	626	126	73505078	
-936	556	-14735	313	-445	-12	100	-67	-80	127	631	127	73505079	
-952	556	-14796	335	-429	-11	99	-69	-79	128	636	128	73505079	
-910	540	-14744	349	-426	-16	97	-67	-81	129	641	129	73505080	
-858	531	-14704	353	-425	-21	93	-63	-85	130	646	130	73505080	
-834	518	-14660	344	-421	-19	93	-63	-84	131	651	131	73505080	
-843	519	-14578	320	-420	-17	92	-64	-82	132	656	132	73505080	
-855	452	-14522	290	-423	-19	94	-64	-82	133	661	133	73505081	
-847	457	-14531	256	-434	-11	97	-65	-81	134	666	134	73505083	
-816	484	-14638	227	-437	-6	96	-65	-83	135	671	135	73505088	
-827	423	-14510	212	-435	2	95	-65	-85	136	676	136	73505101	
-828	425	-14399	205	-434	4	94	-63	-83	137	681	137	73505115	
-797	466	-14476	197	-426	3	94	-62	-82	138	686	138	73505118	
-776	458	-14546	193	-426	1	93	-62	-80	139	691	139	73505118	
-782	416	-14599	200	-431	13	92	-62	-78	140	696	140	73505118	
-833	428	-14580	213	-440	24	94	-61	-79	141	701	141	73505118	
-810	423	-14617	231	-457	24	96	-60	-80	142	706	142	73505118	
-813	390	-14684	258	-474	26	95	-63	-84	143	711	143	73505118	
-832	392	-14718	292	-512	38	95	-65	-87	144	716	144	73505139	
-814	406	-14796	319	-537	43	96	-61	-80	145	721	145	73505153	
-804	419	-14848	351	-546	43	96	-60	-78	146	726	146	73505156	
-831	384	-14882	367	-552	45	96	-63	-76	147	731	147	73505156	
-856	380	-14939	366	-563	42	96	-64	-76	148	736	148	73505156	
-868	422	-14899	349	-569	37	90	-68	-80	149	741	149	73505156	
-881	448	-14966	319	-568	36	89	-69	-81	150	746	150	73505156	
-873	377	-14885	282	-556	29	93	-62	-79	151	751	151	73505156	
-918	494	-14896	243	-514	27	94	-60	-78	152	756	152	73505156	
-892	434	-14870	208	-471	7	93	-61	-81	153	761	153	73505156	
-876	428	-14850	205	-456	11	93	-61	-81	154	766	154	73505173	
-858	512	-14858	202	-453	10	95	-65	-83	155	771	155	73505193	
-826	388	-14756	213	-449	6	95	-65	-83	156	776	156	73505193	
-848	458	-14714	230	-438	1	91	-55	-83	157	781	157	73505193	
-784	464	-14690	221	-426	2	91	-55	-83	158	786	158	73505193	
-784	486	-14732	214	-397	-8	97	-65	-85	159	791	159	73505193	
-770	480	-14768	193	-398	-17	97	-65	-85	160	796	160	73505193	
-750	426	-14656	175	-408	-21	88	-64	-82	161	801	161	73505193	
-776	428	-14636	142	-426	-22	88	-64	-82	162	806	162	73505202	
-750	448	-14638	96	-445	-28	97	-63	-83	163	811	163	73505248	
-720	460	-14640	50	-469	-22	97	-63	-83	164	816	164	73505249	
-784	474	-14608	51	-473	-16	94	-66	-78	165	821	165	73505250	
-728	466	-14540	56	-469	-17	94	-66	-78	166	826	166	73505251	
-832	482	-14614	90	-498	-13	94	-70	-80	167	831	167	73505252	
-800	488	-14588	125	-505	-24	94	-70	-80	168	836	168	73505252	
-791	490	-14619	171	-511	-14	91	-63	-81	169	841	169	73505253	
-868	527	-14673	200	-506	-15	92	-63	-81	170	846	170	73505256	
-867	510	-14796	231	-491	-21	98	-64	-82	171	851	171	73505266	
-872	495	-14787	260	-488	-18	97	-64	-82	172	856	172	73505266	
-867	497	-14855	278	-487	-12	95	-63	-81	173	861	173	73505266	
-845	474	-14791	274	-489	-13	95	-62	-81	174	866	174	73505267	
-838	454	-14805	264	-487	-19	94	-60	-82	175	871	175	73505267	
-827	536	-14813	255	-501	-13	94	-61	-81	176	876	176	73505269	
-832	533	-14828	257	-495	-14	93	-67	-79	177	881	177	73505285	
-868	521	-14798	235	-496	-6	96	-66	-79	178	886	178	73505312	
-903	547	-14771	207	-488	-3	100	-64	-78	179	891	179	73505313	
-905	562	-14752	178	-484	-2	97	-65	-80	180	896	180	73505314	
-880	590	-14737	156	-487	2	93	-67	-83	181	901	181	73505314	
-884	607	-14714	154	-496	3	93	-66	-83	182	906	182	73505314	
-868	584	-14633	167	-513	9	93	-65	-83	183	911	183	73505314	
-856	572	-14641	187	-532	10	93	-67	-83	184	916	184	73505321	
-859	600	-14725	199	-547	11	93	-69	-83	185	921	185	73505341	
-882	588	-14688	210	-542	14	95	-66	-80	186	926	186	73505350	
-842	558	-14714	216	-539	12	96	-64	-78	187	931	187	73505350	
-864	564	-14688	206	-524	12	95	-64	-78	188	936	188	73505350	
-878	576	-14682	198	-512	19	94	-64	-78	189	941	189	73505350	
-855	568	-14697	191	-509	18	94	-65	-78	190	946	190	73505350	
-852	573	-14708	189	-505	11	94	-66	-78	191	951	191	73505350	
-852	515	-14746	196	-498	4	96	-64	-79	192	956	192	73505367	
-856	496	-14760	199	-489	3	98	-62	-80	193	961	193	73505384	
-878	551	-14712	209	-483	6	94	-62	-85	194	966	194	73505388	
-859	536	-14696	219	-483	7	92	-62	-86	195	971	195	73505388	
-863	491	-14710	230	-487	5	92	-61	-85	196	976	196	73505388	
-881	483	-14667	249	-492	2	92	-60	-84	197	981	197	73505388	
-843	515	-14699	260	-506	5	95	-63	-82	198	986	198	73505388	
-830	512	-14743	275	-522	5	97	-65	-81	199	991	199	73505394	
-809	502	-14716	287	-531	3	95	-63	-80	200	996	200	73505409	
