-17100	494	2682	-665	-428	-465	7173	170	43	1	1	1	72763387	
-17057	525	2725	-701	-415	-503	7174	168	42	2	6	2	72763387	
-17054	564	2796	-699	-343	-533	7175	168	42	3	11	3	72763387	
-17049	634	2894	-677	-241	-564	7176	169	43	4	16	4	72763391	
-16968	677	2896	-651	-128	-588	7178	171	43	5	21	5	72763410	
-16851	667	2872	-639	-45	-597	7179	172	42	6	26	6	72763424	
-16753	755	2874	-640	17	-604	7180	173	42	7	31	7	72763425	
-16612	832	2973	-647	88	-613	7181	174	42	8	36	8	72763425	
-16452	920	2996	-645	155	-613	7182	171	44	9	41	9	72763425	
-16360	981	2936	-595	172	-601	7183	169	45	10	46	10	72763425	
-16312	970	2922	-488	121	-580	7184	171	43	11	51	11	72763425	
-16321	964	2943	-362	28	-558	7185	173	41	12	56	12	72763429	
-16347	923	2895	-235	-84	-540	7186	174	42	13	61	13	72763451	
-16373	902	2877	-97	-192	-520	7187	174	42	14	66	14	72763463	
-16414	944	2900	19	-258	-506	7188	168	40	15	71	15	72763463	
-16409	941	2922	87	-318	-477	7189	167	39	16	76	16	72763463	
-16392	936	2891	139	-330	-442	7190	169	41	17	81	17	72763463	
-16293	915	2861	172	-323	-408	7191	170	42	18	86	18	72763463	
-16227	886	2876	188	-312	-377	7192	168	40	19	91	19	72763463	
-16284	815	2854	177	-309	-346	7193	167	39	20	96	20	72763493	
-16305	745	2948	129	-323	-315	7194	168	45	21	101	21	72763514	
-16285	648	3067	58	-315	-273	7195	169	49	22	106	22	72763514	
-16284	475	3090	-2	-271	-220	7196	167	48	23	111	23	72763514	
-16282	448	3118	-102	-267	-187	7197	166	48	24	116	24	72763515	
-16338	429	3124	-216	-307	-144	7198	166	45	25	121	25	72763516	
-16408	333	3196	-335	-367	-103	7199	166	44	26	126	26	72763516	
-16484	284	3289	-497	-425	-71	7200	173	45	27	131	27	72763517	
-16503	294	3234	-665	-477	-48	7201	175	45	28	136	28	72763531	
-16522	450	3261	-758	-505	-30	7202	170	47	29	141	29	72763545	
-16554	438	3166	-766	-504	12	7203	169	47	30	146	30	72763548	
-16444	380	3242	-722	-511	30	7204	170	46	31	151	31	72763548	
-16444	370	3164	-714	-559	44	7205	170	46	32	156	32	72763548	
-16476	420	3152	-746	-594	62	7206	168	44	33	161	33	72763548	
-16456	548	3058	-811	-610	52	7207	168	44	34	166	34	72763548	
-16442	560	2966	-848	-567	53	7208	168	46	35	171	35	72763549	
-16250	644	3012	-863	-500	79	7209	168	46	36	176	36	72763549	
-16217	661	3084	-840	-477	92	7210	171	43	37	181	37	72763585	
-16159	603	3092	-809	-494	116	7211	172	42	38	186	38	72763592	
-16106	588	2990	-764	-560	156	7212	172	42	39	191	39	72763593	
-16158	538	3134	-755	-685	181	7213	172	42	40	196	40	72763593	
-16230	534	3042	-742	-869	193	7214	172	44	41	201	41	72763593	
-16244	470	2930	-786	-1017	211	7215	172	44	42	206	42	72763593	
-16364	446	2854	-858	-1120	216	7216	175	37	43	211	43	72763593	
-16438	408	2678	-934	-1175	229	7217	175	37	44	216	44	72763593	
-16566	378	2376	-1039	-1164	234	7218	173	49	45	221	45	72763607	
-16704	366	2260	-1131	-1068	254	7219	173	49	46	226	46	72763626	
-16717	227	2353	-1212	-885	272	7220	170	42	47	231	47	72763626	
-16741	96	2180	-1262	-701	292	7221	170	42	48	236	48	72763626	
-16750	23	2134	-1329	-534	320	7222	169	43	49	241	49	72763626	
-16754	-62	2274	-1407	-437	332	7223	168	43	50	246	50	72763626	
-16816	-176	2393	-1468	-413	354	7224	165	41	51	251	51	72763626	
-16898	-234	2421	-1541	-429	373	7225	167	42	52	256	52	72763627	
-16990	-197	2389	-1645	-429	369	7226	176	46	53	261	53	72763639	
-17125	-136	2380	-1776	-379	360	7227	175	45	54	266	54	72763663	
-17227	42	2373	-1890	-288	354	7228	172	40	55	271	55	72763663	
-17264	95	2357	-1938	-159	348	7229	174	42	56	276	56	72763663	
-17286	160	2348	-1939	-48	344	7230	177	47	57	281	57	72763663	
-17311	268	2120	-1886	69	356	7231	176	46	58	286	58	72763663	
-17366	377	2139	-1788	180	364	7232	173	43	59	291	59	72763663	
-17362	418	2077	-1665	311	363	7233	173	43	60	296	60	72763665	
-17413	492	1892	-1503	462	355	7234	173	45	61	301	61	72763677	
