-2736	766	-16489	16	-195	-32	14	287	-22	1	1	1	79978099	
-2744	796	-16573	-40	-170	-53	12	292	-24	2	6	2	79978100	
-2751	748	-16590	-47	-129	-63	15	289	-22	3	11	3	79978100	
-2699	726	-16640	-19	-101	-67	17	285	-19	4	16	4	79978128	
-2655	741	-16668	43	-103	-68	18	286	-19	5	21	5	79978170	
-2614	755	-16602	122	-127	-51	19	287	-19	6	26	6	79978170	
-2606	770	-16600	224	-175	-42	17	287	-20	7	31	7	79978171	
-2582	831	-16596	369	-232	-41	15	287	-21	8	36	8	79978171	
-2569	868	-16621	568	-279	-44	16	288	-19	9	41	9	79978171	
-2588	827	-16643	796	-341	-37	17	289	-17	10	46	10	79978172	
-2604	812	-16706	1027	-435	-31	17	289	-19	11	51	11	79978179	
-2629	833	-16768	1278	-571	-48	17	289	-21	12	56	12	79978205	
-2632	880	-16842	1576	-729	-89	17	290	-21	13	61	13	79978227	
-2702	908	-16924	1952	-884	-142	17	291	-21	14	66	14	79978227	
-2772	928	-16971	2380	-996	-194	17	291	-20	15	71	15	79978228	
-2764	948	-17141	2791	-1035	-223	17	291	-19	16	76	16	79978228	
-2741	924	-17206	3124	-1040	-238	18	290	-20	17	81	17	79978228	
-2765	868	-17155	3346	-1030	-257	20	288	-22	18	86	18	79978228	
-2756	870	-17164	3491	-1037	-281	19	288	-23	19	91	19	79978240	
-2759	823	-17172	3637	-1069	-324	14	288	-24	20	96	20	79978275	
-2792	706	-17166	3774	-1079	-361	16	287	-23	21	101	21	79978275	
-2812	572	-17118	3896	-1081	-402	20	286	-22	22	106	22	79978275	
-2847	460	-16980	3943	-1089	-463	19	289	-22	23	111	23	79978275	
-2845	434	-16738	3862	-1075	-530	17	293	-21	24	116	24	79978276	
-2829	371	-16555	3642	-1019	-567	20	291	-20	25	121	25	79978276	
-2728	340	-16497	3309	-928	-561	26	288	-18	26	126	26	79978276	
-2663	406	-16417	2769	-802	-505	25	289	-20	27	131	27	79978276	
-2667	369	-16358	2120	-679	-402	21	293	-25	28	136	28	79978276	
-2611	320	-16306	1574	-616	-288	20	291	-23	29	141	29	79978276	
-2566	304	-16344	1075	-597	-164	18	288	-20	30	146	30	79978276	
-2569	256	-16397	643	-590	-55	16	289	-19	31	151	31	79978276	
-2553	198	-16393	321	-627	12	14	290	-18	32	156	32	79978279	
-2538	115	-16304	89	-716	50	16	289	-18	33	161	33	79978284	
-2620	76	-16173	-81	-881	47	24	286	-18	34	166	34	79978284	
-2717	176	-16172	-157	-1047	12	24	287	-18	35	171	35	79978284	
-2864	260	-16154	-122	-1152	-40	23	291	-19	36	176	36	79978284	
-3004	324	-16093	-67	-1163	-81	21	289	-20	37	181	37	79978289	
-3054	368	-16042	-84	-1067	-138	18	286	-22	38	186	38	79978307	
-3035	440	-15984	-229	-922	-186	20	288	-21	39	191	39	79978327	
-2979	412	-15903	-491	-831	-218	22	292	-20	40	196	40	79978331	
-2939	382	-15842	-813	-802	-227	22	292	-20	41	201	41	79978331	
-2899	490	-15784	-1230	-827	-215	20	292	-20	42	206	42	79978331	
-2892	531	-15744	-1630	-903	-183	20	292	-20	43	211	43	79978332	
-2905	656	-15680	-1932	-999	-114	20	292	-22	44	216	44	79978332	
-2901	640	-15428	-2055	-1136	-43	19	291	-21	45	221	45	79978332	
-2904	738	-15264	-2029	-1286	21	17	289	-19	46	226	46	79978340	
-2936	834	-15101	-1915	-1441	47	19	288	-19	47	231	47	79978351	
-2979	890	-14962	-1713	-1599	68	23	287	-19	48	236	48	79978351	
-2933	956	-14648	-1372	-1779	83	22	287	-19	49	241	49	79978351	
-2952	964	-14459	-1001	-2037	101	20	286	-20	50	246	50	79978351	
-2943	963	-14328	-636	-2318	99	20	287	-19	51	251	51	79978351	
-2892	994	-14255	-216	-2616	114	19	293	-15	52	256	52	79978351	
-2882	1108	-14031	357	-2890	146	20	291	-16	53	261	53	79978351	
-2857	1153	-13903	882	-3073	193	21	289	-17	54	266	54	79978352	
-2779	1162	-13813	1388	-3233	260	21	289	-18	55	271	55	79978355	
-2775	1209	-13668	1952	-3442	342	21	291	-21	56	276	56	79978373	
-2818	1212	-13704	2495	-3633	396	20	291	-20	57	281	57	79978389	
-2993	1230	-13718	3015	-3799	416	16	292	-18	58	286	58	79978389	
-3111	1197	-13826	3529	-3911	367	17	291	-18	59	291	59	79978389	
-3286	1175	-13945	4070	-3970	261	22	286	-16	60	296	60	79978390	
-3461	1084	-13999	4631	-4000	127	21	289	-16	61	301	61	79978390	
-3613	829	-14099	4981	-4021	21	19	293	-17	62	306	62	79978390	
-3758	592	-14184	5213	-4033	-67	20	292	-17	63	311	63	79978398	
-3941	305	-14242	5414	-3995	-184	25	287	-19	64	316	64	79978427	
-4013	17	-14338	5618	-3901	-360	24	287	-17	65	321	65	79978435	
-4089	-129	-14323	5904	-3777	-570	19	289	-9	66	326	66	79978435	
-4062	-273	-14344	6311	-3729	-743	19	289	-9	67	331	67	79978435	
-4053	-416	-14317	6765	-3796	-858	21	289	-9	68	336	68	79978435	
-4007	-589	-14336	7115	-3975	-888	22	290	-9	69	341	69	79978436	
-3925	-733	-14312	7281	-4225	-849	25	293	-11	70	346	70	79978439	
-3850	-882	-14369	7303	-4497	-779	25	293	-12	71	351	71	79978454	
-3828	-1059	-14498	7264	-4754	-709	23	293	-15	72	356	72	79978466	
-3954	-1280	-14620	7213	-4953	-672	24	292	-14	73	361	73	79978466	
-3966	-1432	-14821	7154	-5110	-693	26	290	-12	74	366	74	79978466	
-4060	-1650	-14938	7107	-5215	-765	26	291	-12	75	371	75	79978466	
-4136	-1820	-15097	7039	-5237	-838	24	294	-12	76	376	76	79978466	
-4242	-1909	-15351	6982	-5238	-904	25	294	-11	77	381	77	79978467	
-4353	-1910	-15544	7000	-5245	-953	27	293	-5	78	386	78	79978467	
-4409	-1992	-15682	7085	-5295	-1030	28	294	-6	79	391	79	79978469	
-4511	-1966	-15970	7175	-5382	-1104	31	297	-9	80	396	80	79978481	
-4642	-1849	-16372	7229	-5414	-1179	29	297	-9	81	401	81	79978503	
-4753	-1802	-16658	7277	-5399	-1225	22	298	-8	82	406	82	79978503	
-4846	-1798	-16947	7291	-5269	-1240	23	297	-8	83	411	83	79978503	
-4957	-1840	-17106	7217	-5039	-1238	28	292	-10	84	416	84	79978504	
-5044	-2012	-17278	7051	-4781	-1217	28	292	-10	85	421	85	79978504	
-5128	-2281	-17354	6630	-4376	-1191	27	297	-9	86	426	86	79978509	
-5092	-2550	-17312	6224	-4054	-1181	27	297	-8	87	431	87	79978532	
-5042	-2774	-17152	5855	-3822	-1165	28	298	-6	88	436	88	79978539	
-5002	-2931	-17066	5538	-3687	-1153	29	297	-6	89	441	89	79978540	
-4987	-3107	-17068	5287	-3670	-1115	32	294	-8	90	446	90	79978540	
-5023	-3259	-16997	5167	-3697	-1061	31	296	-8	91	451	91	79978540	
-5070	-3282	-16930	5154	-3724	-1042	27	303	-5	92	456	92	79978540	
-5040	-3326	-16754	5155	-3823	-1066	27	303	-5	93	461	93	79978540	
-5162	-3228	-16598	5109	-4102	-1112	26	296	-6	94	466	94	79978549	
-5184	-3176	-16427	4915	-4596	-1196	27	296	-6	95	471	95	79978577	
-5348	-3166	-16377	4688	-5018	-1303	29	297	-7	96	476	96	79978578	
-5595	-3145	-16404	4427	-5316	-1433	29	298	-7	97	481	97	79978578	
-5801	-2981	-16350	4226	-5380	-1545	31	301	-9	98	486	98	79978579	
-5928	-2898	-16390	4108	-5252	-1617	31	301	-9	99	491	99	79978579	
-5900	-2732	-16582	4076	-4870	-1658	28	296	2	100	496	100	79978580	
-5948	-2476	-16838	4188	-4370	-1611	28	296	2	101	501	101	79978583	
-5846	-2538	-16970	4382	-3899	-1536	30	296	0	102	506	102	79978606	
-5651	-2716	-17172	4598	-3514	-1461	29	296	0	103	511	103	79978606	
-5608	-2971	-17257	4707	-3354	-1456	27	297	-1	104	516	104	79978606	
-5581	-3252	-17212	4735	-3251	-1525	28	298	-1	105	521	105	79978606	
-5600	-3468	-17223	4699	-3144	-1687	33	301	1	106	526	106	79978606	
-5598	-3476	-17146	4643	-3011	-1847	33	301	1	107	531	107	79978606	
-5684	-3380	-17106	4668	-2843	-1969	30	300	-2	108	536	108	79978615	
-5726	-3422	-17108	4801	-2604	-1912	30	300	-2	109	541	109	79978646	
-5784	-3512	-17138	4909	-2377	-1740	35	299	1	110	546	110	79978647	
-5885	-3818	-17398	4938	-2065	-1462	35	300	1	111	551	111	79978647	
-5886	-4044	-17377	4909	-1782	-1270	34	302	0	112	556	112	79978648	
-5876	-4148	-17417	4814	-1514	-1179	34	302	0	113	561	113	79978650	
-5868	-4178	-17362	4669	-1286	-1162	33	301	-1	114	566	114	79978661	
-5818	-4220	-17246	4449	-1031	-1144	33	301	-1	115	571	115	79978681	
-5866	-4146	-17508	4254	-834	-1090	32	300	2	116	576	116	79978681	
-6042	-4132	-17722	4219	-696	-1088	32	300	2	117	581	117	79978681	
-6126	-4036	-17820	4363	-544	-1201	35	301	1	118	586	118	79978681	
-6142	-3922	-17682	4549	-325	-1404	35	301	1	119	591	119	79978681	
-6048	-3759	-17555	4651	-99	-1556	33	307	-3	120	596	120	79978681	
-6026	-3806	-17610	4681	51	-1554	33	307	-3	121	601	121	79978681	
-6024	-3882	-17522	4694	252	-1452	32	300	0	122	606	122	79978690	
-5948	-4060	-17388	4714	512	-1393	32	300	0	123	611	123	79978720	
-5850	-4176	-17290	4777	758	-1422	36	298	-2	124	616	124	79978720	
-5774	-4232	-17266	4854	989	-1492	36	298	-2	125	621	125	79978720	
-5568	-4404	-17162	4914	1226	-1532	33	301	-1	126	626	126	79978720	
-5474	-4618	-17132	4930	1440	-1514	33	301	-1	127	631	127	79978720	
-5451	-4853	-17044	4835	1700	-1435	35	299	-1	128	636	128	79978720	
-5366	-4956	-17064	4752	1875	-1351	35	299	-1	129	641	129	79978720	
-5378	-4976	-17032	4686	2073	-1248	37	303	1	130	646	130	79978747	
-5444	-5098	-16970	4676	2200	-1150	37	303	1	131	651	131	79978757	
-5370	-5140	-16818	4678	2219	-1020	36	302	0	132	656	132	79978757	
-5290	-5322	-16742	4604	2123	-928	36	302	0	133	661	133	79978757	
-5412	-5534	-16674	4386	2003	-886	40	300	-4	134	666	134	79978757	
-5524	-5398	-16548	4044	1892	-943	40	300	-4	135	671	135	79978757	
-5696	-5246	-16646	3705	1857	-1034	41	303	-7	136	676	136	79978757	
-5842	-5150	-16682	3431	2018	-1087	41	303	-7	137	681	137	79978768	
-5912	-5100	-16816	3258	2353	-1078	39	297	-3	138	686	138	79978794	
-5986	-5086	-16730	3265	2800	-1022	39	297	-3	139	691	139	79978794	
-5660	-5102	-16578	3422	3206	-998	41	303	1	140	696	140	79978795	
-5398	-5124	-16546	3635	3466	-1018	41	303	1	141	701	141	79978795	
-5070	-5098	-16442	3861	3529	-983	38	302	-4	142	706	142	79978795	
-4892	-5198	-16292	3918	3493	-887	38	302	-4	143	711	143	79978795	
-4828	-5396	-16200	3735	3471	-796	37	293	1	144	716	144	79978795	
-4656	-5328	-15946	3409	3513	-773	37	293	1	145	721	145	79978805	
-4552	-5284	-15860	3175	3518	-778	40	298	-4	146	726	146	79978832	
-4518	-5230	-15752	3103	3501	-738	40	298	-4	147	731	147	79978832	
-4604	-5308	-15656	3150	3487	-600	43	299	-3	148	736	148	79978833	
-4784	-5278	-15748	3195	3457	-481	43	299	-3	149	741	149	79978833	
-4878	-5306	-15656	3217	3447	-407	40	298	-6	150	746	150	79978833	
-4958	-5356	-15516	3193	3467	-388	40	298	-6	151	751	151	79978833	
-5118	-5241	-15504	3154	3526	-392	41	297	-2	152	756	152	79978834	
-5214	-5262	-15410	3186	3648	-419	41	297	-1	153	761	153	79978873	
-5222	-5378	-15184	3310	3742	-445	47	301	-7	154	766	154	79978873	
-5240	-5306	-15120	3526	3784	-529	47	301	-7	155	771	155	79978873	
-5022	-5418	-14968	3801	3711	-647	41	297	-3	156	776	156	79978873	
-4836	-5452	-14886	3994	3603	-728	41	297	-3	157	781	157	79978873	
-4714	-5455	-14834	4077	3596	-726	42	300	-11	158	786	158	79978874	
-4488	-5480	-14846	4173	3675	-709	42	300	-12	159	791	159	79978874	
-4364	-5492	-14734	4377	3781	-690	44	296	-6	160	796	160	79978880	
-4078	-5562	-14650	4752	3811	-688	45	295	-5	161	801	161	79978912	
-3948	-5812	-14428	5065	3657	-662	48	298	-10	162	806	162	79978912	
-4060	-6112	-14340	5314	3401	-696	48	298	-10	163	811	163	79978913	
-4088	-6128	-14104	5414	3196	-834	42	296	-8	164	816	164	79978913	
-4072	-6136	-13986	5447	3125	-980	42	296	-8	165	821	165	79978913	
-3972	-6073	-13903	5588	3124	-1066	44	298	-8	166	826	166	79978913	
-3829	-6130	-13835	5891	3024	-1105	44	298	-8	167	831	167	79978914	
-3760	-6170	-13816	6223	2759	-1095	52	295	-11	168	836	168	79978921	
-3566	-6248	-13728	6393	2321	-1077	54	294	-12	169	841	169	79978947	
-3558	-6140	-13668	6198	1976	-1077	43	295	-9	170	846	170	79978947	
-3500	-5888	-13594	5849	1771	-1083	43	295	-9	171	851	171	79978947	
-3580	-5654	-13398	5515	1718	-1091	50	296	-8	172	856	172	79978947	
-3545	-5369	-13346	5391	1781	-1060	50	296	-8	173	861	173	79978947	
-3487	-5122	-13323	5458	1940	-997	48	295	-9	174	866	174	79978947	
-3367	-5056	-13264	5756	2095	-890	47	295	-9	175	871	175	79978948	
-3191	-5151	-13344	6150	2172	-704	47	295	-14	176	876	176	79978963	
-2996	-5405	-13339	6484	2133	-448	47	295	-15	177	881	177	79978981	
-2846	-5754	-13472	6717	1985	-121	51	295	-17	178	886	178	79978985	
-2714	-5904	-13504	6772	1827	34	51	295	-17	179	891	179	79978985	
-2732	-6054	-13634	6756	1701	39	52	296	-10	180	896	180	79978985	
-2850	-6207	-13713	6729	1566	-2	52	296	-8	181	901	181	79978985	
-2982	-6387	-13657	6672	1470	-68	47	293	-10	182	906	182	79978985	
-3170	-6573	-13718	6567	1411	-113	46	292	-10	183	911	183	79978985	
-3264	-6738	-13752	6454	1380	-151	51	295	-10	184	916	184	79979015	
-3307	-7005	-13834	6333	1394	-160	52	296	-10	185	921	185	79979022	
-3292	-7330	-13820	6239	1375	-95	55	297	-17	186	926	186	79979022	
-3224	-7478	-13970	6135	1308	-59	55	297	-17	187	931	187	79979023	
-3217	-7475	-14152	6012	1208	-73	57	294	-15	188	936	188	79979023	
-3216	-7413	-14369	5860	1070	-44	57	293	-15	189	941	189	79979023	
-3248	-7524	-14385	5705	961	62	56	297	-9	190	946	190	79979024	
-3262	-7570	-14354	5500	907	205	56	298	-8	191	951	191	79979038	
-3208	-7696	-14214	5214	902	352	55	292	-10	192	956	192	79979056	
-3213	-7864	-14121	4850	853	454	55	291	-11	193	961	193	79979059	
-3112	-8130	-14074	4405	693	468	56	296	-10	194	966	194	79979059	
-3149	-8203	-13977	4166	536	411	56	296	-10	195	971	195	79979060	
-3257	-8301	-14001	3979	339	350	54	291	-12	196	976	196	79979060	
-3413	-8431	-14174	3864	177	335	54	290	-12	197	981	197	79979060	
-3502	-8500	-14275	3761	90	378	56	294	-14	198	986	198	79979060	
-3586	-8521	-14370	3646	24	462	57	295	-15	199	991	199	79979090	
-3700	-8542	-14476	3472	41	534	54	293	-12	200	996	200	79979097	
-3806	-8575	-14447	3184	135	621	53	293	-11	201	1001	201	79979098	
-3785	-8650	-14483	2873	227	710	54	300	-13	202	1006	202	79979098	
-3691	-8743	-14603	2535	306	832	54	304	-14	203	1011	203	79979098	
-3706	-8874	-14805	2289	322	938	52	298	-12	204	1016	204	79979099	
-3724	-9060	-14888	2016	352	1000	52	296	-12	205	1021	205	79979099	
-3787	-9127	-14871	1621	361	995	52	298	-10	206	1026	206	79979107	
-3775	-9092	-14922	1163	322	887	52	298	-10	207	1031	207	79979129	
-3757	-8940	-15022	735	246	719	57	290	-16	208	1036	208	79979134	
-3739	-8863	-14977	401	211	613	58	288	-18	209	1041	209	79979134	
-3703	-8740	-14981	28	218	571	53	293	-16	210	1046	210	79979135	
-3573	-8608	-14841	-463	281	580	50	296	-14	211	1051	211	79979135	
-3424	-8418	-14792	-822	321	604	56	295	-15	212	1056	212	79979135	
-3455	-8349	-14744	-1012	315	607	57	295	-15	213	1061	213	79979135	
-3480	-8233	-14769	-1106	267	610	56	296	-13	214	1066	214	79979181	
-3524	-8318	-14720	-1160	197	642	56	296	-12	215	1071	215	79979193	
-3598	-8320	-14661	-1246	148	640	54	294	-9	216	1076	216	79979193	
-3607	-8258	-14725	-1282	106	598	54	294	-8	217	1081	217	79979194	
-3623	-8145	-14804	-1232	64	552	56	293	-14	218	1086	218	79979194	
-3690	-8100	-14859	-1101	32	484	58	292	-18	219	1091	219	79979195	
-3742	-8138	-14849	-1053	69	471	56	298	-12	220	1096	220	79979196	
-3763	-8119	-14721	-1171	160	550	56	300	-10	221	1101	221	79979201	
-3721	-8046	-14661	-1333	226	639	51	294	-12	222	1106	222	79979224	
-3710	-7998	-14777	-1434	190	653	50	292	-12	223	1111	223	79979229	
-3753	-8009	-14727	-1454	111	628	53	291	-15	224	1116	224	79979229	
-3844	-7994	-14690	-1457	32	590	54	290	-16	225	1121	225	79979230	
-3914	-7941	-14618	-1501	18	547	53	292	-17	226	1126	226	79979230	
-3949	-7984	-14569	-1599	92	520	53	293	-17	227	1131	227	79979230	
-3997	-8000	-14608	-1662	243	498	54	295	-13	228	1136	228	79979230	
-3942	-8017	-14609	-1595	345	454	54	296	-12	229	1141	229	79979260	
-3888	-7947	-14731	-1471	359	403	52	295	-14	230	1146	230	79979268	
-3909	-7888	-14722	-1405	365	386	51	295	-15	231	1151	231	79979268	
-3895	-7861	-14664	-1442	409	397	53	297	-13	232	1156	232	79979268	
-3905	-7875	-14633	-1600	504	410	54	298	-12	233	1161	233	79979268	
-3840	-7870	-14562	-1781	613	380	53	296	-13	234	1166	234	79979268	
-3724	-7866	-14529	-1887	665	335	53	295	-13	235	1171	235	79979268	
-3653	-7925	-14456	-1872	607	288	53	295	-15	236	1176	236	79979268	
-3692	-7862	-14407	-1794	503	228	53	295	-15	237	1181	237	79979268	
-3691	-7779	-14421	-1747	421	186	55	292	-12	238	1186	238	79979268	
-3679	-7753	-14366	-1712	344	146	56	290	-10	239	1191	239	79979268	
-3725	-7688	-14181	-1695	270	108	52	293	-12	240	1196	240	79979278	
-3742	-7583	-14140	-1723	182	95	49	295	-13	241	1201	241	79979296	
-3716	-7530	-14190	-1747	85	95	53	299	-12	242	1206	242	79979305	
-3712	-7394	-14204	-1688	1	105	55	301	-11	243	1211	243	79979305	
-3688	-7256	-14290	-1541	-46	142	51	300	-12	244	1216	244	79979305	
-3731	-7140	-14275	-1429	-16	220	50	300	-12	245	1221	245	79979310	
-3743	-7140	-14387	-1370	54	315	51	297	-11	246	1226	246	79979315	
-3795	-7141	-14450	-1297	147	391	51	295	-11	247	1231	247	79979318	
-3862	-7114	-14501	-1191	234	429	51	294	-13	248	1236	248	79979332	
-3915	-7111	-14588	-1075	331	456	51	293	-15	249	1241	249	79979342	
-4002	-7130	-14588	-971	434	506	49	296	-12	250	1246	250	79979342	
-3920	-7227	-14581	-909	519	560	48	298	-10	251	1251	251	79979342	
-3739	-7333	-14549	-904	572	587	49	296	-12	252	1256	252	79979342	
-3540	-7381	-14450	-954	586	596	50	294	-14	253	1261	253	79979342	
-3389	-7361	-14372	-1065	547	602	50	293	-10	254	1266	254	79979342	
-3354	-7290	-14283	-1221	438	644	50	292	-8	255	1271	255	79979343	
-3407	-7182	-14262	-1395	338	732	51	295	-15	256	1276	256	79979343	
-3460	-7065	-14265	-1570	283	860	51	297	-19	257	1281	257	79979348	
-3544	-6978	-14214	-1707	242	989	51	296	-15	258	1286	258	79979374	
-3590	-6924	-14235	-1759	206	1083	51	295	-13	259	1291	259	79979389	
-3573	-6929	-14295	-1701	146	1112	53	296	-14	260	1296	260	79979389	
-3566	-6994	-14385	-1578	51	1101	54	296	-14	261	1301	261	79979390	
-3570	-7048	-14465	-1471	-14	1089	54	291	-12	262	1306	262	79979390	
-3596	-7022	-14493	-1437	-16	1101	54	288	-10	263	1311	263	79979390	
-3615	-6989	-14434	-1457	-12	1111	49	293	-12	264	1316	264	79979390	
-3577	-6975	-14371	-1513	-22	1101	45	297	-13	265	1321	265	79979440	
-3554	-6954	-14302	-1614	-71	1101	49	298	-14	266	1326	266	79979473	
-3506	-6957	-14308	-1762	-167	1130	51	299	-15	267	1331	267	79979473	
-3465	-6927	-14288	-1919	-276	1183	51	297	-16	268	1336	268	79979473	
-3442	-6882	-14284	-2093	-404	1251	50	294	-16	269	1341	269	79979473	
-3396	-6866	-14314	-2270	-516	1330	49	296	-15	270	1346	270	79979473	
-3419	-6810	-14383	-2415	-582	1408	49	297	-15	271	1351	271	79979473	
-3468	-6738	-14444	-2552	-625	1502	49	299	-13	272	1356	272	79979478	
-3511	-6724	-14458	-2712	-658	1634	49	301	-11	273	1361	273	79979499	
-3512	-6677	-14483	-2897	-688	1795	48	297	-13	274	1366	274	79979512	
-3514	-6621	-14475	-3068	-739	1934	47	295	-15	275	1371	275	79979512	
-3535	-6590	-14449	-3241	-806	2043	49	295	-13	276	1376	276	79979512	
-3590	-6508	-14408	-3463	-886	2163	51	295	-11	277	1381	277	79979513	
-3632	-6460	-14312	-3723	-956	2342	53	294	-10	278	1386	278	79979513	
-3665	-6516	-14281	-4047	-991	2543	54	294	-10	279	1391	279	79979513	
-3693	-6562	-14376	-4420	-1020	2745	50	296	-12	280	1396	280	79979514	
-3684	-6542	-14422	-4733	-1058	2901	47	297	-13	281	1401	281	79979514	
-3691	-6505	-14407	-4922	-1119	2993	48	294	-12	282	1406	282	79979514	
-3692	-6443	-14366	-5042	-1226	3064	49	291	-11	283	1411	283	79979514	
-3694	-6366	-14300	-5136	-1387	3140	50	295	-12	284	1416	284	79979519	
-3750	-6314	-14242	-5245	-1572	3230	52	300	-14	285	1421	285	79979526	
-3852	-6188	-14111	-5433	-1803	3363	48	300	-12	286	1426	286	79979528	
-4041	-6013	-13993	-5668	-2034	3511	44	300	-10	287	1431	287	79979528	
-4271	-5820	-13924	-5826	-2244	3638	42	298	-10	288	1436	288	79979529	
-4502	-5631	-13917	-5879	-2460	3764	40	296	-10	289	1441	289	79979541	
-4757	-5526	-13878	-5859	-2678	3876	41	299	-10	290	1446	290	79979549	
-5024	-5506	-13770	-5828	-2893	3951	41	301	-9	291	1451	291	79979549	
-5240	-5596	-13731	-5841	-3094	3982	41	299	-9	292	1456	292	79979549	
-5395	-5751	-13786	-5884	-3281	3962	40	296	-10	293	1461	293	79979549	
-5519	-5880	-13841	-5891	-3481	3852	39	297	-11	294	1466	294	79979550	
-5662	-5991	-14019	-5798	-3657	3698	38	298	-12	295	1471	295	79979550	
-5796	-6146	-14164	-5660	-3827	3565	38	293	-8	296	1476	296	79979558	
-5878	-6319	-14302	-5584	-3988	3459	38	290	-6	297	1481	297	79979577	
-5967	-6423	-14544	-5562	-4124	3350	38	294	-10	298	1486	298	79979589	
-6037	-6315	-14819	-5503	-4229	3199	39	299	-15	299	1491	299	79979590	
-6007	-6039	-14979	-5335	-4319	3032	37	298	-11	300	1496	300	79979591	
-5955	-5759	-15221	-5128	-4432	2927	35	297	-5	301	1501	301	79979592	
-5886	-5446	-15419	-4964	-4566	2917	34	296	-9	302	1506	302	79979592	
-5786	-5196	-15658	-4888	-4657	2951	33	295	-13	303	1511	303	79979592	
-5693	-4988	-15856	-4868	-4700	2986	35	298	-10	304	1516	304	79979596	
-5649	-4856	-15999	-4881	-4705	3005	36	300	-6	305	1521	305	79979610	
-5576	-4810	-16078	-4917	-4639	2982	34	297	-7	306	1526	306	79979626	
-5458	-4725	-16082	-4933	-4492	2933	30	292	-8	307	1531	307	79979626	
-5458	-4594	-16150	-4870	-4270	2876	33	295	-6	308	1536	308	79979626	
-5444	-4483	-16191	-4696	-3997	2807	38	300	-4	309	1541	309	79979627	
-5448	-4392	-16285	-4441	-3684	2736	35	300	-6	310	1546	310	79979627	
-5582	-4426	-16374	-4145	-3344	2663	30	300	-8	311	1551	311	79979627	
-5741	-4561	-16521	-3831	-2968	2615	31	299	-6	312	1556	312	79979627	
-5840	-4686	-16695	-3482	-2553	2576	32	298	-2	313	1561	313	79979647	
-5900	-4856	-16784	-3109	-2130	2504	30	300	-1	314	1566	314	79979684	
-5931	-5032	-16777	-2761	-1781	2397	26	302	0	315	1571	315	79979695	
-5928	-5198	-16780	-2497	-1553	2300	28	301	1	316	1576	316	79979695	
-5944	-5360	-16810	-2320	-1440	2204	31	299	3	317	1581	317	79979696	
-5918	-5474	-16807	-2205	-1387	2085	29	299	1	318	1586	318	79979696	
-5915	-5546	-16748	-2156	-1345	1955	27	299	-1	319	1591	319	79979696	
-5881	-5648	-16652	-2204	-1324	1827	27	300	-1	320	1596	320	79979700	
-5749	-5702	-16514	-2352	-1328	1718	27	301	-1	321	1601	321	79979722	
-5641	-5793	-16399	-2563	-1325	1659	28	299	-1	322	1606	322	79979747	
-5614	-5907	-16346	-2821	-1302	1640	30	296	0	323	1611	323	79979747	
-5598	-6028	-16437	-3078	-1230	1684	30	297	0	324	1616	324	79979747	
-5608	-6050	-16515	-3295	-1092	1772	29	299	1	325	1621	325	79979747	
-5637	-6044	-16596	-3431	-919	1855	28	299	0	326	1626	326	79979747	
-5672	-5935	-16727	-3494	-725	1917	26	298	-2	327	1631	327	79979747	
-5754	-5751	-16860	-3500	-427	1943	27	297	-2	328	1636	328	79979748	
-5865	-5651	-16846	-3467	-140	1919	29	295	-1	329	1641	329	79979748	
-5909	-5651	-16816	-3433	159	1846	29	295	0	330	1646	330	79979748	
-5922	-5656	-16762	-3461	467	1733	28	296	2	331	1651	331	79979748	
-5895	-5733	-16667	-3600	748	1609	25	296	2	332	1656	332	79979762	
-5868	-5835	-16690	-3808	960	1499	21	297	3	333	1661	333	79979783	
-5892	-5957	-16743	-4030	1127	1386	21	298	3	334	1666	334	79979783	
-5887	-6181	-16687	-4304	1286	1238	22	304	4	335	1671	335	79979784	
-5938	-6244	-16643	-4572	1410	1056	24	300	2	336	1676	336	79979784	
-6004	-6052	-16566	-4676	1477	841	26	294	0	337	1681	337	79979784	
-6042	-5705	-16559	-4649	1527	584	24	294	0	338	1686	338	79979784	
-6011	-5381	-16531	-4584	1604	343	21	295	1	339	1691	339	79979784	
-5931	-5178	-16513	-4572	1712	178	21	295	2	340	1696	340	79979784	
-5834	-5004	-16514	-4627	1825	92	20	296	4	341	1701	341	79979784	
-5758	-4942	-16516	-4769	2005	57	21	297	3	342	1706	342	79979784	
-5617	-4996	-16436	-4992	2215	106	25	301	1	343	1711	343	79979784	
-5517	-5014	-16342	-5268	2411	164	24	301	1	344	1716	344	79979793	
-5445	-4974	-16265	-5525	2562	166	22	302	0	345	1721	345	79979819	
-5468	-4885	-16266	-5665	2653	124	22	300	0	346	1726	346	79979819	
-5601	-4695	-16260	-5735	2748	53	23	297	-1	347	1731	347	79979819	
-5719	-4575	-16266	-5751	2871	-21	25	299	-3	348	1736	348	79979819	
-5823	-4478	-16174	-5736	3023	-112	28	304	-6	349	1741	349	79979819	
-5942	-4288	-16071	-5657	3238	-259	26	302	-4	350	1746	350	79979820	
-5892	-4244	-16036	-5600	3478	-382	20	296	4	351	1751	351	79979822	
-5841	-4189	-15966	-5605	3696	-499	22	297	3	352	1756	352	79979837	
-5762	-4136	-15982	-5719	3904	-653	28	298	0	353	1761	353	79979857	
-5741	-4102	-16076	-5812	4059	-799	28	297	-1	354	1766	354	79979857	
-5642	-4059	-16147	-5801	4188	-930	27	295	-3	355	1771	355	79979857	
-5596	-3941	-16221	-5675	4295	-1051	26	295	-2	356	1776	356	79979858	
-5566	-3852	-16320	-5416	4378	-1180	23	297	1	357	1781	357	79979858	
-5445	-3828	-16378	-5113	4426	-1264	22	297	0	358	1786	358	79979858	
-5256	-3834	-16332	-4853	4481	-1348	20	298	-4	359	1791	359	79979866	
-5100	-3862	-16239	-4669	4543	-1444	20	296	-5	360	1796	360	79979894	
-4950	-3859	-16246	-4604	4573	-1541	21	291	-7	361	1801	361	79979895	
-4870	-3879	-16078	-4614	4559	-1613	21	294	-6	362	1806	362	79979895	
-4903	-3870	-15992	-4664	4516	-1678	22	300	-4	363	1811	363	79979895	
-4834	-3798	-16046	-4773	4451	-1748	22	300	-5	364	1816	364	79979895	
-4836	-3765	-15988	-4929	4391	-1792	21	299	-7	365	1821	365	79979896	
-4744	-3704	-15799	-5127	4334	-1826	22	298	-8	366	1826	366	79979898	
-4716	-3606	-15678	-5359	4247	-1863	27	293	-11	367	1831	367	79979910	
-4666	-3454	-15650	-5610	4133	-1907	27	292	-10	368	1836	368	79979932	
-4655	-3312	-15665	-5841	3959	-1928	28	290	-4	369	1841	369	79979932	
-4633	-3083	-15771	-5963	3796	-1890	27	291	-5	370	1846	370	79979932	
-4562	-2812	-15821	-5876	3684	-1834	25	293	-9	371	1851	371	79979933	
-4429	-2508	-15890	-5526	3615	-1806	25	293	-9	372	1856	372	79979933	
-4311	-2159	-15801	-4937	3527	-1812	24	294	-8	373	1861	373	79979933	
-4157	-1760	-15747	-4301	3390	-1789	23	294	-7	374	1866	374	79979940	
-4060	-1498	-15555	-3872	3283	-1703	18	294	-2	375	1871	375	79979970	
-4065	-1267	-15462	-3806	3255	-1606	20	294	-4	376	1876	376	79979970	
-4214	-1226	-15363	-4050	3351	-1494	27	293	-13	377	1881	377	79979971	
-4324	-1234	-15237	-4468	3525	-1394	26	293	-12	378	1886	378	79979971	
-4366	-1372	-15126	-4917	3728	-1327	23	291	-9	379	1891	379	79979971	
-4479	-1598	-15077	-5343	3933	-1318	23	291	-10	380	1896	380	79979971	
-4503	-1687	-14939	-5722	4082	-1398	22	292	-12	381	1901	381	79979974	
-4557	-1761	-14941	-6042	4143	-1546	22	292	-11	382	1906	382	79979990	
-4560	-1799	-14924	-6283	4123	-1715	24	292	-8	383	1911	383	79980008	
-4547	-1706	-14898	-6425	4040	-1888	24	293	-9	384	1916	384	79980008	
-4642	-1534	-15000	-6462	3958	-2045	21	297	-15	385	1921	385	79980008	
-4562	-1331	-15014	-6298	3790	-2182	22	296	-15	386	1926	386	79980008	
-4579	-1108	-15068	-6056	3668	-2209	25	293	-13	387	1931	387	79980008	
-4513	-938	-15027	-5800	3562	-2175	25	293	-13	388	1936	388	79980009	
-4433	-780	-15074	-5582	3458	-2072	23	291	-15	389	1941	389	79980013	
-4333	-644	-15191	-5402	3406	-1935	23	292	-15	390	1946	390	79980032	
-4248	-569	-15402	-5210	3399	-1787	22	294	-14	391	1951	391	79980046	
-4158	-512	-15524	-4987	3396	-1671	22	294	-14	392	1956	392	79980046	
-4042	-482	-15534	-4704	3397	-1552	23	291	-11	393	1961	393	79980046	
-3970	-432	-15596	-4386	3370	-1452	23	291	-11	394	1966	394	79980046	
-3790	-376	-15647	-3994	3292	-1400	26	294	-16	395	1971	395	79980046	
-3599	-297	-15586	-3687	3145	-1398	25	293	-15	396	1976	396	79980046	
-3506	-324	-15536	-3463	2934	-1407	23	287	-11	397	1981	397	79980052	
-3512	-317	-15306	-3361	2672	-1455	24	288	-13	398	1986	398	79980076	
-3572	-294	-15154	-3373	2415	-1524	28	292	-20	399	1991	399	79980083	
-3600	-232	-15050	-3474	2082	-1608	28	292	-20	400	1996	400	79980083	
-3642	-158	-14868	-3677	1792	-1641	21	289	-17	401	2001	401	79980083	
-3772	-192	-14738	-3933	1572	-1663	21	289	-17	402	2006	402	79980083	
-3876	-150	-14730	-4236	1457	-1633	20	294	-16	403	2011	403	79980083	
-3918	-68	-14796	-4442	1400	-1580	20	294	-16	404	2016	404	79980086	
-4005	-7	-14870	-4576	1398	-1469	19	293	-17	405	2021	405	79980101	
-3922	92	-14938	-4655	1445	-1340	19	293	-17	406	2026	406	79980122	
-3852	160	-15036	-4674	1496	-1222	20	290	-16	407	2031	407	79980122	
-3684	304	-15166	-4615	1512	-1074	20	290	-16	408	2036	408	79980122	
-3598	370	-15260	-4475	1470	-909	21	293	-13	409	2041	409	79980123	
-3454	514	-15124	-4275	1368	-741	21	293	-13	410	2046	410	79980123	
-3268	659	-15238	-3947	1156	-565	26	290	-18	411	2051	411	79980124	
-3236	842	-15244	-3634	925	-439	25	290	-18	412	2056	412	79980128	
-3216	958	-15228	-3324	720	-341	22	292	-16	413	2061	413	79980145	
-3248	1018	-15180	-3056	544	-277	22	292	-16	414	2066	414	79980159	
-3286	1016	-15208	-2763	381	-225	19	291	-17	415	2071	415	79980159	
-3320	1106	-15196	-2516	226	-151	19	291	-17	416	2076	416	79980159	
-3382	1004	-15266	-2304	111	-94	25	285	-19	417	2081	417	79980159	
-3414	968	-15214	-2127	25	-39	25	285	-19	418	2086	418	79980159	
-3508	836	-15422	-1977	-49	3	22	292	-12	419	2091	419	79980160	
-3583	751	-15486	-1844	-87	4	22	292	-13	420	2096	420	79980166	
-3648	686	-15464	-1742	-96	-8	19	291	-19	421	2101	421	79980196	
-3652	476	-15652	-1616	-130	-28	19	291	-19	422	2106	422	79980197	
-3682	366	-15594	-1466	-149	-51	24	286	-14	423	2111	423	79980197	
-3650	268	-15738	-1251	-176	-75	24	286	-14	424	2116	424	79980197	
-3564	254	-15962	-939	-167	-66	20	296	-16	425	2121	425	79980197	
-3388	124	-15984	-556	-161	-53	20	296	-16	426	2126	426	79980197	
-3310	36	-16268	-228	-147	-9	24	290	-16	427	2131	427	79980197	
-3230	8	-16232	13	-141	83	24	290	-16	428	2136	428	79980211	
-3202	-256	-16224	163	-196	177	23	293	-15	429	2141	429	79980234	
-3218	-384	-16356	249	-269	261	23	293	-15	430	2146	430	79980235	
-3168	-456	-16428	293	-366	304	21	289	-13	431	2151	431	79980235	
-3290	-606	-16356	321	-433	338	21	289	-13	432	2156	432	79980241	
-3288	-666	-16320	307	-487	364	22	290	-14	433	2161	433	79980241	
-3386	-694	-16478	234	-515	366	22	290	-14	434	2166	434	79980242	
-3373	-766	-16496	136	-528	349	23	291	-12	435	2171	435	79980242	
-3478	-790	-16570	-35	-494	329	23	291	-11	436	2176	436	79980272	
-3504	-890	-16590	-200	-425	275	17	287	-19	437	2181	437	79980272	
